Campaign Name,Media Property,Placement Name,Ad Server Placement Code,Date,GroupM Active Impressions,GroupM Fraud/SIVT Impressions,GroupM Non-Fraud/SIVT Impressions,GroupM Ineligible Impressions,GroupM Eligible Impressions,GroupM Unmeasured Impressions,GroupM Measured Impressions,GroupM Passed Impressions,GroupM Failed Impressions,GroupM Unevaluated Impressions,GroupM Projected Impressions,GroupM Billable Impressions
TJN_MAR_023_Marshalls 2H Digital_F18,xAd Inc.,PJQ0YG_TJN_MAR_023_Mobile_GROUND TRUTH FKA XAD_DST_SV1_MAP_DIR_DSP_TRG_RON_BTG_DMA_DVY_BEHAVIORAL - FASHION SHOPPER - DYNAMIC DISTANCE_Run of Network_Behavioral_F25-54_320 x 50_Click and View_NV_NA,204557581,9/27/2017,49917,982,48935,43200,5735,693,5042,4516,526,43893,34847,39363
TJN_TJX_TJMaxx 2H DIG_FY18,Conversant Inc.,PJPWPB_TJN_TJX_028_Audience_CONVERSANT_DST_SV1_DSK_NET_DSP_TRG_RON_BTG_BTG_DVY_PHASE 1_ DESKTOP RECTANGLE - CONVERSANT SHOPPERS AV_Run of Site_Behavioral_P18+_300 x 600_Standard_NV_NA,204447254,9/26/2017,156,10,146,0,146,55,91,28,63,55,17,45
TJN_TJX_TJMaxx 2H DIG_FY18,Foursquare,"PJPRVH_TJN_TJX_028_Audience_FOURSQUARE LABS, INC_DST_SV1_MAP_PRO_DSP_TRG_RON_PXT_BTG_DVY_PHASE 1_PINPOINT COMPETITIVE CONQUESTING AV_Run of Network_Geo_F25-54_320 x 50_Standard_NV_NA",204478088,10/7/2017,4252,63,4189,1913,2276,101,2175,1786,389,2014,1654,3440
TJN_TJX_TJMaxx 2H DIG_FY18,Foursquare,"PJPRQH_TJN_TJX_028_Audience_FOURSQUARE LABS, INC_DST_SV1_MAP_PRO_DSP_TRG_RON_PXT_BTG_DVY_PHASE 1_PINPOINT STRATEGIC SAVERS AV_Run of Network_Geo_F25-54_300 x 250_Standard_NV_NA",204481807,9/29/2017,177,3,174,47,127,6,121,62,59,53,27,89
TJN_TJX_TJMaxx 2H DIG_FY18,Viant,PJPXKR_TJN_TJX_028_Data_VIANT INC_DSI_SV1_DSK_DIR_DSP_TRG_RON_BTG_CTG_DVY_PHASE 1_DESKTOP DISPLAY VIANT IMP TARGETING - STRATEGIC SAVERS AV_Fixed Placement_Demo_F25-54_300 x 250_Standard_NV_NA,204475841,10/8/2017,731,155,576,1,575,44,531,261,270,45,22,283
TJN_TJX_TJMaxx 2H DIG_FY18,Viant,"PK2V4Z_TJN_TJX_028_Data_VIANT INC_DSI_SV1_MWB_DIR_RCH_TRG_INT_BTG_CTG_DVY_PHASE 1_VIANT IMP, W25-54 STRATEGIC SAVERS, CONTOBOX - Fall Homes_Fixed Placement_Behavioral_F25-54_300 x 250_Click and View_NV_NA",205726911,10/14/2017,19,3,16,4,12,0,12,3,9,4,1,4
TJN_MAR_023_Marshalls 2H Digital_F18,NinthDecimal,PJPSRS_TJN_MAR_023_Mobile_NINTHDECIMAL_DST_SV1_MAP_DIR_RCH_TRG_RON_PXT_DMA_DVY_GEOFENCE: 5-10-MILE RADIUS AROUND SUBURBAN STORES_Run of Network_Geo_F25-54_320 x 50_Click and View_NV_NA,204541748,10/13/2017,42234,944,41290,15431,25859,124,25735,25085,650,15555,15162,40247
TJN_TJX_TJMaxx 2H DIG_FY18,Foursquare,"PJPST0_TJN_TJX_028_Audience_FOURSQUARE LABS, INC_DST_SV1_MAP_PRO_RCH_TRG_RON_PXT_BTG_DVY_PHASE 1_MOBILE RICH MEDIA COMPETITIVE CONQUESTING - Find A TJ Maxx Store_Run of Network_Geo_F25-54_320 x 50_Standard_NV_NA",204525348,9/23/2017,63244,1482,61762,50258,11504,1363,10141,7979,2162,51621,40616,48595
TJN_MAR_023_Marshalls 2H Digital_F18,NinthDecimal,PJPSRS_TJN_MAR_023_Mobile_NINTHDECIMAL_DST_SV1_MAP_DIR_RCH_TRG_RON_PXT_DMA_DVY_GEOFENCE: 5-10-MILE RADIUS AROUND SUBURBAN STORES_Run of Network_Geo_F25-54_320 x 50_Click and View_NV_NA,204541748,9/13/2017,32266,789,31477,10643,20834,99,20735,20291,444,10742,10512,30803
TJN_TJX_TJMaxx 2H DIG_FY18,Hulu,PK3CXL_TJN_TJX_027_Content_HULU_BAF_BS2_TAP_DIR_CUS_SPN_CHS_CTG_CTG_DVY_FALL TV SPONSORSHIP: PREMIUM SLATE - TABLET IN APP_FEP_Contextual_F25-54_1920 x 1080_Standard_NV_NA,205726818,9/25/2017,1,0,1,1,0,0,0,0,0,1,1,1
TJN_TJX_TJMaxx 2H DIG_FY18,Hulu,PK3DG3_TJN_TJX_027_Content_HULU_BAF_BS2_PKG_DIR_VID_SPN_CHS_CTG_CTG_DVY_FALL TV SPONSORSHIP:MASTHEAD BRAND - DESKTOP_FEP_Contextual_F25-54_1 x 1_Standard_NV_NA,205685902,10/11/2017,18050,512,17538,17538,0,0,0,0,0,17538,11444,11444
TJN_TJX_TJMaxx 2H DIG_FY18,Foursquare,"PJPST0_TJN_TJX_028_Audience_FOURSQUARE LABS, INC_DST_SV1_MAP_PRO_RCH_TRG_RON_PXT_BTG_DVY_PHASE 1_MOBILE RICH MEDIA COMPETITIVE CONQUESTING - Find A TJ Maxx Store_Run of Network_Geo_F25-54_320 x 50_Standard_NV_NA",204525348,10/2/2017,94375,2285,92090,80619,11471,1397,10074,7662,2412,82016,62379,70041
TJN_MAR_023_Marshalls 2H Digital_F18,xAd Inc.,PJQ0YK_TJN_MAR_023_Mobile_GROUND TRUTH FKA XAD_DST_SV1_MAP_DIR_DSP_TRG_RON_BTG_PXT_DVY_MARSHALLS SHOPPERS - DYNAMIC DISTANCE_Run of Network_Geo_F25-54_300 x 250_Click and View_NV_NA,204543440,9/27/2017,1968,59,1909,1909,0,0,0,0,0,1909,1909,1909
TJN_TJX_TJMaxx 2H DIG_FY18,Viant,"PJNSH6_TJN_TJX_028_Data_VIANT INC_DSI_SV1_TWB_DIR_DSP_TRG_RON_BTG_CTG_DVY_PHASE 1_VIANT DIRECT MATCH RETAIL, COMPETITIVE CONQUESTING, DISPLAY_Fixed Placement_Behavioral_F25-54_160 x 600_Standard_NV_NA",204483604,9/20/2017,39,0,39,0,39,1,38,16,22,1,0,16
TJN_TJX_TJMaxx 2H DIG_FY18,Viant,"PJNSGS_TJN_TJX_028_Data_VIANT INC_DSI_SV1_MWB_DIR_DSP_TRG_RON_BTG_CTG_DVY_PHASE 1_VIANT DIRECT MATCH RETAIL, TJX PORFOLIO LOYALISTS, DISPLAY_Fixed Placement_Behavioral_F25-54_320 x 50_Standard_NV_NA",204524922,10/15/2017,11920,150,11770,10,11760,659,11101,8528,2573,669,514,9042
TJN_TJX_TJMaxx 2H DIG_FY18,NBC Universal Media,PK2KJZ_TJN_TJX_028_Content_NBCUNI.COM_BAF_BS2_MAP_DIR_VID_SPN_ROS_BTG_CTG_MOA_THIS IS US SPONSORSHIP: MOBILE - VIGNETTE 3_Run of Site_Behavioral_F25-54_1920 x 1080_Click and View_NV_NA,205568891,10/11/2017,31178,265,30913,30913,0,0,0,0,0,30913,20171,20171
TJN_MAR_023_Marshalls 2H Digital_F18,xAd Inc.,PJQ0YJ_TJN_MAR_023_Mobile_GROUND TRUTH FKA XAD_DST_SV1_MAP_DIR_DSP_TRG_RON_BTG_PXT_DVY_MARSHALLS SHOPPERS - DYNAMIC DISTANCE_Run of Network_Geo_F25-54_320 x 50_Click and View_NV_NA,204595911,10/19/2017,5690,55,5635,3522,2113,36,2077,1657,420,3558,2846,4503
TJN_TJX_TJMaxx 2H DIG_FY18,xAd Inc.,PJMTNQ_TJN_TJX_028_Mobile_GROUND TRUTH FKA XAD_DST_SV1_MAP_DIR_RCH_TRG_RON_BTG_BTG_DVY_PHASE 1_BEHAVIORAL AUDIENCE STRATEGIC SAVERS PLACEMENT - RICH MEDIA STORE LOCATOR - TJ Maxx_Run of Network_Behavioral_F25-54_320 x 50_Click and View_NV_NA,204447845,10/16/2017,3493,59,3434,1641,1793,70,1723,1459,264,1711,1449,2908
TJN_MAR_023_Marshalls 2H Digital_F18,NinthDecimal,PJPSRR_TJN_MAR_023_Mobile_NINTHDECIMAL_DST_SV1_MAP_DIR_RCH_TRG_RON_PXT_DMA_DVY_GEOFENCE: 2-MILE RADIUS AROUND URBAN STORES_Run of Network_Geo_F25-54_320 x 50_Click and View_NV_NA,204541523,10/1/2017,8088,249,7839,2899,4940,23,4917,4797,120,2922,2851,7648
TJN_TJX_TJMaxx 2H DIG_FY18,xAd Inc.,PJMTMZ_TJN_TJX_028_Mobile_GROUND TRUTH FKA XAD_DST_SV1_MAP_DIR_DSP_TRG_RON_RTG_RTG_DVY_PHASE 1_LOCATION AUDIENCE TJX SHOPPERS PLACEMENT - STANDARD BANNER - Maxx You Maxx Life_Run of Network_Retarget_F25-54_320 x 50_Click and View_NV_NA,204484011,9/24/2017,27555,260,27295,15648,11647,1062,10585,9568,1017,16710,14923,24491
TJN_MAR_023_Marshalls 2H Digital_F18,xAd Inc.,PJQ0YS_TJN_MAR_023_Mobile_GROUND TRUTH FKA XAD_DST_SV1_MAP_DIR_DSP_TRG_RON_DMA_BTG_DVY_AV DMA TARGETING_Run of Network_Geo_F25-54_300 x 250_Click and View_NV_NA,204558337,10/8/2017,55408,686,54722,9756,44966,631,44335,34694,9641,10387,8128,42822
TJN_TJX_TJMaxx 2H DIG_FY18,xAd Inc.,PJYDBM_TJN_TJX_028_Mobile_GROUND TRUTH FKA XAD_DST_SV1_MAP_DIR_RCH_TRG_RON_PXT_PXT_DVY_PHASE 1_PROXIMITY LOYALTY PLACEMENT - RICH MEDIA STORE LOCATOR - Fall Hero_Run of Network_Geo_F25-54_300 x 250_Click and View_NV_NA,205209355,9/25/2017,9986,129,9857,243,9614,107,9507,9054,453,350,333,9387
TJN_MAR_023_Marshalls 2H Digital_F18,NinthDecimal,"PJPSS1_TJN_MAR_023_Mobile_NINTHDECIMAL_DST_SV1_MAP_DIR_RCH_TRG_RON_BTG_DMA_DVY_TV TARGETING: PEOPLE WHO WATCH BRAVO, TLC, HGTV, A&E, LIFETIME, DISCOVERY_Run of Network_Behavioral_F25-54_320 x 50_Click and View_NV_NA",204541508,10/16/2017,30058,415,29643,7529,22114,154,21960,21138,822,7683,7395,28533
TJN_TJX_TJMaxx 2H DIG_FY18,Foursquare,"PJPSSW_TJN_TJX_028_Audience_FOURSQUARE LABS, INC_DST_SV1_MAP_PRO_RCH_TRG_RON_PXT_BTG_DVY_PHASE 1_MOBILE RICH MEDIA STRATEGIC SAVERS - Find A TJ Maxx Store_Run of Network_Geo_F25-54_320 x 50_Standard_NV_NA",204525357,10/14/2017,30352,322,30030,5710,24320,1707,22613,11969,10644,7417,3926,15895
TJN_MAR_023_Marshalls 2H Digital_F18,xAd Inc.,PJQ0Y9_TJN_MAR_023_Mobile_GROUND TRUTH FKA XAD_DST_SV1_MAP_DIR_RCH_TRG_RON_WEA_PXT_DVY_PROXIMITY LOYALTY - WEATHER LOCATOR UNIT_Run of Network_Weather_F25-54_300 x 250_Click and View_NV_NA,204541757,10/3/2017,2,0,2,1,1,1,0,0,0,2,1,1
TJN_TJX_TJMaxx 2H DIG_FY18,Foursquare,"PK0H80_TJN_TJX_028_Audience_FOURSQUARE LABS, INC_DST_SV1_MAP_PRO_RCH_TRG_RON_PXT_BTG_DVY_PHASE 1_MOBILE RICH MEDIA STRATEGIC SAVERS - Find A Store_Run of Network_Geo_F25-54_320 x 50_Standard_NV_NA",205394974,10/1/2017,51868,2796,49072,24852,24220,2544,21676,15661,6015,27396,19794,35455
TJN_MAR_023_Marshalls 2H Digital_F18,xAd Inc.,PJQ0YQ_TJN_MAR_023_Mobile_GROUND TRUTH FKA XAD_DST_SV1_MAP_DIR_DSP_TRG_RON_PXT_BTG_DVY_GEOBLOCKS CONQUESTING - DYNAMIC DISTANCE_Run of Network_Geo_F25-54_320 x 50_Click and View_NV_NA,204595632,9/22/2017,16546,285,16261,9347,6914,5806,1108,806,302,15153,10995,11801
TJN_TJX_TJMaxx 2H DIG_FY18,Conversant Inc.,PJPTMQ_TJN_TJC_031_Audience_CONVERSANT_PUR_ROI_DSK_NET_DSP_TRG_RON_BTG_BTG_DVY_DESKTOP MEDIUM RECTANGLE- COMPETITIVE CONQUESTING_Run of Site_Other_P18+_300 x 250_Standard_NV_NA,204447218,10/10/2017,32513,1751,30762,3,30759,5217,25542,13733,11809,5220,2807,16540
TJN_TJX_TJMaxx 2H DIG_FY18,Foursquare,"PKFMJ7_TJN_TJX_028_Audience_FOURSQUARE LABS, INC_DST_SV1_MAP_PRO_RCH_TRG_RON_PXT_BTG_DVY_PHASE 1_MOBILE RICH MEDIA COMPETITIVE CONQUESTING - Find A Store V1_Run of Network_Geo_F25-54_320 x 50_Standard_NV_NA",206812597,10/19/2017,3320,53,3267,2497,770,120,650,605,45,2617,2436,3041
TJN_TJX_TJMaxx 2H DIG_FY18,xAd Inc.,PJMTN0_TJN_TJX_028_Mobile_GROUND TRUTH FKA XAD_DST_SV1_MAP_DIR_DSP_TRG_RON_RTG_RTG_DVY_PHASE 1_LOCATION AUDIENCE TJX SHOPPERS PLACEMENT - STANDARD BANNER - Fall Handbag_Run of Network_Retarget_F25-54_300 x 250_Click and View_NV_NA,204447842,9/24/2017,11762,235,11527,11514,13,1,12,12,0,11515,11515,11527
TJN_TJX_TJMaxx 2H DIG_FY18,Viant,"PJNSH8_TJN_TJX_028_Data_VIANT INC_DSI_SV1_TWB_DIR_DSP_TRG_RON_BTG_CTG_DVY_PHASE 1_VIANT DIRECT MATCH RETAIL, COMPETITIVE CONQUESTING, DISPLAY_Fixed Placement_Behavioral_F25-54_728 x 90_Standard_NV_NA",204483019,9/24/2017,5,0,5,0,5,0,5,5,0,0,0,5
TJN_TJX_TJMaxx 2H DIG_FY18,Viant,"PJSPBS_TJN_TJC_031_Data_VIANT INC_PUR_ROI_DSK_DIR_DSP_TRG_RON_BTG_MKT_DVY_DETERMINSTIC LAL OF ECOM CONVERTERS, CROSS DEVICE DISPLAY_Fixed Placement_Behavioral_F25-54_728 x 90_Click_NV_NA",204733518,10/14/2017,15432,815,14617,1,14616,740,13876,11192,2684,741,598,11790
TJN_TJX_TJMaxx 2H DIG_FY18,NBC Universal Media,PK3H78_TJN_TJX_028_Content_NBCUNI.COM_BAF_BS2_DSK_DIR_DSP_SPN_HPT_CTG_CTG_DCM_100% SOV NBC HOMEPAGE ROADBLOCK 9/26 - 728X90 MOBILE_HP Takeover_Contextual_F25-54_728 x 90_Standard_NV_NA,205634573,9/27/2017,7114,242,6872,0,6872,360,6512,5290,1222,360,292,5582
TJN_MAR_023_Marshalls 2H Digital_F18,NinthDecimal,PJPSRR_TJN_MAR_023_Mobile_NINTHDECIMAL_DST_SV1_MAP_DIR_RCH_TRG_RON_PXT_DMA_DVY_GEOFENCE: 2-MILE RADIUS AROUND URBAN STORES_Run of Network_Geo_F25-54_320 x 50_Click and View_NV_NA,204541523,9/23/2017,280377,7798,272579,119855,152724,767,151957,147385,4572,120622,116993,264378
TJN_TJX_TJMaxx 2H DIG_FY18,Foursquare,"PJMQ2D_TJN_TJX_028_Audience_FOURSQUARE LABS, INC_DST_SV1_MAP_PRO_DSP_TRG_RON_PXT_BTG_DVY_PHASE 1_PINPOINT STRATEGIC SAVERS_Run of Network_Geo_F25-54_300 x 250_Standard_NV_NA",204483457,9/7/2017,6812,1556,5256,2494,2762,2137,625,337,288,4631,2497,2834
TJN_MAR_023_Marshalls 2H Digital_F18,xAd Inc.,PJQ0YM_TJN_MAR_023_Mobile_GROUND TRUTH FKA XAD_DST_SV1_MAP_DIR_DSP_TRG_RON_BTG_PXT_DVY_COMPETITOR SHOPPERS - DYNAMIC DISTANCE_Run of Network_Geo_F25-54_300 x 250_Click and View_NV_NA,204555259,9/29/2017,1935,164,1771,1771,0,0,0,0,0,1771,1623,1623
TJN_MAR_023_Marshalls 2H Digital_F18,xAd Inc.,PJQ0YC_TJN_MAR_023_Mobile_GROUND TRUTH FKA XAD_DST_SV1_MAP_DIR_DSP_TRG_RON_PXT_BTG_DVY_PROXIMITY CONQUESTING - DYNAMIC DISTANCE_Run of Network_Geo_F25-54_300 x 250_Click and View_NV_NA,204595923,10/9/2017,12388,714,11674,11674,0,0,0,0,0,11674,2060,2060
TJN_TJX_TJMaxx 2H DIG_FY18,Foursquare,"PK0H80_TJN_TJX_028_Audience_FOURSQUARE LABS, INC_DST_SV1_MAP_PRO_RCH_TRG_RON_PXT_BTG_DVY_PHASE 1_MOBILE RICH MEDIA STRATEGIC SAVERS - Find A Store_Run of Network_Geo_F25-54_320 x 50_Standard_NV_NA",205394974,10/2/2017,60368,2672,57696,28821,28875,4043,24832,16202,8630,32864,21443,37645
TJN_MAR_023_Marshalls 2H Digital_F18,NinthDecimal,PJPSRR_TJN_MAR_023_Mobile_NINTHDECIMAL_DST_SV1_MAP_DIR_RCH_TRG_RON_PXT_DMA_DVY_GEOFENCE: 2-MILE RADIUS AROUND URBAN STORES_Run of Network_Geo_F25-54_320 x 50_Click and View_NV_NA,204541523,10/2/2017,8682,402,8280,3651,4629,23,4606,4507,99,3674,3595,8102
TJN_TJX_TJMaxx 2H DIG_FY18,Foursquare,"PJYHWD_TJN_TJX_028_Audience_FOURSQUARE LABS, INC_DST_SV1_MAP_PRO_DSP_TRG_RON_PXT_BTG_DVY_PHASE 1_PINPOINT COMPETITIVE CONQUESTING_Run of Network_Geo_F25-54_300 x 250_Standard_NV_NA",205235284,10/19/2017,7588,78,7510,6925,585,214,371,164,207,7139,3156,3320
TJN_MAR_023_Marshalls 2H Digital_F18,NinthDecimal,PJPSRS_TJN_MAR_023_Mobile_NINTHDECIMAL_DST_SV1_MAP_DIR_RCH_TRG_RON_PXT_DMA_DVY_GEOFENCE: 5-10-MILE RADIUS AROUND SUBURBAN STORES_Run of Network_Geo_F25-54_320 x 50_Click and View_NV_NA,204541748,9/19/2017,64613,1659,62954,33384,29570,256,29314,28472,842,33640,32674,61146
TJN_TJX_TJMaxx 2H DIG_FY18,Foursquare,"PK0H80_TJN_TJX_028_Audience_FOURSQUARE LABS, INC_DST_SV1_MAP_PRO_RCH_TRG_RON_PXT_BTG_DVY_PHASE 1_MOBILE RICH MEDIA STRATEGIC SAVERS - Find A Store_Run of Network_Geo_F25-54_320 x 50_Standard_NV_NA",205394974,9/23/2017,63805,3058,60747,33376,27371,3322,24049,16396,7653,36698,25020,41416
TJN_TJX_TJMaxx 2H DIG_FY18,Foursquare,"PJPST0_TJN_TJX_028_Audience_FOURSQUARE LABS, INC_DST_SV1_MAP_PRO_RCH_TRG_RON_PXT_BTG_DVY_PHASE 1_MOBILE RICH MEDIA COMPETITIVE CONQUESTING - Find A TJ Maxx Store_Run of Network_Geo_F25-54_320 x 50_Standard_NV_NA",204525348,10/1/2017,76410,2288,74122,61020,13102,1078,12024,9485,2539,62098,48985,58470
TJN_TJX_TJMaxx 2H DIG_FY18,Conversant Inc.,PJNPMH_TJN_TJC_031_Audience_CONVERSANT_PUR_ROI_MAP_NET_DSP_TRG_RON_BTG_BTG_DVY_SMARTPHONE SMALL BANNER - STRATEGIC SAVERS_Run of Site_Other_P18+_320 x 50_Standard_NV_NA,204442066,10/14/2017,47221,517,46704,6,46698,3765,42933,34975,7958,3771,3072,38047
TJN_TJX_TJMaxx 2H DIG_FY18,Hulu,PK3DG3_TJN_TJX_027_Content_HULU_BAF_BS2_PKG_DIR_VID_SPN_CHS_CTG_CTG_DVY_FALL TV SPONSORSHIP:MASTHEAD BRAND - DESKTOP_FEP_Contextual_F25-54_1 x 1_Standard_NV_NA,205685902,10/6/2017,4,0,4,4,0,0,0,0,0,4,3,3
TJN_TJX_TJMaxx 2H DIG_FY18,Conversant Inc.,PJPWPC_TJN_TJX_028_Audience_CONVERSANT_DST_SV1_DSK_NET_DSP_TRG_RON_BTG_BTG_DVY_PHASE 1_ DESKTOP WIDE SKYSCRAPER - CONVERSANT SHOPPERS AV_Run of Site_Behavioral_P18+_160 x 600_Standard_NV_NA,204443404,9/11/2017,6,6,0,0,0,0,0,0,0,0,0,0
TJN_TJX_TJMaxx 2H DIG_FY18,xAd Inc.,PJPXK2_TJN_TJX_028_Mobile_GROUND TRUTH FKA XAD_DST_SV1_MAP_DIR_DSP_TRG_RON_PXT_PXT_DVY_PHASE 1_PROXIMITY LOYALTY PLACEMENT - STANDARD BANNER - Fall Hero_Run of Network_Geo_F25-54_300 x 250_Click and View_NV_NA,204442945,9/26/2017,12319,261,12058,11972,86,19,67,10,57,11991,1790,1800
TJN_TJX_TJMaxx 2H DIG_FY18,xAd Inc.,PJMTMZ_TJN_TJX_028_Mobile_GROUND TRUTH FKA XAD_DST_SV1_MAP_DIR_DSP_TRG_RON_RTG_RTG_DVY_PHASE 1_LOCATION AUDIENCE TJX SHOPPERS PLACEMENT - STANDARD BANNER - Maxx You Maxx Life_Run of Network_Retarget_F25-54_320 x 50_Click and View_NV_NA,204484011,9/22/2017,33933,504,33429,10485,22944,8055,14889,13520,1369,18540,16541,30061
TJN_TJX_TJMaxx 2H DIG_FY18,Viant,"PJSPBZ_TJN_TJC_031_Data_VIANT INC_PUR_ROI_TWB_DIR_DSP_TRG_RON_BTG_MKT_DVY_DETERMINSTIC LAL OF ECOM CONVERTERS, CROSS DEVICE DISPLAY_Fixed Placement_Behavioral_F25-54_160 x 600_Click_NV_NA",204716194,9/30/2017,60,0,60,0,60,10,50,15,35,10,3,18
TJN_MAR_023_Marshalls 2H Digital_F18,xAd Inc.,PJQ0YQ_TJN_MAR_023_Mobile_GROUND TRUTH FKA XAD_DST_SV1_MAP_DIR_DSP_TRG_RON_PXT_BTG_DVY_GEOBLOCKS CONQUESTING - DYNAMIC DISTANCE_Run of Network_Geo_F25-54_320 x 50_Click and View_NV_NA,204595632,9/24/2017,19613,463,19150,12377,6773,4153,2620,2348,272,16530,14491,16839
TJN_TJX_TJMaxx 2H DIG_FY18,Viant,"PKGJ6C_TJN_TJC_031_Data_VIANT INC_PUR_ROI_TWB_DIR_CUS_TRG_NAT_BTG_MKT_DVY_W25-54 + KEYWORD TARGETING, CROSS DEVICE NATIVE - Booties_Fixed Placement_Contextual_F25-54_0 x 0_Click_NV_NA",206833314,10/19/2017,8779,103,8676,8676,0,0,0,0,0,8676,6806,6806
TJN_MAR_023_Marshalls 2H Digital_F18,xAd Inc.,PJQ0YP_TJN_MAR_023_Mobile_GROUND TRUTH FKA XAD_DST_SV1_MAP_DIR_DSP_TRG_RON_PXT_BTG_DVY_GEOBLOCKS LOYALTY - DYNAMIC DISTANCE_Run of Network_Geo_F25-54_300 x 250_Click and View_NV_NA,204537983,9/16/2017,5642,344,5298,5276,22,1,21,6,15,5277,1508,1514
TJN_TJX_TJMaxx 2H DIG_FY18,PlaceIQ,PKF2L3_TJN_TJX_028_Mobile_PLACEIQ INC_DST_SV1_MAP_DIR_RCH_TRG_RON_BTG_PTG_DVY_PHASE 1_RICH MEDIA_STRATEGIC SAVERS_INFORMER CONSUMER SHOPPERS+TOP TIER APPAREL SHOPPER - Rich Media Version 2_Run of Network_Behavioral_F25-54_320 x 50_Click and View_NV_NA,206833476,10/21/2017,25393,1249,24144,8357,15787,754,15033,14921,112,9111,9043,23964
TJN_TJX_TJMaxx 2H DIG_FY18,Foursquare,"PJPRVH_TJN_TJX_028_Audience_FOURSQUARE LABS, INC_DST_SV1_MAP_PRO_DSP_TRG_RON_PXT_BTG_DVY_PHASE 1_PINPOINT COMPETITIVE CONQUESTING AV_Run of Network_Geo_F25-54_320 x 50_Standard_NV_NA",204478088,9/8/2017,3989,200,3789,2536,1253,55,1198,731,467,2591,1581,2312
TJN_TJX_TJMaxx 2H DIG_FY18,Viant,"PJNSHF_TJN_TJX_028_Data_VIANT INC_DSI_SV1_MWB_DIR_DSP_TRG_RON_BTG_CTG_DVY_PHASE 1_VIANT DIRECT MATCH RETAIL, COMPETITIVE CONQUESTING, DISPLAY_Fixed Placement_Behavioral_F25-54_300 x 250_Standard_NV_NA",204483016,9/17/2017,43,0,43,0,43,2,41,4,37,2,0,4
TJN_TJX_TJMaxx 2H DIG_FY18,Viant,"PJNSH8_TJN_TJX_028_Data_VIANT INC_DSI_SV1_TWB_DIR_DSP_TRG_RON_BTG_CTG_DVY_PHASE 1_VIANT DIRECT MATCH RETAIL, COMPETITIVE CONQUESTING, DISPLAY_Fixed Placement_Behavioral_F25-54_728 x 90_Standard_NV_NA",204483019,9/22/2017,10,0,10,0,10,0,10,9,1,0,0,9
TJN_TJX_TJMaxx 2H DIG_FY18,xAd Inc.,PJMTN0_TJN_TJX_028_Mobile_GROUND TRUTH FKA XAD_DST_SV1_MAP_DIR_DSP_TRG_RON_RTG_RTG_DVY_PHASE 1_LOCATION AUDIENCE TJX SHOPPERS PLACEMENT - STANDARD BANNER - Fall Handbag_Run of Network_Retarget_F25-54_300 x 250_Click and View_NV_NA,204447842,9/22/2017,12640,326,12314,12312,2,0,2,1,1,12312,6156,6157
TJN_MAR_023_Marshalls 2H Digital_F18,Bustle,PK5G41_TJN_MAR_023_Content_BUSTLE_Custom Content Roadblock Standard Feature 1 - Panoramic_Roadblock_Contextual_F25-54_1 x 1_Click and View_NV_NA,206335290,10/10/2017,114,23,91,0,91,8,83,69,14,8,7,76
TJN_MAR_023_Marshalls 2H Digital_F18,xAd Inc.,PJQ0Y7_TJN_MAR_023_Mobile_GROUND TRUTH FKA XAD_DST_SV1_MAP_DIR_DSP_TRG_RON_PXT_BTG_DVY_PROXIMITY LOYALTY - DYNAMIC DISTANCE_Run of Network_Geo_F25-54_300 x 250_Click and View_NV_NA,204541754,9/17/2017,38031,4100,33931,33918,13,3,10,0,10,33921,0,0
TJN_TJX_TJMaxx 2H DIG_FY18,xAd Inc.,PKF44W_TJN_TJX_028_Mobile_GROUND TRUTH FKA XAD_DST_SV1_MAP_DIR_RCH_TRG_RON_BTG_BTG_DVY_PHASE 1_BEHAVIORAL AUDIENCE STRATEGIC SAVERS PLACEMENT - RICH MEDIA STORE LOCATOR - Find A Store V2_Run of Network_Behavioral_F25-54_320 x 50_Click and View_NV_NA,206833611,10/17/2017,7464,74,7390,2833,4557,118,4439,3672,767,2951,2441,6113
TJN_MAR_023_Marshalls 2H Digital_F18,NinthDecimal,PJPSRX_TJN_MAR_023_Mobile_NINTHDECIMAL_DST_SV1_MAP_DIR_RCH_TRG_RON_BTG_PXT_DVY_LOCATION GRAPH: COMPETITIVE CONQUESTING_Run of Network_Behavioral_F25-54_320 x 50_Click and View_NV_NA,204542879,9/23/2017,19909,384,19525,7998,11527,66,11461,11133,328,8064,7833,18966
TJN_TJX_TJMaxx 2H DIG_FY18,Foursquare,"PK0H84_TJN_TJX_028_Audience_FOURSQUARE LABS, INC_DST_SV1_MAP_PRO_RCH_TRG_RON_PXT_BTG_DVY_PHASE 1_MOBILE RICH MEDIA COMPETITIVE CONQUESTING - Find A Store_Run of Network_Geo_F25-54_320 x 50_Standard_NV_NA",205427847,10/1/2017,84777,2326,82451,66730,15721,1209,14512,11038,3474,67939,51675,62713
TJN_TJX_TJMaxx 2H DIG_FY18,PlaceIQ,PK19YY_TJN_TJX_028_Mobile_PLACEIQ INC_DST_SV1_MAP_DIR_RCH_TRG_RON_BTG_PTG_DVY_PHASE 1_RICH MEDIA_STRATEGIC SAVERS_FREQUENT WOMEN'S APPAREL SHOPPER+DISCRETIONARY SPEND SHOPPERS_Run of Network_Behavioral_F25-54_320 x 50_Click and View_NV_NA,205568681,10/3/2017,28400,606,27794,13628,14166,620,13546,13171,375,14248,13854,27025
TJN_TJX_TJMaxx 2H DIG_FY18,xAd Inc.,PJYDBW_TJN_TJX_028_Mobile_GROUND TRUTH FKA XAD_DST_SV1_MAP_DIR_RCH_TRG_RON_BTG_BTG_DVY_PHASE 1_BEHAVIORAL AUDIENCE STRATEGIC SAVERS PLACEMENT - RICH MEDIA STORE LOCATOR - Fall Hero_Run of Network_Behavioral_F25-54_300 x 250_Click and View_NV_NA,205207030,10/2/2017,6,0,6,4,2,2,0,0,0,6,2,2
TJN_MAR_023_Marshalls 2H Digital_F18,NinthDecimal,PJPSRV_TJN_MAR_023_Mobile_NINTHDECIMAL_DST_SV1_MAP_DIR_RCH_TRG_RON_BTG_PXT_DVY_LOCATION GRAPH: MARSHALLS LOYALISTS_Run of Network_Behavioral_F25-54_320 x 50_Click and View_NV_NA,204555232,9/6/2017,469,15,454,128,326,3,323,308,15,131,125,433
TJN_TJX_TJMaxx 2H DIG_FY18,Conversant Inc.,PJPWPB_TJN_TJX_028_Audience_CONVERSANT_DST_SV1_DSK_NET_DSP_TRG_RON_BTG_BTG_DVY_PHASE 1_ DESKTOP RECTANGLE - CONVERSANT SHOPPERS AV_Run of Site_Behavioral_P18+_300 x 600_Standard_NV_NA,204447254,10/9/2017,260,18,242,0,242,67,175,61,114,67,23,84
TJN_MAR_023_Marshalls 2H Digital_F18,xAd Inc.,PJQ0YP_TJN_MAR_023_Mobile_GROUND TRUTH FKA XAD_DST_SV1_MAP_DIR_DSP_TRG_RON_PXT_BTG_DVY_GEOBLOCKS LOYALTY - DYNAMIC DISTANCE_Run of Network_Geo_F25-54_300 x 250_Click and View_NV_NA,204537983,10/13/2017,9607,297,9310,9310,0,0,0,0,0,9310,1844,1844
TJN_TJX_TJMaxx 2H DIG_FY18,Viant,"PKGK9X_TJN_TJX_028_Data_VIANT INC_DSI_SV1_TWB_DIR_CUS_TRG_NAT_BTG_CTG_DVY_PHASE 1_VIANT LIFESTYLE, TRENDSETTERS NATIVE- Booties_Fixed Placement_Contextual_F25-54_0 x 0_Click and View_NV_NA",206833284,10/21/2017,53385,860,52525,52525,0,0,0,0,0,52525,39862,39862
TJN_TJX_TJMaxx 2H DIG_FY18,Viant,"PK2V4Z_TJN_TJX_028_Data_VIANT INC_DSI_SV1_MWB_DIR_RCH_TRG_INT_BTG_CTG_DVY_PHASE 1_VIANT IMP, W25-54 STRATEGIC SAVERS, CONTOBOX - Fall Homes_Fixed Placement_Behavioral_F25-54_300 x 250_Click and View_NV_NA",205726911,9/28/2017,8,1,7,2,5,3,2,2,0,5,5,7
TJN_MAR_023_Marshalls 2H Digital_F18,NinthDecimal,PJPSRZ_TJN_MAR_023_Mobile_NINTHDECIMAL_DST_SV1_MAP_DIR_RCH_TRG_RON_BTG_DMA_DVY_CONSUMER JOURNEY: BARGAIN HUNTERS_Run of Network_Behavioral_F25-54_320 x 50_Click and View_NV_NA,204542873,9/6/2017,13680,261,13419,6541,6878,34,6844,6671,173,6575,6409,13080
TJN_MAR_023_Marshalls 2H Digital_F18,xAd Inc.,PJQ0YP_TJN_MAR_023_Mobile_GROUND TRUTH FKA XAD_DST_SV1_MAP_DIR_DSP_TRG_RON_PXT_BTG_DVY_GEOBLOCKS LOYALTY - DYNAMIC DISTANCE_Run of Network_Geo_F25-54_300 x 250_Click and View_NV_NA,204537983,9/13/2017,5781,200,5581,5551,30,2,28,4,24,5553,793,797
TJN_MAR_023_Marshalls 2H Digital_F18,NinthDecimal,PJPSS0_TJN_MAR_023_Mobile_NINTHDECIMAL_DST_SV1_MAP_DIR_RCH_TRG_RON_BTG_DMA_DVY_3RD PARTY: SURPRISE CHOOSERS_Run of Network_Behavioral_F25-54_320 x 50_Click and View_NV_NA,204595875,9/25/2017,16948,315,16633,5478,11155,76,11079,10752,327,5554,5390,16142
TJN_TJX_TJMaxx 2H DIG_FY18,Viant,"PKGJV2_TJN_TJX_028_Data_VIANT INC_DSI_SV1_DSK_DIR_RCH_TRG_INT_BTG_CTG_DVY_PHASE 1_VIANT IMP, W25-54 STRATEGIC SAVERS, CONTOBOX - Booties_Fixed Placement_Behavioral_F25-54_160 x 600_Click and View_NV_NA",206833935,10/21/2017,896,151,745,0,745,23,722,285,437,23,9,294
TJN_TJX_TJMaxx 2H DIG_FY18,Foursquare,"PJPRV8_TJN_TJX_028_Audience_FOURSQUARE LABS, INC_DST_SV1_MAP_PRO_DSP_TRG_RON_PXT_BTG_DVY_PHASE 1_PINPOINT TRENDSETTERS AV_Run of Network_Geo_F25-54_300 x 250_Standard_NV_NA",204527100,9/22/2017,230,24,206,73,133,5,128,58,70,78,35,93
TJN_MAR_023_Marshalls 2H Digital_F18,NinthDecimal,PJPSRX_TJN_MAR_023_Mobile_NINTHDECIMAL_DST_SV1_MAP_DIR_RCH_TRG_RON_BTG_PXT_DVY_LOCATION GRAPH: COMPETITIVE CONQUESTING_Run of Network_Behavioral_F25-54_320 x 50_Click and View_NV_NA,204542879,10/2/2017,13056,271,12785,5900,6885,22,6863,6660,203,5922,5747,12407
TJN_TJX_TJMaxx 2H DIG_FY18,Conversant Inc.,PJNPML_TJN_TJC_031_Audience_CONVERSANT_PUR_ROI_DSK_NET_DSP_TRG_RON_BTG_BTG_DVY_DESKTOP MEDIUM RECTANGLE- STRATEGIC SAVERS_Run of Site_Other_P18+_300 x 250_Standard_NV_NA,204443407,10/2/2017,4,0,4,0,4,0,4,0,4,0,0,0
TJN_TJX_TJMaxx 2H DIG_FY18,xAd Inc.,PJYDBW_TJN_TJX_028_Mobile_GROUND TRUTH FKA XAD_DST_SV1_MAP_DIR_RCH_TRG_RON_BTG_BTG_DVY_PHASE 1_BEHAVIORAL AUDIENCE STRATEGIC SAVERS PLACEMENT - RICH MEDIA STORE LOCATOR - Fall Hero_Run of Network_Behavioral_F25-54_300 x 250_Click and View_NV_NA,205207030,9/23/2017,5688,74,5614,1628,3986,137,3849,1437,2412,1765,659,2096
TJN_TJX_TJMaxx 2H DIG_FY18,Foursquare,"PJYHWF_TJN_TJX_028_Audience_FOURSQUARE LABS, INC_DST_SV1_MAP_PRO_DSP_TRG_RON_PXT_BTG_DVY_PHASE 1_PINPOINT COMPETITIVE CONQUESTING_Run of Network_Geo_F25-54_320 x 50_Standard_NV_NA",205183220,10/20/2017,94571,1947,92624,82221,10403,205,10198,9732,466,82426,78660,88392
TJN_TJX_TJMaxx 2H DIG_FY18,xAd Inc.,PJMTN1_TJN_TJX_028_Mobile_GROUND TRUTH FKA XAD_DST_SV1_MAP_DIR_DSP_TRG_RON_DMA_DMA_DVY_PHASE 1_ADDED VALUE DMA TARGETING STANDALONE: STANDARD BANNER - Maxx You Maxx Life_Run of Network_Geo_F25-54_320 x 50_Click and View_NV_NA,204443461,9/27/2017,55990,1312,54678,23931,30747,787,29960,22489,7471,24718,18554,41043
TJN_TJX_TJMaxx 2H DIG_FY18,Foursquare,"PJPRQH_TJN_TJX_028_Audience_FOURSQUARE LABS, INC_DST_SV1_MAP_PRO_DSP_TRG_RON_PXT_BTG_DVY_PHASE 1_PINPOINT STRATEGIC SAVERS AV_Run of Network_Geo_F25-54_300 x 250_Standard_NV_NA",204481807,9/10/2017,155,19,136,55,81,18,63,15,48,73,17,32
TJN_TJX_TJMaxx 2H DIG_FY18,xAd Inc.,PKF5T8_TJN_TJX_028_Mobile_GROUND TRUTH FKA XAD_DST_SV1_MAP_DIR_DSP_TRG_RON_RTG_RTG_DVY_PHASE 1_LOCATION AUDIENCE TJX SHOPPERS PLACEMENT - STANDARD BANNER - Find A Store V1_Run of Network_Retarget_F25-54_320 x 50_Click and View_NV_NA,206772554,10/19/2017,4336,45,4291,2074,2217,18,2199,1656,543,2092,1575,3231
TJN_TJX_TJMaxx 2H DIG_FY18,xAd Inc.,PKF4ND_TJN_TJX_028_Mobile_GROUND TRUTH FKA XAD_DST_SV1_MAP_DIR_RCH_TRG_RON_BTG_BTG_DVY_PHASE 1_BEHAVIORAL AUDIENCE TRENDSETTERS PLACEMENT - RICH MEDIA STORE LOCATOR - Dresses_Run of Network_Behavioral_F25-54_300 x 250_Click and View_NV_NA,206812747,10/15/2017,1142,5,1137,13,1124,3,1121,1033,88,16,15,1048
TJN_TJX_TJMaxx 2H DIG_FY18,Viant,"PJNSGM_TJN_TJX_028_Data_VIANT INC_DSI_SV1_TWB_DIR_DSP_TRG_RON_BTG_CTG_DVY_PHASE 1_VIANT DIRECT MATCH RETAIL, TJX PORFOLIO LOYALISTS, DISPLAY_Fixed Placement_Behavioral_F25-54_728 x 90_Standard_NV_NA",204526722,9/12/2017,1001,162,839,0,839,439,400,338,62,439,371,709
TJN_TJX_TJMaxx 2H DIG_FY18,Conversant Inc.,PJPTLL_TJN_TJC_031_Audience_CONVERSANT_PUR_ROI_DSK_NET_DSP_TRG_RON_BTG_BTG_DVY_DESKTOP WIDE SKYSCRAPER- TRENDSETTERS_Run of Site_Other_P18+_160 x 600_Standard_NV_NA,204447269,10/2/2017,2,0,2,0,2,0,2,0,2,0,0,0
TJN_TJX_TJMaxx 2H DIG_FY18,Conversant Inc.,PJNPMD_TJN_TJC_031_Audience_CONVERSANT_PUR_ROI_TAP_NET_DSP_TRG_RON_BTG_BTG_DVY_TABLET MEDIUM RECTANGLE - STRATEGIC SAVERS_Run of Site_Other_P18+_300 x 250_Standard_NV_NA,204483960,10/14/2017,466,7,459,0,459,73,386,307,79,73,58,365
TJN_TJX_TJMaxx 2H DIG_FY18,Viant,"PJSPCD_TJN_TJC_031_Data_VIANT INC_PUR_ROI_DSK_DIR_DSP_TRG_RON_BTG_MKT_DVY_W25-54 + ONLINE SHOPPERS, CROSS DEVICE DISPLAY_Fixed Placement_Behavioral_F25-54_728 x 90_Click_NV_NA",204733044,10/16/2017,14424,67,14357,0,14357,517,13840,11611,2229,517,434,12045
TJN_TJX_TJMaxx 2H DIG_FY18,NBC Universal Media,PK2KK7_TJN_TJX_028_Content_NBCUNI.COM_BAF_BS2_TAP_DIR_VID_SPN_ROS_BTG_CTG_MOA_THIS IS US SPONSORSHIP: TABLET - VIGNETTE 3_Run of Site_Behavioral_F25-54_1920 x 1080_Click and View_NV_NA,205569476,10/12/2017,133003,1059,131944,131944,0,0,0,0,0,131944,88985,88985
TJN_TJX_TJMaxx 2H DIG_FY18,Foursquare,"PJPSSW_TJN_TJX_028_Audience_FOURSQUARE LABS, INC_DST_SV1_MAP_PRO_RCH_TRG_RON_PXT_BTG_DVY_PHASE 1_MOBILE RICH MEDIA STRATEGIC SAVERS - Find A TJ Maxx Store_Run of Network_Geo_F25-54_320 x 50_Standard_NV_NA",204525357,9/28/2017,49255,2179,47076,23788,23288,2195,21093,12298,8795,25983,15149,27447
TJN_MAR_023_Marshalls 2H Digital_F18,NinthDecimal,PJPSRT_TJN_MAR_023_Mobile_NINTHDECIMAL_DST_SV1_MAP_DIR_RCH_TRG_RON_PXT_DMA_DVY_GEOFENCE: 15-20-MILE RADIUS AROUND RURAL STORES_Run of Network_Geo_F25-54_320 x 50_Click and View_NV_NA,204542885,10/18/2017,84982,1357,83625,34382,49243,308,48935,47750,1185,34690,33850,81600
TJN_MAR_023_Marshalls 2H Digital_F18,xAd Inc.,PJQ0YD_TJN_MAR_023_Mobile_GROUND TRUTH FKA XAD_DST_SV1_MAP_DIR_RCH_TRG_RON_WEA_PXT_DVY_PROXIMITY CONQUESTING - WEATHER LOCATOR UNIT_Run of Network_Weather_F25-54_320 x 50_Click and View_NV_NA,204541553,10/1/2017,10,9,1,1,0,0,0,0,0,1,1,1
TJN_TJX_TJMaxx 2H DIG_FY18,Viant,"PJSPCL_TJN_TJC_031_Data_VIANT INC_PUR_ROI_TWB_DIR_DSP_TRG_RON_BTG_MKT_DVY_W25-54 + ONLINE SHOPPERS, CROSS DEVICE DISPLAY_Fixed Placement_Behavioral_F25-54_728 x 90_Click_NV_NA",204715987,10/10/2017,1587,114,1473,0,1473,65,1408,1085,323,65,50,1135
TJN_MAR_023_Marshalls 2H Digital_F18,xAd Inc.,PJQ0YD_TJN_MAR_023_Mobile_GROUND TRUTH FKA XAD_DST_SV1_MAP_DIR_RCH_TRG_RON_WEA_PXT_DVY_PROXIMITY CONQUESTING - WEATHER LOCATOR UNIT_Run of Network_Weather_F25-54_320 x 50_Click and View_NV_NA,204541553,10/2/2017,14,10,4,3,1,0,1,1,0,3,3,4
TJN_TJX_TJMaxx 2H DIG_FY18,Foursquare,"PK0H81_TJN_TJX_028_Audience_FOURSQUARE LABS, INC_DST_SV1_MAP_PRO_RCH_TRG_RON_PXT_BTG_DVY_PHASE 1_MOBILE RICH MEDIA TRENDSETTERS - Fall Honeycomb_Run of Network_Geo_F25-54_300 x 250_Standard_NV_NA",205337093,9/27/2017,2904,173,2731,809,1922,124,1798,444,1354,933,230,674
TJN_MAR_023_Marshalls 2H Digital_F18,xAd Inc.,PJQ0YC_TJN_MAR_023_Mobile_GROUND TRUTH FKA XAD_DST_SV1_MAP_DIR_DSP_TRG_RON_PXT_BTG_DVY_PROXIMITY CONQUESTING - DYNAMIC DISTANCE_Run of Network_Geo_F25-54_300 x 250_Click and View_NV_NA,204595923,9/26/2017,9901,1525,8376,8359,17,0,17,12,5,8359,5900,5912
TJN_MAR_023_Marshalls 2H Digital_F18,xAd Inc.,PJQ0YJ_TJN_MAR_023_Mobile_GROUND TRUTH FKA XAD_DST_SV1_MAP_DIR_DSP_TRG_RON_BTG_PXT_DVY_MARSHALLS SHOPPERS - DYNAMIC DISTANCE_Run of Network_Geo_F25-54_320 x 50_Click and View_NV_NA,204595911,9/11/2017,9834,122,9712,5037,4675,290,4385,3842,543,5327,3745,7587
TJN_MAR_023_Marshalls 2H Digital_F18,xAd Inc.,PJQ0YR_TJN_MAR_023_Mobile_GROUND TRUTH FKA XAD_DST_SV1_MAP_DIR_DSP_TRG_RON_PXT_BTG_DVY_GEOBLOCKS CONQUESTING - DYNAMIC DISTANCE_Run of Network_Geo_F25-54_300 x 250_Click and View_NV_NA,204555244,9/12/2017,11588,481,11107,11091,16,1,15,4,11,11092,2958,2962
TJN_TJX_TJMaxx 2H DIG_FY18,xAd Inc.,PJMTND_TJN_TJX_028_Mobile_GROUND TRUTH FKA XAD_DST_SV1_MAP_DIR_DSP_TRG_RON_PXT_PXT_DVY_PHASE 1_PROXIMITY LOYALTY PLACEMENT - STANDARD BANNER - Maxx You Maxx Life_Run of Network_Geo_F25-54_320 x 50_Click and View_NV_NA,204442096,10/4/2017,3,0,3,2,1,1,0,0,0,3,2,2
TJN_MAR_023_Marshalls 2H Digital_F18,xAd Inc.,PJQ0YB_TJN_MAR_023_Mobile_GROUND TRUTH FKA XAD_DST_SV1_MAP_DIR_DSP_TRG_RON_PXT_BTG_DVY_PROXIMITY CONQUESTING - DYNAMIC DISTANCE_Run of Network_Geo_F25-54_320 x 50_Click and View_NV_NA,204541799,9/17/2017,18997,300,18697,13238,5459,2418,3041,2801,240,15656,11489,14290
TJN_TJX_TJMaxx 2H DIG_FY18,Conversant Inc.,PJNPMF_TJN_TJC_031_Audience_CONVERSANT_PUR_ROI_DSK_NET_DSP_TRG_RON_BTG_BTG_DVY_DESKTOP RECTANGLE- STRATEGIC SAVERS_Run of Site_Other_P18+_300 x 600_Standard_NV_NA,204442069,10/7/2017,3069,89,2980,0,2980,745,2235,438,1797,745,146,584
TJN_TJX_TJMaxx 2H DIG_FY18,Conversant Inc.,PJPWPH_TJN_TJX_028_Audience_CONVERSANT_DST_SV1_MAP_NET_DSP_TRG_RON_BTG_BTG_DVY_PHASE 1_ SMARTPHONE MEDIUM RECTANGLE  - CONVERSANT SHOPPERS AV_Run of Site_Behavioral_P18+_300 x 250_Standard_NV_NA,204442060,10/21/2017,365,9,356,0,356,81,275,89,186,81,26,115
TJN_MAR_023_Marshalls 2H Digital_F18,xAd Inc.,PJQ0YD_TJN_MAR_023_Mobile_GROUND TRUTH FKA XAD_DST_SV1_MAP_DIR_RCH_TRG_RON_WEA_PXT_DVY_PROXIMITY CONQUESTING - WEATHER LOCATOR UNIT_Run of Network_Weather_F25-54_320 x 50_Click and View_NV_NA,204541553,9/23/2017,13579,288,13291,5301,7990,120,7870,7493,377,5421,5161,12654
TJN_TJX_TJMaxx 2H DIG_FY18,Foursquare,"PJPRV8_TJN_TJX_028_Audience_FOURSQUARE LABS, INC_DST_SV1_MAP_PRO_DSP_TRG_RON_PXT_BTG_DVY_PHASE 1_PINPOINT TRENDSETTERS AV_Run of Network_Geo_F25-54_300 x 250_Standard_NV_NA",204527100,9/24/2017,110,14,96,35,61,4,57,33,24,39,23,56
TJN_TJX_TJMaxx 2H DIG_FY18,Viant,"PJNSGP_TJN_TJX_028_Data_VIANT INC_DSI_SV1_MWB_DIR_DSP_TRG_RON_BTG_CTG_DVY_PHASE 1_VIANT DIRECT MATCH RETAIL, TJX PORFOLIO LOYALISTS, DISPLAY_Fixed Placement_Behavioral_F25-54_300 x 50_Standard_NV_NA",204525579,10/16/2017,58,1,57,0,57,3,54,34,20,3,2,36
TJN_TJX_TJMaxx 2H DIG_FY18,Conversant Inc.,PJNPLV_TJN_TJX_028_Audience_CONVERSANT_DST_SV1_DSK_NET_DSP_TRG_RON_BTG_BTG_DVY_PHASE 1_ DESKTOP LEADERBOARD - CJ CONVERTERS LAL MODELING_Run of Site_Behavioral_P18+_728 x 90_Standard_NV_NA,204483933,10/15/2017,69420,3434,65986,29,65957,7922,58035,26972,31063,7951,3695,30667
TJN_TJX_TJMaxx 2H DIG_FY18,xAd Inc.,PJYDBV_TJN_TJX_028_Mobile_GROUND TRUTH FKA XAD_DST_SV1_MAP_DIR_RCH_TRG_RON_BTG_BTG_DVY_PHASE 1_BEHAVIORAL AUDIENCE STRATEGIC SAVERS PLACEMENT - RICH MEDIA STORE LOCATOR - Maxx You Maxx Life_Run of Network_Behavioral_F25-54_320 x 50_Click and View_NV_NA,205148243,10/20/2017,8,2,6,6,0,0,0,0,0,6,5,5
TJN_TJX_TJMaxx 2H DIG_FY18,Viant,PJPXKS_TJN_TJX_028_Data_VIANT INC_DSI_SV1_DSK_DIR_DSP_TRG_RON_BTG_CTG_DVY_PHASE 1_DESKTOP DISPLAY VIANT IMP TARGETING - STRATEGIC SAVERS AV_Fixed Placement_Demo_F25-54_160 x 600_Standard_NV_NA,204477475,10/19/2017,2286,1975,311,0,311,51,260,85,175,51,17,102
TJN_TJX_TJMaxx 2H DIG_FY18,Viant,"PJNSHG_TJN_TJX_028_Data_VIANT INC_DSI_SV1_DSK_DIR_DSP_TRG_RON_BTG_CTG_DVY_PHASE 1_VIANT DIRECT MATCH RETAIL, COMPETITIVE CONQUESTING, DISPLAY_Fixed Placement_Behavioral_F25-54_728 x 90_Standard_NV_NA",204478490,10/19/2017,15254,1105,14149,0,14149,1332,12817,7299,5518,1332,759,8058
TJN_MAR_023_Marshalls 2H Digital_F18,xAd Inc.,PJQ0YP_TJN_MAR_023_Mobile_GROUND TRUTH FKA XAD_DST_SV1_MAP_DIR_DSP_TRG_RON_PXT_BTG_DVY_GEOBLOCKS LOYALTY - DYNAMIC DISTANCE_Run of Network_Geo_F25-54_300 x 250_Click and View_NV_NA,204537983,9/19/2017,6232,271,5961,5931,30,6,24,0,24,5937,0,0
TJN_TJX_TJMaxx 2H DIG_FY18,xAd Inc.,PJPXK2_TJN_TJX_028_Mobile_GROUND TRUTH FKA XAD_DST_SV1_MAP_DIR_DSP_TRG_RON_PXT_PXT_DVY_PHASE 1_PROXIMITY LOYALTY PLACEMENT - STANDARD BANNER - Fall Hero_Run of Network_Geo_F25-54_300 x 250_Click and View_NV_NA,204442945,10/9/2017,11026,204,10822,10813,9,1,8,8,0,10814,10814,10822
TJN_TJX_TJMaxx 2H DIG_FY18,Foursquare,"PK0H84_TJN_TJX_028_Audience_FOURSQUARE LABS, INC_DST_SV1_MAP_PRO_RCH_TRG_RON_PXT_BTG_DVY_PHASE 1_MOBILE RICH MEDIA COMPETITIVE CONQUESTING - Find A Store_Run of Network_Geo_F25-54_320 x 50_Standard_NV_NA",205427847,9/23/2017,77016,1568,75448,60858,14590,1562,13028,10057,2971,62420,48185,58242
TJN_MAR_023_Marshalls 2H Digital_F18,xAd Inc.,PJQ0YM_TJN_MAR_023_Mobile_GROUND TRUTH FKA XAD_DST_SV1_MAP_DIR_DSP_TRG_RON_BTG_PXT_DVY_COMPETITOR SHOPPERS - DYNAMIC DISTANCE_Run of Network_Geo_F25-54_300 x 250_Click and View_NV_NA,204555259,9/10/2017,3533,17,3516,3516,0,0,0,0,0,3516,3516,3516
TJN_TJX_TJMaxx 2H DIG_FY18,xAd Inc.,PKF8V1_TJN_TJX_028_Mobile_GROUND TRUTH FKA XAD_DST_SV1_MAP_DIR_RCH_TRG_RON_PXT_PXT_DVY_PHASE 1_PROXIMITY LOYALTY PLACEMENT - RICH MEDIA STORE LOCATOR - Sweaters_Run of Network_Geo_F25-54_300 x 250_Click and View_NV_NA,206834118,10/19/2017,5221,55,5166,64,5102,10,5092,4777,315,74,69,4846
TJN_MAR_023_Marshalls 2H Digital_F18,xAd Inc.,PJQ0YH_TJN_MAR_023_Mobile_GROUND TRUTH FKA XAD_DST_SV1_MAP_DIR_DSP_TRG_RON_BTG_DMA_DVY_BEHAVIORAL - FASHION SHOPPER - DYNAMIC DISTANCE_Run of Network_Behavioral_F25-54_300 x 250_Click and View_NV_NA,204543443,9/9/2017,12785,206,12579,12567,12,0,12,3,9,12567,3142,3145
TJN_TJX_TJMaxx 2H DIG_FY18,Viant,"PJNSH7_TJN_TJX_028_Data_VIANT INC_DSI_SV1_MWB_DIR_DSP_TRG_RON_BTG_CTG_DVY_PHASE 1_VIANT DIRECT MATCH RETAIL, COMPETITIVE CONQUESTING, DISPLAY_Fixed Placement_Behavioral_F25-54_320 x 50_Standard_NV_NA",204477565,10/8/2017,21927,223,21704,4,21700,975,20725,16654,4071,979,787,17441
TJN_MAR_023_Marshalls 2H Digital_F18,NinthDecimal,PJPSRX_TJN_MAR_023_Mobile_NINTHDECIMAL_DST_SV1_MAP_DIR_RCH_TRG_RON_BTG_PXT_DVY_LOCATION GRAPH: COMPETITIVE CONQUESTING_Run of Network_Behavioral_F25-54_320 x 50_Click and View_NV_NA,204542879,10/1/2017,21132,352,20780,8894,11886,35,11851,11516,335,8929,8677,20193
TJN_TJX_TJMaxx 2H DIG_FY18,Foursquare,"PK0H84_TJN_TJX_028_Audience_FOURSQUARE LABS, INC_DST_SV1_MAP_PRO_RCH_TRG_RON_PXT_BTG_DVY_PHASE 1_MOBILE RICH MEDIA COMPETITIVE CONQUESTING - Find A Store_Run of Network_Geo_F25-54_320 x 50_Standard_NV_NA",205427847,10/2/2017,69905,1906,67999,53267,14732,1396,13336,9932,3404,54663,40710,50642
TJN_MAR_023_Marshalls 2H Digital_F18,xAd Inc.,PJQ0YH_TJN_MAR_023_Mobile_GROUND TRUTH FKA XAD_DST_SV1_MAP_DIR_DSP_TRG_RON_BTG_DMA_DVY_BEHAVIORAL - FASHION SHOPPER - DYNAMIC DISTANCE_Run of Network_Behavioral_F25-54_300 x 250_Click and View_NV_NA,204543443,10/21/2017,60827,1317,59510,59510,0,0,0,0,0,59510,52509,52509
TJN_TJX_TJMaxx 2H DIG_FY18,xAd Inc.,PJYDBW_TJN_TJX_028_Mobile_GROUND TRUTH FKA XAD_DST_SV1_MAP_DIR_RCH_TRG_RON_BTG_BTG_DVY_PHASE 1_BEHAVIORAL AUDIENCE STRATEGIC SAVERS PLACEMENT - RICH MEDIA STORE LOCATOR - Fall Hero_Run of Network_Behavioral_F25-54_300 x 250_Click and View_NV_NA,205207030,10/1/2017,6,1,5,4,1,1,0,0,0,5,2,2
TJN_TJX_TJMaxx 2H DIG_FY18,Viant,"PKGJ4T_TJN_TJC_031_Data_VIANT INC_PUR_ROI_DSK_DIR_CUS_TRG_NAT_BTG_MKT_DVY_W25-54 + KEYWORD TARGETING, CROSS DEVICE NATIVE - Booties_Fixed Placement_Contextual_F25-54_1 x 1_Click_NV_NA",206771945,10/21/2017,18014,922,17092,17092,0,0,0,0,0,17092,12971,12971
TJN_MAR_023_Marshalls 2H Digital_F18,NinthDecimal,PJPSRS_TJN_MAR_023_Mobile_NINTHDECIMAL_DST_SV1_MAP_DIR_RCH_TRG_RON_PXT_DMA_DVY_GEOFENCE: 5-10-MILE RADIUS AROUND SUBURBAN STORES_Run of Network_Geo_F25-54_320 x 50_Click and View_NV_NA,204541748,9/16/2017,23970,675,23295,9019,14276,77,14199,13829,370,9096,8859,22688
TJN_TJX_TJMaxx 2H DIG_FY18,xAd Inc.,PJMTN4_TJN_TJX_028_Mobile_GROUND TRUTH FKA XAD_DST_SV1_MAP_DIR_RCH_TRG_RON_BTG_BTG_DVY_PHASE 1_BEHAVIORAL AUDIENCE TRENDSETTERS PLACEMENT - RICH MEDIA STORE LOCATOR - Fall Handbag_Run of Network_Behavioral_F25-54_300 x 250_Click and View_NV_NA,204447281,10/15/2017,1012,10,1002,24,978,3,975,900,75,27,25,925
TJN_TJX_TJMaxx 2H DIG_FY18,Conversant Inc.,PJNPLZ_TJN_TJX_028_Audience_CONVERSANT_DST_SV1_MAP_NET_DSP_TRG_RON_BTG_BTG_DVY_PHASE 1_ SMARTPHONE SMALL BANNER  - CJ CONVERTERS LAL MODELING_Run of Site_Behavioral_P18+_320 x 50_Standard_NV_NA,204442891,10/2/2017,612,10,602,1,601,141,460,257,203,142,79,336
TJN_TJX_TJMaxx 2H DIG_FY18,Conversant Inc.,PJNPMG_TJN_TJC_031_Audience_CONVERSANT_PUR_ROI_DSK_NET_DSP_TRG_RON_BTG_BTG_DVY_DESKTOP WIDE SKYSCRAPER- STRATEGIC SAVERS_Run of Site_Other_P18+_160 x 600_Standard_NV_NA,204443410,10/8/2017,8613,298,8315,0,8315,2426,5889,1793,4096,2426,739,2532
TJN_TJX_TJMaxx 2H DIG_FY18,NBC Universal Media,PK2KL9_TJN_TJX_028_Content_NBCUNI.COM_BAF_BS2_DSK_DIR_VID_SPN_ROS_BTG_CTG_MOA_THIS IS US SPONSORSHIP: DESKTOP - VIGNETTE 4_Run of Site_Behavioral_F25-54_1920 x 1080_Click and View_NV_NA,205568894,10/21/2017,30823,495,30328,30328,0,0,0,0,0,30328,23015,23015
TJN_TJX_TJMaxx 2H DIG_FY18,xAd Inc.,PJMTNR_TJN_TJX_028_Mobile_GROUND TRUTH FKA XAD_DST_SV1_MAP_DIR_RCH_TRG_RON_BTG_BTG_DVY_PHASE 1_BEHAVIORAL AUDIENCE STRATEGIC SAVERS PLACEMENT - RICH MEDIA STORE LOCATOR - Fall Handbag_Run of Network_Behavioral_F25-54_300 x 250_Click and View_NV_NA,204442108,9/27/2017,4374,107,4267,1884,2383,61,2322,877,1445,1945,735,1612
TJN_MAR_023_Marshalls 2H Digital_F18,xAd Inc.,PJQ0Y7_TJN_MAR_023_Mobile_GROUND TRUTH FKA XAD_DST_SV1_MAP_DIR_DSP_TRG_RON_PXT_BTG_DVY_PROXIMITY LOYALTY - DYNAMIC DISTANCE_Run of Network_Geo_F25-54_300 x 250_Click and View_NV_NA,204541754,9/6/2017,62168,1651,60517,60448,69,3,66,61,5,60451,55863,55924
TJN_TJX_TJMaxx 2H DIG_FY18,xAd Inc.,PKF4NT_TJN_TJX_028_Mobile_GROUND TRUTH FKA XAD_DST_SV1_MAP_DIR_RCH_TRG_RON_BTG_BTG_DVY_PHASE 1_BEHAVIORAL AUDIENCE TRENDSETTERS PLACEMENT - RICH MEDIA STORE LOCATOR - Sweaters_Run of Network_Behavioral_F25-54_300 x 250_Click and View_NV_NA,206813092,10/20/2017,1208,17,1191,7,1184,3,1181,1131,50,10,10,1141
TJN_TJX_TJMaxx 2H DIG_FY18,Viant,"PK2X7B_TJN_TJX_028_Data_VIANT INC_DSI_SV1_TWB_DIR_RCH_TRG_INT_BTG_CTG_DVY_PHASE 1_VIANT IMP, W25-54 STRATEGIC SAVERS, CONTOBOX - Honeycomb_Fixed Placement_Behavioral_F25-54_300 x 250_Click and View_NV_NA",205687939,10/8/2017,1314,21,1293,4,1289,204,1085,606,479,208,116,722
TJN_MAR_023_Marshalls 2H Digital_F18,NinthDecimal,PJPSRW_TJN_MAR_023_Mobile_NINTHDECIMAL_DST_SV1_MAP_DIR_RCH_TRG_RON_BTG_PXT_DVY_LOCATION GRAPH: TJX FAMILY LOYALISTS_Run of Network_Behavioral_F25-54_320 x 50_Click and View_NV_NA,204541739,9/7/2017,1365,26,1339,309,1030,10,1020,977,43,319,306,1283
TJN_MAR_023_Marshalls 2H Digital_F18,Bustle,PK5G42_TJN_MAR_023_Content_BUSTLE_Custom Content Roadblock Standard Feature 1 - 300x250_Roadblock_Contextual_F25-54_300 x 250_Click and View_NV_NA,206309158,10/10/2017,119,19,100,0,100,1,99,87,12,1,1,88
TJN_MAR_023_Marshalls 2H Digital_F18,xAd Inc.,PJQ0YJ_TJN_MAR_023_Mobile_GROUND TRUTH FKA XAD_DST_SV1_MAP_DIR_DSP_TRG_RON_BTG_PXT_DVY_MARSHALLS SHOPPERS - DYNAMIC DISTANCE_Run of Network_Geo_F25-54_320 x 50_Click and View_NV_NA,204595911,9/26/2017,10260,152,10108,6357,3751,162,3589,2878,711,6519,4890,7768
TJN_TJX_TJMaxx 2H DIG_FY18,Conversant Inc.,PJNPLX_TJN_TJX_028_Audience_CONVERSANT_DST_SV1_DSK_NET_DSP_TRG_RON_BTG_BTG_DVY_PHASE 1_ DESKTOP RECTANGLE - CJ CONVERTERS LAL MODELING_Run of Site_Behavioral_P18+_300 x 600_Standard_NV_NA,204442894,10/8/2017,3466,250,3216,0,3216,450,2766,881,1885,450,143,1024
TJN_TJX_TJMaxx 2H DIG_FY18,Conversant Inc.,PJPWP8_TJN_TJX_028_Audience_CONVERSANT_DST_SV1_DSK_NET_DSP_TRG_RON_BTG_BTG_DVY_PHASE 1_ DESKTOP LEADERBOARD - CONVERSANT SHOPPERS AV_Run of Site_Behavioral_P18+_728 x 90_Standard_NV_NA,204446132,10/20/2017,2205,121,2084,0,2084,458,1626,1094,532,458,308,1402
TJN_MAR_023_Marshalls 2H Digital_F18,xAd Inc.,PJQ0YC_TJN_MAR_023_Mobile_GROUND TRUTH FKA XAD_DST_SV1_MAP_DIR_DSP_TRG_RON_PXT_BTG_DVY_PROXIMITY CONQUESTING - DYNAMIC DISTANCE_Run of Network_Geo_F25-54_300 x 250_Click and View_NV_NA,204595923,9/11/2017,7888,120,7768,7767,1,0,1,0,1,7767,0,0
TJN_TJX_TJMaxx 2H DIG_FY18,Conversant Inc.,PJPWPG_TJN_TJX_028_Audience_CONVERSANT_DST_SV1_TAP_NET_DSP_TRG_RON_BTG_BTG_DVY_PHASE 1_ TABLET MEDIUM RECTANGLE  - CONVERSANT SHOPPERS AV_Run of Site_Behavioral_P18+_300 x 250_Standard_NV_NA,204446129,10/15/2017,328,1,327,0,327,64,263,193,70,64,47,240
TJN_TJX_TJMaxx 2H DIG_FY18,Viant,PJPXKV_TJN_TJX_028_Data_VIANT INC_DSI_SV1_DSK_DIR_DSP_TRG_RON_BTG_CTG_DVY_PHASE 1_DESKTOP DISPLAY VIANT IMP TARGETING - STRATEGIC SAVERS AV_Fixed Placement_Demo_F25-54_728 x 90_Standard_NV_NA,204526986,9/20/2017,3995,758,3237,0,3237,387,2850,2051,799,387,279,2330
TJN_TJX_TJMaxx 2H DIG_FY18,PlaceIQ,PK19YY_TJN_TJX_028_Mobile_PLACEIQ INC_DST_SV1_MAP_DIR_RCH_TRG_RON_BTG_PTG_DVY_PHASE 1_RICH MEDIA_STRATEGIC SAVERS_FREQUENT WOMEN'S APPAREL SHOPPER+DISCRETIONARY SPEND SHOPPERS_Run of Network_Behavioral_F25-54_320 x 50_Click and View_NV_NA,205568681,9/23/2017,119922,8197,111725,62944,48781,1818,46963,43803,3160,64762,60404,104207
TJN_TJX_TJMaxx 2H DIG_FY18,xAd Inc.,PKF5KT_TJN_TJX_028_Mobile_GROUND TRUTH FKA XAD_DST_SV1_MAP_DIR_DSP_TRG_RON_RTG_RTG_DVY_PHASE 1_LOCATION AUDIENCE TJX SHOPPERS PLACEMENT - STANDARD BANNER - Dresses_Run of Network_Retarget_F25-54_300 x 250_Click and View_NV_NA,206832789,10/18/2017,2127,40,2087,2087,0,0,0,0,0,2087,2087,2087
TJN_TJX_TJMaxx 2H DIG_FY18,Viant,"PJSPCF_TJN_TJC_031_Data_VIANT INC_PUR_ROI_DSK_DIR_DSP_TRG_RON_BTG_MKT_DVY_W25-54 + ONLINE SHOPPERS, CROSS DEVICE DISPLAY_Fixed Placement_Behavioral_F25-54_320 x 50_Click_NV_NA",204715639,10/18/2017,6079,97,5982,1,5981,632,5349,4172,1177,633,494,4666
TJN_TJX_TJMaxx 2H DIG_FY18,Conversant Inc.,PJPWP9_TJN_TJX_028_Audience_CONVERSANT_DST_SV1_DSK_NET_DSP_TRG_RON_BTG_BTG_DVY_PHASE 1_ DESKTOP MEDIUM RECTANGLE - CONVERSANT SHOPPERS AV_Run of Site_Behavioral_P18+_300 x 250_Standard_NV_NA,204483957,10/5/2017,1341,81,1260,0,1260,218,1042,610,432,218,128,738
TJN_TJX_TJMaxx 2H DIG_FY18,Conversant Inc.,PJPWBW_TJN_TJX_028_Audience_CONVERSANT_DST_SV1_DSK_NET_DSP_TRG_RON_BTG_BTG_DVY_PHASE 1_ DESKTOP RECTANGLE - CJ INTERACTORS LAL MODELING_Run of Site_Behavioral_P18+_300 x 600_Standard_NV_NA,204447740,10/15/2017,8235,421,7814,5,7809,1078,6731,1873,4858,1083,301,2174
TJN_TJX_TJMaxx 2H DIG_FY18,Viant,"PKGKB1_TJN_TJX_028_Data_VIANT INC_DSI_SV1_TWB_DIR_CUS_TRG_NAT_BTG_CTG_DVY_PHASE 1_VIANT LIFESTYLE, TRENDSETTERS NATIVE- Dresses_Fixed Placement_Contextual_F25-54_0 x 0_Click and View_NV_NA",206772458,10/20/2017,37505,583,36922,36922,0,0,0,0,0,36922,21978,21978
TJN_MAR_023_Marshalls 2H Digital_F18,NinthDecimal,PJPSRX_TJN_MAR_023_Mobile_NINTHDECIMAL_DST_SV1_MAP_DIR_RCH_TRG_RON_BTG_PXT_DVY_LOCATION GRAPH: COMPETITIVE CONQUESTING_Run of Network_Behavioral_F25-54_320 x 50_Click and View_NV_NA,204542879,10/3/2017,2853,53,2800,1179,1621,12,1609,1559,50,1191,1154,2713
TJN_TJX_TJMaxx 2H DIG_FY18,Foursquare,"PJPSSX_TJN_TJX_028_Audience_FOURSQUARE LABS, INC_DST_SV1_MAP_PRO_RCH_TRG_RON_PXT_BTG_DVY_PHASE 1_MOBILE RICH MEDIA TRENDSETTERS - Fall Handbag_Run of Network_Geo_F25-54_300 x 250_Standard_NV_NA",204525354,9/28/2017,2610,111,2499,615,1884,113,1771,458,1313,728,188,646
TJN_TJX_TJMaxx 2H DIG_FY18,Conversant Inc.,PJPWPB_TJN_TJX_028_Audience_CONVERSANT_DST_SV1_DSK_NET_DSP_TRG_RON_BTG_BTG_DVY_PHASE 1_ DESKTOP RECTANGLE - CONVERSANT SHOPPERS AV_Run of Site_Behavioral_P18+_300 x 600_Standard_NV_NA,204447254,10/19/2017,613,71,542,0,542,146,396,126,270,146,46,172
TJN_TJX_TJMaxx 2H DIG_FY18,xAd Inc.,PJYDBW_TJN_TJX_028_Mobile_GROUND TRUTH FKA XAD_DST_SV1_MAP_DIR_RCH_TRG_RON_BTG_BTG_DVY_PHASE 1_BEHAVIORAL AUDIENCE STRATEGIC SAVERS PLACEMENT - RICH MEDIA STORE LOCATOR - Fall Hero_Run of Network_Behavioral_F25-54_300 x 250_Click and View_NV_NA,205207030,10/3/2017,6,2,4,3,1,1,0,0,0,4,2,2
TJN_TJX_TJMaxx 2H DIG_FY18,PlaceIQ,PK19YY_TJN_TJX_028_Mobile_PLACEIQ INC_DST_SV1_MAP_DIR_RCH_TRG_RON_BTG_PTG_DVY_PHASE 1_RICH MEDIA_STRATEGIC SAVERS_FREQUENT WOMEN'S APPAREL SHOPPER+DISCRETIONARY SPEND SHOPPERS_Run of Network_Behavioral_F25-54_320 x 50_Click and View_NV_NA,205568681,10/2/2017,40124,820,39304,18658,20646,708,19938,19466,472,19366,18908,38374
TJN_MAR_023_Marshalls 2H Digital_F18,Bustle,"PK5G3X_TJN_MAR_023_Content_BUSTLE_ROC Fashion, Lifestyle Channel - Panoramic Unit_Run of Site_Contextual_F25-54_1 x 1_Click and View_NV_NA",206333601,10/17/2017,170724,5571,165153,58,165095,151238,13857,8495,5362,151296,92752,101247
TJN_TJX_TJMaxx 2H DIG_FY18,Conversant Inc.,PJNPLZ_TJN_TJX_028_Audience_CONVERSANT_DST_SV1_MAP_NET_DSP_TRG_RON_BTG_BTG_DVY_PHASE 1_ SMARTPHONE SMALL BANNER  - CJ CONVERTERS LAL MODELING_Run of Site_Behavioral_P18+_320 x 50_Standard_NV_NA,204442891,10/3/2017,2474,46,2428,1,2427,645,1782,908,874,646,329,1237
TJN_TJX_TJMaxx 2H DIG_FY18,Viant,"PK2X7H_TJN_TJX_028_Data_VIANT INC_DSI_SV1_MWB_DIR_RCH_TRG_INT_BTG_CTG_DVY_PHASE 1_VIANT IMP, W25-54 STRATEGIC SAVERS, CONTOBOX - Honeycomb_Fixed Placement_Behavioral_F25-54_320 x 50_Click and View_NV_NA",205725975,10/10/2017,33,10,23,14,9,0,9,7,2,14,11,18
TJN_TJX_TJMaxx 2H DIG_FY18,Foursquare,"PJPRQJ_TJN_TJX_028_Audience_FOURSQUARE LABS, INC_DST_SV1_MAP_PRO_DSP_TRG_RON_PXT_BTG_DVY_PHASE 1_PINPOINT STRATEGIC SAVERS AV_Run of Network_Geo_F25-54_320 x 50_Standard_NV_NA",204525369,10/18/2017,1709,22,1687,675,1012,48,964,875,89,723,656,1531
TJN_TJX_TJMaxx 2H DIG_FY18,PlaceIQ,PK19YY_TJN_TJX_028_Mobile_PLACEIQ INC_DST_SV1_MAP_DIR_RCH_TRG_RON_BTG_PTG_DVY_PHASE 1_RICH MEDIA_STRATEGIC SAVERS_FREQUENT WOMEN'S APPAREL SHOPPER+DISCRETIONARY SPEND SHOPPERS_Run of Network_Behavioral_F25-54_320 x 50_Click and View_NV_NA,205568681,10/1/2017,22049,296,21753,14396,7357,415,6942,6801,141,14811,14510,21311
TJN_TJX_TJMaxx 2H DIG_FY18,Foursquare,"PK0H84_TJN_TJX_028_Audience_FOURSQUARE LABS, INC_DST_SV1_MAP_PRO_RCH_TRG_RON_PXT_BTG_DVY_PHASE 1_MOBILE RICH MEDIA COMPETITIVE CONQUESTING - Find A Store_Run of Network_Geo_F25-54_320 x 50_Standard_NV_NA",205427847,10/3/2017,38450,1138,37312,26996,10316,1374,8942,6669,2273,28370,21159,27828
TJN_TJX_TJMaxx 2H DIG_FY18,Viant,"PJNSGR_TJN_TJX_028_Data_VIANT INC_DSI_SV1_TWB_DIR_DSP_TRG_RON_BTG_CTG_DVY_PHASE 1_VIANT DIRECT MATCH RETAIL, TJX PORFOLIO LOYALISTS, DISPLAY_Fixed Placement_Behavioral_F25-54_160 x 600_Standard_NV_NA",204478520,9/15/2017,820,647,173,0,173,54,119,82,37,54,37,119
TJN_TJX_TJMaxx 2H DIG_FY18,Foursquare,"PJYHWD_TJN_TJX_028_Audience_FOURSQUARE LABS, INC_DST_SV1_MAP_PRO_DSP_TRG_RON_PXT_BTG_DVY_PHASE 1_PINPOINT COMPETITIVE CONQUESTING_Run of Network_Geo_F25-54_300 x 250_Standard_NV_NA",205235284,9/26/2017,6251,727,5524,2789,2735,180,2555,1469,1086,2969,1707,3176
TJN_TJX_TJMaxx 2H DIG_FY18,Viant,PJPXKS_TJN_TJX_028_Data_VIANT INC_DSI_SV1_DSK_DIR_DSP_TRG_RON_BTG_CTG_DVY_PHASE 1_DESKTOP DISPLAY VIANT IMP TARGETING - STRATEGIC SAVERS AV_Fixed Placement_Demo_F25-54_160 x 600_Standard_NV_NA,204477475,10/9/2017,4,1,3,0,3,1,2,0,2,1,0,0
TJN_TJX_TJMaxx 2H DIG_FY18,Viant,"PJNSHG_TJN_TJX_028_Data_VIANT INC_DSI_SV1_DSK_DIR_DSP_TRG_RON_BTG_CTG_DVY_PHASE 1_VIANT DIRECT MATCH RETAIL, COMPETITIVE CONQUESTING, DISPLAY_Fixed Placement_Behavioral_F25-54_728 x 90_Standard_NV_NA",204478490,10/9/2017,11106,558,10548,0,10548,1159,9389,4740,4649,1159,585,5325
TJN_TJX_TJMaxx 2H DIG_FY18,Foursquare,"PJPQKZ_TJN_TJX_028_Audience_FOURSQUARE LABS, INC_DST_SV1_MAP_PRO_DSP_TRG_RON_PXT_BTG_DVY_PHASE 1_PINPOINT TRENDSETTERS_Run of Network_Geo_F25-54_300 x 250_Standard_NV_NA",204481813,9/7/2017,7494,1691,5803,3462,2341,1528,813,269,544,4990,1651,1920
TJN_TJX_TJMaxx 2H DIG_FY18,Conversant Inc.,PJPWPD_TJN_TJX_028_Audience_CONVERSANT_DST_SV1_MAP_NET_DSP_TRG_RON_BTG_BTG_DVY_PHASE 1_ SMARTPHONE SMALL BANNER  - CONVERSANT SHOPPERS AV_Run of Site_Behavioral_P18+_320 x 50_Standard_NV_NA,204447251,10/14/2017,392,3,389,0,389,75,314,255,59,75,61,316
TJN_TJX_TJMaxx 2H DIG_FY18,Conversant Inc.,PJPTLM_TJN_TJC_031_Audience_CONVERSANT_PUR_ROI_MAP_NET_DSP_TRG_RON_BTG_BTG_DVY_SMARTPHONE SMALL BANNER - TRENDSETTERS_Run of Site_Other_P18+_320 x 50_Standard_NV_NA,204447785,10/16/2017,22315,341,21974,1,21973,2246,19727,15928,3799,2247,1814,17742
TJN_TJX_TJMaxx 2H DIG_FY18,Viant,"PK2X7K_TJN_TJX_028_Data_VIANT INC_DSI_SV1_DSK_DIR_RCH_TRG_INT_BTG_CTG_DVY_PHASE 1_VIANT IMP, W25-54 STRATEGIC SAVERS, CONTOBOX - Honeycomb_Fixed Placement_Behavioral_F25-54_160 x 600_Click and View_NV_NA",205726917,9/29/2017,99,6,93,1,92,14,78,29,49,15,6,35
TJN_TJX_TJMaxx 2H DIG_FY18,xAd Inc.,PJPXJY_TJN_TJX_028_Mobile_GROUND TRUTH FKA XAD_DST_SV1_MAP_DIR_DSP_TRG_RON_BTG_BTG_DVY_PHASE 1_BEHAVIORAL AUDIENCE STRATEGIC SAVERS PLACEMENT - STANDARD BANNER - Fall Hero_Run of Network_Behavioral_F25-54_300 x 250_Click and View_NV_NA,204484017,9/15/2017,11501,242,11259,11243,16,1,15,9,6,11244,6746,6755
TJN_MAR_023_Marshalls 2H Digital_F18,xAd Inc.,PJQ0YD_TJN_MAR_023_Mobile_GROUND TRUTH FKA XAD_DST_SV1_MAP_DIR_RCH_TRG_RON_WEA_PXT_DVY_PROXIMITY CONQUESTING - WEATHER LOCATOR UNIT_Run of Network_Weather_F25-54_320 x 50_Click and View_NV_NA,204541553,10/3/2017,4,0,4,2,2,2,0,0,0,4,4,4
TJN_TJX_TJMaxx 2H DIG_FY18,Viant,"PK2V4T_TJN_TJX_028_Data_VIANT INC_DSI_SV1_TWB_DIR_RCH_TRG_INT_BTG_CTG_DVY_PHASE 1_VIANT IMP, W25-54 STRATEGIC SAVERS, CONTOBOX - Fall Homes_Fixed Placement_Behavioral_F25-54_160 x 600_Click and View_NV_NA",205687933,9/27/2017,22,0,22,1,21,1,20,2,18,2,0,2
TJN_TJX_TJMaxx 2H DIG_FY18,xAd Inc.,PJPXJR_TJN_TJX_028_Mobile_GROUND TRUTH FKA XAD_DST_SV1_MAP_DIR_DSP_TRG_RON_RTG_RTG_DVY_PHASE 1_LOCATION AUDIENCE TJX SHOPPERS PLACEMENT - STANDARD BANNER - Fall Hero_Run of Network_Retarget_F25-54_300 x 250_Click and View_NV_NA,204442105,10/12/2017,7468,129,7339,7305,34,1,33,21,12,7306,4649,4670
TJN_TJX_TJMaxx 2H DIG_FY18,Foursquare,"PJPSSV_TJN_TJX_028_Audience_FOURSQUARE LABS, INC_DST_SV1_MAP_PRO_RCH_TRG_RON_PXT_BTG_DVY_PHASE 1_MOBILE RICH MEDIA STRATEGIC SAVERS - Fall Handbag_Run of Network_Geo_F25-54_300 x 250_Standard_NV_NA",204525360,10/15/2017,522,17,505,171,334,29,305,94,211,200,62,156
TJN_TJX_TJMaxx 2H DIG_FY18,Conversant Inc.,PJPWPD_TJN_TJX_028_Audience_CONVERSANT_DST_SV1_MAP_NET_DSP_TRG_RON_BTG_BTG_DVY_PHASE 1_ SMARTPHONE SMALL BANNER  - CONVERSANT SHOPPERS AV_Run of Site_Behavioral_P18+_320 x 50_Standard_NV_NA,204447251,9/14/2017,536,7,529,0,529,92,437,231,206,92,49,280
TJN_TJX_TJMaxx 2H DIG_FY18,Conversant Inc.,PJPWBT_TJN_TJX_028_Audience_CONVERSANT_DST_SV1_DSK_NET_DSP_TRG_RON_BTG_BTG_DVY_PHASE 1_ DESKTOP LEADERBOARD - CJ INTERACTORS LAL MODELING_Run of Site_Behavioral_P18+_728 x 90_Standard_NV_NA,204446096,10/5/2017,12525,986,11539,0,11539,1375,10164,5086,5078,1375,688,5774
TJN_TJX_TJMaxx 2H DIG_FY18,Viant,"PJNSGP_TJN_TJX_028_Data_VIANT INC_DSI_SV1_MWB_DIR_DSP_TRG_RON_BTG_CTG_DVY_PHASE 1_VIANT DIRECT MATCH RETAIL, TJX PORFOLIO LOYALISTS, DISPLAY_Fixed Placement_Behavioral_F25-54_300 x 50_Standard_NV_NA",204525579,9/30/2017,99,2,97,0,97,7,90,75,15,7,6,81
TJN_TJX_TJMaxx 2H DIG_FY18,Viant,"PK2V4Y_TJN_TJX_028_Data_VIANT INC_DSI_SV1_MWB_DIR_RCH_TRG_INT_BTG_CTG_DVY_PHASE 1_VIANT IMP, W25-54 STRATEGIC SAVERS, CONTOBOX - Fall Homes_Fixed Placement_Behavioral_F25-54_320 x 50_Click and View_NV_NA",205685980,10/12/2017,63,15,48,7,41,10,31,22,9,17,12,34
TJN_MAR_023_Marshalls 2H Digital_F18,xAd Inc.,PJQ0YF_TJN_MAR_023_Mobile_GROUND TRUTH FKA XAD_DST_SV1_MAP_DIR_RCH_TRG_RON_WEA_PXT_DVY_PROXIMITY CONQUESTING - WEATHER LOCATOR UNIT_Run of Network_Weather_F25-54_300 x 250_Click and View_NV_NA,204596913,9/8/2017,729,8,721,9,712,6,706,665,41,15,14,679
TJN_MAR_023_Marshalls 2H Digital_F18,xAd Inc.,PJQ0Y8_TJN_MAR_023_Mobile_GROUND TRUTH FKA XAD_DST_SV1_MAP_DIR_RCH_TRG_RON_WEA_PXT_DVY_PROXIMITY LOYALTY - WEATHER LOCATOR UNIT_Run of Network_Weather_F25-54_320 x 50_Click and View_NV_NA,204556189,10/8/2017,220105,5987,214118,89941,124177,2012,122165,107061,15104,91953,80584,187645
TJN_TJX_TJMaxx 2H DIG_FY18,xAd Inc.,PJMTNQ_TJN_TJX_028_Mobile_GROUND TRUTH FKA XAD_DST_SV1_MAP_DIR_RCH_TRG_RON_BTG_BTG_DVY_PHASE 1_BEHAVIORAL AUDIENCE STRATEGIC SAVERS PLACEMENT - RICH MEDIA STORE LOCATOR - TJ Maxx_Run of Network_Behavioral_F25-54_320 x 50_Click and View_NV_NA,204447845,9/30/2017,15019,192,14827,8105,6722,194,6528,5446,1082,8299,6923,12369
TJN_MAR_023_Marshalls 2H Digital_F18,NinthDecimal,"PJPSS1_TJN_MAR_023_Mobile_NINTHDECIMAL_DST_SV1_MAP_DIR_RCH_TRG_RON_BTG_DMA_DVY_TV TARGETING: PEOPLE WHO WATCH BRAVO, TLC, HGTV, A&E, LIFETIME, DISCOVERY_Run of Network_Behavioral_F25-54_320 x 50_Click and View_NV_NA",204541508,9/30/2017,41899,776,41123,9530,31593,181,31412,30472,940,9711,9420,39892
TJN_TJX_TJMaxx 2H DIG_FY18,xAd Inc.,PJPXJX_TJN_TJX_028_Mobile_GROUND TRUTH FKA XAD_DST_SV1_MAP_DIR_DSP_TRG_RON_BTG_BTG_DVY_PHASE 1_BEHAVIORAL AUDIENCE STRATEGIC SAVERS PLACEMENT - STANDARD BANNER - TJMaxx_Run of Network_Behavioral_F25-54_320 x 50_Click and View_NV_NA,204447848,9/30/2017,3,1,2,1,1,1,0,0,0,2,2,2
TJN_TJX_TJMaxx 2H DIG_FY18,xAd Inc.,PJMTN9_TJN_TJX_028_Mobile_GROUND TRUTH FKA XAD_DST_SV1_MAP_DIR_DSP_TRG_RON_BTG_BTG_DVY_PHASE 1_BEHAVIORAL AUDIENCE STRATEGIC SAVERS PLACEMENT - STANDARD BANNER - Fall Handbag_Run of Network_Behavioral_F25-54_300 x 250_Click and View_NV_NA,204447293,9/23/2017,10266,179,10087,10081,6,0,6,0,6,10081,0,0
TJN_TJX_TJMaxx 2H DIG_FY18,Conversant Inc.,PJPTMH_TJN_TJC_031_Audience_CONVERSANT_PUR_ROI_TAP_NET_DSP_TRG_RON_BTG_BTG_DVY_TABLET LEADERBOARD- COMPETITIVE CONQUESTING_Run of Site_Other_P18+_728 x 90_Standard_NV_NA,204483936,10/12/2017,406,1,405,20,385,48,337,278,59,68,56,334
TJN_MAR_023_Marshalls 2H Digital_F18,xAd Inc.,PJQ0Y9_TJN_MAR_023_Mobile_GROUND TRUTH FKA XAD_DST_SV1_MAP_DIR_RCH_TRG_RON_WEA_PXT_DVY_PROXIMITY LOYALTY - WEATHER LOCATOR UNIT_Run of Network_Weather_F25-54_300 x 250_Click and View_NV_NA,204541757,10/2/2017,4,4,0,0,0,0,0,0,0,0,0,0
TJN_TJX_TJMaxx 2H DIG_FY18,Foursquare,"PJPSSZ_TJN_TJX_028_Audience_FOURSQUARE LABS, INC_DST_SV1_MAP_PRO_RCH_TRG_RON_PXT_BTG_DVY_PHASE 1_MOBILE RICH MEDIA COMPETITIVE CONQUESTING - Fall Handbag_Run of Network_Geo_F25-54_300 x 250_Standard_NV_NA",204478073,10/4/2017,4046,237,3809,1629,2180,108,2072,807,1265,1737,677,1484
TJN_TJX_TJMaxx 2H DIG_FY18,PlaceIQ,PJMFQ9_TJN_TJX_028_Mobile_PLACEIQ INC_DST_SV1_MAP_DIR_DSP_TRG_RON_BTG_PTG_DVY_PHASE 1_ONLINE SHOPPER+TJMAXX SHOPPERS_Run of Network_Behavioral_P2+_320 x 50_Standard_NV_NA,204447278,9/20/2017,1,0,1,0,1,0,1,1,0,0,0,1
TJN_MAR_023_Marshalls 2H Digital_F18,xAd Inc.,PJQ0Y9_TJN_MAR_023_Mobile_GROUND TRUTH FKA XAD_DST_SV1_MAP_DIR_RCH_TRG_RON_WEA_PXT_DVY_PROXIMITY LOYALTY - WEATHER LOCATOR UNIT_Run of Network_Weather_F25-54_300 x 250_Click and View_NV_NA,204541757,9/23/2017,412,8,404,12,392,125,267,264,3,137,135,399
TJN_MAR_023_Marshalls 2H Digital_F18,xAd Inc.,PJQ0YJ_TJN_MAR_023_Mobile_GROUND TRUTH FKA XAD_DST_SV1_MAP_DIR_DSP_TRG_RON_BTG_PXT_DVY_MARSHALLS SHOPPERS - DYNAMIC DISTANCE_Run of Network_Geo_F25-54_320 x 50_Click and View_NV_NA,204595911,10/9/2017,7939,47,7892,2672,5220,76,5144,3699,1445,2748,1979,5678
TJN_TJX_TJMaxx 2H DIG_FY18,xAd Inc.,PKF4CN_TJN_TJX_028_Mobile_GROUND TRUTH FKA XAD_DST_SV1_MAP_DIR_DSP_TRG_RON_BTG_BTG_DVY_PHASE 1_BEHAVIORAL AUDIENCE STRATEGIC SAVERS PLACEMENT - STANDARD BANNER - Booties_Run of Network_Behavioral_F25-54_300 x 250_Click and View_NV_NA,206833614,10/19/2017,3977,79,3898,3898,0,0,0,0,0,3898,3058,3058
TJN_TJX_TJMaxx 2H DIG_FY18,Foursquare,"PKFMKW_TJN_TJX_028_Audience_FOURSQUARE LABS, INC_DST_SV1_MAP_PRO_RCH_TRG_RON_PXT_BTG_DVY_PHASE 1_MOBILE RICH MEDIA TRENDSETTERS - Booties_Run of Network_Geo_F25-54_300 x 250_Standard_NV_NA",206833557,10/20/2017,2397,84,2313,1386,927,249,678,340,338,1635,820,1160
TJN_TJX_TJMaxx 2H DIG_FY18,Foursquare,"PJPST0_TJN_TJX_028_Audience_FOURSQUARE LABS, INC_DST_SV1_MAP_PRO_RCH_TRG_RON_PXT_BTG_DVY_PHASE 1_MOBILE RICH MEDIA COMPETITIVE CONQUESTING - Find A TJ Maxx Store_Run of Network_Geo_F25-54_320 x 50_Standard_NV_NA",204525348,10/3/2017,62185,1743,60442,50856,9586,1538,8048,5988,2060,52394,38983,44971
TJN_TJX_TJMaxx 2H DIG_FY18,Viant,"PK2X7F_TJN_TJX_028_Data_VIANT INC_DSI_SV1_DSK_DIR_RCH_TRG_INT_BTG_CTG_DVY_PHASE 1_VIANT IMP, W25-54 STRATEGIC SAVERS, CONTOBOX - Honeycomb_Fixed Placement_Behavioral_F25-54_728 x 90_Click and View_NV_NA",205727841,9/22/2017,228,9,219,4,215,16,199,89,110,20,9,98
TJN_TJX_TJMaxx 2H DIG_FY18,xAd Inc.,PJMTND_TJN_TJX_028_Mobile_GROUND TRUTH FKA XAD_DST_SV1_MAP_DIR_DSP_TRG_RON_PXT_PXT_DVY_PHASE 1_PROXIMITY LOYALTY PLACEMENT - STANDARD BANNER - Maxx You Maxx Life_Run of Network_Geo_F25-54_320 x 50_Click and View_NV_NA,204442096,10/21/2017,3,2,1,0,1,0,1,1,0,0,0,1
TJN_TJX_TJMaxx 2H DIG_FY18,xAd Inc.,PJMTNB_TJN_TJX_028_Mobile_GROUND TRUTH FKA XAD_DST_SV1_MAP_DIR_DSP_TRG_RON_BTG_BTG_DVY_PHASE 1_BEHAVIORAL AUDIENCE TRENDSETTERS PLACEMENT - STANDARD BANNER - Fall Handbag_Run of Network_Behavioral_F25-54_300 x 250_Click and View_NV_NA,204447833,9/9/2017,10552,236,10316,10274,42,1,41,14,27,10275,3509,3523
TJN_TJX_TJMaxx 2H DIG_FY18,Conversant Inc.,PJPWP9_TJN_TJX_028_Audience_CONVERSANT_DST_SV1_DSK_NET_DSP_TRG_RON_BTG_BTG_DVY_PHASE 1_ DESKTOP MEDIUM RECTANGLE - CONVERSANT SHOPPERS AV_Run of Site_Behavioral_P18+_300 x 250_Standard_NV_NA,204483957,10/17/2017,1360,106,1254,0,1254,234,1020,677,343,234,155,832
TJN_TJX_TJMaxx 2H DIG_FY18,Conversant Inc.,PJPWPH_TJN_TJX_028_Audience_CONVERSANT_DST_SV1_MAP_NET_DSP_TRG_RON_BTG_BTG_DVY_PHASE 1_ SMARTPHONE MEDIUM RECTANGLE  - CONVERSANT SHOPPERS AV_Run of Site_Behavioral_P18+_300 x 250_Standard_NV_NA,204442060,10/4/2017,330,4,326,0,326,48,278,121,157,48,21,142
TJN_TJX_TJMaxx 2H DIG_FY18,xAd Inc.,PJMTND_TJN_TJX_028_Mobile_GROUND TRUTH FKA XAD_DST_SV1_MAP_DIR_DSP_TRG_RON_PXT_PXT_DVY_PHASE 1_PROXIMITY LOYALTY PLACEMENT - STANDARD BANNER - Maxx You Maxx Life_Run of Network_Geo_F25-54_320 x 50_Click and View_NV_NA,204442096,9/9/2017,47649,908,46741,8468,38273,10329,27944,16901,11043,18797,11344,28245
TJN_TJX_TJMaxx 2H DIG_FY18,Foursquare,"PJPSSX_TJN_TJX_028_Audience_FOURSQUARE LABS, INC_DST_SV1_MAP_PRO_RCH_TRG_RON_PXT_BTG_DVY_PHASE 1_MOBILE RICH MEDIA TRENDSETTERS - Fall Handbag_Run of Network_Geo_F25-54_300 x 250_Standard_NV_NA",204525354,10/14/2017,339,3,336,63,273,17,256,64,192,80,20,84
TJN_TJX_TJMaxx 2H DIG_FY18,xAd Inc.,PJMTNB_TJN_TJX_028_Mobile_GROUND TRUTH FKA XAD_DST_SV1_MAP_DIR_DSP_TRG_RON_BTG_BTG_DVY_PHASE 1_BEHAVIORAL AUDIENCE TRENDSETTERS PLACEMENT - STANDARD BANNER - Fall Handbag_Run of Network_Behavioral_F25-54_300 x 250_Click and View_NV_NA,204447833,10/21/2017,7922,125,7797,7797,0,0,0,0,0,7797,6635,6635
TJN_TJX_TJMaxx 2H DIG_FY18,xAd Inc.,PJPXK2_TJN_TJX_028_Mobile_GROUND TRUTH FKA XAD_DST_SV1_MAP_DIR_DSP_TRG_RON_PXT_PXT_DVY_PHASE 1_PROXIMITY LOYALTY PLACEMENT - STANDARD BANNER - Fall Hero_Run of Network_Geo_F25-54_300 x 250_Click and View_NV_NA,204442945,9/11/2017,10023,190,9833,9750,83,10,73,24,49,9760,3209,3233
TJN_MAR_023_Marshalls 2H Digital_F18,xAd Inc.,PJQ0YB_TJN_MAR_023_Mobile_GROUND TRUTH FKA XAD_DST_SV1_MAP_DIR_DSP_TRG_RON_PXT_BTG_DVY_PROXIMITY CONQUESTING - DYNAMIC DISTANCE_Run of Network_Geo_F25-54_320 x 50_Click and View_NV_NA,204541799,9/6/2017,33975,613,33362,18564,14798,10180,4618,3761,857,28744,20596,24357
TJN_TJX_TJMaxx 2H DIG_FY18,Viant,"PK2V4X_TJN_TJX_028_Data_VIANT INC_DSI_SV1_DSK_DIR_RCH_TRG_INT_BTG_CTG_DVY_PHASE 1_VIANT IMP, W25-54 STRATEGIC SAVERS, CONTOBOX - Fall Homes_Fixed Placement_Behavioral_F25-54_300 x 250_Click and View_NV_NA",205688458,9/27/2017,1852,50,1802,1,1801,290,1511,337,1174,291,65,402
TJN_TJX_TJMaxx 2H DIG_FY18,Viant,"PK2V4W_TJN_TJX_028_Data_VIANT INC_DSI_SV1_DSK_DIR_RCH_TRG_INT_BTG_CTG_DVY_PHASE 1_VIANT IMP, W25-54 STRATEGIC SAVERS, CONTOBOX - Fall Homes_Fixed Placement_Behavioral_F25-54_728 x 90_Click and View_NV_NA",205687309,10/15/2017,1058,40,1018,8,1010,76,934,867,67,84,78,945
TJN_TJX_TJMaxx 2H DIG_FY18,xAd Inc.,PJMTN5_TJN_TJX_028_Mobile_GROUND TRUTH FKA XAD_DST_SV1_MAP_DIR_RCH_TRG_RON_BTG_BTG_DVY_PHASE 1_BEHAVIORAL AUDIENCE TRENDSETTERS PLACEMENT - RICH MEDIA STORE LOCATOR - TJ Maxx_Run of Network_Behavioral_F25-54_320 x 50_Click and View_NV_NA,204442936,10/20/2017,8,3,5,4,1,0,1,1,0,4,4,5
TJN_TJX_TJMaxx 2H DIG_FY18,Viant,"PJSPBZ_TJN_TJC_031_Data_VIANT INC_PUR_ROI_TWB_DIR_DSP_TRG_RON_BTG_MKT_DVY_DETERMINSTIC LAL OF ECOM CONVERTERS, CROSS DEVICE DISPLAY_Fixed Placement_Behavioral_F25-54_160 x 600_Click_NV_NA",204716194,10/16/2017,209,4,205,0,205,42,163,20,143,42,5,25
TJN_TJX_TJMaxx 2H DIG_FY18,Conversant Inc.,PJNPM2_TJN_TJX_028_Audience_CONVERSANT_DST_SV1_MAP_NET_DSP_TRG_RON_BTG_BTG_DVY_PHASE 1_ SMARTPHONE MEDIUM RECTANGLE  - CJ CONVERTERS LAL MODELING_Run of Site_Behavioral_P18+_300 x 250_Standard_NV_NA,204442021,9/12/2017,1,0,1,0,1,0,1,1,0,0,0,1
TJN_TJX_TJMaxx 2H DIG_FY18,Viant,"PJNSGQ_TJN_TJX_028_Data_VIANT INC_DSI_SV1_MWB_DIR_DSP_TRG_RON_BTG_CTG_DVY_PHASE 1_VIANT DIRECT MATCH RETAIL, TJX PORFOLIO LOYALISTS, DISPLAY_Fixed Placement_Behavioral_F25-54_300 x 250_Standard_NV_NA",204482395,9/12/2017,1,0,1,0,1,0,1,1,0,0,0,1
TJN_TJX_TJMaxx 2H DIG_FY18,xAd Inc.,PJMTN2_TJN_TJX_028_Mobile_GROUND TRUTH FKA XAD_DST_SV1_MAP_DIR_DSP_TRG_RON_RTG_RTG_DVY_PHASE 1_LOCATION AUDIENCE COMPETITIVE CONQUESTING PLACEMENT - STANDARD BANNER - Fall Handbag_Run of Network_Retarget_F25-54_300 x 250_Click and View_NV_NA,204447824,10/8/2017,7589,141,7448,7441,7,1,6,4,2,7442,4961,4965
TJN_TJX_TJMaxx 2H DIG_FY18,xAd Inc.,PJPXJS_TJN_TJX_028_Mobile_GROUND TRUTH FKA XAD_DST_SV1_MAP_DIR_DSP_TRG_RON_RTG_RTG_DVY_PHASE 1_LOCATION AUDIENCE COMPETITIVE CONQUESTING PLACEMENT - STANDARD BANNER - Fall Hero_Run of Network_Retarget_F25-54_300 x 250_Click and View_NV_NA,204446153,9/18/2017,11442,325,11117,11107,10,1,9,4,5,11108,4937,4941
TJN_TJX_TJMaxx 2H DIG_FY18,xAd Inc.,PJMTN8_TJN_TJX_028_Mobile_GROUND TRUTH FKA XAD_DST_SV1_MAP_DIR_DSP_TRG_RON_BTG_BTG_DVY_PHASE 1_BEHAVIORAL AUDIENCE STRATEGIC SAVERS PLACEMENT - STANDARD BANNER - Maxx You Maxx Life_Run of Network_Behavioral_F25-54_320 x 50_Click and View_NV_NA,204447851,10/12/2017,13482,216,13266,2997,10269,90,10179,7437,2742,3087,2255,9692
TJN_MAR_023_Marshalls 2H Digital_F18,xAd Inc.,PJQ0YN_TJN_MAR_023_Mobile_GROUND TRUTH FKA XAD_DST_SV1_MAP_DIR_DSP_TRG_RON_PXT_BTG_DVY_GEOBLOCKS LOYALTY - DYNAMIC DISTANCE_Run of Network_Geo_F25-54_320 x 50_Click and View_NV_NA,204558328,10/20/2017,66536,771,65765,61081,4684,334,4350,4024,326,61415,47069,51093
TJN_TJX_TJMaxx 2H DIG_FY18,xAd Inc.,PJYDBR_TJN_TJX_028_Mobile_GROUND TRUTH FKA XAD_DST_SV1_MAP_DIR_RCH_TRG_RON_BTG_BTG_DVY_PHASE 1_BEHAVIORAL AUDIENCE TRENDSETTERS PLACEMENT - RICH MEDIA STORE LOCATOR - Maxx You Maxx Life_Run of Network_Behavioral_F25-54_320 x 50_Click and View_NV_NA,205145234,10/13/2017,7615,81,7534,3170,4364,144,4220,3437,783,3314,2699,6136
TJN_TJX_TJMaxx 2H DIG_FY18,Viant,"PK2X7J_TJN_TJX_028_Data_VIANT INC_DSI_SV1_MWB_DIR_RCH_TRG_INT_BTG_CTG_DVY_PHASE 1_VIANT IMP, W25-54 STRATEGIC SAVERS, CONTOBOX - Honeycomb_Fixed Placement_Behavioral_F25-54_300 x 250_Click and View_NV_NA",205688479,9/27/2017,1590,44,1546,3,1543,124,1419,240,1179,127,21,261
TJN_TJX_TJMaxx 2H DIG_FY18,Conversant Inc.,PJNPMJ_TJN_TJC_031_Audience_CONVERSANT_PUR_ROI_MAP_NET_DSP_TRG_RON_BTG_BTG_DVY_SMARTPHONE MEDIUM RECTANGLE - STRATEGIC SAVERS_Run of Site_Other_P18+_300 x 250_Standard_NV_NA,204442063,10/8/2017,10103,82,10021,0,10021,1422,8599,5013,3586,1422,829,5842
TJN_TJX_TJMaxx 2H DIG_FY18,Conversant Inc.,PJPWPB_TJN_TJX_028_Audience_CONVERSANT_DST_SV1_DSK_NET_DSP_TRG_RON_BTG_BTG_DVY_PHASE 1_ DESKTOP RECTANGLE - CONVERSANT SHOPPERS AV_Run of Site_Behavioral_P18+_300 x 600_Standard_NV_NA,204447254,9/11/2017,49,15,34,0,34,1,33,15,18,1,0,15
TJN_MAR_023_Marshalls 2H Digital_F18,xAd Inc.,PJQ0Y6_TJN_MAR_023_Mobile_GROUND TRUTH FKA XAD_DST_SV1_MAP_DIR_DSP_TRG_RON_PXT_BTG_DVY_PROXIMITY LOYALTY - DYNAMIC DISTANCE_Run of Network_Geo_F25-54_320 x 50_Click and View_NV_NA,204556888,9/20/2017,98986,2419,96567,65961,30606,10094,20512,17146,3366,76055,54542,71688
TJN_TJX_TJMaxx 2H DIG_FY18,Viant,PJPXKS_TJN_TJX_028_Data_VIANT INC_DSI_SV1_DSK_DIR_DSP_TRG_RON_BTG_CTG_DVY_PHASE 1_DESKTOP DISPLAY VIANT IMP TARGETING - STRATEGIC SAVERS AV_Fixed Placement_Demo_F25-54_160 x 600_Standard_NV_NA,204477475,9/26/2017,1999,245,1754,1,1753,264,1489,448,1041,265,80,528
TJN_TJX_TJMaxx 2H DIG_FY18,Foursquare,"PJYHWD_TJN_TJX_028_Audience_FOURSQUARE LABS, INC_DST_SV1_MAP_PRO_DSP_TRG_RON_PXT_BTG_DVY_PHASE 1_PINPOINT COMPETITIVE CONQUESTING_Run of Network_Geo_F25-54_300 x 250_Standard_NV_NA",205235284,10/9/2017,5056,441,4615,2543,2072,107,1965,1308,657,2650,1764,3072
TJN_MAR_023_Marshalls 2H Digital_F18,NinthDecimal,PJPSRZ_TJN_MAR_023_Mobile_NINTHDECIMAL_DST_SV1_MAP_DIR_RCH_TRG_RON_BTG_DMA_DVY_CONSUMER JOURNEY: BARGAIN HUNTERS_Run of Network_Behavioral_F25-54_320 x 50_Click and View_NV_NA,204542873,9/17/2017,18572,352,18220,6208,12012,74,11938,11579,359,6282,6093,17672
TJN_TJX_TJMaxx 2H DIG_FY18,Viant,"PJNSHG_TJN_TJX_028_Data_VIANT INC_DSI_SV1_DSK_DIR_DSP_TRG_RON_BTG_CTG_DVY_PHASE 1_VIANT DIRECT MATCH RETAIL, COMPETITIVE CONQUESTING, DISPLAY_Fixed Placement_Behavioral_F25-54_728 x 90_Standard_NV_NA",204478490,9/26/2017,10526,367,10159,0,10159,1145,9014,5321,3693,1145,676,5997
TJN_TJX_TJMaxx 2H DIG_FY18,Viant,"PK2X7F_TJN_TJX_028_Data_VIANT INC_DSI_SV1_DSK_DIR_RCH_TRG_INT_BTG_CTG_DVY_PHASE 1_VIANT IMP, W25-54 STRATEGIC SAVERS, CONTOBOX - Honeycomb_Fixed Placement_Behavioral_F25-54_728 x 90_Click and View_NV_NA",205727841,9/24/2017,1480,15,1465,1,1464,81,1383,661,722,82,39,700
TJN_MAR_023_Marshalls 2H Digital_F18,NinthDecimal,PJPSRR_TJN_MAR_023_Mobile_NINTHDECIMAL_DST_SV1_MAP_DIR_RCH_TRG_RON_PXT_DMA_DVY_GEOFENCE: 2-MILE RADIUS AROUND URBAN STORES_Run of Network_Geo_F25-54_320 x 50_Click and View_NV_NA,204541523,10/3/2017,4038,133,3905,1609,2296,15,2281,2219,62,1624,1580,3799
TJN_TJX_TJMaxx 2H DIG_FY18,Conversant Inc.,PJPWBT_TJN_TJX_028_Audience_CONVERSANT_DST_SV1_DSK_NET_DSP_TRG_RON_BTG_BTG_DVY_PHASE 1_ DESKTOP LEADERBOARD - CJ INTERACTORS LAL MODELING_Run of Site_Behavioral_P18+_728 x 90_Standard_NV_NA,204446096,10/17/2017,81951,5782,76169,17,76152,8500,67652,30897,36755,8517,3890,34787
TJN_MAR_023_Marshalls 2H Digital_F18,xAd Inc.,PJQ0YC_TJN_MAR_023_Mobile_GROUND TRUTH FKA XAD_DST_SV1_MAP_DIR_DSP_TRG_RON_PXT_BTG_DVY_PROXIMITY CONQUESTING - DYNAMIC DISTANCE_Run of Network_Geo_F25-54_300 x 250_Click and View_NV_NA,204595923,10/19/2017,12406,502,11904,11904,0,0,0,0,0,11904,11904,11904
TJN_TJX_TJMaxx 2H DIG_FY18,Foursquare,"PK0H80_TJN_TJX_028_Audience_FOURSQUARE LABS, INC_DST_SV1_MAP_PRO_RCH_TRG_RON_PXT_BTG_DVY_PHASE 1_MOBILE RICH MEDIA STRATEGIC SAVERS - Find A Store_Run of Network_Geo_F25-54_320 x 50_Standard_NV_NA",205394974,10/3/2017,41882,1596,40286,24368,15918,2439,13479,9399,4080,26807,18693,28092
TJN_MAR_023_Marshalls 2H Digital_F18,NinthDecimal,PJPSRV_TJN_MAR_023_Mobile_NINTHDECIMAL_DST_SV1_MAP_DIR_RCH_TRG_RON_BTG_PXT_DVY_LOCATION GRAPH: MARSHALLS LOYALISTS_Run of Network_Behavioral_F25-54_320 x 50_Click and View_NV_NA,204555232,9/17/2017,16314,206,16108,5334,10774,46,10728,10301,427,5380,5166,15467
TJN_TJX_TJMaxx 2H DIG_FY18,Conversant Inc.,PJPWPD_TJN_TJX_028_Audience_CONVERSANT_DST_SV1_MAP_NET_DSP_TRG_RON_BTG_BTG_DVY_PHASE 1_ SMARTPHONE SMALL BANNER  - CONVERSANT SHOPPERS AV_Run of Site_Behavioral_P18+_320 x 50_Standard_NV_NA,204447251,9/28/2017,1193,22,1171,0,1171,293,878,556,322,293,186,742
TJN_MAR_023_Marshalls 2H Digital_F18,xAd Inc.,PJQ0Y9_TJN_MAR_023_Mobile_GROUND TRUTH FKA XAD_DST_SV1_MAP_DIR_RCH_TRG_RON_WEA_PXT_DVY_PROXIMITY LOYALTY - WEATHER LOCATOR UNIT_Run of Network_Weather_F25-54_300 x 250_Click and View_NV_NA,204541757,10/1/2017,2,0,2,1,1,1,0,0,0,2,2,2
TJN_MAR_023_Marshalls 2H Digital_F18,xAd Inc.,PJQ0YL_TJN_MAR_023_Mobile_GROUND TRUTH FKA XAD_DST_SV1_MAP_DIR_DSP_TRG_RON_BTG_PXT_DVY_COMPETITOR SHOPPERS - DYNAMIC DISTANCE_Run of Network_Geo_F25-54_320 x 50_Click and View_NV_NA,204595638,10/8/2017,6166,156,6010,3732,2278,99,2179,1473,706,3831,2587,4060
TJN_TJX_TJMaxx 2H DIG_FY18,Viant,"PJSPBT_TJN_TJC_031_Data_VIANT INC_PUR_ROI_MWB_DIR_DSP_TRG_RON_BTG_MKT_DVY_DETERMINSTIC LAL OF ECOM CONVERTERS, CROSS DEVICE DISPLAY_Fixed Placement_Behavioral_F25-54_300 x 250_Click_NV_NA",204732642,10/13/2017,510,13,497,2,495,73,422,169,253,75,30,199
TJN_TJX_TJMaxx 2H DIG_FY18,Foursquare,"PKFMM0_TJN_TJX_028_Audience_FOURSQUARE LABS, INC_DST_SV1_MAP_PRO_RCH_TRG_RON_PXT_BTG_DVY_PHASE 1_MOBILE RICH MEDIA STRATEGIC SAVERS - Booties_Run of Network_Geo_F25-54_300 x 250_Standard_NV_NA",206813029,10/16/2017,3547,44,3503,356,3147,186,2961,752,2209,542,138,890
TJN_TJX_TJMaxx 2H DIG_FY18,Viant,"PJNSH9_TJN_TJX_028_Data_VIANT INC_DSI_SV1_TWB_DIR_DSP_TRG_RON_BTG_CTG_DVY_PHASE 1_VIANT DIRECT MATCH RETAIL, COMPETITIVE CONQUESTING, DISPLAY_Fixed Placement_Behavioral_F25-54_300 x 250_Standard_NV_NA",204526701,10/12/2017,4280,41,4239,0,4239,1028,3211,2586,625,1028,828,3414
TJN_TJX_TJMaxx 2H DIG_FY18,Conversant Inc.,PJPWPF_TJN_TJX_028_Audience_CONVERSANT_DST_SV1_TAP_NET_DSP_TRG_RON_BTG_BTG_DVY_PHASE 1_ TABLET LEADERBOARD - CONVERSANT SHOPPERS AV_Run of Site_Behavioral_P18+_728 x 90_Standard_NV_NA,204442915,10/20/2017,573,7,566,0,566,126,440,234,206,126,67,301
TJN_TJX_TJMaxx 2H DIG_FY18,Viant,"PJNSGV_TJN_TJX_028_Data_VIANT INC_DSI_SV1_DSK_DIR_DSP_TRG_RON_BTG_CTG_DVY_PHASE 1_VIANT DIRECT MATCH RETAIL, TJX PORFOLIO LOYALISTS, DISPLAY_Fixed Placement_Behavioral_F25-54_728 x 90_Standard_NV_NA",204478511,9/18/2017,108052,8765,99287,0,99287,6522,92765,68692,24073,6522,4830,73522
TJN_TJX_TJMaxx 2H DIG_FY18,PlaceIQ,PK19YZ_TJN_TJX_028_Mobile_PLACEIQ INC_DST_SV1_MAP_DIR_RCH_TRG_RON_BTG_PTG_DVY_PHASE 1_RICH MEDIA_STRATEGIC SAVERS_INFORMER CONSUMER SHOPPERS+TOP TIER APPAREL SHOPPER_Run of Network_Behavioral_F25-54_320 x 50_Click and View_NV_NA,205563548,9/27/2017,109665,5465,104200,62353,41847,2784,39063,37454,1609,65137,62454,99908
TJN_MAR_023_Marshalls 2H Digital_F18,xAd Inc.,PJQ0YF_TJN_MAR_023_Mobile_GROUND TRUTH FKA XAD_DST_SV1_MAP_DIR_RCH_TRG_RON_WEA_PXT_DVY_PROXIMITY CONQUESTING - WEATHER LOCATOR UNIT_Run of Network_Weather_F25-54_300 x 250_Click and View_NV_NA,204596913,10/7/2017,1733,47,1686,99,1587,68,1519,1429,90,167,157,1586
TJN_TJX_TJMaxx 2H DIG_FY18,Foursquare,"PK0H81_TJN_TJX_028_Audience_FOURSQUARE LABS, INC_DST_SV1_MAP_PRO_RCH_TRG_RON_PXT_BTG_DVY_PHASE 1_MOBILE RICH MEDIA TRENDSETTERS - Fall Honeycomb_Run of Network_Geo_F25-54_300 x 250_Standard_NV_NA",205337093,10/11/2017,4223,511,3712,751,2961,243,2718,651,2067,994,238,889
TJN_TJX_TJMaxx 2H DIG_FY18,Viant,"PKGJ6J_TJN_TJC_031_Data_VIANT INC_PUR_ROI_TWB_DIR_CUS_TRG_NAT_BTG_MKT_DVY_W25-54 + KEYWORD TARGETING, CROSS DEVICE NATIVE - Dresses_Fixed Placement_Contextual_F25-54_0 x 0_Click_NV_NA",206833317,10/16/2017,7,4,3,3,0,0,0,0,0,3,2,2
TJN_MAR_023_Marshalls 2H Digital_F18,xAd Inc.,PJQ0YN_TJN_MAR_023_Mobile_GROUND TRUTH FKA XAD_DST_SV1_MAP_DIR_DSP_TRG_RON_PXT_BTG_DVY_GEOBLOCKS LOYALTY - DYNAMIC DISTANCE_Run of Network_Geo_F25-54_320 x 50_Click and View_NV_NA,204558328,9/5/2017,19075,408,18667,12672,5995,4578,1417,1215,202,17250,11671,12886
TJN_TJX_TJMaxx 2H DIG_FY18,Viant,"PJNSHB_TJN_TJX_028_Data_VIANT INC_DSI_SV1_MWB_DIR_DSP_TRG_RON_BTG_CTG_DVY_PHASE 1_VIANT DIRECT MATCH RETAIL, COMPETITIVE CONQUESTING, DISPLAY_Fixed Placement_Behavioral_F25-54_300 x 50_Standard_NV_NA",204478658,9/12/2017,1,0,1,0,1,0,1,1,0,0,0,1
TJN_MAR_023_Marshalls 2H Digital_F18,xAd Inc.,PJQ0YM_TJN_MAR_023_Mobile_GROUND TRUTH FKA XAD_DST_SV1_MAP_DIR_DSP_TRG_RON_BTG_PXT_DVY_COMPETITOR SHOPPERS - DYNAMIC DISTANCE_Run of Network_Geo_F25-54_300 x 250_Click and View_NV_NA,204555259,10/5/2017,8775,476,8299,8286,13,0,13,0,13,8286,0,0
TJN_TJX_TJMaxx 2H DIG_FY18,xAd Inc.,PJMTN1_TJN_TJX_028_Mobile_GROUND TRUTH FKA XAD_DST_SV1_MAP_DIR_DSP_TRG_RON_DMA_DMA_DVY_PHASE 1_ADDED VALUE DMA TARGETING STANDALONE: STANDARD BANNER - Maxx You Maxx Life_Run of Network_Geo_F25-54_320 x 50_Click and View_NV_NA,204443461,10/6/2017,3,1,2,2,0,0,0,0,0,2,2,2
TJN_TJX_TJMaxx 2H DIG_FY18,Conversant Inc.,PJNPMH_TJN_TJC_031_Audience_CONVERSANT_PUR_ROI_MAP_NET_DSP_TRG_RON_BTG_BTG_DVY_SMARTPHONE SMALL BANNER - STRATEGIC SAVERS_Run of Site_Other_P18+_320 x 50_Standard_NV_NA,204442066,10/20/2017,1930,23,1907,1,1906,421,1485,674,811,422,192,866
TJN_TJX_TJMaxx 2H DIG_FY18,Conversant Inc.,PJPTLL_TJN_TJC_031_Audience_CONVERSANT_PUR_ROI_DSK_NET_DSP_TRG_RON_BTG_BTG_DVY_DESKTOP WIDE SKYSCRAPER- TRENDSETTERS_Run of Site_Other_P18+_160 x 600_Standard_NV_NA,204447269,10/9/2017,7782,369,7413,0,7413,1888,5525,1750,3775,1888,598,2348
TJN_TJX_TJMaxx 2H DIG_FY18,xAd Inc.,PJPXK1_TJN_TJX_028_Mobile_GROUND TRUTH FKA XAD_DST_SV1_MAP_DIR_DSP_TRG_RON_PXT_PXT_DVY_PHASE 1_PROXIMITY LOYALTY PLACEMENT - STANDARD BANNER - TJMaxx_Run of Network_Geo_F25-54_320 x 50_Click and View_NV_NA,204483996,9/16/2017,42701,619,42082,15046,27036,14787,12249,9328,2921,29833,19881,29209
TJN_TJX_TJMaxx 2H DIG_FY18,Conversant Inc.,PJPTLM_TJN_TJC_031_Audience_CONVERSANT_PUR_ROI_MAP_NET_DSP_TRG_RON_BTG_BTG_DVY_SMARTPHONE SMALL BANNER - TRENDSETTERS_Run of Site_Other_P18+_320 x 50_Standard_NV_NA,204447785,9/22/2017,1,0,1,0,1,0,1,1,0,0,0,1
TJN_MAR_023_Marshalls 2H Digital_F18,NinthDecimal,PJPSRX_TJN_MAR_023_Mobile_NINTHDECIMAL_DST_SV1_MAP_DIR_RCH_TRG_RON_BTG_PXT_DVY_LOCATION GRAPH: COMPETITIVE CONQUESTING_Run of Network_Behavioral_F25-54_320 x 50_Click and View_NV_NA,204542879,10/9/2017,20007,239,19768,6704,13064,78,12986,12580,406,6782,6570,19150
TJN_TJX_TJMaxx 2H DIG_FY18,Foursquare,"PJPST0_TJN_TJX_028_Audience_FOURSQUARE LABS, INC_DST_SV1_MAP_PRO_RCH_TRG_RON_PXT_BTG_DVY_PHASE 1_MOBILE RICH MEDIA COMPETITIVE CONQUESTING - Find A TJ Maxx Store_Run of Network_Geo_F25-54_320 x 50_Standard_NV_NA",204525348,9/26/2017,48698,1695,47003,40027,6976,826,6150,4696,1454,40853,31194,35890
TJN_TJX_TJMaxx 2H DIG_FY18,Conversant Inc.,PJPTMH_TJN_TJC_031_Audience_CONVERSANT_PUR_ROI_TAP_NET_DSP_TRG_RON_BTG_BTG_DVY_TABLET LEADERBOARD- COMPETITIVE CONQUESTING_Run of Site_Other_P18+_728 x 90_Standard_NV_NA,204483936,10/10/2017,2031,22,2009,8,2001,268,1733,993,740,276,158,1151
TJN_TJX_TJMaxx 2H DIG_FY18,Conversant Inc.,PJNPML_TJN_TJC_031_Audience_CONVERSANT_PUR_ROI_DSK_NET_DSP_TRG_RON_BTG_BTG_DVY_DESKTOP MEDIUM RECTANGLE- STRATEGIC SAVERS_Run of Site_Other_P18+_300 x 250_Standard_NV_NA,204443407,10/9/2017,21532,1176,20356,0,20356,2771,17585,10249,7336,2771,1615,11864
TJN_TJX_TJMaxx 2H DIG_FY18,Viant,"PJSPCG_TJN_TJC_031_Data_VIANT INC_PUR_ROI_DSK_DIR_DSP_TRG_RON_BTG_MKT_DVY_W25-54 + ONLINE SHOPPERS, CROSS DEVICE DISPLAY_Fixed Placement_Behavioral_F25-54_300 x 50_Click_NV_NA",204716182,10/16/2017,90,3,87,0,87,14,73,53,20,14,10,63
TJN_TJX_TJMaxx 2H DIG_FY18,Conversant Inc.,PJPWPB_TJN_TJX_028_Audience_CONVERSANT_DST_SV1_DSK_NET_DSP_TRG_RON_BTG_BTG_DVY_PHASE 1_ DESKTOP RECTANGLE - CONVERSANT SHOPPERS AV_Run of Site_Behavioral_P18+_300 x 600_Standard_NV_NA,204447254,9/23/2017,119,5,114,0,114,45,69,17,52,45,11,28
TJN_TJX_TJMaxx 2H DIG_FY18,Viant,"PK2V50_TJN_TJX_028_Data_VIANT INC_DSI_SV1_DSK_DIR_RCH_TRG_INT_BTG_CTG_DVY_PHASE 1_VIANT IMP, W25-54 STRATEGIC SAVERS, CONTOBOX - Fall Homes_Fixed Placement_Behavioral_F25-54_160 x 600_Click and View_NV_NA",205726908,10/4/2017,883,9,874,0,874,47,827,306,521,47,17,323
TJN_TJX_TJMaxx 2H DIG_FY18,xAd Inc.,PKF465_TJN_TJX_028_Mobile_GROUND TRUTH FKA XAD_DST_SV1_MAP_DIR_DSP_TRG_RON_PXT_PXT_DVY_PHASE 1_PROXIMITY LOYALTY PLACEMENT - STANDARD BANNER - Dresses_Run of Network_Geo_F25-54_300 x 250_Click and View_NV_NA,206813101,10/19/2017,3269,69,3200,3198,2,0,2,2,0,3198,3198,3200
TJN_MAR_023_Marshalls 2H Digital_F18,xAd Inc.,PJQ0YS_TJN_MAR_023_Mobile_GROUND TRUTH FKA XAD_DST_SV1_MAP_DIR_DSP_TRG_RON_DMA_BTG_DVY_AV DMA TARGETING_Run of Network_Geo_F25-54_300 x 250_Click and View_NV_NA,204558337,9/8/2017,51698,985,50713,3319,47394,346,47048,40500,6548,3665,3155,43655
TJN_TJX_TJMaxx 2H DIG_FY18,Foursquare,"PJPQKZ_TJN_TJX_028_Audience_FOURSQUARE LABS, INC_DST_SV1_MAP_PRO_DSP_TRG_RON_PXT_BTG_DVY_PHASE 1_PINPOINT TRENDSETTERS_Run of Network_Geo_F25-54_300 x 250_Standard_NV_NA",204481813,10/4/2017,10890,636,10254,2369,7885,345,7540,3531,4009,2714,1271,4802
TJN_TJX_TJMaxx 2H DIG_FY18,xAd Inc.,PJYDBV_TJN_TJX_028_Mobile_GROUND TRUTH FKA XAD_DST_SV1_MAP_DIR_RCH_TRG_RON_BTG_BTG_DVY_PHASE 1_BEHAVIORAL AUDIENCE STRATEGIC SAVERS PLACEMENT - RICH MEDIA STORE LOCATOR - Maxx You Maxx Life_Run of Network_Behavioral_F25-54_320 x 50_Click and View_NV_NA,205148243,9/28/2017,17514,198,17316,8515,8801,313,8488,6663,1825,8828,6930,13593
TJN_TJX_TJMaxx 2H DIG_FY18,Foursquare,"PKFMLR_TJN_TJX_028_Audience_FOURSQUARE LABS, INC_DST_SV1_MAP_PRO_RCH_TRG_RON_PXT_BTG_DVY_PHASE 1_MOBILE RICH MEDIA STRATEGIC SAVERS - Find A Store V2_Run of Network_Geo_F25-54_320 x 50_Standard_NV_NA",206832741,10/20/2017,8033,159,7874,5635,2239,307,1932,1715,217,5942,5275,6990
TJN_TJX_TJMaxx 2H DIG_FY18,PlaceIQ,PK19YY_TJN_TJX_028_Mobile_PLACEIQ INC_DST_SV1_MAP_DIR_RCH_TRG_RON_BTG_PTG_DVY_PHASE 1_RICH MEDIA_STRATEGIC SAVERS_FREQUENT WOMEN'S APPAREL SHOPPER+DISCRETIONARY SPEND SHOPPERS_Run of Network_Behavioral_F25-54_320 x 50_Click and View_NV_NA,205568681,10/19/2017,29166,478,28688,11270,17418,570,16848,16354,494,11840,11493,27847
TJN_TJX_TJMaxx 2H DIG_FY18,Viant,"PJSPBS_TJN_TJC_031_Data_VIANT INC_PUR_ROI_DSK_DIR_DSP_TRG_RON_BTG_MKT_DVY_DETERMINSTIC LAL OF ECOM CONVERTERS, CROSS DEVICE DISPLAY_Fixed Placement_Behavioral_F25-54_728 x 90_Click_NV_NA",204733518,10/20/2017,789,51,738,0,738,67,671,549,122,67,55,604
TJN_TJX_TJMaxx 2H DIG_FY18,xAd Inc.,PKF8WD_TJN_TJX_028_Mobile_GROUND TRUTH FKA XAD_DST_SV1_MAP_DIR_RCH_TRG_RON_PXT_PXT_DVY_PHASE 1_PROXIMITY LOYALTY PLACEMENT - RICH MEDIA STORE LOCATOR - Find A Store V1_Run of Network_Geo_F25-54_320 x 50_Click and View_NV_NA,206772065,10/19/2017,8940,103,8837,2897,5940,26,5914,5587,327,2923,2761,8348
TJN_TJX_TJMaxx 2H DIG_FY18,xAd Inc.,PJYDBW_TJN_TJX_028_Mobile_GROUND TRUTH FKA XAD_DST_SV1_MAP_DIR_RCH_TRG_RON_BTG_BTG_DVY_PHASE 1_BEHAVIORAL AUDIENCE STRATEGIC SAVERS PLACEMENT - RICH MEDIA STORE LOCATOR - Fall Hero_Run of Network_Behavioral_F25-54_300 x 250_Click and View_NV_NA,205207030,10/9/2017,5216,58,5158,826,4332,121,4211,1840,2371,947,414,2254
TJN_TJX_TJMaxx 2H DIG_FY18,Conversant Inc.,PJPWPB_TJN_TJX_028_Audience_CONVERSANT_DST_SV1_DSK_NET_DSP_TRG_RON_BTG_BTG_DVY_PHASE 1_ DESKTOP RECTANGLE - CONVERSANT SHOPPERS AV_Run of Site_Behavioral_P18+_300 x 600_Standard_NV_NA,204447254,10/2/2017,219,12,207,0,207,68,139,45,94,68,22,67
TJN_TJX_TJMaxx 2H DIG_FY18,Foursquare,"PK0H84_TJN_TJX_028_Audience_FOURSQUARE LABS, INC_DST_SV1_MAP_PRO_RCH_TRG_RON_PXT_BTG_DVY_PHASE 1_MOBILE RICH MEDIA COMPETITIVE CONQUESTING - Find A Store_Run of Network_Geo_F25-54_320 x 50_Standard_NV_NA",205427847,10/9/2017,35472,796,34676,28212,6464,330,6134,4577,1557,28542,21297,25874
TJN_TJX_TJMaxx 2H DIG_FY18,xAd Inc.,PJPXK2_TJN_TJX_028_Mobile_GROUND TRUTH FKA XAD_DST_SV1_MAP_DIR_DSP_TRG_RON_PXT_PXT_DVY_PHASE 1_PROXIMITY LOYALTY PLACEMENT - STANDARD BANNER - Fall Hero_Run of Network_Geo_F25-54_300 x 250_Click and View_NV_NA,204442945,9/23/2017,10587,193,10394,10324,70,24,46,1,45,10348,225,226
TJN_TJX_TJMaxx 2H DIG_FY18,Hulu,PK3DG6_TJN_TJX_027_Content_HULU_BAF_BS2_TWB_DIR_VID_SPN_CHS_CTG_CTG_DVY_FALL TV SPONSORSHIP: MASTHEAD BRAND - CONNECTED TV_FEP_Contextual_F25-54_1 x 1_Standard_NV_NA,205634534,9/28/2017,2,0,2,2,0,0,0,0,0,2,2,2
TJN_TJX_TJMaxx 2H DIG_FY18,Conversant Inc.,PJPWPB_TJN_TJX_028_Audience_CONVERSANT_DST_SV1_DSK_NET_DSP_TRG_RON_BTG_BTG_DVY_PHASE 1_ DESKTOP RECTANGLE - CONVERSANT SHOPPERS AV_Run of Site_Behavioral_P18+_300 x 600_Standard_NV_NA,204447254,10/1/2017,184,8,176,0,176,59,117,31,86,59,16,47
TJN_TJX_TJMaxx 2H DIG_FY18,xAd Inc.,PJMTNR_TJN_TJX_028_Mobile_GROUND TRUTH FKA XAD_DST_SV1_MAP_DIR_RCH_TRG_RON_BTG_BTG_DVY_PHASE 1_BEHAVIORAL AUDIENCE STRATEGIC SAVERS PLACEMENT - RICH MEDIA STORE LOCATOR - Fall Handbag_Run of Network_Behavioral_F25-54_300 x 250_Click and View_NV_NA,204442108,9/21/2017,4072,71,4001,1264,2737,72,2665,1266,1399,1336,635,1901
TJN_TJX_TJMaxx 2H DIG_FY18,Conversant Inc.,PJNPLZ_TJN_TJX_028_Audience_CONVERSANT_DST_SV1_MAP_NET_DSP_TRG_RON_BTG_BTG_DVY_PHASE 1_ SMARTPHONE SMALL BANNER  - CJ CONVERTERS LAL MODELING_Run of Site_Behavioral_P18+_320 x 50_Standard_NV_NA,204442891,10/9/2017,23345,235,23110,48,23062,3115,19947,11025,8922,3163,1748,12773
TJN_MAR_023_Marshalls 2H Digital_F18,Bustle,PKGB7T_TJN_MAR_023_Content_BUSTLE_Custom Content Roadblock Custom Shot Feature 1 - 300x250_Roadblock_Contextual_F25-54_300 x 250_Click and View_NV_NA,206751412,10/12/2017,19268,340,18928,16,18912,17554,1358,1056,302,17570,13663,14719
TJN_MAR_023_Marshalls 2H Digital_F18,NinthDecimal,PJPSRW_TJN_MAR_023_Mobile_NINTHDECIMAL_DST_SV1_MAP_DIR_RCH_TRG_RON_BTG_PXT_DVY_LOCATION GRAPH: TJX FAMILY LOYALISTS_Run of Network_Behavioral_F25-54_320 x 50_Click and View_NV_NA,204541739,10/4/2017,18095,335,17760,6354,11406,58,11348,10987,361,6412,6208,17195
TJN_MAR_023_Marshalls 2H Digital_F18,xAd Inc.,PJQ0YS_TJN_MAR_023_Mobile_GROUND TRUTH FKA XAD_DST_SV1_MAP_DIR_DSP_TRG_RON_DMA_BTG_DVY_AV DMA TARGETING_Run of Network_Geo_F25-54_300 x 250_Click and View_NV_NA,204558337,10/7/2017,52794,1179,51615,7615,44000,365,43635,36284,7351,7980,6636,42920
TJN_TJX_TJMaxx 2H DIG_FY18,Viant,"PJNSH9_TJN_TJX_028_Data_VIANT INC_DSI_SV1_TWB_DIR_DSP_TRG_RON_BTG_CTG_DVY_PHASE 1_VIANT DIRECT MATCH RETAIL, COMPETITIVE CONQUESTING, DISPLAY_Fixed Placement_Behavioral_F25-54_300 x 250_Standard_NV_NA",204526701,10/10/2017,2252,34,2218,0,2218,466,1752,1420,332,466,378,1798
TJN_TJX_TJMaxx 2H DIG_FY18,Foursquare,"PJPSSW_TJN_TJX_028_Audience_FOURSQUARE LABS, INC_DST_SV1_MAP_PRO_RCH_TRG_RON_PXT_BTG_DVY_PHASE 1_MOBILE RICH MEDIA STRATEGIC SAVERS - Find A TJ Maxx Store_Run of Network_Geo_F25-54_320 x 50_Standard_NV_NA",204525357,10/20/2017,1,1,0,0,0,0,0,0,0,0,0,0
TJN_MAR_023_Marshalls 2H Digital_F18,NinthDecimal,PJPSRT_TJN_MAR_023_Mobile_NINTHDECIMAL_DST_SV1_MAP_DIR_RCH_TRG_RON_PXT_DMA_DVY_GEOFENCE: 15-20-MILE RADIUS AROUND RURAL STORES_Run of Network_Geo_F25-54_320 x 50_Click and View_NV_NA,204542885,9/20/2017,163518,3983,159535,83402,76133,553,75580,73382,2198,83955,81513,154895
TJN_TJX_TJMaxx 2H DIG_FY18,Conversant Inc.,PJPTMN_TJN_TJC_031_Audience_CONVERSANT_PUR_ROI_MAP_NET_DSP_TRG_RON_BTG_BTG_DVY_SMARTPHONE MEDIUM RECTANGLE - COMPETITIVE CONQUESTING_Run of Site_Other_P18+_300 x 250_Standard_NV_NA,204447221,10/15/2017,599,6,593,0,593,110,483,378,105,110,86,464
TJN_TJX_TJMaxx 2H DIG_FY18,Foursquare,"PJPRQH_TJN_TJX_028_Audience_FOURSQUARE LABS, INC_DST_SV1_MAP_PRO_DSP_TRG_RON_PXT_BTG_DVY_PHASE 1_PINPOINT STRATEGIC SAVERS AV_Run of Network_Geo_F25-54_300 x 250_Standard_NV_NA",204481807,10/5/2017,92,2,90,33,57,5,52,36,16,38,26,62
TJN_TJX_TJMaxx 2H DIG_FY18,xAd Inc.,PJPXJZ_TJN_TJX_028_Mobile_GROUND TRUTH FKA XAD_DST_SV1_MAP_DIR_DSP_TRG_RON_BTG_BTG_DVY_PHASE 1_BEHAVIORAL AUDIENCE TRENDSETTERS PLACEMENT - STANDARD BANNER - Fall Hero_Run of Network_Behavioral_F25-54_300 x 250_Click and View_NV_NA,204446156,9/10/2017,10014,139,9875,9832,43,5,38,25,13,9837,6472,6497
TJN_TJX_TJMaxx 2H DIG_FY18,NBC Universal Media,PK2LGK_TJN_TJX_028_Content_NBCUNI.COM_BAF_BS2_DSK_DIR_DSP_SPN_HPT_CTG_CTG_DCM_100% SOV NBC HOMEPAGE ROADBLOCK 10/17 - 970X66 DESKTOP_HP Takeover_Contextual_F25-54_970 x 66_Standard_NV_NA,205569500,10/18/2017,75690,4697,70993,120,70873,2536,68337,59995,8342,2656,2332,62327
TJN_TJX_TJMaxx 2H DIG_FY18,Foursquare,"PJMQ2D_TJN_TJX_028_Audience_FOURSQUARE LABS, INC_DST_SV1_MAP_PRO_DSP_TRG_RON_PXT_BTG_DVY_PHASE 1_PINPOINT STRATEGIC SAVERS_Run of Network_Geo_F25-54_300 x 250_Standard_NV_NA",204483457,9/9/2017,4482,1034,3448,1583,1865,1057,808,265,543,2640,866,1131
TJN_TJX_TJMaxx 2H DIG_FY18,Viant,"PK2V4W_TJN_TJX_028_Data_VIANT INC_DSI_SV1_DSK_DIR_RCH_TRG_INT_BTG_CTG_DVY_PHASE 1_VIANT IMP, W25-54 STRATEGIC SAVERS, CONTOBOX - Fall Homes_Fixed Placement_Behavioral_F25-54_728 x 90_Click and View_NV_NA",205687309,9/25/2017,1364,25,1339,1,1338,63,1275,415,860,64,21,436
TJN_TJX_TJMaxx 2H DIG_FY18,xAd Inc.,PJMTN8_TJN_TJX_028_Mobile_GROUND TRUTH FKA XAD_DST_SV1_MAP_DIR_DSP_TRG_RON_BTG_BTG_DVY_PHASE 1_BEHAVIORAL AUDIENCE STRATEGIC SAVERS PLACEMENT - STANDARD BANNER - Maxx You Maxx Life_Run of Network_Behavioral_F25-54_320 x 50_Click and View_NV_NA,204447851,10/10/2017,10040,37,10003,2245,7758,110,7648,6202,1446,2355,1910,8112
TJN_TJX_TJMaxx 2H DIG_FY18,Foursquare,"PJPRVH_TJN_TJX_028_Audience_FOURSQUARE LABS, INC_DST_SV1_MAP_PRO_DSP_TRG_RON_PXT_BTG_DVY_PHASE 1_PINPOINT COMPETITIVE CONQUESTING AV_Run of Network_Geo_F25-54_320 x 50_Standard_NV_NA",204478088,10/8/2017,4064,64,4000,1494,2506,77,2429,1929,500,1571,1248,3177
TJN_TJX_TJMaxx 2H DIG_FY18,Viant,PJPXKR_TJN_TJX_028_Data_VIANT INC_DSI_SV1_DSK_DIR_DSP_TRG_RON_BTG_CTG_DVY_PHASE 1_DESKTOP DISPLAY VIANT IMP TARGETING - STRATEGIC SAVERS AV_Fixed Placement_Demo_F25-54_300 x 250_Standard_NV_NA,204475841,10/7/2017,540,56,484,0,484,37,447,212,235,37,18,230
TJN_TJX_TJMaxx 2H DIG_FY18,Conversant Inc.,PJPTMM_TJN_TJC_031_Audience_CONVERSANT_PUR_ROI_MAP_NET_DSP_TRG_RON_BTG_BTG_DVY_SMARTPHONE SMALL BANNER - COMPETITIVE CONQUESTING_Run of Site_Other_P18+_320 x 50_Standard_NV_NA,204483939,10/18/2017,1706,28,1678,0,1678,253,1425,842,583,253,149,991
TJN_MAR_023_Marshalls 2H Digital_F18,NinthDecimal,PJPSRY_TJN_MAR_023_Mobile_NINTHDECIMAL_DST_SV1_MAP_DIR_RCH_TRG_RON_BTG_PXT_DVY_LOCATION GRAPH: LABOR DAY SALES SHOPPERS_Run of Network_Behavioral_F25-54_320 x 50_Click and View_NV_NA,204542876,9/12/2017,427,6,421,62,359,5,354,346,8,67,65,411
TJN_TJX_TJMaxx 2H DIG_FY18,NBC Universal Media,PK3H7H_TJN_TJX_028_Content_NBCUNI.COM_BAF_BS2_DSK_DIR_DSP_SPN_HPT_CTG_CTG_DCM_100% SOV NBC HOMEPAGE ROADBLOCK 10/17 - 300X50 MOBILE_HP Takeover_Contextual_F25-54_300 x 50_Standard_NV_NA,205687864,10/16/2017,1,0,1,0,1,0,1,1,0,0,0,1
TJN_MAR_023_Marshalls 2H Digital_F18,NinthDecimal,PJPSRR_TJN_MAR_023_Mobile_NINTHDECIMAL_DST_SV1_MAP_DIR_RCH_TRG_RON_PXT_DMA_DVY_GEOFENCE: 2-MILE RADIUS AROUND URBAN STORES_Run of Network_Geo_F25-54_320 x 50_Click and View_NV_NA,204541523,9/26/2017,61996,1766,60230,28102,32128,149,31979,31049,930,28251,27429,58478
TJN_TJX_TJMaxx 2H DIG_FY18,Foursquare,"PJPRV8_TJN_TJX_028_Audience_FOURSQUARE LABS, INC_DST_SV1_MAP_PRO_DSP_TRG_RON_PXT_BTG_DVY_PHASE 1_PINPOINT TRENDSETTERS AV_Run of Network_Geo_F25-54_300 x 250_Standard_NV_NA",204527100,9/30/2017,33,3,30,15,15,0,15,8,7,15,8,16
TJN_MAR_023_Marshalls 2H Digital_F18,xAd Inc.,PJQ0Y9_TJN_MAR_023_Mobile_GROUND TRUTH FKA XAD_DST_SV1_MAP_DIR_RCH_TRG_RON_WEA_PXT_DVY_PROXIMITY LOYALTY - WEATHER LOCATOR UNIT_Run of Network_Weather_F25-54_300 x 250_Click and View_NV_NA,204541757,9/11/2017,407,4,403,84,319,4,315,303,12,88,85,388
TJN_TJX_TJMaxx 2H DIG_FY18,Foursquare,"PK0H81_TJN_TJX_028_Audience_FOURSQUARE LABS, INC_DST_SV1_MAP_PRO_RCH_TRG_RON_PXT_BTG_DVY_PHASE 1_MOBILE RICH MEDIA TRENDSETTERS - Fall Honeycomb_Run of Network_Geo_F25-54_300 x 250_Standard_NV_NA",205337093,10/6/2017,3691,204,3487,763,2724,179,2545,637,1908,942,236,873
TJN_MAR_023_Marshalls 2H Digital_F18,xAd Inc.,PJQ0YD_TJN_MAR_023_Mobile_GROUND TRUTH FKA XAD_DST_SV1_MAP_DIR_RCH_TRG_RON_WEA_PXT_DVY_PROXIMITY CONQUESTING - WEATHER LOCATOR UNIT_Run of Network_Weather_F25-54_320 x 50_Click and View_NV_NA,204541553,10/9/2017,11401,220,11181,3424,7757,171,7586,6880,706,3595,3260,10140
TJN_TJX_TJMaxx 2H DIG_FY18,Foursquare,"PK0H80_TJN_TJX_028_Audience_FOURSQUARE LABS, INC_DST_SV1_MAP_PRO_RCH_TRG_RON_PXT_BTG_DVY_PHASE 1_MOBILE RICH MEDIA STRATEGIC SAVERS - Find A Store_Run of Network_Geo_F25-54_320 x 50_Standard_NV_NA",205394974,9/26/2017,38253,2029,36224,22985,13239,1647,11592,8428,3164,24632,17909,26337
TJN_TJX_TJMaxx 2H DIG_FY18,Foursquare,"PJMQ2D_TJN_TJX_028_Audience_FOURSQUARE LABS, INC_DST_SV1_MAP_PRO_DSP_TRG_RON_PXT_BTG_DVY_PHASE 1_PINPOINT STRATEGIC SAVERS_Run of Network_Geo_F25-54_300 x 250_Standard_NV_NA",204483457,10/21/2017,2210,33,2177,1863,314,111,203,90,113,1974,875,965
TJN_TJX_TJMaxx 2H DIG_FY18,xAd Inc.,PJMTN9_TJN_TJX_028_Mobile_GROUND TRUTH FKA XAD_DST_SV1_MAP_DIR_DSP_TRG_RON_BTG_BTG_DVY_PHASE 1_BEHAVIORAL AUDIENCE STRATEGIC SAVERS PLACEMENT - STANDARD BANNER - Fall Handbag_Run of Network_Behavioral_F25-54_300 x 250_Click and View_NV_NA,204447293,9/11/2017,10089,170,9919,9891,28,3,25,12,13,9894,4749,4761
TJN_TJX_TJMaxx 2H DIG_FY18,Hulu,PK3F7L_TJN_TJX_027_Content_HULU_BAF_BS2_CTV_DIR_CUS_SPN_CHS_CTG_CTG_DVY_HULU ROS: PREMIUM SLATE - CONNECTED TV_FEP_Contextual_F25-54_1920 x 1080_Standard_NV_NA,205685923,9/30/2017,21,0,21,21,0,0,0,0,0,21,17,17
TJN_TJX_TJMaxx 2H DIG_FY18,Foursquare,"PJYHWF_TJN_TJX_028_Audience_FOURSQUARE LABS, INC_DST_SV1_MAP_PRO_DSP_TRG_RON_PXT_BTG_DVY_PHASE 1_PINPOINT COMPETITIVE CONQUESTING_Run of Network_Geo_F25-54_320 x 50_Standard_NV_NA",205183220,9/28/2017,142240,5976,136264,107794,28470,677,27793,23789,4004,108471,92844,116633
TJN_MAR_023_Marshalls 2H Digital_F18,xAd Inc.,PJQ0Y9_TJN_MAR_023_Mobile_GROUND TRUTH FKA XAD_DST_SV1_MAP_DIR_RCH_TRG_RON_WEA_PXT_DVY_PROXIMITY LOYALTY - WEATHER LOCATOR UNIT_Run of Network_Weather_F25-54_300 x 250_Click and View_NV_NA,204541757,10/19/2017,77453,951,76502,13281,63221,266,62955,60582,2373,13547,13036,73618
TJN_TJX_TJMaxx 2H DIG_FY18,xAd Inc.,PJMTN0_TJN_TJX_028_Mobile_GROUND TRUTH FKA XAD_DST_SV1_MAP_DIR_DSP_TRG_RON_RTG_RTG_DVY_PHASE 1_LOCATION AUDIENCE TJX SHOPPERS PLACEMENT - STANDARD BANNER - Fall Handbag_Run of Network_Retarget_F25-54_300 x 250_Click and View_NV_NA,204447842,9/30/2017,21249,405,20844,20468,376,12,364,339,25,20480,19073,19412
TJN_TJX_TJMaxx 2H DIG_FY18,Viant,"PJNSH7_TJN_TJX_028_Data_VIANT INC_DSI_SV1_MWB_DIR_DSP_TRG_RON_BTG_CTG_DVY_PHASE 1_VIANT DIRECT MATCH RETAIL, COMPETITIVE CONQUESTING, DISPLAY_Fixed Placement_Behavioral_F25-54_320 x 50_Standard_NV_NA",204477565,10/7/2017,22691,288,22403,7,22396,1051,21345,17729,3616,1058,879,18608
TJN_TJX_TJMaxx 2H DIG_FY18,xAd Inc.,PJPXK1_TJN_TJX_028_Mobile_GROUND TRUTH FKA XAD_DST_SV1_MAP_DIR_DSP_TRG_RON_PXT_PXT_DVY_PHASE 1_PROXIMITY LOYALTY PLACEMENT - STANDARD BANNER - TJMaxx_Run of Network_Geo_F25-54_320 x 50_Click and View_NV_NA,204483996,9/19/2017,38805,717,38088,15640,22448,2525,19923,15123,4800,18165,13198,28321
TJN_TJX_TJMaxx 2H DIG_FY18,xAd Inc.,PJMTMZ_TJN_TJX_028_Mobile_GROUND TRUTH FKA XAD_DST_SV1_MAP_DIR_DSP_TRG_RON_RTG_RTG_DVY_PHASE 1_LOCATION AUDIENCE TJX SHOPPERS PLACEMENT - STANDARD BANNER - Maxx You Maxx Life_Run of Network_Retarget_F25-54_320 x 50_Click and View_NV_NA,204484011,9/30/2017,38023,419,37604,28835,8769,3353,5416,4602,814,32188,24399,29001
TJN_TJX_TJMaxx 2H DIG_FY18,xAd Inc.,PJMTN9_TJN_TJX_028_Mobile_GROUND TRUTH FKA XAD_DST_SV1_MAP_DIR_DSP_TRG_RON_BTG_BTG_DVY_PHASE 1_BEHAVIORAL AUDIENCE STRATEGIC SAVERS PLACEMENT - STANDARD BANNER - Fall Handbag_Run of Network_Behavioral_F25-54_300 x 250_Click and View_NV_NA,204447293,10/19/2017,9432,90,9342,9342,0,0,0,0,0,9342,7564,7564
TJN_MAR_023_Marshalls 2H Digital_F18,xAd Inc.,PJQ0YJ_TJN_MAR_023_Mobile_GROUND TRUTH FKA XAD_DST_SV1_MAP_DIR_DSP_TRG_RON_BTG_PXT_DVY_MARSHALLS SHOPPERS - DYNAMIC DISTANCE_Run of Network_Geo_F25-54_320 x 50_Click and View_NV_NA,204595911,10/3/2017,5,1,4,2,2,1,1,1,0,3,3,4
TJN_TJX_TJMaxx 2H DIG_FY18,Conversant Inc.,PJNPMC_TJN_TJC_031_Audience_CONVERSANT_PUR_ROI_TAP_NET_DSP_TRG_RON_BTG_BTG_DVY_TABLET LEADERBOARD- STRATEGIC SAVERS_Run of Site_Other_P18+_728 x 90_Standard_NV_NA,204442918,10/11/2017,2268,23,2245,10,2235,264,1971,1357,614,274,189,1546
TJN_TJX_TJMaxx 2H DIG_FY18,Viant,"PJSPBV_TJN_TJC_031_Data_VIANT INC_PUR_ROI_MWB_DIR_DSP_TRG_RON_BTG_MKT_DVY_DETERMINSTIC LAL OF ECOM CONVERTERS, CROSS DEVICE DISPLAY_Fixed Placement_Behavioral_F25-54_160 x 600_Click_NV_NA",204733791,10/15/2017,9699,332,9367,0,9367,634,8733,4793,3940,634,348,5141
TJN_MAR_023_Marshalls 2H Digital_F18,xAd Inc.,PJQ0YM_TJN_MAR_023_Mobile_GROUND TRUTH FKA XAD_DST_SV1_MAP_DIR_DSP_TRG_RON_BTG_PXT_DVY_COMPETITOR SHOPPERS - DYNAMIC DISTANCE_Run of Network_Geo_F25-54_300 x 250_Click and View_NV_NA,204555259,10/17/2017,5070,304,4766,4766,0,0,0,0,0,4766,4134,4134
TJN_TJX_TJMaxx 2H DIG_FY18,Conversant Inc.,PJNPLY_TJN_TJX_028_Audience_CONVERSANT_DST_SV1_DSK_NET_DSP_TRG_RON_BTG_BTG_DVY_PHASE 1_ DESKTOP WIDE SKYSCRAPER - CJ CONVERTERS LAL MODELING_Run of Site_Behavioral_P18+_160 x 600_Standard_NV_NA,204443386,10/18/2017,337,35,302,0,302,43,259,110,149,43,18,128
TJN_TJX_TJMaxx 2H DIG_FY18,Conversant Inc.,PJNPMG_TJN_TJC_031_Audience_CONVERSANT_PUR_ROI_DSK_NET_DSP_TRG_RON_BTG_BTG_DVY_DESKTOP WIDE SKYSCRAPER- STRATEGIC SAVERS_Run of Site_Other_P18+_160 x 600_Standard_NV_NA,204443410,10/7/2017,7306,243,7063,0,7063,1712,5351,1584,3767,1712,507,2091
TJN_TJX_TJMaxx 2H DIG_FY18,Viant,"PJNSGZ_TJN_TJX_028_Data_VIANT INC_DSI_SV1_MWB_DIR_DSP_TRG_RON_BTG_CTG_DVY_PHASE 1_VIANT DIRECT MATCH RETAIL, STRATEGIC SAVERS, DISPLAY_Fixed Placement_Behavioral_F25-54_300 x 50_Standard_NV_NA",204477487,9/6/2017,2,0,2,0,2,0,2,2,0,0,0,2
TJN_TJX_TJMaxx 2H DIG_FY18,NBC Universal Media,PK2KLX_TJN_TJX_028_Content_NBCUNI.COM_BAF_BS2_OTT_DIR_VID_SPN_ROS_BTG_CTG_MOA_THIS IS US SPONSORSHIP: OTT - VIGNETTE 4_Run of Site_Behavioral_F25-54_1920 x 1080_Click and View_NV_NA,205563476,10/17/2017,29375,26,29349,29349,0,0,0,0,0,29349,19605,19605
TJN_TJX_TJMaxx 2H DIG_FY18,Foursquare,"PKFMMC_TJN_TJX_028_Audience_FOURSQUARE LABS, INC_DST_SV1_MAP_PRO_RCH_TRG_RON_PXT_BTG_DVY_PHASE 1_MOBILE RICH MEDIA STRATEGIC SAVERS - Sweaters_Run of Network_Geo_F25-54_300 x 250_Standard_NV_NA",206771960,10/20/2017,764,25,739,500,239,124,115,53,62,624,288,341
TJN_MAR_023_Marshalls 2H Digital_F18,NinthDecimal,PJPSRX_TJN_MAR_023_Mobile_NINTHDECIMAL_DST_SV1_MAP_DIR_RCH_TRG_RON_BTG_PXT_DVY_LOCATION GRAPH: COMPETITIVE CONQUESTING_Run of Network_Behavioral_F25-54_320 x 50_Click and View_NV_NA,204542879,9/26/2017,16393,302,16091,7192,8899,40,8859,8571,288,7232,6997,15568
TJN_MAR_023_Marshalls 2H Digital_F18,xAd Inc.,PJQ0YK_TJN_MAR_023_Mobile_GROUND TRUTH FKA XAD_DST_SV1_MAP_DIR_DSP_TRG_RON_BTG_PXT_DVY_MARSHALLS SHOPPERS - DYNAMIC DISTANCE_Run of Network_Geo_F25-54_300 x 250_Click and View_NV_NA,204543440,10/6/2017,4779,186,4593,4593,0,0,0,0,0,4593,4593,4593
TJN_TJX_TJMaxx 2H DIG_FY18,Foursquare,"PJPST0_TJN_TJX_028_Audience_FOURSQUARE LABS, INC_DST_SV1_MAP_PRO_RCH_TRG_RON_PXT_BTG_DVY_PHASE 1_MOBILE RICH MEDIA COMPETITIVE CONQUESTING - Find A TJ Maxx Store_Run of Network_Geo_F25-54_320 x 50_Standard_NV_NA",204525348,10/9/2017,34441,733,33708,27204,6504,351,6153,4577,1576,27555,20497,25074
TJN_TJX_TJMaxx 2H DIG_FY18,Viant,"PJSPBX_TJN_TJC_031_Data_VIANT INC_PUR_ROI_TWB_DIR_DSP_TRG_RON_BTG_MKT_DVY_DETERMINSTIC LAL OF ECOM CONVERTERS, CROSS DEVICE DISPLAY_Fixed Placement_Behavioral_F25-54_728 x 90_Click_NV_NA",204716188,10/21/2017,71,0,71,0,71,8,63,39,24,8,5,44
TJN_TJX_TJMaxx 2H DIG_FY18,Hulu,PK3CXN_TJN_TJX_027_Content_HULU_BAF_BS2_CTV_DIR_CUS_SPN_CHS_CTG_CTG_DVY_FALL TV SPONSORSHIP: PREMIUM SLATE - CONNECTED TV_FEP_Contextual_F25-54_1920 x 1080_Standard_NV_NA,205725861,10/21/2017,219781,758,219023,219023,0,0,0,0,0,219023,166213,166213
TJN_TJX_TJMaxx 2H DIG_FY18,Conversant Inc.,PJNPLW_TJN_TJX_028_Audience_CONVERSANT_DST_SV1_DSK_NET_DSP_TRG_RON_BTG_BTG_DVY_PHASE 1_ DESKTOP MEDIUM RECTANGLE - CJ CONVERTERS LAL MODELING_Run of Site_Behavioral_P18+_300 x 250_Standard_NV_NA,204442024,10/18/2017,1157,115,1042,0,1042,122,920,375,545,122,50,425
TJN_TJX_TJMaxx 2H DIG_FY18,Conversant Inc.,PJNPMF_TJN_TJC_031_Audience_CONVERSANT_PUR_ROI_DSK_NET_DSP_TRG_RON_BTG_BTG_DVY_DESKTOP RECTANGLE- STRATEGIC SAVERS_Run of Site_Other_P18+_300 x 600_Standard_NV_NA,204442069,10/8/2017,3947,133,3814,0,3814,1043,2771,609,2162,1043,229,838
TJN_TJX_TJMaxx 2H DIG_FY18,xAd Inc.,PJYDBV_TJN_TJX_028_Mobile_GROUND TRUTH FKA XAD_DST_SV1_MAP_DIR_RCH_TRG_RON_BTG_BTG_DVY_PHASE 1_BEHAVIORAL AUDIENCE STRATEGIC SAVERS PLACEMENT - RICH MEDIA STORE LOCATOR - Maxx You Maxx Life_Run of Network_Behavioral_F25-54_320 x 50_Click and View_NV_NA,205148243,10/14/2017,7088,102,6986,2934,4052,157,3895,3139,756,3091,2491,5630
TJN_TJX_TJMaxx 2H DIG_FY18,xAd Inc.,PJYDBW_TJN_TJX_028_Mobile_GROUND TRUTH FKA XAD_DST_SV1_MAP_DIR_RCH_TRG_RON_BTG_BTG_DVY_PHASE 1_BEHAVIORAL AUDIENCE STRATEGIC SAVERS PLACEMENT - RICH MEDIA STORE LOCATOR - Fall Hero_Run of Network_Behavioral_F25-54_300 x 250_Click and View_NV_NA,205207030,9/26/2017,4727,59,4668,1228,3440,122,3318,1162,2156,1350,473,1635
TJN_TJX_TJMaxx 2H DIG_FY18,Foursquare,"PJPRVC_TJN_TJX_028_Audience_FOURSQUARE LABS, INC_DST_SV1_MAP_PRO_DSP_TRG_RON_PXT_BTG_DVY_PHASE 1_PINPOINT TRENDSETTERS AV_Run of Network_Geo_F25-54_320 x 50_Standard_NV_NA",204527421,9/18/2017,2533,175,2358,901,1457,58,1399,1022,377,959,701,1723
TJN_MAR_023_Marshalls 2H Digital_F18,xAd Inc.,PJQ0YG_TJN_MAR_023_Mobile_GROUND TRUTH FKA XAD_DST_SV1_MAP_DIR_DSP_TRG_RON_BTG_DMA_DVY_BEHAVIORAL - FASHION SHOPPER - DYNAMIC DISTANCE_Run of Network_Behavioral_F25-54_320 x 50_Click and View_NV_NA,204557581,10/6/2017,65703,880,64823,55137,9686,331,9355,7158,2197,55468,42333,49491
TJN_MAR_023_Marshalls 2H Digital_F18,Bustle,PK5G42_TJN_MAR_023_Content_BUSTLE_Custom Content Roadblock Standard Feature 1 - 300x250_Roadblock_Contextual_F25-54_300 x 250_Click and View_NV_NA,206309158,10/12/2017,18985,331,18654,9,18645,336,18309,2174,16135,345,41,2215
TJN_TJX_TJMaxx 2H DIG_FY18,PlaceIQ,PK19YZ_TJN_TJX_028_Mobile_PLACEIQ INC_DST_SV1_MAP_DIR_RCH_TRG_RON_BTG_PTG_DVY_PHASE 1_RICH MEDIA_STRATEGIC SAVERS_INFORMER CONSUMER SHOPPERS+TOP TIER APPAREL SHOPPER_Run of Network_Behavioral_F25-54_320 x 50_Click and View_NV_NA,205563548,9/21/2017,1,0,1,0,1,1,0,0,0,1,1,1
TJN_TJX_TJMaxx 2H DIG_FY18,Conversant Inc.,PJPWPG_TJN_TJX_028_Audience_CONVERSANT_DST_SV1_TAP_NET_DSP_TRG_RON_BTG_BTG_DVY_PHASE 1_ TABLET MEDIUM RECTANGLE  - CONVERSANT SHOPPERS AV_Run of Site_Behavioral_P18+_300 x 250_Standard_NV_NA,204446129,9/25/2017,366,8,358,0,358,86,272,64,208,86,20,84
TJN_TJX_TJMaxx 2H DIG_FY18,NBC Universal Media,PK2KLP_TJN_TJX_028_Content_NBCUNI.COM_BAF_BS2_MAP_DIR_VID_SPN_ROS_BTG_CTG_MOA_THIS IS US SPONSORSHIP: MOBILE - VIGNETTE 4_Run of Site_Behavioral_F25-54_1920 x 1080_Click and View_NV_NA,205613680,10/17/2017,5303,29,5274,5274,0,0,0,0,0,5274,3523,3523
TJN_TJX_TJMaxx 2H DIG_FY18,PlaceIQ,PKFRS4_TJN_TJX_028_Mobile_PLACEIQ INC_DST_SV1_MAP_DIR_DSP_TRG_RON_BTG_PXT_DVY_PHASE 1_STANDARD BANNER_TRENDSETTERS_APPROVAL SEEKING SHOPPERS+LIVE OR WORK BY TJMAXX - Booties_Run of Network_Behavioral_F25-54_300 x 250_Click and View_NV_NA,206833458,10/20/2017,197,15,182,178,4,2,2,2,0,180,180,182
TJN_TJX_TJMaxx 2H DIG_FY18,xAd Inc.,PJPXJQ_TJN_TJX_028_Mobile_GROUND TRUTH FKA XAD_DST_SV1_MAP_DIR_DSP_TRG_RON_RTG_RTG_DVY_PHASE 1_LOCATION AUDIENCE TJX SHOPPERS PLACEMENT - STANDARD BANNER - TJMaxx_Run of Network_Retarget_F25-54_320 x 50_Click and View_NV_NA,204447839,9/18/2017,35261,341,34920,9100,25820,522,25298,21179,4119,9622,7888,29067
TJN_TJX_TJMaxx 2H DIG_FY18,xAd Inc.,PJPXK1_TJN_TJX_028_Mobile_GROUND TRUTH FKA XAD_DST_SV1_MAP_DIR_DSP_TRG_RON_PXT_PXT_DVY_PHASE 1_PROXIMITY LOYALTY PLACEMENT - STANDARD BANNER - TJMaxx_Run of Network_Geo_F25-54_320 x 50_Click and View_NV_NA,204483996,9/13/2017,47689,670,47019,13189,33830,10687,23143,15322,7821,23876,13479,28801
TJN_MAR_023_Marshalls 2H Digital_F18,xAd Inc.,PJQ0YG_TJN_MAR_023_Mobile_GROUND TRUTH FKA XAD_DST_SV1_MAP_DIR_DSP_TRG_RON_BTG_DMA_DVY_BEHAVIORAL - FASHION SHOPPER - DYNAMIC DISTANCE_Run of Network_Behavioral_F25-54_320 x 50_Click and View_NV_NA,204557581,10/11/2017,72302,1053,71249,59831,11418,1142,10276,9304,972,60973,55234,64538
TJN_MAR_023_Marshalls 2H Digital_F18,xAd Inc.,PJQ0YQ_TJN_MAR_023_Mobile_GROUND TRUTH FKA XAD_DST_SV1_MAP_DIR_DSP_TRG_RON_PXT_BTG_DVY_GEOBLOCKS CONQUESTING - DYNAMIC DISTANCE_Run of Network_Geo_F25-54_320 x 50_Click and View_NV_NA,204595632,9/30/2017,14523,308,14215,12057,2158,585,1573,1314,259,12642,9926,11240
TJN_TJX_TJMaxx 2H DIG_FY18,Conversant Inc.,PJNPMD_TJN_TJC_031_Audience_CONVERSANT_PUR_ROI_TAP_NET_DSP_TRG_RON_BTG_BTG_DVY_TABLET MEDIUM RECTANGLE - STRATEGIC SAVERS_Run of Site_Other_P18+_300 x 250_Standard_NV_NA,204483960,10/20/2017,1279,19,1260,0,1260,241,1019,147,872,241,35,182
TJN_MAR_023_Marshalls 2H Digital_F18,xAd Inc.,PJQ0YH_TJN_MAR_023_Mobile_GROUND TRUTH FKA XAD_DST_SV1_MAP_DIR_DSP_TRG_RON_BTG_DMA_DVY_BEHAVIORAL - FASHION SHOPPER - DYNAMIC DISTANCE_Run of Network_Behavioral_F25-54_300 x 250_Click and View_NV_NA,204543443,9/7/2017,13238,158,13080,13070,10,0,10,7,3,13070,9149,9156
TJN_TJX_TJMaxx 2H DIG_FY18,Foursquare,"PK0H84_TJN_TJX_028_Audience_FOURSQUARE LABS, INC_DST_SV1_MAP_PRO_RCH_TRG_RON_PXT_BTG_DVY_PHASE 1_MOBILE RICH MEDIA COMPETITIVE CONQUESTING - Find A Store_Run of Network_Geo_F25-54_320 x 50_Standard_NV_NA",205427847,9/26/2017,33703,1431,32272,25098,7174,839,6335,4823,1512,25937,19747,24570
TJN_TJX_TJMaxx 2H DIG_FY18,Hulu,PK3DG3_TJN_TJX_027_Content_HULU_BAF_BS2_PKG_DIR_VID_SPN_CHS_CTG_CTG_DVY_FALL TV SPONSORSHIP:MASTHEAD BRAND - DESKTOP_FEP_Contextual_F25-54_1 x 1_Standard_NV_NA,205685902,9/27/2017,4,0,4,4,0,0,0,0,0,4,3,3
TJN_TJX_TJMaxx 2H DIG_FY18,xAd Inc.,PKF5TF_TJN_TJX_028_Mobile_GROUND TRUTH FKA XAD_DST_SV1_MAP_DIR_DSP_TRG_RON_RTG_RTG_DVY_PHASE 1_LOCATION AUDIENCE TJX SHOPPERS PLACEMENT - STANDARD BANNER - Find A Store V2_Run of Network_Retarget_F25-54_320 x 50_Click and View_NV_NA,206765393,10/21/2017,4125,46,4079,1519,2560,30,2530,1804,726,1549,1105,2909
TJN_TJX_TJMaxx 2H DIG_FY18,Viant,"PK2V4Y_TJN_TJX_028_Data_VIANT INC_DSI_SV1_MWB_DIR_RCH_TRG_INT_BTG_CTG_DVY_PHASE 1_VIANT IMP, W25-54 STRATEGIC SAVERS, CONTOBOX - Fall Homes_Fixed Placement_Behavioral_F25-54_320 x 50_Click and View_NV_NA",205685980,10/10/2017,66,12,54,12,42,6,36,33,3,18,17,50
TJN_TJX_TJMaxx 2H DIG_FY18,Foursquare,"PJPRQH_TJN_TJX_028_Audience_FOURSQUARE LABS, INC_DST_SV1_MAP_PRO_DSP_TRG_RON_PXT_BTG_DVY_PHASE 1_PINPOINT STRATEGIC SAVERS AV_Run of Network_Geo_F25-54_300 x 250_Standard_NV_NA",204481807,10/17/2017,114,3,111,40,71,5,66,37,29,45,25,62
TJN_TJX_TJMaxx 2H DIG_FY18,xAd Inc.,PJPXJR_TJN_TJX_028_Mobile_GROUND TRUTH FKA XAD_DST_SV1_MAP_DIR_DSP_TRG_RON_RTG_RTG_DVY_PHASE 1_LOCATION AUDIENCE TJX SHOPPERS PLACEMENT - STANDARD BANNER - Fall Hero_Run of Network_Retarget_F25-54_300 x 250_Click and View_NV_NA,204442105,10/10/2017,5926,64,5862,5812,50,0,50,34,16,5812,3952,3986
TJN_TJX_TJMaxx 2H DIG_FY18,Conversant Inc.,PJPTMP_TJN_TJC_031_Audience_CONVERSANT_PUR_ROI_DSK_NET_DSP_TRG_RON_BTG_BTG_DVY_DESKTOP LEADERBOARD- COMPETITIVE CONQUESTING_Run of Site_Other_P18+_728 x 90_Standard_NV_NA,204443389,10/13/2017,11053,1335,9718,1,9717,1064,8653,6723,1930,1065,827,7550
TJN_TJX_TJMaxx 2H DIG_FY18,xAd Inc.,PJMTMQ_TJN_TJX_028_Mobile_GROUND TRUTH FKA XAD_DST_SV1_MAP_DIR_RCH_TRG_RON_PXT_PXT_DVY_PHASE 1_PROXIMITY LOYALTY PLACEMENT - RICH MEDIA STORE LOCATOR - TJ Maxx_Run of Network_Geo_F25-54_320 x 50_Click and View_NV_NA,204442090,9/15/2017,3,0,3,2,1,1,0,0,0,3,2,2
TJN_TJX_TJMaxx 2H DIG_FY18,xAd Inc.,PJPXK1_TJN_TJX_028_Mobile_GROUND TRUTH FKA XAD_DST_SV1_MAP_DIR_DSP_TRG_RON_PXT_PXT_DVY_PHASE 1_PROXIMITY LOYALTY PLACEMENT - STANDARD BANNER - TJMaxx_Run of Network_Geo_F25-54_320 x 50_Click and View_NV_NA,204483996,10/13/2017,10067,460,9607,2144,7463,123,7340,5059,2281,2267,1545,6604
TJN_TJX_TJMaxx 2H DIG_FY18,xAd Inc.,PKF46H_TJN_TJX_028_Mobile_GROUND TRUTH FKA XAD_DST_SV1_MAP_DIR_DSP_TRG_RON_PXT_PXT_DVY_PHASE 1_PROXIMITY LOYALTY PLACEMENT - STANDARD BANNER - Sweaters_Run of Network_Geo_F25-54_300 x 250_Click and View_NV_NA,206772605,10/19/2017,3302,71,3231,3229,2,0,2,0,2,3229,0,0
TJN_MAR_023_Marshalls 2H Digital_F18,xAd Inc.,PJQ0YK_TJN_MAR_023_Mobile_GROUND TRUTH FKA XAD_DST_SV1_MAP_DIR_DSP_TRG_RON_BTG_PXT_DVY_MARSHALLS SHOPPERS - DYNAMIC DISTANCE_Run of Network_Geo_F25-54_300 x 250_Click and View_NV_NA,204543440,10/11/2017,5543,150,5393,5393,0,0,0,0,0,5393,5393,5393
TJN_TJX_TJMaxx 2H DIG_FY18,Foursquare,"PJPSSV_TJN_TJX_028_Audience_FOURSQUARE LABS, INC_DST_SV1_MAP_PRO_RCH_TRG_RON_PXT_BTG_DVY_PHASE 1_MOBILE RICH MEDIA STRATEGIC SAVERS - Fall Handbag_Run of Network_Geo_F25-54_300 x 250_Standard_NV_NA",204525360,9/25/2017,4761,295,4466,1059,3407,230,3177,717,2460,1289,291,1008
TJN_MAR_023_Marshalls 2H Digital_F18,NinthDecimal,PJPSRR_TJN_MAR_023_Mobile_NINTHDECIMAL_DST_SV1_MAP_DIR_RCH_TRG_RON_PXT_DMA_DVY_GEOFENCE: 2-MILE RADIUS AROUND URBAN STORES_Run of Network_Geo_F25-54_320 x 50_Click and View_NV_NA,204541523,10/9/2017,23059,528,22531,10074,12457,72,12385,12015,370,10146,9843,21858
TJN_TJX_TJMaxx 2H DIG_FY18,NBC Universal Media,PK2LHH_TJN_TJX_028_Content_NBCUNI.COM_BAF_BS2_DSK_DIR_DSP_SPN_HPT_CTG_CTG_DCM_100% SOV NBC THIS IS US ROADBLOCK 10/10 - 300X250 DESKTOP_HP Takeover_Contextual_F25-54_300 x 250_Standard_NV_NA,205563515,10/10/2017,43837,887,42950,185,42765,1411,41354,29280,12074,1596,1130,30410
TJN_TJX_TJMaxx 2H DIG_FY18,Viant,"PK2X7H_TJN_TJX_028_Data_VIANT INC_DSI_SV1_MWB_DIR_RCH_TRG_INT_BTG_CTG_DVY_PHASE 1_VIANT IMP, W25-54 STRATEGIC SAVERS, CONTOBOX - Honeycomb_Fixed Placement_Behavioral_F25-54_320 x 50_Click and View_NV_NA",205725975,10/12/2017,41,12,29,4,25,13,12,10,2,17,14,24
TJN_TJX_TJMaxx 2H DIG_FY18,Foursquare,"PJYHWD_TJN_TJX_028_Audience_FOURSQUARE LABS, INC_DST_SV1_MAP_PRO_DSP_TRG_RON_PXT_BTG_DVY_PHASE 1_PINPOINT COMPETITIVE CONQUESTING_Run of Network_Geo_F25-54_300 x 250_Standard_NV_NA",205235284,10/3/2017,7059,568,6491,2651,3840,177,3663,2030,1633,2828,1567,3597
TJN_TJX_TJMaxx 2H DIG_FY18,Foursquare,"PJYHWF_TJN_TJX_028_Audience_FOURSQUARE LABS, INC_DST_SV1_MAP_PRO_DSP_TRG_RON_PXT_BTG_DVY_PHASE 1_PINPOINT COMPETITIVE CONQUESTING_Run of Network_Geo_F25-54_320 x 50_Standard_NV_NA",205183220,10/14/2017,147379,2365,145014,110473,34541,1209,33332,29292,4040,111682,98146,127438
TJN_TJX_TJMaxx 2H DIG_FY18,Conversant Inc.,PJNPMC_TJN_TJC_031_Audience_CONVERSANT_PUR_ROI_TAP_NET_DSP_TRG_RON_BTG_BTG_DVY_TABLET LEADERBOARD- STRATEGIC SAVERS_Run of Site_Other_P18+_728 x 90_Standard_NV_NA,204442918,10/6/2017,1100,16,1084,0,1084,131,953,516,437,131,71,587
TJN_MAR_023_Marshalls 2H Digital_F18,xAd Inc.,PJQ0YC_TJN_MAR_023_Mobile_GROUND TRUTH FKA XAD_DST_SV1_MAP_DIR_DSP_TRG_RON_PXT_BTG_DVY_PROXIMITY CONQUESTING - DYNAMIC DISTANCE_Run of Network_Geo_F25-54_300 x 250_Click and View_NV_NA,204595923,9/23/2017,8325,232,8093,8093,0,0,0,0,0,8093,0,0
TJN_TJX_TJMaxx 2H DIG_FY18,Foursquare,"PKFMKF_TJN_TJX_028_Audience_FOURSQUARE LABS, INC_DST_SV1_MAP_PRO_RCH_TRG_RON_PXT_BTG_DVY_PHASE 1_MOBILE RICH MEDIA TRENDSETTERS - Find A Store V1_Run of Network_Geo_F25-54_320 x 50_Standard_NV_NA",206833551,10/20/2017,27821,555,27266,19706,7560,1142,6418,5735,683,20848,18629,24364
TJN_TJX_TJMaxx 2H DIG_FY18,NBC Universal Media,PK2LHQ_TJN_TJX_028_Content_NBCUNI.COM_BAF_BS2_DSK_DIR_DSP_SPN_HPT_CTG_CTG_DCM_100% SOV NBC THIS IS US ROADBLOCK 10/17 - 300X250 DESKTOP_HP Takeover_Contextual_F25-54_300 x 250_Standard_NV_NA,205566398,10/16/2017,10,0,10,0,10,0,10,6,4,0,0,6
TJN_TJX_TJMaxx 2H DIG_FY18,Foursquare,"PJYHWF_TJN_TJX_028_Audience_FOURSQUARE LABS, INC_DST_SV1_MAP_PRO_DSP_TRG_RON_PXT_BTG_DVY_PHASE 1_PINPOINT COMPETITIVE CONQUESTING_Run of Network_Geo_F25-54_320 x 50_Standard_NV_NA",205183220,9/14/2017,410946,19075,391871,273803,118068,7354,110714,86860,23854,281157,220580,307440
TJN_TJX_TJMaxx 2H DIG_FY18,NBC Universal Media,PK2KJN_TJN_TJX_028_Content_NBCUNI.COM_BAF_BS2_TAP_DIR_VID_SPN_ROS_BTG_CTG_MOA_THIS IS US SPONSORSHIP: TABLET - VIGNETTE 2_Run of Site_Behavioral_F25-54_1920 x 1080_Click and View_NV_NA,205569482,10/4/2017,72296,519,71777,71777,0,0,0,0,0,71777,43062,43062
TJN_MAR_023_Marshalls 2H Digital_F18,xAd Inc.,PJQ0YD_TJN_MAR_023_Mobile_GROUND TRUTH FKA XAD_DST_SV1_MAP_DIR_RCH_TRG_RON_WEA_PXT_DVY_PROXIMITY CONQUESTING - WEATHER LOCATOR UNIT_Run of Network_Weather_F25-54_320 x 50_Click and View_NV_NA,204541553,9/26/2017,13783,266,13517,5443,8074,146,7928,7427,501,5589,5236,12663
TJN_TJX_TJMaxx 2H DIG_FY18,Viant,"PK2X7D_TJN_TJX_028_Data_VIANT INC_DSI_SV1_TWB_DIR_RCH_TRG_INT_BTG_CTG_DVY_PHASE 1_VIANT IMP, W25-54 STRATEGIC SAVERS, CONTOBOX - Honeycomb_Fixed Placement_Behavioral_F25-54_728 x 90_Click and View_NV_NA",205727832,10/21/2017,10,2,8,4,4,1,3,3,0,5,5,8
TJN_TJX_TJMaxx 2H DIG_FY18,Foursquare,"PK0H80_TJN_TJX_028_Audience_FOURSQUARE LABS, INC_DST_SV1_MAP_PRO_RCH_TRG_RON_PXT_BTG_DVY_PHASE 1_MOBILE RICH MEDIA STRATEGIC SAVERS - Find A Store_Run of Network_Geo_F25-54_320 x 50_Standard_NV_NA",205394974,10/9/2017,21872,740,21132,14319,6813,402,6411,4562,1849,14721,10475,15037
TJN_TJX_TJMaxx 2H DIG_FY18,Viant,"PK2X7F_TJN_TJX_028_Data_VIANT INC_DSI_SV1_DSK_DIR_RCH_TRG_INT_BTG_CTG_DVY_PHASE 1_VIANT IMP, W25-54 STRATEGIC SAVERS, CONTOBOX - Honeycomb_Fixed Placement_Behavioral_F25-54_728 x 90_Click and View_NV_NA",205727841,10/16/2017,1044,39,1005,8,997,88,909,833,76,96,88,921
TJN_TJX_TJMaxx 2H DIG_FY18,Conversant Inc.,PJPTLQ_TJN_TJC_031_Audience_CONVERSANT_PUR_ROI_DSK_NET_DSP_TRG_RON_BTG_BTG_DVY_DESKTOP MEDIUM RECTANGLE- TRENDSETTERS_Run of Site_Other_P18+_300 x 250_Standard_NV_NA,204446138,10/13/2017,8440,819,7621,0,7621,922,6699,4276,2423,922,589,4865
TJN_TJX_TJMaxx 2H DIG_FY18,NBC Universal Media,PK2KLS_TJN_TJX_028_Content_NBCUNI.COM_BAF_BS2_TAP_DIR_VID_SPN_ROS_BTG_CTG_MOA_THIS IS US SPONSORSHIP: TABLET - VIGNETTE 4_Run of Site_Behavioral_F25-54_1920 x 1080_Click and View_NV_NA,205568633,10/17/2017,4859,27,4832,4832,0,0,0,0,0,4832,3228,3228
TJN_MAR_023_Marshalls 2H Digital_F18,xAd Inc.,PJQ0Y6_TJN_MAR_023_Mobile_GROUND TRUTH FKA XAD_DST_SV1_MAP_DIR_DSP_TRG_RON_PXT_BTG_DVY_PROXIMITY LOYALTY - DYNAMIC DISTANCE_Run of Network_Geo_F25-54_320 x 50_Click and View_NV_NA,204556888,10/18/2017,46651,1147,45504,44072,1432,176,1256,1093,163,44248,37536,38629
TJN_TJX_TJMaxx 2H DIG_FY18,xAd Inc.,PJMTNC_TJN_TJX_028_Mobile_GROUND TRUTH FKA XAD_DST_SV1_MAP_DIR_DSP_TRG_RON_BTG_BTG_DVY_PHASE 1_BEHAVIORAL AUDIENCE TRENDSETTERS PLACEMENT - STANDARD BANNER - Maxx You Maxx Life_Run of Network_Behavioral_F25-54_320 x 50_Click and View_NV_NA,204447830,9/16/2017,20132,122,20010,2416,17594,8191,9403,8498,905,10607,9586,18084
TJN_TJX_TJMaxx 2H DIG_FY18,PlaceIQ,PK19YY_TJN_TJX_028_Mobile_PLACEIQ INC_DST_SV1_MAP_DIR_RCH_TRG_RON_BTG_PTG_DVY_PHASE 1_RICH MEDIA_STRATEGIC SAVERS_FREQUENT WOMEN'S APPAREL SHOPPER+DISCRETIONARY SPEND SHOPPERS_Run of Network_Behavioral_F25-54_320 x 50_Click and View_NV_NA,205568681,9/26/2017,122670,7378,115292,59828,55464,2184,53280,48454,4826,62012,56395,104849
TJN_TJX_TJMaxx 2H DIG_FY18,Viant,"PK2V4X_TJN_TJX_028_Data_VIANT INC_DSI_SV1_DSK_DIR_RCH_TRG_INT_BTG_CTG_DVY_PHASE 1_VIANT IMP, W25-54 STRATEGIC SAVERS, CONTOBOX - Fall Homes_Fixed Placement_Behavioral_F25-54_300 x 250_Click and View_NV_NA",205688458,10/6/2017,4334,54,4280,2,4278,685,3593,2021,1572,687,386,2407
TJN_TJX_TJMaxx 2H DIG_FY18,xAd Inc.,PJPXK0_TJN_TJX_028_Mobile_GROUND TRUTH FKA XAD_DST_SV1_MAP_DIR_DSP_TRG_RON_BTG_BTG_DVY_PHASE 1_BEHAVIORAL AUDIENCE TRENDSETTERS PLACEMENT - STANDARD BANNER - TJMaxx_Run of Network_Behavioral_F25-54_320 x 50_Click and View_NV_NA,204483993,9/16/2017,21739,155,21584,3311,18273,9216,9057,8271,786,12527,11440,19711
TJN_TJX_TJMaxx 2H DIG_FY18,Conversant Inc.,PJPWPD_TJN_TJX_028_Audience_CONVERSANT_DST_SV1_MAP_NET_DSP_TRG_RON_BTG_BTG_DVY_PHASE 1_ SMARTPHONE SMALL BANNER  - CONVERSANT SHOPPERS AV_Run of Site_Behavioral_P18+_320 x 50_Standard_NV_NA,204447251,10/20/2017,2520,23,2497,0,2497,416,2081,1178,903,416,235,1413
TJN_TJX_TJMaxx 2H DIG_FY18,Conversant Inc.,PJNPMC_TJN_TJC_031_Audience_CONVERSANT_PUR_ROI_TAP_NET_DSP_TRG_RON_BTG_BTG_DVY_TABLET LEADERBOARD- STRATEGIC SAVERS_Run of Site_Other_P18+_728 x 90_Standard_NV_NA,204442918,9/21/2017,6,6,0,0,0,0,0,0,0,0,0,0
TJN_TJX_TJMaxx 2H DIG_FY18,Foursquare,"PJPSSY_TJN_TJX_028_Audience_FOURSQUARE LABS, INC_DST_SV1_MAP_PRO_RCH_TRG_RON_PXT_BTG_DVY_PHASE 1_MOBILE RICH MEDIA TRENDSETTERS - Find A TJ Maxx Store_Run of Network_Geo_F25-54_320 x 50_Standard_NV_NA",204527598,10/13/2017,25858,472,25386,13276,12110,824,11286,6516,4770,14100,8141,14657
TJN_TJX_TJMaxx 2H DIG_FY18,Foursquare,"PJMQ2D_TJN_TJX_028_Audience_FOURSQUARE LABS, INC_DST_SV1_MAP_PRO_DSP_TRG_RON_PXT_BTG_DVY_PHASE 1_PINPOINT STRATEGIC SAVERS_Run of Network_Geo_F25-54_300 x 250_Standard_NV_NA",204483457,10/4/2017,10656,549,10107,1983,8124,480,7644,3507,4137,2463,1130,4637
TJN_TJX_TJMaxx 2H DIG_FY18,Viant,"PK2X7J_TJN_TJX_028_Data_VIANT INC_DSI_SV1_MWB_DIR_RCH_TRG_INT_BTG_CTG_DVY_PHASE 1_VIANT IMP, W25-54 STRATEGIC SAVERS, CONTOBOX - Honeycomb_Fixed Placement_Behavioral_F25-54_300 x 250_Click and View_NV_NA",205688479,10/11/2017,1003,65,938,7,931,44,887,574,313,51,33,607
TJN_TJX_TJMaxx 2H DIG_FY18,Conversant Inc.,PJPWPF_TJN_TJX_028_Audience_CONVERSANT_DST_SV1_TAP_NET_DSP_TRG_RON_BTG_BTG_DVY_PHASE 1_ TABLET LEADERBOARD - CONVERSANT SHOPPERS AV_Run of Site_Behavioral_P18+_728 x 90_Standard_NV_NA,204442915,9/28/2017,43,4,39,0,39,11,28,13,15,11,5,18
TJN_TJX_TJMaxx 2H DIG_FY18,NBC Universal Media,PK2KK7_TJN_TJX_028_Content_NBCUNI.COM_BAF_BS2_TAP_DIR_VID_SPN_ROS_BTG_CTG_MOA_THIS IS US SPONSORSHIP: TABLET - VIGNETTE 3_Run of Site_Behavioral_F25-54_1920 x 1080_Click and View_NV_NA,205569476,10/10/2017,5582,28,5554,5554,0,0,0,0,0,5554,3592,3592
TJN_TJX_TJMaxx 2H DIG_FY18,xAd Inc.,PJMTN5_TJN_TJX_028_Mobile_GROUND TRUTH FKA XAD_DST_SV1_MAP_DIR_RCH_TRG_RON_BTG_BTG_DVY_PHASE 1_BEHAVIORAL AUDIENCE TRENDSETTERS PLACEMENT - RICH MEDIA STORE LOCATOR - TJ Maxx_Run of Network_Behavioral_F25-54_320 x 50_Click and View_NV_NA,204442936,9/28/2017,16221,215,16006,9101,6905,293,6612,5124,1488,9394,7280,12404
TJN_TJX_TJMaxx 2H DIG_FY18,Conversant Inc.,PJPWBT_TJN_TJX_028_Audience_CONVERSANT_DST_SV1_DSK_NET_DSP_TRG_RON_BTG_BTG_DVY_PHASE 1_ DESKTOP LEADERBOARD - CJ INTERACTORS LAL MODELING_Run of Site_Behavioral_P18+_728 x 90_Standard_NV_NA,204446096,9/29/2017,9,0,9,0,9,0,9,8,1,0,0,8
TJN_TJX_TJMaxx 2H DIG_FY18,Foursquare,"PJYHWD_TJN_TJX_028_Audience_FOURSQUARE LABS, INC_DST_SV1_MAP_PRO_DSP_TRG_RON_PXT_BTG_DVY_PHASE 1_PINPOINT COMPETITIVE CONQUESTING_Run of Network_Geo_F25-54_300 x 250_Standard_NV_NA",205235284,10/1/2017,15090,2300,12790,5561,7229,475,6754,4689,2065,6036,4191,8880
TJN_MAR_023_Marshalls 2H Digital_F18,xAd Inc.,PJQ0YD_TJN_MAR_023_Mobile_GROUND TRUTH FKA XAD_DST_SV1_MAP_DIR_RCH_TRG_RON_WEA_PXT_DVY_PROXIMITY CONQUESTING - WEATHER LOCATOR UNIT_Run of Network_Weather_F25-54_320 x 50_Click and View_NV_NA,204541553,9/11/2017,12427,202,12225,4978,7247,108,7139,6742,397,5086,4803,11545
TJN_TJX_TJMaxx 2H DIG_FY18,Viant,"PK2X7K_TJN_TJX_028_Data_VIANT INC_DSI_SV1_DSK_DIR_RCH_TRG_INT_BTG_CTG_DVY_PHASE 1_VIANT IMP, W25-54 STRATEGIC SAVERS, CONTOBOX - Honeycomb_Fixed Placement_Behavioral_F25-54_160 x 600_Click and View_NV_NA",205726917,10/5/2017,270,23,247,0,247,4,243,69,174,4,1,70
TJN_TJX_TJMaxx 2H DIG_FY18,NBC Universal Media,PK2LGL_TJN_TJX_028_Content_NBCUNI.COM_BAF_BS2_DSK_DIR_DSP_SPN_HPT_CTG_CTG_DCM_100% SOV NBC HOMEPAGE ROADBLOCK 10/17 - 300X250 DESKTOP_HP Takeover_Contextual_F25-54_300 x 250_Standard_NV_NA,205662876,10/18/2017,76781,4750,72031,119,71912,2990,68922,31492,37430,3109,1421,32913
TJN_TJX_TJMaxx 2H DIG_FY18,xAd Inc.,PJMTN0_TJN_TJX_028_Mobile_GROUND TRUTH FKA XAD_DST_SV1_MAP_DIR_DSP_TRG_RON_RTG_RTG_DVY_PHASE 1_LOCATION AUDIENCE TJX SHOPPERS PLACEMENT - STANDARD BANNER - Fall Handbag_Run of Network_Retarget_F25-54_300 x 250_Click and View_NV_NA,204447842,10/16/2017,8036,144,7892,7870,22,0,22,21,1,7870,7512,7533
TJN_MAR_023_Marshalls 2H Digital_F18,xAd Inc.,PJQ0YJ_TJN_MAR_023_Mobile_GROUND TRUTH FKA XAD_DST_SV1_MAP_DIR_DSP_TRG_RON_BTG_PXT_DVY_MARSHALLS SHOPPERS - DYNAMIC DISTANCE_Run of Network_Geo_F25-54_320 x 50_Click and View_NV_NA,204595911,10/2/2017,3,1,2,2,0,0,0,0,0,2,2,2
TJN_TJX_TJMaxx 2H DIG_FY18,xAd Inc.,PJMTN9_TJN_TJX_028_Mobile_GROUND TRUTH FKA XAD_DST_SV1_MAP_DIR_DSP_TRG_RON_BTG_BTG_DVY_PHASE 1_BEHAVIORAL AUDIENCE STRATEGIC SAVERS PLACEMENT - STANDARD BANNER - Fall Handbag_Run of Network_Behavioral_F25-54_300 x 250_Click and View_NV_NA,204447293,10/9/2017,8101,125,7976,7967,9,0,9,4,5,7967,3541,3545
TJN_MAR_023_Marshalls 2H Digital_F18,NinthDecimal,PJPSRW_TJN_MAR_023_Mobile_NINTHDECIMAL_DST_SV1_MAP_DIR_RCH_TRG_RON_BTG_PXT_DVY_LOCATION GRAPH: TJX FAMILY LOYALISTS_Run of Network_Behavioral_F25-54_320 x 50_Click and View_NV_NA,204541739,10/21/2017,187599,2376,185223,55400,129823,605,129218,125220,3998,56005,54272,179492
TJN_TJX_TJMaxx 2H DIG_FY18,Viant,"PJSPBW_TJN_TJC_031_Data_VIANT INC_PUR_ROI_MWB_DIR_DSP_TRG_RON_BTG_MKT_DVY_DETERMINSTIC LAL OF ECOM CONVERTERS, CROSS DEVICE DISPLAY_Fixed Placement_Behavioral_F25-54_300 x 50_Click_NV_NA",204733524,10/11/2017,7092,109,6983,3,6980,1130,5850,4608,1242,1133,892,5500
TJN_MAR_023_Marshalls 2H Digital_F18,xAd Inc.,PJQ0YN_TJN_MAR_023_Mobile_GROUND TRUTH FKA XAD_DST_SV1_MAP_DIR_DSP_TRG_RON_PXT_BTG_DVY_GEOBLOCKS LOYALTY - DYNAMIC DISTANCE_Run of Network_Geo_F25-54_320 x 50_Click and View_NV_NA,204558328,9/28/2017,14372,358,14014,11779,2235,206,2029,1909,120,11985,11048,12957
TJN_MAR_023_Marshalls 2H Digital_F18,NinthDecimal,PJPSS0_TJN_MAR_023_Mobile_NINTHDECIMAL_DST_SV1_MAP_DIR_RCH_TRG_RON_BTG_DMA_DVY_3RD PARTY: SURPRISE CHOOSERS_Run of Network_Behavioral_F25-54_320 x 50_Click and View_NV_NA,204595875,10/15/2017,27019,462,26557,6682,19875,131,19744,18933,811,6813,6533,25466
TJN_MAR_023_Marshalls 2H Digital_F18,NinthDecimal,PJPSRW_TJN_MAR_023_Mobile_NINTHDECIMAL_DST_SV1_MAP_DIR_RCH_TRG_RON_BTG_PXT_DVY_LOCATION GRAPH: TJX FAMILY LOYALISTS_Run of Network_Behavioral_F25-54_320 x 50_Click and View_NV_NA,204541739,9/9/2017,997,8,989,184,805,13,792,758,34,197,189,947
TJN_TJX_TJMaxx 2H DIG_FY18,xAd Inc.,PJMTNQ_TJN_TJX_028_Mobile_GROUND TRUTH FKA XAD_DST_SV1_MAP_DIR_RCH_TRG_RON_BTG_BTG_DVY_PHASE 1_BEHAVIORAL AUDIENCE STRATEGIC SAVERS PLACEMENT - RICH MEDIA STORE LOCATOR - TJ Maxx_Run of Network_Behavioral_F25-54_320 x 50_Click and View_NV_NA,204447845,9/24/2017,20627,198,20429,4563,15866,231,15635,14838,797,4794,4550,19388
TJN_TJX_TJMaxx 2H DIG_FY18,PlaceIQ,PK19YZ_TJN_TJX_028_Mobile_PLACEIQ INC_DST_SV1_MAP_DIR_RCH_TRG_RON_BTG_PTG_DVY_PHASE 1_RICH MEDIA_STRATEGIC SAVERS_INFORMER CONSUMER SHOPPERS+TOP TIER APPAREL SHOPPER_Run of Network_Behavioral_F25-54_320 x 50_Click and View_NV_NA,205563548,10/11/2017,32948,1067,31881,11891,19990,680,19310,19044,266,12571,12398,31442
TJN_TJX_TJMaxx 2H DIG_FY18,xAd Inc.,PJMTMZ_TJN_TJX_028_Mobile_GROUND TRUTH FKA XAD_DST_SV1_MAP_DIR_DSP_TRG_RON_RTG_RTG_DVY_PHASE 1_LOCATION AUDIENCE TJX SHOPPERS PLACEMENT - STANDARD BANNER - Maxx You Maxx Life_Run of Network_Retarget_F25-54_320 x 50_Click and View_NV_NA,204484011,10/16/2017,9942,197,9745,3434,6311,103,6208,4561,1647,3537,2599,7160
TJN_TJX_TJMaxx 2H DIG_FY18,xAd Inc.,PJPXJX_TJN_TJX_028_Mobile_GROUND TRUTH FKA XAD_DST_SV1_MAP_DIR_DSP_TRG_RON_BTG_BTG_DVY_PHASE 1_BEHAVIORAL AUDIENCE STRATEGIC SAVERS PLACEMENT - STANDARD BANNER - TJMaxx_Run of Network_Behavioral_F25-54_320 x 50_Click and View_NV_NA,204447848,9/24/2017,20455,211,20244,8068,12176,484,11692,10789,903,8552,7898,18687
TJN_MAR_023_Marshalls 2H Digital_F18,NinthDecimal,"PJPSS1_TJN_MAR_023_Mobile_NINTHDECIMAL_DST_SV1_MAP_DIR_RCH_TRG_RON_BTG_DMA_DVY_TV TARGETING: PEOPLE WHO WATCH BRAVO, TLC, HGTV, A&E, LIFETIME, DISCOVERY_Run of Network_Behavioral_F25-54_320 x 50_Click and View_NV_NA",204541508,9/24/2017,12429,252,12177,3874,8303,54,8249,7986,263,3928,3803,11789
TJN_MAR_023_Marshalls 2H Digital_F18,xAd Inc.,PJQ0YJ_TJN_MAR_023_Mobile_GROUND TRUTH FKA XAD_DST_SV1_MAP_DIR_DSP_TRG_RON_BTG_PXT_DVY_MARSHALLS SHOPPERS - DYNAMIC DISTANCE_Run of Network_Geo_F25-54_320 x 50_Click and View_NV_NA,204595911,9/23/2017,9410,118,9292,6434,2858,262,2596,2350,246,6696,5518,7868
TJN_MAR_023_Marshalls 2H Digital_F18,xAd Inc.,PJQ0Y9_TJN_MAR_023_Mobile_GROUND TRUTH FKA XAD_DST_SV1_MAP_DIR_RCH_TRG_RON_WEA_PXT_DVY_PROXIMITY LOYALTY - WEATHER LOCATOR UNIT_Run of Network_Weather_F25-54_300 x 250_Click and View_NV_NA,204541757,10/9/2017,86837,1107,85730,15368,70362,1384,68978,51942,17036,16752,12615,64557
TJN_MAR_023_Marshalls 2H Digital_F18,xAd Inc.,PJQ0YG_TJN_MAR_023_Mobile_GROUND TRUTH FKA XAD_DST_SV1_MAP_DIR_DSP_TRG_RON_BTG_DMA_DVY_BEHAVIORAL - FASHION SHOPPER - DYNAMIC DISTANCE_Run of Network_Behavioral_F25-54_320 x 50_Click and View_NV_NA,204557581,9/21/2017,33725,479,33246,27274,5972,2192,3780,3394,386,29466,22597,25991
TJN_TJX_TJMaxx 2H DIG_FY18,Foursquare,"PK0H80_TJN_TJX_028_Audience_FOURSQUARE LABS, INC_DST_SV1_MAP_PRO_RCH_TRG_RON_PXT_BTG_DVY_PHASE 1_MOBILE RICH MEDIA STRATEGIC SAVERS - Find A Store_Run of Network_Geo_F25-54_320 x 50_Standard_NV_NA",205394974,10/19/2017,2,1,1,1,0,0,0,0,0,1,1,1
TJN_TJX_TJMaxx 2H DIG_FY18,PlaceIQ,PK19YZ_TJN_TJX_028_Mobile_PLACEIQ INC_DST_SV1_MAP_DIR_RCH_TRG_RON_BTG_PTG_DVY_PHASE 1_RICH MEDIA_STRATEGIC SAVERS_INFORMER CONSUMER SHOPPERS+TOP TIER APPAREL SHOPPER_Run of Network_Behavioral_F25-54_320 x 50_Click and View_NV_NA,205563548,10/6/2017,60896,1599,59297,27936,31361,1613,29748,29197,551,29549,29002,58199
TJN_TJX_TJMaxx 2H DIG_FY18,Foursquare,"PJPQKZ_TJN_TJX_028_Audience_FOURSQUARE LABS, INC_DST_SV1_MAP_PRO_DSP_TRG_RON_PXT_BTG_DVY_PHASE 1_PINPOINT TRENDSETTERS_Run of Network_Geo_F25-54_300 x 250_Standard_NV_NA",204481813,9/9/2017,2622,396,2226,939,1287,486,801,248,553,1425,441,689
TJN_TJX_TJMaxx 2H DIG_FY18,Foursquare,"PJMQ2K_TJN_TJX_028_Audience_FOURSQUARE LABS, INC_DST_SV1_MAP_PRO_DSP_TRG_RON_PXT_BTG_DVY_PHASE 1_PINPOINT STRATEGIC SAVERS_Run of Network_Geo_F25-54_320 x 50_Standard_NV_NA",204483454,9/18/2017,163287,11295,151992,71707,80285,4231,76054,55523,20531,75938,55438,110961
TJN_TJX_TJMaxx 2H DIG_FY18,Foursquare,"PKFML5_TJN_TJX_028_Audience_FOURSQUARE LABS, INC_DST_SV1_MAP_PRO_RCH_TRG_RON_PXT_BTG_DVY_PHASE 1_MOBILE RICH MEDIA TRENDSETTERS - Sweaters_Run of Network_Geo_F25-54_300 x 250_Standard_NV_NA",206824533,10/20/2017,2345,76,2269,1314,955,279,676,328,348,1593,773,1101
TJN_TJX_TJMaxx 2H DIG_FY18,Foursquare,"PJPSSY_TJN_TJX_028_Audience_FOURSQUARE LABS, INC_DST_SV1_MAP_PRO_RCH_TRG_RON_PXT_BTG_DVY_PHASE 1_MOBILE RICH MEDIA TRENDSETTERS - Find A TJ Maxx Store_Run of Network_Geo_F25-54_320 x 50_Standard_NV_NA",204527598,9/19/2017,41787,1298,40489,22833,17656,1504,16152,10483,5669,24337,15795,26278
TJN_TJX_TJMaxx 2H DIG_FY18,Foursquare,"PJYHWD_TJN_TJX_028_Audience_FOURSQUARE LABS, INC_DST_SV1_MAP_PRO_DSP_TRG_RON_PXT_BTG_DVY_PHASE 1_PINPOINT COMPETITIVE CONQUESTING_Run of Network_Geo_F25-54_300 x 250_Standard_NV_NA",205235284,9/23/2017,9974,1304,8670,3526,5144,284,4860,2817,2043,3810,2208,5025
TJN_MAR_023_Marshalls 2H Digital_F18,xAd Inc.,PJQ0YJ_TJN_MAR_023_Mobile_GROUND TRUTH FKA XAD_DST_SV1_MAP_DIR_DSP_TRG_RON_BTG_PXT_DVY_MARSHALLS SHOPPERS - DYNAMIC DISTANCE_Run of Network_Geo_F25-54_320 x 50_Click and View_NV_NA,204595911,10/1/2017,3,0,3,2,1,1,0,0,0,3,2,2
TJN_TJX_TJMaxx 2H DIG_FY18,Viant,"PK2V50_TJN_TJX_028_Data_VIANT INC_DSI_SV1_DSK_DIR_RCH_TRG_INT_BTG_CTG_DVY_PHASE 1_VIANT IMP, W25-54 STRATEGIC SAVERS, CONTOBOX - Fall Homes_Fixed Placement_Behavioral_F25-54_160 x 600_Click and View_NV_NA",205726908,10/21/2017,15,2,13,10,3,0,3,3,0,10,10,13
TJN_TJX_TJMaxx 2H DIG_FY18,Foursquare,"PJPQKZ_TJN_TJX_028_Audience_FOURSQUARE LABS, INC_DST_SV1_MAP_PRO_DSP_TRG_RON_PXT_BTG_DVY_PHASE 1_PINPOINT TRENDSETTERS_Run of Network_Geo_F25-54_300 x 250_Standard_NV_NA",204481813,10/21/2017,1188,26,1162,919,243,92,151,89,62,1011,596,685
TJN_TJX_TJMaxx 2H DIG_FY18,xAd Inc.,PJMTN4_TJN_TJX_028_Mobile_GROUND TRUTH FKA XAD_DST_SV1_MAP_DIR_RCH_TRG_RON_BTG_BTG_DVY_PHASE 1_BEHAVIORAL AUDIENCE TRENDSETTERS PLACEMENT - RICH MEDIA STORE LOCATOR - Fall Handbag_Run of Network_Behavioral_F25-54_300 x 250_Click and View_NV_NA,204447281,9/25/2017,6463,62,6401,76,6325,57,6268,6015,253,133,128,6143
TJN_TJX_TJMaxx 2H DIG_FY18,Viant,"PK2X7F_TJN_TJX_028_Data_VIANT INC_DSI_SV1_DSK_DIR_RCH_TRG_INT_BTG_CTG_DVY_PHASE 1_VIANT IMP, W25-54 STRATEGIC SAVERS, CONTOBOX - Honeycomb_Fixed Placement_Behavioral_F25-54_728 x 90_Click and View_NV_NA",205727841,9/30/2017,4859,74,4785,3,4782,352,4430,2312,2118,355,185,2497
TJN_TJX_TJMaxx 2H DIG_FY18,NBC Universal Media,PK3H7D_TJN_TJX_028_Content_NBCUNI.COM_BAF_BS2_DSK_DIR_DSP_SPN_HPT_CTG_CTG_DCM_100% SOV NBC HOMEPAGE ROADBLOCK 10/10 - 728X90 MOBILE_HP Takeover_Contextual_F25-54_728 x 90_Standard_NV_NA,205685938,10/9/2017,3,0,3,0,3,0,3,3,0,0,0,3
TJN_TJX_TJMaxx 2H DIG_FY18,Foursquare,"PJYHWD_TJN_TJX_028_Audience_FOURSQUARE LABS, INC_DST_SV1_MAP_PRO_DSP_TRG_RON_PXT_BTG_DVY_PHASE 1_PINPOINT COMPETITIVE CONQUESTING_Run of Network_Geo_F25-54_300 x 250_Standard_NV_NA",205235284,10/2/2017,2408,294,2114,1030,1084,97,987,692,295,1127,790,1482
TJN_MAR_023_Marshalls 2H Digital_F18,xAd Inc.,PJQ0YK_TJN_MAR_023_Mobile_GROUND TRUTH FKA XAD_DST_SV1_MAP_DIR_DSP_TRG_RON_BTG_PXT_DVY_MARSHALLS SHOPPERS - DYNAMIC DISTANCE_Run of Network_Geo_F25-54_300 x 250_Click and View_NV_NA,204543440,9/21/2017,3241,75,3166,3166,0,0,0,0,0,3166,3166,3166
TJN_TJX_TJMaxx 2H DIG_FY18,Viant,"PJSPBW_TJN_TJC_031_Data_VIANT INC_PUR_ROI_MWB_DIR_DSP_TRG_RON_BTG_MKT_DVY_DETERMINSTIC LAL OF ECOM CONVERTERS, CROSS DEVICE DISPLAY_Fixed Placement_Behavioral_F25-54_300 x 50_Click_NV_NA",204733524,10/6/2017,8297,89,8208,0,8208,1191,7017,5637,1380,1191,957,6594
TJN_MAR_023_Marshalls 2H Digital_F18,NinthDecimal,PJPSRR_TJN_MAR_023_Mobile_NINTHDECIMAL_DST_SV1_MAP_DIR_RCH_TRG_RON_PXT_DMA_DVY_GEOFENCE: 2-MILE RADIUS AROUND URBAN STORES_Run of Network_Geo_F25-54_320 x 50_Click and View_NV_NA,204541523,10/19/2017,150683,3719,146964,61245,85719,502,85217,82711,2506,61747,59931,142642
TJN_MAR_023_Marshalls 2H Digital_F18,xAd Inc.,PJQ0YQ_TJN_MAR_023_Mobile_GROUND TRUTH FKA XAD_DST_SV1_MAP_DIR_DSP_TRG_RON_PXT_BTG_DVY_GEOBLOCKS CONQUESTING - DYNAMIC DISTANCE_Run of Network_Geo_F25-54_320 x 50_Click and View_NV_NA,204595632,10/16/2017,11213,186,11027,9492,1535,144,1391,721,670,9636,4995,5716
TJN_TJX_TJMaxx 2H DIG_FY18,Conversant Inc.,PJPWP8_TJN_TJX_028_Audience_CONVERSANT_DST_SV1_DSK_NET_DSP_TRG_RON_BTG_BTG_DVY_PHASE 1_ DESKTOP LEADERBOARD - CONVERSANT SHOPPERS AV_Run of Site_Behavioral_P18+_728 x 90_Standard_NV_NA,204446132,10/14/2017,2384,221,2163,0,2163,59,2104,1580,524,59,44,1624
TJN_TJX_TJMaxx 2H DIG_FY18,Viant,"PJSPCL_TJN_TJC_031_Data_VIANT INC_PUR_ROI_TWB_DIR_DSP_TRG_RON_BTG_MKT_DVY_W25-54 + ONLINE SHOPPERS, CROSS DEVICE DISPLAY_Fixed Placement_Behavioral_F25-54_728 x 90_Click_NV_NA",204715987,10/12/2017,1562,176,1386,0,1386,65,1321,980,341,65,48,1028
TJN_TJX_TJMaxx 2H DIG_FY18,Viant,"PK2X7J_TJN_TJX_028_Data_VIANT INC_DSI_SV1_MWB_DIR_RCH_TRG_INT_BTG_CTG_DVY_PHASE 1_VIANT IMP, W25-54 STRATEGIC SAVERS, CONTOBOX - Honeycomb_Fixed Placement_Behavioral_F25-54_300 x 250_Click and View_NV_NA",205688479,10/6/2017,623,12,611,4,607,35,572,184,388,39,13,197
TJN_TJX_TJMaxx 2H DIG_FY18,Viant,"PK2X7B_TJN_TJX_028_Data_VIANT INC_DSI_SV1_TWB_DIR_RCH_TRG_INT_BTG_CTG_DVY_PHASE 1_VIANT IMP, W25-54 STRATEGIC SAVERS, CONTOBOX - Honeycomb_Fixed Placement_Behavioral_F25-54_300 x 250_Click and View_NV_NA",205687939,10/7/2017,1944,40,1904,6,1898,362,1536,922,614,368,221,1143
TJN_TJX_TJMaxx 2H DIG_FY18,PlaceIQ,PK1YGY_TJN_TJX_028_Mobile_PLACEIQ INC_DST_SV1_MAP_DIR_DSP_TRG_RON_BTG_PTG_DVY_PHASE 1_STANDARD BANNER_TRENDSETTERS_ONLINE SHOPPER+TJMAXX SHOPPERS - TJ Maxx_Run of Network_Behavioral_F25-54_320 x 50_Click and View_NV_NA,205661871,10/18/2017,28342,518,27824,13384,14440,135,14305,14148,157,13519,13371,27519
TJN_TJX_TJMaxx 2H DIG_FY18,Conversant Inc.,PJPWP8_TJN_TJX_028_Audience_CONVERSANT_DST_SV1_DSK_NET_DSP_TRG_RON_BTG_BTG_DVY_PHASE 1_ DESKTOP LEADERBOARD - CONVERSANT SHOPPERS AV_Run of Site_Behavioral_P18+_728 x 90_Standard_NV_NA,204446132,9/14/2017,790,106,684,0,684,83,601,400,201,83,55,455
TJN_TJX_TJMaxx 2H DIG_FY18,xAd Inc.,PKF4NT_TJN_TJX_028_Mobile_GROUND TRUTH FKA XAD_DST_SV1_MAP_DIR_RCH_TRG_RON_BTG_BTG_DVY_PHASE 1_BEHAVIORAL AUDIENCE TRENDSETTERS PLACEMENT - RICH MEDIA STORE LOCATOR - Sweaters_Run of Network_Behavioral_F25-54_300 x 250_Click and View_NV_NA,206813092,10/14/2017,1284,12,1272,9,1263,2,1261,1197,64,11,10,1207
TJN_MAR_023_Marshalls 2H Digital_F18,NinthDecimal,PJPSRX_TJN_MAR_023_Mobile_NINTHDECIMAL_DST_SV1_MAP_DIR_RCH_TRG_RON_BTG_PXT_DVY_LOCATION GRAPH: COMPETITIVE CONQUESTING_Run of Network_Behavioral_F25-54_320 x 50_Click and View_NV_NA,204542879,9/11/2017,7128,128,7000,1731,5269,50,5219,5069,150,1781,1730,6799
TJN_TJX_TJMaxx 2H DIG_FY18,Conversant Inc.,PJNPLX_TJN_TJX_028_Audience_CONVERSANT_DST_SV1_DSK_NET_DSP_TRG_RON_BTG_BTG_DVY_PHASE 1_ DESKTOP RECTANGLE - CJ CONVERTERS LAL MODELING_Run of Site_Behavioral_P18+_300 x 600_Standard_NV_NA,204442894,10/7/2017,2217,134,2083,0,2083,304,1779,538,1241,304,92,630
TJN_TJX_TJMaxx 2H DIG_FY18,PlaceIQ,PKFS92_TJN_TJX_028_Mobile_PLACEIQ INC_DST_SV1_MAP_DIR_DSP_TRG_RON_BTG_PXT_DVY_PHASE 1_STANDARD BANNER_TRENDSTTERS_SOCIAL MEDIA INFLUENCER PLUS NEARBY TJMAXX - Find a Store V2_Run of Network_Behavioral_F25-54_320 x 50_Click and View_NV_NA,206771771,10/20/2017,14849,1017,13832,8674,5158,35,5123,4996,127,8709,8493,13489
TJN_MAR_023_Marshalls 2H Digital_F18,NinthDecimal,"PJPSS1_TJN_MAR_023_Mobile_NINTHDECIMAL_DST_SV1_MAP_DIR_RCH_TRG_RON_BTG_DMA_DVY_TV TARGETING: PEOPLE WHO WATCH BRAVO, TLC, HGTV, A&E, LIFETIME, DISCOVERY_Run of Network_Behavioral_F25-54_320 x 50_Click and View_NV_NA",204541508,9/22/2017,2311,44,2267,572,1695,7,1688,1644,44,579,564,2208
TJN_TJX_TJMaxx 2H DIG_FY18,xAd Inc.,PJPXJX_TJN_TJX_028_Mobile_GROUND TRUTH FKA XAD_DST_SV1_MAP_DIR_DSP_TRG_RON_BTG_BTG_DVY_PHASE 1_BEHAVIORAL AUDIENCE STRATEGIC SAVERS PLACEMENT - STANDARD BANNER - TJMaxx_Run of Network_Behavioral_F25-54_320 x 50_Click and View_NV_NA,204447848,9/22/2017,22488,238,22250,4864,17386,233,17153,16147,1006,5097,4800,20947
TJN_TJX_TJMaxx 2H DIG_FY18,xAd Inc.,PJMTNQ_TJN_TJX_028_Mobile_GROUND TRUTH FKA XAD_DST_SV1_MAP_DIR_RCH_TRG_RON_BTG_BTG_DVY_PHASE 1_BEHAVIORAL AUDIENCE STRATEGIC SAVERS PLACEMENT - RICH MEDIA STORE LOCATOR - TJ Maxx_Run of Network_Behavioral_F25-54_320 x 50_Click and View_NV_NA,204447845,9/22/2017,21599,219,21380,4006,17374,194,17180,16247,933,4200,3972,20219
TJN_TJX_TJMaxx 2H DIG_FY18,Conversant Inc.,PJPWP9_TJN_TJX_028_Audience_CONVERSANT_DST_SV1_DSK_NET_DSP_TRG_RON_BTG_BTG_DVY_PHASE 1_ DESKTOP MEDIUM RECTANGLE - CONVERSANT SHOPPERS AV_Run of Site_Behavioral_P18+_300 x 250_Standard_NV_NA,204483957,9/29/2017,1397,93,1304,0,1304,291,1013,672,341,291,193,865
TJN_TJX_TJMaxx 2H DIG_FY18,Viant,"PK2V4X_TJN_TJX_028_Data_VIANT INC_DSI_SV1_DSK_DIR_RCH_TRG_INT_BTG_CTG_DVY_PHASE 1_VIANT IMP, W25-54 STRATEGIC SAVERS, CONTOBOX - Fall Homes_Fixed Placement_Behavioral_F25-54_300 x 250_Click and View_NV_NA",205688458,10/11/2017,36861,1812,35049,8,35041,3690,31351,5102,26249,3698,602,5704
TJN_TJX_TJMaxx 2H DIG_FY18,Conversant Inc.,PJPWPB_TJN_TJX_028_Audience_CONVERSANT_DST_SV1_DSK_NET_DSP_TRG_RON_BTG_BTG_DVY_PHASE 1_ DESKTOP RECTANGLE - CONVERSANT SHOPPERS AV_Run of Site_Behavioral_P18+_300 x 600_Standard_NV_NA,204447254,10/3/2017,425,19,406,0,406,138,268,75,193,138,39,114
TJN_TJX_TJMaxx 2H DIG_FY18,Viant,"PJNSGP_TJN_TJX_028_Data_VIANT INC_DSI_SV1_MWB_DIR_DSP_TRG_RON_BTG_CTG_DVY_PHASE 1_VIANT DIRECT MATCH RETAIL, TJX PORFOLIO LOYALISTS, DISPLAY_Fixed Placement_Behavioral_F25-54_300 x 50_Standard_NV_NA",204525579,9/22/2017,10359,241,10118,0,10118,663,9455,5327,4128,663,374,5701
TJN_TJX_TJMaxx 2H DIG_FY18,Foursquare,"PK0H81_TJN_TJX_028_Audience_FOURSQUARE LABS, INC_DST_SV1_MAP_PRO_RCH_TRG_RON_PXT_BTG_DVY_PHASE 1_MOBILE RICH MEDIA TRENDSETTERS - Fall Honeycomb_Run of Network_Geo_F25-54_300 x 250_Standard_NV_NA",205337093,9/21/2017,4398,186,4212,1100,3112,201,2911,694,2217,1301,310,1004
TJN_TJX_TJMaxx 2H DIG_FY18,Viant,"PJNSGS_TJN_TJX_028_Data_VIANT INC_DSI_SV1_MWB_DIR_DSP_TRG_RON_BTG_CTG_DVY_PHASE 1_VIANT DIRECT MATCH RETAIL, TJX PORFOLIO LOYALISTS, DISPLAY_Fixed Placement_Behavioral_F25-54_320 x 50_Standard_NV_NA",204524922,9/25/2017,10070,127,9943,0,9943,526,9417,6961,2456,526,389,7350
TJN_TJX_TJMaxx 2H DIG_FY18,xAd Inc.,PJYDBW_TJN_TJX_028_Mobile_GROUND TRUTH FKA XAD_DST_SV1_MAP_DIR_RCH_TRG_RON_BTG_BTG_DVY_PHASE 1_BEHAVIORAL AUDIENCE STRATEGIC SAVERS PLACEMENT - RICH MEDIA STORE LOCATOR - Fall Hero_Run of Network_Behavioral_F25-54_300 x 250_Click and View_NV_NA,205207030,10/19/2017,5,1,4,3,1,0,1,1,0,3,3,4
TJN_TJX_TJMaxx 2H DIG_FY18,PlaceIQ,PK19YY_TJN_TJX_028_Mobile_PLACEIQ INC_DST_SV1_MAP_DIR_RCH_TRG_RON_BTG_PTG_DVY_PHASE 1_RICH MEDIA_STRATEGIC SAVERS_FREQUENT WOMEN'S APPAREL SHOPPER+DISCRETIONARY SPEND SHOPPERS_Run of Network_Behavioral_F25-54_320 x 50_Click and View_NV_NA,205568681,10/9/2017,35853,684,35169,14783,20386,783,19603,19192,411,15566,15240,34432
TJN_TJX_TJMaxx 2H DIG_FY18,Conversant Inc.,PJPWPF_TJN_TJX_028_Audience_CONVERSANT_DST_SV1_TAP_NET_DSP_TRG_RON_BTG_BTG_DVY_PHASE 1_ TABLET LEADERBOARD - CONVERSANT SHOPPERS AV_Run of Site_Behavioral_P18+_728 x 90_Standard_NV_NA,204442915,10/14/2017,4,0,4,0,4,1,3,2,1,1,1,3
TJN_TJX_TJMaxx 2H DIG_FY18,xAd Inc.,PJMTNB_TJN_TJX_028_Mobile_GROUND TRUTH FKA XAD_DST_SV1_MAP_DIR_DSP_TRG_RON_BTG_BTG_DVY_PHASE 1_BEHAVIORAL AUDIENCE TRENDSETTERS PLACEMENT - STANDARD BANNER - Fall Handbag_Run of Network_Behavioral_F25-54_300 x 250_Click and View_NV_NA,204447833,9/7/2017,3988,105,3883,2908,975,12,963,934,29,2920,2833,3767
TJN_TJX_TJMaxx 2H DIG_FY18,xAd Inc.,PJYDBM_TJN_TJX_028_Mobile_GROUND TRUTH FKA XAD_DST_SV1_MAP_DIR_RCH_TRG_RON_PXT_PXT_DVY_PHASE 1_PROXIMITY LOYALTY PLACEMENT - RICH MEDIA STORE LOCATOR - Fall Hero_Run of Network_Geo_F25-54_300 x 250_Click and View_NV_NA,205209355,10/15/2017,5377,87,5290,117,5173,20,5153,4840,313,137,129,4969
TJN_TJX_TJMaxx 2H DIG_FY18,Conversant Inc.,PJPWPF_TJN_TJX_028_Audience_CONVERSANT_DST_SV1_TAP_NET_DSP_TRG_RON_BTG_BTG_DVY_PHASE 1_ TABLET LEADERBOARD - CONVERSANT SHOPPERS AV_Run of Site_Behavioral_P18+_728 x 90_Standard_NV_NA,204442915,9/14/2017,48,2,46,0,46,8,38,12,26,8,3,15
TJN_TJX_TJMaxx 2H DIG_FY18,xAd Inc.,PJMTND_TJN_TJX_028_Mobile_GROUND TRUTH FKA XAD_DST_SV1_MAP_DIR_DSP_TRG_RON_PXT_PXT_DVY_PHASE 1_PROXIMITY LOYALTY PLACEMENT - STANDARD BANNER - Maxx You Maxx Life_Run of Network_Geo_F25-54_320 x 50_Click and View_NV_NA,204442096,9/7/2017,40514,766,39748,7788,31960,13295,18665,12449,6216,21083,14343,26792
TJN_MAR_023_Marshalls 2H Digital_F18,xAd Inc.,PJQ0YL_TJN_MAR_023_Mobile_GROUND TRUTH FKA XAD_DST_SV1_MAP_DIR_DSP_TRG_RON_BTG_PXT_DVY_COMPETITOR SHOPPERS - DYNAMIC DISTANCE_Run of Network_Geo_F25-54_320 x 50_Click and View_NV_NA,204595638,10/7/2017,6141,68,6073,3807,2266,74,2192,1352,840,3881,2382,3734
TJN_TJX_TJMaxx 2H DIG_FY18,Conversant Inc.,PJNPML_TJN_TJC_031_Audience_CONVERSANT_PUR_ROI_DSK_NET_DSP_TRG_RON_BTG_BTG_DVY_DESKTOP MEDIUM RECTANGLE- STRATEGIC SAVERS_Run of Site_Other_P18+_300 x 250_Standard_NV_NA,204443407,10/19/2017,2006,145,1861,0,1861,306,1555,784,771,306,154,938
TJN_TJX_TJMaxx 2H DIG_FY18,Viant,"PK2X7D_TJN_TJX_028_Data_VIANT INC_DSI_SV1_TWB_DIR_RCH_TRG_INT_BTG_CTG_DVY_PHASE 1_VIANT IMP, W25-54 STRATEGIC SAVERS, CONTOBOX - Honeycomb_Fixed Placement_Behavioral_F25-54_728 x 90_Click and View_NV_NA",205727832,10/4/2017,27212,276,26936,79,26857,2254,24603,5978,18625,2333,567,6545
TJN_TJX_TJMaxx 2H DIG_FY18,NBC Universal Media,PK2LHP_TJN_TJX_028_Content_NBCUNI.COM_BAF_BS2_DSK_DIR_DSP_SPN_HPT_CTG_CTG_DCM_100% SOV NBC THIS IS US ROADBLOCK 10/17 - 970X66 DESKTOP_HP Takeover_Contextual_F25-54_970 x 66_Standard_NV_NA,205563524,10/17/2017,23625,535,23090,76,23014,451,22563,17676,4887,527,413,18089
TJN_MAR_023_Marshalls 2H Digital_F18,NinthDecimal,PJPSRX_TJN_MAR_023_Mobile_NINTHDECIMAL_DST_SV1_MAP_DIR_RCH_TRG_RON_BTG_PXT_DVY_LOCATION GRAPH: COMPETITIVE CONQUESTING_Run of Network_Behavioral_F25-54_320 x 50_Click and View_NV_NA,204542879,10/19/2017,165803,2675,163128,69339,93789,581,93208,90438,2770,69920,67842,158280
TJN_MAR_023_Marshalls 2H Digital_F18,xAd Inc.,PJQ0Y8_TJN_MAR_023_Mobile_GROUND TRUTH FKA XAD_DST_SV1_MAP_DIR_RCH_TRG_RON_WEA_PXT_DVY_PROXIMITY LOYALTY - WEATHER LOCATOR UNIT_Run of Network_Weather_F25-54_320 x 50_Click and View_NV_NA,204556189,9/8/2017,30246,628,29618,24749,4869,75,4794,4603,191,24824,23835,28438
TJN_TJX_TJMaxx 2H DIG_FY18,Conversant Inc.,PJPTMQ_TJN_TJC_031_Audience_CONVERSANT_PUR_ROI_DSK_NET_DSP_TRG_RON_BTG_BTG_DVY_DESKTOP MEDIUM RECTANGLE- COMPETITIVE CONQUESTING_Run of Site_Other_P18+_300 x 250_Standard_NV_NA,204447218,10/12/2017,30754,1731,29023,1,29022,2102,26920,20435,6485,2103,1596,22031
TJN_MAR_023_Marshalls 2H Digital_F18,xAd Inc.,PJQ0YF_TJN_MAR_023_Mobile_GROUND TRUTH FKA XAD_DST_SV1_MAP_DIR_RCH_TRG_RON_WEA_PXT_DVY_PROXIMITY CONQUESTING - WEATHER LOCATOR UNIT_Run of Network_Weather_F25-54_300 x 250_Click and View_NV_NA,204596913,10/8/2017,1102,15,1087,61,1026,46,980,896,84,107,98,994
TJN_TJX_TJMaxx 2H DIG_FY18,Conversant Inc.,PJPTLL_TJN_TJC_031_Audience_CONVERSANT_PUR_ROI_DSK_NET_DSP_TRG_RON_BTG_BTG_DVY_DESKTOP WIDE SKYSCRAPER- TRENDSETTERS_Run of Site_Other_P18+_160 x 600_Standard_NV_NA,204447269,10/19/2017,915,48,867,0,867,168,699,193,506,168,46,239
TJN_TJX_TJMaxx 2H DIG_FY18,xAd Inc.,PJMTNC_TJN_TJX_028_Mobile_GROUND TRUTH FKA XAD_DST_SV1_MAP_DIR_DSP_TRG_RON_BTG_BTG_DVY_PHASE 1_BEHAVIORAL AUDIENCE TRENDSETTERS PLACEMENT - STANDARD BANNER - Maxx You Maxx Life_Run of Network_Behavioral_F25-54_320 x 50_Click and View_NV_NA,204447830,9/19/2017,20430,236,20194,3619,16575,230,16345,14055,2290,3849,3310,17365
TJN_TJX_TJMaxx 2H DIG_FY18,Foursquare,"PJPRQJ_TJN_TJX_028_Audience_FOURSQUARE LABS, INC_DST_SV1_MAP_PRO_DSP_TRG_RON_PXT_BTG_DVY_PHASE 1_PINPOINT STRATEGIC SAVERS AV_Run of Network_Geo_F25-54_320 x 50_Standard_NV_NA",204525369,9/20/2017,1854,193,1661,438,1223,36,1187,824,363,474,329,1153
TJN_TJX_TJMaxx 2H DIG_FY18,xAd Inc.,PJMTN2_TJN_TJX_028_Mobile_GROUND TRUTH FKA XAD_DST_SV1_MAP_DIR_DSP_TRG_RON_RTG_RTG_DVY_PHASE 1_LOCATION AUDIENCE COMPETITIVE CONQUESTING PLACEMENT - STANDARD BANNER - Fall Handbag_Run of Network_Retarget_F25-54_300 x 250_Click and View_NV_NA,204447824,10/7/2017,5088,78,5010,4287,723,12,711,672,39,4299,4063,4735
TJN_TJX_TJMaxx 2H DIG_FY18,xAd Inc.,PJMTN5_TJN_TJX_028_Mobile_GROUND TRUTH FKA XAD_DST_SV1_MAP_DIR_RCH_TRG_RON_BTG_BTG_DVY_PHASE 1_BEHAVIORAL AUDIENCE TRENDSETTERS PLACEMENT - RICH MEDIA STORE LOCATOR - TJ Maxx_Run of Network_Behavioral_F25-54_320 x 50_Click and View_NV_NA,204442936,9/14/2017,1,0,1,0,1,0,1,1,0,0,0,1
TJN_MAR_023_Marshalls 2H Digital_F18,xAd Inc.,PJQ0YN_TJN_MAR_023_Mobile_GROUND TRUTH FKA XAD_DST_SV1_MAP_DIR_DSP_TRG_RON_PXT_BTG_DVY_GEOBLOCKS LOYALTY - DYNAMIC DISTANCE_Run of Network_Geo_F25-54_320 x 50_Click and View_NV_NA,204558328,10/14/2017,10104,149,9955,7551,2404,529,1875,1610,265,8080,6873,8483
TJN_TJX_TJMaxx 2H DIG_FY18,Viant,"PK2X7K_TJN_TJX_028_Data_VIANT INC_DSI_SV1_DSK_DIR_RCH_TRG_INT_BTG_CTG_DVY_PHASE 1_VIANT IMP, W25-54 STRATEGIC SAVERS, CONTOBOX - Honeycomb_Fixed Placement_Behavioral_F25-54_160 x 600_Click and View_NV_NA",205726917,10/17/2017,5464,1847,3617,2,3615,177,3438,1270,2168,179,66,1336
TJN_TJX_TJMaxx 2H DIG_FY18,Viant,"PJNSHG_TJN_TJX_028_Data_VIANT INC_DSI_SV1_DSK_DIR_DSP_TRG_RON_BTG_CTG_DVY_PHASE 1_VIANT DIRECT MATCH RETAIL, COMPETITIVE CONQUESTING, DISPLAY_Fixed Placement_Behavioral_F25-54_728 x 90_Standard_NV_NA",204478490,10/1/2017,99,3,96,0,96,10,86,40,46,10,5,45
TJN_TJX_TJMaxx 2H DIG_FY18,Viant,PJPXKS_TJN_TJX_028_Data_VIANT INC_DSI_SV1_DSK_DIR_DSP_TRG_RON_BTG_CTG_DVY_PHASE 1_DESKTOP DISPLAY VIANT IMP TARGETING - STRATEGIC SAVERS AV_Fixed Placement_Demo_F25-54_160 x 600_Standard_NV_NA,204477475,10/1/2017,40,2,38,0,38,1,37,11,26,1,0,11
TJN_MAR_023_Marshalls 2H Digital_F18,NinthDecimal,PJPSRR_TJN_MAR_023_Mobile_NINTHDECIMAL_DST_SV1_MAP_DIR_RCH_TRG_RON_PXT_DMA_DVY_GEOFENCE: 2-MILE RADIUS AROUND URBAN STORES_Run of Network_Geo_F25-54_320 x 50_Click and View_NV_NA,204541523,9/11/2017,42217,1459,40758,22137,18621,81,18540,17949,591,22218,21510,39459
TJN_TJX_TJMaxx 2H DIG_FY18,Hulu,PK3CXL_TJN_TJX_027_Content_HULU_BAF_BS2_TAP_DIR_CUS_SPN_CHS_CTG_CTG_DVY_FALL TV SPONSORSHIP: PREMIUM SLATE - TABLET IN APP_FEP_Contextual_F25-54_1920 x 1080_Standard_NV_NA,205726818,10/15/2017,27841,199,27642,27642,0,0,0,0,0,27642,18259,18259
TJN_MAR_023_Marshalls 2H Digital_F18,xAd Inc.,PJQ0Y9_TJN_MAR_023_Mobile_GROUND TRUTH FKA XAD_DST_SV1_MAP_DIR_RCH_TRG_RON_WEA_PXT_DVY_PROXIMITY LOYALTY - WEATHER LOCATOR UNIT_Run of Network_Weather_F25-54_300 x 250_Click and View_NV_NA,204541757,9/26/2017,3527,32,3495,1874,1621,100,1521,974,547,1974,1264,2238
TJN_TJX_TJMaxx 2H DIG_FY18,xAd Inc.,PJMTNR_TJN_TJX_028_Mobile_GROUND TRUTH FKA XAD_DST_SV1_MAP_DIR_RCH_TRG_RON_BTG_BTG_DVY_PHASE 1_BEHAVIORAL AUDIENCE STRATEGIC SAVERS PLACEMENT - RICH MEDIA STORE LOCATOR - Fall Handbag_Run of Network_Behavioral_F25-54_300 x 250_Click and View_NV_NA,204442108,10/6/2017,6013,82,5931,4755,1176,26,1150,533,617,4781,2216,2749
TJN_TJX_TJMaxx 2H DIG_FY18,Viant,"PK2V4T_TJN_TJX_028_Data_VIANT INC_DSI_SV1_TWB_DIR_RCH_TRG_INT_BTG_CTG_DVY_PHASE 1_VIANT IMP, W25-54 STRATEGIC SAVERS, CONTOBOX - Fall Homes_Fixed Placement_Behavioral_F25-54_160 x 600_Click and View_NV_NA",205687933,10/11/2017,1,0,1,1,0,0,0,0,0,1,0,0
TJN_MAR_023_Marshalls 2H Digital_F18,xAd Inc.,PJQ0YN_TJN_MAR_023_Mobile_GROUND TRUTH FKA XAD_DST_SV1_MAP_DIR_DSP_TRG_RON_PXT_BTG_DVY_GEOBLOCKS LOYALTY - DYNAMIC DISTANCE_Run of Network_Geo_F25-54_320 x 50_Click and View_NV_NA,204558328,9/14/2017,18869,438,18431,11272,7159,2550,4609,4238,371,13822,13027,17265
TJN_TJX_TJMaxx 2H DIG_FY18,Conversant Inc.,PJNPMJ_TJN_TJC_031_Audience_CONVERSANT_PUR_ROI_MAP_NET_DSP_TRG_RON_BTG_BTG_DVY_SMARTPHONE MEDIUM RECTANGLE - STRATEGIC SAVERS_Run of Site_Other_P18+_300 x 250_Standard_NV_NA,204442063,10/7/2017,8607,66,8541,0,8541,1196,7345,4442,2903,1196,723,5165
TJN_TJX_TJMaxx 2H DIG_FY18,xAd Inc.,PJMTN5_TJN_TJX_028_Mobile_GROUND TRUTH FKA XAD_DST_SV1_MAP_DIR_RCH_TRG_RON_BTG_BTG_DVY_PHASE 1_BEHAVIORAL AUDIENCE TRENDSETTERS PLACEMENT - RICH MEDIA STORE LOCATOR - TJ Maxx_Run of Network_Behavioral_F25-54_320 x 50_Click and View_NV_NA,204442936,10/14/2017,7289,62,7227,3394,3833,119,3714,3188,526,3513,3015,6203
TJN_TJX_TJMaxx 2H DIG_FY18,xAd Inc.,PJPXK0_TJN_TJX_028_Mobile_GROUND TRUTH FKA XAD_DST_SV1_MAP_DIR_DSP_TRG_RON_BTG_BTG_DVY_PHASE 1_BEHAVIORAL AUDIENCE TRENDSETTERS PLACEMENT - STANDARD BANNER - TJMaxx_Run of Network_Behavioral_F25-54_320 x 50_Click and View_NV_NA,204483993,9/19/2017,20134,254,19880,2699,17181,162,17019,15360,1659,2861,2582,17942
TJN_TJX_TJMaxx 2H DIG_FY18,xAd Inc.,PKF49Y_TJN_TJX_028_Mobile_GROUND TRUTH FKA XAD_DST_SV1_MAP_DIR_DSP_TRG_RON_BTG_BTG_DVY_PHASE 1_BEHAVIORAL AUDIENCE TRENDSETTERS PLACEMENT - STANDARD BANNER - Find A Store V1_Run of Network_Behavioral_F25-54_320 x 50_Click and View_NV_NA,206812693,10/18/2017,7515,92,7423,2930,4493,57,4436,3480,956,2987,2343,5823
TJN_TJX_TJMaxx 2H DIG_FY18,Viant,"PJNSHG_TJN_TJX_028_Data_VIANT INC_DSI_SV1_DSK_DIR_DSP_TRG_RON_BTG_CTG_DVY_PHASE 1_VIANT DIRECT MATCH RETAIL, COMPETITIVE CONQUESTING, DISPLAY_Fixed Placement_Behavioral_F25-54_728 x 90_Standard_NV_NA",204478490,9/23/2017,3228,96,3132,0,3132,274,2858,1446,1412,274,139,1585
TJN_TJX_TJMaxx 2H DIG_FY18,Viant,PJPXKS_TJN_TJX_028_Data_VIANT INC_DSI_SV1_DSK_DIR_DSP_TRG_RON_BTG_CTG_DVY_PHASE 1_DESKTOP DISPLAY VIANT IMP TARGETING - STRATEGIC SAVERS AV_Fixed Placement_Demo_F25-54_160 x 600_Standard_NV_NA,204477475,9/23/2017,3239,153,3086,0,3086,348,2738,1123,1615,348,143,1266
TJN_TJX_TJMaxx 2H DIG_FY18,Viant,"PJNSGP_TJN_TJX_028_Data_VIANT INC_DSI_SV1_MWB_DIR_DSP_TRG_RON_BTG_CTG_DVY_PHASE 1_VIANT DIRECT MATCH RETAIL, TJX PORFOLIO LOYALISTS, DISPLAY_Fixed Placement_Behavioral_F25-54_300 x 50_Standard_NV_NA",204525579,9/24/2017,10064,118,9946,0,9946,627,9319,6042,3277,627,407,6449
TJN_TJX_TJMaxx 2H DIG_FY18,Foursquare,"PJPRV8_TJN_TJX_028_Audience_FOURSQUARE LABS, INC_DST_SV1_MAP_PRO_DSP_TRG_RON_PXT_BTG_DVY_PHASE 1_PINPOINT TRENDSETTERS AV_Run of Network_Geo_F25-54_300 x 250_Standard_NV_NA",204527100,10/16/2017,100,0,100,15,85,7,78,41,37,22,12,53
TJN_TJX_TJMaxx 2H DIG_FY18,Viant,"PJNSHC_TJN_TJX_028_Data_VIANT INC_DSI_SV1_DSK_DIR_DSP_TRG_RON_BTG_CTG_DVY_PHASE 1_VIANT DIRECT MATCH RETAIL, COMPETITIVE CONQUESTING, DISPLAY_Fixed Placement_Behavioral_F25-54_300 x 250_Standard_NV_NA",204478655,9/17/2017,33335,1318,32017,0,32017,3786,28231,19971,8260,3786,2678,22649
TJN_TJX_TJMaxx 2H DIG_FY18,xAd Inc.,PJMTNR_TJN_TJX_028_Mobile_GROUND TRUTH FKA XAD_DST_SV1_MAP_DIR_RCH_TRG_RON_BTG_BTG_DVY_PHASE 1_BEHAVIORAL AUDIENCE STRATEGIC SAVERS PLACEMENT - RICH MEDIA STORE LOCATOR - Fall Handbag_Run of Network_Behavioral_F25-54_300 x 250_Click and View_NV_NA,204442108,10/11/2017,5291,66,5225,1762,3463,106,3357,1670,1687,1868,929,2599
TJN_TJX_TJMaxx 2H DIG_FY18,xAd Inc.,PJMTMR_TJN_TJX_028_Mobile_GROUND TRUTH FKA XAD_DST_SV1_MAP_DIR_RCH_TRG_RON_PXT_PXT_DVY_PHASE 1_PROXIMITY LOYALTY PLACEMENT - RICH MEDIA STORE LOCATOR - Fall Handbag_Run of Network_Geo_F25-54_300 x 250_Click and View_NV_NA,204442093,9/6/2017,30901,305,30596,6631,23965,91,23874,23530,344,6722,6625,30155
TJN_TJX_TJMaxx 2H DIG_FY18,Viant,"PJSPBX_TJN_TJC_031_Data_VIANT INC_PUR_ROI_TWB_DIR_DSP_TRG_RON_BTG_MKT_DVY_DETERMINSTIC LAL OF ECOM CONVERTERS, CROSS DEVICE DISPLAY_Fixed Placement_Behavioral_F25-54_728 x 90_Click_NV_NA",204716188,10/4/2017,379,10,369,0,369,51,318,160,158,51,26,186
TJN_TJX_TJMaxx 2H DIG_FY18,Viant,"PK2V4T_TJN_TJX_028_Data_VIANT INC_DSI_SV1_TWB_DIR_RCH_TRG_INT_BTG_CTG_DVY_PHASE 1_VIANT IMP, W25-54 STRATEGIC SAVERS, CONTOBOX - Fall Homes_Fixed Placement_Behavioral_F25-54_160 x 600_Click and View_NV_NA",205687933,10/6/2017,60,2,58,1,57,2,55,3,52,3,0,3
TJN_MAR_023_Marshalls 2H Digital_F18,xAd Inc.,PJQ0YD_TJN_MAR_023_Mobile_GROUND TRUTH FKA XAD_DST_SV1_MAP_DIR_RCH_TRG_RON_WEA_PXT_DVY_PROXIMITY CONQUESTING - WEATHER LOCATOR UNIT_Run of Network_Weather_F25-54_320 x 50_Click and View_NV_NA,204541553,10/19/2017,8540,230,8310,5970,2340,48,2292,2153,139,6018,5653,7806
TJN_TJX_TJMaxx 2H DIG_FY18,Hulu,PK3CXN_TJN_TJX_027_Content_HULU_BAF_BS2_CTV_DIR_CUS_SPN_CHS_CTG_CTG_DVY_FALL TV SPONSORSHIP: PREMIUM SLATE - CONNECTED TV_FEP_Contextual_F25-54_1920 x 1080_Standard_NV_NA,205725861,10/4/2017,1,0,1,1,0,0,0,0,0,1,1,1
TJN_TJX_TJMaxx 2H DIG_FY18,PlaceIQ,PK18PW_TJN_TJX_028_Mobile_PLACEIQ INC_DST_SV1_MAP_DIR_DSP_TRG_RON_BTG_PXT_DVY_PHASE 1_STANDARD BANNER_TRENDSTTERS_SOCIAL MEDIA INFLUENCER PLUS NEARBY TJMAXX - Maxx You Maxx Life_Run of Network_Behavioral_F25-54_320 x 50_Click and View_NV_NA,205566944,10/13/2017,34462,1048,33414,19423,13991,148,13843,13530,313,19571,19128,32658
TJN_TJX_TJMaxx 2H DIG_FY18,Foursquare,"PJPSSX_TJN_TJX_028_Audience_FOURSQUARE LABS, INC_DST_SV1_MAP_PRO_RCH_TRG_RON_PXT_BTG_DVY_PHASE 1_MOBILE RICH MEDIA TRENDSETTERS - Fall Handbag_Run of Network_Geo_F25-54_300 x 250_Standard_NV_NA",204525354,10/20/2017,1,1,0,0,0,0,0,0,0,0,0,0
TJN_TJX_TJMaxx 2H DIG_FY18,xAd Inc.,PJMTN2_TJN_TJX_028_Mobile_GROUND TRUTH FKA XAD_DST_SV1_MAP_DIR_DSP_TRG_RON_RTG_RTG_DVY_PHASE 1_LOCATION AUDIENCE COMPETITIVE CONQUESTING PLACEMENT - STANDARD BANNER - Fall Handbag_Run of Network_Retarget_F25-54_300 x 250_Click and View_NV_NA,204447824,9/8/2017,12837,466,12371,12339,32,3,29,22,7,12342,9363,9385
TJN_TJX_TJMaxx 2H DIG_FY18,Viant,PJPXKS_TJN_TJX_028_Data_VIANT INC_DSI_SV1_DSK_DIR_DSP_TRG_RON_BTG_CTG_DVY_PHASE 1_DESKTOP DISPLAY VIANT IMP TARGETING - STRATEGIC SAVERS AV_Fixed Placement_Demo_F25-54_160 x 600_Standard_NV_NA,204477475,10/2/2017,604,11,593,0,593,49,544,145,399,49,13,158
TJN_MAR_023_Marshalls 2H Digital_F18,Bustle,PK5G41_TJN_MAR_023_Content_BUSTLE_Custom Content Roadblock Standard Feature 1 - Panoramic_Roadblock_Contextual_F25-54_1 x 1_Click and View_NV_NA,206335290,10/12/2017,19751,370,19381,10,19371,2137,17234,15621,1613,2147,1946,17567
TJN_TJX_TJMaxx 2H DIG_FY18,Hulu,PK3F7L_TJN_TJX_027_Content_HULU_BAF_BS2_CTV_DIR_CUS_SPN_CHS_CTG_CTG_DVY_HULU ROS: PREMIUM SLATE - CONNECTED TV_FEP_Contextual_F25-54_1920 x 1080_Standard_NV_NA,205685923,10/16/2017,26785,69,26716,26716,0,0,0,0,0,26716,17361,17361
TJN_TJX_TJMaxx 2H DIG_FY18,Foursquare,"PJPQL0_TJN_TJX_028_Audience_FOURSQUARE LABS, INC_DST_SV1_MAP_PRO_DSP_TRG_RON_PXT_BTG_DVY_PHASE 1_PINPOINT TRENDSETTERS_Run of Network_Geo_F25-54_320 x 50_Standard_NV_NA",204478094,9/12/2017,64222,3504,60718,40100,20618,1041,19577,13316,6261,41141,27984,41300
TJN_MAR_023_Marshalls 2H Digital_F18,xAd Inc.,PJQ0Y8_TJN_MAR_023_Mobile_GROUND TRUTH FKA XAD_DST_SV1_MAP_DIR_RCH_TRG_RON_WEA_PXT_DVY_PROXIMITY LOYALTY - WEATHER LOCATOR UNIT_Run of Network_Weather_F25-54_320 x 50_Click and View_NV_NA,204556189,10/7/2017,245003,6076,238927,119526,119401,1817,117584,103910,13674,121343,107232,211142
TJN_TJX_TJMaxx 2H DIG_FY18,xAd Inc.,PJMTN1_TJN_TJX_028_Mobile_GROUND TRUTH FKA XAD_DST_SV1_MAP_DIR_DSP_TRG_RON_DMA_DMA_DVY_PHASE 1_ADDED VALUE DMA TARGETING STANDALONE: STANDARD BANNER - Maxx You Maxx Life_Run of Network_Geo_F25-54_320 x 50_Click and View_NV_NA,204443461,9/21/2017,66350,1259,65091,22264,42827,708,42119,36307,5812,22972,19802,56109
TJN_TJX_TJMaxx 2H DIG_FY18,NBC Universal Media,PK2HF5_TJN_TJX_028_Content_NBCUNI.COM_BAF_BS2_MAP_DIR_VID_SPN_ROS_BTG_CTG_MOA_THIS IS US SPONSORSHIP: DESKTOP - VIGNETTE 1_Run of Site_Behavioral_F25-54_1920 x 1080_Click and View_NV_NA,205566893,10/7/2017,1,0,1,1,0,0,0,0,0,1,1,1
TJN_MAR_023_Marshalls 2H Digital_F18,xAd Inc.,PJQ0YL_TJN_MAR_023_Mobile_GROUND TRUTH FKA XAD_DST_SV1_MAP_DIR_DSP_TRG_RON_BTG_PXT_DVY_COMPETITOR SHOPPERS - DYNAMIC DISTANCE_Run of Network_Geo_F25-54_320 x 50_Click and View_NV_NA,204595638,9/8/2017,10211,144,10067,7843,2224,1155,1069,993,76,8998,8155,9148
TJN_TJX_TJMaxx 2H DIG_FY18,xAd Inc.,PJMTNC_TJN_TJX_028_Mobile_GROUND TRUTH FKA XAD_DST_SV1_MAP_DIR_DSP_TRG_RON_BTG_BTG_DVY_PHASE 1_BEHAVIORAL AUDIENCE TRENDSETTERS PLACEMENT - STANDARD BANNER - Maxx You Maxx Life_Run of Network_Behavioral_F25-54_320 x 50_Click and View_NV_NA,204447830,9/13/2017,21870,288,21582,3438,18144,2198,15946,13277,2669,5636,4675,17952
TJN_TJX_TJMaxx 2H DIG_FY18,xAd Inc.,PJPXK0_TJN_TJX_028_Mobile_GROUND TRUTH FKA XAD_DST_SV1_MAP_DIR_DSP_TRG_RON_BTG_BTG_DVY_PHASE 1_BEHAVIORAL AUDIENCE TRENDSETTERS PLACEMENT - STANDARD BANNER - TJMaxx_Run of Network_Behavioral_F25-54_320 x 50_Click and View_NV_NA,204483993,10/13/2017,10510,82,10428,2721,7707,172,7535,5892,1643,2893,2232,8124
TJN_TJX_TJMaxx 2H DIG_FY18,xAd Inc.,PJPXK0_TJN_TJX_028_Mobile_GROUND TRUTH FKA XAD_DST_SV1_MAP_DIR_DSP_TRG_RON_BTG_BTG_DVY_PHASE 1_BEHAVIORAL AUDIENCE TRENDSETTERS PLACEMENT - STANDARD BANNER - TJMaxx_Run of Network_Behavioral_F25-54_320 x 50_Click and View_NV_NA,204483993,9/13/2017,21467,218,21249,3273,17976,2059,15917,13728,2189,5332,4563,18291
TJN_TJX_TJMaxx 2H DIG_FY18,xAd Inc.,PJMTNC_TJN_TJX_028_Mobile_GROUND TRUTH FKA XAD_DST_SV1_MAP_DIR_DSP_TRG_RON_BTG_BTG_DVY_PHASE 1_BEHAVIORAL AUDIENCE TRENDSETTERS PLACEMENT - STANDARD BANNER - Maxx You Maxx Life_Run of Network_Behavioral_F25-54_320 x 50_Click and View_NV_NA,204447830,10/13/2017,11480,163,11317,3412,7905,965,6940,4794,2146,4377,2454,7248
TJN_TJX_TJMaxx 2H DIG_FY18,Viant,"PKGK94_TJN_TJX_028_Data_VIANT INC_DSI_SV1_MWB_DIR_CUS_TRG_NAT_BTG_CTG_DVY_PHASE 1_VIANT LIFESTYLE, TRENDSETTERS NATIVE- Dresses_Fixed Placement_Contextual_F25-54_0 x 0_Click and View_NV_NA",206772386,10/18/2017,11838,140,11698,11698,0,0,0,0,0,11698,9016,9016
TJN_TJX_TJMaxx 2H DIG_FY18,PlaceIQ,PKFPTY_TJN_TJX_028_Mobile_PLACEIQ INC_DST_SV1_MAP_DIR_DSP_TRG_RON_BTG_PXT_DVY_PHASE 1_STANDARD BANNER_TJX PROXIMITY LOYALISTS_WORK BY TJMAXX - Sweaters_Run of Network_Behavioral_F25-54_300 x 250_Click and View_NV_NA,206833254,10/21/2017,1001,102,899,272,627,10,617,594,23,282,271,865
TJN_TJX_TJMaxx 2H DIG_FY18,Viant,"PJNSGN_TJN_TJX_028_Data_VIANT INC_DSI_SV1_TWB_DIR_DSP_TRG_RON_BTG_CTG_DVY_PHASE 1_VIANT DIRECT MATCH RETAIL, TJX PORFOLIO LOYALISTS, DISPLAY_Fixed Placement_Behavioral_F25-54_300 x 250_Standard_NV_NA",204526347,9/12/2017,765,37,728,0,728,46,682,534,148,46,36,570
TJN_TJX_TJMaxx 2H DIG_FY18,Viant,PJPXKV_TJN_TJX_028_Data_VIANT INC_DSI_SV1_DSK_DIR_DSP_TRG_RON_BTG_CTG_DVY_PHASE 1_DESKTOP DISPLAY VIANT IMP TARGETING - STRATEGIC SAVERS AV_Fixed Placement_Demo_F25-54_728 x 90_Standard_NV_NA,204526986,10/18/2017,4014,2002,2012,2,2010,204,1806,728,1078,206,83,811
TJN_TJX_TJMaxx 2H DIG_FY18,Conversant Inc.,PJNPLZ_TJN_TJX_028_Audience_CONVERSANT_DST_SV1_MAP_NET_DSP_TRG_RON_BTG_BTG_DVY_PHASE 1_ SMARTPHONE SMALL BANNER  - CJ CONVERTERS LAL MODELING_Run of Site_Behavioral_P18+_320 x 50_Standard_NV_NA,204442891,10/19/2017,21,6,15,0,15,4,11,5,6,4,2,7
TJN_TJX_TJMaxx 2H DIG_FY18,Conversant Inc.,PJPWP8_TJN_TJX_028_Audience_CONVERSANT_DST_SV1_DSK_NET_DSP_TRG_RON_BTG_BTG_DVY_PHASE 1_ DESKTOP LEADERBOARD - CONVERSANT SHOPPERS AV_Run of Site_Behavioral_P18+_728 x 90_Standard_NV_NA,204446132,9/28/2017,726,47,679,0,679,164,515,303,212,164,96,399
TJN_TJX_TJMaxx 2H DIG_FY18,NBC Universal Media,PK2KJY_TJN_TJX_028_Content_NBCUNI.COM_BAF_BS2_DSK_DIR_VID_SPN_ROS_BTG_CTG_MOA_THIS IS US SPONSORSHIP: DESKTOP - VIGNETTE 3_Run of Site_Behavioral_F25-54_1920 x 1080_Click and View_NV_NA,205659768,10/17/2017,7779,201,7578,7578,0,0,0,0,0,7578,5062,5062
TJN_TJX_TJMaxx 2H DIG_FY18,Foursquare,"PK0H84_TJN_TJX_028_Audience_FOURSQUARE LABS, INC_DST_SV1_MAP_PRO_RCH_TRG_RON_PXT_BTG_DVY_PHASE 1_MOBILE RICH MEDIA COMPETITIVE CONQUESTING - Find A Store_Run of Network_Geo_F25-54_320 x 50_Standard_NV_NA",205427847,10/19/2017,1,0,1,1,0,0,0,0,0,1,1,1
TJN_TJX_TJMaxx 2H DIG_FY18,Conversant Inc.,PJPTLN_TJN_TJC_031_Audience_CONVERSANT_PUR_ROI_MAP_NET_DSP_TRG_RON_BTG_BTG_DVY_SMARTPHONE MEDIUM RECTANGLE - TRENDSETTERS_Run of Site_Other_P18+_300 x 250_Standard_NV_NA,204446141,10/8/2017,11568,115,11453,0,11453,1570,9883,6405,3478,1570,1017,7422
TJN_MAR_023_Marshalls 2H Digital_F18,xAd Inc.,PJQ0YM_TJN_MAR_023_Mobile_GROUND TRUTH FKA XAD_DST_SV1_MAP_DIR_DSP_TRG_RON_BTG_PXT_DVY_COMPETITOR SHOPPERS - DYNAMIC DISTANCE_Run of Network_Geo_F25-54_300 x 250_Click and View_NV_NA,204555259,9/18/2017,3540,125,3415,3415,0,0,0,0,0,3415,3415,3415
TJN_TJX_TJMaxx 2H DIG_FY18,xAd Inc.,PJMTN8_TJN_TJX_028_Mobile_GROUND TRUTH FKA XAD_DST_SV1_MAP_DIR_DSP_TRG_RON_BTG_BTG_DVY_PHASE 1_BEHAVIORAL AUDIENCE STRATEGIC SAVERS PLACEMENT - STANDARD BANNER - Maxx You Maxx Life_Run of Network_Behavioral_F25-54_320 x 50_Click and View_NV_NA,204447851,10/13/2017,14575,231,14344,4392,9952,810,9142,6751,2391,5202,2980,9731
TJN_TJX_TJMaxx 2H DIG_FY18,Viant,"PJNSGM_TJN_TJX_028_Data_VIANT INC_DSI_SV1_TWB_DIR_DSP_TRG_RON_BTG_CTG_DVY_PHASE 1_VIANT DIRECT MATCH RETAIL, TJX PORFOLIO LOYALISTS, DISPLAY_Fixed Placement_Behavioral_F25-54_728 x 90_Standard_NV_NA",204526722,9/21/2017,9537,97,9440,0,9440,1320,8120,4658,3462,1320,757,5415
TJN_TJX_TJMaxx 2H DIG_FY18,Viant,"PKGJ50_TJN_TJC_031_Data_VIANT INC_PUR_ROI_DSK_DIR_CUS_TRG_NAT_BTG_MKT_DVY_W25-54 + KEYWORD TARGETING, CROSS DEVICE NATIVE - Dresses_Fixed Placement_Contextual_F25-54_1 x 1_Click_NV_NA",206833302,10/20/2017,18384,1140,17244,17244,0,0,0,0,0,17244,10265,10265
TJN_TJX_TJMaxx 2H DIG_FY18,Viant,"PJNSHC_TJN_TJX_028_Data_VIANT INC_DSI_SV1_DSK_DIR_DSP_TRG_RON_BTG_CTG_DVY_PHASE 1_VIANT DIRECT MATCH RETAIL, COMPETITIVE CONQUESTING, DISPLAY_Fixed Placement_Behavioral_F25-54_300 x 250_Standard_NV_NA",204478655,9/30/2017,62977,1970,61007,0,61007,4254,56753,48830,7923,4254,3660,52490
TJN_TJX_TJMaxx 2H DIG_FY18,Conversant Inc.,PJPTML_TJN_TJC_031_Audience_CONVERSANT_PUR_ROI_DSK_NET_DSP_TRG_RON_BTG_BTG_DVY_DESKTOP WIDE SKYSCRAPER- COMPETITIVE CONQUESTING_Run of Site_Other_P18+_160 x 600_Standard_NV_NA,204447224,10/11/2017,9967,552,9415,0,9415,1856,7559,2627,4932,1856,645,3272
TJN_TJX_TJMaxx 2H DIG_FY18,Foursquare,"PJPST0_TJN_TJX_028_Audience_FOURSQUARE LABS, INC_DST_SV1_MAP_PRO_RCH_TRG_RON_PXT_BTG_DVY_PHASE 1_MOBILE RICH MEDIA COMPETITIVE CONQUESTING - Find A TJ Maxx Store_Run of Network_Geo_F25-54_320 x 50_Standard_NV_NA",204525348,9/20/2017,52623,1407,51216,42325,8891,908,7983,6019,1964,43233,32597,38616
TJN_TJX_TJMaxx 2H DIG_FY18,Foursquare,"PK0H7Z_TJN_TJX_028_Audience_FOURSQUARE LABS, INC_DST_SV1_MAP_PRO_RCH_TRG_RON_PXT_BTG_DVY_PHASE 1_MOBILE RICH MEDIA STRATEGIC SAVERS - Fall Honeycomb_Run of Network_Geo_F25-54_300 x 250_Standard_NV_NA",205341980,10/20/2017,3,2,1,0,1,0,1,1,0,0,0,1
TJN_TJX_TJMaxx 2H DIG_FY18,xAd Inc.,PJYDBR_TJN_TJX_028_Mobile_GROUND TRUTH FKA XAD_DST_SV1_MAP_DIR_RCH_TRG_RON_BTG_BTG_DVY_PHASE 1_BEHAVIORAL AUDIENCE TRENDSETTERS PLACEMENT - RICH MEDIA STORE LOCATOR - Maxx You Maxx Life_Run of Network_Behavioral_F25-54_320 x 50_Click and View_NV_NA,205145234,10/12/2017,7858,109,7749,3545,4204,167,4037,3273,764,3712,3010,6283
TJN_TJX_TJMaxx 2H DIG_FY18,Viant,"PK2V4S_TJN_TJX_028_Data_VIANT INC_DSI_SV1_TWB_DIR_RCH_TRG_INT_BTG_CTG_DVY_PHASE 1_VIANT IMP, W25-54 STRATEGIC SAVERS, CONTOBOX - Fall Homes_Fixed Placement_Behavioral_F25-54_300 x 250_Click and View_NV_NA",205687927,9/30/2017,17410,158,17252,5,17247,4057,13190,8648,4542,4062,2663,11311
TJN_TJX_TJMaxx 2H DIG_FY18,xAd Inc.,PJMTN8_TJN_TJX_028_Mobile_GROUND TRUTH FKA XAD_DST_SV1_MAP_DIR_DSP_TRG_RON_BTG_BTG_DVY_PHASE 1_BEHAVIORAL AUDIENCE STRATEGIC SAVERS PLACEMENT - STANDARD BANNER - Maxx You Maxx Life_Run of Network_Behavioral_F25-54_320 x 50_Click and View_NV_NA,204447851,9/13/2017,22625,210,22415,3351,19064,309,18755,15700,3055,3660,3064,18764
TJN_MAR_023_Marshalls 2H Digital_F18,xAd Inc.,PJQ0YC_TJN_MAR_023_Mobile_GROUND TRUTH FKA XAD_DST_SV1_MAP_DIR_DSP_TRG_RON_PXT_BTG_DVY_PROXIMITY CONQUESTING - DYNAMIC DISTANCE_Run of Network_Geo_F25-54_300 x 250_Click and View_NV_NA,204595923,10/18/2017,13151,520,12631,12631,0,0,0,0,0,12631,12631,12631
TJN_TJX_TJMaxx 2H DIG_FY18,Viant,"PK2X7D_TJN_TJX_028_Data_VIANT INC_DSI_SV1_TWB_DIR_RCH_TRG_INT_BTG_CTG_DVY_PHASE 1_VIANT IMP, W25-54 STRATEGIC SAVERS, CONTOBOX - Honeycomb_Fixed Placement_Behavioral_F25-54_728 x 90_Click and View_NV_NA",205727832,10/15/2017,464,10,454,20,434,55,379,110,269,75,22,132
TJN_TJX_TJMaxx 2H DIG_FY18,Viant,"PJSPCM_TJN_TJC_031_Data_VIANT INC_PUR_ROI_TWB_DIR_DSP_TRG_RON_BTG_MKT_DVY_W25-54 + ONLINE SHOPPERS, CROSS DEVICE DISPLAY_Fixed Placement_Behavioral_F25-54_300 x 250_Click_NV_NA",204733512,10/11/2017,17198,333,16865,0,16865,1898,14967,10972,3995,1898,1391,12363
TJN_TJX_TJMaxx 2H DIG_FY18,Foursquare,"PK0H83_TJN_TJX_028_Audience_FOURSQUARE LABS, INC_DST_SV1_MAP_PRO_RCH_TRG_RON_PXT_BTG_DVY_PHASE 1_MOBILE RICH MEDIA COMPETITIVE CONQUESTING - Fall Honeycomb_Run of Network_Geo_F25-54_300 x 250_Standard_NV_NA",205344161,9/29/2017,5509,259,5250,1667,3583,228,3355,1084,2271,1895,612,1696
TJN_TJX_TJMaxx 2H DIG_FY18,Viant,"PJNSGN_TJN_TJX_028_Data_VIANT INC_DSI_SV1_TWB_DIR_DSP_TRG_RON_BTG_CTG_DVY_PHASE 1_VIANT DIRECT MATCH RETAIL, TJX PORFOLIO LOYALISTS, DISPLAY_Fixed Placement_Behavioral_F25-54_300 x 250_Standard_NV_NA",204526347,9/27/2017,8,1,7,0,7,2,5,5,0,2,2,7
TJN_TJX_TJMaxx 2H DIG_FY18,xAd Inc.,PJMTN3_TJN_TJX_028_Mobile_GROUND TRUTH FKA XAD_DST_SV1_MAP_DIR_DSP_TRG_RON_RTG_RTG_DVY_PHASE 1_LOCATION AUDIENCE COMPETITIVE CONQUESTING PLACEMENT - STANDARD BANNER - Maxx You Maxx Life_Run of Network_Retarget_F25-54_320 x 50_Click and View_NV_NA,204442933,9/28/2017,37257,562,36695,23218,13477,5485,7992,6115,1877,28703,18184,24299
TJN_TJX_TJMaxx 2H DIG_FY18,xAd Inc.,PJMTMZ_TJN_TJX_028_Mobile_GROUND TRUTH FKA XAD_DST_SV1_MAP_DIR_DSP_TRG_RON_RTG_RTG_DVY_PHASE 1_LOCATION AUDIENCE TJX SHOPPERS PLACEMENT - STANDARD BANNER - Maxx You Maxx Life_Run of Network_Retarget_F25-54_320 x 50_Click and View_NV_NA,204484011,9/6/2017,60234,976,59258,26865,32393,12712,19681,19076,605,39577,35463,54539
TJN_TJX_TJMaxx 2H DIG_FY18,Foursquare,"PJPRVC_TJN_TJX_028_Audience_FOURSQUARE LABS, INC_DST_SV1_MAP_PRO_DSP_TRG_RON_PXT_BTG_DVY_PHASE 1_PINPOINT TRENDSETTERS AV_Run of Network_Geo_F25-54_320 x 50_Standard_NV_NA",204527421,10/17/2017,2493,44,2449,1352,1097,40,1057,941,116,1392,1239,2180
TJN_TJX_TJMaxx 2H DIG_FY18,xAd Inc.,PJMTN4_TJN_TJX_028_Mobile_GROUND TRUTH FKA XAD_DST_SV1_MAP_DIR_RCH_TRG_RON_BTG_BTG_DVY_PHASE 1_BEHAVIORAL AUDIENCE TRENDSETTERS PLACEMENT - RICH MEDIA STORE LOCATOR - Fall Handbag_Run of Network_Behavioral_F25-54_300 x 250_Click and View_NV_NA,204447281,9/7/2017,3202,43,3159,653,2506,27,2479,2369,110,680,650,3019
TJN_TJX_TJMaxx 2H DIG_FY18,Viant,"PJNSH9_TJN_TJX_028_Data_VIANT INC_DSI_SV1_TWB_DIR_DSP_TRG_RON_BTG_CTG_DVY_PHASE 1_VIANT DIRECT MATCH RETAIL, COMPETITIVE CONQUESTING, DISPLAY_Fixed Placement_Behavioral_F25-54_300 x 250_Standard_NV_NA",204526701,9/13/2017,107,6,101,0,101,8,93,51,42,8,4,55
TJN_TJX_TJMaxx 2H DIG_FY18,Viant,"PJNSH9_TJN_TJX_028_Data_VIANT INC_DSI_SV1_TWB_DIR_DSP_TRG_RON_BTG_CTG_DVY_PHASE 1_VIANT DIRECT MATCH RETAIL, COMPETITIVE CONQUESTING, DISPLAY_Fixed Placement_Behavioral_F25-54_300 x 250_Standard_NV_NA",204526701,10/13/2017,12634,77,12557,0,12557,3193,9364,7534,1830,3193,2569,10103
TJN_TJX_TJMaxx 2H DIG_FY18,Foursquare,"PJPQL0_TJN_TJX_028_Audience_FOURSQUARE LABS, INC_DST_SV1_MAP_PRO_DSP_TRG_RON_PXT_BTG_DVY_PHASE 1_PINPOINT TRENDSETTERS_Run of Network_Geo_F25-54_320 x 50_Standard_NV_NA",204478094,9/27/2017,122493,5492,117001,78756,38245,1297,36948,29938,7010,80053,64865,94803
TJN_TJX_TJMaxx 2H DIG_FY18,xAd Inc.,PKF5TF_TJN_TJX_028_Mobile_GROUND TRUTH FKA XAD_DST_SV1_MAP_DIR_DSP_TRG_RON_RTG_RTG_DVY_PHASE 1_LOCATION AUDIENCE TJX SHOPPERS PLACEMENT - STANDARD BANNER - Find A Store V2_Run of Network_Retarget_F25-54_320 x 50_Click and View_NV_NA,206765393,10/15/2017,5420,63,5357,2269,3088,949,2139,1678,461,3218,2403,4081
TJN_TJX_TJMaxx 2H DIG_FY18,xAd Inc.,PJMTN0_TJN_TJX_028_Mobile_GROUND TRUTH FKA XAD_DST_SV1_MAP_DIR_DSP_TRG_RON_RTG_RTG_DVY_PHASE 1_LOCATION AUDIENCE TJX SHOPPERS PLACEMENT - STANDARD BANNER - Fall Handbag_Run of Network_Retarget_F25-54_300 x 250_Click and View_NV_NA,204447842,9/6/2017,20770,602,20168,18531,1637,14,1623,1570,53,18545,17830,19400
TJN_TJX_TJMaxx 2H DIG_FY18,Viant,"PJNSH8_TJN_TJX_028_Data_VIANT INC_DSI_SV1_TWB_DIR_DSP_TRG_RON_BTG_CTG_DVY_PHASE 1_VIANT DIRECT MATCH RETAIL, COMPETITIVE CONQUESTING, DISPLAY_Fixed Placement_Behavioral_F25-54_728 x 90_Standard_NV_NA",204483019,9/6/2017,118,48,70,0,70,26,44,44,0,26,26,70
TJN_TJX_TJMaxx 2H DIG_FY18,xAd Inc.,PJMTMQ_TJN_TJX_028_Mobile_GROUND TRUTH FKA XAD_DST_SV1_MAP_DIR_RCH_TRG_RON_PXT_PXT_DVY_PHASE 1_PROXIMITY LOYALTY PLACEMENT - RICH MEDIA STORE LOCATOR - TJ Maxx_Run of Network_Geo_F25-54_320 x 50_Click and View_NV_NA,204442090,10/7/2017,10559,165,10394,2659,7735,70,7665,7203,462,2729,2565,9768
TJN_TJX_TJMaxx 2H DIG_FY18,Viant,"PJSPBT_TJN_TJC_031_Data_VIANT INC_PUR_ROI_MWB_DIR_DSP_TRG_RON_BTG_MKT_DVY_DETERMINSTIC LAL OF ECOM CONVERTERS, CROSS DEVICE DISPLAY_Fixed Placement_Behavioral_F25-54_300 x 250_Click_NV_NA",204732642,10/12/2017,402,9,393,1,392,45,347,163,184,46,22,185
TJN_TJX_TJMaxx 2H DIG_FY18,NBC Universal Media,PK3H7N_TJN_TJX_028_Content_NBCUNI.COM_BAF_BS2_DSK_DIR_DSP_SPN_HPT_CTG_CTG_DCM_100% SOV NBC THIS IS US ROADBLOCK 10/10 - 728X90 MOBILE_HP Takeover_Contextual_F25-54_728 x 90_Standard_NV_NA,205725915,10/11/2017,1304,55,1249,2,1247,46,1201,847,354,48,34,881
TJN_TJX_TJMaxx 2H DIG_FY18,xAd Inc.,PKF4SK_TJN_TJX_028_Mobile_GROUND TRUTH FKA XAD_DST_SV1_MAP_DIR_DSP_TRG_RON_RTG_RTG_DVY_PHASE 1_LOCATION AUDIENCE COMPETITIVE CONQUESTING PLACEMENT - STANDARD BANNER - Dresses_Run of Network_Retarget_F25-54_300 x 250_Click and View_NV_NA,206832798,10/16/2017,2377,37,2340,2340,0,0,0,0,0,2340,1521,1521
TJN_TJX_TJMaxx 2H DIG_FY18,Foursquare,"PK0H80_TJN_TJX_028_Audience_FOURSQUARE LABS, INC_DST_SV1_MAP_PRO_RCH_TRG_RON_PXT_BTG_DVY_PHASE 1_MOBILE RICH MEDIA STRATEGIC SAVERS - Find A Store_Run of Network_Geo_F25-54_320 x 50_Standard_NV_NA",205394974,9/20/2017,49811,2260,47551,26064,21487,2343,19144,12238,6906,28407,18159,30397
TJN_TJX_TJMaxx 2H DIG_FY18,Viant,"PJSPBY_TJN_TJC_031_Data_VIANT INC_PUR_ROI_TWB_DIR_DSP_TRG_RON_BTG_MKT_DVY_DETERMINSTIC LAL OF ECOM CONVERTERS, CROSS DEVICE DISPLAY_Fixed Placement_Behavioral_F25-54_300 x 250_Click_NV_NA",204715651,10/5/2017,1278,23,1255,0,1255,268,987,439,548,268,119,558
TJN_TJX_TJMaxx 2H DIG_FY18,Conversant Inc.,PJPTMH_TJN_TJC_031_Audience_CONVERSANT_PUR_ROI_TAP_NET_DSP_TRG_RON_BTG_BTG_DVY_TABLET LEADERBOARD- COMPETITIVE CONQUESTING_Run of Site_Other_P18+_728 x 90_Standard_NV_NA,204483936,10/13/2017,251,7,244,49,195,16,179,168,11,65,61,229
TJN_TJX_TJMaxx 2H DIG_FY18,xAd Inc.,PJMTMQ_TJN_TJX_028_Mobile_GROUND TRUTH FKA XAD_DST_SV1_MAP_DIR_RCH_TRG_RON_PXT_PXT_DVY_PHASE 1_PROXIMITY LOYALTY PLACEMENT - RICH MEDIA STORE LOCATOR - TJ Maxx_Run of Network_Geo_F25-54_320 x 50_Click and View_NV_NA,204442090,9/8/2017,10433,499,9934,2548,7386,251,7135,4323,2812,2799,1696,6019
TJN_TJX_TJMaxx 2H DIG_FY18,xAd Inc.,PKF49C_TJN_TJX_028_Mobile_GROUND TRUTH FKA XAD_DST_SV1_MAP_DIR_DSP_TRG_RON_BTG_BTG_DVY_PHASE 1_BEHAVIORAL AUDIENCE TRENDSETTERS PLACEMENT - STANDARD BANNER - Dresses_Run of Network_Behavioral_F25-54_300 x 250_Click and View_NV_NA,206832825,10/20/2017,2484,41,2443,2443,0,0,0,0,0,2443,2443,2443
TJN_TJX_TJMaxx 2H DIG_FY18,Hulu,PK3CXN_TJN_TJX_027_Content_HULU_BAF_BS2_CTV_DIR_CUS_SPN_CHS_CTG_CTG_DVY_FALL TV SPONSORSHIP: PREMIUM SLATE - CONNECTED TV_FEP_Contextual_F25-54_1920 x 1080_Standard_NV_NA,205725861,10/15/2017,396778,1263,395515,395515,0,0,0,0,0,395515,261253,261253
TJN_TJX_TJMaxx 2H DIG_FY18,Foursquare,"PJPRQJ_TJN_TJX_028_Audience_FOURSQUARE LABS, INC_DST_SV1_MAP_PRO_DSP_TRG_RON_PXT_BTG_DVY_PHASE 1_PINPOINT STRATEGIC SAVERS AV_Run of Network_Geo_F25-54_320 x 50_Standard_NV_NA",204525369,9/11/2017,1890,86,1804,316,1488,72,1416,831,585,388,228,1059
TJN_TJX_TJMaxx 2H DIG_FY18,xAd Inc.,PJPXJR_TJN_TJX_028_Mobile_GROUND TRUTH FKA XAD_DST_SV1_MAP_DIR_DSP_TRG_RON_RTG_RTG_DVY_PHASE 1_LOCATION AUDIENCE TJX SHOPPERS PLACEMENT - STANDARD BANNER - Fall Hero_Run of Network_Retarget_F25-54_300 x 250_Click and View_NV_NA,204442105,9/16/2017,13666,621,13045,13042,3,1,2,2,0,13043,13043,13045
TJN_TJX_TJMaxx 2H DIG_FY18,Conversant Inc.,PJNPLW_TJN_TJX_028_Audience_CONVERSANT_DST_SV1_DSK_NET_DSP_TRG_RON_BTG_BTG_DVY_PHASE 1_ DESKTOP MEDIUM RECTANGLE - CJ CONVERTERS LAL MODELING_Run of Site_Behavioral_P18+_300 x 250_Standard_NV_NA,204442024,10/2/2017,1046,62,984,0,984,171,813,237,576,171,50,287
TJN_TJX_TJMaxx 2H DIG_FY18,xAd Inc.,PJPXJT_TJN_TJX_028_Mobile_GROUND TRUTH FKA XAD_DST_SV1_MAP_DIR_DSP_TRG_RON_RTG_RTG_DVY_PHASE 1_LOCATION AUDIENCE COMPETITIVE CONQUESTING PLACEMENT - STANDARD BANNER - TJMaxx_Run of Network_Retarget_F25-54_320 x 50_Click and View_NV_NA,204443440,10/11/2017,8648,157,8491,2225,6266,64,6202,5061,1141,2289,1868,6929
TJN_TJX_TJMaxx 2H DIG_FY18,Viant,"PJSPBX_TJN_TJC_031_Data_VIANT INC_PUR_ROI_TWB_DIR_DSP_TRG_RON_BTG_MKT_DVY_DETERMINSTIC LAL OF ECOM CONVERTERS, CROSS DEVICE DISPLAY_Fixed Placement_Behavioral_F25-54_728 x 90_Click_NV_NA",204716188,10/15/2017,1228,23,1205,0,1205,174,1031,556,475,174,94,650
TJN_TJX_TJMaxx 2H DIG_FY18,Foursquare,"PJPRQH_TJN_TJX_028_Audience_FOURSQUARE LABS, INC_DST_SV1_MAP_PRO_DSP_TRG_RON_PXT_BTG_DVY_PHASE 1_PINPOINT STRATEGIC SAVERS AV_Run of Network_Geo_F25-54_300 x 250_Standard_NV_NA",204481807,9/18/2017,423,39,384,100,284,49,235,79,156,149,50,129
TJN_TJX_TJMaxx 2H DIG_FY18,xAd Inc.,PJMTN8_TJN_TJX_028_Mobile_GROUND TRUTH FKA XAD_DST_SV1_MAP_DIR_DSP_TRG_RON_BTG_BTG_DVY_PHASE 1_BEHAVIORAL AUDIENCE STRATEGIC SAVERS PLACEMENT - STANDARD BANNER - Maxx You Maxx Life_Run of Network_Behavioral_F25-54_320 x 50_Click and View_NV_NA,204447851,9/19/2017,20719,222,20497,2923,17574,165,17409,15909,1500,3088,2822,18731
TJN_TJX_TJMaxx 2H DIG_FY18,Hulu,PK3F7J_TJN_TJX_027_Content_HULU_BAF_BS2_TAP_DIR_CUS_SPN_CHS_CTG_CTG_DVY_HULU ROS: PREMIUM SLATE - TABLET IN APP_FEP_Contextual_F25-54_1920 x 1080_Standard_NV_NA,205725864,10/5/2017,3,0,3,3,0,0,0,0,0,3,2,2
TJN_TJX_TJMaxx 2H DIG_FY18,Viant,"PK2X7G_TJN_TJX_028_Data_VIANT INC_DSI_SV1_DSK_DIR_RCH_TRG_INT_BTG_CTG_DVY_PHASE 1_VIANT IMP, W25-54 STRATEGIC SAVERS, CONTOBOX - Honeycomb_Fixed Placement_Behavioral_F25-54_300 x 250_Click and View_NV_NA",205688467,9/27/2017,1736,57,1679,1,1678,291,1387,346,1041,292,73,419
TJN_TJX_TJMaxx 2H DIG_FY18,Viant,"PK2X7C_TJN_TJX_028_Data_VIANT INC_DSI_SV1_TWB_DIR_RCH_TRG_INT_BTG_CTG_DVY_PHASE 1_VIANT IMP, W25-54 STRATEGIC SAVERS, CONTOBOX - Honeycomb_Fixed Placement_Behavioral_F25-54_160 x 600_Click and View_NV_NA",205685992,10/16/2017,1,0,1,0,1,0,1,1,0,0,0,1
TJN_MAR_023_Marshalls 2H Digital_F18,NinthDecimal,PJPSRR_TJN_MAR_023_Mobile_NINTHDECIMAL_DST_SV1_MAP_DIR_RCH_TRG_RON_PXT_DMA_DVY_GEOFENCE: 2-MILE RADIUS AROUND URBAN STORES_Run of Network_Geo_F25-54_320 x 50_Click and View_NV_NA,204541523,9/20/2017,86373,3380,82993,42466,40527,263,40264,38931,1333,42729,41314,80245
TJN_MAR_023_Marshalls 2H Digital_F18,xAd Inc.,PJQ0Y6_TJN_MAR_023_Mobile_GROUND TRUTH FKA XAD_DST_SV1_MAP_DIR_DSP_TRG_RON_PXT_BTG_DVY_PROXIMITY LOYALTY - DYNAMIC DISTANCE_Run of Network_Geo_F25-54_320 x 50_Click and View_NV_NA,204556888,10/3/2017,7,3,4,3,1,0,1,1,0,3,3,4
TJN_MAR_023_Marshalls 2H Digital_F18,NinthDecimal,PJPSRT_TJN_MAR_023_Mobile_NINTHDECIMAL_DST_SV1_MAP_DIR_RCH_TRG_RON_PXT_DMA_DVY_GEOFENCE: 15-20-MILE RADIUS AROUND RURAL STORES_Run of Network_Geo_F25-54_320 x 50_Click and View_NV_NA,204542885,9/26/2017,63469,1403,62066,29220,32846,184,32662,31857,805,29404,28679,60536
TJN_TJX_TJMaxx 2H DIG_FY18,Viant,"PJNSH7_TJN_TJX_028_Data_VIANT INC_DSI_SV1_MWB_DIR_DSP_TRG_RON_BTG_CTG_DVY_PHASE 1_VIANT DIRECT MATCH RETAIL, COMPETITIVE CONQUESTING, DISPLAY_Fixed Placement_Behavioral_F25-54_320 x 50_Standard_NV_NA",204477565,9/15/2017,1563,33,1530,0,1530,112,1418,1319,99,112,104,1423
TJN_MAR_023_Marshalls 2H Digital_F18,xAd Inc.,PJQ0YR_TJN_MAR_023_Mobile_GROUND TRUTH FKA XAD_DST_SV1_MAP_DIR_DSP_TRG_RON_PXT_BTG_DVY_GEOBLOCKS CONQUESTING - DYNAMIC DISTANCE_Run of Network_Geo_F25-54_300 x 250_Click and View_NV_NA,204555244,9/21/2017,6710,161,6549,6537,12,0,12,2,10,6537,1090,1092
TJN_TJX_TJMaxx 2H DIG_FY18,Viant,"PJNSH9_TJN_TJX_028_Data_VIANT INC_DSI_SV1_TWB_DIR_DSP_TRG_RON_BTG_CTG_DVY_PHASE 1_VIANT DIRECT MATCH RETAIL, COMPETITIVE CONQUESTING, DISPLAY_Fixed Placement_Behavioral_F25-54_300 x 250_Standard_NV_NA",204526701,9/19/2017,6478,31,6447,0,6447,723,5724,3995,1729,723,505,4500
TJN_TJX_TJMaxx 2H DIG_FY18,Hulu,PK3F7G_TJN_TJX_027_Content_HULU_BAF_BS2_MAP_DIR_CUS_SPN_CHS_CTG_CTG_DVY_HULU ROS: PREMIUM SLATE - MOBILE IN APP_FEP_Contextual_F25-54_1920 x 1080_Standard_NV_NA,205634552,9/27/2017,10904,93,10811,10811,0,0,0,0,0,10811,7688,7688
TJN_TJX_TJMaxx 2H DIG_FY18,Viant,"PJSPCM_TJN_TJC_031_Data_VIANT INC_PUR_ROI_TWB_DIR_DSP_TRG_RON_BTG_MKT_DVY_W25-54 + ONLINE SHOPPERS, CROSS DEVICE DISPLAY_Fixed Placement_Behavioral_F25-54_300 x 250_Click_NV_NA",204733512,10/6/2017,773,19,754,0,754,25,729,602,127,25,21,623
TJN_TJX_TJMaxx 2H DIG_FY18,xAd Inc.,PKF4CN_TJN_TJX_028_Mobile_GROUND TRUTH FKA XAD_DST_SV1_MAP_DIR_DSP_TRG_RON_BTG_BTG_DVY_PHASE 1_BEHAVIORAL AUDIENCE STRATEGIC SAVERS PLACEMENT - STANDARD BANNER - Booties_Run of Network_Behavioral_F25-54_300 x 250_Click and View_NV_NA,206833614,10/18/2017,4263,58,4205,4205,0,0,0,0,0,4205,3241,3241
TJN_TJX_TJMaxx 2H DIG_FY18,Conversant Inc.,PJNPLY_TJN_TJX_028_Audience_CONVERSANT_DST_SV1_DSK_NET_DSP_TRG_RON_BTG_BTG_DVY_PHASE 1_ DESKTOP WIDE SKYSCRAPER - CJ CONVERTERS LAL MODELING_Run of Site_Behavioral_P18+_160 x 600_Standard_NV_NA,204443386,10/2/2017,600,27,573,0,573,51,522,156,366,51,15,171
TJN_TJX_TJMaxx 2H DIG_FY18,xAd Inc.,PKF49F_TJN_TJX_028_Mobile_GROUND TRUTH FKA XAD_DST_SV1_MAP_DIR_DSP_TRG_RON_BTG_BTG_DVY_PHASE 1_BEHAVIORAL AUDIENCE TRENDSETTERS PLACEMENT - STANDARD BANNER - Sweaters_Run of Network_Behavioral_F25-54_300 x 250_Click and View_NV_NA,206812759,10/17/2017,2732,30,2702,2702,0,0,0,0,0,2702,1805,1805
TJN_TJX_TJMaxx 2H DIG_FY18,PlaceIQ,PK18VC_TJN_TJX_028_Mobile_PLACEIQ INC_DST_SV1_MAP_DIR_RCH_TRG_RON_BTG_PXT_DVY_PHASE 1_RICH MEDIA_TJX PORTFOLIO LOYALISTS_Run of Network_Behavioral_F25-54_320 x 50_Click and View_NV_NA,205568912,9/21/2017,11795,322,11473,6650,4823,168,4655,4604,51,6818,6743,11347
TJN_TJX_TJMaxx 2H DIG_FY18,Viant,"PJSPBV_TJN_TJC_031_Data_VIANT INC_PUR_ROI_MWB_DIR_DSP_TRG_RON_BTG_MKT_DVY_DETERMINSTIC LAL OF ECOM CONVERTERS, CROSS DEVICE DISPLAY_Fixed Placement_Behavioral_F25-54_160 x 600_Click_NV_NA",204733791,10/21/2017,212,0,212,0,212,13,199,151,48,13,10,161
TJN_TJX_TJMaxx 2H DIG_FY18,Conversant Inc.,PJPTML_TJN_TJC_031_Audience_CONVERSANT_PUR_ROI_DSK_NET_DSP_TRG_RON_BTG_BTG_DVY_DESKTOP WIDE SKYSCRAPER- COMPETITIVE CONQUESTING_Run of Site_Other_P18+_160 x 600_Standard_NV_NA,204447224,10/6/2017,6588,351,6237,0,6237,1693,4544,1506,3038,1693,561,2067
TJN_TJX_TJMaxx 2H DIG_FY18,Viant,"PJNSGT_TJN_TJX_028_Data_VIANT INC_DSI_SV1_DSK_DIR_DSP_TRG_RON_BTG_CTG_DVY_PHASE 1_VIANT DIRECT MATCH RETAIL, TJX PORFOLIO LOYALISTS, DISPLAY_Fixed Placement_Behavioral_F25-54_160 x 600_Standard_NV_NA",204483025,10/20/2017,10665,574,10091,1,10090,669,9421,6896,2525,670,490,7386
TJN_MAR_023_Marshalls 2H Digital_F18,NinthDecimal,PJPSRV_TJN_MAR_023_Mobile_NINTHDECIMAL_DST_SV1_MAP_DIR_RCH_TRG_RON_BTG_PXT_DVY_LOCATION GRAPH: MARSHALLS LOYALISTS_Run of Network_Behavioral_F25-54_320 x 50_Click and View_NV_NA,204555232,9/24/2017,14504,248,14256,3867,10389,32,10357,9991,366,3899,3761,13752
TJN_TJX_TJMaxx 2H DIG_FY18,xAd Inc.,PJYDBW_TJN_TJX_028_Mobile_GROUND TRUTH FKA XAD_DST_SV1_MAP_DIR_RCH_TRG_RON_BTG_BTG_DVY_PHASE 1_BEHAVIORAL AUDIENCE STRATEGIC SAVERS PLACEMENT - RICH MEDIA STORE LOCATOR - Fall Hero_Run of Network_Behavioral_F25-54_300 x 250_Click and View_NV_NA,205207030,9/20/2017,5000,87,4913,3656,1257,33,1224,699,525,3689,2107,2806
TJN_TJX_TJMaxx 2H DIG_FY18,Conversant Inc.,PJPTMM_TJN_TJC_031_Audience_CONVERSANT_PUR_ROI_MAP_NET_DSP_TRG_RON_BTG_BTG_DVY_SMARTPHONE SMALL BANNER - COMPETITIVE CONQUESTING_Run of Site_Other_P18+_320 x 50_Standard_NV_NA,204483939,10/2/2017,6525,121,6404,0,6404,1322,5082,3479,1603,1322,905,4384
TJN_TJX_TJMaxx 2H DIG_FY18,Viant,PJPXKR_TJN_TJX_028_Data_VIANT INC_DSI_SV1_DSK_DIR_DSP_TRG_RON_BTG_CTG_DVY_PHASE 1_DESKTOP DISPLAY VIANT IMP TARGETING - STRATEGIC SAVERS AV_Fixed Placement_Demo_F25-54_300 x 250_Standard_NV_NA,204475841,9/15/2017,34,27,7,0,7,2,5,5,0,2,2,7
TJN_TJX_TJMaxx 2H DIG_FY18,Conversant Inc.,PJPWBX_TJN_TJX_028_Audience_CONVERSANT_DST_SV1_DSK_NET_DSP_TRG_RON_BTG_BTG_DVY_PHASE 1_ DESKTOP WIDE SKYSCRAPER - CJ INTERACTORS LAL MODELING_Run of Site_Behavioral_P18+_160 x 600_Standard_NV_NA,204442033,10/20/2017,18128,1020,17108,3,17105,2305,14800,5088,9712,2308,793,5881
TJN_TJX_TJMaxx 2H DIG_FY18,xAd Inc.,PKF429_TJN_TJX_028_Mobile_GROUND TRUTH FKA XAD_DST_SV1_MAP_DIR_RCH_TRG_RON_BTG_BTG_DVY_PHASE 1_BEHAVIORAL AUDIENCE STRATEGIC SAVERS PLACEMENT - RICH MEDIA STORE LOCATOR - Booties_Run of Network_Behavioral_F25-54_300 x 250_Click and View_NV_NA,206833602,10/21/2017,2530,42,2488,1046,1442,60,1382,686,696,1106,549,1235
TJN_TJX_TJMaxx 2H DIG_FY18,Hulu,PK3CRZ_TJN_TJX_027_Content_HULU_BAF_BS2_DSK_DIR_VID_SPN_CHS_CTG_CTG_DVY_FALL TV SPONSORSHIP: VIDEO COMMERCIAL - DESKTOP_FEP_Contextual_F25-54_1920 x 1080_Standard_NV_NA,205727706,10/14/2017,16796,279,16517,16517,0,0,0,0,0,16517,11820,11820
TJN_TJX_TJMaxx 2H DIG_FY18,PlaceIQ,PK19Z0_TJN_TJX_028_Mobile_PLACEIQ INC_DST_SV1_MAP_DIR_RCH_TRG_RON_BTG_PTG_DVY_PHASE 1_RICH MEDIA_STRATEGIC SAVERS_APPAREL OR FURNISHINGS DISCRETIONARY SPEND+IMPULSE BUYER SHOPPERS_Run of Network_Behavioral_F25-54_320 x 50_Click and View_NV_NA,205563158,9/30/2017,276582,5920,270662,164470,106192,4246,101946,100291,1655,168716,165977,266268
TJN_TJX_TJMaxx 2H DIG_FY18,Conversant Inc.,PJNPM2_TJN_TJX_028_Audience_CONVERSANT_DST_SV1_MAP_NET_DSP_TRG_RON_BTG_BTG_DVY_PHASE 1_ SMARTPHONE MEDIUM RECTANGLE  - CJ CONVERTERS LAL MODELING_Run of Site_Behavioral_P18+_300 x 250_Standard_NV_NA,204442021,10/6/2017,9681,149,9532,68,9464,1420,8044,2624,5420,1488,485,3109
TJN_TJX_TJMaxx 2H DIG_FY18,Viant,"PJNSGQ_TJN_TJX_028_Data_VIANT INC_DSI_SV1_MWB_DIR_DSP_TRG_RON_BTG_CTG_DVY_PHASE 1_VIANT DIRECT MATCH RETAIL, TJX PORFOLIO LOYALISTS, DISPLAY_Fixed Placement_Behavioral_F25-54_300 x 250_Standard_NV_NA",204482395,10/6/2017,134,3,131,0,131,26,105,28,77,26,7,35
TJN_TJX_TJMaxx 2H DIG_FY18,Conversant Inc.,PJPTLQ_TJN_TJC_031_Audience_CONVERSANT_PUR_ROI_DSK_NET_DSP_TRG_RON_BTG_BTG_DVY_DESKTOP MEDIUM RECTANGLE- TRENDSETTERS_Run of Site_Other_P18+_300 x 250_Standard_NV_NA,204446138,10/10/2017,33854,2432,31422,6,31416,4829,26587,14052,12535,4835,2555,16607
TJN_MAR_023_Marshalls 2H Digital_F18,NinthDecimal,PJPSRZ_TJN_MAR_023_Mobile_NINTHDECIMAL_DST_SV1_MAP_DIR_RCH_TRG_RON_BTG_DMA_DVY_CONSUMER JOURNEY: BARGAIN HUNTERS_Run of Network_Behavioral_F25-54_320 x 50_Click and View_NV_NA,204542873,9/24/2017,26118,412,25706,8430,17276,105,17171,16617,554,8535,8260,24877
TJN_MAR_023_Marshalls 2H Digital_F18,NinthDecimal,PJPSRX_TJN_MAR_023_Mobile_NINTHDECIMAL_DST_SV1_MAP_DIR_RCH_TRG_RON_BTG_PXT_DVY_LOCATION GRAPH: COMPETITIVE CONQUESTING_Run of Network_Behavioral_F25-54_320 x 50_Click and View_NV_NA,204542879,9/20/2017,8390,210,8180,3180,5000,30,4970,4832,138,3210,3121,7953
TJN_TJX_TJMaxx 2H DIG_FY18,Foursquare,"PJMQ2D_TJN_TJX_028_Audience_FOURSQUARE LABS, INC_DST_SV1_MAP_PRO_DSP_TRG_RON_PXT_BTG_DVY_PHASE 1_PINPOINT STRATEGIC SAVERS_Run of Network_Geo_F25-54_300 x 250_Standard_NV_NA",204483457,10/15/2017,2052,29,2023,1440,583,47,536,252,284,1487,699,951
TJN_MAR_023_Marshalls 2H Digital_F18,xAd Inc.,PJQ0YS_TJN_MAR_023_Mobile_GROUND TRUTH FKA XAD_DST_SV1_MAP_DIR_DSP_TRG_RON_DMA_BTG_DVY_AV DMA TARGETING_Run of Network_Geo_F25-54_300 x 250_Click and View_NV_NA,204558337,9/15/2017,51241,820,50421,4385,46036,27874,18162,13268,4894,32259,23566,36834
TJN_TJX_TJMaxx 2H DIG_FY18,Foursquare,"PJPRVC_TJN_TJX_028_Audience_FOURSQUARE LABS, INC_DST_SV1_MAP_PRO_DSP_TRG_RON_PXT_BTG_DVY_PHASE 1_PINPOINT TRENDSETTERS AV_Run of Network_Geo_F25-54_320 x 50_Standard_NV_NA",204527421,10/5/2017,3319,61,3258,846,2412,116,2296,1822,474,962,763,2585
TJN_TJX_TJMaxx 2H DIG_FY18,Foursquare,"PJPRQJ_TJN_TJX_028_Audience_FOURSQUARE LABS, INC_DST_SV1_MAP_PRO_DSP_TRG_RON_PXT_BTG_DVY_PHASE 1_PINPOINT STRATEGIC SAVERS AV_Run of Network_Geo_F25-54_320 x 50_Standard_NV_NA",204525369,10/19/2017,941,14,927,440,487,29,458,419,39,469,429,848
TJN_TJX_TJMaxx 2H DIG_FY18,Conversant Inc.,PJNPMK_TJN_TJC_031_Audience_CONVERSANT_PUR_ROI_DSK_NET_DSP_TRG_RON_BTG_BTG_DVY_DESKTOP LEADERBOARD- STRATEGIC SAVERS_Run of Site_Other_P18+_728 x 90_Standard_NV_NA,204447263,9/29/2017,11,0,11,0,11,0,11,9,2,0,0,9
TJN_TJX_TJMaxx 2H DIG_FY18,Viant,"PK2V4V_TJN_TJX_028_Data_VIANT INC_DSI_SV1_TWB_DIR_RCH_TRG_INT_BTG_CTG_DVY_PHASE 1_VIANT IMP, W25-54 STRATEGIC SAVERS, CONTOBOX - Fall Homes_Fixed Placement_Behavioral_F25-54_728 x 90_Click and View_NV_NA",205725966,9/30/2017,15353,192,15161,3,15158,1634,13524,6667,6857,1637,807,7474
TJN_TJX_TJMaxx 2H DIG_FY18,xAd Inc.,PJPXJR_TJN_TJX_028_Mobile_GROUND TRUTH FKA XAD_DST_SV1_MAP_DIR_DSP_TRG_RON_RTG_RTG_DVY_PHASE 1_LOCATION AUDIENCE TJX SHOPPERS PLACEMENT - STANDARD BANNER - Fall Hero_Run of Network_Retarget_F25-54_300 x 250_Click and View_NV_NA,204442105,9/13/2017,13266,657,12609,12597,12,0,12,4,8,12597,4199,4203
TJN_TJX_TJMaxx 2H DIG_FY18,xAd Inc.,PJMTN3_TJN_TJX_028_Mobile_GROUND TRUTH FKA XAD_DST_SV1_MAP_DIR_DSP_TRG_RON_RTG_RTG_DVY_PHASE 1_LOCATION AUDIENCE COMPETITIVE CONQUESTING PLACEMENT - STANDARD BANNER - Maxx You Maxx Life_Run of Network_Retarget_F25-54_320 x 50_Click and View_NV_NA,204442933,9/14/2017,35939,407,35532,6986,28546,5090,23456,19019,4437,12076,9660,28679
TJN_TJX_TJMaxx 2H DIG_FY18,Viant,PJPXKV_TJN_TJX_028_Data_VIANT INC_DSI_SV1_DSK_DIR_DSP_TRG_RON_BTG_CTG_DVY_PHASE 1_DESKTOP DISPLAY VIANT IMP TARGETING - STRATEGIC SAVERS AV_Fixed Placement_Demo_F25-54_728 x 90_Standard_NV_NA,204526986,10/3/2017,331,145,186,0,186,32,154,70,84,32,15,85
TJN_TJX_TJMaxx 2H DIG_FY18,Conversant Inc.,PJPTMN_TJN_TJC_031_Audience_CONVERSANT_PUR_ROI_MAP_NET_DSP_TRG_RON_BTG_BTG_DVY_SMARTPHONE MEDIUM RECTANGLE - COMPETITIVE CONQUESTING_Run of Site_Other_P18+_300 x 250_Standard_NV_NA,204447221,10/21/2017,1554,35,1519,0,1519,343,1176,224,952,343,65,289
TJN_MAR_023_Marshalls 2H Digital_F18,NinthDecimal,PJPSS0_TJN_MAR_023_Mobile_NINTHDECIMAL_DST_SV1_MAP_DIR_RCH_TRG_RON_BTG_DMA_DVY_3RD PARTY: SURPRISE CHOOSERS_Run of Network_Behavioral_F25-54_320 x 50_Click and View_NV_NA,204595875,10/4/2017,10096,164,9932,3126,6806,59,6747,6479,268,3185,3058,9537
TJN_TJX_TJMaxx 2H DIG_FY18,Viant,"PK2V4Y_TJN_TJX_028_Data_VIANT INC_DSI_SV1_MWB_DIR_RCH_TRG_INT_BTG_CTG_DVY_PHASE 1_VIANT IMP, W25-54 STRATEGIC SAVERS, CONTOBOX - Fall Homes_Fixed Placement_Behavioral_F25-54_320 x 50_Click and View_NV_NA",205685980,10/13/2017,497,15,482,5,477,41,436,207,229,46,22,229
TJN_TJX_TJMaxx 2H DIG_FY18,xAd Inc.,PJPXJR_TJN_TJX_028_Mobile_GROUND TRUTH FKA XAD_DST_SV1_MAP_DIR_DSP_TRG_RON_RTG_RTG_DVY_PHASE 1_LOCATION AUDIENCE TJX SHOPPERS PLACEMENT - STANDARD BANNER - Fall Hero_Run of Network_Retarget_F25-54_300 x 250_Click and View_NV_NA,204442105,10/13/2017,8215,162,8053,7988,65,2,63,53,10,7990,6722,6775
TJN_TJX_TJMaxx 2H DIG_FY18,Conversant Inc.,PJPTMP_TJN_TJC_031_Audience_CONVERSANT_PUR_ROI_DSK_NET_DSP_TRG_RON_BTG_BTG_DVY_DESKTOP LEADERBOARD- COMPETITIVE CONQUESTING_Run of Site_Other_P18+_728 x 90_Standard_NV_NA,204443389,10/10/2017,29658,1568,28090,2,28088,5422,22666,15801,6865,5424,3781,19582
TJN_TJX_TJMaxx 2H DIG_FY18,xAd Inc.,PJPXK1_TJN_TJX_028_Mobile_GROUND TRUTH FKA XAD_DST_SV1_MAP_DIR_DSP_TRG_RON_PXT_PXT_DVY_PHASE 1_PROXIMITY LOYALTY PLACEMENT - STANDARD BANNER - TJMaxx_Run of Network_Geo_F25-54_320 x 50_Click and View_NV_NA,204483996,10/10/2017,8605,96,8509,1117,7392,112,7280,5146,2134,1229,869,6015
TJN_TJX_TJMaxx 2H DIG_FY18,xAd Inc.,PJMTN3_TJN_TJX_028_Mobile_GROUND TRUTH FKA XAD_DST_SV1_MAP_DIR_DSP_TRG_RON_RTG_RTG_DVY_PHASE 1_LOCATION AUDIENCE COMPETITIVE CONQUESTING PLACEMENT - STANDARD BANNER - Maxx You Maxx Life_Run of Network_Retarget_F25-54_320 x 50_Click and View_NV_NA,204442933,10/14/2017,8973,141,8832,3184,5648,80,5568,3901,1667,3264,2287,6188
TJN_TJX_TJMaxx 2H DIG_FY18,NBC Universal Media,PK3H7C_TJN_TJX_028_Content_NBCUNI.COM_BAF_BS2_DSK_DIR_DSP_SPN_HPT_CTG_CTG_DCM_100% SOV NBC HOMEPAGE ROADBLOCK 10/3 - 300X50 MOBILE_HP Takeover_Contextual_F25-54_300 x 50_Standard_NV_NA,205634579,10/2/2017,4,1,3,0,3,0,3,3,0,0,0,3
TJN_MAR_023_Marshalls 2H Digital_F18,Bustle,PK5G3Z_TJN_MAR_023_Content_BUSTLE_RON - Bustle & Elite Daily 3rd Party Data Targeted & Keyword Targeted - Panoramic_Run of Network_Contextual_F25-54_1 x 1_Click and View_NV_NA,206333610,10/16/2017,163352,3825,159527,1766,157761,144273,13488,5056,8432,146039,54743,59799
TJN_MAR_023_Marshalls 2H Digital_F18,NinthDecimal,PJPSRV_TJN_MAR_023_Mobile_NINTHDECIMAL_DST_SV1_MAP_DIR_RCH_TRG_RON_BTG_PXT_DVY_LOCATION GRAPH: MARSHALLS LOYALISTS_Run of Network_Behavioral_F25-54_320 x 50_Click and View_NV_NA,204555232,9/22/2017,34411,457,33954,8901,25053,92,24961,24363,598,8993,8778,33141
TJN_TJX_TJMaxx 2H DIG_FY18,Viant,"PJNSH9_TJN_TJX_028_Data_VIANT INC_DSI_SV1_TWB_DIR_DSP_TRG_RON_BTG_CTG_DVY_PHASE 1_VIANT DIRECT MATCH RETAIL, COMPETITIVE CONQUESTING, DISPLAY_Fixed Placement_Behavioral_F25-54_300 x 250_Standard_NV_NA",204526701,9/16/2017,337,4,333,0,333,30,303,246,57,30,24,270
TJN_TJX_TJMaxx 2H DIG_FY18,Conversant Inc.,PJPTLJ_TJN_TJC_031_Audience_CONVERSANT_PUR_ROI_TAP_NET_DSP_TRG_RON_BTG_BTG_DVY_TABLET MEDIUM RECTANGLE - TRENDSETTERS_Run of Site_Other_P18+_300 x 250_Standard_NV_NA,204447266,9/21/2017,6,6,0,0,0,0,0,0,0,0,0,0
TJN_TJX_TJMaxx 2H DIG_FY18,Viant,"PJSPBY_TJN_TJC_031_Data_VIANT INC_PUR_ROI_TWB_DIR_DSP_TRG_RON_BTG_MKT_DVY_DETERMINSTIC LAL OF ECOM CONVERTERS, CROSS DEVICE DISPLAY_Fixed Placement_Behavioral_F25-54_300 x 250_Click_NV_NA",204715651,10/17/2017,820,21,799,0,799,165,634,266,368,165,69,335
TJN_TJX_TJMaxx 2H DIG_FY18,xAd Inc.,PKF5KT_TJN_TJX_028_Mobile_GROUND TRUTH FKA XAD_DST_SV1_MAP_DIR_DSP_TRG_RON_RTG_RTG_DVY_PHASE 1_LOCATION AUDIENCE TJX SHOPPERS PLACEMENT - STANDARD BANNER - Dresses_Run of Network_Retarget_F25-54_300 x 250_Click and View_NV_NA,206832789,10/19/2017,2497,80,2417,2416,1,0,1,0,1,2416,0,0
TJN_TJX_TJMaxx 2H DIG_FY18,Viant,"PJSPCF_TJN_TJC_031_Data_VIANT INC_PUR_ROI_DSK_DIR_DSP_TRG_RON_BTG_MKT_DVY_W25-54 + ONLINE SHOPPERS, CROSS DEVICE DISPLAY_Fixed Placement_Behavioral_F25-54_320 x 50_Click_NV_NA",204715639,10/19/2017,6132,94,6038,0,6038,677,5361,4106,1255,677,519,4625
TJN_MAR_023_Marshalls 2H Digital_F18,xAd Inc.,PJQ0YD_TJN_MAR_023_Mobile_GROUND TRUTH FKA XAD_DST_SV1_MAP_DIR_RCH_TRG_RON_WEA_PXT_DVY_PROXIMITY CONQUESTING - WEATHER LOCATOR UNIT_Run of Network_Weather_F25-54_320 x 50_Click and View_NV_NA,204541553,9/20/2017,14753,304,14449,5130,9319,143,9176,8439,737,5273,4849,13288
TJN_TJX_TJMaxx 2H DIG_FY18,xAd Inc.,PJMTMR_TJN_TJX_028_Mobile_GROUND TRUTH FKA XAD_DST_SV1_MAP_DIR_RCH_TRG_RON_PXT_PXT_DVY_PHASE 1_PROXIMITY LOYALTY PLACEMENT - RICH MEDIA STORE LOCATOR - Fall Handbag_Run of Network_Geo_F25-54_300 x 250_Click and View_NV_NA,204442093,10/16/2017,7,0,7,3,4,0,4,4,0,3,3,7
TJN_TJX_TJMaxx 2H DIG_FY18,xAd Inc.,PJPXJQ_TJN_TJX_028_Mobile_GROUND TRUTH FKA XAD_DST_SV1_MAP_DIR_DSP_TRG_RON_RTG_RTG_DVY_PHASE 1_LOCATION AUDIENCE TJX SHOPPERS PLACEMENT - STANDARD BANNER - TJMaxx_Run of Network_Retarget_F25-54_320 x 50_Click and View_NV_NA,204447839,10/5/2017,5,1,4,2,2,1,1,1,0,3,3,4
TJN_TJX_TJMaxx 2H DIG_FY18,NBC Universal Media,PK2LFQ_TJN_TJX_028_Content_NBCUNI.COM_BAF_BS2_DSK_DIR_DSP_SPN_HPT_CTG_CTG_DCM_100% SOV NBC HOMEPAGE ROADBLOCK 10/10 - 970X66 DESKTOP_HP Takeover_Contextual_F25-54_970 x 66_Standard_NV_NA,205661841,10/11/2017,78267,4601,73666,163,73503,2429,71074,61714,9360,2592,2251,63965
TJN_TJX_TJMaxx 2H DIG_FY18,Viant,"PJSPCJ_TJN_TJC_031_Data_VIANT INC_PUR_ROI_MWB_DIR_DSP_TRG_RON_BTG_MKT_DVY_W25-54 + ONLINE SHOPPERS, CROSS DEVICE DISPLAY_Fixed Placement_Behavioral_F25-54_300 x 250_Click_NV_NA",204733038,10/20/2017,162,4,158,0,158,14,144,112,32,14,11,123
TJN_MAR_023_Marshalls 2H Digital_F18,NinthDecimal,PJPSRZ_TJN_MAR_023_Mobile_NINTHDECIMAL_DST_SV1_MAP_DIR_RCH_TRG_RON_BTG_DMA_DVY_CONSUMER JOURNEY: BARGAIN HUNTERS_Run of Network_Behavioral_F25-54_320 x 50_Click and View_NV_NA,204542873,9/22/2017,61771,1303,60468,20128,40340,222,40118,38916,1202,20350,19740,58656
TJN_TJX_TJMaxx 2H DIG_FY18,Conversant Inc.,PJPWC1_TJN_TJX_028_Audience_CONVERSANT_DST_SV1_MAP_NET_DSP_TRG_RON_BTG_BTG_DVY_PHASE 1_ SMARTPHONE MEDIUM RECTANGLE  - CJ INTERACTORS LAL MODELING_Run of Site_Behavioral_P18+_300 x 250_Standard_NV_NA,204483942,10/16/2017,40341,663,39678,48,39630,5462,34168,9557,24611,5510,1541,11098
TJN_TJX_TJMaxx 2H DIG_FY18,Foursquare,"PJPRV8_TJN_TJX_028_Audience_FOURSQUARE LABS, INC_DST_SV1_MAP_PRO_DSP_TRG_RON_PXT_BTG_DVY_PHASE 1_PINPOINT TRENDSETTERS AV_Run of Network_Geo_F25-54_300 x 250_Standard_NV_NA",204527100,9/6/2017,696,83,613,438,175,115,60,41,19,553,378,419
TJN_TJX_TJMaxx 2H DIG_FY18,Hulu,PK3F7J_TJN_TJX_027_Content_HULU_BAF_BS2_TAP_DIR_CUS_SPN_CHS_CTG_CTG_DVY_HULU ROS: PREMIUM SLATE - TABLET IN APP_FEP_Contextual_F25-54_1920 x 1080_Standard_NV_NA,205725864,10/17/2017,516,4,512,512,0,0,0,0,0,512,342,342
TJN_TJX_TJMaxx 2H DIG_FY18,Conversant Inc.,PJPWPB_TJN_TJX_028_Audience_CONVERSANT_DST_SV1_DSK_NET_DSP_TRG_RON_BTG_BTG_DVY_PHASE 1_ DESKTOP RECTANGLE - CONVERSANT SHOPPERS AV_Run of Site_Behavioral_P18+_300 x 600_Standard_NV_NA,204447254,10/18/2017,529,61,468,0,468,135,333,154,179,135,62,216
TJN_TJX_TJMaxx 2H DIG_FY18,xAd Inc.,PJPXJR_TJN_TJX_028_Mobile_GROUND TRUTH FKA XAD_DST_SV1_MAP_DIR_DSP_TRG_RON_RTG_RTG_DVY_PHASE 1_LOCATION AUDIENCE TJX SHOPPERS PLACEMENT - STANDARD BANNER - Fall Hero_Run of Network_Retarget_F25-54_300 x 250_Click and View_NV_NA,204442105,9/19/2017,12388,337,12051,12040,11,0,11,9,2,12040,9851,9860
TJN_TJX_TJMaxx 2H DIG_FY18,Foursquare,"PJPRVG_TJN_TJX_028_Audience_FOURSQUARE LABS, INC_DST_SV1_MAP_PRO_DSP_TRG_RON_PXT_BTG_DVY_PHASE 1_PINPOINT COMPETITIVE CONQUESTING AV_Run of Network_Geo_F25-54_300 x 250_Standard_NV_NA",204527412,9/5/2017,645,90,555,385,170,91,79,43,36,476,259,302
TJN_TJX_TJMaxx 2H DIG_FY18,Viant,"PJSPCK_TJN_TJC_031_Data_VIANT INC_PUR_ROI_MWB_DIR_DSP_TRG_RON_BTG_MKT_DVY_W25-54 + ONLINE SHOPPERS, CROSS DEVICE DISPLAY_Fixed Placement_Behavioral_F25-54_160 x 600_Click_NV_NA",204733041,10/8/2017,138,10,128,0,128,16,112,49,63,16,7,56
TJN_TJX_TJMaxx 2H DIG_FY18,NBC Universal Media,PK2LFH_TJN_TJX_028_Content_NBCUNI.COM_BAF_BS2_DSK_DIR_DSP_SPN_HPT_CTG_CTG_DCM_100% SOV NBC HOMEPAGE ROADBLOCK 10/3 - 300X250 DESKTOP_HP Takeover_Contextual_F25-54_300 x 250_Standard_NV_NA,205566908,10/5/2017,2,0,2,0,2,0,2,1,1,0,0,1
TJN_TJX_TJMaxx 2H DIG_FY18,xAd Inc.,PJMTND_TJN_TJX_028_Mobile_GROUND TRUTH FKA XAD_DST_SV1_MAP_DIR_DSP_TRG_RON_PXT_PXT_DVY_PHASE 1_PROXIMITY LOYALTY PLACEMENT - STANDARD BANNER - Maxx You Maxx Life_Run of Network_Geo_F25-54_320 x 50_Click and View_NV_NA,204442096,9/25/2017,86513,1516,84997,38426,46571,27101,19470,13923,5547,65527,37842,51765
TJN_MAR_023_Marshalls 2H Digital_F18,NinthDecimal,PJPSRT_TJN_MAR_023_Mobile_NINTHDECIMAL_DST_SV1_MAP_DIR_RCH_TRG_RON_PXT_DMA_DVY_GEOFENCE: 15-20-MILE RADIUS AROUND RURAL STORES_Run of Network_Geo_F25-54_320 x 50_Click and View_NV_NA,204542885,10/9/2017,38253,547,37706,12134,25572,137,25435,24827,608,12271,11978,36805
TJN_TJX_TJMaxx 2H DIG_FY18,Conversant Inc.,PJNPM2_TJN_TJX_028_Audience_CONVERSANT_DST_SV1_MAP_NET_DSP_TRG_RON_BTG_BTG_DVY_PHASE 1_ SMARTPHONE MEDIUM RECTANGLE  - CJ CONVERTERS LAL MODELING_Run of Site_Behavioral_P18+_300 x 250_Standard_NV_NA,204442021,10/11/2017,12694,206,12488,14,12474,1873,10601,2603,7998,1887,463,3066
TJN_TJX_TJMaxx 2H DIG_FY18,Viant,"PJNSGQ_TJN_TJX_028_Data_VIANT INC_DSI_SV1_MWB_DIR_DSP_TRG_RON_BTG_CTG_DVY_PHASE 1_VIANT DIRECT MATCH RETAIL, TJX PORFOLIO LOYALISTS, DISPLAY_Fixed Placement_Behavioral_F25-54_300 x 250_Standard_NV_NA",204482395,10/11/2017,19751,88,19663,0,19663,4313,15350,12228,3122,4313,3436,15664
TJN_TJX_TJMaxx 2H DIG_FY18,xAd Inc.,PJMTNB_TJN_TJX_028_Mobile_GROUND TRUTH FKA XAD_DST_SV1_MAP_DIR_DSP_TRG_RON_BTG_BTG_DVY_PHASE 1_BEHAVIORAL AUDIENCE TRENDSETTERS PLACEMENT - STANDARD BANNER - Fall Handbag_Run of Network_Behavioral_F25-54_300 x 250_Click and View_NV_NA,204447833,9/25/2017,5260,102,5158,5153,5,4,1,0,1,5157,0,0
TJN_TJX_TJMaxx 2H DIG_FY18,Hulu,PK3CXH_TJN_TJX_027_Content_HULU_BAF_BS2_DSK_DIR_CUS_SPN_CHS_CTG_CTG_DVY_FALL TV SPONSORSHIP: PREMIUM SLATE - DESKTOP_FEP_Contextual_F25-54_1920 x 1080_Standard_NV_NA,205683922,10/20/2017,25988,363,25625,25625,0,0,0,0,0,25625,15253,15253
TJN_TJX_TJMaxx 2H DIG_FY18,Foursquare,"PK0H84_TJN_TJX_028_Audience_FOURSQUARE LABS, INC_DST_SV1_MAP_PRO_RCH_TRG_RON_PXT_BTG_DVY_PHASE 1_MOBILE RICH MEDIA COMPETITIVE CONQUESTING - Find A Store_Run of Network_Geo_F25-54_320 x 50_Standard_NV_NA",205427847,9/20/2017,59789,1498,58291,47812,10479,1058,9421,7033,2388,48870,36483,43516
TJN_TJX_TJMaxx 2H DIG_FY18,xAd Inc.,PJMTN8_TJN_TJX_028_Mobile_GROUND TRUTH FKA XAD_DST_SV1_MAP_DIR_DSP_TRG_RON_BTG_BTG_DVY_PHASE 1_BEHAVIORAL AUDIENCE STRATEGIC SAVERS PLACEMENT - STANDARD BANNER - Maxx You Maxx Life_Run of Network_Behavioral_F25-54_320 x 50_Click and View_NV_NA,204447851,9/16/2017,21260,117,21143,2993,18150,9256,8894,8082,812,12249,11131,19213
TJN_TJX_TJMaxx 2H DIG_FY18,Conversant Inc.,PJPTMM_TJN_TJC_031_Audience_CONVERSANT_PUR_ROI_MAP_NET_DSP_TRG_RON_BTG_BTG_DVY_SMARTPHONE SMALL BANNER - COMPETITIVE CONQUESTING_Run of Site_Other_P18+_320 x 50_Standard_NV_NA,204483939,10/1/2017,686,19,667,0,667,134,533,422,111,134,106,528
TJN_TJX_TJMaxx 2H DIG_FY18,NBC Universal Media,PK3H7C_TJN_TJX_028_Content_NBCUNI.COM_BAF_BS2_DSK_DIR_DSP_SPN_HPT_CTG_CTG_DCM_100% SOV NBC HOMEPAGE ROADBLOCK 10/3 - 300X50 MOBILE_HP Takeover_Contextual_F25-54_300 x 50_Standard_NV_NA,205634579,10/3/2017,29783,348,29435,2,29433,1894,27539,21646,5893,1896,1490,23136
TJN_TJX_TJMaxx 2H DIG_FY18,Viant,PJPXKV_TJN_TJX_028_Data_VIANT INC_DSI_SV1_DSK_DIR_DSP_TRG_RON_BTG_CTG_DVY_PHASE 1_DESKTOP DISPLAY VIANT IMP TARGETING - STRATEGIC SAVERS AV_Fixed Placement_Demo_F25-54_728 x 90_Standard_NV_NA,204526986,9/23/2017,11366,622,10744,1,10743,708,10035,4425,5610,709,313,4738
TJN_MAR_023_Marshalls 2H Digital_F18,xAd Inc.,PJQ0YQ_TJN_MAR_023_Mobile_GROUND TRUTH FKA XAD_DST_SV1_MAP_DIR_DSP_TRG_RON_PXT_BTG_DVY_GEOBLOCKS CONQUESTING - DYNAMIC DISTANCE_Run of Network_Geo_F25-54_320 x 50_Click and View_NV_NA,204595632,9/17/2017,19873,311,19562,13111,6451,5411,1040,674,366,18522,12893,13567
TJN_TJX_TJMaxx 2H DIG_FY18,xAd Inc.,PKF8V1_TJN_TJX_028_Mobile_GROUND TRUTH FKA XAD_DST_SV1_MAP_DIR_RCH_TRG_RON_PXT_PXT_DVY_PHASE 1_PROXIMITY LOYALTY PLACEMENT - RICH MEDIA STORE LOCATOR - Sweaters_Run of Network_Geo_F25-54_300 x 250_Click and View_NV_NA,206834118,10/18/2017,5400,65,5335,53,5282,16,5266,4897,369,69,64,4961
TJN_MAR_023_Marshalls 2H Digital_F18,Spotify USA Inc.,PK0HLF_TJN_MAR_023_Audience_SPOTIFY USA INC_DST_SV2_MAP_DIR_DSP_TRG_CMP_DMA_PXT_DVY_MOBILE AUDIO COMPANION BANNER 640X640_Run of Site_Geo_F25-54_640 x 640_Click and View_NV_NA,205566308,10/8/2017,155162,1437,153725,153725,0,0,0,0,0,153725,136114,136114
TJN_MAR_023_Marshalls 2H Digital_F18,xAd Inc.,PJQ0Y7_TJN_MAR_023_Mobile_GROUND TRUTH FKA XAD_DST_SV1_MAP_DIR_DSP_TRG_RON_PXT_BTG_DVY_PROXIMITY LOYALTY - DYNAMIC DISTANCE_Run of Network_Geo_F25-54_300 x 250_Click and View_NV_NA,204541754,9/24/2017,33152,3145,30007,29992,15,3,12,9,3,29995,22489,22498
TJN_MAR_023_Marshalls 2H Digital_F18,xAd Inc.,PJQ0Y8_TJN_MAR_023_Mobile_GROUND TRUTH FKA XAD_DST_SV1_MAP_DIR_RCH_TRG_RON_WEA_PXT_DVY_PROXIMITY LOYALTY - WEATHER LOCATOR UNIT_Run of Network_Weather_F25-54_320 x 50_Click and View_NV_NA,204556189,9/15/2017,22292,446,21846,12094,9752,5835,3917,3683,234,17929,16858,20541
TJN_TJX_TJMaxx 2H DIG_FY18,Viant,"PK2V4V_TJN_TJX_028_Data_VIANT INC_DSI_SV1_TWB_DIR_RCH_TRG_INT_BTG_CTG_DVY_PHASE 1_VIANT IMP, W25-54 STRATEGIC SAVERS, CONTOBOX - Fall Homes_Fixed Placement_Behavioral_F25-54_728 x 90_Click and View_NV_NA",205725966,10/16/2017,371,4,367,6,361,51,310,95,215,57,17,112
TJN_TJX_TJMaxx 2H DIG_FY18,Viant,"PJNSHF_TJN_TJX_028_Data_VIANT INC_DSI_SV1_MWB_DIR_DSP_TRG_RON_BTG_CTG_DVY_PHASE 1_VIANT DIRECT MATCH RETAIL, COMPETITIVE CONQUESTING, DISPLAY_Fixed Placement_Behavioral_F25-54_300 x 250_Standard_NV_NA",204483016,9/24/2017,27,0,27,0,27,1,26,0,26,1,0,0
TJN_TJX_TJMaxx 2H DIG_FY18,Viant,PJPXKV_TJN_TJX_028_Data_VIANT INC_DSI_SV1_DSK_DIR_DSP_TRG_RON_BTG_CTG_DVY_PHASE 1_DESKTOP DISPLAY VIANT IMP TARGETING - STRATEGIC SAVERS AV_Fixed Placement_Demo_F25-54_728 x 90_Standard_NV_NA,204526986,10/2/2017,1842,86,1756,0,1756,86,1670,693,977,86,36,729
TJN_TJX_TJMaxx 2H DIG_FY18,xAd Inc.,PKF462_TJN_TJX_028_Mobile_GROUND TRUTH FKA XAD_DST_SV1_MAP_DIR_DSP_TRG_RON_PXT_PXT_DVY_PHASE 1_PROXIMITY LOYALTY PLACEMENT - STANDARD BANNER - Booties_Run of Network_Geo_F25-54_300 x 250_Click and View_NV_NA,206812774,10/20/2017,2797,69,2728,2728,0,0,0,0,0,2728,779,779
TJN_TJX_TJMaxx 2H DIG_FY18,xAd Inc.,PKF4PH_TJN_TJX_028_Mobile_GROUND TRUTH FKA XAD_DST_SV1_MAP_DIR_RCH_TRG_RON_BTG_BTG_DVY_PHASE 1_BEHAVIORAL AUDIENCE TRENDSETTERS PLACEMENT - RICH MEDIA STORE LOCATOR - Find A Store V2_Run of Network_Behavioral_F25-54_320 x 50_Click and View_NV_NA,206812750,10/21/2017,2959,12,2947,1080,1867,79,1788,1544,244,1159,1001,2545
TJN_TJX_TJMaxx 2H DIG_FY18,Foursquare,"PJPRQJ_TJN_TJX_028_Audience_FOURSQUARE LABS, INC_DST_SV1_MAP_PRO_DSP_TRG_RON_PXT_BTG_DVY_PHASE 1_PINPOINT STRATEGIC SAVERS AV_Run of Network_Geo_F25-54_320 x 50_Standard_NV_NA",204525369,10/9/2017,3322,37,3285,1025,2260,85,2175,1695,480,1110,865,2560
TJN_TJX_TJMaxx 2H DIG_FY18,Viant,"PJSPBV_TJN_TJC_031_Data_VIANT INC_PUR_ROI_MWB_DIR_DSP_TRG_RON_BTG_MKT_DVY_DETERMINSTIC LAL OF ECOM CONVERTERS, CROSS DEVICE DISPLAY_Fixed Placement_Behavioral_F25-54_160 x 600_Click_NV_NA",204733791,10/4/2017,7174,388,6786,0,6786,462,6324,3749,2575,462,274,4023
TJN_TJX_TJMaxx 2H DIG_FY18,Viant,"PKGK06_TJN_TJX_028_Data_VIANT INC_DSI_SV1_TWB_DIR_RCH_TRG_INT_BTG_CTG_DVY_PHASE 1_VIANT IMP, W25-54 STRATEGIC SAVERS, CONTOBOX - Booties_Fixed Placement_Behavioral_F25-54_728 x 90_Click and View_NV_NA",206772470,10/21/2017,2,1,1,0,1,0,1,0,1,0,0,0
TJN_TJX_TJMaxx 2H DIG_FY18,xAd Inc.,PJPXJS_TJN_TJX_028_Mobile_GROUND TRUTH FKA XAD_DST_SV1_MAP_DIR_DSP_TRG_RON_RTG_RTG_DVY_PHASE 1_LOCATION AUDIENCE COMPETITIVE CONQUESTING PLACEMENT - STANDARD BANNER - Fall Hero_Run of Network_Retarget_F25-54_300 x 250_Click and View_NV_NA,204446153,9/10/2017,12729,268,12461,12443,18,2,16,8,8,12445,6223,6231
TJN_MAR_023_Marshalls 2H Digital_F18,Spotify USA Inc.,PK0HN8_TJN_MAR_023_Audience_SPOTIFY USA INC_DST_SV2_MAP_DIR_DSP_TRG_ROS_DMA_PXT_DVY_MOBILE OVERLAY 630X920_Run of Site_Geo_F25-54_630 x 920_Click and View_NV_NA,205561904,10/17/2017,43101,729,42372,42372,0,0,0,0,0,42372,36222,36222
TJN_TJX_TJMaxx 2H DIG_FY18,NBC Universal Media,PK2KJV_TJN_TJX_028_Content_NBCUNI.COM_BAF_BS2_OTT_DIR_VID_SPN_ROS_BTG_CTG_MOA_THIS IS US SPONSORSHIP: OTT - VIGNETTE 2_Run of Site_Behavioral_F25-54_1920 x 1080_Click and View_NV_NA,205613677,10/5/2017,304978,414,304564,304564,0,0,0,0,0,304564,182599,182599
TJN_TJX_TJMaxx 2H DIG_FY18,Foursquare,"PKFMK7_TJN_TJX_028_Audience_FOURSQUARE LABS, INC_DST_SV1_MAP_PRO_RCH_TRG_RON_PXT_BTG_DVY_PHASE 1_MOBILE RICH MEDIA COMPETITIVE CONQUESTING - Sweaters_Run of Network_Geo_F25-54_300 x 250_Standard_NV_NA",206832744,10/17/2017,1506,19,1487,528,959,76,883,236,647,604,161,397
TJN_TJX_TJMaxx 2H DIG_FY18,Viant,"PJNSHD_TJN_TJX_028_Data_VIANT INC_DSI_SV1_DSK_DIR_DSP_TRG_RON_BTG_CTG_DVY_PHASE 1_VIANT DIRECT MATCH RETAIL, COMPETITIVE CONQUESTING, DISPLAY_Fixed Placement_Behavioral_F25-54_160 x 600_Standard_NV_NA",204477281,10/20/2017,11160,710,10450,0,10450,774,9676,5384,4292,774,431,5815
TJN_TJX_TJMaxx 2H DIG_FY18,Viant,"PJNSHG_TJN_TJX_028_Data_VIANT INC_DSI_SV1_DSK_DIR_DSP_TRG_RON_BTG_CTG_DVY_PHASE 1_VIANT DIRECT MATCH RETAIL, COMPETITIVE CONQUESTING, DISPLAY_Fixed Placement_Behavioral_F25-54_728 x 90_Standard_NV_NA",204478490,10/18/2017,14255,1250,13005,0,13005,880,12125,6721,5404,880,488,7209
TJN_TJX_TJMaxx 2H DIG_FY18,Viant,PJPXKS_TJN_TJX_028_Data_VIANT INC_DSI_SV1_DSK_DIR_DSP_TRG_RON_BTG_CTG_DVY_PHASE 1_DESKTOP DISPLAY VIANT IMP TARGETING - STRATEGIC SAVERS AV_Fixed Placement_Demo_F25-54_160 x 600_Standard_NV_NA,204477475,10/18/2017,1091,426,665,0,665,71,594,67,527,71,8,75
TJN_TJX_TJMaxx 2H DIG_FY18,Conversant Inc.,PJPTMM_TJN_TJC_031_Audience_CONVERSANT_PUR_ROI_MAP_NET_DSP_TRG_RON_BTG_BTG_DVY_SMARTPHONE SMALL BANNER - COMPETITIVE CONQUESTING_Run of Site_Other_P18+_320 x 50_Standard_NV_NA,204483939,10/3/2017,12180,200,11980,0,11980,2412,9568,6299,3269,2412,1588,7887
TJN_TJX_TJMaxx 2H DIG_FY18,Conversant Inc.,PJPTLJ_TJN_TJC_031_Audience_CONVERSANT_PUR_ROI_TAP_NET_DSP_TRG_RON_BTG_BTG_DVY_TABLET MEDIUM RECTANGLE - TRENDSETTERS_Run of Site_Other_P18+_300 x 250_Standard_NV_NA,204447266,10/6/2017,6962,95,6867,0,6867,839,6028,3452,2576,839,480,3932
TJN_TJX_TJMaxx 2H DIG_FY18,PlaceIQ,PK19Z0_TJN_TJX_028_Mobile_PLACEIQ INC_DST_SV1_MAP_DIR_RCH_TRG_RON_BTG_PTG_DVY_PHASE 1_RICH MEDIA_STRATEGIC SAVERS_APPAREL OR FURNISHINGS DISCRETIONARY SPEND+IMPULSE BUYER SHOPPERS_Run of Network_Behavioral_F25-54_320 x 50_Click and View_NV_NA,205563158,10/16/2017,32961,1005,31956,11288,20668,655,20013,19709,304,11943,11762,31471
TJN_MAR_023_Marshalls 2H Digital_F18,xAd Inc.,PJQ0YP_TJN_MAR_023_Mobile_GROUND TRUTH FKA XAD_DST_SV1_MAP_DIR_DSP_TRG_RON_PXT_BTG_DVY_GEOBLOCKS LOYALTY - DYNAMIC DISTANCE_Run of Network_Geo_F25-54_300 x 250_Click and View_NV_NA,204537983,10/12/2017,9060,369,8691,8691,0,0,0,0,0,8691,1818,1818
TJN_TJX_TJMaxx 2H DIG_FY18,xAd Inc.,PJMTN2_TJN_TJX_028_Mobile_GROUND TRUTH FKA XAD_DST_SV1_MAP_DIR_DSP_TRG_RON_RTG_RTG_DVY_PHASE 1_LOCATION AUDIENCE COMPETITIVE CONQUESTING PLACEMENT - STANDARD BANNER - Fall Handbag_Run of Network_Retarget_F25-54_300 x 250_Click and View_NV_NA,204447824,9/15/2017,12721,314,12407,12403,4,1,3,3,0,12404,12404,12407
TJN_TJX_TJMaxx 2H DIG_FY18,xAd Inc.,PKF5T8_TJN_TJX_028_Mobile_GROUND TRUTH FKA XAD_DST_SV1_MAP_DIR_DSP_TRG_RON_RTG_RTG_DVY_PHASE 1_LOCATION AUDIENCE TJX SHOPPERS PLACEMENT - STANDARD BANNER - Find A Store V1_Run of Network_Retarget_F25-54_320 x 50_Click and View_NV_NA,206772554,10/18/2017,4598,56,4542,1821,2721,47,2674,2096,578,1868,1464,3560
TJN_TJX_TJMaxx 2H DIG_FY18,Viant,"PJNSHF_TJN_TJX_028_Data_VIANT INC_DSI_SV1_MWB_DIR_DSP_TRG_RON_BTG_CTG_DVY_PHASE 1_VIANT DIRECT MATCH RETAIL, COMPETITIVE CONQUESTING, DISPLAY_Fixed Placement_Behavioral_F25-54_300 x 250_Standard_NV_NA",204483016,9/22/2017,344,1,343,0,343,43,300,8,292,43,1,9
TJN_TJX_TJMaxx 2H DIG_FY18,PlaceIQ,PKFS8C_TJN_TJX_028_Mobile_PLACEIQ INC_DST_SV1_MAP_DIR_DSP_TRG_RON_BTG_PXT_DVY_PHASE 1_STANDARD BANNER_TRENDSTTERS_SOCIAL MEDIA INFLUENCER PLUS NEARBY TJMAXX - TJ Maxx - Find a Store V1_Run of Network_Behavioral_F25-54_320 x 50_Click and View_NV_NA,206831811,10/21/2017,829,154,675,475,200,1,199,185,14,476,443,628
TJN_TJX_TJMaxx 2H DIG_FY18,Conversant Inc.,PJPTLJ_TJN_TJC_031_Audience_CONVERSANT_PUR_ROI_TAP_NET_DSP_TRG_RON_BTG_BTG_DVY_TABLET MEDIUM RECTANGLE - TRENDSETTERS_Run of Site_Other_P18+_300 x 250_Standard_NV_NA,204447266,10/11/2017,5665,99,5566,4,5562,897,4665,2211,2454,901,427,2638
TJN_TJX_TJMaxx 2H DIG_FY18,Foursquare,"PJPRVG_TJN_TJX_028_Audience_FOURSQUARE LABS, INC_DST_SV1_MAP_PRO_DSP_TRG_RON_PXT_BTG_DVY_PHASE 1_PINPOINT COMPETITIVE CONQUESTING AV_Run of Network_Geo_F25-54_300 x 250_Standard_NV_NA",204527412,9/14/2017,408,22,386,129,257,68,189,96,93,197,100,196
TJN_MAR_023_Marshalls 2H Digital_F18,xAd Inc.,PJQ0Y7_TJN_MAR_023_Mobile_GROUND TRUTH FKA XAD_DST_SV1_MAP_DIR_DSP_TRG_RON_PXT_BTG_DVY_PROXIMITY LOYALTY - DYNAMIC DISTANCE_Run of Network_Geo_F25-54_300 x 250_Click and View_NV_NA,204541754,9/22/2017,45951,4801,41150,41115,35,7,28,10,18,41122,14681,14691
TJN_TJX_TJMaxx 2H DIG_FY18,Conversant Inc.,PJPTLH_TJN_TJC_031_Audience_CONVERSANT_PUR_ROI_TAP_NET_DSP_TRG_RON_BTG_BTG_DVY_TABLET LEADERBOARD- TRENDSETTERS_Run of Site_Other_P18+_728 x 90_Standard_NV_NA,204447779,10/5/2017,754,13,741,0,741,122,619,193,426,122,38,231
TJN_TJX_TJMaxx 2H DIG_FY18,NBC Universal Media,PK2KJK_TJN_TJX_028_Content_NBCUNI.COM_BAF_BS2_DSK_DIR_VID_SPN_ROS_BTG_CTG_MOA_THIS IS US SPONSORSHIP: DESKTOP - VIGNETTE 2_Run of Site_Behavioral_F25-54_1920 x 1080_Click and View_NV_NA,205568882,10/8/2017,45146,777,44369,44369,0,0,0,0,0,44369,30072,30072
TJN_TJX_TJMaxx 2H DIG_FY18,Viant,"PJNSH8_TJN_TJX_028_Data_VIANT INC_DSI_SV1_TWB_DIR_DSP_TRG_RON_BTG_CTG_DVY_PHASE 1_VIANT DIRECT MATCH RETAIL, COMPETITIVE CONQUESTING, DISPLAY_Fixed Placement_Behavioral_F25-54_728 x 90_Standard_NV_NA",204483019,9/17/2017,1157,0,1157,0,1157,96,1061,821,240,96,74,895
TJN_TJX_TJMaxx 2H DIG_FY18,xAd Inc.,PJMTN0_TJN_TJX_028_Mobile_GROUND TRUTH FKA XAD_DST_SV1_MAP_DIR_DSP_TRG_RON_RTG_RTG_DVY_PHASE 1_LOCATION AUDIENCE TJX SHOPPERS PLACEMENT - STANDARD BANNER - Fall Handbag_Run of Network_Retarget_F25-54_300 x 250_Click and View_NV_NA,204447842,9/17/2017,11310,293,11017,10891,126,10,116,112,4,10901,10525,10637
TJN_MAR_023_Marshalls 2H Digital_F18,NinthDecimal,PJPSRT_TJN_MAR_023_Mobile_NINTHDECIMAL_DST_SV1_MAP_DIR_RCH_TRG_RON_PXT_DMA_DVY_GEOFENCE: 15-20-MILE RADIUS AROUND RURAL STORES_Run of Network_Geo_F25-54_320 x 50_Click and View_NV_NA,204542885,10/19/2017,175058,2977,172081,70490,101591,669,100922,98394,2528,71159,69377,167771
TJN_TJX_TJMaxx 2H DIG_FY18,Hulu,PK3CXL_TJN_TJX_027_Content_HULU_BAF_BS2_TAP_DIR_CUS_SPN_CHS_CTG_CTG_DVY_FALL TV SPONSORSHIP: PREMIUM SLATE - TABLET IN APP_FEP_Contextual_F25-54_1920 x 1080_Standard_NV_NA,205726818,10/21/2017,14727,110,14617,14617,0,0,0,0,0,14617,11093,11093
TJN_TJX_TJMaxx 2H DIG_FY18,xAd Inc.,PJMTMZ_TJN_TJX_028_Mobile_GROUND TRUTH FKA XAD_DST_SV1_MAP_DIR_DSP_TRG_RON_RTG_RTG_DVY_PHASE 1_LOCATION AUDIENCE TJX SHOPPERS PLACEMENT - STANDARD BANNER - Maxx You Maxx Life_Run of Network_Retarget_F25-54_320 x 50_Click and View_NV_NA,204484011,9/17/2017,34635,455,34180,8718,25462,9239,16223,14662,1561,17957,16245,30907
TJN_TJX_TJMaxx 2H DIG_FY18,Foursquare,"PJMQ2K_TJN_TJX_028_Audience_FOURSQUARE LABS, INC_DST_SV1_MAP_PRO_DSP_TRG_RON_PXT_BTG_DVY_PHASE 1_PINPOINT STRATEGIC SAVERS_Run of Network_Geo_F25-54_320 x 50_Standard_NV_NA",204483454,10/5/2017,86141,2863,83278,39808,43470,2189,41281,32423,8858,41997,32985,65408
TJN_TJX_TJMaxx 2H DIG_FY18,xAd Inc.,PJMTNF_TJN_TJX_028_Mobile_GROUND TRUTH FKA XAD_DST_SV1_MAP_DIR_DSP_TRG_RON_PXT_PXT_DVY_PHASE 1_PROXIMITY LOYALTY PLACEMENT - STANDARD BANNER - Fall Handbag_Run of Network_Geo_F25-54_300 x 250_Click and View_NV_NA,204446159,9/28/2017,13690,272,13418,13329,89,15,74,9,65,13344,1623,1632
TJN_TJX_TJMaxx 2H DIG_FY18,Conversant Inc.,PJPWBV_TJN_TJX_028_Audience_CONVERSANT_DST_SV1_DSK_NET_DSP_TRG_RON_BTG_BTG_DVY_PHASE 1_ DESKTOP MEDIUM RECTANGLE - CJ INTERACTORS LAL MODELING_Run of Site_Behavioral_P18+_300 x 250_Standard_NV_NA,204447743,10/17/2017,190357,12705,177652,15,177637,14582,163055,90121,72934,14597,8068,98189
TJN_TJX_TJMaxx 2H DIG_FY18,Foursquare,"PKFMLQ_TJN_TJX_028_Audience_FOURSQUARE LABS, INC_DST_SV1_MAP_PRO_RCH_TRG_RON_PXT_BTG_DVY_PHASE 1_MOBILE RICH MEDIA STRATEGIC SAVERS - Find A Store V1_Run of Network_Geo_F25-54_320 x 50_Standard_NV_NA",206772506,10/16/2017,7544,101,7443,2763,4680,285,4395,2676,1719,3048,1856,4532
TJN_TJX_TJMaxx 2H DIG_FY18,Viant,PJPXKV_TJN_TJX_028_Data_VIANT INC_DSI_SV1_DSK_DIR_DSP_TRG_RON_BTG_CTG_DVY_PHASE 1_DESKTOP DISPLAY VIANT IMP TARGETING - STRATEGIC SAVERS AV_Fixed Placement_Demo_F25-54_728 x 90_Standard_NV_NA,204526986,10/1/2017,62,9,53,0,53,9,44,24,20,9,5,29
TJN_TJX_TJMaxx 2H DIG_FY18,Viant,"PJNSGQ_TJN_TJX_028_Data_VIANT INC_DSI_SV1_MWB_DIR_DSP_TRG_RON_BTG_CTG_DVY_PHASE 1_VIANT DIRECT MATCH RETAIL, TJX PORFOLIO LOYALISTS, DISPLAY_Fixed Placement_Behavioral_F25-54_300 x 250_Standard_NV_NA",204482395,9/21/2017,476,3,473,0,473,72,401,154,247,72,28,182
TJN_TJX_TJMaxx 2H DIG_FY18,Viant,"PJSPCF_TJN_TJC_031_Data_VIANT INC_PUR_ROI_DSK_DIR_DSP_TRG_RON_BTG_MKT_DVY_W25-54 + ONLINE SHOPPERS, CROSS DEVICE DISPLAY_Fixed Placement_Behavioral_F25-54_320 x 50_Click_NV_NA",204715639,10/9/2017,5989,46,5943,1,5942,611,5331,4465,866,612,513,4978
TJN_TJX_TJMaxx 2H DIG_FY18,Foursquare,"PK0H82_TJN_TJX_028_Audience_FOURSQUARE LABS, INC_DST_SV1_MAP_PRO_RCH_TRG_RON_PXT_BTG_DVY_PHASE 1_MOBILE RICH MEDIA TRENDSETTERS - Find A Store_Run of Network_Geo_F25-54_320 x 50_Standard_NV_NA",205394971,9/27/2017,35220,1054,34166,26530,7636,734,6902,4921,1981,27264,19439,24360
TJN_MAR_023_Marshalls 2H Digital_F18,xAd Inc.,PJQ0YL_TJN_MAR_023_Mobile_GROUND TRUTH FKA XAD_DST_SV1_MAP_DIR_DSP_TRG_RON_BTG_PXT_DVY_COMPETITOR SHOPPERS - DYNAMIC DISTANCE_Run of Network_Geo_F25-54_320 x 50_Click and View_NV_NA,204595638,9/15/2017,10299,159,10140,6855,3285,1998,1287,1221,66,8853,7756,8977
TJN_TJX_TJMaxx 2H DIG_FY18,Foursquare,"PJPSSY_TJN_TJX_028_Audience_FOURSQUARE LABS, INC_DST_SV1_MAP_PRO_RCH_TRG_RON_PXT_BTG_DVY_PHASE 1_MOBILE RICH MEDIA TRENDSETTERS - Find A TJ Maxx Store_Run of Network_Geo_F25-54_320 x 50_Standard_NV_NA",204527598,10/10/2017,19087,299,18788,14168,4620,275,4345,2955,1390,14443,9823,12778
TJN_TJX_TJMaxx 2H DIG_FY18,xAd Inc.,PJMTMR_TJN_TJX_028_Mobile_GROUND TRUTH FKA XAD_DST_SV1_MAP_DIR_RCH_TRG_RON_PXT_PXT_DVY_PHASE 1_PROXIMITY LOYALTY PLACEMENT - RICH MEDIA STORE LOCATOR - Fall Handbag_Run of Network_Geo_F25-54_300 x 250_Click and View_NV_NA,204442093,9/30/2017,31557,453,31104,11626,19478,251,19227,17312,1915,11877,10694,28006
TJN_TJX_TJMaxx 2H DIG_FY18,NBC Universal Media,PK2KK7_TJN_TJX_028_Content_NBCUNI.COM_BAF_BS2_TAP_DIR_VID_SPN_ROS_BTG_CTG_MOA_THIS IS US SPONSORSHIP: TABLET - VIGNETTE 3_Run of Site_Behavioral_F25-54_1920 x 1080_Click and View_NV_NA,205569476,10/13/2017,29253,287,28966,28966,0,0,0,0,0,28966,19852,19852
TJN_MAR_023_Marshalls 2H Digital_F18,xAd Inc.,PJQ0Y9_TJN_MAR_023_Mobile_GROUND TRUTH FKA XAD_DST_SV1_MAP_DIR_RCH_TRG_RON_WEA_PXT_DVY_PROXIMITY LOYALTY - WEATHER LOCATOR UNIT_Run of Network_Weather_F25-54_300 x 250_Click and View_NV_NA,204541757,9/20/2017,491,10,481,9,472,46,426,411,15,55,53,464
TJN_TJX_TJMaxx 2H DIG_FY18,xAd Inc.,PJPXJS_TJN_TJX_028_Mobile_GROUND TRUTH FKA XAD_DST_SV1_MAP_DIR_DSP_TRG_RON_RTG_RTG_DVY_PHASE 1_LOCATION AUDIENCE COMPETITIVE CONQUESTING PLACEMENT - STANDARD BANNER - Fall Hero_Run of Network_Retarget_F25-54_300 x 250_Click and View_NV_NA,204446153,9/29/2017,23504,750,22754,22583,171,2,169,158,11,22585,21115,21273
TJN_TJX_TJMaxx 2H DIG_FY18,Viant,"PKGK52_TJN_TJX_028_Data_VIANT INC_DSI_SV1_DSK_DIR_CUS_TRG_NAT_BTG_CTG_DVY_PHASE 1_VIANT LIFESTYLE, TRENDSETTERS NATIVE- Booties_Fixed Placement_Contextual_F25-54_0 x 0_Click and View_NV_NA",206833275,10/17/2017,8172,528,7644,7644,0,0,0,0,0,7644,5106,5106
TJN_TJX_TJMaxx 2H DIG_FY18,Viant,"PJNSGM_TJN_TJX_028_Data_VIANT INC_DSI_SV1_TWB_DIR_DSP_TRG_RON_BTG_CTG_DVY_PHASE 1_VIANT DIRECT MATCH RETAIL, TJX PORFOLIO LOYALISTS, DISPLAY_Fixed Placement_Behavioral_F25-54_728 x 90_Standard_NV_NA",204526722,10/11/2017,12704,68,12636,0,12636,1068,11568,8066,3502,1068,745,8811
TJN_TJX_TJMaxx 2H DIG_FY18,PlaceIQ,PK18VC_TJN_TJX_028_Mobile_PLACEIQ INC_DST_SV1_MAP_DIR_RCH_TRG_RON_BTG_PXT_DVY_PHASE 1_RICH MEDIA_TJX PORTFOLIO LOYALISTS_Run of Network_Behavioral_F25-54_320 x 50_Click and View_NV_NA,205568912,10/6/2017,73125,1804,71321,23682,47639,1920,45719,45011,708,25602,25206,70217
TJN_TJX_TJMaxx 2H DIG_FY18,Conversant Inc.,PJPWPH_TJN_TJX_028_Audience_CONVERSANT_DST_SV1_MAP_NET_DSP_TRG_RON_BTG_BTG_DVY_PHASE 1_ SMARTPHONE MEDIUM RECTANGLE  - CONVERSANT SHOPPERS AV_Run of Site_Behavioral_P18+_300 x 250_Standard_NV_NA,204442060,9/25/2017,404,5,399,0,399,102,297,76,221,102,26,102
TJN_TJX_TJMaxx 2H DIG_FY18,Conversant Inc.,PJPTML_TJN_TJC_031_Audience_CONVERSANT_PUR_ROI_DSK_NET_DSP_TRG_RON_BTG_BTG_DVY_DESKTOP WIDE SKYSCRAPER- COMPETITIVE CONQUESTING_Run of Site_Other_P18+_160 x 600_Standard_NV_NA,204447224,9/21/2017,8,6,2,0,2,1,1,0,1,1,0,0
TJN_TJX_TJMaxx 2H DIG_FY18,xAd Inc.,PJPXK0_TJN_TJX_028_Mobile_GROUND TRUTH FKA XAD_DST_SV1_MAP_DIR_DSP_TRG_RON_BTG_BTG_DVY_PHASE 1_BEHAVIORAL AUDIENCE TRENDSETTERS PLACEMENT - STANDARD BANNER - TJMaxx_Run of Network_Behavioral_F25-54_320 x 50_Click and View_NV_NA,204483993,10/10/2017,10748,55,10693,2612,8081,119,7962,6103,1859,2731,2093,8196
TJN_TJX_TJMaxx 2H DIG_FY18,xAd Inc.,PJMTN9_TJN_TJX_028_Mobile_GROUND TRUTH FKA XAD_DST_SV1_MAP_DIR_DSP_TRG_RON_BTG_BTG_DVY_PHASE 1_BEHAVIORAL AUDIENCE STRATEGIC SAVERS PLACEMENT - STANDARD BANNER - Fall Handbag_Run of Network_Behavioral_F25-54_300 x 250_Click and View_NV_NA,204447293,9/20/2017,20989,565,20424,20399,25,4,21,8,13,20403,7773,7781
TJN_MAR_023_Marshalls 2H Digital_F18,xAd Inc.,PJQ0YR_TJN_MAR_023_Mobile_GROUND TRUTH FKA XAD_DST_SV1_MAP_DIR_DSP_TRG_RON_PXT_BTG_DVY_GEOBLOCKS CONQUESTING - DYNAMIC DISTANCE_Run of Network_Geo_F25-54_300 x 250_Click and View_NV_NA,204555244,10/6/2017,8998,808,8190,8174,16,2,14,1,13,8176,584,585
TJN_TJX_TJMaxx 2H DIG_FY18,Foursquare,"PJPRQJ_TJN_TJX_028_Audience_FOURSQUARE LABS, INC_DST_SV1_MAP_PRO_DSP_TRG_RON_PXT_BTG_DVY_PHASE 1_PINPOINT STRATEGIC SAVERS AV_Run of Network_Geo_F25-54_320 x 50_Standard_NV_NA",204525369,9/26/2017,2028,182,1846,372,1474,65,1409,1049,360,437,325,1374
TJN_TJX_TJMaxx 2H DIG_FY18,xAd Inc.,PJMTNC_TJN_TJX_028_Mobile_GROUND TRUTH FKA XAD_DST_SV1_MAP_DIR_DSP_TRG_RON_BTG_BTG_DVY_PHASE 1_BEHAVIORAL AUDIENCE TRENDSETTERS PLACEMENT - STANDARD BANNER - Maxx You Maxx Life_Run of Network_Behavioral_F25-54_320 x 50_Click and View_NV_NA,204447830,10/10/2017,11363,58,11305,3706,7599,111,7488,5908,1580,3817,3012,8920
TJN_TJX_TJMaxx 2H DIG_FY18,NBC Universal Media,PK3H7Q_TJN_TJX_028_Content_NBCUNI.COM_BAF_BS2_DSK_DIR_DSP_SPN_HPT_CTG_CTG_DCM_100% SOV NBC THIS IS US ROADBLOCK 10/17 - 728X90 MOBILE_HP Takeover_Contextual_F25-54_728 x 90_Standard_NV_NA,205685944,10/11/2017,6,0,6,0,6,0,6,5,1,0,0,5
TJN_MAR_023_Marshalls 2H Digital_F18,xAd Inc.,PJQ0Y6_TJN_MAR_023_Mobile_GROUND TRUTH FKA XAD_DST_SV1_MAP_DIR_DSP_TRG_RON_PXT_BTG_DVY_PROXIMITY LOYALTY - DYNAMIC DISTANCE_Run of Network_Geo_F25-54_320 x 50_Click and View_NV_NA,204556888,10/1/2017,2,1,1,1,0,0,0,0,0,1,1,1
TJN_TJX_TJMaxx 2H DIG_FY18,Viant,"PJNSHC_TJN_TJX_028_Data_VIANT INC_DSI_SV1_DSK_DIR_DSP_TRG_RON_BTG_CTG_DVY_PHASE 1_VIANT DIRECT MATCH RETAIL, COMPETITIVE CONQUESTING, DISPLAY_Fixed Placement_Behavioral_F25-54_300 x 250_Standard_NV_NA",204478655,10/16/2017,30693,1076,29617,3,29614,2428,27186,13775,13411,2431,1232,15007
TJN_TJX_TJMaxx 2H DIG_FY18,Foursquare,"PJPRV8_TJN_TJX_028_Audience_FOURSQUARE LABS, INC_DST_SV1_MAP_PRO_DSP_TRG_RON_PXT_BTG_DVY_PHASE 1_PINPOINT TRENDSETTERS AV_Run of Network_Geo_F25-54_300 x 250_Standard_NV_NA",204527100,9/17/2017,441,29,412,92,320,45,275,105,170,137,52,157
TJN_TJX_TJMaxx 2H DIG_FY18,xAd Inc.,PKF4G3_TJN_TJX_028_Mobile_GROUND TRUTH FKA XAD_DST_SV1_MAP_DIR_DSP_TRG_RON_BTG_BTG_DVY_PHASE 1_BEHAVIORAL AUDIENCE STRATEGIC SAVERS PLACEMENT - STANDARD BANNER - Find A Store V2_Run of Network_Behavioral_F25-54_320 x 50_Click and View_NV_NA,206772056,10/20/2017,13130,152,12978,4743,8235,132,8103,5786,2317,4875,3481,9267
TJN_MAR_023_Marshalls 2H Digital_F18,Spotify USA Inc.,PK0HN8_TJN_MAR_023_Audience_SPOTIFY USA INC_DST_SV2_MAP_DIR_DSP_TRG_ROS_DMA_PXT_DVY_MOBILE OVERLAY 630X920_Run of Site_Geo_F25-54_630 x 920_Click and View_NV_NA,205561904,10/5/2017,45252,667,44585,44585,0,0,0,0,0,44585,39169,39169
TJN_TJX_TJMaxx 2H DIG_FY18,xAd Inc.,PKF5L5_TJN_TJX_028_Mobile_GROUND TRUTH FKA XAD_DST_SV1_MAP_DIR_DSP_TRG_RON_RTG_RTG_DVY_PHASE 1_LOCATION AUDIENCE TJX SHOPPERS PLACEMENT - STANDARD BANNER - Sweaters_Run of Network_Retarget_F25-54_300 x 250_Click and View_NV_NA,206833599,10/16/2017,2622,41,2581,2577,4,0,4,4,0,2577,2577,2581
TJN_TJX_TJMaxx 2H DIG_FY18,Viant,"PK2V4S_TJN_TJX_028_Data_VIANT INC_DSI_SV1_TWB_DIR_RCH_TRG_INT_BTG_CTG_DVY_PHASE 1_VIANT IMP, W25-54 STRATEGIC SAVERS, CONTOBOX - Fall Homes_Fixed Placement_Behavioral_F25-54_300 x 250_Click and View_NV_NA",205687927,10/16/2017,103,5,98,0,98,8,90,51,39,8,5,56
TJN_TJX_TJMaxx 2H DIG_FY18,Foursquare,"PJPSSZ_TJN_TJX_028_Audience_FOURSQUARE LABS, INC_DST_SV1_MAP_PRO_RCH_TRG_RON_PXT_BTG_DVY_PHASE 1_MOBILE RICH MEDIA COMPETITIVE CONQUESTING - Fall Handbag_Run of Network_Geo_F25-54_300 x 250_Standard_NV_NA",204478073,9/25/2017,2084,115,1969,882,1087,64,1023,412,611,946,381,793
TJN_TJX_TJMaxx 2H DIG_FY18,Foursquare,"PJPQKZ_TJN_TJX_028_Audience_FOURSQUARE LABS, INC_DST_SV1_MAP_PRO_DSP_TRG_RON_PXT_BTG_DVY_PHASE 1_PINPOINT TRENDSETTERS_Run of Network_Geo_F25-54_300 x 250_Standard_NV_NA",204481813,10/15/2017,941,13,928,490,438,37,401,209,192,527,275,484
TJN_MAR_023_Marshalls 2H Digital_F18,xAd Inc.,PJQ0YH_TJN_MAR_023_Mobile_GROUND TRUTH FKA XAD_DST_SV1_MAP_DIR_DSP_TRG_RON_BTG_DMA_DVY_BEHAVIORAL - FASHION SHOPPER - DYNAMIC DISTANCE_Run of Network_Behavioral_F25-54_300 x 250_Click and View_NV_NA,204543443,9/25/2017,9656,807,8849,8730,119,2,117,102,15,8732,7612,7714
TJN_TJX_TJMaxx 2H DIG_FY18,Viant,"PJNSGV_TJN_TJX_028_Data_VIANT INC_DSI_SV1_DSK_DIR_DSP_TRG_RON_BTG_CTG_DVY_PHASE 1_VIANT DIRECT MATCH RETAIL, TJX PORFOLIO LOYALISTS, DISPLAY_Fixed Placement_Behavioral_F25-54_728 x 90_Standard_NV_NA",204478511,9/29/2017,14382,1009,13373,0,13373,398,12975,11580,1395,398,355,11935
TJN_TJX_TJMaxx 2H DIG_FY18,Viant,"PK2V50_TJN_TJX_028_Data_VIANT INC_DSI_SV1_DSK_DIR_RCH_TRG_INT_BTG_CTG_DVY_PHASE 1_VIANT IMP, W25-54 STRATEGIC SAVERS, CONTOBOX - Fall Homes_Fixed Placement_Behavioral_F25-54_160 x 600_Click and View_NV_NA",205726908,10/15/2017,6266,299,5967,10,5957,346,5611,2301,3310,356,146,2447
TJN_MAR_023_Marshalls 2H Digital_F18,xAd Inc.,PJQ0YB_TJN_MAR_023_Mobile_GROUND TRUTH FKA XAD_DST_SV1_MAP_DIR_DSP_TRG_RON_PXT_BTG_DVY_PROXIMITY CONQUESTING - DYNAMIC DISTANCE_Run of Network_Geo_F25-54_320 x 50_Click and View_NV_NA,204541799,9/24/2017,23372,426,22946,17973,4973,1132,3841,3545,296,19105,13510,17055
TJN_TJX_TJMaxx 2H DIG_FY18,Foursquare,"PJYHWD_TJN_TJX_028_Audience_FOURSQUARE LABS, INC_DST_SV1_MAP_PRO_DSP_TRG_RON_PXT_BTG_DVY_PHASE 1_PINPOINT COMPETITIVE CONQUESTING_Run of Network_Geo_F25-54_300 x 250_Standard_NV_NA",205235284,10/18/2017,3662,78,3584,3004,580,146,434,235,199,3150,1706,1941
TJN_MAR_023_Marshalls 2H Digital_F18,NinthDecimal,PJPSRT_TJN_MAR_023_Mobile_NINTHDECIMAL_DST_SV1_MAP_DIR_RCH_TRG_RON_PXT_DMA_DVY_GEOFENCE: 15-20-MILE RADIUS AROUND RURAL STORES_Run of Network_Geo_F25-54_320 x 50_Click and View_NV_NA,204542885,9/11/2017,45571,932,44639,22443,22196,90,22106,21523,583,22533,21939,43462
TJN_TJX_TJMaxx 2H DIG_FY18,Conversant Inc.,PJPTLH_TJN_TJC_031_Audience_CONVERSANT_PUR_ROI_TAP_NET_DSP_TRG_RON_BTG_BTG_DVY_TABLET LEADERBOARD- TRENDSETTERS_Run of Site_Other_P18+_728 x 90_Standard_NV_NA,204447779,10/17/2017,82,1,81,0,81,7,74,63,11,7,6,69
TJN_TJX_TJMaxx 2H DIG_FY18,Foursquare,"PJPRVG_TJN_TJX_028_Audience_FOURSQUARE LABS, INC_DST_SV1_MAP_PRO_DSP_TRG_RON_PXT_BTG_DVY_PHASE 1_PINPOINT COMPETITIVE CONQUESTING AV_Run of Network_Geo_F25-54_300 x 250_Standard_NV_NA",204527412,9/28/2017,202,9,193,63,130,3,127,62,65,66,32,94
TJN_TJX_TJMaxx 2H DIG_FY18,Viant,"PKGK55_TJN_TJX_028_Data_VIANT INC_DSI_SV1_DSK_DIR_CUS_TRG_NAT_BTG_CTG_DVY_PHASE 1_VIANT LIFESTYLE, TRENDSETTERS NATIVE- Dresses_Fixed Placement_Contextual_F25-54_0 x 0_Click and View_NV_NA",206833278,10/20/2017,38853,2669,36184,36184,0,0,0,0,0,36184,21539,21539
TJN_TJX_TJMaxx 2H DIG_FY18,Conversant Inc.,PJNPLY_TJN_TJX_028_Audience_CONVERSANT_DST_SV1_DSK_NET_DSP_TRG_RON_BTG_BTG_DVY_PHASE 1_ DESKTOP WIDE SKYSCRAPER - CJ CONVERTERS LAL MODELING_Run of Site_Behavioral_P18+_160 x 600_Standard_NV_NA,204443386,10/3/2017,1678,71,1607,0,1607,202,1405,367,1038,202,53,420
TJN_MAR_023_Marshalls 2H Digital_F18,NinthDecimal,PJPSRS_TJN_MAR_023_Mobile_NINTHDECIMAL_DST_SV1_MAP_DIR_RCH_TRG_RON_PXT_DMA_DVY_GEOFENCE: 5-10-MILE RADIUS AROUND SUBURBAN STORES_Run of Network_Geo_F25-54_320 x 50_Click and View_NV_NA,204541748,10/12/2017,49180,1225,47955,17636,30319,135,30184,29371,813,17771,17292,46663
TJN_MAR_023_Marshalls 2H Digital_F18,xAd Inc.,PJQ0YJ_TJN_MAR_023_Mobile_GROUND TRUTH FKA XAD_DST_SV1_MAP_DIR_DSP_TRG_RON_BTG_PXT_DVY_MARSHALLS SHOPPERS - DYNAMIC DISTANCE_Run of Network_Geo_F25-54_320 x 50_Click and View_NV_NA,204595911,10/18/2017,7399,85,7314,2952,4362,39,4323,3667,656,2991,2542,6209
TJN_MAR_023_Marshalls 2H Digital_F18,NinthDecimal,PJPSRW_TJN_MAR_023_Mobile_NINTHDECIMAL_DST_SV1_MAP_DIR_RCH_TRG_RON_BTG_PXT_DVY_LOCATION GRAPH: TJX FAMILY LOYALISTS_Run of Network_Behavioral_F25-54_320 x 50_Click and View_NV_NA,204541739,10/15/2017,49939,622,49317,16422,32895,154,32741,31621,1120,16576,16009,47630
TJN_MAR_023_Marshalls 2H Digital_F18,NinthDecimal,PJPSS0_TJN_MAR_023_Mobile_NINTHDECIMAL_DST_SV1_MAP_DIR_RCH_TRG_RON_BTG_DMA_DVY_3RD PARTY: SURPRISE CHOOSERS_Run of Network_Behavioral_F25-54_320 x 50_Click and View_NV_NA,204595875,9/9/2017,5493,68,5425,1081,4344,50,4294,4182,112,1131,1102,5284
TJN_TJX_TJMaxx 2H DIG_FY18,Conversant Inc.,PJPTMN_TJN_TJC_031_Audience_CONVERSANT_PUR_ROI_MAP_NET_DSP_TRG_RON_BTG_BTG_DVY_SMARTPHONE MEDIUM RECTANGLE - COMPETITIVE CONQUESTING_Run of Site_Other_P18+_300 x 250_Standard_NV_NA,204447221,10/4/2017,5460,76,5384,0,5384,1074,4310,1681,2629,1074,419,2100
TJN_TJX_TJMaxx 2H DIG_FY18,Foursquare,"PJMQ2K_TJN_TJX_028_Audience_FOURSQUARE LABS, INC_DST_SV1_MAP_PRO_DSP_TRG_RON_PXT_BTG_DVY_PHASE 1_PINPOINT STRATEGIC SAVERS_Run of Network_Geo_F25-54_320 x 50_Standard_NV_NA",204483454,10/17/2017,111880,1818,110062,71449,38613,1349,37264,33032,4232,72798,64530,97562
TJN_MAR_023_Marshalls 2H Digital_F18,xAd Inc.,PJQ0YP_TJN_MAR_023_Mobile_GROUND TRUTH FKA XAD_DST_SV1_MAP_DIR_DSP_TRG_RON_PXT_BTG_DVY_GEOBLOCKS LOYALTY - DYNAMIC DISTANCE_Run of Network_Geo_F25-54_300 x 250_Click and View_NV_NA,204537983,9/4/2017,2,0,2,0,2,0,2,2,0,0,0,2
TJN_MAR_023_Marshalls 2H Digital_F18,NinthDecimal,PJPSS0_TJN_MAR_023_Mobile_NINTHDECIMAL_DST_SV1_MAP_DIR_RCH_TRG_RON_BTG_DMA_DVY_3RD PARTY: SURPRISE CHOOSERS_Run of Network_Behavioral_F25-54_320 x 50_Click and View_NV_NA,204595875,10/21/2017,79920,900,79020,18345,60675,406,60269,58041,2228,18751,18058,76099
TJN_TJX_TJMaxx 2H DIG_FY18,Foursquare,"PKFMJ7_TJN_TJX_028_Audience_FOURSQUARE LABS, INC_DST_SV1_MAP_PRO_RCH_TRG_RON_PXT_BTG_DVY_PHASE 1_MOBILE RICH MEDIA COMPETITIVE CONQUESTING - Find A Store V1_Run of Network_Geo_F25-54_320 x 50_Standard_NV_NA",206812597,10/18/2017,24866,642,24224,19163,5061,838,4223,3879,344,20001,18372,22251
TJN_MAR_023_Marshalls 2H Digital_F18,Bustle,PKG3Z8_TJN_MAR_023_Content_BUSTLE_Custom Content Roadblock Custom Shot Feature 2 - Panoramic_Roadblock_Contextual_F25-54_1 x 1_Click and View_NV_NA,206711606,10/17/2017,53756,1227,52529,21,52508,48132,4376,2809,1567,48153,30910,33719
TJN_TJX_TJMaxx 2H DIG_FY18,Viant,"PJNSGW_TJN_TJX_028_Data_VIANT INC_DSI_SV1_DSK_DIR_DSP_TRG_RON_BTG_CTG_DVY_PHASE 1_VIANT DIRECT MATCH RETAIL, TJX PORFOLIO LOYALISTS, DISPLAY_Fixed Placement_Behavioral_F25-54_300 x 250_Standard_NV_NA",204478514,10/20/2017,23248,1222,22026,0,22026,721,21305,15357,5948,721,520,15877
TJN_MAR_023_Marshalls 2H Digital_F18,xAd Inc.,PJQ0Y6_TJN_MAR_023_Mobile_GROUND TRUTH FKA XAD_DST_SV1_MAP_DIR_DSP_TRG_RON_PXT_BTG_DVY_PROXIMITY LOYALTY - DYNAMIC DISTANCE_Run of Network_Geo_F25-54_320 x 50_Click and View_NV_NA,204556888,10/2/2017,3,1,2,2,0,0,0,0,0,2,2,2
TJN_MAR_023_Marshalls 2H Digital_F18,xAd Inc.,PJQ0YR_TJN_MAR_023_Mobile_GROUND TRUTH FKA XAD_DST_SV1_MAP_DIR_DSP_TRG_RON_PXT_BTG_DVY_GEOBLOCKS CONQUESTING - DYNAMIC DISTANCE_Run of Network_Geo_F25-54_300 x 250_Click and View_NV_NA,204555244,10/11/2017,10512,607,9905,9905,0,0,0,0,0,9905,540,540
TJN_TJX_TJMaxx 2H DIG_FY18,Conversant Inc.,PJPWBV_TJN_TJX_028_Audience_CONVERSANT_DST_SV1_DSK_NET_DSP_TRG_RON_BTG_BTG_DVY_PHASE 1_ DESKTOP MEDIUM RECTANGLE - CJ INTERACTORS LAL MODELING_Run of Site_Behavioral_P18+_300 x 250_Standard_NV_NA,204447743,10/5/2017,27567,1923,25644,0,25644,2160,23484,14387,9097,2160,1323,15710
TJN_TJX_TJMaxx 2H DIG_FY18,xAd Inc.,PJMTNF_TJN_TJX_028_Mobile_GROUND TRUTH FKA XAD_DST_SV1_MAP_DIR_DSP_TRG_RON_PXT_PXT_DVY_PHASE 1_PROXIMITY LOYALTY PLACEMENT - STANDARD BANNER - Fall Handbag_Run of Network_Geo_F25-54_300 x 250_Click and View_NV_NA,204446159,9/14/2017,10194,201,9993,9935,58,17,41,14,27,9952,3398,3412
TJN_TJX_TJMaxx 2H DIG_FY18,Viant,"PJNSGR_TJN_TJX_028_Data_VIANT INC_DSI_SV1_TWB_DIR_DSP_TRG_RON_BTG_CTG_DVY_PHASE 1_VIANT DIRECT MATCH RETAIL, TJX PORFOLIO LOYALISTS, DISPLAY_Fixed Placement_Behavioral_F25-54_160 x 600_Standard_NV_NA",204478520,10/8/2017,88,0,88,0,88,9,79,12,67,9,1,13
TJN_TJX_TJMaxx 2H DIG_FY18,Conversant Inc.,PJNPLW_TJN_TJX_028_Audience_CONVERSANT_DST_SV1_DSK_NET_DSP_TRG_RON_BTG_BTG_DVY_PHASE 1_ DESKTOP MEDIUM RECTANGLE - CJ CONVERTERS LAL MODELING_Run of Site_Behavioral_P18+_300 x 250_Standard_NV_NA,204442024,10/3/2017,6240,439,5801,0,5801,1027,4774,1499,3275,1027,322,1821
TJN_MAR_023_Marshalls 2H Digital_F18,xAd Inc.,PJQ0Y6_TJN_MAR_023_Mobile_GROUND TRUTH FKA XAD_DST_SV1_MAP_DIR_DSP_TRG_RON_PXT_BTG_DVY_PROXIMITY LOYALTY - DYNAMIC DISTANCE_Run of Network_Geo_F25-54_320 x 50_Click and View_NV_NA,204556888,9/23/2017,95794,2124,93670,70597,23073,2878,20195,15645,4550,73475,47164,62809
TJN_TJX_TJMaxx 2H DIG_FY18,xAd Inc.,PJYDBQ_TJN_TJX_028_Mobile_GROUND TRUTH FKA XAD_DST_SV1_MAP_DIR_RCH_TRG_RON_BTG_BTG_DVY_PHASE 1_BEHAVIORAL AUDIENCE TRENDSETTERS PLACEMENT - RICH MEDIA STORE LOCATOR - Fall Hero_Run of Network_Behavioral_F25-54_300 x 250_Click and View_NV_NA,205145231,10/17/2017,1120,25,1095,9,1086,9,1077,1013,64,18,17,1030
TJN_TJX_TJMaxx 2H DIG_FY18,xAd Inc.,PJPXJY_TJN_TJX_028_Mobile_GROUND TRUTH FKA XAD_DST_SV1_MAP_DIR_DSP_TRG_RON_BTG_BTG_DVY_PHASE 1_BEHAVIORAL AUDIENCE STRATEGIC SAVERS PLACEMENT - STANDARD BANNER - Fall Hero_Run of Network_Behavioral_F25-54_300 x 250_Click and View_NV_NA,204484017,10/8/2017,8630,147,8483,8477,6,1,5,3,2,8478,5087,5090
TJN_TJX_TJMaxx 2H DIG_FY18,Viant,"PJNSGM_TJN_TJX_028_Data_VIANT INC_DSI_SV1_TWB_DIR_DSP_TRG_RON_BTG_CTG_DVY_PHASE 1_VIANT DIRECT MATCH RETAIL, TJX PORFOLIO LOYALISTS, DISPLAY_Fixed Placement_Behavioral_F25-54_728 x 90_Standard_NV_NA",204526722,10/6/2017,13123,139,12984,0,12984,888,12096,9146,2950,888,671,9817
TJN_TJX_TJMaxx 2H DIG_FY18,xAd Inc.,PJMTNF_TJN_TJX_028_Mobile_GROUND TRUTH FKA XAD_DST_SV1_MAP_DIR_DSP_TRG_RON_PXT_PXT_DVY_PHASE 1_PROXIMITY LOYALTY PLACEMENT - STANDARD BANNER - Fall Handbag_Run of Network_Geo_F25-54_300 x 250_Click and View_NV_NA,204446159,10/14/2017,10488,113,10375,10263,112,0,112,87,25,10263,7972,8059
TJN_TJX_TJMaxx 2H DIG_FY18,PlaceIQ,PK18VC_TJN_TJX_028_Mobile_PLACEIQ INC_DST_SV1_MAP_DIR_RCH_TRG_RON_BTG_PXT_DVY_PHASE 1_RICH MEDIA_TJX PORTFOLIO LOYALISTS_Run of Network_Behavioral_F25-54_320 x 50_Click and View_NV_NA,205568912,10/11/2017,31950,760,31190,15172,16018,535,15483,15219,264,15707,15439,30658
TJN_MAR_023_Marshalls 2H Digital_F18,xAd Inc.,PJQ0YB_TJN_MAR_023_Mobile_GROUND TRUTH FKA XAD_DST_SV1_MAP_DIR_DSP_TRG_RON_PXT_BTG_DVY_PROXIMITY CONQUESTING - DYNAMIC DISTANCE_Run of Network_Geo_F25-54_320 x 50_Click and View_NV_NA,204541799,9/22/2017,23975,492,23483,18049,5434,1734,3700,3341,359,19783,12662,16003
TJN_TJX_TJMaxx 2H DIG_FY18,Viant,"PJNSHB_TJN_TJX_028_Data_VIANT INC_DSI_SV1_MWB_DIR_DSP_TRG_RON_BTG_CTG_DVY_PHASE 1_VIANT DIRECT MATCH RETAIL, COMPETITIVE CONQUESTING, DISPLAY_Fixed Placement_Behavioral_F25-54_300 x 50_Standard_NV_NA",204478658,9/27/2017,7,1,6,0,6,0,6,5,1,0,0,5
TJN_TJX_TJMaxx 2H DIG_FY18,Viant,"PK2X7C_TJN_TJX_028_Data_VIANT INC_DSI_SV1_TWB_DIR_RCH_TRG_INT_BTG_CTG_DVY_PHASE 1_VIANT IMP, W25-54 STRATEGIC SAVERS, CONTOBOX - Honeycomb_Fixed Placement_Behavioral_F25-54_160 x 600_Click and View_NV_NA",205685992,9/30/2017,5,2,3,1,2,0,2,2,0,1,1,3
TJN_MAR_023_Marshalls 2H Digital_F18,xAd Inc.,PJQ0Y6_TJN_MAR_023_Mobile_GROUND TRUTH FKA XAD_DST_SV1_MAP_DIR_DSP_TRG_RON_PXT_BTG_DVY_PROXIMITY LOYALTY - DYNAMIC DISTANCE_Run of Network_Geo_F25-54_320 x 50_Click and View_NV_NA,204556888,9/11/2017,97396,1908,95488,64641,30847,2850,27997,23228,4769,67491,29631,52859
TJN_TJX_TJMaxx 2H DIG_FY18,Viant,"PJNSGT_TJN_TJX_028_Data_VIANT INC_DSI_SV1_DSK_DIR_DSP_TRG_RON_BTG_CTG_DVY_PHASE 1_VIANT DIRECT MATCH RETAIL, TJX PORFOLIO LOYALISTS, DISPLAY_Fixed Placement_Behavioral_F25-54_160 x 600_Standard_NV_NA",204483025,10/14/2017,2811,125,2686,0,2686,153,2533,1372,1161,153,83,1455
TJN_TJX_TJMaxx 2H DIG_FY18,PlaceIQ,PK18PW_TJN_TJX_028_Mobile_PLACEIQ INC_DST_SV1_MAP_DIR_DSP_TRG_RON_BTG_PXT_DVY_PHASE 1_STANDARD BANNER_TRENDSTTERS_SOCIAL MEDIA INFLUENCER PLUS NEARBY TJMAXX - Maxx You Maxx Life_Run of Network_Behavioral_F25-54_320 x 50_Click and View_NV_NA,205566944,10/12/2017,30058,1115,28943,16705,12238,143,12095,11821,274,16848,16466,28287
TJN_TJX_TJMaxx 2H DIG_FY18,Hulu,PK3F7J_TJN_TJX_027_Content_HULU_BAF_BS2_TAP_DIR_CUS_SPN_CHS_CTG_CTG_DVY_HULU ROS: PREMIUM SLATE - TABLET IN APP_FEP_Contextual_F25-54_1920 x 1080_Standard_NV_NA,205725864,9/29/2017,875,9,866,866,0,0,0,0,0,866,642,642
TJN_TJX_TJMaxx 2H DIG_FY18,Foursquare,"PK0H84_TJN_TJX_028_Audience_FOURSQUARE LABS, INC_DST_SV1_MAP_PRO_RCH_TRG_RON_PXT_BTG_DVY_PHASE 1_MOBILE RICH MEDIA COMPETITIVE CONQUESTING - Find A Store_Run of Network_Geo_F25-54_320 x 50_Standard_NV_NA",205427847,10/18/2017,2,1,1,0,1,0,1,1,0,0,0,1
TJN_TJX_TJMaxx 2H DIG_FY18,xAd Inc.,PJMTN4_TJN_TJX_028_Mobile_GROUND TRUTH FKA XAD_DST_SV1_MAP_DIR_RCH_TRG_RON_BTG_BTG_DVY_PHASE 1_BEHAVIORAL AUDIENCE TRENDSETTERS PLACEMENT - RICH MEDIA STORE LOCATOR - Fall Handbag_Run of Network_Behavioral_F25-54_300 x 250_Click and View_NV_NA,204447281,10/21/2017,888,9,879,4,875,6,869,833,36,10,10,843
TJN_TJX_TJMaxx 2H DIG_FY18,Foursquare,"PJPRQJ_TJN_TJX_028_Audience_FOURSQUARE LABS, INC_DST_SV1_MAP_PRO_DSP_TRG_RON_PXT_BTG_DVY_PHASE 1_PINPOINT STRATEGIC SAVERS AV_Run of Network_Geo_F25-54_320 x 50_Standard_NV_NA",204525369,10/3/2017,127,1,126,14,112,7,105,79,26,21,16,95
TJN_MAR_023_Marshalls 2H Digital_F18,xAd Inc.,PJQ0YH_TJN_MAR_023_Mobile_GROUND TRUTH FKA XAD_DST_SV1_MAP_DIR_DSP_TRG_RON_BTG_DMA_DVY_BEHAVIORAL - FASHION SHOPPER - DYNAMIC DISTANCE_Run of Network_Behavioral_F25-54_300 x 250_Click and View_NV_NA,204543443,10/15/2017,69319,2726,66593,66524,69,3,66,58,8,66527,58353,58411
TJN_TJX_TJMaxx 2H DIG_FY18,Foursquare,"PJPQKZ_TJN_TJX_028_Audience_FOURSQUARE LABS, INC_DST_SV1_MAP_PRO_DSP_TRG_RON_PXT_BTG_DVY_PHASE 1_PINPOINT TRENDSETTERS_Run of Network_Geo_F25-54_300 x 250_Standard_NV_NA",204481813,9/25/2017,11366,1141,10225,4510,5715,256,5459,2406,3053,4766,2101,4507
TJN_TJX_TJMaxx 2H DIG_FY18,Foursquare,"PJPSSZ_TJN_TJX_028_Audience_FOURSQUARE LABS, INC_DST_SV1_MAP_PRO_RCH_TRG_RON_PXT_BTG_DVY_PHASE 1_MOBILE RICH MEDIA COMPETITIVE CONQUESTING - Fall Handbag_Run of Network_Geo_F25-54_300 x 250_Standard_NV_NA",204478073,10/15/2017,204,2,202,88,114,3,111,30,81,91,25,55
TJN_TJX_TJMaxx 2H DIG_FY18,Viant,"PK2V50_TJN_TJX_028_Data_VIANT INC_DSI_SV1_DSK_DIR_RCH_TRG_INT_BTG_CTG_DVY_PHASE 1_VIANT IMP, W25-54 STRATEGIC SAVERS, CONTOBOX - Fall Homes_Fixed Placement_Behavioral_F25-54_160 x 600_Click and View_NV_NA",205726908,9/25/2017,110,9,101,7,94,1,93,37,56,8,3,40
TJN_TJX_TJMaxx 2H DIG_FY18,Viant,"PJNSGT_TJN_TJX_028_Data_VIANT INC_DSI_SV1_DSK_DIR_DSP_TRG_RON_BTG_CTG_DVY_PHASE 1_VIANT DIRECT MATCH RETAIL, TJX PORFOLIO LOYALISTS, DISPLAY_Fixed Placement_Behavioral_F25-54_160 x 600_Standard_NV_NA",204483025,9/14/2017,85,13,72,0,72,0,72,33,39,0,0,33
TJN_TJX_TJMaxx 2H DIG_FY18,Viant,"PJNSH6_TJN_TJX_028_Data_VIANT INC_DSI_SV1_TWB_DIR_DSP_TRG_RON_BTG_CTG_DVY_PHASE 1_VIANT DIRECT MATCH RETAIL, COMPETITIVE CONQUESTING, DISPLAY_Fixed Placement_Behavioral_F25-54_160 x 600_Standard_NV_NA",204483604,9/26/2017,25,0,25,0,25,2,23,7,16,2,1,8
TJN_TJX_TJMaxx 2H DIG_FY18,Viant,"PJSPBY_TJN_TJC_031_Data_VIANT INC_PUR_ROI_TWB_DIR_DSP_TRG_RON_BTG_MKT_DVY_DETERMINSTIC LAL OF ECOM CONVERTERS, CROSS DEVICE DISPLAY_Fixed Placement_Behavioral_F25-54_300 x 250_Click_NV_NA",204715651,9/29/2017,161,3,158,0,158,41,117,51,66,41,18,69
TJN_TJX_TJMaxx 2H DIG_FY18,Hulu,PK3CXH_TJN_TJX_027_Content_HULU_BAF_BS2_DSK_DIR_CUS_SPN_CHS_CTG_CTG_DVY_FALL TV SPONSORSHIP: PREMIUM SLATE - DESKTOP_FEP_Contextual_F25-54_1920 x 1080_Standard_NV_NA,205683922,9/28/2017,2,0,2,2,0,0,0,0,0,2,2,2
TJN_TJX_TJMaxx 2H DIG_FY18,Conversant Inc.,PJNPLZ_TJN_TJX_028_Audience_CONVERSANT_DST_SV1_MAP_NET_DSP_TRG_RON_BTG_BTG_DVY_PHASE 1_ SMARTPHONE SMALL BANNER  - CJ CONVERTERS LAL MODELING_Run of Site_Behavioral_P18+_320 x 50_Standard_NV_NA,204442891,10/18/2017,956,23,933,7,926,94,832,424,408,101,51,475
TJN_TJX_TJMaxx 2H DIG_FY18,Viant,PJPXKV_TJN_TJX_028_Data_VIANT INC_DSI_SV1_DSK_DIR_DSP_TRG_RON_BTG_CTG_DVY_PHASE 1_DESKTOP DISPLAY VIANT IMP TARGETING - STRATEGIC SAVERS AV_Fixed Placement_Demo_F25-54_728 x 90_Standard_NV_NA,204526986,10/19/2017,8357,7708,649,0,649,51,598,260,338,51,22,282
TJN_TJX_TJMaxx 2H DIG_FY18,Viant,"PJNSHF_TJN_TJX_028_Data_VIANT INC_DSI_SV1_MWB_DIR_DSP_TRG_RON_BTG_CTG_DVY_PHASE 1_VIANT DIRECT MATCH RETAIL, COMPETITIVE CONQUESTING, DISPLAY_Fixed Placement_Behavioral_F25-54_300 x 250_Standard_NV_NA",204483016,10/16/2017,2851,22,2829,0,2829,158,2671,2423,248,158,143,2566
TJN_MAR_023_Marshalls 2H Digital_F18,Bustle,PK5G41_TJN_MAR_023_Content_BUSTLE_Custom Content Roadblock Standard Feature 1 - Panoramic_Roadblock_Contextual_F25-54_1 x 1_Click and View_NV_NA,206335290,10/13/2017,7123,116,7007,8,6999,771,6228,5897,331,779,738,6635
TJN_TJX_TJMaxx 2H DIG_FY18,Viant,"PKGK94_TJN_TJX_028_Data_VIANT INC_DSI_SV1_MWB_DIR_CUS_TRG_NAT_BTG_CTG_DVY_PHASE 1_VIANT LIFESTYLE, TRENDSETTERS NATIVE- Dresses_Fixed Placement_Contextual_F25-54_0 x 0_Click and View_NV_NA",206772386,10/19/2017,54400,715,53685,53685,0,0,0,0,0,53685,42113,42113
TJN_TJX_TJMaxx 2H DIG_FY18,Viant,"PK2V4V_TJN_TJX_028_Data_VIANT INC_DSI_SV1_TWB_DIR_RCH_TRG_INT_BTG_CTG_DVY_PHASE 1_VIANT IMP, W25-54 STRATEGIC SAVERS, CONTOBOX - Fall Homes_Fixed Placement_Behavioral_F25-54_728 x 90_Click and View_NV_NA",205725966,9/24/2017,3924,28,3896,3,3893,351,3542,1041,2501,354,104,1145
TJN_TJX_TJMaxx 2H DIG_FY18,Conversant Inc.,PJPTLP_TJN_TJC_031_Audience_CONVERSANT_PUR_ROI_DSK_NET_DSP_TRG_RON_BTG_BTG_DVY_DESKTOP LEADERBOARD- TRENDSETTERS_Run of Site_Other_P18+_728 x 90_Standard_NV_NA,204447782,10/16/2017,11749,1345,10404,0,10404,1081,9323,6696,2627,1081,776,7472
TJN_MAR_023_Marshalls 2H Digital_F18,NinthDecimal,PJPSRT_TJN_MAR_023_Mobile_NINTHDECIMAL_DST_SV1_MAP_DIR_RCH_TRG_RON_PXT_DMA_DVY_GEOFENCE: 15-20-MILE RADIUS AROUND RURAL STORES_Run of Network_Geo_F25-54_320 x 50_Click and View_NV_NA,204542885,10/1/2017,23375,521,22854,6059,16795,53,16742,16459,283,6112,6009,22468
TJN_TJX_TJMaxx 2H DIG_FY18,xAd Inc.,PJPXK0_TJN_TJX_028_Mobile_GROUND TRUTH FKA XAD_DST_SV1_MAP_DIR_DSP_TRG_RON_BTG_BTG_DVY_PHASE 1_BEHAVIORAL AUDIENCE TRENDSETTERS PLACEMENT - STANDARD BANNER - TJMaxx_Run of Network_Behavioral_F25-54_320 x 50_Click and View_NV_NA,204483993,10/12/2017,14430,235,14195,4598,9597,136,9461,6873,2588,4734,3439,10312
TJN_MAR_023_Marshalls 2H Digital_F18,xAd Inc.,PJQ0YD_TJN_MAR_023_Mobile_GROUND TRUTH FKA XAD_DST_SV1_MAP_DIR_RCH_TRG_RON_WEA_PXT_DVY_PROXIMITY CONQUESTING - WEATHER LOCATOR UNIT_Run of Network_Weather_F25-54_320 x 50_Click and View_NV_NA,204541553,10/18/2017,8301,256,8045,5015,3030,76,2954,2725,229,5091,4696,7421
TJN_MAR_023_Marshalls 2H Digital_F18,NinthDecimal,PJPSRZ_TJN_MAR_023_Mobile_NINTHDECIMAL_DST_SV1_MAP_DIR_RCH_TRG_RON_BTG_DMA_DVY_CONSUMER JOURNEY: BARGAIN HUNTERS_Run of Network_Behavioral_F25-54_320 x 50_Click and View_NV_NA,204542873,9/30/2017,71546,849,70697,15524,55173,268,54905,53151,1754,15792,15288,68439
TJN_TJX_TJMaxx 2H DIG_FY18,Conversant Inc.,PJPWPH_TJN_TJX_028_Audience_CONVERSANT_DST_SV1_MAP_NET_DSP_TRG_RON_BTG_BTG_DVY_PHASE 1_ SMARTPHONE MEDIUM RECTANGLE  - CONVERSANT SHOPPERS AV_Run of Site_Behavioral_P18+_300 x 250_Standard_NV_NA,204442060,10/15/2017,357,9,348,0,348,59,289,205,84,59,42,247
TJN_TJX_TJMaxx 2H DIG_FY18,xAd Inc.,PJPXJQ_TJN_TJX_028_Mobile_GROUND TRUTH FKA XAD_DST_SV1_MAP_DIR_DSP_TRG_RON_RTG_RTG_DVY_PHASE 1_LOCATION AUDIENCE TJX SHOPPERS PLACEMENT - STANDARD BANNER - TJMaxx_Run of Network_Retarget_F25-54_320 x 50_Click and View_NV_NA,204447839,9/10/2017,36487,407,36080,3597,32483,18404,14079,9971,4108,22001,15481,25452
TJN_TJX_TJMaxx 2H DIG_FY18,Viant,"PJNSGQ_TJN_TJX_028_Data_VIANT INC_DSI_SV1_MWB_DIR_DSP_TRG_RON_BTG_CTG_DVY_PHASE 1_VIANT DIRECT MATCH RETAIL, TJX PORFOLIO LOYALISTS, DISPLAY_Fixed Placement_Behavioral_F25-54_300 x 250_Standard_NV_NA",204482395,9/27/2017,6,0,6,0,6,1,5,4,1,1,1,5
TJN_TJX_TJMaxx 2H DIG_FY18,xAd Inc.,PKF49Y_TJN_TJX_028_Mobile_GROUND TRUTH FKA XAD_DST_SV1_MAP_DIR_DSP_TRG_RON_BTG_BTG_DVY_PHASE 1_BEHAVIORAL AUDIENCE TRENDSETTERS PLACEMENT - STANDARD BANNER - Find A Store V1_Run of Network_Behavioral_F25-54_320 x 50_Click and View_NV_NA,206812693,10/19/2017,7197,89,7108,4058,3050,27,3023,2148,875,4085,2903,5051
TJN_TJX_TJMaxx 2H DIG_FY18,PlaceIQ,PK19Z0_TJN_TJX_028_Mobile_PLACEIQ INC_DST_SV1_MAP_DIR_RCH_TRG_RON_BTG_PTG_DVY_PHASE 1_RICH MEDIA_STRATEGIC SAVERS_APPAREL OR FURNISHINGS DISCRETIONARY SPEND+IMPULSE BUYER SHOPPERS_Run of Network_Behavioral_F25-54_320 x 50_Click and View_NV_NA,205563158,9/24/2017,49418,4911,44507,24840,19667,734,18933,17603,1330,25574,23777,41380
TJN_TJX_TJMaxx 2H DIG_FY18,Conversant Inc.,PJNPLV_TJN_TJX_028_Audience_CONVERSANT_DST_SV1_DSK_NET_DSP_TRG_RON_BTG_BTG_DVY_PHASE 1_ DESKTOP LEADERBOARD - CJ CONVERTERS LAL MODELING_Run of Site_Behavioral_P18+_728 x 90_Standard_NV_NA,204483933,10/21/2017,250,22,228,0,228,40,188,98,90,40,21,119
TJN_TJX_TJMaxx 2H DIG_FY18,Foursquare,"PK0H82_TJN_TJX_028_Audience_FOURSQUARE LABS, INC_DST_SV1_MAP_PRO_RCH_TRG_RON_PXT_BTG_DVY_PHASE 1_MOBILE RICH MEDIA TRENDSETTERS - Find A Store_Run of Network_Geo_F25-54_320 x 50_Standard_NV_NA",205394971,9/21/2017,53766,1381,52385,39169,13216,1095,12121,8462,3659,40264,28109,36571
TJN_TJX_TJMaxx 2H DIG_FY18,NBC Universal Media,PK3H7G_TJN_TJX_028_Content_NBCUNI.COM_BAF_BS2_DSK_DIR_DSP_SPN_HPT_CTG_CTG_DCM_100% SOV NBC HOMEPAGE ROADBLOCK 10/17 - 728X90 MOBILE_HP Takeover_Contextual_F25-54_728 x 90_Standard_NV_NA,205725924,10/16/2017,1,0,1,0,1,0,1,1,0,0,0,1
TJN_TJX_TJMaxx 2H DIG_FY18,Conversant Inc.,PJPWPB_TJN_TJX_028_Audience_CONVERSANT_DST_SV1_DSK_NET_DSP_TRG_RON_BTG_BTG_DVY_PHASE 1_ DESKTOP RECTANGLE - CONVERSANT SHOPPERS AV_Run of Site_Behavioral_P18+_300 x 600_Standard_NV_NA,204447254,9/20/2017,27,3,24,0,24,5,19,11,8,5,3,14
TJN_TJX_TJMaxx 2H DIG_FY18,Conversant Inc.,PJPTMM_TJN_TJC_031_Audience_CONVERSANT_PUR_ROI_MAP_NET_DSP_TRG_RON_BTG_BTG_DVY_SMARTPHONE SMALL BANNER - COMPETITIVE CONQUESTING_Run of Site_Other_P18+_320 x 50_Standard_NV_NA,204483939,10/9/2017,27141,675,26466,2,26464,4520,21944,16497,5447,4522,3400,19897
TJN_TJX_TJMaxx 2H DIG_FY18,xAd Inc.,PKF4B4_TJN_TJX_028_Mobile_GROUND TRUTH FKA XAD_DST_SV1_MAP_DIR_DSP_TRG_RON_BTG_BTG_DVY_PHASE 1_BEHAVIORAL AUDIENCE TRENDSETTERS PLACEMENT - STANDARD BANNER - Find A Store V2_Run of Network_Behavioral_F25-54_320 x 50_Click and View_NV_NA,206832834,10/13/2017,1105,15,1090,164,926,13,913,564,349,177,109,673
TJN_TJX_TJMaxx 2H DIG_FY18,xAd Inc.,PJMTNC_TJN_TJX_028_Mobile_GROUND TRUTH FKA XAD_DST_SV1_MAP_DIR_DSP_TRG_RON_BTG_BTG_DVY_PHASE 1_BEHAVIORAL AUDIENCE TRENDSETTERS PLACEMENT - STANDARD BANNER - Maxx You Maxx Life_Run of Network_Behavioral_F25-54_320 x 50_Click and View_NV_NA,204447830,10/12/2017,13475,192,13283,3820,9463,114,9349,7003,2346,3934,2947,9950
TJN_MAR_023_Marshalls 2H Digital_F18,NinthDecimal,PJPSRV_TJN_MAR_023_Mobile_NINTHDECIMAL_DST_SV1_MAP_DIR_RCH_TRG_RON_BTG_PXT_DVY_LOCATION GRAPH: MARSHALLS LOYALISTS_Run of Network_Behavioral_F25-54_320 x 50_Click and View_NV_NA,204555232,9/30/2017,35696,560,35136,6747,28389,95,28294,27664,630,6842,6690,34354
TJN_TJX_TJMaxx 2H DIG_FY18,NBC Universal Media,PK2LGT_TJN_TJX_028_Content_NBCUNI.COM_BAF_BS2_DSK_DIR_DSP_SPN_HPT_CTG_CTG_DCM_100% SOV NBC THIS IS US ROADBLOCK 9/26 - 300X250 DESKTOP_HP Takeover_Contextual_F25-54_300 x 250_Standard_NV_NA,205566905,9/28/2017,33,1,32,0,32,0,32,15,17,0,0,15
TJN_TJX_TJMaxx 2H DIG_FY18,Foursquare,"PK0H83_TJN_TJX_028_Audience_FOURSQUARE LABS, INC_DST_SV1_MAP_PRO_RCH_TRG_RON_PXT_BTG_DVY_PHASE 1_MOBILE RICH MEDIA COMPETITIVE CONQUESTING - Fall Honeycomb_Run of Network_Geo_F25-54_300 x 250_Standard_NV_NA",205344161,10/5/2017,2657,123,2534,662,1872,123,1749,479,1270,785,215,694
TJN_TJX_TJMaxx 2H DIG_FY18,Viant,"PK2V4W_TJN_TJX_028_Data_VIANT INC_DSI_SV1_DSK_DIR_RCH_TRG_INT_BTG_CTG_DVY_PHASE 1_VIANT IMP, W25-54 STRATEGIC SAVERS, CONTOBOX - Fall Homes_Fixed Placement_Behavioral_F25-54_728 x 90_Click and View_NV_NA",205687309,10/4/2017,18044,259,17785,3,17782,908,16874,3946,12928,911,213,4159
TJN_TJX_TJMaxx 2H DIG_FY18,xAd Inc.,PKF4CT_TJN_TJX_028_Mobile_GROUND TRUTH FKA XAD_DST_SV1_MAP_DIR_DSP_TRG_RON_BTG_BTG_DVY_PHASE 1_BEHAVIORAL AUDIENCE STRATEGIC SAVERS PLACEMENT - STANDARD BANNER - Dresses_Run of Network_Behavioral_F25-54_300 x 250_Click and View_NV_NA,206834097,10/16/2017,4072,32,4040,4040,0,0,0,0,0,4040,2625,2625
TJN_MAR_023_Marshalls 2H Digital_F18,NinthDecimal,"PJPSS1_TJN_MAR_023_Mobile_NINTHDECIMAL_DST_SV1_MAP_DIR_RCH_TRG_RON_BTG_DMA_DVY_TV TARGETING: PEOPLE WHO WATCH BRAVO, TLC, HGTV, A&E, LIFETIME, DISCOVERY_Run of Network_Behavioral_F25-54_320 x 50_Click and View_NV_NA",204541508,9/17/2017,15159,269,14890,4300,10590,54,10536,10055,481,4354,4155,14210
TJN_TJX_TJMaxx 2H DIG_FY18,xAd Inc.,PJPXJX_TJN_TJX_028_Mobile_GROUND TRUTH FKA XAD_DST_SV1_MAP_DIR_DSP_TRG_RON_BTG_BTG_DVY_PHASE 1_BEHAVIORAL AUDIENCE STRATEGIC SAVERS PLACEMENT - STANDARD BANNER - TJMaxx_Run of Network_Behavioral_F25-54_320 x 50_Click and View_NV_NA,204447848,9/17/2017,19580,106,19474,1964,17510,4938,12572,12261,311,6902,6731,18992
TJN_MAR_023_Marshalls 2H Digital_F18,NinthDecimal,PJPSRT_TJN_MAR_023_Mobile_NINTHDECIMAL_DST_SV1_MAP_DIR_RCH_TRG_RON_PXT_DMA_DVY_GEOFENCE: 15-20-MILE RADIUS AROUND RURAL STORES_Run of Network_Geo_F25-54_320 x 50_Click and View_NV_NA,204542885,9/23/2017,314982,6709,308273,172040,136233,890,135343,131208,4135,172930,167647,298855
TJN_TJX_TJMaxx 2H DIG_FY18,xAd Inc.,PKF4ND_TJN_TJX_028_Mobile_GROUND TRUTH FKA XAD_DST_SV1_MAP_DIR_RCH_TRG_RON_BTG_BTG_DVY_PHASE 1_BEHAVIORAL AUDIENCE TRENDSETTERS PLACEMENT - RICH MEDIA STORE LOCATOR - Dresses_Run of Network_Behavioral_F25-54_300 x 250_Click and View_NV_NA,206812747,10/21/2017,951,5,946,10,936,1,935,904,31,11,11,915
TJN_TJX_TJMaxx 2H DIG_FY18,Conversant Inc.,PJPTLL_TJN_TJC_031_Audience_CONVERSANT_PUR_ROI_DSK_NET_DSP_TRG_RON_BTG_BTG_DVY_DESKTOP WIDE SKYSCRAPER- TRENDSETTERS_Run of Site_Other_P18+_160 x 600_Standard_NV_NA,204447269,10/18/2017,685,34,651,0,651,74,577,278,299,74,36,314
TJN_TJX_TJMaxx 2H DIG_FY18,xAd Inc.,PJMTMQ_TJN_TJX_028_Mobile_GROUND TRUTH FKA XAD_DST_SV1_MAP_DIR_RCH_TRG_RON_PXT_PXT_DVY_PHASE 1_PROXIMITY LOYALTY PLACEMENT - RICH MEDIA STORE LOCATOR - TJ Maxx_Run of Network_Geo_F25-54_320 x 50_Click and View_NV_NA,204442090,10/8/2017,9671,121,9550,2039,7511,89,7422,7033,389,2128,2016,9049
TJN_TJX_TJMaxx 2H DIG_FY18,Conversant Inc.,PJPTMQ_TJN_TJC_031_Audience_CONVERSANT_PUR_ROI_DSK_NET_DSP_TRG_RON_BTG_BTG_DVY_DESKTOP MEDIUM RECTANGLE- COMPETITIVE CONQUESTING_Run of Site_Other_P18+_300 x 250_Standard_NV_NA,204447218,10/13/2017,8760,458,8302,1,8301,1032,7269,5094,2175,1033,724,5818
TJN_TJX_TJMaxx 2H DIG_FY18,Viant,"PK2V4V_TJN_TJX_028_Data_VIANT INC_DSI_SV1_TWB_DIR_RCH_TRG_INT_BTG_CTG_DVY_PHASE 1_VIANT IMP, W25-54 STRATEGIC SAVERS, CONTOBOX - Fall Homes_Fixed Placement_Behavioral_F25-54_728 x 90_Click and View_NV_NA",205725966,9/22/2017,1152,19,1133,4,1129,123,1006,290,716,127,37,327
TJN_MAR_023_Marshalls 2H Digital_F18,NinthDecimal,PJPSRT_TJN_MAR_023_Mobile_NINTHDECIMAL_DST_SV1_MAP_DIR_RCH_TRG_RON_PXT_DMA_DVY_GEOFENCE: 15-20-MILE RADIUS AROUND RURAL STORES_Run of Network_Geo_F25-54_320 x 50_Click and View_NV_NA,204542885,10/2/2017,14551,277,14274,4135,10139,41,10098,9942,156,4176,4111,14053
TJN_TJX_TJMaxx 2H DIG_FY18,xAd Inc.,PJPXK2_TJN_TJX_028_Mobile_GROUND TRUTH FKA XAD_DST_SV1_MAP_DIR_DSP_TRG_RON_PXT_PXT_DVY_PHASE 1_PROXIMITY LOYALTY PLACEMENT - STANDARD BANNER - Fall Hero_Run of Network_Geo_F25-54_300 x 250_Click and View_NV_NA,204442945,9/20/2017,21081,487,20594,20412,182,55,127,20,107,20467,3223,3243
TJN_TJX_TJMaxx 2H DIG_FY18,Foursquare,"PJPRVC_TJN_TJX_028_Audience_FOURSQUARE LABS, INC_DST_SV1_MAP_PRO_DSP_TRG_RON_PXT_BTG_DVY_PHASE 1_PINPOINT TRENDSETTERS AV_Run of Network_Geo_F25-54_320 x 50_Standard_NV_NA",204527421,9/10/2017,1495,121,1374,624,750,41,709,398,311,665,373,771
TJN_TJX_TJMaxx 2H DIG_FY18,Conversant Inc.,PJPTLN_TJN_TJC_031_Audience_CONVERSANT_PUR_ROI_MAP_NET_DSP_TRG_RON_BTG_BTG_DVY_SMARTPHONE MEDIUM RECTANGLE - TRENDSETTERS_Run of Site_Other_P18+_300 x 250_Standard_NV_NA,204446141,10/7/2017,10468,84,10384,0,10384,1376,9008,5942,3066,1376,908,6850
TJN_TJX_TJMaxx 2H DIG_FY18,Hulu,PK3CXJ_TJN_TJX_027_Content_HULU_BAF_BS2_MAP_DIR_CUS_SPN_CHS_CTG_CTG_DVY_FALL TV SPONSORSHIP: PREMIUM SLATE - MOBILE IN APP_FEP_Contextual_F25-54_1920 x 1080_Standard_NV_NA,205683919,9/30/2017,8,0,8,8,0,0,0,0,0,8,7,7
TJN_TJX_TJMaxx 2H DIG_FY18,PlaceIQ,PK19Z0_TJN_TJX_028_Mobile_PLACEIQ INC_DST_SV1_MAP_DIR_RCH_TRG_RON_BTG_PTG_DVY_PHASE 1_RICH MEDIA_STRATEGIC SAVERS_APPAREL OR FURNISHINGS DISCRETIONARY SPEND+IMPULSE BUYER SHOPPERS_Run of Network_Behavioral_F25-54_320 x 50_Click and View_NV_NA,205563158,9/22/2017,9295,637,8658,5127,3531,103,3428,3306,122,5230,5044,8350
TJN_MAR_023_Marshalls 2H Digital_F18,NinthDecimal,PJPSRW_TJN_MAR_023_Mobile_NINTHDECIMAL_DST_SV1_MAP_DIR_RCH_TRG_RON_BTG_PXT_DVY_LOCATION GRAPH: TJX FAMILY LOYALISTS_Run of Network_Behavioral_F25-54_320 x 50_Click and View_NV_NA,204541739,9/25/2017,17060,313,16747,6072,10675,50,10625,10328,297,6122,5951,16279
TJN_MAR_023_Marshalls 2H Digital_F18,NinthDecimal,PJPSRS_TJN_MAR_023_Mobile_NINTHDECIMAL_DST_SV1_MAP_DIR_RCH_TRG_RON_PXT_DMA_DVY_GEOFENCE: 5-10-MILE RADIUS AROUND SUBURBAN STORES_Run of Network_Geo_F25-54_320 x 50_Click and View_NV_NA,204541748,10/10/2017,32385,382,32003,11468,20535,94,20441,19943,498,11562,11280,31223
TJN_TJX_TJMaxx 2H DIG_FY18,Foursquare,"PK0H7Z_TJN_TJX_028_Audience_FOURSQUARE LABS, INC_DST_SV1_MAP_PRO_RCH_TRG_RON_PXT_BTG_DVY_PHASE 1_MOBILE RICH MEDIA STRATEGIC SAVERS - Fall Honeycomb_Run of Network_Geo_F25-54_300 x 250_Standard_NV_NA",205341980,10/14/2017,412,4,408,120,288,21,267,69,198,141,36,105
TJN_TJX_TJMaxx 2H DIG_FY18,xAd Inc.,PJYDBW_TJN_TJX_028_Mobile_GROUND TRUTH FKA XAD_DST_SV1_MAP_DIR_RCH_TRG_RON_BTG_BTG_DVY_PHASE 1_BEHAVIORAL AUDIENCE STRATEGIC SAVERS PLACEMENT - RICH MEDIA STORE LOCATOR - Fall Hero_Run of Network_Behavioral_F25-54_300 x 250_Click and View_NV_NA,205207030,10/18/2017,3,0,3,3,0,0,0,0,0,3,1,1
TJN_TJX_TJMaxx 2H DIG_FY18,Conversant Inc.,PJNPMK_TJN_TJC_031_Audience_CONVERSANT_PUR_ROI_DSK_NET_DSP_TRG_RON_BTG_BTG_DVY_DESKTOP LEADERBOARD- STRATEGIC SAVERS_Run of Site_Other_P18+_728 x 90_Standard_NV_NA,204447263,10/17/2017,2574,318,2256,0,2256,192,2064,1511,553,192,141,1652
TJN_MAR_023_Marshalls 2H Digital_F18,NinthDecimal,PJPSRX_TJN_MAR_023_Mobile_NINTHDECIMAL_DST_SV1_MAP_DIR_RCH_TRG_RON_BTG_PXT_DVY_LOCATION GRAPH: COMPETITIVE CONQUESTING_Run of Network_Behavioral_F25-54_320 x 50_Click and View_NV_NA,204542879,10/18/2017,67267,841,66426,29405,37021,258,36763,35774,989,29663,28865,64639
TJN_TJX_TJMaxx 2H DIG_FY18,Conversant Inc.,PJNPML_TJN_TJC_031_Audience_CONVERSANT_PUR_ROI_DSK_NET_DSP_TRG_RON_BTG_BTG_DVY_DESKTOP MEDIUM RECTANGLE- STRATEGIC SAVERS_Run of Site_Other_P18+_300 x 250_Standard_NV_NA,204443407,10/18/2017,3965,230,3735,0,3735,210,3525,2758,767,210,164,2922
TJN_TJX_TJMaxx 2H DIG_FY18,Viant,"PJSPCF_TJN_TJC_031_Data_VIANT INC_PUR_ROI_DSK_DIR_DSP_TRG_RON_BTG_MKT_DVY_W25-54 + ONLINE SHOPPERS, CROSS DEVICE DISPLAY_Fixed Placement_Behavioral_F25-54_320 x 50_Click_NV_NA",204715639,10/3/2017,152,15,137,0,137,43,94,62,32,43,28,90
TJN_TJX_TJMaxx 2H DIG_FY18,Conversant Inc.,PJPTLK_TJN_TJC_031_Audience_CONVERSANT_PUR_ROI_DSK_NET_DSP_TRG_RON_BTG_BTG_DVY_DESKTOP RECTANGLE- TRENDSETTERS_Run of Site_Other_P18+_300 x 600_Standard_NV_NA,204483963,10/16/2017,3388,324,3064,0,3064,658,2406,854,1552,658,234,1088
TJN_TJX_TJMaxx 2H DIG_FY18,Hulu,PK3CXH_TJN_TJX_027_Content_HULU_BAF_BS2_DSK_DIR_CUS_SPN_CHS_CTG_CTG_DVY_FALL TV SPONSORSHIP: PREMIUM SLATE - DESKTOP_FEP_Contextual_F25-54_1920 x 1080_Standard_NV_NA,205683922,10/14/2017,36533,573,35960,35960,0,0,0,0,0,35960,25734,25734
TJN_TJX_TJMaxx 2H DIG_FY18,Foursquare,"PJPQL0_TJN_TJX_028_Audience_FOURSQUARE LABS, INC_DST_SV1_MAP_PRO_DSP_TRG_RON_PXT_BTG_DVY_PHASE 1_PINPOINT TRENDSETTERS_Run of Network_Geo_F25-54_320 x 50_Standard_NV_NA",204478094,10/6/2017,96043,2306,93737,61047,32690,1281,31409,25979,5430,62328,51553,77532
TJN_TJX_TJMaxx 2H DIG_FY18,Viant,"PJSPCK_TJN_TJC_031_Data_VIANT INC_PUR_ROI_MWB_DIR_DSP_TRG_RON_BTG_MKT_DVY_W25-54 + ONLINE SHOPPERS, CROSS DEVICE DISPLAY_Fixed Placement_Behavioral_F25-54_160 x 600_Click_NV_NA",204733041,10/7/2017,102,8,94,0,94,6,88,42,46,6,3,45
TJN_TJX_TJMaxx 2H DIG_FY18,xAd Inc.,PJPXJQ_TJN_TJX_028_Mobile_GROUND TRUTH FKA XAD_DST_SV1_MAP_DIR_DSP_TRG_RON_RTG_RTG_DVY_PHASE 1_LOCATION AUDIENCE TJX SHOPPERS PLACEMENT - STANDARD BANNER - TJMaxx_Run of Network_Retarget_F25-54_320 x 50_Click and View_NV_NA,204447839,9/29/2017,41676,714,40962,25041,15921,7291,8630,6524,2106,32332,19623,26147
TJN_TJX_TJMaxx 2H DIG_FY18,PlaceIQ,PK18V9_TJN_TJX_028_Mobile_PLACEIQ INC_DST_SV1_MAP_DIR_DSP_TRG_RON_BTG_PXT_DVY_PHASE 1_STANDARD BANNER_TJX PROXIMITY LOYALISTS_LIVE BY TJMAXX - Maxx You Maxx Life_Run of Network_Behavioral_F25-54_320 x 50_Click and View_NV_NA,205661862,10/16/2017,25320,463,24857,12741,12116,96,12020,11904,116,12837,12713,24617
TJN_TJX_TJMaxx 2H DIG_FY18,Viant,"PK2X7G_TJN_TJX_028_Data_VIANT INC_DSI_SV1_DSK_DIR_RCH_TRG_INT_BTG_CTG_DVY_PHASE 1_VIANT IMP, W25-54 STRATEGIC SAVERS, CONTOBOX - Honeycomb_Fixed Placement_Behavioral_F25-54_300 x 250_Click and View_NV_NA",205688467,10/11/2017,31931,1586,30345,10,30335,3376,26959,4466,22493,3386,561,5027
TJN_TJX_TJMaxx 2H DIG_FY18,Foursquare,"PKFMJM_TJN_TJX_028_Audience_FOURSQUARE LABS, INC_DST_SV1_MAP_PRO_RCH_TRG_RON_PXT_BTG_DVY_PHASE 1_MOBILE RICH MEDIA COMPETITIVE CONQUESTING - Booties_Run of Network_Geo_F25-54_300 x 250_Standard_NV_NA",206771834,10/16/2017,2428,37,2391,625,1766,132,1634,464,1170,757,215,679
TJN_TJX_TJMaxx 2H DIG_FY18,Conversant Inc.,PJPWPG_TJN_TJX_028_Audience_CONVERSANT_DST_SV1_TAP_NET_DSP_TRG_RON_BTG_BTG_DVY_PHASE 1_ TABLET MEDIUM RECTANGLE  - CONVERSANT SHOPPERS AV_Run of Site_Behavioral_P18+_300 x 250_Standard_NV_NA,204446129,10/4/2017,336,6,330,0,330,55,275,128,147,55,26,154
TJN_TJX_TJMaxx 2H DIG_FY18,Viant,"PJNSGT_TJN_TJX_028_Data_VIANT INC_DSI_SV1_DSK_DIR_DSP_TRG_RON_BTG_CTG_DVY_PHASE 1_VIANT DIRECT MATCH RETAIL, TJX PORFOLIO LOYALISTS, DISPLAY_Fixed Placement_Behavioral_F25-54_160 x 600_Standard_NV_NA",204483025,9/28/2017,2,1,1,0,1,0,1,1,0,0,0,1
TJN_TJX_TJMaxx 2H DIG_FY18,PlaceIQ,PK1YGY_TJN_TJX_028_Mobile_PLACEIQ INC_DST_SV1_MAP_DIR_DSP_TRG_RON_BTG_PTG_DVY_PHASE 1_STANDARD BANNER_TRENDSETTERS_ONLINE SHOPPER+TJMAXX SHOPPERS - TJ Maxx_Run of Network_Behavioral_F25-54_320 x 50_Click and View_NV_NA,205661871,10/19/2017,28224,652,27572,12682,14890,124,14766,14613,153,12806,12673,27286
TJN_TJX_TJMaxx 2H DIG_FY18,Conversant Inc.,PJPWBW_TJN_TJX_028_Audience_CONVERSANT_DST_SV1_DSK_NET_DSP_TRG_RON_BTG_BTG_DVY_PHASE 1_ DESKTOP RECTANGLE - CJ INTERACTORS LAL MODELING_Run of Site_Behavioral_P18+_300 x 600_Standard_NV_NA,204447740,10/4/2017,1124,61,1063,0,1063,175,888,238,650,175,47,285
TJN_TJX_TJMaxx 2H DIG_FY18,Viant,"PK2V4S_TJN_TJX_028_Data_VIANT INC_DSI_SV1_TWB_DIR_RCH_TRG_INT_BTG_CTG_DVY_PHASE 1_VIANT IMP, W25-54 STRATEGIC SAVERS, CONTOBOX - Fall Homes_Fixed Placement_Behavioral_F25-54_300 x 250_Click and View_NV_NA",205687927,9/24/2017,5519,49,5470,5,5465,543,4922,908,4014,548,101,1009
TJN_TJX_TJMaxx 2H DIG_FY18,Viant,"PJSPCL_TJN_TJC_031_Data_VIANT INC_PUR_ROI_TWB_DIR_DSP_TRG_RON_BTG_MKT_DVY_W25-54 + ONLINE SHOPPERS, CROSS DEVICE DISPLAY_Fixed Placement_Behavioral_F25-54_728 x 90_Click_NV_NA",204715987,10/13/2017,1230,146,1084,0,1084,47,1037,749,288,47,34,783
TJN_TJX_TJMaxx 2H DIG_FY18,Viant,"PJSPCJ_TJN_TJC_031_Data_VIANT INC_PUR_ROI_MWB_DIR_DSP_TRG_RON_BTG_MKT_DVY_W25-54 + ONLINE SHOPPERS, CROSS DEVICE DISPLAY_Fixed Placement_Behavioral_F25-54_300 x 250_Click_NV_NA",204733038,10/14/2017,69,2,67,2,65,9,56,35,21,11,7,42
TJN_TJX_TJMaxx 2H DIG_FY18,Viant,"PJNSGN_TJN_TJX_028_Data_VIANT INC_DSI_SV1_TWB_DIR_DSP_TRG_RON_BTG_CTG_DVY_PHASE 1_VIANT DIRECT MATCH RETAIL, TJX PORFOLIO LOYALISTS, DISPLAY_Fixed Placement_Behavioral_F25-54_300 x 250_Standard_NV_NA",204526347,10/6/2017,651,10,641,0,641,48,593,458,135,48,37,495
TJN_TJX_TJMaxx 2H DIG_FY18,Hulu,PK3F7G_TJN_TJX_027_Content_HULU_BAF_BS2_MAP_DIR_CUS_SPN_CHS_CTG_CTG_DVY_HULU ROS: PREMIUM SLATE - MOBILE IN APP_FEP_Contextual_F25-54_1920 x 1080_Standard_NV_NA,205634552,10/11/2017,1403,11,1392,1392,0,0,0,0,0,1392,908,908
TJN_TJX_TJMaxx 2H DIG_FY18,Foursquare,"PK0H80_TJN_TJX_028_Audience_FOURSQUARE LABS, INC_DST_SV1_MAP_PRO_RCH_TRG_RON_PXT_BTG_DVY_PHASE 1_MOBILE RICH MEDIA STRATEGIC SAVERS - Find A Store_Run of Network_Geo_F25-54_320 x 50_Standard_NV_NA",205394974,10/18/2017,4,2,2,0,2,1,1,1,0,1,1,2
TJN_MAR_023_Marshalls 2H Digital_F18,xAd Inc.,PJQ0YB_TJN_MAR_023_Mobile_GROUND TRUTH FKA XAD_DST_SV1_MAP_DIR_DSP_TRG_RON_PXT_BTG_DVY_PROXIMITY CONQUESTING - DYNAMIC DISTANCE_Run of Network_Geo_F25-54_320 x 50_Click and View_NV_NA,204541799,10/16/2017,7140,126,7014,5176,1838,53,1785,1344,441,5229,3847,5191
TJN_MAR_023_Marshalls 2H Digital_F18,NinthDecimal,PJPSRR_TJN_MAR_023_Mobile_NINTHDECIMAL_DST_SV1_MAP_DIR_RCH_TRG_RON_PXT_DMA_DVY_GEOFENCE: 2-MILE RADIUS AROUND URBAN STORES_Run of Network_Geo_F25-54_320 x 50_Click and View_NV_NA,204541523,10/18/2017,58219,1219,57000,23926,33074,237,32837,31896,941,24163,23471,55367
TJN_TJX_TJMaxx 2H DIG_FY18,xAd Inc.,PJPXJZ_TJN_TJX_028_Mobile_GROUND TRUTH FKA XAD_DST_SV1_MAP_DIR_DSP_TRG_RON_BTG_BTG_DVY_PHASE 1_BEHAVIORAL AUDIENCE TRENDSETTERS PLACEMENT - STANDARD BANNER - Fall Hero_Run of Network_Behavioral_F25-54_300 x 250_Click and View_NV_NA,204446156,9/18/2017,11078,226,10852,10837,15,6,9,3,6,10843,3614,3617
TJN_TJX_TJMaxx 2H DIG_FY18,Viant,"PJNSHC_TJN_TJX_028_Data_VIANT INC_DSI_SV1_DSK_DIR_DSP_TRG_RON_BTG_CTG_DVY_PHASE 1_VIANT DIRECT MATCH RETAIL, COMPETITIVE CONQUESTING, DISPLAY_Fixed Placement_Behavioral_F25-54_300 x 250_Standard_NV_NA",204478655,9/24/2017,33871,1062,32809,0,32809,3253,29556,21415,8141,3253,2357,23772
TJN_TJX_TJMaxx 2H DIG_FY18,Viant,"PJNSGP_TJN_TJX_028_Data_VIANT INC_DSI_SV1_MWB_DIR_DSP_TRG_RON_BTG_CTG_DVY_PHASE 1_VIANT DIRECT MATCH RETAIL, TJX PORFOLIO LOYALISTS, DISPLAY_Fixed Placement_Behavioral_F25-54_300 x 50_Standard_NV_NA",204525579,9/17/2017,8560,51,8509,0,8509,2443,6066,4484,1582,2443,1806,6290
TJN_TJX_TJMaxx 2H DIG_FY18,Viant,"PJNSHB_TJN_TJX_028_Data_VIANT INC_DSI_SV1_MWB_DIR_DSP_TRG_RON_BTG_CTG_DVY_PHASE 1_VIANT DIRECT MATCH RETAIL, COMPETITIVE CONQUESTING, DISPLAY_Fixed Placement_Behavioral_F25-54_300 x 50_Standard_NV_NA",204478658,9/21/2017,22454,155,22299,0,22299,6381,15918,11905,4013,6381,4772,16677
TJN_TJX_TJMaxx 2H DIG_FY18,xAd Inc.,PJMTN3_TJN_TJX_028_Mobile_GROUND TRUTH FKA XAD_DST_SV1_MAP_DIR_DSP_TRG_RON_RTG_RTG_DVY_PHASE 1_LOCATION AUDIENCE COMPETITIVE CONQUESTING PLACEMENT - STANDARD BANNER - Maxx You Maxx Life_Run of Network_Retarget_F25-54_320 x 50_Click and View_NV_NA,204442933,10/20/2017,9511,72,9439,1975,7464,86,7378,5498,1880,2061,1536,7034
TJN_TJX_TJMaxx 2H DIG_FY18,Viant,"PJNSGS_TJN_TJX_028_Data_VIANT INC_DSI_SV1_MWB_DIR_DSP_TRG_RON_BTG_CTG_DVY_PHASE 1_VIANT DIRECT MATCH RETAIL, TJX PORFOLIO LOYALISTS, DISPLAY_Fixed Placement_Behavioral_F25-54_320 x 50_Standard_NV_NA",204524922,10/21/2017,21875,145,21730,1,21729,964,20765,15955,4810,965,741,16696
TJN_TJX_TJMaxx 2H DIG_FY18,Conversant Inc.,PJNPLY_TJN_TJX_028_Audience_CONVERSANT_DST_SV1_DSK_NET_DSP_TRG_RON_BTG_BTG_DVY_PHASE 1_ DESKTOP WIDE SKYSCRAPER - CJ CONVERTERS LAL MODELING_Run of Site_Behavioral_P18+_160 x 600_Standard_NV_NA,204443386,10/9/2017,13274,827,12447,0,12447,1810,10637,3980,6657,1810,677,4657
TJN_MAR_023_Marshalls 2H Digital_F18,NinthDecimal,PJPSRY_TJN_MAR_023_Mobile_NINTHDECIMAL_DST_SV1_MAP_DIR_RCH_TRG_RON_BTG_PXT_DVY_LOCATION GRAPH: LABOR DAY SALES SHOPPERS_Run of Network_Behavioral_F25-54_320 x 50_Click and View_NV_NA,204542876,9/21/2017,651,5,646,288,358,4,354,340,14,292,280,620
TJN_TJX_TJMaxx 2H DIG_FY18,Foursquare,"PJPSSY_TJN_TJX_028_Audience_FOURSQUARE LABS, INC_DST_SV1_MAP_PRO_RCH_TRG_RON_PXT_BTG_DVY_PHASE 1_MOBILE RICH MEDIA TRENDSETTERS - Find A TJ Maxx Store_Run of Network_Geo_F25-54_320 x 50_Standard_NV_NA",204527598,10/12/2017,31440,530,30910,14478,16432,1016,15416,8919,6497,15494,8964,17883
TJN_TJX_TJMaxx 2H DIG_FY18,Hulu,PK3F7G_TJN_TJX_027_Content_HULU_BAF_BS2_MAP_DIR_CUS_SPN_CHS_CTG_CTG_DVY_HULU ROS: PREMIUM SLATE - MOBILE IN APP_FEP_Contextual_F25-54_1920 x 1080_Standard_NV_NA,205634552,10/6/2017,4,0,4,4,0,0,0,0,0,4,3,3
TJN_TJX_TJMaxx 2H DIG_FY18,Viant,"PJNSGN_TJN_TJX_028_Data_VIANT INC_DSI_SV1_TWB_DIR_DSP_TRG_RON_BTG_CTG_DVY_PHASE 1_VIANT DIRECT MATCH RETAIL, TJX PORFOLIO LOYALISTS, DISPLAY_Fixed Placement_Behavioral_F25-54_300 x 250_Standard_NV_NA",204526347,10/11/2017,593,5,588,0,588,41,547,422,125,41,32,454
TJN_TJX_TJMaxx 2H DIG_FY18,Viant,"PK2V4S_TJN_TJX_028_Data_VIANT INC_DSI_SV1_TWB_DIR_RCH_TRG_INT_BTG_CTG_DVY_PHASE 1_VIANT IMP, W25-54 STRATEGIC SAVERS, CONTOBOX - Fall Homes_Fixed Placement_Behavioral_F25-54_300 x 250_Click and View_NV_NA",205687927,9/22/2017,1242,23,1219,4,1215,156,1059,235,824,160,36,271
TJN_TJX_TJMaxx 2H DIG_FY18,Viant,"PK2X7G_TJN_TJX_028_Data_VIANT INC_DSI_SV1_DSK_DIR_RCH_TRG_INT_BTG_CTG_DVY_PHASE 1_VIANT IMP, W25-54 STRATEGIC SAVERS, CONTOBOX - Honeycomb_Fixed Placement_Behavioral_F25-54_300 x 250_Click and View_NV_NA",205688467,10/6/2017,4168,57,4111,4,4107,643,3464,1966,1498,647,367,2333
TJN_TJX_TJMaxx 2H DIG_FY18,Hulu,PK3CRZ_TJN_TJX_027_Content_HULU_BAF_BS2_DSK_DIR_VID_SPN_CHS_CTG_CTG_DVY_FALL TV SPONSORSHIP: VIDEO COMMERCIAL - DESKTOP_FEP_Contextual_F25-54_1920 x 1080_Standard_NV_NA,205727706,10/20/2017,12870,222,12648,12648,0,0,0,0,0,12648,7529,7529
TJN_TJX_TJMaxx 2H DIG_FY18,Foursquare,"PJPRVH_TJN_TJX_028_Audience_FOURSQUARE LABS, INC_DST_SV1_MAP_PRO_DSP_TRG_RON_PXT_BTG_DVY_PHASE 1_PINPOINT COMPETITIVE CONQUESTING AV_Run of Network_Geo_F25-54_320 x 50_Standard_NV_NA",204478088,9/15/2017,3649,154,3495,2365,1130,61,1069,936,133,2426,2124,3060
TJN_MAR_023_Marshalls 2H Digital_F18,xAd Inc.,PJQ0Y6_TJN_MAR_023_Mobile_GROUND TRUTH FKA XAD_DST_SV1_MAP_DIR_DSP_TRG_RON_PXT_BTG_DVY_PROXIMITY LOYALTY - DYNAMIC DISTANCE_Run of Network_Geo_F25-54_320 x 50_Click and View_NV_NA,204556888,10/19/2017,53570,1231,52339,51045,1294,288,1006,915,91,51333,43441,44356
TJN_MAR_023_Marshalls 2H Digital_F18,xAd Inc.,PJQ0YP_TJN_MAR_023_Mobile_GROUND TRUTH FKA XAD_DST_SV1_MAP_DIR_DSP_TRG_RON_PXT_BTG_DVY_GEOBLOCKS LOYALTY - DYNAMIC DISTANCE_Run of Network_Geo_F25-54_300 x 250_Click and View_NV_NA,204537983,10/10/2017,8152,251,7901,7900,1,0,1,1,0,7900,7900,7901
TJN_TJX_TJMaxx 2H DIG_FY18,xAd Inc.,PJMTNR_TJN_TJX_028_Mobile_GROUND TRUTH FKA XAD_DST_SV1_MAP_DIR_RCH_TRG_RON_BTG_BTG_DVY_PHASE 1_BEHAVIORAL AUDIENCE STRATEGIC SAVERS PLACEMENT - RICH MEDIA STORE LOCATOR - Fall Handbag_Run of Network_Behavioral_F25-54_300 x 250_Click and View_NV_NA,204442108,9/12/2017,3,0,3,2,1,1,0,0,0,3,1,1
TJN_MAR_023_Marshalls 2H Digital_F18,xAd Inc.,PJQ0YC_TJN_MAR_023_Mobile_GROUND TRUTH FKA XAD_DST_SV1_MAP_DIR_DSP_TRG_RON_PXT_BTG_DVY_PROXIMITY CONQUESTING - DYNAMIC DISTANCE_Run of Network_Geo_F25-54_300 x 250_Click and View_NV_NA,204595923,9/20/2017,8073,211,7862,7862,0,0,0,0,0,7862,1429,1429
TJN_TJX_TJMaxx 2H DIG_FY18,Conversant Inc.,PJPWBX_TJN_TJX_028_Audience_CONVERSANT_DST_SV1_DSK_NET_DSP_TRG_RON_BTG_BTG_DVY_PHASE 1_ DESKTOP WIDE SKYSCRAPER - CJ INTERACTORS LAL MODELING_Run of Site_Behavioral_P18+_160 x 600_Standard_NV_NA,204442033,10/14/2017,17458,1299,16159,1,16158,2349,13809,5335,8474,2350,908,6243
TJN_TJX_TJMaxx 2H DIG_FY18,Foursquare,"PK0H7Z_TJN_TJX_028_Audience_FOURSQUARE LABS, INC_DST_SV1_MAP_PRO_RCH_TRG_RON_PXT_BTG_DVY_PHASE 1_MOBILE RICH MEDIA STRATEGIC SAVERS - Fall Honeycomb_Run of Network_Geo_F25-54_300 x 250_Standard_NV_NA",205341980,9/28/2017,3838,274,3564,990,2574,160,2414,516,1898,1150,246,762
TJN_TJX_TJMaxx 2H DIG_FY18,Viant,"PJNSHC_TJN_TJX_028_Data_VIANT INC_DSI_SV1_DSK_DIR_DSP_TRG_RON_BTG_CTG_DVY_PHASE 1_VIANT DIRECT MATCH RETAIL, COMPETITIVE CONQUESTING, DISPLAY_Fixed Placement_Behavioral_F25-54_300 x 250_Standard_NV_NA",204478655,9/22/2017,26367,2248,24119,0,24119,1867,22252,16435,5817,1867,1379,17814
TJN_TJX_TJMaxx 2H DIG_FY18,Foursquare,"PJPQL0_TJN_TJX_028_Audience_FOURSQUARE LABS, INC_DST_SV1_MAP_PRO_DSP_TRG_RON_PXT_BTG_DVY_PHASE 1_PINPOINT TRENDSETTERS_Run of Network_Geo_F25-54_320 x 50_Standard_NV_NA",204478094,10/11/2017,113895,3758,110137,57639,52498,2281,50217,40449,9768,59920,48265,88714
TJN_TJX_TJMaxx 2H DIG_FY18,Conversant Inc.,PJNPMK_TJN_TJC_031_Audience_CONVERSANT_PUR_ROI_DSK_NET_DSP_TRG_RON_BTG_BTG_DVY_DESKTOP LEADERBOARD- STRATEGIC SAVERS_Run of Site_Other_P18+_728 x 90_Standard_NV_NA,204447263,10/5/2017,9504,545,8959,0,8959,1398,7561,2719,4842,1398,503,3222
TJN_TJX_TJMaxx 2H DIG_FY18,Foursquare,"PJPSSV_TJN_TJX_028_Audience_FOURSQUARE LABS, INC_DST_SV1_MAP_PRO_RCH_TRG_RON_PXT_BTG_DVY_PHASE 1_MOBILE RICH MEDIA STRATEGIC SAVERS - Fall Handbag_Run of Network_Geo_F25-54_300 x 250_Standard_NV_NA",204525360,10/4/2017,11154,542,10612,2217,8395,586,7809,1776,6033,2803,637,2413
TJN_TJX_TJMaxx 2H DIG_FY18,Conversant Inc.,PJNPLW_TJN_TJX_028_Audience_CONVERSANT_DST_SV1_DSK_NET_DSP_TRG_RON_BTG_BTG_DVY_PHASE 1_ DESKTOP MEDIUM RECTANGLE - CJ CONVERTERS LAL MODELING_Run of Site_Behavioral_P18+_300 x 250_Standard_NV_NA,204442024,10/9/2017,68961,4370,64591,0,64591,5956,58635,29298,29337,5956,2976,32274
TJN_TJX_TJMaxx 2H DIG_FY18,Foursquare,"PJPRVC_TJN_TJX_028_Audience_FOURSQUARE LABS, INC_DST_SV1_MAP_PRO_DSP_TRG_RON_PXT_BTG_DVY_PHASE 1_PINPOINT TRENDSETTERS AV_Run of Network_Geo_F25-54_320 x 50_Standard_NV_NA",204527421,9/29/2017,2241,38,2203,768,1435,56,1379,1055,324,824,630,1685
TJN_MAR_023_Marshalls 2H Digital_F18,xAd Inc.,PJQ0YB_TJN_MAR_023_Mobile_GROUND TRUTH FKA XAD_DST_SV1_MAP_DIR_DSP_TRG_RON_PXT_BTG_DVY_PROXIMITY CONQUESTING - DYNAMIC DISTANCE_Run of Network_Geo_F25-54_320 x 50_Click and View_NV_NA,204541799,9/30/2017,38480,854,37626,33994,3632,427,3205,2308,897,34421,22813,25121
TJN_TJX_TJMaxx 2H DIG_FY18,Viant,"PK2X7C_TJN_TJX_028_Data_VIANT INC_DSI_SV1_TWB_DIR_RCH_TRG_INT_BTG_CTG_DVY_PHASE 1_VIANT IMP, W25-54 STRATEGIC SAVERS, CONTOBOX - Honeycomb_Fixed Placement_Behavioral_F25-54_160 x 600_Click and View_NV_NA",205685992,9/22/2017,120,6,114,3,111,10,101,16,85,13,2,18
TJN_TJX_TJMaxx 2H DIG_FY18,NBC Universal Media,PK2LF3_TJN_TJX_028_Content_NBCUNI.COM_BAF_BS2_DSK_DIR_DSP_SPN_HPT_CTG_CTG_DCM_100% SOV NBC HOMEPAGE ROADBLOCK 9/26 - 300X250 DESKTOP_HP Takeover_Contextual_F25-54_300 x 250_Standard_NV_NA,205613773,9/25/2017,5,3,2,0,2,0,2,2,0,0,0,2
TJN_TJX_TJMaxx 2H DIG_FY18,Foursquare,"PJMQ2K_TJN_TJX_028_Audience_FOURSQUARE LABS, INC_DST_SV1_MAP_PRO_DSP_TRG_RON_PXT_BTG_DVY_PHASE 1_PINPOINT STRATEGIC SAVERS_Run of Network_Geo_F25-54_320 x 50_Standard_NV_NA",204483454,9/29/2017,74189,3735,70454,33338,37116,1531,35585,28329,7256,34869,27759,56088
TJN_MAR_023_Marshalls 2H Digital_F18,Bustle,PKGB5V_TJN_MAR_023_Content_BUSTLE_Custom Content Roadblock Custom Shot Feature 3 - Panoramic_Roadblock_Contextual_F25-54_1 x 1_Click and View_NV_NA,206751418,10/16/2017,10876,182,10694,4,10690,10012,678,438,240,10016,6471,6909
TJN_TJX_TJMaxx 2H DIG_FY18,xAd Inc.,PJPXK1_TJN_TJX_028_Mobile_GROUND TRUTH FKA XAD_DST_SV1_MAP_DIR_DSP_TRG_RON_PXT_PXT_DVY_PHASE 1_PROXIMITY LOYALTY PLACEMENT - STANDARD BANNER - TJMaxx_Run of Network_Geo_F25-54_320 x 50_Click and View_NV_NA,204483996,10/12/2017,12301,387,11914,1214,10700,121,10579,6714,3865,1335,847,7561
TJN_MAR_023_Marshalls 2H Digital_F18,xAd Inc.,PJQ0YF_TJN_MAR_023_Mobile_GROUND TRUTH FKA XAD_DST_SV1_MAP_DIR_RCH_TRG_RON_WEA_PXT_DVY_PROXIMITY CONQUESTING - WEATHER LOCATOR UNIT_Run of Network_Weather_F25-54_300 x 250_Click and View_NV_NA,204596913,9/15/2017,961,32,929,504,425,49,376,360,16,553,529,889
TJN_TJX_TJMaxx 2H DIG_FY18,Conversant Inc.,PJPTLH_TJN_TJC_031_Audience_CONVERSANT_PUR_ROI_TAP_NET_DSP_TRG_RON_BTG_BTG_DVY_TABLET LEADERBOARD- TRENDSETTERS_Run of Site_Other_P18+_728 x 90_Standard_NV_NA,204447779,9/29/2017,1,0,1,0,1,0,1,0,1,0,0,0
TJN_TJX_TJMaxx 2H DIG_FY18,Conversant Inc.,PJPTMP_TJN_TJC_031_Audience_CONVERSANT_PUR_ROI_DSK_NET_DSP_TRG_RON_BTG_BTG_DVY_DESKTOP LEADERBOARD- COMPETITIVE CONQUESTING_Run of Site_Other_P18+_728 x 90_Standard_NV_NA,204443389,10/12/2017,15863,1464,14399,1,14398,1490,12908,10018,2890,1491,1157,11175
TJN_MAR_023_Marshalls 2H Digital_F18,xAd Inc.,PJQ0YJ_TJN_MAR_023_Mobile_GROUND TRUTH FKA XAD_DST_SV1_MAP_DIR_DSP_TRG_RON_BTG_PXT_DVY_MARSHALLS SHOPPERS - DYNAMIC DISTANCE_Run of Network_Geo_F25-54_320 x 50_Click and View_NV_NA,204595911,9/20/2017,10364,233,10131,4618,5513,994,4519,3535,984,5612,3913,7448
TJN_TJX_TJMaxx 2H DIG_FY18,Foursquare,"PJPRVG_TJN_TJX_028_Audience_FOURSQUARE LABS, INC_DST_SV1_MAP_PRO_DSP_TRG_RON_PXT_BTG_DVY_PHASE 1_PINPOINT COMPETITIVE CONQUESTING AV_Run of Network_Geo_F25-54_300 x 250_Standard_NV_NA",204527412,10/20/2017,69,1,68,46,22,2,20,18,2,48,43,61
TJN_TJX_TJMaxx 2H DIG_FY18,xAd Inc.,PJYDBQ_TJN_TJX_028_Mobile_GROUND TRUTH FKA XAD_DST_SV1_MAP_DIR_RCH_TRG_RON_BTG_BTG_DVY_PHASE 1_BEHAVIORAL AUDIENCE TRENDSETTERS PLACEMENT - RICH MEDIA STORE LOCATOR - Fall Hero_Run of Network_Behavioral_F25-54_300 x 250_Click and View_NV_NA,205145231,9/29/2017,3383,53,3330,26,3304,16,3288,3115,173,42,40,3155
TJN_TJX_TJMaxx 2H DIG_FY18,Viant,"PK2V4W_TJN_TJX_028_Data_VIANT INC_DSI_SV1_DSK_DIR_RCH_TRG_INT_BTG_CTG_DVY_PHASE 1_VIANT IMP, W25-54 STRATEGIC SAVERS, CONTOBOX - Fall Homes_Fixed Placement_Behavioral_F25-54_728 x 90_Click and View_NV_NA",205687309,10/21/2017,14,4,10,7,3,0,3,3,0,7,7,10
TJN_MAR_023_Marshalls 2H Digital_F18,xAd Inc.,PJQ0YR_TJN_MAR_023_Mobile_GROUND TRUTH FKA XAD_DST_SV1_MAP_DIR_DSP_TRG_RON_PXT_BTG_DVY_GEOBLOCKS CONQUESTING - DYNAMIC DISTANCE_Run of Network_Geo_F25-54_300 x 250_Click and View_NV_NA,204555244,9/27/2017,5685,300,5385,5366,19,0,19,3,16,5366,847,850
TJN_TJX_TJMaxx 2H DIG_FY18,Viant,PJPXKV_TJN_TJX_028_Data_VIANT INC_DSI_SV1_DSK_DIR_DSP_TRG_RON_BTG_CTG_DVY_PHASE 1_DESKTOP DISPLAY VIANT IMP TARGETING - STRATEGIC SAVERS AV_Fixed Placement_Demo_F25-54_728 x 90_Standard_NV_NA,204526986,9/26/2017,7674,825,6849,2,6847,502,6345,2210,4135,504,176,2386
TJN_TJX_TJMaxx 2H DIG_FY18,Viant,"PK2X7H_TJN_TJX_028_Data_VIANT INC_DSI_SV1_MWB_DIR_RCH_TRG_INT_BTG_CTG_DVY_PHASE 1_VIANT IMP, W25-54 STRATEGIC SAVERS, CONTOBOX - Honeycomb_Fixed Placement_Behavioral_F25-54_320 x 50_Click and View_NV_NA",205725975,10/13/2017,46,4,42,3,39,1,38,23,15,4,2,25
TJN_TJX_TJMaxx 2H DIG_FY18,NBC Universal Media,PK2KJK_TJN_TJX_028_Content_NBCUNI.COM_BAF_BS2_DSK_DIR_VID_SPN_ROS_BTG_CTG_MOA_THIS IS US SPONSORSHIP: DESKTOP - VIGNETTE 2_Run of Site_Behavioral_F25-54_1920 x 1080_Click and View_NV_NA,205568882,10/7/2017,44055,777,43278,43278,0,0,0,0,0,43278,29884,29884
TJN_TJX_TJMaxx 2H DIG_FY18,xAd Inc.,PJPXJX_TJN_TJX_028_Mobile_GROUND TRUTH FKA XAD_DST_SV1_MAP_DIR_DSP_TRG_RON_BTG_BTG_DVY_PHASE 1_BEHAVIORAL AUDIENCE STRATEGIC SAVERS PLACEMENT - STANDARD BANNER - TJMaxx_Run of Network_Behavioral_F25-54_320 x 50_Click and View_NV_NA,204447848,9/6/2017,55130,811,54319,31366,22953,7675,15278,14443,835,39041,33961,48404
TJN_MAR_023_Marshalls 2H Digital_F18,NinthDecimal,"PJPSS1_TJN_MAR_023_Mobile_NINTHDECIMAL_DST_SV1_MAP_DIR_RCH_TRG_RON_BTG_DMA_DVY_TV TARGETING: PEOPLE WHO WATCH BRAVO, TLC, HGTV, A&E, LIFETIME, DISCOVERY_Run of Network_Behavioral_F25-54_320 x 50_Click and View_NV_NA",204541508,9/6/2017,11877,207,11670,4261,7409,78,7331,7098,233,4339,4201,11299
TJN_TJX_TJMaxx 2H DIG_FY18,xAd Inc.,PJMTNQ_TJN_TJX_028_Mobile_GROUND TRUTH FKA XAD_DST_SV1_MAP_DIR_RCH_TRG_RON_BTG_BTG_DVY_PHASE 1_BEHAVIORAL AUDIENCE STRATEGIC SAVERS PLACEMENT - RICH MEDIA STORE LOCATOR - TJ Maxx_Run of Network_Behavioral_F25-54_320 x 50_Click and View_NV_NA,204447845,9/6/2017,47714,312,47402,33837,13565,395,13170,13096,74,34232,34040,47136
TJN_TJX_TJMaxx 2H DIG_FY18,Conversant Inc.,PJPWP9_TJN_TJX_028_Audience_CONVERSANT_DST_SV1_DSK_NET_DSP_TRG_RON_BTG_BTG_DVY_PHASE 1_ DESKTOP MEDIUM RECTANGLE - CONVERSANT SHOPPERS AV_Run of Site_Behavioral_P18+_300 x 250_Standard_NV_NA,204483957,9/18/2017,1259,115,1144,0,1144,200,944,349,595,200,74,423
TJN_TJX_TJMaxx 2H DIG_FY18,xAd Inc.,PKF46H_TJN_TJX_028_Mobile_GROUND TRUTH FKA XAD_DST_SV1_MAP_DIR_DSP_TRG_RON_PXT_PXT_DVY_PHASE 1_PROXIMITY LOYALTY PLACEMENT - STANDARD BANNER - Sweaters_Run of Network_Geo_F25-54_300 x 250_Click and View_NV_NA,206772605,10/18/2017,3282,46,3236,3233,3,0,3,3,0,3233,3233,3236
TJN_TJX_TJMaxx 2H DIG_FY18,Conversant Inc.,PJPTLQ_TJN_TJC_031_Audience_CONVERSANT_PUR_ROI_DSK_NET_DSP_TRG_RON_BTG_BTG_DVY_DESKTOP MEDIUM RECTANGLE- TRENDSETTERS_Run of Site_Other_P18+_300 x 250_Standard_NV_NA,204446138,10/12/2017,27278,2003,25275,5,25270,3136,22134,14109,8025,3141,2002,16111
TJN_TJX_TJMaxx 2H DIG_FY18,Viant,"PJNSHB_TJN_TJX_028_Data_VIANT INC_DSI_SV1_MWB_DIR_DSP_TRG_RON_BTG_CTG_DVY_PHASE 1_VIANT DIRECT MATCH RETAIL, COMPETITIVE CONQUESTING, DISPLAY_Fixed Placement_Behavioral_F25-54_300 x 50_Standard_NV_NA",204478658,10/11/2017,15,1,14,0,14,7,7,6,1,7,6,12
TJN_TJX_TJMaxx 2H DIG_FY18,Foursquare,"PJMQ2D_TJN_TJX_028_Audience_FOURSQUARE LABS, INC_DST_SV1_MAP_PRO_DSP_TRG_RON_PXT_BTG_DVY_PHASE 1_PINPOINT STRATEGIC SAVERS_Run of Network_Geo_F25-54_300 x 250_Standard_NV_NA",204483457,9/25/2017,20225,2376,17849,5043,12806,708,12098,4329,7769,5751,2058,6387
TJN_TJX_TJMaxx 2H DIG_FY18,PlaceIQ,PK18VC_TJN_TJX_028_Mobile_PLACEIQ INC_DST_SV1_MAP_DIR_RCH_TRG_RON_BTG_PXT_DVY_PHASE 1_RICH MEDIA_TJX PORTFOLIO LOYALISTS_Run of Network_Behavioral_F25-54_320 x 50_Click and View_NV_NA,205568912,9/27/2017,20821,1129,19692,8089,11603,440,11163,11049,114,8529,8442,19491
TJN_TJX_TJMaxx 2H DIG_FY18,Viant,"PJNSGW_TJN_TJX_028_Data_VIANT INC_DSI_SV1_DSK_DIR_DSP_TRG_RON_BTG_CTG_DVY_PHASE 1_VIANT DIRECT MATCH RETAIL, TJX PORFOLIO LOYALISTS, DISPLAY_Fixed Placement_Behavioral_F25-54_300 x 250_Standard_NV_NA",204478514,9/28/2017,12,0,12,0,12,3,9,5,4,3,2,7
TJN_TJX_TJMaxx 2H DIG_FY18,Viant,"PJNSGM_TJN_TJX_028_Data_VIANT INC_DSI_SV1_TWB_DIR_DSP_TRG_RON_BTG_CTG_DVY_PHASE 1_VIANT DIRECT MATCH RETAIL, TJX PORFOLIO LOYALISTS, DISPLAY_Fixed Placement_Behavioral_F25-54_728 x 90_Standard_NV_NA",204526722,9/27/2017,73,1,72,0,72,8,64,33,31,8,4,37
TJN_TJX_TJMaxx 2H DIG_FY18,Conversant Inc.,PJNPLW_TJN_TJX_028_Audience_CONVERSANT_DST_SV1_DSK_NET_DSP_TRG_RON_BTG_BTG_DVY_PHASE 1_ DESKTOP MEDIUM RECTANGLE - CJ CONVERTERS LAL MODELING_Run of Site_Behavioral_P18+_300 x 250_Standard_NV_NA,204442024,10/19/2017,21,0,21,0,21,3,18,8,10,3,1,9
TJN_TJX_TJMaxx 2H DIG_FY18,Viant,"PK2X7C_TJN_TJX_028_Data_VIANT INC_DSI_SV1_TWB_DIR_RCH_TRG_INT_BTG_CTG_DVY_PHASE 1_VIANT IMP, W25-54 STRATEGIC SAVERS, CONTOBOX - Honeycomb_Fixed Placement_Behavioral_F25-54_160 x 600_Click and View_NV_NA",205685992,9/24/2017,189,8,181,0,181,20,161,22,139,20,3,25
TJN_TJX_TJMaxx 2H DIG_FY18,Viant,"PJNSHD_TJN_TJX_028_Data_VIANT INC_DSI_SV1_DSK_DIR_DSP_TRG_RON_BTG_CTG_DVY_PHASE 1_VIANT DIRECT MATCH RETAIL, COMPETITIVE CONQUESTING, DISPLAY_Fixed Placement_Behavioral_F25-54_160 x 600_Standard_NV_NA",204477281,9/14/2017,184,3,181,0,181,9,172,90,82,9,5,95
TJN_TJX_TJMaxx 2H DIG_FY18,Viant,"PJNSHB_TJN_TJX_028_Data_VIANT INC_DSI_SV1_MWB_DIR_DSP_TRG_RON_BTG_CTG_DVY_PHASE 1_VIANT DIRECT MATCH RETAIL, COMPETITIVE CONQUESTING, DISPLAY_Fixed Placement_Behavioral_F25-54_300 x 50_Standard_NV_NA",204478658,10/6/2017,17,0,17,0,17,8,9,8,1,8,7,15
TJN_TJX_TJMaxx 2H DIG_FY18,xAd Inc.,PJMTN1_TJN_TJX_028_Mobile_GROUND TRUTH FKA XAD_DST_SV1_MAP_DIR_DSP_TRG_RON_DMA_DMA_DVY_PHASE 1_ADDED VALUE DMA TARGETING STANDALONE: STANDARD BANNER - Maxx You Maxx Life_Run of Network_Geo_F25-54_320 x 50_Click and View_NV_NA,204443461,9/12/2017,27997,1010,26987,2830,24157,353,23804,21418,2386,3183,2864,24282
TJN_TJX_TJMaxx 2H DIG_FY18,Conversant Inc.,PJNPLV_TJN_TJX_028_Audience_CONVERSANT_DST_SV1_DSK_NET_DSP_TRG_RON_BTG_BTG_DVY_PHASE 1_ DESKTOP LEADERBOARD - CJ CONVERTERS LAL MODELING_Run of Site_Behavioral_P18+_728 x 90_Standard_NV_NA,204483933,10/4/2017,13555,924,12631,0,12631,2060,10571,4643,5928,2060,905,5548
TJN_TJX_TJMaxx 2H DIG_FY18,Foursquare,"PJYHWD_TJN_TJX_028_Audience_FOURSQUARE LABS, INC_DST_SV1_MAP_PRO_DSP_TRG_RON_PXT_BTG_DVY_PHASE 1_PINPOINT COMPETITIVE CONQUESTING_Run of Network_Geo_F25-54_300 x 250_Standard_NV_NA",205235284,9/20/2017,7548,858,6690,2729,3961,295,3666,1588,2078,3024,1310,2898
TJN_MAR_023_Marshalls 2H Digital_F18,xAd Inc.,PJQ0Y6_TJN_MAR_023_Mobile_GROUND TRUTH FKA XAD_DST_SV1_MAP_DIR_DSP_TRG_RON_PXT_BTG_DVY_PROXIMITY LOYALTY - DYNAMIC DISTANCE_Run of Network_Geo_F25-54_320 x 50_Click and View_NV_NA,204556888,10/9/2017,50714,812,49902,41359,8543,465,8078,7346,732,41824,35668,43014
TJN_TJX_TJMaxx 2H DIG_FY18,xAd Inc.,PJMTNB_TJN_TJX_028_Mobile_GROUND TRUTH FKA XAD_DST_SV1_MAP_DIR_DSP_TRG_RON_BTG_BTG_DVY_PHASE 1_BEHAVIORAL AUDIENCE TRENDSETTERS PLACEMENT - STANDARD BANNER - Fall Handbag_Run of Network_Behavioral_F25-54_300 x 250_Click and View_NV_NA,204447833,10/15/2017,9079,192,8887,8727,160,1,159,135,24,8728,7411,7546
TJN_TJX_TJMaxx 2H DIG_FY18,Viant,"PJNSHD_TJN_TJX_028_Data_VIANT INC_DSI_SV1_DSK_DIR_DSP_TRG_RON_BTG_CTG_DVY_PHASE 1_VIANT DIRECT MATCH RETAIL, COMPETITIVE CONQUESTING, DISPLAY_Fixed Placement_Behavioral_F25-54_160 x 600_Standard_NV_NA",204477281,10/14/2017,2706,106,2600,0,2600,199,2401,1662,739,199,138,1800
TJN_TJX_TJMaxx 2H DIG_FY18,xAd Inc.,PKF44R_TJN_TJX_028_Mobile_GROUND TRUTH FKA XAD_DST_SV1_MAP_DIR_RCH_TRG_RON_BTG_BTG_DVY_PHASE 1_BEHAVIORAL AUDIENCE STRATEGIC SAVERS PLACEMENT - RICH MEDIA STORE LOCATOR - Find A Store V1_Run of Network_Behavioral_F25-54_320 x 50_Click and View_NV_NA,206772029,10/17/2017,7351,96,7255,2797,4458,116,4342,3609,733,2913,2421,6030
TJN_TJX_TJMaxx 2H DIG_FY18,Viant,"PJNSGN_TJN_TJX_028_Data_VIANT INC_DSI_SV1_TWB_DIR_DSP_TRG_RON_BTG_CTG_DVY_PHASE 1_VIANT DIRECT MATCH RETAIL, TJX PORFOLIO LOYALISTS, DISPLAY_Fixed Placement_Behavioral_F25-54_300 x 250_Standard_NV_NA",204526347,9/21/2017,1606,12,1594,0,1594,135,1459,940,519,135,87,1027
TJN_TJX_TJMaxx 2H DIG_FY18,Viant,"PJNSGV_TJN_TJX_028_Data_VIANT INC_DSI_SV1_DSK_DIR_DSP_TRG_RON_BTG_CTG_DVY_PHASE 1_VIANT DIRECT MATCH RETAIL, TJX PORFOLIO LOYALISTS, DISPLAY_Fixed Placement_Behavioral_F25-54_728 x 90_Standard_NV_NA",204478511,10/17/2017,24961,1136,23825,0,23825,512,23313,17885,5428,512,393,18278
TJN_MAR_023_Marshalls 2H Digital_F18,Spotify USA Inc.,PK0HLF_TJN_MAR_023_Audience_SPOTIFY USA INC_DST_SV2_MAP_DIR_DSP_TRG_CMP_DMA_PXT_DVY_MOBILE AUDIO COMPANION BANNER 640X640_Run of Site_Geo_F25-54_640 x 640_Click and View_NV_NA,205566308,10/7/2017,153641,1491,152150,152150,0,0,0,0,0,152150,135835,135835
TJN_MAR_023_Marshalls 2H Digital_F18,xAd Inc.,PJQ0Y9_TJN_MAR_023_Mobile_GROUND TRUTH FKA XAD_DST_SV1_MAP_DIR_RCH_TRG_RON_WEA_PXT_DVY_PROXIMITY LOYALTY - WEATHER LOCATOR UNIT_Run of Network_Weather_F25-54_300 x 250_Click and View_NV_NA,204541757,10/18/2017,98176,1027,97149,11698,85451,436,85015,81674,3341,12134,11657,93331
TJN_MAR_023_Marshalls 2H Digital_F18,Bustle,PK5G42_TJN_MAR_023_Content_BUSTLE_Custom Content Roadblock Standard Feature 1 - 300x250_Roadblock_Contextual_F25-54_300 x 250_Click and View_NV_NA,206309158,10/13/2017,7010,108,6902,8,6894,43,6851,1279,5572,51,10,1289
TJN_TJX_TJMaxx 2H DIG_FY18,xAd Inc.,PKF446_TJN_TJX_028_Mobile_GROUND TRUTH FKA XAD_DST_SV1_MAP_DIR_RCH_TRG_RON_BTG_BTG_DVY_PHASE 1_BEHAVIORAL AUDIENCE STRATEGIC SAVERS PLACEMENT - RICH MEDIA STORE LOCATOR - Sweaters_Run of Network_Behavioral_F25-54_300 x 250_Click and View_NV_NA,206772560,10/21/2017,2350,30,2320,949,1371,44,1327,622,705,993,465,1087
TJN_TJX_TJMaxx 2H DIG_FY18,Foursquare,"PJPQL0_TJN_TJX_028_Audience_FOURSQUARE LABS, INC_DST_SV1_MAP_PRO_DSP_TRG_RON_PXT_BTG_DVY_PHASE 1_PINPOINT TRENDSETTERS_Run of Network_Geo_F25-54_320 x 50_Standard_NV_NA",204478094,9/21/2017,194742,9281,185461,106403,79058,2870,76188,60167,16021,109273,86295,146462
TJN_TJX_TJMaxx 2H DIG_FY18,Conversant Inc.,PJNPLY_TJN_TJX_028_Audience_CONVERSANT_DST_SV1_DSK_NET_DSP_TRG_RON_BTG_BTG_DVY_PHASE 1_ DESKTOP WIDE SKYSCRAPER - CJ CONVERTERS LAL MODELING_Run of Site_Behavioral_P18+_160 x 600_Standard_NV_NA,204443386,10/19/2017,6,1,5,0,5,2,3,2,1,2,1,3
TJN_TJX_TJMaxx 2H DIG_FY18,xAd Inc.,PJMTN9_TJN_TJX_028_Mobile_GROUND TRUTH FKA XAD_DST_SV1_MAP_DIR_DSP_TRG_RON_BTG_BTG_DVY_PHASE 1_BEHAVIORAL AUDIENCE STRATEGIC SAVERS PLACEMENT - STANDARD BANNER - Fall Handbag_Run of Network_Behavioral_F25-54_300 x 250_Click and View_NV_NA,204447293,10/18/2017,7928,167,7761,7761,0,0,0,0,0,7761,6196,6196
TJN_TJX_TJMaxx 2H DIG_FY18,xAd Inc.,PKF42P_TJN_TJX_028_Mobile_GROUND TRUTH FKA XAD_DST_SV1_MAP_DIR_RCH_TRG_RON_BTG_BTG_DVY_PHASE 1_BEHAVIORAL AUDIENCE STRATEGIC SAVERS PLACEMENT - RICH MEDIA STORE LOCATOR - Dresses_Run of Network_Behavioral_F25-54_300 x 250_Click and View_NV_NA,206812651,10/16/2017,1551,18,1533,879,654,35,619,299,320,914,441,740
TJN_TJX_TJMaxx 2H DIG_FY18,xAd Inc.,PJMTMR_TJN_TJX_028_Mobile_GROUND TRUTH FKA XAD_DST_SV1_MAP_DIR_RCH_TRG_RON_PXT_PXT_DVY_PHASE 1_PROXIMITY LOYALTY PLACEMENT - RICH MEDIA STORE LOCATOR - Fall Handbag_Run of Network_Geo_F25-54_300 x 250_Click and View_NV_NA,204442093,9/22/2017,38007,727,37280,21290,15990,250,15740,14702,1038,21540,20120,34822
TJN_TJX_TJMaxx 2H DIG_FY18,xAd Inc.,PJMTNF_TJN_TJX_028_Mobile_GROUND TRUTH FKA XAD_DST_SV1_MAP_DIR_DSP_TRG_RON_PXT_PXT_DVY_PHASE 1_PROXIMITY LOYALTY PLACEMENT - STANDARD BANNER - Fall Handbag_Run of Network_Geo_F25-54_300 x 250_Click and View_NV_NA,204446159,10/20/2017,8825,213,8612,8608,4,0,4,2,2,8608,4304,4306
TJN_MAR_023_Marshalls 2H Digital_F18,Bustle,PKGB7T_TJN_MAR_023_Content_BUSTLE_Custom Content Roadblock Custom Shot Feature 1 - 300x250_Roadblock_Contextual_F25-54_300 x 250_Click and View_NV_NA,206751412,10/13/2017,6784,122,6662,8,6654,6076,578,440,138,6084,4631,5071
TJN_TJX_TJMaxx 2H DIG_FY18,Conversant Inc.,PJPTMM_TJN_TJC_031_Audience_CONVERSANT_PUR_ROI_MAP_NET_DSP_TRG_RON_BTG_BTG_DVY_SMARTPHONE SMALL BANNER - COMPETITIVE CONQUESTING_Run of Site_Other_P18+_320 x 50_Standard_NV_NA,204483939,10/19/2017,2546,33,2513,1,2512,505,2007,902,1105,506,227,1129
TJN_TJX_TJMaxx 2H DIG_FY18,Conversant Inc.,PJPWBY_TJN_TJX_028_Audience_CONVERSANT_DST_SV1_MAP_NET_DSP_TRG_RON_BTG_BTG_DVY_PHASE 1_ SMARTPHONE SMALL BANNER  - CJ INTERACTORS LAL MODELING_Run of Site_Behavioral_P18+_320 x 50_Standard_NV_NA,204442030,10/6/2017,17924,246,17678,26,17652,2648,15004,9011,5993,2674,1606,10617
TJN_MAR_023_Marshalls 2H Digital_F18,NinthDecimal,PJPSRZ_TJN_MAR_023_Mobile_NINTHDECIMAL_DST_SV1_MAP_DIR_RCH_TRG_RON_BTG_DMA_DVY_CONSUMER JOURNEY: BARGAIN HUNTERS_Run of Network_Behavioral_F25-54_320 x 50_Click and View_NV_NA,204542873,10/16/2017,36182,547,35635,11044,24591,135,24456,23658,798,11179,10814,34472
TJN_TJX_TJMaxx 2H DIG_FY18,Viant,"PJNSGR_TJN_TJX_028_Data_VIANT INC_DSI_SV1_TWB_DIR_DSP_TRG_RON_BTG_CTG_DVY_PHASE 1_VIANT DIRECT MATCH RETAIL, TJX PORFOLIO LOYALISTS, DISPLAY_Fixed Placement_Behavioral_F25-54_160 x 600_Standard_NV_NA",204478520,10/7/2017,316,5,311,0,311,40,271,31,240,40,5,36
TJN_MAR_023_Marshalls 2H Digital_F18,NinthDecimal,PJPSRV_TJN_MAR_023_Mobile_NINTHDECIMAL_DST_SV1_MAP_DIR_RCH_TRG_RON_BTG_PXT_DVY_LOCATION GRAPH: MARSHALLS LOYALISTS_Run of Network_Behavioral_F25-54_320 x 50_Click and View_NV_NA,204555232,10/16/2017,62306,1177,61129,19571,41558,223,41335,40014,1321,19794,19161,59175
TJN_TJX_TJMaxx 2H DIG_FY18,xAd Inc.,PJPXJY_TJN_TJX_028_Mobile_GROUND TRUTH FKA XAD_DST_SV1_MAP_DIR_DSP_TRG_RON_BTG_BTG_DVY_PHASE 1_BEHAVIORAL AUDIENCE STRATEGIC SAVERS PLACEMENT - STANDARD BANNER - Fall Hero_Run of Network_Behavioral_F25-54_300 x 250_Click and View_NV_NA,204484017,10/7/2017,3407,78,3329,2463,866,7,859,790,69,2470,2270,3060
TJN_TJX_TJMaxx 2H DIG_FY18,Viant,"PJSPBT_TJN_TJC_031_Data_VIANT INC_PUR_ROI_MWB_DIR_DSP_TRG_RON_BTG_MKT_DVY_DETERMINSTIC LAL OF ECOM CONVERTERS, CROSS DEVICE DISPLAY_Fixed Placement_Behavioral_F25-54_300 x 250_Click_NV_NA",204732642,10/10/2017,824,15,809,0,809,103,706,415,291,103,61,476
TJN_TJX_TJMaxx 2H DIG_FY18,Hulu,PK3DG4_TJN_TJX_027_Content_HULU_BAF_BS2_DSK_DIR_VID_SPN_CHS_CTG_CTG_DVY_FALL TV SPONSORSHIP: MASTHEAD BRAND - MOBILE IN APP_FEP_Contextual_F25-54_1 x 1_Standard_NV_NA,205725858,9/28/2017,2,0,2,2,0,0,0,0,0,2,2,2
TJN_TJX_TJMaxx 2H DIG_FY18,Foursquare,"PJMQ2K_TJN_TJX_028_Audience_FOURSQUARE LABS, INC_DST_SV1_MAP_PRO_DSP_TRG_RON_PXT_BTG_DVY_PHASE 1_PINPOINT STRATEGIC SAVERS_Run of Network_Geo_F25-54_320 x 50_Standard_NV_NA",204483454,9/10/2017,64285,5946,58339,26475,31864,1983,29881,17389,12492,28458,16561,33950
TJN_TJX_TJMaxx 2H DIG_FY18,Viant,PJPXKV_TJN_TJX_028_Data_VIANT INC_DSI_SV1_DSK_DIR_DSP_TRG_RON_BTG_CTG_DVY_PHASE 1_DESKTOP DISPLAY VIANT IMP TARGETING - STRATEGIC SAVERS AV_Fixed Placement_Demo_F25-54_728 x 90_Standard_NV_NA,204526986,10/9/2017,250,105,145,1,144,16,128,69,59,17,9,78
TJN_TJX_TJMaxx 2H DIG_FY18,Viant,"PJNSGS_TJN_TJX_028_Data_VIANT INC_DSI_SV1_MWB_DIR_DSP_TRG_RON_BTG_CTG_DVY_PHASE 1_VIANT DIRECT MATCH RETAIL, TJX PORFOLIO LOYALISTS, DISPLAY_Fixed Placement_Behavioral_F25-54_320 x 50_Standard_NV_NA",204524922,10/4/2017,21082,217,20865,1,20864,1357,19507,15300,4207,1358,1065,16365
TJN_TJX_TJMaxx 2H DIG_FY18,Viant,"PJNSGW_TJN_TJX_028_Data_VIANT INC_DSI_SV1_DSK_DIR_DSP_TRG_RON_BTG_CTG_DVY_PHASE 1_VIANT DIRECT MATCH RETAIL, TJX PORFOLIO LOYALISTS, DISPLAY_Fixed Placement_Behavioral_F25-54_300 x 250_Standard_NV_NA",204478514,10/14/2017,9228,45,9183,0,9183,163,9020,6664,2356,163,120,6784
TJN_TJX_TJMaxx 2H DIG_FY18,Foursquare,"PJPRQJ_TJN_TJX_028_Audience_FOURSQUARE LABS, INC_DST_SV1_MAP_PRO_DSP_TRG_RON_PXT_BTG_DVY_PHASE 1_PINPOINT STRATEGIC SAVERS AV_Run of Network_Geo_F25-54_320 x 50_Standard_NV_NA",204525369,10/2/2017,135,4,131,14,117,4,113,94,19,18,15,109
TJN_MAR_023_Marshalls 2H Digital_F18,xAd Inc.,PJQ0Y7_TJN_MAR_023_Mobile_GROUND TRUTH FKA XAD_DST_SV1_MAP_DIR_DSP_TRG_RON_PXT_BTG_DVY_PROXIMITY LOYALTY - DYNAMIC DISTANCE_Run of Network_Geo_F25-54_300 x 250_Click and View_NV_NA,204541754,9/30/2017,41287,1509,39778,39756,22,4,18,2,16,39760,4427,4429
TJN_TJX_TJMaxx 2H DIG_FY18,xAd Inc.,PJYDBR_TJN_TJX_028_Mobile_GROUND TRUTH FKA XAD_DST_SV1_MAP_DIR_RCH_TRG_RON_BTG_BTG_DVY_PHASE 1_BEHAVIORAL AUDIENCE TRENDSETTERS PLACEMENT - RICH MEDIA STORE LOCATOR - Maxx You Maxx Life_Run of Network_Behavioral_F25-54_320 x 50_Click and View_NV_NA,205145234,10/10/2017,5985,21,5964,2258,3706,106,3600,2906,694,2364,1908,4814
TJN_TJX_TJMaxx 2H DIG_FY18,Foursquare,"PK0H82_TJN_TJX_028_Audience_FOURSQUARE LABS, INC_DST_SV1_MAP_PRO_RCH_TRG_RON_PXT_BTG_DVY_PHASE 1_MOBILE RICH MEDIA TRENDSETTERS - Find A Store_Run of Network_Geo_F25-54_320 x 50_Standard_NV_NA",205394971,10/11/2017,15233,886,14347,8163,6184,330,5854,3756,2098,8493,5449,9205
TJN_TJX_TJMaxx 2H DIG_FY18,Viant,"PJNSGW_TJN_TJX_028_Data_VIANT INC_DSI_SV1_DSK_DIR_DSP_TRG_RON_BTG_CTG_DVY_PHASE 1_VIANT DIRECT MATCH RETAIL, TJX PORFOLIO LOYALISTS, DISPLAY_Fixed Placement_Behavioral_F25-54_300 x 250_Standard_NV_NA",204478514,9/14/2017,168,4,164,0,164,12,152,120,32,12,9,129
TJN_TJX_TJMaxx 2H DIG_FY18,Conversant Inc.,PJPWBV_TJN_TJX_028_Audience_CONVERSANT_DST_SV1_DSK_NET_DSP_TRG_RON_BTG_BTG_DVY_PHASE 1_ DESKTOP MEDIUM RECTANGLE - CJ INTERACTORS LAL MODELING_Run of Site_Behavioral_P18+_300 x 250_Standard_NV_NA,204447743,9/29/2017,9,0,9,0,9,0,9,9,0,0,0,9
TJN_TJX_TJMaxx 2H DIG_FY18,Viant,"PJNSHF_TJN_TJX_028_Data_VIANT INC_DSI_SV1_MWB_DIR_DSP_TRG_RON_BTG_CTG_DVY_PHASE 1_VIANT DIRECT MATCH RETAIL, COMPETITIVE CONQUESTING, DISPLAY_Fixed Placement_Behavioral_F25-54_300 x 250_Standard_NV_NA",204483016,9/30/2017,6,0,6,0,6,1,5,1,4,1,0,1
TJN_TJX_TJMaxx 2H DIG_FY18,Foursquare,"PJPRQJ_TJN_TJX_028_Audience_FOURSQUARE LABS, INC_DST_SV1_MAP_PRO_DSP_TRG_RON_PXT_BTG_DVY_PHASE 1_PINPOINT STRATEGIC SAVERS AV_Run of Network_Geo_F25-54_320 x 50_Standard_NV_NA",204525369,9/23/2017,2097,224,1873,400,1473,96,1377,915,462,496,330,1245
TJN_TJX_TJMaxx 2H DIG_FY18,Viant,"PK2X7D_TJN_TJX_028_Data_VIANT INC_DSI_SV1_TWB_DIR_RCH_TRG_INT_BTG_CTG_DVY_PHASE 1_VIANT IMP, W25-54 STRATEGIC SAVERS, CONTOBOX - Honeycomb_Fixed Placement_Behavioral_F25-54_728 x 90_Click and View_NV_NA",205727832,9/25/2017,3520,37,3483,7,3476,410,3066,989,2077,417,135,1124
TJN_TJX_TJMaxx 2H DIG_FY18,Viant,"PJSPBR_TJN_TJC_031_Data_VIANT INC_PUR_ROI_DSK_DIR_DSP_TRG_RON_BTG_MKT_DVY_DETERMINSTIC LAL OF ECOM CONVERTERS, CROSS DEVICE DISPLAY_Fixed Placement_Behavioral_F25-54_300 x 250_Click_NV_NA",204715645,10/11/2017,132399,11192,121207,3,121204,5302,115902,94053,21849,5305,4305,98358
TJN_TJX_TJMaxx 2H DIG_FY18,NBC Universal Media,PK2JQY_TJN_TJX_028_Content_NBCUNI.COM_BAF_BS2_OTT_DIR_VID_SPN_ROS_BTG_CTG_MOA_THIS IS US SPONSORSHIP: OTT - VIGNETTE 1_Run of Site_Behavioral_F25-54_1920 x 1080_Click and View_NV_NA,205566374,9/27/2017,1020,9,1011,1011,0,0,0,0,0,1011,719,719
TJN_TJX_TJMaxx 2H DIG_FY18,Conversant Inc.,PJPWBW_TJN_TJX_028_Audience_CONVERSANT_DST_SV1_DSK_NET_DSP_TRG_RON_BTG_BTG_DVY_PHASE 1_ DESKTOP RECTANGLE - CJ INTERACTORS LAL MODELING_Run of Site_Behavioral_P18+_300 x 600_Standard_NV_NA,204447740,10/21/2017,484,43,441,1,440,66,374,101,273,67,18,119
TJN_TJX_TJMaxx 2H DIG_FY18,Foursquare,"PK0H82_TJN_TJX_028_Audience_FOURSQUARE LABS, INC_DST_SV1_MAP_PRO_RCH_TRG_RON_PXT_BTG_DVY_PHASE 1_MOBILE RICH MEDIA TRENDSETTERS - Find A Store_Run of Network_Geo_F25-54_320 x 50_Standard_NV_NA",205394971,10/6/2017,29521,699,28822,20729,8093,697,7396,4834,2562,21426,14004,18838
TJN_TJX_TJMaxx 2H DIG_FY18,NBC Universal Media,PK2KL1_TJN_TJX_028_Content_NBCUNI.COM_BAF_BS2_OTT_DIR_VID_SPN_ROS_BTG_CTG_MOA_THIS IS US SPONSORSHIP: OTT - VIGNETTE 3_Run of Site_Behavioral_F25-54_1920 x 1080_Click and View_NV_NA,205614505,10/11/2017,317659,1715,315944,315944,0,0,0,0,0,315944,206153,206153
TJN_TJX_TJMaxx 2H DIG_FY18,xAd Inc.,PJMTMR_TJN_TJX_028_Mobile_GROUND TRUTH FKA XAD_DST_SV1_MAP_DIR_RCH_TRG_RON_PXT_PXT_DVY_PHASE 1_PROXIMITY LOYALTY PLACEMENT - RICH MEDIA STORE LOCATOR - Fall Handbag_Run of Network_Geo_F25-54_300 x 250_Click and View_NV_NA,204442093,9/24/2017,33845,614,33231,16503,16728,223,16505,15542,963,16726,15750,31292
TJN_TJX_TJMaxx 2H DIG_FY18,Hulu,PK3CXJ_TJN_TJX_027_Content_HULU_BAF_BS2_MAP_DIR_CUS_SPN_CHS_CTG_CTG_DVY_FALL TV SPONSORSHIP: PREMIUM SLATE - MOBILE IN APP_FEP_Contextual_F25-54_1920 x 1080_Standard_NV_NA,205683919,10/16/2017,21966,168,21798,21798,0,0,0,0,0,21798,14165,14165
TJN_TJX_TJMaxx 2H DIG_FY18,Viant,"PJNSH6_TJN_TJX_028_Data_VIANT INC_DSI_SV1_TWB_DIR_DSP_TRG_RON_BTG_CTG_DVY_PHASE 1_VIANT DIRECT MATCH RETAIL, COMPETITIVE CONQUESTING, DISPLAY_Fixed Placement_Behavioral_F25-54_160 x 600_Standard_NV_NA",204483604,9/11/2017,99,11,88,0,88,16,72,48,24,16,11,59
TJN_TJX_TJMaxx 2H DIG_FY18,Viant,"PJNSHD_TJN_TJX_028_Data_VIANT INC_DSI_SV1_DSK_DIR_DSP_TRG_RON_BTG_CTG_DVY_PHASE 1_VIANT DIRECT MATCH RETAIL, COMPETITIVE CONQUESTING, DISPLAY_Fixed Placement_Behavioral_F25-54_160 x 600_Standard_NV_NA",204477281,9/28/2017,4,0,4,0,4,0,4,4,0,0,0,4
TJN_TJX_TJMaxx 2H DIG_FY18,Viant,"PJSPBR_TJN_TJC_031_Data_VIANT INC_PUR_ROI_DSK_DIR_DSP_TRG_RON_BTG_MKT_DVY_DETERMINSTIC LAL OF ECOM CONVERTERS, CROSS DEVICE DISPLAY_Fixed Placement_Behavioral_F25-54_300 x 250_Click_NV_NA",204715645,10/6/2017,61715,6233,55482,0,55482,1154,54328,37185,17143,1154,790,37975
TJN_TJX_TJMaxx 2H DIG_FY18,Foursquare,"PJPRQJ_TJN_TJX_028_Audience_FOURSQUARE LABS, INC_DST_SV1_MAP_PRO_DSP_TRG_RON_PXT_BTG_DVY_PHASE 1_PINPOINT STRATEGIC SAVERS AV_Run of Network_Geo_F25-54_320 x 50_Standard_NV_NA",204525369,10/1/2017,242,2,240,48,192,5,187,152,35,53,43,195
TJN_TJX_TJMaxx 2H DIG_FY18,xAd Inc.,PKF8WD_TJN_TJX_028_Mobile_GROUND TRUTH FKA XAD_DST_SV1_MAP_DIR_RCH_TRG_RON_PXT_PXT_DVY_PHASE 1_PROXIMITY LOYALTY PLACEMENT - RICH MEDIA STORE LOCATOR - Find A Store V1_Run of Network_Geo_F25-54_320 x 50_Click and View_NV_NA,206772065,10/18/2017,9629,125,9504,3057,6447,26,6421,6070,351,3083,2914,8984
TJN_TJX_TJMaxx 2H DIG_FY18,PlaceIQ,PK19YY_TJN_TJX_028_Mobile_PLACEIQ INC_DST_SV1_MAP_DIR_RCH_TRG_RON_BTG_PTG_DVY_PHASE 1_RICH MEDIA_STRATEGIC SAVERS_FREQUENT WOMEN'S APPAREL SHOPPER+DISCRETIONARY SPEND SHOPPERS_Run of Network_Behavioral_F25-54_320 x 50_Click and View_NV_NA,205568681,10/18/2017,29342,602,28740,10355,18385,632,17753,17380,373,10987,10756,28136
TJN_TJX_TJMaxx 2H DIG_FY18,xAd Inc.,PKF4G3_TJN_TJX_028_Mobile_GROUND TRUTH FKA XAD_DST_SV1_MAP_DIR_DSP_TRG_RON_BTG_BTG_DVY_PHASE 1_BEHAVIORAL AUDIENCE STRATEGIC SAVERS PLACEMENT - STANDARD BANNER - Find A Store V2_Run of Network_Behavioral_F25-54_320 x 50_Click and View_NV_NA,206772056,10/14/2017,12720,146,12574,5262,7312,120,7192,5269,1923,5382,3943,9212
TJN_TJX_TJMaxx 2H DIG_FY18,Viant,"PJNSHG_TJN_TJX_028_Data_VIANT INC_DSI_SV1_DSK_DIR_DSP_TRG_RON_BTG_CTG_DVY_PHASE 1_VIANT DIRECT MATCH RETAIL, COMPETITIVE CONQUESTING, DISPLAY_Fixed Placement_Behavioral_F25-54_728 x 90_Standard_NV_NA",204478490,9/20/2017,15937,1017,14920,0,14920,926,13994,10907,3087,926,722,11629
TJN_TJX_TJMaxx 2H DIG_FY18,Viant,PJPXKS_TJN_TJX_028_Data_VIANT INC_DSI_SV1_DSK_DIR_DSP_TRG_RON_BTG_CTG_DVY_PHASE 1_DESKTOP DISPLAY VIANT IMP TARGETING - STRATEGIC SAVERS AV_Fixed Placement_Demo_F25-54_160 x 600_Standard_NV_NA,204477475,9/20/2017,6570,889,5681,0,5681,765,4916,3159,1757,765,492,3651
TJN_MAR_023_Marshalls 2H Digital_F18,xAd Inc.,PJQ0Y6_TJN_MAR_023_Mobile_GROUND TRUTH FKA XAD_DST_SV1_MAP_DIR_DSP_TRG_RON_PXT_BTG_DVY_PROXIMITY LOYALTY - DYNAMIC DISTANCE_Run of Network_Geo_F25-54_320 x 50_Click and View_NV_NA,204556888,9/26/2017,75026,1359,73667,54673,18994,2112,16882,11297,5585,56785,29050,40347
TJN_TJX_TJMaxx 2H DIG_FY18,xAd Inc.,PKF465_TJN_TJX_028_Mobile_GROUND TRUTH FKA XAD_DST_SV1_MAP_DIR_DSP_TRG_RON_PXT_PXT_DVY_PHASE 1_PROXIMITY LOYALTY PLACEMENT - STANDARD BANNER - Dresses_Run of Network_Geo_F25-54_300 x 250_Click and View_NV_NA,206813101,10/18/2017,3333,52,3281,3281,0,0,0,0,0,3281,2529,2529
TJN_MAR_023_Marshalls 2H Digital_F18,NinthDecimal,PJPSRT_TJN_MAR_023_Mobile_NINTHDECIMAL_DST_SV1_MAP_DIR_RCH_TRG_RON_PXT_DMA_DVY_GEOFENCE: 15-20-MILE RADIUS AROUND RURAL STORES_Run of Network_Geo_F25-54_320 x 50_Click and View_NV_NA,204542885,10/3/2017,3150,82,3068,1312,1756,6,1750,1720,30,1318,1295,3015
TJN_TJX_TJMaxx 2H DIG_FY18,xAd Inc.,PJPXJY_TJN_TJX_028_Mobile_GROUND TRUTH FKA XAD_DST_SV1_MAP_DIR_DSP_TRG_RON_BTG_BTG_DVY_PHASE 1_BEHAVIORAL AUDIENCE STRATEGIC SAVERS PLACEMENT - STANDARD BANNER - Fall Hero_Run of Network_Behavioral_F25-54_300 x 250_Click and View_NV_NA,204484017,9/8/2017,7326,186,7140,6069,1071,22,1049,996,53,6091,5706,6702
TJN_TJX_TJMaxx 2H DIG_FY18,Viant,"PJNSGV_TJN_TJX_028_Data_VIANT INC_DSI_SV1_DSK_DIR_DSP_TRG_RON_BTG_CTG_DVY_PHASE 1_VIANT DIRECT MATCH RETAIL, TJX PORFOLIO LOYALISTS, DISPLAY_Fixed Placement_Behavioral_F25-54_728 x 90_Standard_NV_NA",204478511,10/5/2017,36287,1527,34760,0,34760,1694,33066,25441,7625,1694,1303,26744
TJN_MAR_023_Marshalls 2H Digital_F18,NinthDecimal,PJPSS0_TJN_MAR_023_Mobile_NINTHDECIMAL_DST_SV1_MAP_DIR_RCH_TRG_RON_BTG_DMA_DVY_3RD PARTY: SURPRISE CHOOSERS_Run of Network_Behavioral_F25-54_320 x 50_Click and View_NV_NA,204595875,9/7/2017,7369,108,7261,1486,5775,59,5716,5578,138,1545,1508,7086
TJN_MAR_023_Marshalls 2H Digital_F18,Bustle,PKLNMT_TJN_MAR_023_Content_BUSTLE_HPTO - 300x250 10/17_Run of Site_Contextual_F25-54_300 x 250_Click and View_NV_NA,207143576,10/17/2017,125291,3578,121713,83,121630,2054,119576,96682,22894,2137,1728,98410
TJN_TJX_TJMaxx 2H DIG_FY18,Hulu,PK3CXN_TJN_TJX_027_Content_HULU_BAF_BS2_CTV_DIR_CUS_SPN_CHS_CTG_CTG_DVY_FALL TV SPONSORSHIP: PREMIUM SLATE - CONNECTED TV_FEP_Contextual_F25-54_1920 x 1080_Standard_NV_NA,205725861,9/25/2017,1,0,1,1,0,0,0,0,0,1,1,1
TJN_MAR_023_Marshalls 2H Digital_F18,xAd Inc.,PJQ0YG_TJN_MAR_023_Mobile_GROUND TRUTH FKA XAD_DST_SV1_MAP_DIR_DSP_TRG_RON_BTG_DMA_DVY_BEHAVIORAL - FASHION SHOPPER - DYNAMIC DISTANCE_Run of Network_Behavioral_F25-54_320 x 50_Click and View_NV_NA,204557581,9/12/2017,67739,1011,66728,54330,12398,2406,9992,9017,975,56736,39326,48343
TJN_TJX_TJMaxx 2H DIG_FY18,Viant,"PJNSGR_TJN_TJX_028_Data_VIANT INC_DSI_SV1_TWB_DIR_DSP_TRG_RON_BTG_CTG_DVY_PHASE 1_VIANT DIRECT MATCH RETAIL, TJX PORFOLIO LOYALISTS, DISPLAY_Fixed Placement_Behavioral_F25-54_160 x 600_Standard_NV_NA",204478520,9/8/2017,447,103,344,0,344,133,211,168,43,133,106,274
TJN_MAR_023_Marshalls 2H Digital_F18,xAd Inc.,PJQ0YK_TJN_MAR_023_Mobile_GROUND TRUTH FKA XAD_DST_SV1_MAP_DIR_DSP_TRG_RON_BTG_PXT_DVY_MARSHALLS SHOPPERS - DYNAMIC DISTANCE_Run of Network_Geo_F25-54_300 x 250_Click and View_NV_NA,204543440,9/12/2017,6165,1147,5018,5018,0,0,0,0,0,5018,4234,4234
TJN_TJX_TJMaxx 2H DIG_FY18,Conversant Inc.,PJPWBY_TJN_TJX_028_Audience_CONVERSANT_DST_SV1_MAP_NET_DSP_TRG_RON_BTG_BTG_DVY_PHASE 1_ SMARTPHONE SMALL BANNER  - CJ INTERACTORS LAL MODELING_Run of Site_Behavioral_P18+_320 x 50_Standard_NV_NA,204442030,10/11/2017,33194,534,32660,125,32535,4617,27918,14602,13316,4742,2480,17082
TJN_MAR_023_Marshalls 2H Digital_F18,Spotify USA Inc.,PK0HN8_TJN_MAR_023_Audience_SPOTIFY USA INC_DST_SV2_MAP_DIR_DSP_TRG_ROS_DMA_PXT_DVY_MOBILE OVERLAY 630X920_Run of Site_Geo_F25-54_630 x 920_Click and View_NV_NA,205561904,9/29/2017,24196,296,23900,23900,0,0,0,0,0,23900,22223,22223
TJN_TJX_TJMaxx 2H DIG_FY18,Conversant Inc.,PJPWPG_TJN_TJX_028_Audience_CONVERSANT_DST_SV1_TAP_NET_DSP_TRG_RON_BTG_BTG_DVY_PHASE 1_ TABLET MEDIUM RECTANGLE  - CONVERSANT SHOPPERS AV_Run of Site_Behavioral_P18+_300 x 250_Standard_NV_NA,204446129,10/21/2017,362,6,356,0,356,93,263,95,168,93,34,129
TJN_TJX_TJMaxx 2H DIG_FY18,Viant,"PJNSGN_TJN_TJX_028_Data_VIANT INC_DSI_SV1_TWB_DIR_DSP_TRG_RON_BTG_CTG_DVY_PHASE 1_VIANT DIRECT MATCH RETAIL, TJX PORFOLIO LOYALISTS, DISPLAY_Fixed Placement_Behavioral_F25-54_300 x 250_Standard_NV_NA",204526347,10/19/2017,1016,15,1001,0,1001,108,893,409,484,108,49,458
TJN_TJX_TJMaxx 2H DIG_FY18,Conversant Inc.,PJPTLM_TJN_TJC_031_Audience_CONVERSANT_PUR_ROI_MAP_NET_DSP_TRG_RON_BTG_BTG_DVY_SMARTPHONE SMALL BANNER - TRENDSETTERS_Run of Site_Other_P18+_320 x 50_Standard_NV_NA,204447785,10/4/2017,4200,52,4148,1,4147,836,3311,2239,1072,837,566,2805
TJN_TJX_TJMaxx 2H DIG_FY18,PlaceIQ,PK19YZ_TJN_TJX_028_Mobile_PLACEIQ INC_DST_SV1_MAP_DIR_RCH_TRG_RON_BTG_PTG_DVY_PHASE 1_RICH MEDIA_STRATEGIC SAVERS_INFORMER CONSUMER SHOPPERS+TOP TIER APPAREL SHOPPER_Run of Network_Behavioral_F25-54_320 x 50_Click and View_NV_NA,205563548,10/18/2017,50847,825,50022,20438,29584,1176,28408,27921,487,21614,21243,49164
TJN_TJX_TJMaxx 2H DIG_FY18,Conversant Inc.,PJNPMD_TJN_TJC_031_Audience_CONVERSANT_PUR_ROI_TAP_NET_DSP_TRG_RON_BTG_BTG_DVY_TABLET MEDIUM RECTANGLE - STRATEGIC SAVERS_Run of Site_Other_P18+_300 x 250_Standard_NV_NA,204483960,10/7/2017,8428,75,8353,0,8353,1106,7247,4409,2838,1106,673,5082
TJN_TJX_TJMaxx 2H DIG_FY18,NBC Universal Media,PK2LGL_TJN_TJX_028_Content_NBCUNI.COM_BAF_BS2_DSK_DIR_DSP_SPN_HPT_CTG_CTG_DCM_100% SOV NBC HOMEPAGE ROADBLOCK 10/17 - 300X250 DESKTOP_HP Takeover_Contextual_F25-54_300 x 250_Standard_NV_NA,205662876,10/11/2017,5,0,5,0,5,0,5,5,0,0,0,5
TJN_TJX_TJMaxx 2H DIG_FY18,NBC Universal Media,PK3H7R_TJN_TJX_028_Content_NBCUNI.COM_BAF_BS2_DSK_DIR_DSP_SPN_HPT_CTG_CTG_DCM_100% SOV NBC THIS IS US ROADBLOCK 10/17 - 300X50 MOBILE_HP Takeover_Contextual_F25-54_300 x 50_Standard_NV_NA,205726857,10/16/2017,1,0,1,0,1,0,1,1,0,0,0,1
TJN_MAR_023_Marshalls 2H Digital_F18,Bustle,PK5G43_TJN_MAR_023_Content_BUSTLE_RON - Bustle & Elite Daily - Panoramic Unit_Run of Network_Contextual_F25-54_1 x 1_Click and View_NV_NA,206309983,10/20/2017,88527,2022,86505,2123,84382,77099,7283,2918,4365,79222,31741,34659
TJN_TJX_TJMaxx 2H DIG_FY18,Foursquare,"PJPQKZ_TJN_TJX_028_Audience_FOURSQUARE LABS, INC_DST_SV1_MAP_PRO_DSP_TRG_RON_PXT_BTG_DVY_PHASE 1_PINPOINT TRENDSETTERS_Run of Network_Geo_F25-54_300 x 250_Standard_NV_NA",204481813,9/22/2017,15689,2292,13397,6319,7078,348,6730,2833,3897,6667,2806,5639
TJN_TJX_TJMaxx 2H DIG_FY18,Viant,"PK2V50_TJN_TJX_028_Data_VIANT INC_DSI_SV1_DSK_DIR_RCH_TRG_INT_BTG_CTG_DVY_PHASE 1_VIANT IMP, W25-54 STRATEGIC SAVERS, CONTOBOX - Fall Homes_Fixed Placement_Behavioral_F25-54_160 x 600_Click and View_NV_NA",205726908,9/22/2017,56,13,43,2,41,5,36,21,15,7,4,25
TJN_TJX_TJMaxx 2H DIG_FY18,Viant,"PJSPBW_TJN_TJC_031_Data_VIANT INC_PUR_ROI_MWB_DIR_DSP_TRG_RON_BTG_MKT_DVY_DETERMINSTIC LAL OF ECOM CONVERTERS, CROSS DEVICE DISPLAY_Fixed Placement_Behavioral_F25-54_300 x 50_Click_NV_NA",204733524,10/18/2017,7238,127,7111,1,7110,1061,6049,4506,1543,1062,791,5297
TJN_TJX_TJMaxx 2H DIG_FY18,xAd Inc.,PJMTND_TJN_TJX_028_Mobile_GROUND TRUTH FKA XAD_DST_SV1_MAP_DIR_DSP_TRG_RON_PXT_PXT_DVY_PHASE 1_PROXIMITY LOYALTY PLACEMENT - STANDARD BANNER - Maxx You Maxx Life_Run of Network_Geo_F25-54_320 x 50_Click and View_NV_NA,204442096,9/30/2017,41097,626,40471,36148,4323,300,4023,3505,518,36448,11398,14903
TJN_MAR_023_Marshalls 2H Digital_F18,NinthDecimal,PJPSRW_TJN_MAR_023_Mobile_NINTHDECIMAL_DST_SV1_MAP_DIR_RCH_TRG_RON_BTG_PXT_DVY_LOCATION GRAPH: TJX FAMILY LOYALISTS_Run of Network_Behavioral_F25-54_320 x 50_Click and View_NV_NA,204541739,9/24/2017,18246,317,17929,6248,11681,55,11626,11223,403,6303,6085,17308
TJN_MAR_023_Marshalls 2H Digital_F18,xAd Inc.,PJQ0YR_TJN_MAR_023_Mobile_GROUND TRUTH FKA XAD_DST_SV1_MAP_DIR_DSP_TRG_RON_PXT_BTG_DVY_GEOBLOCKS CONQUESTING - DYNAMIC DISTANCE_Run of Network_Geo_F25-54_300 x 250_Click and View_NV_NA,204555244,9/23/2017,7244,158,7086,7062,24,2,22,1,21,7064,321,322
TJN_TJX_TJMaxx 2H DIG_FY18,Conversant Inc.,PJPWBV_TJN_TJX_028_Audience_CONVERSANT_DST_SV1_DSK_NET_DSP_TRG_RON_BTG_BTG_DVY_PHASE 1_ DESKTOP MEDIUM RECTANGLE - CJ INTERACTORS LAL MODELING_Run of Site_Behavioral_P18+_300 x 250_Standard_NV_NA,204447743,9/19/2017,6,6,0,0,0,0,0,0,0,0,0,0
TJN_TJX_TJMaxx 2H DIG_FY18,Foursquare,"PJYHWF_TJN_TJX_028_Audience_FOURSQUARE LABS, INC_DST_SV1_MAP_PRO_DSP_TRG_RON_PXT_BTG_DVY_PHASE 1_PINPOINT COMPETITIVE CONQUESTING_Run of Network_Geo_F25-54_320 x 50_Standard_NV_NA",205183220,10/8/2017,110241,2110,108131,76137,31994,1182,30812,26555,4257,77319,66637,93192
TJN_TJX_TJMaxx 2H DIG_FY18,xAd Inc.,PJPXJX_TJN_TJX_028_Mobile_GROUND TRUTH FKA XAD_DST_SV1_MAP_DIR_DSP_TRG_RON_BTG_BTG_DVY_PHASE 1_BEHAVIORAL AUDIENCE STRATEGIC SAVERS PLACEMENT - STANDARD BANNER - TJMaxx_Run of Network_Behavioral_F25-54_320 x 50_Click and View_NV_NA,204447848,9/9/2017,21484,169,21315,4106,17209,256,16953,14338,2615,4362,3689,18027
TJN_TJX_TJMaxx 2H DIG_FY18,Viant,"PJNSGM_TJN_TJX_028_Data_VIANT INC_DSI_SV1_TWB_DIR_DSP_TRG_RON_BTG_CTG_DVY_PHASE 1_VIANT DIRECT MATCH RETAIL, TJX PORFOLIO LOYALISTS, DISPLAY_Fixed Placement_Behavioral_F25-54_728 x 90_Standard_NV_NA",204526722,10/1/2017,3695,28,3667,0,3667,490,3177,1648,1529,490,254,1902
TJN_TJX_TJMaxx 2H DIG_FY18,Viant,"PK2X7J_TJN_TJX_028_Data_VIANT INC_DSI_SV1_MWB_DIR_RCH_TRG_INT_BTG_CTG_DVY_PHASE 1_VIANT IMP, W25-54 STRATEGIC SAVERS, CONTOBOX - Honeycomb_Fixed Placement_Behavioral_F25-54_300 x 250_Click and View_NV_NA",205688479,10/18/2017,184,4,180,6,174,11,163,84,79,17,9,93
TJN_MAR_023_Marshalls 2H Digital_F18,NinthDecimal,"PJPSS1_TJN_MAR_023_Mobile_NINTHDECIMAL_DST_SV1_MAP_DIR_RCH_TRG_RON_BTG_DMA_DVY_TV TARGETING: PEOPLE WHO WATCH BRAVO, TLC, HGTV, A&E, LIFETIME, DISCOVERY_Run of Network_Behavioral_F25-54_320 x 50_Click and View_NV_NA",204541508,9/9/2017,7107,74,7033,1328,5705,41,5664,5491,173,1369,1327,6818
TJN_TJX_TJMaxx 2H DIG_FY18,Foursquare,"PJPQL0_TJN_TJX_028_Audience_FOURSQUARE LABS, INC_DST_SV1_MAP_PRO_DSP_TRG_RON_PXT_BTG_DVY_PHASE 1_PINPOINT TRENDSETTERS_Run of Network_Geo_F25-54_320 x 50_Standard_NV_NA",204478094,10/19/2017,126713,2687,124026,98935,25091,570,24521,23272,1249,99505,94437,117709
TJN_TJX_TJMaxx 2H DIG_FY18,xAd Inc.,PJMTNQ_TJN_TJX_028_Mobile_GROUND TRUTH FKA XAD_DST_SV1_MAP_DIR_RCH_TRG_RON_BTG_BTG_DVY_PHASE 1_BEHAVIORAL AUDIENCE STRATEGIC SAVERS PLACEMENT - RICH MEDIA STORE LOCATOR - TJ Maxx_Run of Network_Behavioral_F25-54_320 x 50_Click and View_NV_NA,204447845,9/9/2017,6,1,5,4,1,1,0,0,0,5,4,4
TJN_TJX_TJMaxx 2H DIG_FY18,PlaceIQ,PK18VC_TJN_TJX_028_Mobile_PLACEIQ INC_DST_SV1_MAP_DIR_RCH_TRG_RON_BTG_PXT_DVY_PHASE 1_RICH MEDIA_TJX PORTFOLIO LOYALISTS_Run of Network_Behavioral_F25-54_320 x 50_Click and View_NV_NA,205568912,10/2/2017,37694,1199,36495,17175,19320,643,18677,18482,195,17818,17632,36114
TJN_MAR_023_Marshalls 2H Digital_F18,NinthDecimal,"PJPSS1_TJN_MAR_023_Mobile_NINTHDECIMAL_DST_SV1_MAP_DIR_RCH_TRG_RON_BTG_DMA_DVY_TV TARGETING: PEOPLE WHO WATCH BRAVO, TLC, HGTV, A&E, LIFETIME, DISCOVERY_Run of Network_Behavioral_F25-54_320 x 50_Click and View_NV_NA",204541508,10/21/2017,87326,865,86461,18413,68048,448,67600,65240,2360,18861,18203,83443
TJN_MAR_023_Marshalls 2H Digital_F18,xAd Inc.,PJQ0Y6_TJN_MAR_023_Mobile_GROUND TRUTH FKA XAD_DST_SV1_MAP_DIR_DSP_TRG_RON_PXT_BTG_DVY_PROXIMITY LOYALTY - DYNAMIC DISTANCE_Run of Network_Geo_F25-54_320 x 50_Click and View_NV_NA,204556888,10/11/2017,55890,1415,54475,47559,6916,663,6253,5527,726,48222,39702,45229
TJN_TJX_TJMaxx 2H DIG_FY18,xAd Inc.,PJMTNQ_TJN_TJX_028_Mobile_GROUND TRUTH FKA XAD_DST_SV1_MAP_DIR_RCH_TRG_RON_BTG_BTG_DVY_PHASE 1_BEHAVIORAL AUDIENCE STRATEGIC SAVERS PLACEMENT - RICH MEDIA STORE LOCATOR - TJ Maxx_Run of Network_Behavioral_F25-54_320 x 50_Click and View_NV_NA,204447845,10/21/2017,6,0,6,6,0,0,0,0,0,6,5,5
TJN_MAR_023_Marshalls 2H Digital_F18,xAd Inc.,PJQ0YD_TJN_MAR_023_Mobile_GROUND TRUTH FKA XAD_DST_SV1_MAP_DIR_RCH_TRG_RON_WEA_PXT_DVY_PROXIMITY CONQUESTING - WEATHER LOCATOR UNIT_Run of Network_Weather_F25-54_320 x 50_Click and View_NV_NA,204541553,9/12/2017,23628,486,23142,12916,10226,120,10106,9516,590,13036,12275,21791
TJN_MAR_023_Marshalls 2H Digital_F18,Spotify USA Inc.,PK0HN8_TJN_MAR_023_Audience_SPOTIFY USA INC_DST_SV2_MAP_DIR_DSP_TRG_ROS_DMA_PXT_DVY_MOBILE OVERLAY 630X920_Run of Site_Geo_F25-54_630 x 920_Click and View_NV_NA,205561904,10/13/2017,42584,741,41843,41843,0,0,0,0,0,41843,35200,35200
TJN_TJX_TJMaxx 2H DIG_FY18,Foursquare,"PJMQ2K_TJN_TJX_028_Audience_FOURSQUARE LABS, INC_DST_SV1_MAP_PRO_DSP_TRG_RON_PXT_BTG_DVY_PHASE 1_PINPOINT STRATEGIC SAVERS_Run of Network_Geo_F25-54_320 x 50_Standard_NV_NA",204483454,9/16/2017,155741,11925,143816,73980,69836,4686,65150,48372,16778,78666,58407,106779
TJN_TJX_TJMaxx 2H DIG_FY18,PlaceIQ,PK18VC_TJN_TJX_028_Mobile_PLACEIQ INC_DST_SV1_MAP_DIR_RCH_TRG_RON_BTG_PXT_DVY_PHASE 1_RICH MEDIA_TJX PORTFOLIO LOYALISTS_Run of Network_Behavioral_F25-54_320 x 50_Click and View_NV_NA,205568912,9/23/2017,397394,22923,374471,255017,119454,6955,112499,111388,1111,261972,259385,370773
TJN_TJX_TJMaxx 2H DIG_FY18,Foursquare,"PJPRVH_TJN_TJX_028_Audience_FOURSQUARE LABS, INC_DST_SV1_MAP_PRO_DSP_TRG_RON_PXT_BTG_DVY_PHASE 1_PINPOINT COMPETITIVE CONQUESTING AV_Run of Network_Geo_F25-54_320 x 50_Standard_NV_NA",204478088,9/28/2017,3717,143,3574,2198,1376,45,1331,1064,267,2243,1793,2857
TJN_TJX_TJMaxx 2H DIG_FY18,Conversant Inc.,PJNPMG_TJN_TJC_031_Audience_CONVERSANT_PUR_ROI_DSK_NET_DSP_TRG_RON_BTG_BTG_DVY_DESKTOP WIDE SKYSCRAPER- STRATEGIC SAVERS_Run of Site_Other_P18+_160 x 600_Standard_NV_NA,204443410,10/20/2017,1204,45,1159,0,1159,203,956,237,719,203,50,287
TJN_MAR_023_Marshalls 2H Digital_F18,xAd Inc.,PJQ0Y6_TJN_MAR_023_Mobile_GROUND TRUTH FKA XAD_DST_SV1_MAP_DIR_DSP_TRG_RON_PXT_BTG_DVY_PROXIMITY LOYALTY - DYNAMIC DISTANCE_Run of Network_Geo_F25-54_320 x 50_Click and View_NV_NA,204556888,10/6/2017,54928,2405,52523,35430,17093,911,16182,12042,4140,36341,26622,38664
TJN_TJX_TJMaxx 2H DIG_FY18,PlaceIQ,PK1YGY_TJN_TJX_028_Mobile_PLACEIQ INC_DST_SV1_MAP_DIR_DSP_TRG_RON_BTG_PTG_DVY_PHASE 1_STANDARD BANNER_TRENDSETTERS_ONLINE SHOPPER+TJMAXX SHOPPERS - TJ Maxx_Run of Network_Behavioral_F25-54_320 x 50_Click and View_NV_NA,205661871,10/11/2017,7365,237,7128,3353,3775,36,3739,3641,98,3389,3300,6941
TJN_TJX_TJMaxx 2H DIG_FY18,Viant,"PJNSGM_TJN_TJX_028_Data_VIANT INC_DSI_SV1_TWB_DIR_DSP_TRG_RON_BTG_CTG_DVY_PHASE 1_VIANT DIRECT MATCH RETAIL, TJX PORFOLIO LOYALISTS, DISPLAY_Fixed Placement_Behavioral_F25-54_728 x 90_Standard_NV_NA",204526722,9/23/2017,1499,34,1465,0,1465,168,1297,870,427,168,113,983
TJN_TJX_TJMaxx 2H DIG_FY18,Viant,"PJNSGT_TJN_TJX_028_Data_VIANT INC_DSI_SV1_DSK_DIR_DSP_TRG_RON_BTG_CTG_DVY_PHASE 1_VIANT DIRECT MATCH RETAIL, TJX PORFOLIO LOYALISTS, DISPLAY_Fixed Placement_Behavioral_F25-54_160 x 600_Standard_NV_NA",204483025,9/15/2017,122,3,119,0,119,7,112,80,32,7,5,85
TJN_TJX_TJMaxx 2H DIG_FY18,Viant,"PK2V4X_TJN_TJX_028_Data_VIANT INC_DSI_SV1_DSK_DIR_RCH_TRG_INT_BTG_CTG_DVY_PHASE 1_VIANT IMP, W25-54 STRATEGIC SAVERS, CONTOBOX - Fall Homes_Fixed Placement_Behavioral_F25-54_300 x 250_Click and View_NV_NA",205688458,10/18/2017,4163,108,4055,9,4046,634,3412,1482,1930,643,279,1761
TJN_TJX_TJMaxx 2H DIG_FY18,Viant,"PK2X7G_TJN_TJX_028_Data_VIANT INC_DSI_SV1_DSK_DIR_RCH_TRG_INT_BTG_CTG_DVY_PHASE 1_VIANT IMP, W25-54 STRATEGIC SAVERS, CONTOBOX - Honeycomb_Fixed Placement_Behavioral_F25-54_300 x 250_Click and View_NV_NA",205688467,10/19/2017,10,1,9,6,3,0,3,3,0,6,6,9
TJN_TJX_TJMaxx 2H DIG_FY18,Viant,"PJNSGM_TJN_TJX_028_Data_VIANT INC_DSI_SV1_TWB_DIR_DSP_TRG_RON_BTG_CTG_DVY_PHASE 1_VIANT DIRECT MATCH RETAIL, TJX PORFOLIO LOYALISTS, DISPLAY_Fixed Placement_Behavioral_F25-54_728 x 90_Standard_NV_NA",204526722,10/2/2017,7040,51,6989,1,6988,741,6247,4353,1894,742,517,4870
TJN_MAR_023_Marshalls 2H Digital_F18,xAd Inc.,PJQ0YB_TJN_MAR_023_Mobile_GROUND TRUTH FKA XAD_DST_SV1_MAP_DIR_DSP_TRG_RON_PXT_BTG_DVY_PROXIMITY CONQUESTING - DYNAMIC DISTANCE_Run of Network_Geo_F25-54_320 x 50_Click and View_NV_NA,204541799,10/15/2017,5453,75,5378,3950,1428,164,1264,1012,252,4114,3186,4198
TJN_TJX_TJMaxx 2H DIG_FY18,Viant,"PJNSH7_TJN_TJX_028_Data_VIANT INC_DSI_SV1_MWB_DIR_DSP_TRG_RON_BTG_CTG_DVY_PHASE 1_VIANT DIRECT MATCH RETAIL, COMPETITIVE CONQUESTING, DISPLAY_Fixed Placement_Behavioral_F25-54_320 x 50_Standard_NV_NA",204477565,10/20/2017,21103,248,20855,16,20839,1089,19750,13998,5752,1105,783,14781
TJN_TJX_TJMaxx 2H DIG_FY18,Viant,"PK2V4V_TJN_TJX_028_Data_VIANT INC_DSI_SV1_TWB_DIR_RCH_TRG_INT_BTG_CTG_DVY_PHASE 1_VIANT IMP, W25-54 STRATEGIC SAVERS, CONTOBOX - Fall Homes_Fixed Placement_Behavioral_F25-54_728 x 90_Click and View_NV_NA",205725966,9/25/2017,3171,32,3139,5,3134,374,2760,912,1848,379,125,1037
TJN_TJX_TJMaxx 2H DIG_FY18,PlaceIQ,PK18VC_TJN_TJX_028_Mobile_PLACEIQ INC_DST_SV1_MAP_DIR_RCH_TRG_RON_BTG_PXT_DVY_PHASE 1_RICH MEDIA_TJX PORTFOLIO LOYALISTS_Run of Network_Behavioral_F25-54_320 x 50_Click and View_NV_NA,205568912,10/1/2017,21381,434,20947,14190,6757,402,6355,6276,79,14592,14411,20687
TJN_TJX_TJMaxx 2H DIG_FY18,PlaceIQ,PKF0MQ_TJN_TJX_028_Mobile_PLACEIQ INC_DST_SV1_MAP_DIR_DSP_TRG_RON_BTG_PXT_DVY_PHASE 1_STANDARD BANNER_TJX PROXIMITY LOYALISTS_LIVE BY TJMAXX - Booties_Run of Network_Behavioral_F25-54_300 x 250_Click and View_NV_NA,206833236,10/20/2017,560,75,485,341,144,1,143,141,2,342,337,478
TJN_TJX_TJMaxx 2H DIG_FY18,Foursquare,"PK0H82_TJN_TJX_028_Audience_FOURSQUARE LABS, INC_DST_SV1_MAP_PRO_RCH_TRG_RON_PXT_BTG_DVY_PHASE 1_MOBILE RICH MEDIA TRENDSETTERS - Find A Store_Run of Network_Geo_F25-54_320 x 50_Standard_NV_NA",205394971,9/26/2017,29539,786,28753,21709,7044,629,6415,4493,1922,22338,15645,20138
TJN_TJX_TJMaxx 2H DIG_FY18,Viant,"PK2V50_TJN_TJX_028_Data_VIANT INC_DSI_SV1_DSK_DIR_RCH_TRG_INT_BTG_CTG_DVY_PHASE 1_VIANT IMP, W25-54 STRATEGIC SAVERS, CONTOBOX - Fall Homes_Fixed Placement_Behavioral_F25-54_160 x 600_Click and View_NV_NA",205726908,9/24/2017,89,2,87,0,87,6,81,21,60,6,2,23
TJN_TJX_TJMaxx 2H DIG_FY18,Foursquare,"PJPQKZ_TJN_TJX_028_Audience_FOURSQUARE LABS, INC_DST_SV1_MAP_PRO_DSP_TRG_RON_PXT_BTG_DVY_PHASE 1_PINPOINT TRENDSETTERS_Run of Network_Geo_F25-54_300 x 250_Standard_NV_NA",204481813,9/24/2017,7106,928,6178,2286,3892,201,3691,1849,1842,2487,1246,3095
TJN_TJX_TJMaxx 2H DIG_FY18,Viant,"PJNSHB_TJN_TJX_028_Data_VIANT INC_DSI_SV1_MWB_DIR_DSP_TRG_RON_BTG_CTG_DVY_PHASE 1_VIANT DIRECT MATCH RETAIL, COMPETITIVE CONQUESTING, DISPLAY_Fixed Placement_Behavioral_F25-54_300 x 50_Standard_NV_NA",204478658,10/9/2017,30,0,30,0,30,8,22,17,5,8,6,23
TJN_TJX_TJMaxx 2H DIG_FY18,PlaceIQ,PK19Z0_TJN_TJX_028_Mobile_PLACEIQ INC_DST_SV1_MAP_DIR_RCH_TRG_RON_BTG_PTG_DVY_PHASE 1_RICH MEDIA_STRATEGIC SAVERS_APPAREL OR FURNISHINGS DISCRETIONARY SPEND+IMPULSE BUYER SHOPPERS_Run of Network_Behavioral_F25-54_320 x 50_Click and View_NV_NA,205563158,9/25/2017,60785,5484,55301,30270,25031,1000,24031,22398,1633,31270,29145,51543
TJN_TJX_TJMaxx 2H DIG_FY18,xAd Inc.,PJPXK0_TJN_TJX_028_Mobile_GROUND TRUTH FKA XAD_DST_SV1_MAP_DIR_DSP_TRG_RON_BTG_BTG_DVY_PHASE 1_BEHAVIORAL AUDIENCE TRENDSETTERS PLACEMENT - STANDARD BANNER - TJMaxx_Run of Network_Behavioral_F25-54_320 x 50_Click and View_NV_NA,204483993,9/18/2017,22769,251,22518,3849,18669,186,18483,16382,2101,4035,3576,19958
TJN_MAR_023_Marshalls 2H Digital_F18,NinthDecimal,PJPSRW_TJN_MAR_023_Mobile_NINTHDECIMAL_DST_SV1_MAP_DIR_RCH_TRG_RON_BTG_PXT_DVY_LOCATION GRAPH: TJX FAMILY LOYALISTS_Run of Network_Behavioral_F25-54_320 x 50_Click and View_NV_NA,204541739,9/22/2017,58590,1549,57041,21314,35727,166,35561,34683,878,21480,20950,55633
TJN_MAR_023_Marshalls 2H Digital_F18,NinthDecimal,PJPSRX_TJN_MAR_023_Mobile_NINTHDECIMAL_DST_SV1_MAP_DIR_RCH_TRG_RON_BTG_PXT_DVY_LOCATION GRAPH: COMPETITIVE CONQUESTING_Run of Network_Behavioral_F25-54_320 x 50_Click and View_NV_NA,204542879,9/12/2017,62337,1197,61140,28432,32708,163,32545,31615,930,28595,27778,59393
TJN_TJX_TJMaxx 2H DIG_FY18,NBC Universal Media,PK2KK7_TJN_TJX_028_Content_NBCUNI.COM_BAF_BS2_TAP_DIR_VID_SPN_ROS_BTG_CTG_MOA_THIS IS US SPONSORSHIP: TABLET - VIGNETTE 3_Run of Site_Behavioral_F25-54_1920 x 1080_Click and View_NV_NA,205569476,10/17/2017,3115,45,3070,3070,0,0,0,0,0,3070,2051,2051
TJN_TJX_TJMaxx 2H DIG_FY18,xAd Inc.,PJYDBV_TJN_TJX_028_Mobile_GROUND TRUTH FKA XAD_DST_SV1_MAP_DIR_RCH_TRG_RON_BTG_BTG_DVY_PHASE 1_BEHAVIORAL AUDIENCE STRATEGIC SAVERS PLACEMENT - RICH MEDIA STORE LOCATOR - Maxx You Maxx Life_Run of Network_Behavioral_F25-54_320 x 50_Click and View_NV_NA,205148243,10/8/2017,7169,59,7110,2428,4682,155,4527,3540,987,2583,2020,5560
TJN_TJX_TJMaxx 2H DIG_FY18,Conversant Inc.,PJNPMF_TJN_TJC_031_Audience_CONVERSANT_PUR_ROI_DSK_NET_DSP_TRG_RON_BTG_BTG_DVY_DESKTOP RECTANGLE- STRATEGIC SAVERS_Run of Site_Other_P18+_300 x 600_Standard_NV_NA,204442069,10/14/2017,4541,230,4311,2,4309,753,3556,1618,1938,755,344,1962
TJN_MAR_023_Marshalls 2H Digital_F18,Bustle,PKLNMK_TJN_MAR_023_Content_BUSTLE_HPTO - Panoramic Unit 10/17_Run of Site_Contextual_F25-54_1 x 1_Click and View_NV_NA,207144356,10/18/2017,58,0,58,0,58,5,53,45,8,5,4,49
TJN_TJX_TJMaxx 2H DIG_FY18,Hulu,PK3F7G_TJN_TJX_027_Content_HULU_BAF_BS2_MAP_DIR_CUS_SPN_CHS_CTG_CTG_DVY_HULU ROS: PREMIUM SLATE - MOBILE IN APP_FEP_Contextual_F25-54_1920 x 1080_Standard_NV_NA,205634552,10/19/2017,75,0,75,75,0,0,0,0,0,75,59,59
TJN_TJX_TJMaxx 2H DIG_FY18,PlaceIQ,PK18V9_TJN_TJX_028_Mobile_PLACEIQ INC_DST_SV1_MAP_DIR_DSP_TRG_RON_BTG_PXT_DVY_PHASE 1_STANDARD BANNER_TJX PROXIMITY LOYALISTS_LIVE BY TJMAXX - Maxx You Maxx Life_Run of Network_Behavioral_F25-54_320 x 50_Click and View_NV_NA,205661862,10/15/2017,27591,456,27135,14973,12162,118,12044,11914,130,15091,14928,26842
TJN_TJX_TJMaxx 2H DIG_FY18,Viant,"PJSPCM_TJN_TJC_031_Data_VIANT INC_PUR_ROI_TWB_DIR_DSP_TRG_RON_BTG_MKT_DVY_W25-54 + ONLINE SHOPPERS, CROSS DEVICE DISPLAY_Fixed Placement_Behavioral_F25-54_300 x 250_Click_NV_NA",204733512,10/3/2017,125,7,118,0,118,11,107,81,26,11,8,89
TJN_TJX_TJMaxx 2H DIG_FY18,Conversant Inc.,PJPWBV_TJN_TJX_028_Audience_CONVERSANT_DST_SV1_DSK_NET_DSP_TRG_RON_BTG_BTG_DVY_PHASE 1_ DESKTOP MEDIUM RECTANGLE - CJ INTERACTORS LAL MODELING_Run of Site_Behavioral_P18+_300 x 250_Standard_NV_NA,204447743,10/13/2017,132135,9249,122886,25,122861,11103,111758,62550,49208,11128,6228,68778
TJN_TJX_TJMaxx 2H DIG_FY18,xAd Inc.,PJMTNC_TJN_TJX_028_Mobile_GROUND TRUTH FKA XAD_DST_SV1_MAP_DIR_DSP_TRG_RON_BTG_BTG_DVY_PHASE 1_BEHAVIORAL AUDIENCE TRENDSETTERS PLACEMENT - STANDARD BANNER - Maxx You Maxx Life_Run of Network_Behavioral_F25-54_320 x 50_Click and View_NV_NA,204447830,9/18/2017,21973,234,21739,3963,17776,205,17571,14951,2620,4168,3547,18498
TJN_TJX_TJMaxx 2H DIG_FY18,Viant,"PJNSH6_TJN_TJX_028_Data_VIANT INC_DSI_SV1_TWB_DIR_DSP_TRG_RON_BTG_CTG_DVY_PHASE 1_VIANT DIRECT MATCH RETAIL, COMPETITIVE CONQUESTING, DISPLAY_Fixed Placement_Behavioral_F25-54_160 x 600_Standard_NV_NA",204483604,9/21/2017,21,0,21,0,21,2,19,9,10,2,1,10
TJN_TJX_TJMaxx 2H DIG_FY18,Conversant Inc.,PJNPM2_TJN_TJX_028_Audience_CONVERSANT_DST_SV1_MAP_NET_DSP_TRG_RON_BTG_BTG_DVY_PHASE 1_ SMARTPHONE MEDIUM RECTANGLE  - CJ CONVERTERS LAL MODELING_Run of Site_Behavioral_P18+_300 x 250_Standard_NV_NA,204442021,10/3/2017,1952,31,1921,0,1921,647,1274,325,949,647,165,490
TJN_TJX_TJMaxx 2H DIG_FY18,Viant,"PJNSGQ_TJN_TJX_028_Data_VIANT INC_DSI_SV1_MWB_DIR_DSP_TRG_RON_BTG_CTG_DVY_PHASE 1_VIANT DIRECT MATCH RETAIL, TJX PORFOLIO LOYALISTS, DISPLAY_Fixed Placement_Behavioral_F25-54_300 x 250_Standard_NV_NA",204482395,10/3/2017,88,1,87,0,87,10,77,21,56,10,3,24
TJN_TJX_TJMaxx 2H DIG_FY18,Conversant Inc.,PJPTLK_TJN_TJC_031_Audience_CONVERSANT_PUR_ROI_DSK_NET_DSP_TRG_RON_BTG_BTG_DVY_DESKTOP RECTANGLE- TRENDSETTERS_Run of Site_Other_P18+_300 x 600_Standard_NV_NA,204483963,10/15/2017,4293,785,3508,0,3508,596,2912,1349,1563,596,276,1625
TJN_TJX_TJMaxx 2H DIG_FY18,Foursquare,"PJPSSW_TJN_TJX_028_Audience_FOURSQUARE LABS, INC_DST_SV1_MAP_PRO_RCH_TRG_RON_PXT_BTG_DVY_PHASE 1_MOBILE RICH MEDIA STRATEGIC SAVERS - Find A TJ Maxx Store_Run of Network_Geo_F25-54_320 x 50_Standard_NV_NA",204525357,10/7/2017,25305,702,24603,10866,13737,1792,11945,6885,5060,12658,7296,14181
TJN_TJX_TJMaxx 2H DIG_FY18,Viant,"PK2V4T_TJN_TJX_028_Data_VIANT INC_DSI_SV1_TWB_DIR_RCH_TRG_INT_BTG_CTG_DVY_PHASE 1_VIANT IMP, W25-54 STRATEGIC SAVERS, CONTOBOX - Fall Homes_Fixed Placement_Behavioral_F25-54_160 x 600_Click and View_NV_NA",205687933,10/18/2017,8,3,5,2,3,1,2,2,0,3,3,5
TJN_TJX_TJMaxx 2H DIG_FY18,NBC Universal Media,PK2KJY_TJN_TJX_028_Content_NBCUNI.COM_BAF_BS2_DSK_DIR_VID_SPN_ROS_BTG_CTG_MOA_THIS IS US SPONSORSHIP: DESKTOP - VIGNETTE 3_Run of Site_Behavioral_F25-54_1920 x 1080_Click and View_NV_NA,205659768,10/10/2017,20150,371,19779,19779,0,0,0,0,0,19779,12791,12791
TJN_TJX_TJMaxx 2H DIG_FY18,Viant,"PKGK9X_TJN_TJX_028_Data_VIANT INC_DSI_SV1_TWB_DIR_CUS_TRG_NAT_BTG_CTG_DVY_PHASE 1_VIANT LIFESTYLE, TRENDSETTERS NATIVE- Booties_Fixed Placement_Contextual_F25-54_0 x 0_Click and View_NV_NA",206833284,10/16/2017,6702,156,6546,6546,0,0,0,0,0,6546,4254,4254
TJN_MAR_023_Marshalls 2H Digital_F18,xAd Inc.,PJQ0YS_TJN_MAR_023_Mobile_GROUND TRUTH FKA XAD_DST_SV1_MAP_DIR_DSP_TRG_RON_DMA_BTG_DVY_AV DMA TARGETING_Run of Network_Geo_F25-54_300 x 250_Click and View_NV_NA,204558337,10/20/2017,35577,501,35076,14112,20964,206,20758,15578,5180,14318,10745,26323
TJN_TJX_TJMaxx 2H DIG_FY18,Foursquare,"PJMQ2K_TJN_TJX_028_Audience_FOURSQUARE LABS, INC_DST_SV1_MAP_PRO_DSP_TRG_RON_PXT_BTG_DVY_PHASE 1_PINPOINT STRATEGIC SAVERS_Run of Network_Geo_F25-54_320 x 50_Standard_NV_NA",204483454,9/19/2017,165541,10652,154889,66487,88402,4095,84307,62786,21521,70582,52565,115351
TJN_TJX_TJMaxx 2H DIG_FY18,Foursquare,"PKFMM6_TJN_TJX_028_Audience_FOURSQUARE LABS, INC_DST_SV1_MAP_PRO_RCH_TRG_RON_PXT_BTG_DVY_PHASE 1_MOBILE RICH MEDIA STRATEGIC SAVERS - Dresses_Run of Network_Geo_F25-54_300 x 250_Standard_NV_NA",206772518,10/19/2017,2850,189,2661,2298,363,153,210,112,98,2451,1307,1419
TJN_TJX_TJMaxx 2H DIG_FY18,Conversant Inc.,PJPWBY_TJN_TJX_028_Audience_CONVERSANT_DST_SV1_MAP_NET_DSP_TRG_RON_BTG_BTG_DVY_PHASE 1_ SMARTPHONE SMALL BANNER  - CJ INTERACTORS LAL MODELING_Run of Site_Behavioral_P18+_320 x 50_Standard_NV_NA,204442030,10/9/2017,27616,254,27362,56,27306,3898,23408,12978,10430,3954,2192,15170
TJN_TJX_TJMaxx 2H DIG_FY18,NBC Universal Media,PK2JQY_TJN_TJX_028_Content_NBCUNI.COM_BAF_BS2_OTT_DIR_VID_SPN_ROS_BTG_CTG_MOA_THIS IS US SPONSORSHIP: OTT - VIGNETTE 1_Run of Site_Behavioral_F25-54_1920 x 1080_Click and View_NV_NA,205566374,10/1/2017,2187,4,2183,2183,0,0,0,0,0,2183,1570,1570
TJN_TJX_TJMaxx 2H DIG_FY18,NBC Universal Media,PK3H7J_TJN_TJX_028_Content_NBCUNI.COM_BAF_BS2_DSK_DIR_DSP_SPN_HPT_CTG_CTG_DCM_100% SOV NBC THIS IS US ROADBLOCK 9/26 - 728X90 MOBILE_HP Takeover_Contextual_F25-54_728 x 90_Standard_NV_NA,205727727,9/28/2017,4,0,4,0,4,0,4,4,0,0,0,4
TJN_TJX_TJMaxx 2H DIG_FY18,Viant,"PJSPCD_TJN_TJC_031_Data_VIANT INC_PUR_ROI_DSK_DIR_DSP_TRG_RON_BTG_MKT_DVY_W25-54 + ONLINE SHOPPERS, CROSS DEVICE DISPLAY_Fixed Placement_Behavioral_F25-54_728 x 90_Click_NV_NA",204733044,10/21/2017,28528,239,28289,28,28261,2078,26183,18589,7594,2106,1495,20084
TJN_TJX_TJMaxx 2H DIG_FY18,Viant,"PK2V4Z_TJN_TJX_028_Data_VIANT INC_DSI_SV1_MWB_DIR_RCH_TRG_INT_BTG_CTG_DVY_PHASE 1_VIANT IMP, W25-54 STRATEGIC SAVERS, CONTOBOX - Fall Homes_Fixed Placement_Behavioral_F25-54_300 x 250_Click and View_NV_NA",205726911,10/7/2017,2861,38,2823,3,2820,191,2629,460,2169,194,34,494
TJN_MAR_023_Marshalls 2H Digital_F18,NinthDecimal,PJPSRR_TJN_MAR_023_Mobile_NINTHDECIMAL_DST_SV1_MAP_DIR_RCH_TRG_RON_PXT_DMA_DVY_GEOFENCE: 2-MILE RADIUS AROUND URBAN STORES_Run of Network_Geo_F25-54_320 x 50_Click and View_NV_NA,204541523,9/12/2017,27301,1056,26245,11999,14246,84,14162,13775,387,12083,11753,25528
TJN_TJX_TJMaxx 2H DIG_FY18,Viant,PJPXKV_TJN_TJX_028_Data_VIANT INC_DSI_SV1_DSK_DIR_DSP_TRG_RON_BTG_CTG_DVY_PHASE 1_DESKTOP DISPLAY VIANT IMP TARGETING - STRATEGIC SAVERS AV_Fixed Placement_Demo_F25-54_728 x 90_Standard_NV_NA,204526986,10/6/2017,40,18,22,0,22,2,20,9,11,2,1,10
TJN_TJX_TJMaxx 2H DIG_FY18,NBC Universal Media,PK2KJV_TJN_TJX_028_Content_NBCUNI.COM_BAF_BS2_OTT_DIR_VID_SPN_ROS_BTG_CTG_MOA_THIS IS US SPONSORSHIP: OTT - VIGNETTE 2_Run of Site_Behavioral_F25-54_1920 x 1080_Click and View_NV_NA,205613677,10/13/2017,1,0,1,1,0,0,0,0,0,1,1,1
TJN_TJX_TJMaxx 2H DIG_FY18,Foursquare,"PJPRVH_TJN_TJX_028_Audience_FOURSQUARE LABS, INC_DST_SV1_MAP_PRO_DSP_TRG_RON_PXT_BTG_DVY_PHASE 1_PINPOINT COMPETITIVE CONQUESTING AV_Run of Network_Geo_F25-54_320 x 50_Standard_NV_NA",204478088,9/14/2017,2259,60,2199,1463,736,25,711,580,131,1488,1214,1794
TJN_TJX_TJMaxx 2H DIG_FY18,Viant,"PJSPBZ_TJN_TJC_031_Data_VIANT INC_PUR_ROI_TWB_DIR_DSP_TRG_RON_BTG_MKT_DVY_DETERMINSTIC LAL OF ECOM CONVERTERS, CROSS DEVICE DISPLAY_Fixed Placement_Behavioral_F25-54_160 x 600_Click_NV_NA",204716194,10/4/2017,76,5,71,0,71,17,54,8,46,17,3,11
TJN_TJX_TJMaxx 2H DIG_FY18,Hulu,PK3F7F_TJN_TJX_027_Content_HULU_BAF_BS2_DSK_DIR_CUS_SPN_CHS_CTG_CTG_DVY_HULU ROS: PREMIUM SLATE - DESKTOP_FEP_Contextual_F25-54_1920 x 1080_Standard_NV_NA,205683925,10/20/2017,2862,43,2819,2819,0,0,0,0,0,2819,1678,1678
TJN_TJX_TJMaxx 2H DIG_FY18,Viant,"PJNSGS_TJN_TJX_028_Data_VIANT INC_DSI_SV1_MWB_DIR_DSP_TRG_RON_BTG_CTG_DVY_PHASE 1_VIANT DIRECT MATCH RETAIL, TJX PORFOLIO LOYALISTS, DISPLAY_Fixed Placement_Behavioral_F25-54_320 x 50_Standard_NV_NA",204524922,9/17/2017,3845,7,3838,0,3838,205,3633,2857,776,205,161,3018
TJN_TJX_TJMaxx 2H DIG_FY18,Foursquare,"PJPRQJ_TJN_TJX_028_Audience_FOURSQUARE LABS, INC_DST_SV1_MAP_PRO_DSP_TRG_RON_PXT_BTG_DVY_PHASE 1_PINPOINT STRATEGIC SAVERS AV_Run of Network_Geo_F25-54_320 x 50_Standard_NV_NA",204525369,9/27/2017,2225,38,2187,197,1990,73,1917,1454,463,270,205,1659
TJN_TJX_TJMaxx 2H DIG_FY18,Viant,PJPXKR_TJN_TJX_028_Data_VIANT INC_DSI_SV1_DSK_DIR_DSP_TRG_RON_BTG_CTG_DVY_PHASE 1_DESKTOP DISPLAY VIANT IMP TARGETING - STRATEGIC SAVERS AV_Fixed Placement_Demo_F25-54_300 x 250_Standard_NV_NA,204475841,10/20/2017,15369,4459,10910,13,10897,822,10075,2124,7951,835,176,2300
TJN_TJX_TJMaxx 2H DIG_FY18,Viant,PJPXKV_TJN_TJX_028_Data_VIANT INC_DSI_SV1_DSK_DIR_DSP_TRG_RON_BTG_CTG_DVY_PHASE 1_DESKTOP DISPLAY VIANT IMP TARGETING - STRATEGIC SAVERS AV_Fixed Placement_Demo_F25-54_728 x 90_Standard_NV_NA,204526986,10/11/2017,229,89,140,0,140,36,104,75,29,36,26,101
TJN_TJX_TJMaxx 2H DIG_FY18,Foursquare,"PJPQL0_TJN_TJX_028_Audience_FOURSQUARE LABS, INC_DST_SV1_MAP_PRO_DSP_TRG_RON_PXT_BTG_DVY_PHASE 1_PINPOINT TRENDSETTERS_Run of Network_Geo_F25-54_320 x 50_Standard_NV_NA",204478094,9/11/2017,79692,2965,76727,47517,29210,1257,27953,18674,9279,48774,32583,51257
TJN_TJX_TJMaxx 2H DIG_FY18,Foursquare,"PJMQ2K_TJN_TJX_028_Audience_FOURSQUARE LABS, INC_DST_SV1_MAP_PRO_DSP_TRG_RON_PXT_BTG_DVY_PHASE 1_PINPOINT STRATEGIC SAVERS_Run of Network_Geo_F25-54_320 x 50_Standard_NV_NA",204483454,10/13/2017,125030,1769,123261,59947,63314,2875,60439,47271,13168,62822,49135,96406
TJN_TJX_TJMaxx 2H DIG_FY18,Conversant Inc.,PJNPMH_TJN_TJC_031_Audience_CONVERSANT_PUR_ROI_MAP_NET_DSP_TRG_RON_BTG_BTG_DVY_SMARTPHONE SMALL BANNER - STRATEGIC SAVERS_Run of Site_Other_P18+_320 x 50_Standard_NV_NA,204442066,10/7/2017,20353,504,19849,0,19849,3521,16328,12270,4058,3521,2646,14916
TJN_TJX_TJMaxx 2H DIG_FY18,Viant,"PJNSGP_TJN_TJX_028_Data_VIANT INC_DSI_SV1_MWB_DIR_DSP_TRG_RON_BTG_CTG_DVY_PHASE 1_VIANT DIRECT MATCH RETAIL, TJX PORFOLIO LOYALISTS, DISPLAY_Fixed Placement_Behavioral_F25-54_300 x 50_Standard_NV_NA",204525579,10/21/2017,22,0,22,0,22,2,20,16,4,2,2,18
TJN_MAR_023_Marshalls 2H Digital_F18,Bustle,PKG3Z8_TJN_MAR_023_Content_BUSTLE_Custom Content Roadblock Custom Shot Feature 2 - Panoramic_Roadblock_Contextual_F25-54_1 x 1_Click and View_NV_NA,206711606,10/13/2017,4,1,3,0,3,3,0,0,0,3,3,3
TJN_TJX_TJMaxx 2H DIG_FY18,NBC Universal Media,PK2JQY_TJN_TJX_028_Content_NBCUNI.COM_BAF_BS2_OTT_DIR_VID_SPN_ROS_BTG_CTG_MOA_THIS IS US SPONSORSHIP: OTT - VIGNETTE 1_Run of Site_Behavioral_F25-54_1920 x 1080_Click and View_NV_NA,205566374,10/2/2017,1806,9,1797,1797,0,0,0,0,0,1797,1342,1342
TJN_TJX_TJMaxx 2H DIG_FY18,Conversant Inc.,PJPWPH_TJN_TJX_028_Audience_CONVERSANT_DST_SV1_MAP_NET_DSP_TRG_RON_BTG_BTG_DVY_PHASE 1_ SMARTPHONE MEDIUM RECTANGLE  - CONVERSANT SHOPPERS AV_Run of Site_Behavioral_P18+_300 x 250_Standard_NV_NA,204442060,10/16/2017,425,12,413,0,413,69,344,236,108,69,47,283
TJN_TJX_TJMaxx 2H DIG_FY18,Conversant Inc.,PJPTMM_TJN_TJC_031_Audience_CONVERSANT_PUR_ROI_MAP_NET_DSP_TRG_RON_BTG_BTG_DVY_SMARTPHONE SMALL BANNER - COMPETITIVE CONQUESTING_Run of Site_Other_P18+_320 x 50_Standard_NV_NA,204483939,9/21/2017,6,6,0,0,0,0,0,0,0,0,0,0
TJN_TJX_TJMaxx 2H DIG_FY18,Viant,"PJNSHB_TJN_TJX_028_Data_VIANT INC_DSI_SV1_MWB_DIR_DSP_TRG_RON_BTG_CTG_DVY_PHASE 1_VIANT DIRECT MATCH RETAIL, COMPETITIVE CONQUESTING, DISPLAY_Fixed Placement_Behavioral_F25-54_300 x 50_Standard_NV_NA",204478658,9/26/2017,318,6,312,0,312,16,296,246,50,16,13,259
TJN_TJX_TJMaxx 2H DIG_FY18,Conversant Inc.,PJPTLH_TJN_TJC_031_Audience_CONVERSANT_PUR_ROI_TAP_NET_DSP_TRG_RON_BTG_BTG_DVY_TABLET LEADERBOARD- TRENDSETTERS_Run of Site_Other_P18+_728 x 90_Standard_NV_NA,204447779,10/13/2017,188,4,184,32,152,11,141,134,7,43,41,175
TJN_TJX_TJMaxx 2H DIG_FY18,Foursquare,"PK0H82_TJN_TJX_028_Audience_FOURSQUARE LABS, INC_DST_SV1_MAP_PRO_RCH_TRG_RON_PXT_BTG_DVY_PHASE 1_MOBILE RICH MEDIA TRENDSETTERS - Find A Store_Run of Network_Geo_F25-54_320 x 50_Standard_NV_NA",205394971,10/9/2017,30869,718,30151,21937,8214,468,7746,5043,2703,22405,14587,19630
TJN_TJX_TJMaxx 2H DIG_FY18,Viant,"PK2X7K_TJN_TJX_028_Data_VIANT INC_DSI_SV1_DSK_DIR_RCH_TRG_INT_BTG_CTG_DVY_PHASE 1_VIANT IMP, W25-54 STRATEGIC SAVERS, CONTOBOX - Honeycomb_Fixed Placement_Behavioral_F25-54_160 x 600_Click and View_NV_NA",205726917,10/10/2017,368,23,345,3,342,16,326,111,215,19,6,117
TJN_TJX_TJMaxx 2H DIG_FY18,Conversant Inc.,PJPTLP_TJN_TJC_031_Audience_CONVERSANT_PUR_ROI_DSK_NET_DSP_TRG_RON_BTG_BTG_DVY_DESKTOP LEADERBOARD- TRENDSETTERS_Run of Site_Other_P18+_728 x 90_Standard_NV_NA,204447782,10/15/2017,16478,2960,13518,0,13518,1301,12217,9203,3014,1301,980,10183
TJN_TJX_TJMaxx 2H DIG_FY18,Viant,"PJSPBR_TJN_TJC_031_Data_VIANT INC_PUR_ROI_DSK_DIR_DSP_TRG_RON_BTG_MKT_DVY_DETERMINSTIC LAL OF ECOM CONVERTERS, CROSS DEVICE DISPLAY_Fixed Placement_Behavioral_F25-54_300 x 250_Click_NV_NA",204715645,10/9/2017,42373,4265,38108,0,38108,1574,36534,28968,7566,1574,1248,30216
TJN_TJX_TJMaxx 2H DIG_FY18,Foursquare,"PJMQ2K_TJN_TJX_028_Audience_FOURSQUARE LABS, INC_DST_SV1_MAP_PRO_DSP_TRG_RON_PXT_BTG_DVY_PHASE 1_PINPOINT STRATEGIC SAVERS_Run of Network_Geo_F25-54_320 x 50_Standard_NV_NA",204483454,9/13/2017,73024,4526,68498,36411,32087,1963,30124,20634,9490,38374,26285,46919
TJN_TJX_TJMaxx 2H DIG_FY18,Viant,"PJSPBS_TJN_TJC_031_Data_VIANT INC_PUR_ROI_DSK_DIR_DSP_TRG_RON_BTG_MKT_DVY_DETERMINSTIC LAL OF ECOM CONVERTERS, CROSS DEVICE DISPLAY_Fixed Placement_Behavioral_F25-54_728 x 90_Click_NV_NA",204733518,10/7/2017,7354,600,6754,0,6754,363,6391,5484,907,363,311,5795
TJN_TJX_TJMaxx 2H DIG_FY18,Viant,"PJNSHF_TJN_TJX_028_Data_VIANT INC_DSI_SV1_MWB_DIR_DSP_TRG_RON_BTG_CTG_DVY_PHASE 1_VIANT DIRECT MATCH RETAIL, COMPETITIVE CONQUESTING, DISPLAY_Fixed Placement_Behavioral_F25-54_300 x 250_Standard_NV_NA",204483016,10/15/2017,1368,23,1345,0,1345,187,1158,968,190,187,156,1124
TJN_TJX_TJMaxx 2H DIG_FY18,xAd Inc.,PJYDBQ_TJN_TJX_028_Mobile_GROUND TRUTH FKA XAD_DST_SV1_MAP_DIR_RCH_TRG_RON_BTG_BTG_DVY_PHASE 1_BEHAVIORAL AUDIENCE TRENDSETTERS PLACEMENT - RICH MEDIA STORE LOCATOR - Fall Hero_Run of Network_Behavioral_F25-54_300 x 250_Click and View_NV_NA,205145231,10/13/2017,2885,48,2837,29,2808,11,2797,2673,124,40,38,2711
TJN_MAR_023_Marshalls 2H Digital_F18,xAd Inc.,PJQ0YF_TJN_MAR_023_Mobile_GROUND TRUTH FKA XAD_DST_SV1_MAP_DIR_RCH_TRG_RON_WEA_PXT_DVY_PROXIMITY CONQUESTING - WEATHER LOCATOR UNIT_Run of Network_Weather_F25-54_300 x 250_Click and View_NV_NA,204596913,9/5/2017,131,0,131,0,131,0,131,126,5,0,0,126
TJN_TJX_TJMaxx 2H DIG_FY18,Viant,"PK2X7H_TJN_TJX_028_Data_VIANT INC_DSI_SV1_MWB_DIR_RCH_TRG_INT_BTG_CTG_DVY_PHASE 1_VIANT IMP, W25-54 STRATEGIC SAVERS, CONTOBOX - Honeycomb_Fixed Placement_Behavioral_F25-54_320 x 50_Click and View_NV_NA",205725975,9/29/2017,33143,477,32666,4,32662,7143,25519,12967,12552,7147,3632,16599
TJN_TJX_TJMaxx 2H DIG_FY18,Viant,"PK2V4S_TJN_TJX_028_Data_VIANT INC_DSI_SV1_TWB_DIR_RCH_TRG_INT_BTG_CTG_DVY_PHASE 1_VIANT IMP, W25-54 STRATEGIC SAVERS, CONTOBOX - Fall Homes_Fixed Placement_Behavioral_F25-54_300 x 250_Click and View_NV_NA",205687927,9/25/2017,4158,55,4103,4,4099,458,3641,1134,2507,462,144,1278
TJN_TJX_TJMaxx 2H DIG_FY18,Viant,"PKGJ4T_TJN_TJC_031_Data_VIANT INC_PUR_ROI_DSK_DIR_CUS_TRG_NAT_BTG_MKT_DVY_W25-54 + KEYWORD TARGETING, CROSS DEVICE NATIVE - Booties_Fixed Placement_Contextual_F25-54_1 x 1_Click_NV_NA",206771945,10/16/2017,6797,374,6423,6423,0,0,0,0,0,6423,4174,4174
TJN_MAR_023_Marshalls 2H Digital_F18,xAd Inc.,PJQ0YH_TJN_MAR_023_Mobile_GROUND TRUTH FKA XAD_DST_SV1_MAP_DIR_DSP_TRG_RON_BTG_DMA_DVY_BEHAVIORAL - FASHION SHOPPER - DYNAMIC DISTANCE_Run of Network_Behavioral_F25-54_300 x 250_Click and View_NV_NA,204543443,10/16/2017,62225,3078,59147,59145,2,0,2,2,0,59145,59145,59147
TJN_TJX_TJMaxx 2H DIG_FY18,Viant,"PJNSGN_TJN_TJX_028_Data_VIANT INC_DSI_SV1_TWB_DIR_DSP_TRG_RON_BTG_CTG_DVY_PHASE 1_VIANT DIRECT MATCH RETAIL, TJX PORFOLIO LOYALISTS, DISPLAY_Fixed Placement_Behavioral_F25-54_300 x 250_Standard_NV_NA",204526347,9/11/2017,194,4,190,0,190,5,185,101,84,5,3,104
TJN_TJX_TJMaxx 2H DIG_FY18,xAd Inc.,PJPXJZ_TJN_TJX_028_Mobile_GROUND TRUTH FKA XAD_DST_SV1_MAP_DIR_DSP_TRG_RON_BTG_BTG_DVY_PHASE 1_BEHAVIORAL AUDIENCE TRENDSETTERS PLACEMENT - STANDARD BANNER - Fall Hero_Run of Network_Behavioral_F25-54_300 x 250_Click and View_NV_NA,204446156,10/12/2017,8171,113,8058,8057,1,0,1,1,0,8057,8057,8058
TJN_TJX_TJMaxx 2H DIG_FY18,Viant,"PKGJX4_TJN_TJX_028_Data_VIANT INC_DSI_SV1_DSK_DIR_RCH_TRG_INT_BTG_CTG_DVY_PHASE 1_VIANT IMP, W25-54 STRATEGIC SAVERS, CONTOBOX - Dresses_Fixed Placement_Behavioral_F25-54_300 x 250_Click and View_NV_NA",206772425,10/19/2017,12,5,7,1,6,0,6,3,3,1,1,4
TJN_TJX_TJMaxx 2H DIG_FY18,xAd Inc.,PJMTNR_TJN_TJX_028_Mobile_GROUND TRUTH FKA XAD_DST_SV1_MAP_DIR_RCH_TRG_RON_BTG_BTG_DVY_PHASE 1_BEHAVIORAL AUDIENCE STRATEGIC SAVERS PLACEMENT - RICH MEDIA STORE LOCATOR - Fall Handbag_Run of Network_Behavioral_F25-54_300 x 250_Click and View_NV_NA,204442108,10/18/2017,3,0,3,3,0,0,0,0,0,3,1,1
TJN_TJX_TJMaxx 2H DIG_FY18,Foursquare,"PKFMJQ_TJN_TJX_028_Audience_FOURSQUARE LABS, INC_DST_SV1_MAP_PRO_RCH_TRG_RON_PXT_BTG_DVY_PHASE 1_MOBILE RICH MEDIA COMPETITIVE CONQUESTING - Dresses_Run of Network_Geo_F25-54_300 x 250_Standard_NV_NA",206834001,10/20/2017,28,2,26,21,5,4,1,1,0,25,25,26
TJN_TJX_TJMaxx 2H DIG_FY18,Viant,"PJNSHC_TJN_TJX_028_Data_VIANT INC_DSI_SV1_DSK_DIR_DSP_TRG_RON_BTG_CTG_DVY_PHASE 1_VIANT DIRECT MATCH RETAIL, COMPETITIVE CONQUESTING, DISPLAY_Fixed Placement_Behavioral_F25-54_300 x 250_Standard_NV_NA",204478655,9/25/2017,26114,1555,24559,0,24559,2003,22556,14874,7682,2003,1321,16195
TJN_MAR_023_Marshalls 2H Digital_F18,Bustle,PK5G3V_TJN_MAR_023_Content_BUSTLE_Native Content Module - Fall Fashion Finds Topics Page_Run of Site_Contextual_F25-54_1 x 1_Click and View_NV_NA,206334768,10/14/2017,7070,116,6954,4,6950,6356,594,293,301,6360,3137,3430
TJN_TJX_TJMaxx 2H DIG_FY18,xAd Inc.,PJMTN0_TJN_TJX_028_Mobile_GROUND TRUTH FKA XAD_DST_SV1_MAP_DIR_DSP_TRG_RON_RTG_RTG_DVY_PHASE 1_LOCATION AUDIENCE TJX SHOPPERS PLACEMENT - STANDARD BANNER - Fall Handbag_Run of Network_Retarget_F25-54_300 x 250_Click and View_NV_NA,204447842,9/7/2017,9359,334,9025,7960,1065,15,1050,1014,36,7975,7702,8716
TJN_TJX_TJMaxx 2H DIG_FY18,PlaceIQ,PKFRB1_TJN_TJX_028_Mobile_PLACEIQ INC_DST_SV1_MAP_DIR_DSP_TRG_RON_BTG_PXT_DVY_PHASE 1_STANDARD BANNER_TJX PROXIMITY LOYALISTS_LIVE BY TJMAXX - Dresses_Run of Network_Behavioral_F25-54_300 x 250_Click and View_NV_NA,206812519,10/20/2017,200,29,171,99,72,2,70,68,2,101,98,166
TJN_TJX_TJMaxx 2H DIG_FY18,Viant,"PJNSH8_TJN_TJX_028_Data_VIANT INC_DSI_SV1_TWB_DIR_DSP_TRG_RON_BTG_CTG_DVY_PHASE 1_VIANT DIRECT MATCH RETAIL, COMPETITIVE CONQUESTING, DISPLAY_Fixed Placement_Behavioral_F25-54_728 x 90_Standard_NV_NA",204483019,9/7/2017,314,54,260,0,260,104,156,65,91,104,43,108
TJN_TJX_TJMaxx 2H DIG_FY18,Viant,"PK2X7C_TJN_TJX_028_Data_VIANT INC_DSI_SV1_TWB_DIR_RCH_TRG_INT_BTG_CTG_DVY_PHASE 1_VIANT IMP, W25-54 STRATEGIC SAVERS, CONTOBOX - Honeycomb_Fixed Placement_Behavioral_F25-54_160 x 600_Click and View_NV_NA",205685992,9/25/2017,236,7,229,6,223,18,205,43,162,24,5,48
TJN_TJX_TJMaxx 2H DIG_FY18,PlaceIQ,PKF2JD_TJN_TJX_028_Mobile_PLACEIQ INC_DST_SV1_MAP_DIR_RCH_TRG_RON_BTG_PTG_DVY_PHASE 1_RICH MEDIA_STRATEGIC SAVERS_APPAREL OR FURNISHINGS DISCRETIONARY SPEND+IMPULSE BUYER SHOPPERS - Rich Media Version 2_Run of Network_Behavioral_F25-54_320 x 50_Click and,206771783,10/21/2017,26056,650,25406,10897,14509,540,13969,13809,160,11437,11306,25115
TJN_TJX_TJMaxx 2H DIG_FY18,Viant,"PKGK1J_TJN_TJX_028_Data_VIANT INC_DSI_SV1_TWB_DIR_RCH_TRG_INT_BTG_CTG_DVY_PHASE 1_VIANT IMP, W25-54 STRATEGIC SAVERS, CONTOBOX - Dresses_Fixed Placement_Behavioral_F25-54_160 x 600_Click and View_NV_NA",206772461,10/18/2017,10,6,4,1,3,0,3,3,0,1,1,4
TJN_TJX_TJMaxx 2H DIG_FY18,xAd Inc.,PJMTN4_TJN_TJX_028_Mobile_GROUND TRUTH FKA XAD_DST_SV1_MAP_DIR_RCH_TRG_RON_BTG_BTG_DVY_PHASE 1_BEHAVIORAL AUDIENCE TRENDSETTERS PLACEMENT - RICH MEDIA STORE LOCATOR - Fall Handbag_Run of Network_Behavioral_F25-54_300 x 250_Click and View_NV_NA,204447281,9/6/2017,7655,127,7528,1586,5942,56,5886,5646,240,1642,1575,7221
TJN_TJX_TJMaxx 2H DIG_FY18,PlaceIQ,PK1YGX_TJN_TJX_028_Mobile_PLACEIQ INC_DST_SV1_MAP_DIR_DSP_TRG_RON_BTG_PXT_DVY_PHASE 1_STANDARD BANNER_TRENDSETTERS_APPROVAL SEEKING SHOPPERS+LIVE OR WORK BY TJMAXX - TJ Maxx_Run of Network_Behavioral_F25-54_320 x 50_Click and View_NV_NA,205563545,10/18/2017,29719,597,29122,12963,16159,162,15997,15852,145,13125,13006,28858
TJN_TJX_TJMaxx 2H DIG_FY18,Foursquare,"PJPSSX_TJN_TJX_028_Audience_FOURSQUARE LABS, INC_DST_SV1_MAP_PRO_RCH_TRG_RON_PXT_BTG_DVY_PHASE 1_MOBILE RICH MEDIA TRENDSETTERS - Fall Handbag_Run of Network_Geo_F25-54_300 x 250_Standard_NV_NA",204525354,10/7/2017,231,12,219,83,136,4,132,40,92,87,26,66
TJN_TJX_TJMaxx 2H DIG_FY18,xAd Inc.,PJMTN8_TJN_TJX_028_Mobile_GROUND TRUTH FKA XAD_DST_SV1_MAP_DIR_DSP_TRG_RON_BTG_BTG_DVY_PHASE 1_BEHAVIORAL AUDIENCE STRATEGIC SAVERS PLACEMENT - STANDARD BANNER - Maxx You Maxx Life_Run of Network_Behavioral_F25-54_320 x 50_Click and View_NV_NA,204447851,10/17/2017,12830,170,12660,3113,9547,122,9425,7179,2246,3235,2464,9643
TJN_TJX_TJMaxx 2H DIG_FY18,Viant,"PJNSHD_TJN_TJX_028_Data_VIANT INC_DSI_SV1_DSK_DIR_DSP_TRG_RON_BTG_CTG_DVY_PHASE 1_VIANT DIRECT MATCH RETAIL, COMPETITIVE CONQUESTING, DISPLAY_Fixed Placement_Behavioral_F25-54_160 x 600_Standard_NV_NA",204477281,9/15/2017,55,1,54,0,54,2,52,38,14,2,1,39
TJN_TJX_TJMaxx 2H DIG_FY18,xAd Inc.,PJMTMZ_TJN_TJX_028_Mobile_GROUND TRUTH FKA XAD_DST_SV1_MAP_DIR_DSP_TRG_RON_RTG_RTG_DVY_PHASE 1_LOCATION AUDIENCE TJX SHOPPERS PLACEMENT - STANDARD BANNER - Maxx You Maxx Life_Run of Network_Retarget_F25-54_320 x 50_Click and View_NV_NA,204484011,9/7/2017,33814,573,33241,4221,29020,18812,10208,8351,1857,23033,18923,27274
TJN_TJX_TJMaxx 2H DIG_FY18,Foursquare,"PJPRVH_TJN_TJX_028_Audience_FOURSQUARE LABS, INC_DST_SV1_MAP_PRO_DSP_TRG_RON_PXT_BTG_DVY_PHASE 1_PINPOINT COMPETITIVE CONQUESTING AV_Run of Network_Geo_F25-54_320 x 50_Standard_NV_NA",204478088,9/5/2017,7718,458,7260,5775,1485,41,1444,1173,271,5816,4724,5897
TJN_TJX_TJMaxx 2H DIG_FY18,NBC Universal Media,PK2KL1_TJN_TJX_028_Content_NBCUNI.COM_BAF_BS2_OTT_DIR_VID_SPN_ROS_BTG_CTG_MOA_THIS IS US SPONSORSHIP: OTT - VIGNETTE 3_Run of Site_Behavioral_F25-54_1920 x 1080_Click and View_NV_NA,205614505,10/19/2017,47222,69,47153,47153,0,0,0,0,0,47153,36987,36987
TJN_TJX_TJMaxx 2H DIG_FY18,Foursquare,"PJPQL0_TJN_TJX_028_Audience_FOURSQUARE LABS, INC_DST_SV1_MAP_PRO_DSP_TRG_RON_PXT_BTG_DVY_PHASE 1_PINPOINT TRENDSETTERS_Run of Network_Geo_F25-54_320 x 50_Standard_NV_NA",204478094,9/26/2017,114903,4885,110018,71431,38587,1298,37289,30086,7203,72729,58680,88766
TJN_TJX_TJMaxx 2H DIG_FY18,xAd Inc.,PJPXJQ_TJN_TJX_028_Mobile_GROUND TRUTH FKA XAD_DST_SV1_MAP_DIR_DSP_TRG_RON_RTG_RTG_DVY_PHASE 1_LOCATION AUDIENCE TJX SHOPPERS PLACEMENT - STANDARD BANNER - TJMaxx_Run of Network_Retarget_F25-54_320 x 50_Click and View_NV_NA,204447839,9/19/2017,33986,466,33520,11454,22066,3806,18260,15496,2764,15260,11737,27233
TJN_TJX_TJMaxx 2H DIG_FY18,Conversant Inc.,PJPTMM_TJN_TJC_031_Audience_CONVERSANT_PUR_ROI_MAP_NET_DSP_TRG_RON_BTG_BTG_DVY_SMARTPHONE SMALL BANNER - COMPETITIVE CONQUESTING_Run of Site_Other_P18+_320 x 50_Standard_NV_NA,204483939,10/6/2017,19282,422,18860,1,18859,3373,15486,9792,5694,3374,2133,11925
TJN_TJX_TJMaxx 2H DIG_FY18,Conversant Inc.,PJPWBY_TJN_TJX_028_Audience_CONVERSANT_DST_SV1_MAP_NET_DSP_TRG_RON_BTG_BTG_DVY_PHASE 1_ SMARTPHONE SMALL BANNER  - CJ INTERACTORS LAL MODELING_Run of Site_Behavioral_P18+_320 x 50_Standard_NV_NA,204442030,10/19/2017,5709,80,5629,23,5606,874,4732,2238,2494,897,424,2662
TJN_TJX_TJMaxx 2H DIG_FY18,Viant,"PJNSH9_TJN_TJX_028_Data_VIANT INC_DSI_SV1_TWB_DIR_DSP_TRG_RON_BTG_CTG_DVY_PHASE 1_VIANT DIRECT MATCH RETAIL, COMPETITIVE CONQUESTING, DISPLAY_Fixed Placement_Behavioral_F25-54_300 x 250_Standard_NV_NA",204526701,10/17/2017,13505,60,13445,0,13445,2659,10786,8567,2219,2659,2112,10679
TJN_TJX_TJMaxx 2H DIG_FY18,Foursquare,"PJPRVC_TJN_TJX_028_Audience_FOURSQUARE LABS, INC_DST_SV1_MAP_PRO_DSP_TRG_RON_PXT_BTG_DVY_PHASE 1_PINPOINT TRENDSETTERS AV_Run of Network_Geo_F25-54_320 x 50_Standard_NV_NA",204527421,9/13/2017,1582,167,1415,444,971,43,928,594,334,487,312,906
TJN_TJX_TJMaxx 2H DIG_FY18,Conversant Inc.,PJPWBT_TJN_TJX_028_Audience_CONVERSANT_DST_SV1_DSK_NET_DSP_TRG_RON_BTG_BTG_DVY_PHASE 1_ DESKTOP LEADERBOARD - CJ INTERACTORS LAL MODELING_Run of Site_Behavioral_P18+_728 x 90_Standard_NV_NA,204446096,10/12/2017,69544,4617,64927,21,64906,6236,58670,27751,30919,6257,2960,30711
TJN_TJX_TJMaxx 2H DIG_FY18,Viant,"PK2V4Y_TJN_TJX_028_Data_VIANT INC_DSI_SV1_MWB_DIR_RCH_TRG_INT_BTG_CTG_DVY_PHASE 1_VIANT IMP, W25-54 STRATEGIC SAVERS, CONTOBOX - Fall Homes_Fixed Placement_Behavioral_F25-54_320 x 50_Click and View_NV_NA",205685980,10/5/2017,8506,115,8391,6,8385,1544,6841,3440,3401,1550,779,4219
TJN_TJX_TJMaxx 2H DIG_FY18,Viant,"PJNSGQ_TJN_TJX_028_Data_VIANT INC_DSI_SV1_MWB_DIR_DSP_TRG_RON_BTG_CTG_DVY_PHASE 1_VIANT DIRECT MATCH RETAIL, TJX PORFOLIO LOYALISTS, DISPLAY_Fixed Placement_Behavioral_F25-54_300 x 250_Standard_NV_NA",204482395,9/23/2017,60,3,57,0,57,8,49,0,49,8,0,0
TJN_TJX_TJMaxx 2H DIG_FY18,Hulu,PK3CXJ_TJN_TJX_027_Content_HULU_BAF_BS2_MAP_DIR_CUS_SPN_CHS_CTG_CTG_DVY_FALL TV SPONSORSHIP: PREMIUM SLATE - MOBILE IN APP_FEP_Contextual_F25-54_1920 x 1080_Standard_NV_NA,205683919,10/15/2017,51510,322,51188,51188,0,0,0,0,0,51188,33812,33812
TJN_TJX_TJMaxx 2H DIG_FY18,Foursquare,"PJMQ2D_TJN_TJX_028_Audience_FOURSQUARE LABS, INC_DST_SV1_MAP_PRO_DSP_TRG_RON_PXT_BTG_DVY_PHASE 1_PINPOINT STRATEGIC SAVERS_Run of Network_Geo_F25-54_300 x 250_Standard_NV_NA",204483457,9/22/2017,11899,2398,9501,4574,4927,380,4547,2032,2515,4954,2214,4246
TJN_TJX_TJMaxx 2H DIG_FY18,Viant,"PJNSGN_TJN_TJX_028_Data_VIANT INC_DSI_SV1_TWB_DIR_DSP_TRG_RON_BTG_CTG_DVY_PHASE 1_VIANT DIRECT MATCH RETAIL, TJX PORFOLIO LOYALISTS, DISPLAY_Fixed Placement_Behavioral_F25-54_300 x 250_Standard_NV_NA",204526347,9/26/2017,334,4,330,0,330,24,306,194,112,24,15,209
TJN_TJX_TJMaxx 2H DIG_FY18,Foursquare,"PK0H81_TJN_TJX_028_Audience_FOURSQUARE LABS, INC_DST_SV1_MAP_PRO_RCH_TRG_RON_PXT_BTG_DVY_PHASE 1_MOBILE RICH MEDIA TRENDSETTERS - Fall Honeycomb_Run of Network_Geo_F25-54_300 x 250_Standard_NV_NA",205337093,10/18/2017,5,2,3,1,2,0,2,2,0,1,1,3
TJN_TJX_TJMaxx 2H DIG_FY18,Conversant Inc.,PJNPM2_TJN_TJX_028_Audience_CONVERSANT_DST_SV1_MAP_NET_DSP_TRG_RON_BTG_BTG_DVY_PHASE 1_ SMARTPHONE MEDIUM RECTANGLE  - CJ CONVERTERS LAL MODELING_Run of Site_Behavioral_P18+_300 x 250_Standard_NV_NA,204442021,10/2/2017,544,6,538,1,537,158,379,103,276,159,43,146
TJN_MAR_023_Marshalls 2H Digital_F18,xAd Inc.,PJQ0Y8_TJN_MAR_023_Mobile_GROUND TRUTH FKA XAD_DST_SV1_MAP_DIR_RCH_TRG_RON_WEA_PXT_DVY_PROXIMITY LOYALTY - WEATHER LOCATOR UNIT_Run of Network_Weather_F25-54_320 x 50_Click and View_NV_NA,204556189,10/20/2017,56435,1703,54732,30443,24289,294,23995,23102,893,30737,29593,52695
TJN_TJX_TJMaxx 2H DIG_FY18,Viant,"PJNSGQ_TJN_TJX_028_Data_VIANT INC_DSI_SV1_MWB_DIR_DSP_TRG_RON_BTG_CTG_DVY_PHASE 1_VIANT DIRECT MATCH RETAIL, TJX PORFOLIO LOYALISTS, DISPLAY_Fixed Placement_Behavioral_F25-54_300 x 250_Standard_NV_NA",204482395,10/2/2017,88,3,85,0,85,20,65,43,22,20,13,56
TJN_TJX_TJMaxx 2H DIG_FY18,Viant,PJPXKV_TJN_TJX_028_Data_VIANT INC_DSI_SV1_DSK_DIR_DSP_TRG_RON_BTG_CTG_DVY_PHASE 1_DESKTOP DISPLAY VIANT IMP TARGETING - STRATEGIC SAVERS AV_Fixed Placement_Demo_F25-54_728 x 90_Standard_NV_NA,204526986,9/21/2017,3,0,3,0,3,0,3,3,0,0,0,3
TJN_TJX_TJMaxx 2H DIG_FY18,Hulu,PK3F7G_TJN_TJX_027_Content_HULU_BAF_BS2_MAP_DIR_CUS_SPN_CHS_CTG_CTG_DVY_HULU ROS: PREMIUM SLATE - MOBILE IN APP_FEP_Contextual_F25-54_1920 x 1080_Standard_NV_NA,205634552,9/26/2017,16397,120,16277,16277,0,0,0,0,0,16277,11706,11706
TJN_TJX_TJMaxx 2H DIG_FY18,Viant,"PJNSGQ_TJN_TJX_028_Data_VIANT INC_DSI_SV1_MWB_DIR_DSP_TRG_RON_BTG_CTG_DVY_PHASE 1_VIANT DIRECT MATCH RETAIL, TJX PORFOLIO LOYALISTS, DISPLAY_Fixed Placement_Behavioral_F25-54_300 x 250_Standard_NV_NA",204482395,10/1/2017,116,5,111,0,111,33,78,45,33,33,19,64
TJN_TJX_TJMaxx 2H DIG_FY18,Conversant Inc.,PJPWPF_TJN_TJX_028_Audience_CONVERSANT_DST_SV1_TAP_NET_DSP_TRG_RON_BTG_BTG_DVY_PHASE 1_ TABLET LEADERBOARD - CONVERSANT SHOPPERS AV_Run of Site_Behavioral_P18+_728 x 90_Standard_NV_NA,204442915,10/8/2017,108,1,107,0,107,20,87,43,44,20,10,53
TJN_TJX_TJMaxx 2H DIG_FY18,Foursquare,"PJPSSZ_TJN_TJX_028_Audience_FOURSQUARE LABS, INC_DST_SV1_MAP_PRO_RCH_TRG_RON_PXT_BTG_DVY_PHASE 1_MOBILE RICH MEDIA COMPETITIVE CONQUESTING - Fall Handbag_Run of Network_Geo_F25-54_300 x 250_Standard_NV_NA",204478073,9/30/2017,1237,52,1185,302,883,34,849,481,368,336,190,671
TJN_MAR_023_Marshalls 2H Digital_F18,xAd Inc.,PJQ0YH_TJN_MAR_023_Mobile_GROUND TRUTH FKA XAD_DST_SV1_MAP_DIR_DSP_TRG_RON_BTG_DMA_DVY_BEHAVIORAL - FASHION SHOPPER - DYNAMIC DISTANCE_Run of Network_Behavioral_F25-54_300 x 250_Click and View_NV_NA,204543443,9/30/2017,13918,729,13189,13123,66,0,66,63,3,13123,12240,12303
TJN_TJX_TJMaxx 2H DIG_FY18,xAd Inc.,PJPXJQ_TJN_TJX_028_Mobile_GROUND TRUTH FKA XAD_DST_SV1_MAP_DIR_DSP_TRG_RON_RTG_RTG_DVY_PHASE 1_LOCATION AUDIENCE TJX SHOPPERS PLACEMENT - STANDARD BANNER - TJMaxx_Run of Network_Retarget_F25-54_320 x 50_Click and View_NV_NA,204447839,10/13/2017,8986,104,8882,3940,4942,1004,3938,2883,1055,4944,3103,5986
TJN_MAR_023_Marshalls 2H Digital_F18,NinthDecimal,PJPSRT_TJN_MAR_023_Mobile_NINTHDECIMAL_DST_SV1_MAP_DIR_RCH_TRG_RON_PXT_DMA_DVY_GEOFENCE: 15-20-MILE RADIUS AROUND RURAL STORES_Run of Network_Geo_F25-54_320 x 50_Click and View_NV_NA,204542885,9/27/2017,78472,1827,76645,37836,38809,226,38583,37646,937,38062,37138,74784
TJN_MAR_023_Marshalls 2H Digital_F18,xAd Inc.,PJQ0YL_TJN_MAR_023_Mobile_GROUND TRUTH FKA XAD_DST_SV1_MAP_DIR_DSP_TRG_RON_BTG_PXT_DVY_COMPETITOR SHOPPERS - DYNAMIC DISTANCE_Run of Network_Geo_F25-54_320 x 50_Click and View_NV_NA,204595638,10/20/2017,59920,926,58994,50427,8567,584,7983,6664,1319,51011,38648,45312
TJN_MAR_023_Marshalls 2H Digital_F18,xAd Inc.,PJQ0YF_TJN_MAR_023_Mobile_GROUND TRUTH FKA XAD_DST_SV1_MAP_DIR_RCH_TRG_RON_WEA_PXT_DVY_PROXIMITY CONQUESTING - WEATHER LOCATOR UNIT_Run of Network_Weather_F25-54_300 x 250_Click and View_NV_NA,204596913,9/14/2017,584,21,563,114,449,39,410,397,13,153,148,545
TJN_MAR_023_Marshalls 2H Digital_F18,NinthDecimal,"PJPSS1_TJN_MAR_023_Mobile_NINTHDECIMAL_DST_SV1_MAP_DIR_RCH_TRG_RON_BTG_DMA_DVY_TV TARGETING: PEOPLE WHO WATCH BRAVO, TLC, HGTV, A&E, LIFETIME, DISCOVERY_Run of Network_Behavioral_F25-54_320 x 50_Click and View_NV_NA",204541508,10/4/2017,10638,206,10432,3122,7310,42,7268,6913,355,3164,3009,9922
TJN_TJX_TJMaxx 2H DIG_FY18,Conversant Inc.,PJPTMM_TJN_TJC_031_Audience_CONVERSANT_PUR_ROI_MAP_NET_DSP_TRG_RON_BTG_BTG_DVY_SMARTPHONE SMALL BANNER - COMPETITIVE CONQUESTING_Run of Site_Other_P18+_320 x 50_Standard_NV_NA,204483939,10/11/2017,59697,996,58701,14,58687,6587,52100,39894,12206,6601,5055,44949
TJN_TJX_TJMaxx 2H DIG_FY18,xAd Inc.,PJPXK1_TJN_TJX_028_Mobile_GROUND TRUTH FKA XAD_DST_SV1_MAP_DIR_DSP_TRG_RON_PXT_PXT_DVY_PHASE 1_PROXIMITY LOYALTY PLACEMENT - STANDARD BANNER - TJMaxx_Run of Network_Geo_F25-54_320 x 50_Click and View_NV_NA,204483996,9/18/2017,38377,748,37629,13253,24376,2716,21660,15691,5969,15969,11119,26810
TJN_TJX_TJMaxx 2H DIG_FY18,Conversant Inc.,PJPTMH_TJN_TJC_031_Audience_CONVERSANT_PUR_ROI_TAP_NET_DSP_TRG_RON_BTG_BTG_DVY_TABLET LEADERBOARD- COMPETITIVE CONQUESTING_Run of Site_Other_P18+_728 x 90_Standard_NV_NA,204483936,10/17/2017,178,4,174,9,165,22,143,112,31,31,24,136
TJN_TJX_TJMaxx 2H DIG_FY18,xAd Inc.,PJPXJQ_TJN_TJX_028_Mobile_GROUND TRUTH FKA XAD_DST_SV1_MAP_DIR_DSP_TRG_RON_RTG_RTG_DVY_PHASE 1_LOCATION AUDIENCE TJX SHOPPERS PLACEMENT - STANDARD BANNER - TJMaxx_Run of Network_Retarget_F25-54_320 x 50_Click and View_NV_NA,204447839,9/13/2017,36588,611,35977,5560,30417,15669,14748,11098,3650,21229,15768,26866
TJN_TJX_TJMaxx 2H DIG_FY18,xAd Inc.,PJMTNQ_TJN_TJX_028_Mobile_GROUND TRUTH FKA XAD_DST_SV1_MAP_DIR_RCH_TRG_RON_BTG_BTG_DVY_PHASE 1_BEHAVIORAL AUDIENCE STRATEGIC SAVERS PLACEMENT - RICH MEDIA STORE LOCATOR - TJ Maxx_Run of Network_Behavioral_F25-54_320 x 50_Click and View_NV_NA,204447845,10/4/2017,10,1,9,7,2,2,0,0,0,9,7,7
TJN_MAR_023_Marshalls 2H Digital_F18,xAd Inc.,PJQ0YF_TJN_MAR_023_Mobile_GROUND TRUTH FKA XAD_DST_SV1_MAP_DIR_RCH_TRG_RON_WEA_PXT_DVY_PROXIMITY CONQUESTING - WEATHER LOCATOR UNIT_Run of Network_Weather_F25-54_300 x 250_Click and View_NV_NA,204596913,10/14/2017,1543,23,1520,18,1502,105,1397,1310,87,123,115,1425
TJN_TJX_TJMaxx 2H DIG_FY18,Conversant Inc.,PJNPMJ_TJN_TJC_031_Audience_CONVERSANT_PUR_ROI_MAP_NET_DSP_TRG_RON_BTG_BTG_DVY_SMARTPHONE MEDIUM RECTANGLE - STRATEGIC SAVERS_Run of Site_Other_P18+_300 x 250_Standard_NV_NA,204442063,10/20/2017,1274,13,1261,2,1259,261,998,175,823,263,46,221
TJN_TJX_TJMaxx 2H DIG_FY18,Viant,"PJSPBQ_TJN_TJC_031_Data_VIANT INC_PUR_ROI_DSK_DIR_DSP_TRG_RON_BTG_MKT_DVY_DETERMINSTIC LAL OF ECOM CONVERTERS, CROSS DEVICE DISPLAY_Fixed Placement_Behavioral_F25-54_300 x 250_Click_NV_NA",204733788,10/6/2017,3,2,1,0,1,0,1,1,0,0,0,1
TJN_TJX_TJMaxx 2H DIG_FY18,Viant,"PJSPBR_TJN_TJC_031_Data_VIANT INC_PUR_ROI_DSK_DIR_DSP_TRG_RON_BTG_MKT_DVY_DETERMINSTIC LAL OF ECOM CONVERTERS, CROSS DEVICE DISPLAY_Fixed Placement_Behavioral_F25-54_300 x 250_Click_NV_NA",204715645,10/19/2017,1719,71,1648,1,1647,100,1547,1239,308,101,81,1320
TJN_TJX_TJMaxx 2H DIG_FY18,xAd Inc.,PJMTN9_TJN_TJX_028_Mobile_GROUND TRUTH FKA XAD_DST_SV1_MAP_DIR_DSP_TRG_RON_BTG_BTG_DVY_PHASE 1_BEHAVIORAL AUDIENCE STRATEGIC SAVERS PLACEMENT - STANDARD BANNER - Fall Handbag_Run of Network_Behavioral_F25-54_300 x 250_Click and View_NV_NA,204447293,9/12/2017,11809,155,11654,11615,39,4,35,15,20,11619,4980,4995
TJN_TJX_TJMaxx 2H DIG_FY18,Foursquare,"PJPRVC_TJN_TJX_028_Audience_FOURSQUARE LABS, INC_DST_SV1_MAP_PRO_DSP_TRG_RON_PXT_BTG_DVY_PHASE 1_PINPOINT TRENDSETTERS AV_Run of Network_Geo_F25-54_320 x 50_Standard_NV_NA",204527421,9/19/2017,1428,93,1335,484,851,28,823,619,204,512,385,1004
TJN_MAR_023_Marshalls 2H Digital_F18,xAd Inc.,PJQ0YN_TJN_MAR_023_Mobile_GROUND TRUTH FKA XAD_DST_SV1_MAP_DIR_DSP_TRG_RON_PXT_BTG_DVY_GEOBLOCKS LOYALTY - DYNAMIC DISTANCE_Run of Network_Geo_F25-54_320 x 50_Click and View_NV_NA,204558328,10/8/2017,10359,230,10129,8273,1856,366,1490,1311,179,8639,7454,8765
TJN_TJX_TJMaxx 2H DIG_FY18,Foursquare,"PK0H82_TJN_TJX_028_Audience_FOURSQUARE LABS, INC_DST_SV1_MAP_PRO_RCH_TRG_RON_PXT_BTG_DVY_PHASE 1_MOBILE RICH MEDIA TRENDSETTERS - Find A Store_Run of Network_Geo_F25-54_320 x 50_Standard_NV_NA",205394971,10/19/2017,2,1,1,1,0,0,0,0,0,1,1,1
TJN_TJX_TJMaxx 2H DIG_FY18,NBC Universal Media,PK2LGK_TJN_TJX_028_Content_NBCUNI.COM_BAF_BS2_DSK_DIR_DSP_SPN_HPT_CTG_CTG_DCM_100% SOV NBC HOMEPAGE ROADBLOCK 10/17 - 970X66 DESKTOP_HP Takeover_Contextual_F25-54_970 x 66_Standard_NV_NA,205569500,10/11/2017,4,1,3,0,3,0,3,2,1,0,0,2
TJN_MAR_023_Marshalls 2H Digital_F18,NinthDecimal,PJPSRV_TJN_MAR_023_Mobile_NINTHDECIMAL_DST_SV1_MAP_DIR_RCH_TRG_RON_BTG_PXT_DVY_LOCATION GRAPH: MARSHALLS LOYALISTS_Run of Network_Behavioral_F25-54_320 x 50_Click and View_NV_NA,204555232,10/15/2017,55291,1119,54172,17028,37144,190,36954,35717,1237,17218,16642,52359
TJN_TJX_TJMaxx 2H DIG_FY18,Conversant Inc.,PJPTLM_TJN_TJC_031_Audience_CONVERSANT_PUR_ROI_MAP_NET_DSP_TRG_RON_BTG_BTG_DVY_SMARTPHONE SMALL BANNER - TRENDSETTERS_Run of Site_Other_P18+_320 x 50_Standard_NV_NA,204447785,10/21/2017,1600,30,1570,0,1570,328,1242,576,666,328,152,728
TJN_TJX_TJMaxx 2H DIG_FY18,NBC Universal Media,PK2JQY_TJN_TJX_028_Content_NBCUNI.COM_BAF_BS2_OTT_DIR_VID_SPN_ROS_BTG_CTG_MOA_THIS IS US SPONSORSHIP: OTT - VIGNETTE 1_Run of Site_Behavioral_F25-54_1920 x 1080_Click and View_NV_NA,205566374,10/3/2017,2725,13,2712,2712,0,0,0,0,0,2712,1713,1713
TJN_TJX_TJMaxx 2H DIG_FY18,xAd Inc.,PJMTN2_TJN_TJX_028_Mobile_GROUND TRUTH FKA XAD_DST_SV1_MAP_DIR_DSP_TRG_RON_RTG_RTG_DVY_PHASE 1_LOCATION AUDIENCE COMPETITIVE CONQUESTING PLACEMENT - STANDARD BANNER - Fall Handbag_Run of Network_Retarget_F25-54_300 x 250_Click and View_NV_NA,204447824,10/20/2017,6388,222,6166,6163,3,0,3,2,1,6163,4109,4111
TJN_MAR_023_Marshalls 2H Digital_F18,xAd Inc.,PJQ0Y9_TJN_MAR_023_Mobile_GROUND TRUTH FKA XAD_DST_SV1_MAP_DIR_RCH_TRG_RON_WEA_PXT_DVY_PROXIMITY LOYALTY - WEATHER LOCATOR UNIT_Run of Network_Weather_F25-54_300 x 250_Click and View_NV_NA,204541757,9/12/2017,767,30,737,281,456,9,447,429,18,290,278,707
TJN_MAR_023_Marshalls 2H Digital_F18,NinthDecimal,PJPSRZ_TJN_MAR_023_Mobile_NINTHDECIMAL_DST_SV1_MAP_DIR_RCH_TRG_RON_BTG_DMA_DVY_CONSUMER JOURNEY: BARGAIN HUNTERS_Run of Network_Behavioral_F25-54_320 x 50_Click and View_NV_NA,204542873,10/15/2017,32462,474,31988,9925,22063,114,21949,21195,754,10039,9694,30889
TJN_TJX_TJMaxx 2H DIG_FY18,Foursquare,"PJMQ2D_TJN_TJX_028_Audience_FOURSQUARE LABS, INC_DST_SV1_MAP_PRO_DSP_TRG_RON_PXT_BTG_DVY_PHASE 1_PINPOINT STRATEGIC SAVERS_Run of Network_Geo_F25-54_300 x 250_Standard_NV_NA",204483457,9/24/2017,21742,3092,18650,4452,14198,772,13426,5853,7573,5224,2277,8130
TJN_TJX_TJMaxx 2H DIG_FY18,Conversant Inc.,PJPWP9_TJN_TJX_028_Audience_CONVERSANT_DST_SV1_DSK_NET_DSP_TRG_RON_BTG_BTG_DVY_PHASE 1_ DESKTOP MEDIUM RECTANGLE - CONVERSANT SHOPPERS AV_Run of Site_Behavioral_P18+_300 x 250_Standard_NV_NA,204483957,10/12/2017,1011,105,906,0,906,77,829,588,241,77,55,643
TJN_TJX_TJMaxx 2H DIG_FY18,xAd Inc.,PJMTN5_TJN_TJX_028_Mobile_GROUND TRUTH FKA XAD_DST_SV1_MAP_DIR_RCH_TRG_RON_BTG_BTG_DVY_PHASE 1_BEHAVIORAL AUDIENCE TRENDSETTERS PLACEMENT - RICH MEDIA STORE LOCATOR - TJ Maxx_Run of Network_Behavioral_F25-54_320 x 50_Click and View_NV_NA,204442936,10/8/2017,7361,80,7281,3023,4258,136,4122,3261,861,3159,2499,5760
TJN_MAR_023_Marshalls 2H Digital_F18,NinthDecimal,PJPSRY_TJN_MAR_023_Mobile_NINTHDECIMAL_DST_SV1_MAP_DIR_RCH_TRG_RON_BTG_PXT_DVY_LOCATION GRAPH: LABOR DAY SALES SHOPPERS_Run of Network_Behavioral_F25-54_320 x 50_Click and View_NV_NA,204542876,9/11/2017,114,0,114,20,94,0,94,92,2,20,20,112
TJN_TJX_TJMaxx 2H DIG_FY18,Conversant Inc.,PJPWPH_TJN_TJX_028_Audience_CONVERSANT_DST_SV1_MAP_NET_DSP_TRG_RON_BTG_BTG_DVY_PHASE 1_ SMARTPHONE MEDIUM RECTANGLE  - CONVERSANT SHOPPERS AV_Run of Site_Behavioral_P18+_300 x 250_Standard_NV_NA,204442060,9/30/2017,288,4,284,0,284,47,237,102,135,47,20,122
TJN_TJX_TJMaxx 2H DIG_FY18,Viant,"PK2X7G_TJN_TJX_028_Data_VIANT INC_DSI_SV1_DSK_DIR_RCH_TRG_INT_BTG_CTG_DVY_PHASE 1_VIANT IMP, W25-54 STRATEGIC SAVERS, CONTOBOX - Honeycomb_Fixed Placement_Behavioral_F25-54_300 x 250_Click and View_NV_NA",205688467,9/26/2017,5188,57,5131,2,5129,891,4238,1462,2776,893,308,1770
TJN_TJX_TJMaxx 2H DIG_FY18,xAd Inc.,PKF499_TJN_TJX_028_Mobile_GROUND TRUTH FKA XAD_DST_SV1_MAP_DIR_DSP_TRG_RON_BTG_BTG_DVY_PHASE 1_BEHAVIORAL AUDIENCE TRENDSETTERS PLACEMENT - STANDARD BANNER - Booties_Run of Network_Behavioral_F25-54_300 x 250_Click and View_NV_NA,206832846,10/18/2017,4000,40,3960,2688,1272,3,1269,1205,64,2691,2555,3760
TJN_TJX_TJMaxx 2H DIG_FY18,Conversant Inc.,PJPWPG_TJN_TJX_028_Audience_CONVERSANT_DST_SV1_TAP_NET_DSP_TRG_RON_BTG_BTG_DVY_PHASE 1_ TABLET MEDIUM RECTANGLE  - CONVERSANT SHOPPERS AV_Run of Site_Behavioral_P18+_300 x 250_Standard_NV_NA,204446129,9/17/2017,616,6,610,0,610,106,504,246,258,106,52,298
TJN_TJX_TJMaxx 2H DIG_FY18,Viant,"PJNSH6_TJN_TJX_028_Data_VIANT INC_DSI_SV1_TWB_DIR_DSP_TRG_RON_BTG_CTG_DVY_PHASE 1_VIANT DIRECT MATCH RETAIL, COMPETITIVE CONQUESTING, DISPLAY_Fixed Placement_Behavioral_F25-54_160 x 600_Standard_NV_NA",204483604,10/6/2017,2,0,2,0,2,0,2,0,2,0,0,0
TJN_TJX_TJMaxx 2H DIG_FY18,xAd Inc.,PJMTMR_TJN_TJX_028_Mobile_GROUND TRUTH FKA XAD_DST_SV1_MAP_DIR_RCH_TRG_RON_PXT_PXT_DVY_PHASE 1_PROXIMITY LOYALTY PLACEMENT - RICH MEDIA STORE LOCATOR - Fall Handbag_Run of Network_Geo_F25-54_300 x 250_Click and View_NV_NA,204442093,9/25/2017,64258,1206,63052,29415,33637,455,33182,30421,2761,29870,27385,57806
TJN_TJX_TJMaxx 2H DIG_FY18,PlaceIQ,PK18VC_TJN_TJX_028_Mobile_PLACEIQ INC_DST_SV1_MAP_DIR_RCH_TRG_RON_BTG_PXT_DVY_PHASE 1_RICH MEDIA_TJX PORTFOLIO LOYALISTS_Run of Network_Behavioral_F25-54_320 x 50_Click and View_NV_NA,205568912,10/3/2017,26767,794,25973,12681,13292,522,12770,12573,197,13203,12999,25572
TJN_TJX_TJMaxx 2H DIG_FY18,Foursquare,"PJPQL0_TJN_TJX_028_Audience_FOURSQUARE LABS, INC_DST_SV1_MAP_PRO_DSP_TRG_RON_PXT_BTG_DVY_PHASE 1_PINPOINT TRENDSETTERS_Run of Network_Geo_F25-54_320 x 50_Standard_NV_NA",204478094,10/9/2017,102566,2156,100410,66038,34372,1217,33155,27789,5366,67255,56370,84159
TJN_TJX_TJMaxx 2H DIG_FY18,Conversant Inc.,PJPTMQ_TJN_TJC_031_Audience_CONVERSANT_PUR_ROI_DSK_NET_DSP_TRG_RON_BTG_BTG_DVY_DESKTOP MEDIUM RECTANGLE- COMPETITIVE CONQUESTING_Run of Site_Other_P18+_300 x 250_Standard_NV_NA,204447218,9/29/2017,6,0,6,0,6,0,6,2,4,0,0,2
TJN_TJX_TJMaxx 2H DIG_FY18,Conversant Inc.,PJNPLW_TJN_TJX_028_Audience_CONVERSANT_DST_SV1_DSK_NET_DSP_TRG_RON_BTG_BTG_DVY_PHASE 1_ DESKTOP MEDIUM RECTANGLE - CJ CONVERTERS LAL MODELING_Run of Site_Behavioral_P18+_300 x 250_Standard_NV_NA,204442024,10/11/2017,92821,6737,86084,18,86066,6999,79067,40802,38265,7017,3621,44423
TJN_TJX_TJMaxx 2H DIG_FY18,xAd Inc.,PJMTN8_TJN_TJX_028_Mobile_GROUND TRUTH FKA XAD_DST_SV1_MAP_DIR_DSP_TRG_RON_BTG_BTG_DVY_PHASE 1_BEHAVIORAL AUDIENCE STRATEGIC SAVERS PLACEMENT - STANDARD BANNER - Maxx You Maxx Life_Run of Network_Behavioral_F25-54_320 x 50_Click and View_NV_NA,204447851,10/5/2017,2,1,1,0,1,0,1,1,0,0,0,1
TJN_TJX_TJMaxx 2H DIG_FY18,Conversant Inc.,PJPWP8_TJN_TJX_028_Audience_CONVERSANT_DST_SV1_DSK_NET_DSP_TRG_RON_BTG_BTG_DVY_PHASE 1_ DESKTOP LEADERBOARD - CONVERSANT SHOPPERS AV_Run of Site_Behavioral_P18+_728 x 90_Standard_NV_NA,204446132,10/8/2017,1003,94,909,0,909,138,771,520,251,138,93,613
TJN_TJX_TJMaxx 2H DIG_FY18,Foursquare,"PJPRQH_TJN_TJX_028_Audience_FOURSQUARE LABS, INC_DST_SV1_MAP_PRO_DSP_TRG_RON_PXT_BTG_DVY_PHASE 1_PINPOINT STRATEGIC SAVERS AV_Run of Network_Geo_F25-54_300 x 250_Standard_NV_NA",204481807,10/10/2017,226,0,226,59,167,12,155,89,66,71,41,130
TJN_TJX_TJMaxx 2H DIG_FY18,Viant,"PK2V4Y_TJN_TJX_028_Data_VIANT INC_DSI_SV1_MWB_DIR_RCH_TRG_INT_BTG_CTG_DVY_PHASE 1_VIANT IMP, W25-54 STRATEGIC SAVERS, CONTOBOX - Fall Homes_Fixed Placement_Behavioral_F25-54_320 x 50_Click and View_NV_NA",205685980,10/17/2017,449,4,445,4,441,27,414,228,186,31,17,245
TJN_TJX_TJMaxx 2H DIG_FY18,Viant,"PJNSGP_TJN_TJX_028_Data_VIANT INC_DSI_SV1_MWB_DIR_DSP_TRG_RON_BTG_CTG_DVY_PHASE 1_VIANT DIRECT MATCH RETAIL, TJX PORFOLIO LOYALISTS, DISPLAY_Fixed Placement_Behavioral_F25-54_300 x 50_Standard_NV_NA",204525579,10/4/2017,270,0,270,0,270,66,204,113,91,66,37,150
TJN_TJX_TJMaxx 2H DIG_FY18,xAd Inc.,PJMTNB_TJN_TJX_028_Mobile_GROUND TRUTH FKA XAD_DST_SV1_MAP_DIR_DSP_TRG_RON_BTG_BTG_DVY_PHASE 1_BEHAVIORAL AUDIENCE TRENDSETTERS PLACEMENT - STANDARD BANNER - Fall Handbag_Run of Network_Behavioral_F25-54_300 x 250_Click and View_NV_NA,204447833,10/16/2017,8151,74,8077,8076,1,0,1,1,0,8076,8076,8077
TJN_TJX_TJMaxx 2H DIG_FY18,Conversant Inc.,PJNPLY_TJN_TJX_028_Audience_CONVERSANT_DST_SV1_DSK_NET_DSP_TRG_RON_BTG_BTG_DVY_PHASE 1_ DESKTOP WIDE SKYSCRAPER - CJ CONVERTERS LAL MODELING_Run of Site_Behavioral_P18+_160 x 600_Standard_NV_NA,204443386,10/11/2017,22431,1573,20858,4,20854,3015,17839,5677,12162,3019,961,6638
TJN_TJX_TJMaxx 2H DIG_FY18,Conversant Inc.,PJNPMC_TJN_TJC_031_Audience_CONVERSANT_PUR_ROI_TAP_NET_DSP_TRG_RON_BTG_BTG_DVY_TABLET LEADERBOARD- STRATEGIC SAVERS_Run of Site_Other_P18+_728 x 90_Standard_NV_NA,204442918,10/18/2017,115,2,113,0,113,20,93,49,44,20,11,60
TJN_TJX_TJMaxx 2H DIG_FY18,Conversant Inc.,PJNPLX_TJN_TJX_028_Audience_CONVERSANT_DST_SV1_DSK_NET_DSP_TRG_RON_BTG_BTG_DVY_PHASE 1_ DESKTOP RECTANGLE - CJ CONVERTERS LAL MODELING_Run of Site_Behavioral_P18+_300 x 600_Standard_NV_NA,204442894,10/20/2017,13493,1060,12433,2,12431,1244,11187,3089,8098,1246,344,3433
TJN_TJX_TJMaxx 2H DIG_FY18,Viant,"PJNSH9_TJN_TJX_028_Data_VIANT INC_DSI_SV1_TWB_DIR_DSP_TRG_RON_BTG_CTG_DVY_PHASE 1_VIANT DIRECT MATCH RETAIL, COMPETITIVE CONQUESTING, DISPLAY_Fixed Placement_Behavioral_F25-54_300 x 250_Standard_NV_NA",204526701,10/5/2017,10630,116,10514,0,10514,2007,8507,6409,2098,2007,1512,7921
TJN_TJX_TJMaxx 2H DIG_FY18,xAd Inc.,PJPXJQ_TJN_TJX_028_Mobile_GROUND TRUTH FKA XAD_DST_SV1_MAP_DIR_DSP_TRG_RON_RTG_RTG_DVY_PHASE 1_LOCATION AUDIENCE TJX SHOPPERS PLACEMENT - STANDARD BANNER - TJMaxx_Run of Network_Retarget_F25-54_320 x 50_Click and View_NV_NA,204447839,9/16/2017,31923,348,31575,8867,22708,12909,9799,8479,1320,21776,17700,26179
TJN_TJX_TJMaxx 2H DIG_FY18,Viant,"PK2X7D_TJN_TJX_028_Data_VIANT INC_DSI_SV1_TWB_DIR_RCH_TRG_INT_BTG_CTG_DVY_PHASE 1_VIANT IMP, W25-54 STRATEGIC SAVERS, CONTOBOX - Honeycomb_Fixed Placement_Behavioral_F25-54_728 x 90_Click and View_NV_NA",205727832,9/22/2017,1132,18,1114,5,1109,113,996,308,688,118,36,344
TJN_TJX_TJMaxx 2H DIG_FY18,PlaceIQ,PK1YHC_TJN_TJX_028_Mobile_PLACEIQ INC_DST_SV1_MAP_DIR_RCH_TRG_RON_BTG_PXT_DVY_PHASE 1_RICH MEDIA_TJX PROXIMITY LOYALISTS_DRIVE BY_Run of Network_Behavioral_F25-54_320 x 50_Click and View_NV_NA,205613803,10/14/2017,28735,596,28139,12855,15284,1073,14211,14018,193,13928,13739,27757
TJN_MAR_023_Marshalls 2H Digital_F18,xAd Inc.,PJQ0Y6_TJN_MAR_023_Mobile_GROUND TRUTH FKA XAD_DST_SV1_MAP_DIR_DSP_TRG_RON_PXT_BTG_DVY_PROXIMITY LOYALTY - DYNAMIC DISTANCE_Run of Network_Geo_F25-54_320 x 50_Click and View_NV_NA,204556888,9/21/2017,93175,2384,90791,65211,25580,4442,21138,18066,3072,69653,50174,68240
TJN_TJX_TJMaxx 2H DIG_FY18,Viant,"PJNSGN_TJN_TJX_028_Data_VIANT INC_DSI_SV1_TWB_DIR_DSP_TRG_RON_BTG_CTG_DVY_PHASE 1_VIANT DIRECT MATCH RETAIL, TJX PORFOLIO LOYALISTS, DISPLAY_Fixed Placement_Behavioral_F25-54_300 x 250_Standard_NV_NA",204526347,10/9/2017,111,2,109,0,109,14,95,62,33,14,9,71
TJN_MAR_023_Marshalls 2H Digital_F18,xAd Inc.,PJQ0YF_TJN_MAR_023_Mobile_GROUND TRUTH FKA XAD_DST_SV1_MAP_DIR_RCH_TRG_RON_WEA_PXT_DVY_PROXIMITY CONQUESTING - WEATHER LOCATOR UNIT_Run of Network_Weather_F25-54_300 x 250_Click and View_NV_NA,204596913,9/28/2017,1695,597,1098,30,1068,72,996,940,56,102,96,1036
TJN_TJX_TJMaxx 2H DIG_FY18,Foursquare,"PJPRVC_TJN_TJX_028_Audience_FOURSQUARE LABS, INC_DST_SV1_MAP_PRO_DSP_TRG_RON_PXT_BTG_DVY_PHASE 1_PINPOINT TRENDSETTERS AV_Run of Network_Geo_F25-54_320 x 50_Standard_NV_NA",204527421,9/16/2017,4726,331,4395,1725,2670,119,2551,1920,631,1844,1388,3308
TJN_TJX_TJMaxx 2H DIG_FY18,Viant,"PJSPCD_TJN_TJC_031_Data_VIANT INC_PUR_ROI_DSK_DIR_DSP_TRG_RON_BTG_MKT_DVY_W25-54 + ONLINE SHOPPERS, CROSS DEVICE DISPLAY_Fixed Placement_Behavioral_F25-54_728 x 90_Click_NV_NA",204733044,10/4/2017,1,0,1,0,1,0,1,1,0,0,0,1
TJN_TJX_TJMaxx 2H DIG_FY18,PlaceIQ,PJMFQ9_TJN_TJX_028_Mobile_PLACEIQ INC_DST_SV1_MAP_DIR_DSP_TRG_RON_BTG_PTG_DVY_PHASE 1_ONLINE SHOPPER+TJMAXX SHOPPERS_Run of Network_Behavioral_P2+_320 x 50_Standard_NV_NA,204447278,9/21/2017,1,0,1,0,1,0,1,1,0,0,0,1
TJN_TJX_TJMaxx 2H DIG_FY18,Hulu,PK3F7G_TJN_TJX_027_Content_HULU_BAF_BS2_MAP_DIR_CUS_SPN_CHS_CTG_CTG_DVY_HULU ROS: PREMIUM SLATE - MOBILE IN APP_FEP_Contextual_F25-54_1920 x 1080_Standard_NV_NA,205634552,10/9/2017,9,0,9,9,0,0,0,0,0,9,6,6
TJN_TJX_TJMaxx 2H DIG_FY18,Conversant Inc.,PJPWPD_TJN_TJX_028_Audience_CONVERSANT_DST_SV1_MAP_NET_DSP_TRG_RON_BTG_BTG_DVY_PHASE 1_ SMARTPHONE SMALL BANNER  - CONVERSANT SHOPPERS AV_Run of Site_Behavioral_P18+_320 x 50_Standard_NV_NA,204447251,10/7/2017,1086,32,1054,0,1054,168,886,721,165,168,137,858
TJN_TJX_TJMaxx 2H DIG_FY18,Hulu,PK3F7J_TJN_TJX_027_Content_HULU_BAF_BS2_TAP_DIR_CUS_SPN_CHS_CTG_CTG_DVY_HULU ROS: PREMIUM SLATE - TABLET IN APP_FEP_Contextual_F25-54_1920 x 1080_Standard_NV_NA,205725864,10/13/2017,4020,30,3990,3990,0,0,0,0,0,3990,2735,2735
TJN_TJX_TJMaxx 2H DIG_FY18,Viant,"PJSPBY_TJN_TJC_031_Data_VIANT INC_PUR_ROI_TWB_DIR_DSP_TRG_RON_BTG_MKT_DVY_DETERMINSTIC LAL OF ECOM CONVERTERS, CROSS DEVICE DISPLAY_Fixed Placement_Behavioral_F25-54_300 x 250_Click_NV_NA",204715651,10/13/2017,316,13,303,0,303,58,245,101,144,58,24,125
TJN_TJX_TJMaxx 2H DIG_FY18,Conversant Inc.,PJPTML_TJN_TJC_031_Audience_CONVERSANT_PUR_ROI_DSK_NET_DSP_TRG_RON_BTG_BTG_DVY_DESKTOP WIDE SKYSCRAPER- COMPETITIVE CONQUESTING_Run of Site_Other_P18+_160 x 600_Standard_NV_NA,204447224,10/2/2017,4,0,4,0,4,0,4,1,3,0,0,1
TJN_TJX_TJMaxx 2H DIG_FY18,Conversant Inc.,PJPTMH_TJN_TJC_031_Audience_CONVERSANT_PUR_ROI_TAP_NET_DSP_TRG_RON_BTG_BTG_DVY_TABLET LEADERBOARD- COMPETITIVE CONQUESTING_Run of Site_Other_P18+_728 x 90_Standard_NV_NA,204483936,10/5/2017,1046,14,1032,0,1032,173,859,375,484,173,76,451
TJN_TJX_TJMaxx 2H DIG_FY18,Viant,"PJSPBZ_TJN_TJC_031_Data_VIANT INC_PUR_ROI_TWB_DIR_DSP_TRG_RON_BTG_MKT_DVY_DETERMINSTIC LAL OF ECOM CONVERTERS, CROSS DEVICE DISPLAY_Fixed Placement_Behavioral_F25-54_160 x 600_Click_NV_NA",204716194,10/21/2017,21,1,20,0,20,3,17,4,13,3,1,5
TJN_TJX_TJMaxx 2H DIG_FY18,Conversant Inc.,PJNPLY_TJN_TJX_028_Audience_CONVERSANT_DST_SV1_DSK_NET_DSP_TRG_RON_BTG_BTG_DVY_PHASE 1_ DESKTOP WIDE SKYSCRAPER - CJ CONVERTERS LAL MODELING_Run of Site_Behavioral_P18+_160 x 600_Standard_NV_NA,204443386,10/6/2017,11701,871,10830,0,10830,1320,9510,3696,5814,1320,513,4209
TJN_TJX_TJMaxx 2H DIG_FY18,Viant,"PJNSHB_TJN_TJX_028_Data_VIANT INC_DSI_SV1_MWB_DIR_DSP_TRG_RON_BTG_CTG_DVY_PHASE 1_VIANT DIRECT MATCH RETAIL, COMPETITIVE CONQUESTING, DISPLAY_Fixed Placement_Behavioral_F25-54_300 x 50_Standard_NV_NA",204478658,10/19/2017,20,1,19,0,19,4,15,12,3,4,3,15
TJN_MAR_023_Marshalls 2H Digital_F18,Bustle,"PK5G3X_TJN_MAR_023_Content_BUSTLE_ROC Fashion, Lifestyle Channel - Panoramic Unit_Run of Site_Contextual_F25-54_1 x 1_Click and View_NV_NA",206333601,10/12/2017,203127,6408,196719,141,196578,180615,15963,11290,4673,180756,127842,139132
TJN_TJX_TJMaxx 2H DIG_FY18,Foursquare,"PJPRV8_TJN_TJX_028_Audience_FOURSQUARE LABS, INC_DST_SV1_MAP_PRO_DSP_TRG_RON_PXT_BTG_DVY_PHASE 1_PINPOINT TRENDSETTERS AV_Run of Network_Geo_F25-54_300 x 250_Standard_NV_NA",204527100,9/7/2017,377,60,317,202,115,87,28,22,6,289,227,249
TJN_TJX_TJMaxx 2H DIG_FY18,Foursquare,"PKFMM0_TJN_TJX_028_Audience_FOURSQUARE LABS, INC_DST_SV1_MAP_PRO_RCH_TRG_RON_PXT_BTG_DVY_PHASE 1_MOBILE RICH MEDIA STRATEGIC SAVERS - Booties_Run of Network_Geo_F25-54_300 x 250_Standard_NV_NA",206813029,10/21/2017,160,2,158,134,24,12,12,5,7,146,61,66
TJN_MAR_023_Marshalls 2H Digital_F18,xAd Inc.,PJQ0YM_TJN_MAR_023_Mobile_GROUND TRUTH FKA XAD_DST_SV1_MAP_DIR_DSP_TRG_RON_BTG_PXT_DVY_COMPETITOR SHOPPERS - DYNAMIC DISTANCE_Run of Network_Geo_F25-54_300 x 250_Click and View_NV_NA,204555259,10/10/2017,4811,193,4618,4618,0,0,0,0,0,4618,2037,2037
TJN_TJX_TJMaxx 2H DIG_FY18,Viant,"PJNSGW_TJN_TJX_028_Data_VIANT INC_DSI_SV1_DSK_DIR_DSP_TRG_RON_BTG_CTG_DVY_PHASE 1_VIANT DIRECT MATCH RETAIL, TJX PORFOLIO LOYALISTS, DISPLAY_Fixed Placement_Behavioral_F25-54_300 x 250_Standard_NV_NA",204478514,9/15/2017,221,44,177,0,177,4,173,116,57,4,3,119
TJN_TJX_TJMaxx 2H DIG_FY18,Conversant Inc.,PJNPLW_TJN_TJX_028_Audience_CONVERSANT_DST_SV1_DSK_NET_DSP_TRG_RON_BTG_BTG_DVY_PHASE 1_ DESKTOP MEDIUM RECTANGLE - CJ CONVERTERS LAL MODELING_Run of Site_Behavioral_P18+_300 x 250_Standard_NV_NA,204442024,10/6/2017,59089,4656,54433,0,54433,3915,50518,29791,20727,3915,2309,32100
TJN_MAR_023_Marshalls 2H Digital_F18,xAd Inc.,PJQ0YK_TJN_MAR_023_Mobile_GROUND TRUTH FKA XAD_DST_SV1_MAP_DIR_DSP_TRG_RON_BTG_PXT_DVY_MARSHALLS SHOPPERS - DYNAMIC DISTANCE_Run of Network_Geo_F25-54_300 x 250_Click and View_NV_NA,204543440,10/18/2017,4937,221,4716,4716,0,0,0,0,0,4716,4716,4716
TJN_TJX_TJMaxx 2H DIG_FY18,Viant,"PJNSGM_TJN_TJX_028_Data_VIANT INC_DSI_SV1_TWB_DIR_DSP_TRG_RON_BTG_CTG_DVY_PHASE 1_VIANT DIRECT MATCH RETAIL, TJX PORFOLIO LOYALISTS, DISPLAY_Fixed Placement_Behavioral_F25-54_728 x 90_Standard_NV_NA",204526722,10/3/2017,6635,31,6604,0,6604,721,5883,3583,2300,721,439,4022
TJN_MAR_023_Marshalls 2H Digital_F18,xAd Inc.,PJQ0YG_TJN_MAR_023_Mobile_GROUND TRUTH FKA XAD_DST_SV1_MAP_DIR_DSP_TRG_RON_BTG_DMA_DVY_BEHAVIORAL - FASHION SHOPPER - DYNAMIC DISTANCE_Run of Network_Behavioral_F25-54_320 x 50_Click and View_NV_NA,204557581,10/18/2017,62929,682,62247,53901,8346,299,8047,7061,986,54200,47630,54691
TJN_TJX_TJMaxx 2H DIG_FY18,Viant,"PK2X7G_TJN_TJX_028_Data_VIANT INC_DSI_SV1_DSK_DIR_RCH_TRG_INT_BTG_CTG_DVY_PHASE 1_VIANT IMP, W25-54 STRATEGIC SAVERS, CONTOBOX - Honeycomb_Fixed Placement_Behavioral_F25-54_300 x 250_Click and View_NV_NA",205688467,10/9/2017,5295,53,5242,4,5238,989,4249,2410,1839,993,563,2973
TJN_TJX_TJMaxx 2H DIG_FY18,Viant,"PK2X7D_TJN_TJX_028_Data_VIANT INC_DSI_SV1_TWB_DIR_RCH_TRG_INT_BTG_CTG_DVY_PHASE 1_VIANT IMP, W25-54 STRATEGIC SAVERS, CONTOBOX - Honeycomb_Fixed Placement_Behavioral_F25-54_728 x 90_Click and View_NV_NA",205727832,9/24/2017,3801,25,3776,3,3773,338,3435,1015,2420,341,101,1116
TJN_TJX_TJMaxx 2H DIG_FY18,xAd Inc.,PKF8TX_TJN_TJX_028_Mobile_GROUND TRUTH FKA XAD_DST_SV1_MAP_DIR_RCH_TRG_RON_PXT_PXT_DVY_PHASE 1_PROXIMITY LOYALTY PLACEMENT - RICH MEDIA STORE LOCATOR - Dresses_Run of Network_Geo_F25-54_300 x 250_Click and View_NV_NA,206772077,10/18/2017,5294,55,5239,56,5183,13,5170,4755,415,69,63,4818
TJN_TJX_TJMaxx 2H DIG_FY18,Viant,"PJNSH6_TJN_TJX_028_Data_VIANT INC_DSI_SV1_TWB_DIR_DSP_TRG_RON_BTG_CTG_DVY_PHASE 1_VIANT DIRECT MATCH RETAIL, COMPETITIVE CONQUESTING, DISPLAY_Fixed Placement_Behavioral_F25-54_160 x 600_Standard_NV_NA",204483604,10/11/2017,1,0,1,0,1,0,1,1,0,0,0,1
TJN_TJX_TJMaxx 2H DIG_FY18,Viant,PJPXKV_TJN_TJX_028_Data_VIANT INC_DSI_SV1_DSK_DIR_DSP_TRG_RON_BTG_CTG_DVY_PHASE 1_DESKTOP DISPLAY VIANT IMP TARGETING - STRATEGIC SAVERS AV_Fixed Placement_Demo_F25-54_728 x 90_Standard_NV_NA,204526986,9/27/2017,10666,317,10349,1,10348,839,9509,7369,2140,840,651,8020
TJN_MAR_023_Marshalls 2H Digital_F18,xAd Inc.,PJQ0YC_TJN_MAR_023_Mobile_GROUND TRUTH FKA XAD_DST_SV1_MAP_DIR_DSP_TRG_RON_PXT_BTG_DVY_PROXIMITY CONQUESTING - DYNAMIC DISTANCE_Run of Network_Geo_F25-54_300 x 250_Click and View_NV_NA,204595923,9/12/2017,11162,197,10965,10888,77,4,73,59,14,10892,8802,8861
TJN_TJX_TJMaxx 2H DIG_FY18,xAd Inc.,PJMTNQ_TJN_TJX_028_Mobile_GROUND TRUTH FKA XAD_DST_SV1_MAP_DIR_RCH_TRG_RON_BTG_BTG_DVY_PHASE 1_BEHAVIORAL AUDIENCE STRATEGIC SAVERS PLACEMENT - RICH MEDIA STORE LOCATOR - TJ Maxx_Run of Network_Behavioral_F25-54_320 x 50_Click and View_NV_NA,204447845,9/7/2017,30605,334,30271,3733,26538,711,25827,19084,6743,4444,3284,22368
TJN_MAR_023_Marshalls 2H Digital_F18,NinthDecimal,PJPSRT_TJN_MAR_023_Mobile_NINTHDECIMAL_DST_SV1_MAP_DIR_RCH_TRG_RON_PXT_DMA_DVY_GEOFENCE: 15-20-MILE RADIUS AROUND RURAL STORES_Run of Network_Geo_F25-54_320 x 50_Click and View_NV_NA,204542885,9/21/2017,153379,3850,149529,71985,77544,581,76963,74631,2332,72566,70367,144998
TJN_TJX_TJMaxx 2H DIG_FY18,Foursquare,"PJPRQJ_TJN_TJX_028_Audience_FOURSQUARE LABS, INC_DST_SV1_MAP_PRO_DSP_TRG_RON_PXT_BTG_DVY_PHASE 1_PINPOINT STRATEGIC SAVERS AV_Run of Network_Geo_F25-54_320 x 50_Standard_NV_NA",204525369,10/6/2017,3367,52,3315,1104,2211,104,2107,1603,504,1208,919,2522
TJN_MAR_023_Marshalls 2H Digital_F18,xAd Inc.,PJQ0YR_TJN_MAR_023_Mobile_GROUND TRUTH FKA XAD_DST_SV1_MAP_DIR_DSP_TRG_RON_PXT_BTG_DVY_GEOBLOCKS CONQUESTING - DYNAMIC DISTANCE_Run of Network_Geo_F25-54_300 x 250_Click and View_NV_NA,204555244,9/26/2017,5239,218,5021,5008,13,2,11,2,9,5010,911,913
TJN_TJX_TJMaxx 2H DIG_FY18,Foursquare,"PJPRQH_TJN_TJX_028_Audience_FOURSQUARE LABS, INC_DST_SV1_MAP_PRO_DSP_TRG_RON_PXT_BTG_DVY_PHASE 1_PINPOINT STRATEGIC SAVERS AV_Run of Network_Geo_F25-54_300 x 250_Standard_NV_NA",204481807,10/12/2017,56,2,54,28,26,1,25,12,13,29,14,26
TJN_TJX_TJMaxx 2H DIG_FY18,xAd Inc.,PJPXJX_TJN_TJX_028_Mobile_GROUND TRUTH FKA XAD_DST_SV1_MAP_DIR_DSP_TRG_RON_BTG_BTG_DVY_PHASE 1_BEHAVIORAL AUDIENCE STRATEGIC SAVERS PLACEMENT - STANDARD BANNER - TJMaxx_Run of Network_Behavioral_F25-54_320 x 50_Click and View_NV_NA,204447848,9/7/2017,6992,99,6893,2234,4659,594,4065,3934,131,2828,2743,6677
TJN_MAR_023_Marshalls 2H Digital_F18,NinthDecimal,"PJPSS1_TJN_MAR_023_Mobile_NINTHDECIMAL_DST_SV1_MAP_DIR_RCH_TRG_RON_BTG_DMA_DVY_TV TARGETING: PEOPLE WHO WATCH BRAVO, TLC, HGTV, A&E, LIFETIME, DISCOVERY_Run of Network_Behavioral_F25-54_320 x 50_Click and View_NV_NA",204541508,9/7/2017,7671,156,7515,1591,5924,57,5867,5716,151,1648,1606,7322
TJN_TJX_TJMaxx 2H DIG_FY18,xAd Inc.,PJYDBV_TJN_TJX_028_Mobile_GROUND TRUTH FKA XAD_DST_SV1_MAP_DIR_RCH_TRG_RON_BTG_BTG_DVY_PHASE 1_BEHAVIORAL AUDIENCE STRATEGIC SAVERS PLACEMENT - RICH MEDIA STORE LOCATOR - Maxx You Maxx Life_Run of Network_Behavioral_F25-54_320 x 50_Click and View_NV_NA,205148243,10/7/2017,8901,62,8839,1701,7138,220,6918,5415,1503,1921,1504,6919
TJN_TJX_TJMaxx 2H DIG_FY18,xAd Inc.,PJPXJS_TJN_TJX_028_Mobile_GROUND TRUTH FKA XAD_DST_SV1_MAP_DIR_DSP_TRG_RON_RTG_RTG_DVY_PHASE 1_LOCATION AUDIENCE COMPETITIVE CONQUESTING PLACEMENT - STANDARD BANNER - Fall Hero_Run of Network_Retarget_F25-54_300 x 250_Click and View_NV_NA,204446153,9/19/2017,12303,370,11933,11930,3,0,3,0,3,11930,0,0
TJN_TJX_TJMaxx 2H DIG_FY18,PlaceIQ,PK18VC_TJN_TJX_028_Mobile_PLACEIQ INC_DST_SV1_MAP_DIR_RCH_TRG_RON_BTG_PXT_DVY_PHASE 1_RICH MEDIA_TJX PORTFOLIO LOYALISTS_Run of Network_Behavioral_F25-54_320 x 50_Click and View_NV_NA,205568912,9/26/2017,21478,683,20795,10184,10611,471,10140,10041,99,10655,10551,20592
TJN_TJX_TJMaxx 2H DIG_FY18,Viant,"PJSPBR_TJN_TJC_031_Data_VIANT INC_PUR_ROI_DSK_DIR_DSP_TRG_RON_BTG_MKT_DVY_DETERMINSTIC LAL OF ECOM CONVERTERS, CROSS DEVICE DISPLAY_Fixed Placement_Behavioral_F25-54_300 x 250_Click_NV_NA",204715645,10/1/2017,388,11,377,0,377,22,355,263,92,22,16,279
TJN_TJX_TJMaxx 2H DIG_FY18,Foursquare,"PKFMKZ_TJN_TJX_028_Audience_FOURSQUARE LABS, INC_DST_SV1_MAP_PRO_RCH_TRG_RON_PXT_BTG_DVY_PHASE 1_MOBILE RICH MEDIA TRENDSETTERS - Dresses_Run of Network_Geo_F25-54_300 x 250_Standard_NV_NA",206771852,10/19/2017,4223,45,4178,3471,707,290,417,201,216,3761,1813,2014
TJN_TJX_TJMaxx 2H DIG_FY18,Viant,"PJSPCF_TJN_TJC_031_Data_VIANT INC_PUR_ROI_DSK_DIR_DSP_TRG_RON_BTG_MKT_DVY_W25-54 + ONLINE SHOPPERS, CROSS DEVICE DISPLAY_Fixed Placement_Behavioral_F25-54_320 x 50_Click_NV_NA",204715639,10/11/2017,835,29,806,0,806,126,680,621,59,126,115,736
TJN_TJX_TJMaxx 2H DIG_FY18,Conversant Inc.,PJNPMF_TJN_TJC_031_Audience_CONVERSANT_PUR_ROI_DSK_NET_DSP_TRG_RON_BTG_BTG_DVY_DESKTOP RECTANGLE- STRATEGIC SAVERS_Run of Site_Other_P18+_300 x 600_Standard_NV_NA,204442069,10/20/2017,191,5,186,0,186,44,142,35,107,44,11,46
TJN_TJX_TJMaxx 2H DIG_FY18,xAd Inc.,PJMTNR_TJN_TJX_028_Mobile_GROUND TRUTH FKA XAD_DST_SV1_MAP_DIR_RCH_TRG_RON_BTG_BTG_DVY_PHASE 1_BEHAVIORAL AUDIENCE STRATEGIC SAVERS PLACEMENT - RICH MEDIA STORE LOCATOR - Fall Handbag_Run of Network_Behavioral_F25-54_300 x 250_Click and View_NV_NA,204442108,9/20/2017,4924,83,4841,3670,1171,28,1143,638,505,3698,2064,2702
TJN_TJX_TJMaxx 2H DIG_FY18,Viant,"PKGJ6J_TJN_TJC_031_Data_VIANT INC_PUR_ROI_TWB_DIR_CUS_TRG_NAT_BTG_MKT_DVY_W25-54 + KEYWORD TARGETING, CROSS DEVICE NATIVE - Dresses_Fixed Placement_Contextual_F25-54_0 x 0_Click_NV_NA",206833317,10/21/2017,10789,89,10700,10700,0,0,0,0,0,10700,8120,8120
TJN_MAR_023_Marshalls 2H Digital_F18,xAd Inc.,PJQ0YQ_TJN_MAR_023_Mobile_GROUND TRUTH FKA XAD_DST_SV1_MAP_DIR_DSP_TRG_RON_PXT_BTG_DVY_GEOBLOCKS CONQUESTING - DYNAMIC DISTANCE_Run of Network_Geo_F25-54_320 x 50_Click and View_NV_NA,204595632,10/4/2017,4,2,2,1,1,0,1,1,0,1,1,2
TJN_TJX_TJMaxx 2H DIG_FY18,Foursquare,"PK0H82_TJN_TJX_028_Audience_FOURSQUARE LABS, INC_DST_SV1_MAP_PRO_RCH_TRG_RON_PXT_BTG_DVY_PHASE 1_MOBILE RICH MEDIA TRENDSETTERS - Find A Store_Run of Network_Geo_F25-54_320 x 50_Standard_NV_NA",205394971,10/1/2017,82068,1969,80099,54465,25634,1788,23846,16896,6950,56253,39858,56754
TJN_TJX_TJMaxx 2H DIG_FY18,Viant,"PKGK68_TJN_TJX_028_Data_VIANT INC_DSI_SV1_MWB_DIR_CUS_TRG_NAT_BTG_CTG_DVY_PHASE 1_VIANT LIFESTYLE, TRENDSETTERS NATIVE- Booties_Fixed Placement_Contextual_F25-54_0 x 0_Click and View_NV_NA",206772389,10/19/2017,42271,554,41717,41717,0,0,0,0,0,41717,32725,32725
TJN_TJX_TJMaxx 2H DIG_FY18,Conversant Inc.,PJPWC1_TJN_TJX_028_Audience_CONVERSANT_DST_SV1_MAP_NET_DSP_TRG_RON_BTG_BTG_DVY_PHASE 1_ SMARTPHONE MEDIUM RECTANGLE  - CJ INTERACTORS LAL MODELING_Run of Site_Behavioral_P18+_300 x 250_Standard_NV_NA,204483942,10/15/2017,46492,632,45860,73,45787,6770,39017,10293,28724,6843,1805,12098
TJN_TJX_TJMaxx 2H DIG_FY18,Viant,"PJNSGV_TJN_TJX_028_Data_VIANT INC_DSI_SV1_DSK_DIR_DSP_TRG_RON_BTG_CTG_DVY_PHASE 1_VIANT DIRECT MATCH RETAIL, TJX PORFOLIO LOYALISTS, DISPLAY_Fixed Placement_Behavioral_F25-54_728 x 90_Standard_NV_NA",204478511,9/19/2017,120967,13117,107850,0,107850,6398,101452,78166,23286,6398,4929,83095
TJN_TJX_TJMaxx 2H DIG_FY18,xAd Inc.,PJMTMR_TJN_TJX_028_Mobile_GROUND TRUTH FKA XAD_DST_SV1_MAP_DIR_RCH_TRG_RON_PXT_PXT_DVY_PHASE 1_PROXIMITY LOYALTY PLACEMENT - RICH MEDIA STORE LOCATOR - Fall Handbag_Run of Network_Geo_F25-54_300 x 250_Click and View_NV_NA,204442093,10/15/2017,14502,231,14271,3284,10987,80,10907,10187,720,3364,3142,13329
TJN_TJX_TJMaxx 2H DIG_FY18,Conversant Inc.,PJPWBY_TJN_TJX_028_Audience_CONVERSANT_DST_SV1_MAP_NET_DSP_TRG_RON_BTG_BTG_DVY_PHASE 1_ SMARTPHONE SMALL BANNER  - CJ INTERACTORS LAL MODELING_Run of Site_Behavioral_P18+_320 x 50_Standard_NV_NA,204442030,10/2/2017,819,13,806,0,806,195,611,358,253,195,114,472
TJN_TJX_TJMaxx 2H DIG_FY18,Viant,"PJNSH7_TJN_TJX_028_Data_VIANT INC_DSI_SV1_MWB_DIR_DSP_TRG_RON_BTG_CTG_DVY_PHASE 1_VIANT DIRECT MATCH RETAIL, COMPETITIVE CONQUESTING, DISPLAY_Fixed Placement_Behavioral_F25-54_320 x 50_Standard_NV_NA",204477565,10/14/2017,19145,238,18907,3,18904,1045,17859,13966,3893,1048,820,14786
TJN_TJX_TJMaxx 2H DIG_FY18,Conversant Inc.,PJPTLJ_TJN_TJC_031_Audience_CONVERSANT_PUR_ROI_TAP_NET_DSP_TRG_RON_BTG_BTG_DVY_TABLET MEDIUM RECTANGLE - TRENDSETTERS_Run of Site_Other_P18+_300 x 250_Standard_NV_NA,204447266,10/9/2017,9590,65,9525,0,9525,1292,8233,4509,3724,1292,708,5217
TJN_TJX_TJMaxx 2H DIG_FY18,Conversant Inc.,PJNPM2_TJN_TJX_028_Audience_CONVERSANT_DST_SV1_MAP_NET_DSP_TRG_RON_BTG_BTG_DVY_PHASE 1_ SMARTPHONE MEDIUM RECTANGLE  - CJ CONVERTERS LAL MODELING_Run of Site_Behavioral_P18+_300 x 250_Standard_NV_NA,204442021,10/19/2017,13,0,13,0,13,4,9,3,6,4,1,4
TJN_TJX_TJMaxx 2H DIG_FY18,Viant,"PJNSGQ_TJN_TJX_028_Data_VIANT INC_DSI_SV1_MWB_DIR_DSP_TRG_RON_BTG_CTG_DVY_PHASE 1_VIANT DIRECT MATCH RETAIL, TJX PORFOLIO LOYALISTS, DISPLAY_Fixed Placement_Behavioral_F25-54_300 x 250_Standard_NV_NA",204482395,10/19/2017,3663,32,3631,0,3631,336,3295,2796,499,336,285,3081
TJN_TJX_TJMaxx 2H DIG_FY18,Viant,"PJSPCG_TJN_TJC_031_Data_VIANT INC_PUR_ROI_DSK_DIR_DSP_TRG_RON_BTG_MKT_DVY_W25-54 + ONLINE SHOPPERS, CROSS DEVICE DISPLAY_Fixed Placement_Behavioral_F25-54_300 x 50_Click_NV_NA",204716182,10/21/2017,38,5,33,0,33,1,32,20,12,1,1,21
TJN_TJX_TJMaxx 2H DIG_FY18,Conversant Inc.,PJNPMG_TJN_TJC_031_Audience_CONVERSANT_PUR_ROI_DSK_NET_DSP_TRG_RON_BTG_BTG_DVY_DESKTOP WIDE SKYSCRAPER- STRATEGIC SAVERS_Run of Site_Other_P18+_160 x 600_Standard_NV_NA,204443410,10/14/2017,18694,2624,16070,4,16066,1083,14983,10200,4783,1087,740,10940
TJN_MAR_023_Marshalls 2H Digital_F18,Bustle,PK5G3Z_TJN_MAR_023_Content_BUSTLE_RON - Bustle & Elite Daily 3rd Party Data Targeted & Keyword Targeted - Panoramic_Run of Network_Contextual_F25-54_1 x 1_Click and View_NV_NA,206333610,10/15/2017,183685,2189,181496,1310,180186,164983,15203,5674,9529,166293,62063,67737
TJN_TJX_TJMaxx 2H DIG_FY18,Viant,"PK2X7H_TJN_TJX_028_Data_VIANT INC_DSI_SV1_MWB_DIR_RCH_TRG_INT_BTG_CTG_DVY_PHASE 1_VIANT IMP, W25-54 STRATEGIC SAVERS, CONTOBOX - Honeycomb_Fixed Placement_Behavioral_F25-54_320 x 50_Click and View_NV_NA",205725975,10/17/2017,6,0,6,0,6,3,3,3,0,3,3,6
TJN_TJX_TJMaxx 2H DIG_FY18,Viant,"PJNSH7_TJN_TJX_028_Data_VIANT INC_DSI_SV1_MWB_DIR_DSP_TRG_RON_BTG_CTG_DVY_PHASE 1_VIANT DIRECT MATCH RETAIL, COMPETITIVE CONQUESTING, DISPLAY_Fixed Placement_Behavioral_F25-54_320 x 50_Standard_NV_NA",204477565,9/14/2017,410,7,403,0,403,25,378,309,69,25,20,329
TJN_MAR_023_Marshalls 2H Digital_F18,xAd Inc.,PJQ0YM_TJN_MAR_023_Mobile_GROUND TRUTH FKA XAD_DST_SV1_MAP_DIR_DSP_TRG_RON_BTG_PXT_DVY_COMPETITOR SHOPPERS - DYNAMIC DISTANCE_Run of Network_Geo_F25-54_300 x 250_Click and View_NV_NA,204555259,10/12/2017,4951,214,4737,4737,0,0,0,0,0,4737,2090,2090
TJN_TJX_TJMaxx 2H DIG_FY18,xAd Inc.,PJPXJS_TJN_TJX_028_Mobile_GROUND TRUTH FKA XAD_DST_SV1_MAP_DIR_DSP_TRG_RON_RTG_RTG_DVY_PHASE 1_LOCATION AUDIENCE COMPETITIVE CONQUESTING PLACEMENT - STANDARD BANNER - Fall Hero_Run of Network_Retarget_F25-54_300 x 250_Click and View_NV_NA,204446153,10/13/2017,6801,110,6691,6655,36,0,36,31,5,6655,5731,5762
TJN_TJX_TJMaxx 2H DIG_FY18,xAd Inc.,PJMTMZ_TJN_TJX_028_Mobile_GROUND TRUTH FKA XAD_DST_SV1_MAP_DIR_DSP_TRG_RON_RTG_RTG_DVY_PHASE 1_LOCATION AUDIENCE TJX SHOPPERS PLACEMENT - STANDARD BANNER - Maxx You Maxx Life_Run of Network_Retarget_F25-54_320 x 50_Click and View_NV_NA,204484011,10/4/2017,2,0,2,2,0,0,0,0,0,2,2,2
TJN_TJX_TJMaxx 2H DIG_FY18,Foursquare,"PJYHWF_TJN_TJX_028_Audience_FOURSQUARE LABS, INC_DST_SV1_MAP_PRO_DSP_TRG_RON_PXT_BTG_DVY_PHASE 1_PINPOINT COMPETITIVE CONQUESTING_Run of Network_Geo_F25-54_320 x 50_Standard_NV_NA",205183220,10/7/2017,113588,2359,111229,82380,28849,1117,27732,24090,3642,83497,72531,96621
TJN_TJX_TJMaxx 2H DIG_FY18,Hulu,PK3F7F_TJN_TJX_027_Content_HULU_BAF_BS2_DSK_DIR_CUS_SPN_CHS_CTG_CTG_DVY_HULU ROS: PREMIUM SLATE - DESKTOP_FEP_Contextual_F25-54_1920 x 1080_Standard_NV_NA,205683925,9/28/2017,601,13,588,588,0,0,0,0,0,588,448,448
TJN_TJX_TJMaxx 2H DIG_FY18,xAd Inc.,PJPXJS_TJN_TJX_028_Mobile_GROUND TRUTH FKA XAD_DST_SV1_MAP_DIR_DSP_TRG_RON_RTG_RTG_DVY_PHASE 1_LOCATION AUDIENCE COMPETITIVE CONQUESTING PLACEMENT - STANDARD BANNER - Fall Hero_Run of Network_Retarget_F25-54_300 x 250_Click and View_NV_NA,204446153,9/13/2017,13209,275,12934,12921,13,0,13,4,9,12921,3976,3980
TJN_TJX_TJMaxx 2H DIG_FY18,Viant,PJPXKR_TJN_TJX_028_Data_VIANT INC_DSI_SV1_DSK_DIR_DSP_TRG_RON_BTG_CTG_DVY_PHASE 1_DESKTOP DISPLAY VIANT IMP TARGETING - STRATEGIC SAVERS AV_Fixed Placement_Demo_F25-54_300 x 250_Standard_NV_NA,204475841,9/28/2017,474,130,344,0,344,13,331,61,270,13,2,63
TJN_MAR_023_Marshalls 2H Digital_F18,Bustle,PK5G42_TJN_MAR_023_Content_BUSTLE_Custom Content Roadblock Standard Feature 1 - 300x250_Roadblock_Contextual_F25-54_300 x 250_Click and View_NV_NA,206309158,10/17/2017,84530,1610,82920,90,82830,1551,81279,61697,19582,1641,1246,62943
TJN_TJX_TJMaxx 2H DIG_FY18,Viant,"PJSPCF_TJN_TJC_031_Data_VIANT INC_PUR_ROI_DSK_DIR_DSP_TRG_RON_BTG_MKT_DVY_W25-54 + ONLINE SHOPPERS, CROSS DEVICE DISPLAY_Fixed Placement_Behavioral_F25-54_320 x 50_Click_NV_NA",204715639,10/6/2017,5531,83,5448,0,5448,658,4790,3492,1298,658,480,3972
TJN_TJX_TJMaxx 2H DIG_FY18,Foursquare,"PK0H82_TJN_TJX_028_Audience_FOURSQUARE LABS, INC_DST_SV1_MAP_PRO_RCH_TRG_RON_PXT_BTG_DVY_PHASE 1_MOBILE RICH MEDIA TRENDSETTERS - Find A Store_Run of Network_Geo_F25-54_320 x 50_Standard_NV_NA",205394971,10/2/2017,92786,2004,90782,59998,30784,2482,28302,18742,9560,62480,41375,60117
TJN_TJX_TJMaxx 2H DIG_FY18,Foursquare,"PJMQ2D_TJN_TJX_028_Audience_FOURSQUARE LABS, INC_DST_SV1_MAP_PRO_DSP_TRG_RON_PXT_BTG_DVY_PHASE 1_PINPOINT STRATEGIC SAVERS_Run of Network_Geo_F25-54_300 x 250_Standard_NV_NA",204483457,10/16/2017,7431,179,7252,2943,4309,258,4051,1980,2071,3201,1565,3545
TJN_TJX_TJMaxx 2H DIG_FY18,Viant,"PJNSGV_TJN_TJX_028_Data_VIANT INC_DSI_SV1_DSK_DIR_DSP_TRG_RON_BTG_CTG_DVY_PHASE 1_VIANT DIRECT MATCH RETAIL, TJX PORFOLIO LOYALISTS, DISPLAY_Fixed Placement_Behavioral_F25-54_728 x 90_Standard_NV_NA",204478511,9/13/2017,1,0,1,0,1,0,1,1,0,0,0,1
TJN_TJX_TJMaxx 2H DIG_FY18,Viant,"PJSPBR_TJN_TJC_031_Data_VIANT INC_PUR_ROI_DSK_DIR_DSP_TRG_RON_BTG_MKT_DVY_DETERMINSTIC LAL OF ECOM CONVERTERS, CROSS DEVICE DISPLAY_Fixed Placement_Behavioral_F25-54_300 x 250_Click_NV_NA",204715645,10/2/2017,236,9,227,0,227,11,216,145,71,11,7,152
TJN_MAR_023_Marshalls 2H Digital_F18,Bustle,PK5G43_TJN_MAR_023_Content_BUSTLE_RON - Bustle & Elite Daily - Panoramic Unit_Run of Network_Contextual_F25-54_1 x 1_Click and View_NV_NA,206309983,10/14/2017,106457,1503,104954,1969,102985,94141,8844,3316,5528,96110,36036,39352
TJN_TJX_TJMaxx 2H DIG_FY18,Viant,"PJNSGM_TJN_TJX_028_Data_VIANT INC_DSI_SV1_TWB_DIR_DSP_TRG_RON_BTG_CTG_DVY_PHASE 1_VIANT DIRECT MATCH RETAIL, TJX PORFOLIO LOYALISTS, DISPLAY_Fixed Placement_Behavioral_F25-54_728 x 90_Standard_NV_NA",204526722,9/26/2017,8857,192,8665,0,8665,1776,6889,2864,4025,1776,738,3602
TJN_TJX_TJMaxx 2H DIG_FY18,Foursquare,"PK0H82_TJN_TJX_028_Audience_FOURSQUARE LABS, INC_DST_SV1_MAP_PRO_RCH_TRG_RON_PXT_BTG_DVY_PHASE 1_MOBILE RICH MEDIA TRENDSETTERS - Find A Store_Run of Network_Geo_F25-54_320 x 50_Standard_NV_NA",205394971,9/23/2017,64688,1602,63086,45640,17446,1663,15783,11283,4500,47303,33816,45099
TJN_TJX_TJMaxx 2H DIG_FY18,Conversant Inc.,PJNPMD_TJN_TJC_031_Audience_CONVERSANT_PUR_ROI_TAP_NET_DSP_TRG_RON_BTG_BTG_DVY_TABLET MEDIUM RECTANGLE - STRATEGIC SAVERS_Run of Site_Other_P18+_300 x 250_Standard_NV_NA,204483960,10/8/2017,10027,81,9946,0,9946,1408,8538,4863,3675,1408,802,5665
TJN_TJX_TJMaxx 2H DIG_FY18,xAd Inc.,PKF5JT_TJN_TJX_028_Mobile_GROUND TRUTH FKA XAD_DST_SV1_MAP_DIR_DSP_TRG_RON_RTG_RTG_DVY_PHASE 1_LOCATION AUDIENCE COMPETITIVE CONQUESTING PLACEMENT - STANDARD BANNER - Find A Store V1_Run of Network_Retarget_F25-54_320 x 50_Click and View_NV_NA,206813083,10/19/2017,4779,75,4704,1962,2742,36,2706,1976,730,1998,1459,3435
TJN_TJX_TJMaxx 2H DIG_FY18,Viant,"PJNSGV_TJN_TJX_028_Data_VIANT INC_DSI_SV1_DSK_DIR_DSP_TRG_RON_BTG_CTG_DVY_PHASE 1_VIANT DIRECT MATCH RETAIL, TJX PORFOLIO LOYALISTS, DISPLAY_Fixed Placement_Behavioral_F25-54_728 x 90_Standard_NV_NA",204478511,10/13/2017,33159,859,32300,1,32299,477,31822,25270,6552,478,380,25650
TJN_MAR_023_Marshalls 2H Digital_F18,xAd Inc.,PJQ0YS_TJN_MAR_023_Mobile_GROUND TRUTH FKA XAD_DST_SV1_MAP_DIR_DSP_TRG_RON_DMA_BTG_DVY_AV DMA TARGETING_Run of Network_Geo_F25-54_300 x 250_Click and View_NV_NA,204558337,9/28/2017,47648,1954,45694,18677,27017,570,26447,21293,5154,19247,15224,36517
TJN_TJX_TJMaxx 2H DIG_FY18,Foursquare,"PJPRQJ_TJN_TJX_028_Audience_FOURSQUARE LABS, INC_DST_SV1_MAP_PRO_DSP_TRG_RON_PXT_BTG_DVY_PHASE 1_PINPOINT STRATEGIC SAVERS AV_Run of Network_Geo_F25-54_320 x 50_Standard_NV_NA",204525369,10/11/2017,2861,44,2817,1308,1509,92,1417,1115,302,1400,1102,2217
TJN_TJX_TJMaxx 2H DIG_FY18,Viant,"PJSPBS_TJN_TJC_031_Data_VIANT INC_PUR_ROI_DSK_DIR_DSP_TRG_RON_BTG_MKT_DVY_DETERMINSTIC LAL OF ECOM CONVERTERS, CROSS DEVICE DISPLAY_Fixed Placement_Behavioral_F25-54_728 x 90_Click_NV_NA",204733518,10/8/2017,6828,406,6422,0,6422,405,6017,5167,850,405,348,5515
TJN_TJX_TJMaxx 2H DIG_FY18,Conversant Inc.,PJPWBT_TJN_TJX_028_Audience_CONVERSANT_DST_SV1_DSK_NET_DSP_TRG_RON_BTG_BTG_DVY_PHASE 1_ DESKTOP LEADERBOARD - CJ INTERACTORS LAL MODELING_Run of Site_Behavioral_P18+_728 x 90_Standard_NV_NA,204446096,10/10/2017,35286,2473,32813,14,32799,3224,29575,14425,15150,3238,1579,16004
TJN_MAR_023_Marshalls 2H Digital_F18,xAd Inc.,PJQ0YR_TJN_MAR_023_Mobile_GROUND TRUTH FKA XAD_DST_SV1_MAP_DIR_DSP_TRG_RON_PXT_BTG_DVY_GEOBLOCKS CONQUESTING - DYNAMIC DISTANCE_Run of Network_Geo_F25-54_300 x 250_Click and View_NV_NA,204555244,10/9/2017,9529,548,8981,8981,0,0,0,0,0,8981,499,499
TJN_MAR_023_Marshalls 2H Digital_F18,NinthDecimal,PJPSRY_TJN_MAR_023_Mobile_NINTHDECIMAL_DST_SV1_MAP_DIR_RCH_TRG_RON_BTG_PXT_DVY_LOCATION GRAPH: LABOR DAY SALES SHOPPERS_Run of Network_Behavioral_F25-54_320 x 50_Click and View_NV_NA,204542876,9/23/2017,2,0,2,1,1,1,0,0,0,2,2,2
TJN_TJX_TJMaxx 2H DIG_FY18,Viant,"PJNSGV_TJN_TJX_028_Data_VIANT INC_DSI_SV1_DSK_DIR_DSP_TRG_RON_BTG_CTG_DVY_PHASE 1_VIANT DIRECT MATCH RETAIL, TJX PORFOLIO LOYALISTS, DISPLAY_Fixed Placement_Behavioral_F25-54_728 x 90_Standard_NV_NA",204478511,9/16/2017,5353,4,5349,0,5349,324,5025,4283,742,324,276,4559
TJN_MAR_023_Marshalls 2H Digital_F18,xAd Inc.,PJQ0YL_TJN_MAR_023_Mobile_GROUND TRUTH FKA XAD_DST_SV1_MAP_DIR_DSP_TRG_RON_BTG_PXT_DVY_COMPETITOR SHOPPERS - DYNAMIC DISTANCE_Run of Network_Geo_F25-54_320 x 50_Click and View_NV_NA,204595638,9/5/2017,10663,219,10444,8105,2339,1540,799,728,71,9645,8460,9188
TJN_MAR_023_Marshalls 2H Digital_F18,Bustle,PKGB7T_TJN_MAR_023_Content_BUSTLE_Custom Content Roadblock Custom Shot Feature 1 - 300x250_Roadblock_Contextual_F25-54_300 x 250_Click and View_NV_NA,206751412,10/17/2017,9307,247,9060,3,9057,8317,740,468,272,8320,5262,5730
TJN_TJX_TJMaxx 2H DIG_FY18,Hulu,PK3CXJ_TJN_TJX_027_Content_HULU_BAF_BS2_MAP_DIR_CUS_SPN_CHS_CTG_CTG_DVY_FALL TV SPONSORSHIP: PREMIUM SLATE - MOBILE IN APP_FEP_Contextual_F25-54_1920 x 1080_Standard_NV_NA,205683919,9/25/2017,1,0,1,1,0,0,0,0,0,1,1,1
TJN_TJX_TJMaxx 2H DIG_FY18,Viant,"PJNSHB_TJN_TJX_028_Data_VIANT INC_DSI_SV1_MWB_DIR_DSP_TRG_RON_BTG_CTG_DVY_PHASE 1_VIANT DIRECT MATCH RETAIL, COMPETITIVE CONQUESTING, DISPLAY_Fixed Placement_Behavioral_F25-54_300 x 50_Standard_NV_NA",204478658,10/1/2017,3,0,3,0,3,0,3,2,1,0,0,2
TJN_MAR_023_Marshalls 2H Digital_F18,NinthDecimal,PJPSRW_TJN_MAR_023_Mobile_NINTHDECIMAL_DST_SV1_MAP_DIR_RCH_TRG_RON_BTG_PXT_DVY_LOCATION GRAPH: TJX FAMILY LOYALISTS_Run of Network_Behavioral_F25-54_320 x 50_Click and View_NV_NA,204541739,9/30/2017,58141,1008,57133,12111,45022,152,44870,43638,1232,12263,11926,55564
TJN_TJX_TJMaxx 2H DIG_FY18,Foursquare,"PJPQL0_TJN_TJX_028_Audience_FOURSQUARE LABS, INC_DST_SV1_MAP_PRO_DSP_TRG_RON_PXT_BTG_DVY_PHASE 1_PINPOINT TRENDSETTERS_Run of Network_Geo_F25-54_320 x 50_Standard_NV_NA",204478094,10/3/2017,38032,1186,36846,23021,13825,533,13292,11102,2190,23554,19673,30775
TJN_TJX_TJMaxx 2H DIG_FY18,PlaceIQ,PK18VC_TJN_TJX_028_Mobile_PLACEIQ INC_DST_SV1_MAP_DIR_RCH_TRG_RON_BTG_PXT_DVY_PHASE 1_RICH MEDIA_TJX PORTFOLIO LOYALISTS_Run of Network_Behavioral_F25-54_320 x 50_Click and View_NV_NA,205568912,10/9/2017,32743,739,32004,14416,17588,615,16973,16661,312,15031,14755,31416
TJN_TJX_TJMaxx 2H DIG_FY18,Conversant Inc.,PJNPMH_TJN_TJC_031_Audience_CONVERSANT_PUR_ROI_MAP_NET_DSP_TRG_RON_BTG_BTG_DVY_SMARTPHONE SMALL BANNER - STRATEGIC SAVERS_Run of Site_Other_P18+_320 x 50_Standard_NV_NA,204442066,10/8/2017,24656,553,24103,0,24103,4480,19623,15159,4464,4480,3461,18620
TJN_TJX_TJMaxx 2H DIG_FY18,xAd Inc.,PJMTND_TJN_TJX_028_Mobile_GROUND TRUTH FKA XAD_DST_SV1_MAP_DIR_DSP_TRG_RON_PXT_PXT_DVY_PHASE 1_PROXIMITY LOYALTY PLACEMENT - STANDARD BANNER - Maxx You Maxx Life_Run of Network_Geo_F25-54_320 x 50_Click and View_NV_NA,204442096,9/24/2017,39584,642,38942,18409,20533,7195,13338,10089,3249,25604,18742,28831
TJN_TJX_TJMaxx 2H DIG_FY18,xAd Inc.,PJPXK2_TJN_TJX_028_Mobile_GROUND TRUTH FKA XAD_DST_SV1_MAP_DIR_DSP_TRG_RON_PXT_PXT_DVY_PHASE 1_PROXIMITY LOYALTY PLACEMENT - STANDARD BANNER - Fall Hero_Run of Network_Geo_F25-54_300 x 250_Click and View_NV_NA,204442945,9/12/2017,12025,201,11824,11735,89,12,77,18,59,11747,2746,2764
TJN_TJX_TJMaxx 2H DIG_FY18,Hulu,PK3F7L_TJN_TJX_027_Content_HULU_BAF_BS2_CTV_DIR_CUS_SPN_CHS_CTG_CTG_DVY_HULU ROS: PREMIUM SLATE - CONNECTED TV_FEP_Contextual_F25-54_1920 x 1080_Standard_NV_NA,205685923,10/4/2017,1,0,1,1,0,0,0,0,0,1,1,1
TJN_TJX_TJMaxx 2H DIG_FY18,Viant,"PK2X7C_TJN_TJX_028_Data_VIANT INC_DSI_SV1_TWB_DIR_RCH_TRG_INT_BTG_CTG_DVY_PHASE 1_VIANT IMP, W25-54 STRATEGIC SAVERS, CONTOBOX - Honeycomb_Fixed Placement_Behavioral_F25-54_160 x 600_Click and View_NV_NA",205685992,10/15/2017,4,3,1,0,1,0,1,1,0,0,0,1
TJN_TJX_TJMaxx 2H DIG_FY18,PlaceIQ,PK18VB_TJN_TJX_028_Mobile_PLACEIQ INC_DST_SV1_MAP_DIR_DSP_TRG_RON_BTG_PXT_DVY_PHASE 1_STANDARD BANNER_TJX PROXIMITY LOYALISTS_WORK BY TJMAXX - Maxx You Maxx Life_Run of Network_Behavioral_F25-54_320 x 50_Click and View_NV_NA,205563149,10/19/2017,26154,530,25624,12161,13463,141,13322,13139,183,12302,12133,25272
TJN_TJX_TJMaxx 2H DIG_FY18,Viant,"PJNSGN_TJN_TJX_028_Data_VIANT INC_DSI_SV1_TWB_DIR_DSP_TRG_RON_BTG_CTG_DVY_PHASE 1_VIANT DIRECT MATCH RETAIL, TJX PORFOLIO LOYALISTS, DISPLAY_Fixed Placement_Behavioral_F25-54_300 x 250_Standard_NV_NA",204526347,10/3/2017,803,20,783,0,783,63,720,529,191,63,46,575
TJN_TJX_TJMaxx 2H DIG_FY18,Hulu,PK3CXN_TJN_TJX_027_Content_HULU_BAF_BS2_CTV_DIR_CUS_SPN_CHS_CTG_CTG_DVY_FALL TV SPONSORSHIP: PREMIUM SLATE - CONNECTED TV_FEP_Contextual_F25-54_1920 x 1080_Standard_NV_NA,205725861,10/16/2017,169543,567,168976,168976,0,0,0,0,0,168976,109804,109804
TJN_TJX_TJMaxx 2H DIG_FY18,Viant,"PJSPBX_TJN_TJC_031_Data_VIANT INC_PUR_ROI_TWB_DIR_DSP_TRG_RON_BTG_MKT_DVY_DETERMINSTIC LAL OF ECOM CONVERTERS, CROSS DEVICE DISPLAY_Fixed Placement_Behavioral_F25-54_728 x 90_Click_NV_NA",204716188,10/16/2017,1644,25,1619,0,1619,213,1406,754,652,213,114,868
TJN_TJX_TJMaxx 2H DIG_FY18,Viant,"PJNSH7_TJN_TJX_028_Data_VIANT INC_DSI_SV1_MWB_DIR_DSP_TRG_RON_BTG_CTG_DVY_PHASE 1_VIANT DIRECT MATCH RETAIL, COMPETITIVE CONQUESTING, DISPLAY_Fixed Placement_Behavioral_F25-54_320 x 50_Standard_NV_NA",204477565,9/28/2017,9,5,4,0,4,0,4,4,0,0,0,4
TJN_TJX_TJMaxx 2H DIG_FY18,Viant,"PK2X7H_TJN_TJX_028_Data_VIANT INC_DSI_SV1_MWB_DIR_RCH_TRG_INT_BTG_CTG_DVY_PHASE 1_VIANT IMP, W25-54 STRATEGIC SAVERS, CONTOBOX - Honeycomb_Fixed Placement_Behavioral_F25-54_320 x 50_Click and View_NV_NA",205725975,10/5/2017,8501,86,8415,2,8413,1615,6798,3406,3392,1617,810,4216
TJN_TJX_TJMaxx 2H DIG_FY18,xAd Inc.,PJMTNB_TJN_TJX_028_Mobile_GROUND TRUTH FKA XAD_DST_SV1_MAP_DIR_DSP_TRG_RON_BTG_BTG_DVY_PHASE 1_BEHAVIORAL AUDIENCE TRENDSETTERS PLACEMENT - STANDARD BANNER - Fall Handbag_Run of Network_Behavioral_F25-54_300 x 250_Click and View_NV_NA,204447833,9/24/2017,10429,195,10234,10212,22,1,21,9,12,10213,4377,4386
TJN_TJX_TJMaxx 2H DIG_FY18,Foursquare,"PJPRV8_TJN_TJX_028_Audience_FOURSQUARE LABS, INC_DST_SV1_MAP_PRO_DSP_TRG_RON_PXT_BTG_DVY_PHASE 1_PINPOINT TRENDSETTERS AV_Run of Network_Geo_F25-54_300 x 250_Standard_NV_NA",204527100,10/4/2017,101,4,97,29,68,5,63,30,33,34,16,46
TJN_TJX_TJMaxx 2H DIG_FY18,xAd Inc.,PJPXJS_TJN_TJX_028_Mobile_GROUND TRUTH FKA XAD_DST_SV1_MAP_DIR_DSP_TRG_RON_RTG_RTG_DVY_PHASE 1_LOCATION AUDIENCE COMPETITIVE CONQUESTING PLACEMENT - STANDARD BANNER - Fall Hero_Run of Network_Retarget_F25-54_300 x 250_Click and View_NV_NA,204446153,9/16/2017,12989,316,12673,12664,9,2,7,2,5,12666,3619,3621
TJN_TJX_TJMaxx 2H DIG_FY18,Hulu,PK3F7F_TJN_TJX_027_Content_HULU_BAF_BS2_DSK_DIR_CUS_SPN_CHS_CTG_CTG_DVY_HULU ROS: PREMIUM SLATE - DESKTOP_FEP_Contextual_F25-54_1920 x 1080_Standard_NV_NA,205683925,10/14/2017,8971,165,8806,8806,0,0,0,0,0,8806,6302,6302
TJN_TJX_TJMaxx 2H DIG_FY18,Conversant Inc.,PJPWPB_TJN_TJX_028_Audience_CONVERSANT_DST_SV1_DSK_NET_DSP_TRG_RON_BTG_BTG_DVY_PHASE 1_ DESKTOP RECTANGLE - CONVERSANT SHOPPERS AV_Run of Site_Behavioral_P18+_300 x 600_Standard_NV_NA,204447254,9/12/2017,67,9,58,0,58,5,53,24,29,5,2,26
TJN_TJX_TJMaxx 2H DIG_FY18,Hulu,PK3F7G_TJN_TJX_027_Content_HULU_BAF_BS2_MAP_DIR_CUS_SPN_CHS_CTG_CTG_DVY_HULU ROS: PREMIUM SLATE - MOBILE IN APP_FEP_Contextual_F25-54_1920 x 1080_Standard_NV_NA,205634552,10/3/2017,1,0,1,1,0,0,0,0,0,1,1,1
TJN_TJX_TJMaxx 2H DIG_FY18,Viant,PJPXKR_TJN_TJX_028_Data_VIANT INC_DSI_SV1_DSK_DIR_DSP_TRG_RON_BTG_CTG_DVY_PHASE 1_DESKTOP DISPLAY VIANT IMP TARGETING - STRATEGIC SAVERS AV_Fixed Placement_Demo_F25-54_300 x 250_Standard_NV_NA,204475841,10/14/2017,7020,752,6268,9,6259,552,5707,3109,2598,561,306,3415
TJN_TJX_TJMaxx 2H DIG_FY18,Viant,"PJSPCM_TJN_TJC_031_Data_VIANT INC_PUR_ROI_TWB_DIR_DSP_TRG_RON_BTG_MKT_DVY_W25-54 + ONLINE SHOPPERS, CROSS DEVICE DISPLAY_Fixed Placement_Behavioral_F25-54_300 x 250_Click_NV_NA",204733512,10/19/2017,78370,643,77727,0,77727,4645,73082,52245,20837,4645,3321,55566
TJN_TJX_TJMaxx 2H DIG_FY18,Viant,"PK2V4Z_TJN_TJX_028_Data_VIANT INC_DSI_SV1_MWB_DIR_RCH_TRG_INT_BTG_CTG_DVY_PHASE 1_VIANT IMP, W25-54 STRATEGIC SAVERS, CONTOBOX - Fall Homes_Fixed Placement_Behavioral_F25-54_300 x 250_Click and View_NV_NA",205726911,10/8/2017,2243,27,2216,2,2214,150,2064,333,1731,152,25,358
TJN_MAR_023_Marshalls 2H Digital_F18,NinthDecimal,PJPSRV_TJN_MAR_023_Mobile_NINTHDECIMAL_DST_SV1_MAP_DIR_RCH_TRG_RON_BTG_PXT_DVY_LOCATION GRAPH: MARSHALLS LOYALISTS_Run of Network_Behavioral_F25-54_320 x 50_Click and View_NV_NA,204555232,9/25/2017,17655,211,17444,4993,12451,52,12399,11887,512,5045,4837,16724
TJN_TJX_TJMaxx 2H DIG_FY18,xAd Inc.,PKF5TF_TJN_TJX_028_Mobile_GROUND TRUTH FKA XAD_DST_SV1_MAP_DIR_DSP_TRG_RON_RTG_RTG_DVY_PHASE 1_LOCATION AUDIENCE TJX SHOPPERS PLACEMENT - STANDARD BANNER - Find A Store V2_Run of Network_Retarget_F25-54_320 x 50_Click and View_NV_NA,206765393,10/16/2017,5255,88,5167,1903,3264,40,3224,2620,604,1943,1579,4199
TJN_MAR_023_Marshalls 2H Digital_F18,NinthDecimal,PJPSRZ_TJN_MAR_023_Mobile_NINTHDECIMAL_DST_SV1_MAP_DIR_RCH_TRG_RON_BTG_DMA_DVY_CONSUMER JOURNEY: BARGAIN HUNTERS_Run of Network_Behavioral_F25-54_320 x 50_Click and View_NV_NA,204542873,9/25/2017,25936,548,25388,9366,16022,97,15925,15449,476,9463,9180,24629
TJN_TJX_TJMaxx 2H DIG_FY18,Conversant Inc.,PJPTML_TJN_TJC_031_Audience_CONVERSANT_PUR_ROI_DSK_NET_DSP_TRG_RON_BTG_BTG_DVY_DESKTOP WIDE SKYSCRAPER- COMPETITIVE CONQUESTING_Run of Site_Other_P18+_160 x 600_Standard_NV_NA,204447224,10/19/2017,783,38,745,0,745,171,574,178,396,171,53,231
TJN_MAR_023_Marshalls 2H Digital_F18,NinthDecimal,PJPSS0_TJN_MAR_023_Mobile_NINTHDECIMAL_DST_SV1_MAP_DIR_RCH_TRG_RON_BTG_DMA_DVY_3RD PARTY: SURPRISE CHOOSERS_Run of Network_Behavioral_F25-54_320 x 50_Click and View_NV_NA,204595875,9/6/2017,12311,192,12119,5084,7035,65,6970,6759,211,5149,4993,11752
TJN_TJX_TJMaxx 2H DIG_FY18,Conversant Inc.,PJPWP9_TJN_TJX_028_Audience_CONVERSANT_DST_SV1_DSK_NET_DSP_TRG_RON_BTG_BTG_DVY_PHASE 1_ DESKTOP MEDIUM RECTANGLE - CONVERSANT SHOPPERS AV_Run of Site_Behavioral_P18+_300 x 250_Standard_NV_NA,204483957,10/10/2017,985,87,898,0,898,206,692,342,350,206,102,444
TJN_TJX_TJMaxx 2H DIG_FY18,Foursquare,"PJPRVH_TJN_TJX_028_Audience_FOURSQUARE LABS, INC_DST_SV1_MAP_PRO_DSP_TRG_RON_PXT_BTG_DVY_PHASE 1_PINPOINT COMPETITIVE CONQUESTING AV_Run of Network_Geo_F25-54_320 x 50_Standard_NV_NA",204478088,10/20/2017,5651,121,5530,4598,932,20,912,838,74,4618,4243,5081
TJN_TJX_TJMaxx 2H DIG_FY18,xAd Inc.,PJMTND_TJN_TJX_028_Mobile_GROUND TRUTH FKA XAD_DST_SV1_MAP_DIR_DSP_TRG_RON_PXT_PXT_DVY_PHASE 1_PROXIMITY LOYALTY PLACEMENT - STANDARD BANNER - Maxx You Maxx Life_Run of Network_Geo_F25-54_320 x 50_Click and View_NV_NA,204442096,9/22/2017,46816,831,45985,15920,30065,14155,15910,13023,2887,30075,24044,37067
TJN_TJX_TJMaxx 2H DIG_FY18,Viant,"PJNSGM_TJN_TJX_028_Data_VIANT INC_DSI_SV1_TWB_DIR_DSP_TRG_RON_BTG_CTG_DVY_PHASE 1_VIANT DIRECT MATCH RETAIL, TJX PORFOLIO LOYALISTS, DISPLAY_Fixed Placement_Behavioral_F25-54_728 x 90_Standard_NV_NA",204526722,10/9/2017,10675,24,10651,0,10651,1149,9502,6015,3487,1149,727,6742
TJN_TJX_TJMaxx 2H DIG_FY18,Viant,"PK2X7F_TJN_TJX_028_Data_VIANT INC_DSI_SV1_DSK_DIR_RCH_TRG_INT_BTG_CTG_DVY_PHASE 1_VIANT IMP, W25-54 STRATEGIC SAVERS, CONTOBOX - Honeycomb_Fixed Placement_Behavioral_F25-54_728 x 90_Click and View_NV_NA",205727841,10/21/2017,20,9,11,5,6,0,6,6,0,5,5,11
TJN_TJX_TJMaxx 2H DIG_FY18,Viant,"PK2X7D_TJN_TJX_028_Data_VIANT INC_DSI_SV1_TWB_DIR_RCH_TRG_INT_BTG_CTG_DVY_PHASE 1_VIANT IMP, W25-54 STRATEGIC SAVERS, CONTOBOX - Honeycomb_Fixed Placement_Behavioral_F25-54_728 x 90_Click and View_NV_NA",205727832,10/16/2017,408,4,404,15,389,43,346,110,236,58,18,128
TJN_TJX_TJMaxx 2H DIG_FY18,Viant,"PK2V50_TJN_TJX_028_Data_VIANT INC_DSI_SV1_DSK_DIR_RCH_TRG_INT_BTG_CTG_DVY_PHASE 1_VIANT IMP, W25-54 STRATEGIC SAVERS, CONTOBOX - Fall Homes_Fixed Placement_Behavioral_F25-54_160 x 600_Click and View_NV_NA",205726908,9/30/2017,1269,44,1225,0,1225,73,1152,570,582,73,36,606
TJN_TJX_TJMaxx 2H DIG_FY18,Foursquare,"PJPQKZ_TJN_TJX_028_Audience_FOURSQUARE LABS, INC_DST_SV1_MAP_PRO_DSP_TRG_RON_PXT_BTG_DVY_PHASE 1_PINPOINT TRENDSETTERS_Run of Network_Geo_F25-54_300 x 250_Standard_NV_NA",204481813,9/30/2017,2919,178,2741,1165,1576,73,1503,917,586,1238,755,1672
TJN_TJX_TJMaxx 2H DIG_FY18,NBC Universal Media,PK2JQY_TJN_TJX_028_Content_NBCUNI.COM_BAF_BS2_OTT_DIR_VID_SPN_ROS_BTG_CTG_MOA_THIS IS US SPONSORSHIP: OTT - VIGNETTE 1_Run of Site_Behavioral_F25-54_1920 x 1080_Click and View_NV_NA,205566374,9/26/2017,1398,2,1396,1396,0,0,0,0,0,1396,1004,1004
TJN_TJX_TJMaxx 2H DIG_FY18,Foursquare,"PJPSSW_TJN_TJX_028_Audience_FOURSQUARE LABS, INC_DST_SV1_MAP_PRO_RCH_TRG_RON_PXT_BTG_DVY_PHASE 1_MOBILE RICH MEDIA STRATEGIC SAVERS - Find A TJ Maxx Store_Run of Network_Geo_F25-54_320 x 50_Standard_NV_NA",204525357,10/8/2017,22315,623,21692,9764,11928,1615,10313,6456,3857,11379,7123,13579
TJN_MAR_023_Marshalls 2H Digital_F18,xAd Inc.,PJQ0YS_TJN_MAR_023_Mobile_GROUND TRUTH FKA XAD_DST_SV1_MAP_DIR_DSP_TRG_RON_DMA_BTG_DVY_AV DMA TARGETING_Run of Network_Geo_F25-54_300 x 250_Click and View_NV_NA,204558337,10/14/2017,47224,682,46542,18852,27690,2162,25528,19230,6298,21014,15830,35060
TJN_MAR_023_Marshalls 2H Digital_F18,xAd Inc.,PJQ0Y6_TJN_MAR_023_Mobile_GROUND TRUTH FKA XAD_DST_SV1_MAP_DIR_DSP_TRG_RON_PXT_BTG_DVY_PROXIMITY LOYALTY - DYNAMIC DISTANCE_Run of Network_Geo_F25-54_320 x 50_Click and View_NV_NA,204556888,9/27/2017,86825,2250,84575,69116,15459,3116,12343,10284,2059,72232,53951,64235
TJN_TJX_TJMaxx 2H DIG_FY18,xAd Inc.,PJMTN3_TJN_TJX_028_Mobile_GROUND TRUTH FKA XAD_DST_SV1_MAP_DIR_DSP_TRG_RON_RTG_RTG_DVY_PHASE 1_LOCATION AUDIENCE COMPETITIVE CONQUESTING PLACEMENT - STANDARD BANNER - Maxx You Maxx Life_Run of Network_Retarget_F25-54_320 x 50_Click and View_NV_NA,204442933,9/15/2017,35601,340,35261,7671,27590,14012,13578,10763,2815,21683,17051,27814
TJN_TJX_TJMaxx 2H DIG_FY18,Viant,"PJNSHB_TJN_TJX_028_Data_VIANT INC_DSI_SV1_MWB_DIR_DSP_TRG_RON_BTG_CTG_DVY_PHASE 1_VIANT DIRECT MATCH RETAIL, COMPETITIVE CONQUESTING, DISPLAY_Fixed Placement_Behavioral_F25-54_300 x 50_Standard_NV_NA",204478658,9/23/2017,6878,99,6779,0,6779,386,6393,3663,2730,386,221,3884
TJN_MAR_023_Marshalls 2H Digital_F18,xAd Inc.,PJQ0Y8_TJN_MAR_023_Mobile_GROUND TRUTH FKA XAD_DST_SV1_MAP_DIR_RCH_TRG_RON_WEA_PXT_DVY_PROXIMITY LOYALTY - WEATHER LOCATOR UNIT_Run of Network_Weather_F25-54_320 x 50_Click and View_NV_NA,204556189,9/5/2017,26035,621,25414,22194,3220,89,3131,2993,138,22283,21301,24294
TJN_MAR_023_Marshalls 2H Digital_F18,xAd Inc.,PJQ0YS_TJN_MAR_023_Mobile_GROUND TRUTH FKA XAD_DST_SV1_MAP_DIR_DSP_TRG_RON_DMA_BTG_DVY_AV DMA TARGETING_Run of Network_Geo_F25-54_300 x 250_Click and View_NV_NA,204558337,9/14/2017,51154,817,50337,4243,46094,11563,34531,25125,9406,15806,11501,36626
TJN_TJX_TJMaxx 2H DIG_FY18,xAd Inc.,PKF477_TJN_TJX_028_Mobile_GROUND TRUTH FKA XAD_DST_SV1_MAP_DIR_DSP_TRG_RON_PXT_PXT_DVY_PHASE 1_PROXIMITY LOYALTY PLACEMENT - STANDARD BANNER - Find A Store V2_Run of Network_Geo_F25-54_320 x 50_Click and View_NV_NA,206772098,10/18/2017,3881,81,3800,1233,2567,24,2543,2138,405,1257,1057,3195
TJN_TJX_TJMaxx 2H DIG_FY18,xAd Inc.,PJMTNB_TJN_TJX_028_Mobile_GROUND TRUTH FKA XAD_DST_SV1_MAP_DIR_DSP_TRG_RON_BTG_BTG_DVY_PHASE 1_BEHAVIORAL AUDIENCE TRENDSETTERS PLACEMENT - STANDARD BANNER - Fall Handbag_Run of Network_Behavioral_F25-54_300 x 250_Click and View_NV_NA,204447833,9/22/2017,10664,206,10458,10446,12,1,11,4,7,10447,3799,3803
TJN_TJX_TJMaxx 2H DIG_FY18,Viant,"PK2X7G_TJN_TJX_028_Data_VIANT INC_DSI_SV1_DSK_DIR_RCH_TRG_INT_BTG_CTG_DVY_PHASE 1_VIANT IMP, W25-54 STRATEGIC SAVERS, CONTOBOX - Honeycomb_Fixed Placement_Behavioral_F25-54_300 x 250_Click and View_NV_NA",205688467,10/3/2017,23720,171,23549,5,23544,2735,20809,7683,13126,2740,1012,8695
TJN_MAR_023_Marshalls 2H Digital_F18,xAd Inc.,PJQ0YK_TJN_MAR_023_Mobile_GROUND TRUTH FKA XAD_DST_SV1_MAP_DIR_DSP_TRG_RON_BTG_PXT_DVY_MARSHALLS SHOPPERS - DYNAMIC DISTANCE_Run of Network_Geo_F25-54_300 x 250_Click and View_NV_NA,204543440,9/20/2017,3315,124,3191,3191,0,0,0,0,0,3191,3191,3191
TJN_TJX_TJMaxx 2H DIG_FY18,Hulu,PK3F7G_TJN_TJX_027_Content_HULU_BAF_BS2_MAP_DIR_CUS_SPN_CHS_CTG_CTG_DVY_HULU ROS: PREMIUM SLATE - MOBILE IN APP_FEP_Contextual_F25-54_1920 x 1080_Standard_NV_NA,205634552,10/1/2017,4,0,4,4,0,0,0,0,0,4,3,3
TJN_MAR_023_Marshalls 2H Digital_F18,xAd Inc.,PJQ0YP_TJN_MAR_023_Mobile_GROUND TRUTH FKA XAD_DST_SV1_MAP_DIR_DSP_TRG_RON_PXT_BTG_DVY_GEOBLOCKS LOYALTY - DYNAMIC DISTANCE_Run of Network_Geo_F25-54_300 x 250_Click and View_NV_NA,204537983,9/18/2017,6076,233,5843,5815,28,1,27,7,20,5816,1508,1515
TJN_TJX_TJMaxx 2H DIG_FY18,Viant,"PJNSGQ_TJN_TJX_028_Data_VIANT INC_DSI_SV1_MWB_DIR_DSP_TRG_RON_BTG_CTG_DVY_PHASE 1_VIANT DIRECT MATCH RETAIL, TJX PORFOLIO LOYALISTS, DISPLAY_Fixed Placement_Behavioral_F25-54_300 x 250_Standard_NV_NA",204482395,9/26/2017,400,8,392,0,392,21,371,13,358,21,1,14
TJN_MAR_023_Marshalls 2H Digital_F18,xAd Inc.,PJQ0YN_TJN_MAR_023_Mobile_GROUND TRUTH FKA XAD_DST_SV1_MAP_DIR_DSP_TRG_RON_PXT_BTG_DVY_GEOBLOCKS LOYALTY - DYNAMIC DISTANCE_Run of Network_Geo_F25-54_320 x 50_Click and View_NV_NA,204558328,10/7/2017,10151,203,9948,8429,1519,289,1230,1127,103,8718,7738,8865
TJN_TJX_TJMaxx 2H DIG_FY18,xAd Inc.,PJMTN2_TJN_TJX_028_Mobile_GROUND TRUTH FKA XAD_DST_SV1_MAP_DIR_DSP_TRG_RON_RTG_RTG_DVY_PHASE 1_LOCATION AUDIENCE COMPETITIVE CONQUESTING PLACEMENT - STANDARD BANNER - Fall Handbag_Run of Network_Retarget_F25-54_300 x 250_Click and View_NV_NA,204447824,10/14/2017,6784,94,6690,6689,1,0,1,1,0,6689,6689,6690
TJN_MAR_023_Marshalls 2H Digital_F18,Bustle,PK5G41_TJN_MAR_023_Content_BUSTLE_Custom Content Roadblock Standard Feature 1 - Panoramic_Roadblock_Contextual_F25-54_1 x 1_Click and View_NV_NA,206335290,10/17/2017,29755,885,28870,13,28857,3165,25692,19848,5844,3178,2455,22303
TJN_TJX_TJMaxx 2H DIG_FY18,Viant,"PJNSGN_TJN_TJX_028_Data_VIANT INC_DSI_SV1_TWB_DIR_DSP_TRG_RON_BTG_CTG_DVY_PHASE 1_VIANT DIRECT MATCH RETAIL, TJX PORFOLIO LOYALISTS, DISPLAY_Fixed Placement_Behavioral_F25-54_300 x 250_Standard_NV_NA",204526347,10/2/2017,980,10,970,0,970,80,890,672,218,80,60,732
TJN_TJX_TJMaxx 2H DIG_FY18,Foursquare,"PJPRVG_TJN_TJX_028_Audience_FOURSQUARE LABS, INC_DST_SV1_MAP_PRO_DSP_TRG_RON_PXT_BTG_DVY_PHASE 1_PINPOINT COMPETITIVE CONQUESTING AV_Run of Network_Geo_F25-54_300 x 250_Standard_NV_NA",204527412,9/15/2017,496,42,454,128,326,97,229,130,99,225,128,258
TJN_TJX_TJMaxx 2H DIG_FY18,xAd Inc.,PJMTN2_TJN_TJX_028_Mobile_GROUND TRUTH FKA XAD_DST_SV1_MAP_DIR_DSP_TRG_RON_RTG_RTG_DVY_PHASE 1_LOCATION AUDIENCE COMPETITIVE CONQUESTING PLACEMENT - STANDARD BANNER - Fall Handbag_Run of Network_Retarget_F25-54_300 x 250_Click and View_NV_NA,204447824,9/14/2017,11281,300,10981,10974,7,1,6,2,4,10975,3658,3660
TJN_TJX_TJMaxx 2H DIG_FY18,Viant,"PJNSGN_TJN_TJX_028_Data_VIANT INC_DSI_SV1_TWB_DIR_DSP_TRG_RON_BTG_CTG_DVY_PHASE 1_VIANT DIRECT MATCH RETAIL, TJX PORFOLIO LOYALISTS, DISPLAY_Fixed Placement_Behavioral_F25-54_300 x 250_Standard_NV_NA",204526347,9/23/2017,340,0,340,0,340,27,313,205,108,27,18,223
TJN_TJX_TJMaxx 2H DIG_FY18,xAd Inc.,PJMTN5_TJN_TJX_028_Mobile_GROUND TRUTH FKA XAD_DST_SV1_MAP_DIR_RCH_TRG_RON_BTG_BTG_DVY_PHASE 1_BEHAVIORAL AUDIENCE TRENDSETTERS PLACEMENT - RICH MEDIA STORE LOCATOR - TJ Maxx_Run of Network_Behavioral_F25-54_320 x 50_Click and View_NV_NA,204442936,10/7/2017,6458,65,6393,2660,3733,108,3625,2977,648,2768,2273,5250
TJN_TJX_TJMaxx 2H DIG_FY18,Conversant Inc.,PJNPMJ_TJN_TJC_031_Audience_CONVERSANT_PUR_ROI_MAP_NET_DSP_TRG_RON_BTG_BTG_DVY_SMARTPHONE MEDIUM RECTANGLE - STRATEGIC SAVERS_Run of Site_Other_P18+_300 x 250_Standard_NV_NA,204442063,10/14/2017,460,9,451,0,451,60,391,312,79,60,48,360
TJN_MAR_023_Marshalls 2H Digital_F18,xAd Inc.,PJQ0YG_TJN_MAR_023_Mobile_GROUND TRUTH FKA XAD_DST_SV1_MAP_DIR_DSP_TRG_RON_BTG_DMA_DVY_BEHAVIORAL - FASHION SHOPPER - DYNAMIC DISTANCE_Run of Network_Behavioral_F25-54_320 x 50_Click and View_NV_NA,204557581,9/20/2017,29797,526,29271,21262,8009,4738,3271,2903,368,26000,20983,23886
TJN_TJX_TJMaxx 2H DIG_FY18,Viant,"PJSPBX_TJN_TJC_031_Data_VIANT INC_PUR_ROI_TWB_DIR_DSP_TRG_RON_BTG_MKT_DVY_DETERMINSTIC LAL OF ECOM CONVERTERS, CROSS DEVICE DISPLAY_Fixed Placement_Behavioral_F25-54_728 x 90_Click_NV_NA",204716188,9/30/2017,253,8,245,0,245,60,185,94,91,60,30,124
TJN_TJX_TJMaxx 2H DIG_FY18,Hulu,PK3CXN_TJN_TJX_027_Content_HULU_BAF_BS2_CTV_DIR_CUS_SPN_CHS_CTG_CTG_DVY_FALL TV SPONSORSHIP: PREMIUM SLATE - CONNECTED TV_FEP_Contextual_F25-54_1920 x 1080_Standard_NV_NA,205725861,9/30/2017,141,0,141,141,0,0,0,0,0,141,115,115
TJN_TJX_TJMaxx 2H DIG_FY18,PlaceIQ,PK18VC_TJN_TJX_028_Mobile_PLACEIQ INC_DST_SV1_MAP_DIR_RCH_TRG_RON_BTG_PXT_DVY_PHASE 1_RICH MEDIA_TJX PORTFOLIO LOYALISTS_Run of Network_Behavioral_F25-54_320 x 50_Click and View_NV_NA,205568912,10/19/2017,26050,516,25534,7893,17641,482,17159,16791,368,8375,8195,24986
TJN_TJX_TJMaxx 2H DIG_FY18,Foursquare,"PJPQL0_TJN_TJX_028_Audience_FOURSQUARE LABS, INC_DST_SV1_MAP_PRO_DSP_TRG_RON_PXT_BTG_DVY_PHASE 1_PINPOINT TRENDSETTERS_Run of Network_Geo_F25-54_320 x 50_Standard_NV_NA",204478094,10/2/2017,167497,5251,162246,99193,63053,1991,61062,51134,9928,101184,84733,135867
TJN_TJX_TJMaxx 2H DIG_FY18,Conversant Inc.,PJPWPF_TJN_TJX_028_Audience_CONVERSANT_DST_SV1_TAP_NET_DSP_TRG_RON_BTG_BTG_DVY_PHASE 1_ TABLET LEADERBOARD - CONVERSANT SHOPPERS AV_Run of Site_Behavioral_P18+_728 x 90_Standard_NV_NA,204442915,10/7/2017,180,2,178,0,178,34,144,89,55,34,21,110
TJN_TJX_TJMaxx 2H DIG_FY18,NBC Universal Media,PK2KJY_TJN_TJX_028_Content_NBCUNI.COM_BAF_BS2_DSK_DIR_VID_SPN_ROS_BTG_CTG_MOA_THIS IS US SPONSORSHIP: DESKTOP - VIGNETTE 3_Run of Site_Behavioral_F25-54_1920 x 1080_Click and View_NV_NA,205659768,10/12/2017,135146,1183,133963,133963,0,0,0,0,0,133963,90347,90347
TJN_TJX_TJMaxx 2H DIG_FY18,xAd Inc.,PKF4B4_TJN_TJX_028_Mobile_GROUND TRUTH FKA XAD_DST_SV1_MAP_DIR_DSP_TRG_RON_BTG_BTG_DVY_PHASE 1_BEHAVIORAL AUDIENCE TRENDSETTERS PLACEMENT - STANDARD BANNER - Find A Store V2_Run of Network_Behavioral_F25-54_320 x 50_Click and View_NV_NA,206832834,10/17/2017,6057,90,5967,867,5100,50,5050,3881,1169,917,705,4586
TJN_TJX_TJMaxx 2H DIG_FY18,xAd Inc.,PJMTMZ_TJN_TJX_028_Mobile_GROUND TRUTH FKA XAD_DST_SV1_MAP_DIR_DSP_TRG_RON_RTG_RTG_DVY_PHASE 1_LOCATION AUDIENCE TJX SHOPPERS PLACEMENT - STANDARD BANNER - Maxx You Maxx Life_Run of Network_Retarget_F25-54_320 x 50_Click and View_NV_NA,204484011,10/21/2017,7956,78,7878,2962,4916,46,4870,3257,1613,3008,2012,5269
TJN_MAR_023_Marshalls 2H Digital_F18,xAd Inc.,PJQ0YL_TJN_MAR_023_Mobile_GROUND TRUTH FKA XAD_DST_SV1_MAP_DIR_DSP_TRG_RON_BTG_PXT_DVY_COMPETITOR SHOPPERS - DYNAMIC DISTANCE_Run of Network_Geo_F25-54_320 x 50_Click and View_NV_NA,204595638,9/14/2017,10191,123,10068,6378,3690,1049,2641,2452,189,7427,5792,8244
TJN_MAR_023_Marshalls 2H Digital_F18,xAd Inc.,PJQ0YF_TJN_MAR_023_Mobile_GROUND TRUTH FKA XAD_DST_SV1_MAP_DIR_RCH_TRG_RON_WEA_PXT_DVY_PROXIMITY CONQUESTING - WEATHER LOCATOR UNIT_Run of Network_Weather_F25-54_300 x 250_Click and View_NV_NA,204596913,10/20/2017,647,36,611,4,607,7,600,583,17,11,11,594
TJN_TJX_TJMaxx 2H DIG_FY18,xAd Inc.,PJPXJT_TJN_TJX_028_Mobile_GROUND TRUTH FKA XAD_DST_SV1_MAP_DIR_DSP_TRG_RON_RTG_RTG_DVY_PHASE 1_LOCATION AUDIENCE COMPETITIVE CONQUESTING PLACEMENT - STANDARD BANNER - TJMaxx_Run of Network_Retarget_F25-54_320 x 50_Click and View_NV_NA,204443440,10/9/2017,2398,10,2388,922,1466,21,1445,1057,388,943,690,1747
TJN_TJX_TJMaxx 2H DIG_FY18,Viant,"PJNSHG_TJN_TJX_028_Data_VIANT INC_DSI_SV1_DSK_DIR_DSP_TRG_RON_BTG_CTG_DVY_PHASE 1_VIANT DIRECT MATCH RETAIL, COMPETITIVE CONQUESTING, DISPLAY_Fixed Placement_Behavioral_F25-54_728 x 90_Standard_NV_NA",204478490,9/12/2017,3,0,3,0,3,0,3,3,0,0,0,3
TJN_TJX_TJMaxx 2H DIG_FY18,xAd Inc.,PKF473_TJN_TJX_028_Mobile_GROUND TRUTH FKA XAD_DST_SV1_MAP_DIR_DSP_TRG_RON_PXT_PXT_DVY_PHASE 1_PROXIMITY LOYALTY PLACEMENT - STANDARD BANNER - Find A Store V1_Run of Network_Geo_F25-54_320 x 50_Click and View_NV_NA,206813098,10/19/2017,5137,72,5065,2127,2938,28,2910,2023,887,2155,1498,3521
TJN_TJX_TJMaxx 2H DIG_FY18,xAd Inc.,PJMTN0_TJN_TJX_028_Mobile_GROUND TRUTH FKA XAD_DST_SV1_MAP_DIR_DSP_TRG_RON_RTG_RTG_DVY_PHASE 1_LOCATION AUDIENCE TJX SHOPPERS PLACEMENT - STANDARD BANNER - Fall Handbag_Run of Network_Retarget_F25-54_300 x 250_Click and View_NV_NA,204447842,9/9/2017,11993,779,11214,10946,268,4,264,238,26,10950,9872,10110
TJN_TJX_TJMaxx 2H DIG_FY18,Viant,"PJNSH8_TJN_TJX_028_Data_VIANT INC_DSI_SV1_TWB_DIR_DSP_TRG_RON_BTG_CTG_DVY_PHASE 1_VIANT DIRECT MATCH RETAIL, COMPETITIVE CONQUESTING, DISPLAY_Fixed Placement_Behavioral_F25-54_728 x 90_Standard_NV_NA",204483019,9/9/2017,1084,141,943,0,943,524,419,331,88,524,414,745
TJN_MAR_023_Marshalls 2H Digital_F18,NinthDecimal,PJPSRW_TJN_MAR_023_Mobile_NINTHDECIMAL_DST_SV1_MAP_DIR_RCH_TRG_RON_BTG_PXT_DVY_LOCATION GRAPH: TJX FAMILY LOYALISTS_Run of Network_Behavioral_F25-54_320 x 50_Click and View_NV_NA,204541739,10/16/2017,55262,733,54529,17241,37288,201,37087,36052,1035,17442,16955,53007
TJN_MAR_023_Marshalls 2H Digital_F18,xAd Inc.,PJQ0YL_TJN_MAR_023_Mobile_GROUND TRUTH FKA XAD_DST_SV1_MAP_DIR_DSP_TRG_RON_BTG_PXT_DVY_COMPETITOR SHOPPERS - DYNAMIC DISTANCE_Run of Network_Geo_F25-54_320 x 50_Click and View_NV_NA,204595638,10/14/2017,6079,74,6005,3598,2407,151,2256,2026,230,3749,3361,5387
TJN_TJX_TJMaxx 2H DIG_FY18,Foursquare,"PJPQL0_TJN_TJX_028_Audience_FOURSQUARE LABS, INC_DST_SV1_MAP_PRO_DSP_TRG_RON_PXT_BTG_DVY_PHASE 1_PINPOINT TRENDSETTERS_Run of Network_Geo_F25-54_320 x 50_Standard_NV_NA",204478094,9/23/2017,186784,8345,178439,93267,85172,4172,81000,62609,18391,97439,75316,137925
TJN_TJX_TJMaxx 2H DIG_FY18,xAd Inc.,PJMTN0_TJN_TJX_028_Mobile_GROUND TRUTH FKA XAD_DST_SV1_MAP_DIR_DSP_TRG_RON_RTG_RTG_DVY_PHASE 1_LOCATION AUDIENCE TJX SHOPPERS PLACEMENT - STANDARD BANNER - Fall Handbag_Run of Network_Retarget_F25-54_300 x 250_Click and View_NV_NA,204447842,10/21/2017,6474,141,6333,6318,15,0,15,12,3,6318,5054,5066
TJN_TJX_TJMaxx 2H DIG_FY18,Viant,"PK2X7G_TJN_TJX_028_Data_VIANT INC_DSI_SV1_DSK_DIR_RCH_TRG_INT_BTG_CTG_DVY_PHASE 1_VIANT IMP, W25-54 STRATEGIC SAVERS, CONTOBOX - Honeycomb_Fixed Placement_Behavioral_F25-54_300 x 250_Click and View_NV_NA",205688467,10/1/2017,21575,174,21401,7,21394,5032,16362,10642,5720,5039,3277,13919
TJN_MAR_023_Marshalls 2H Digital_F18,xAd Inc.,PJQ0YR_TJN_MAR_023_Mobile_GROUND TRUTH FKA XAD_DST_SV1_MAP_DIR_DSP_TRG_RON_PXT_BTG_DVY_GEOBLOCKS CONQUESTING - DYNAMIC DISTANCE_Run of Network_Geo_F25-54_300 x 250_Click and View_NV_NA,204555244,10/19/2017,9050,509,8541,8541,0,0,0,0,0,8541,1390,1390
TJN_TJX_TJMaxx 2H DIG_FY18,Viant,"PJNSH6_TJN_TJX_028_Data_VIANT INC_DSI_SV1_TWB_DIR_DSP_TRG_RON_BTG_CTG_DVY_PHASE 1_VIANT DIRECT MATCH RETAIL, COMPETITIVE CONQUESTING, DISPLAY_Fixed Placement_Behavioral_F25-54_160 x 600_Standard_NV_NA",204483604,9/27/2017,7,2,5,0,5,0,5,2,3,0,0,2
TJN_TJX_TJMaxx 2H DIG_FY18,Viant,"PJSPCL_TJN_TJC_031_Data_VIANT INC_PUR_ROI_TWB_DIR_DSP_TRG_RON_BTG_MKT_DVY_W25-54 + ONLINE SHOPPERS, CROSS DEVICE DISPLAY_Fixed Placement_Behavioral_F25-54_728 x 90_Click_NV_NA",204715987,10/5/2017,312,15,297,0,297,15,282,248,34,15,13,261
TJN_TJX_TJMaxx 2H DIG_FY18,xAd Inc.,PJMTMZ_TJN_TJX_028_Mobile_GROUND TRUTH FKA XAD_DST_SV1_MAP_DIR_DSP_TRG_RON_RTG_RTG_DVY_PHASE 1_LOCATION AUDIENCE TJX SHOPPERS PLACEMENT - STANDARD BANNER - Maxx You Maxx Life_Run of Network_Retarget_F25-54_320 x 50_Click and View_NV_NA,204484011,9/9/2017,36169,548,35621,3909,31712,16472,15240,11331,3909,20381,15107,26438
TJN_MAR_023_Marshalls 2H Digital_F18,xAd Inc.,PJQ0Y7_TJN_MAR_023_Mobile_GROUND TRUTH FKA XAD_DST_SV1_MAP_DIR_DSP_TRG_RON_PXT_BTG_DVY_PROXIMITY LOYALTY - DYNAMIC DISTANCE_Run of Network_Geo_F25-54_300 x 250_Click and View_NV_NA,204541754,9/25/2017,56337,15019,41318,41290,28,3,25,19,6,41293,31383,31402
TJN_MAR_023_Marshalls 2H Digital_F18,xAd Inc.,PJQ0Y8_TJN_MAR_023_Mobile_GROUND TRUTH FKA XAD_DST_SV1_MAP_DIR_RCH_TRG_RON_WEA_PXT_DVY_PROXIMITY LOYALTY - WEATHER LOCATOR UNIT_Run of Network_Weather_F25-54_320 x 50_Click and View_NV_NA,204556189,10/14/2017,163182,4694,158488,83591,74897,1535,73362,66468,6894,85126,77127,143595
TJN_TJX_TJMaxx 2H DIG_FY18,Viant,"PK2X7G_TJN_TJX_028_Data_VIANT INC_DSI_SV1_DSK_DIR_RCH_TRG_INT_BTG_CTG_DVY_PHASE 1_VIANT IMP, W25-54 STRATEGIC SAVERS, CONTOBOX - Honeycomb_Fixed Placement_Behavioral_F25-54_300 x 250_Click and View_NV_NA",205688467,10/2/2017,13554,80,13474,3,13471,1750,11721,5805,5916,1753,868,6673
TJN_TJX_TJMaxx 2H DIG_FY18,Conversant Inc.,PJPTMQ_TJN_TJC_031_Audience_CONVERSANT_PUR_ROI_DSK_NET_DSP_TRG_RON_BTG_BTG_DVY_DESKTOP MEDIUM RECTANGLE- COMPETITIVE CONQUESTING_Run of Site_Other_P18+_300 x 250_Standard_NV_NA,204447218,10/17/2017,6647,479,6168,0,6168,367,5801,4491,1310,367,284,4775
TJN_TJX_TJMaxx 2H DIG_FY18,Viant,"PJNSHF_TJN_TJX_028_Data_VIANT INC_DSI_SV1_MWB_DIR_DSP_TRG_RON_BTG_CTG_DVY_PHASE 1_VIANT DIRECT MATCH RETAIL, COMPETITIVE CONQUESTING, DISPLAY_Fixed Placement_Behavioral_F25-54_300 x 250_Standard_NV_NA",204483016,9/25/2017,1241,23,1218,0,1218,111,1107,12,1095,111,1,13
TJN_TJX_TJMaxx 2H DIG_FY18,Viant,"PK2V4S_TJN_TJX_028_Data_VIANT INC_DSI_SV1_TWB_DIR_RCH_TRG_INT_BTG_CTG_DVY_PHASE 1_VIANT IMP, W25-54 STRATEGIC SAVERS, CONTOBOX - Fall Homes_Fixed Placement_Behavioral_F25-54_300 x 250_Click and View_NV_NA",205687927,10/15/2017,71,4,67,3,64,6,58,39,19,9,6,45
TJN_TJX_TJMaxx 2H DIG_FY18,Foursquare,"PJPQKZ_TJN_TJX_028_Audience_FOURSQUARE LABS, INC_DST_SV1_MAP_PRO_DSP_TRG_RON_PXT_BTG_DVY_PHASE 1_PINPOINT TRENDSETTERS_Run of Network_Geo_F25-54_300 x 250_Standard_NV_NA",204481813,10/16/2017,5299,107,5192,1911,3281,173,3108,1533,1575,2084,1028,2561
TJN_TJX_TJMaxx 2H DIG_FY18,Viant,"PK2X7D_TJN_TJX_028_Data_VIANT INC_DSI_SV1_TWB_DIR_RCH_TRG_INT_BTG_CTG_DVY_PHASE 1_VIANT IMP, W25-54 STRATEGIC SAVERS, CONTOBOX - Honeycomb_Fixed Placement_Behavioral_F25-54_728 x 90_Click and View_NV_NA",205727832,9/30/2017,15367,154,15213,4,15209,1638,13571,6705,6866,1642,811,7516
TJN_TJX_TJMaxx 2H DIG_FY18,Viant,"PK2V50_TJN_TJX_028_Data_VIANT INC_DSI_SV1_DSK_DIR_RCH_TRG_INT_BTG_CTG_DVY_PHASE 1_VIANT IMP, W25-54 STRATEGIC SAVERS, CONTOBOX - Fall Homes_Fixed Placement_Behavioral_F25-54_160 x 600_Click and View_NV_NA",205726908,10/16/2017,3549,167,3382,9,3373,177,3196,1308,1888,186,76,1384
TJN_MAR_023_Marshalls 2H Digital_F18,xAd Inc.,PJQ0Y8_TJN_MAR_023_Mobile_GROUND TRUTH FKA XAD_DST_SV1_MAP_DIR_RCH_TRG_RON_WEA_PXT_DVY_PROXIMITY LOYALTY - WEATHER LOCATOR UNIT_Run of Network_Weather_F25-54_320 x 50_Click and View_NV_NA,204556189,9/14/2017,23124,564,22560,11036,11524,2173,9351,8531,820,13209,12051,20582
TJN_TJX_TJMaxx 2H DIG_FY18,Viant,"PJNSH9_TJN_TJX_028_Data_VIANT INC_DSI_SV1_TWB_DIR_DSP_TRG_RON_BTG_CTG_DVY_PHASE 1_VIANT DIRECT MATCH RETAIL, COMPETITIVE CONQUESTING, DISPLAY_Fixed Placement_Behavioral_F25-54_300 x 250_Standard_NV_NA",204526701,9/10/2017,505,17,488,0,488,22,466,287,179,22,14,301
TJN_MAR_023_Marshalls 2H Digital_F18,xAd Inc.,PJQ0YS_TJN_MAR_023_Mobile_GROUND TRUTH FKA XAD_DST_SV1_MAP_DIR_DSP_TRG_RON_DMA_BTG_DVY_AV DMA TARGETING_Run of Network_Geo_F25-54_300 x 250_Click and View_NV_NA,204558337,9/5/2017,22558,186,22372,1928,20444,16172,4272,3750,522,18100,15888,19638
TJN_TJX_TJMaxx 2H DIG_FY18,Viant,"PK2X7B_TJN_TJX_028_Data_VIANT INC_DSI_SV1_TWB_DIR_RCH_TRG_INT_BTG_CTG_DVY_PHASE 1_VIANT IMP, W25-54 STRATEGIC SAVERS, CONTOBOX - Honeycomb_Fixed Placement_Behavioral_F25-54_300 x 250_Click and View_NV_NA",205687939,9/28/2017,17,5,12,4,8,3,5,5,0,7,7,12
TJN_TJX_TJMaxx 2H DIG_FY18,Viant,"PJSPCG_TJN_TJC_031_Data_VIANT INC_PUR_ROI_DSK_DIR_DSP_TRG_RON_BTG_MKT_DVY_W25-54 + ONLINE SHOPPERS, CROSS DEVICE DISPLAY_Fixed Placement_Behavioral_F25-54_300 x 50_Click_NV_NA",204716182,10/4/2017,205,1,204,0,204,63,141,83,58,63,37,120
TJN_TJX_TJMaxx 2H DIG_FY18,Viant,"PK2X7G_TJN_TJX_028_Data_VIANT INC_DSI_SV1_DSK_DIR_RCH_TRG_INT_BTG_CTG_DVY_PHASE 1_VIANT IMP, W25-54 STRATEGIC SAVERS, CONTOBOX - Honeycomb_Fixed Placement_Behavioral_F25-54_300 x 250_Click and View_NV_NA",205688467,9/23/2017,4976,31,4945,0,4945,480,4465,695,3770,480,75,770
TJN_TJX_TJMaxx 2H DIG_FY18,Viant,"PJNSHC_TJN_TJX_028_Data_VIANT INC_DSI_SV1_DSK_DIR_DSP_TRG_RON_BTG_CTG_DVY_PHASE 1_VIANT DIRECT MATCH RETAIL, COMPETITIVE CONQUESTING, DISPLAY_Fixed Placement_Behavioral_F25-54_300 x 250_Standard_NV_NA",204478655,10/15/2017,18437,360,18077,2,18075,1206,16869,10213,6656,1208,731,10944
TJN_TJX_TJMaxx 2H DIG_FY18,Foursquare,"PJPQL0_TJN_TJX_028_Audience_FOURSQUARE LABS, INC_DST_SV1_MAP_PRO_DSP_TRG_RON_PXT_BTG_DVY_PHASE 1_PINPOINT TRENDSETTERS_Run of Network_Geo_F25-54_320 x 50_Standard_NV_NA",204478094,10/1/2017,183548,5990,177558,101214,76344,2277,74067,63153,10914,103491,88241,151394
TJN_TJX_TJMaxx 2H DIG_FY18,xAd Inc.,PJPXJZ_TJN_TJX_028_Mobile_GROUND TRUTH FKA XAD_DST_SV1_MAP_DIR_DSP_TRG_RON_BTG_BTG_DVY_PHASE 1_BEHAVIORAL AUDIENCE TRENDSETTERS PLACEMENT - STANDARD BANNER - Fall Hero_Run of Network_Behavioral_F25-54_300 x 250_Click and View_NV_NA,204446156,10/10/2017,7604,54,7550,7537,13,0,13,6,7,7537,3479,3485
TJN_TJX_TJMaxx 2H DIG_FY18,NBC Universal Media,PK3H7N_TJN_TJX_028_Content_NBCUNI.COM_BAF_BS2_DSK_DIR_DSP_SPN_HPT_CTG_CTG_DCM_100% SOV NBC THIS IS US ROADBLOCK 10/10 - 728X90 MOBILE_HP Takeover_Contextual_F25-54_728 x 90_Standard_NV_NA,205725915,10/9/2017,3,1,2,0,2,0,2,2,0,0,0,2
TJN_TJX_TJMaxx 2H DIG_FY18,Viant,"PKGJ6Z_TJN_TJC_031_Data_VIANT INC_PUR_ROI_MWB_DIR_CUS_TRG_NAT_BTG_MKT_DVY_W25-54 + KEYWORD TARGETING, CROSS DEVICE NATIVE - Booties_Fixed Placement_Contextual_F25-54_0 x 0_Click_NV_NA",206833521,10/18/2017,1,1,0,0,0,0,0,0,0,0,0,0
TJN_TJX_TJMaxx 2H DIG_FY18,Viant,"PJNSGM_TJN_TJX_028_Data_VIANT INC_DSI_SV1_TWB_DIR_DSP_TRG_RON_BTG_CTG_DVY_PHASE 1_VIANT DIRECT MATCH RETAIL, TJX PORFOLIO LOYALISTS, DISPLAY_Fixed Placement_Behavioral_F25-54_728 x 90_Standard_NV_NA",204526722,10/19/2017,11380,40,11340,0,11340,1286,10054,5521,4533,1286,706,6227
TJN_MAR_023_Marshalls 2H Digital_F18,xAd Inc.,PJQ0YQ_TJN_MAR_023_Mobile_GROUND TRUTH FKA XAD_DST_SV1_MAP_DIR_DSP_TRG_RON_PXT_BTG_DVY_GEOBLOCKS CONQUESTING - DYNAMIC DISTANCE_Run of Network_Geo_F25-54_320 x 50_Click and View_NV_NA,204595632,9/9/2017,20485,270,20215,7043,13172,8702,4470,3368,1102,15745,11678,15046
TJN_TJX_TJMaxx 2H DIG_FY18,xAd Inc.,PJMTN8_TJN_TJX_028_Mobile_GROUND TRUTH FKA XAD_DST_SV1_MAP_DIR_DSP_TRG_RON_BTG_BTG_DVY_PHASE 1_BEHAVIORAL AUDIENCE STRATEGIC SAVERS PLACEMENT - STANDARD BANNER - Maxx You Maxx Life_Run of Network_Behavioral_F25-54_320 x 50_Click and View_NV_NA,204447851,9/10/2017,20199,167,20032,3370,16662,373,16289,13613,2676,3743,3128,16741
TJN_TJX_TJMaxx 2H DIG_FY18,Conversant Inc.,PJNPMK_TJN_TJC_031_Audience_CONVERSANT_PUR_ROI_DSK_NET_DSP_TRG_RON_BTG_BTG_DVY_DESKTOP LEADERBOARD- STRATEGIC SAVERS_Run of Site_Other_P18+_728 x 90_Standard_NV_NA,204447263,10/13/2017,11767,1198,10569,0,10569,1080,9489,6814,2675,1080,776,7590
TJN_TJX_TJMaxx 2H DIG_FY18,xAd Inc.,PJMTN5_TJN_TJX_028_Mobile_GROUND TRUTH FKA XAD_DST_SV1_MAP_DIR_RCH_TRG_RON_BTG_BTG_DVY_PHASE 1_BEHAVIORAL AUDIENCE TRENDSETTERS PLACEMENT - RICH MEDIA STORE LOCATOR - TJ Maxx_Run of Network_Behavioral_F25-54_320 x 50_Click and View_NV_NA,204442936,9/8/2017,15225,298,14927,8753,6174,114,6060,5430,630,8867,7945,13375
TJN_TJX_TJMaxx 2H DIG_FY18,Conversant Inc.,PJPTML_TJN_TJC_031_Audience_CONVERSANT_PUR_ROI_DSK_NET_DSP_TRG_RON_BTG_BTG_DVY_DESKTOP WIDE SKYSCRAPER- COMPETITIVE CONQUESTING_Run of Site_Other_P18+_160 x 600_Standard_NV_NA,204447224,10/9/2017,7098,377,6721,0,6721,1524,5197,1944,3253,1524,570,2514
TJN_TJX_TJMaxx 2H DIG_FY18,Viant,"PK2X7K_TJN_TJX_028_Data_VIANT INC_DSI_SV1_DSK_DIR_RCH_TRG_INT_BTG_CTG_DVY_PHASE 1_VIANT IMP, W25-54 STRATEGIC SAVERS, CONTOBOX - Honeycomb_Fixed Placement_Behavioral_F25-54_160 x 600_Click and View_NV_NA",205726917,10/12/2017,27859,2773,25086,2,25084,1534,23550,10305,13245,1536,672,10977
TJN_TJX_TJMaxx 2H DIG_FY18,Viant,"PK2V4Y_TJN_TJX_028_Data_VIANT INC_DSI_SV1_MWB_DIR_RCH_TRG_INT_BTG_CTG_DVY_PHASE 1_VIANT IMP, W25-54 STRATEGIC SAVERS, CONTOBOX - Fall Homes_Fixed Placement_Behavioral_F25-54_320 x 50_Click and View_NV_NA",205685980,9/29/2017,33217,483,32734,10,32724,7139,25585,12949,12636,7149,3618,16567
TJN_TJX_TJMaxx 2H DIG_FY18,Viant,"PJNSGN_TJN_TJX_028_Data_VIANT INC_DSI_SV1_TWB_DIR_DSP_TRG_RON_BTG_CTG_DVY_PHASE 1_VIANT DIRECT MATCH RETAIL, TJX PORFOLIO LOYALISTS, DISPLAY_Fixed Placement_Behavioral_F25-54_300 x 250_Standard_NV_NA",204526347,10/1/2017,1013,27,986,0,986,65,921,624,297,65,44,668
TJN_TJX_TJMaxx 2H DIG_FY18,xAd Inc.,PJPXJR_TJN_TJX_028_Mobile_GROUND TRUTH FKA XAD_DST_SV1_MAP_DIR_DSP_TRG_RON_RTG_RTG_DVY_PHASE 1_LOCATION AUDIENCE TJX SHOPPERS PLACEMENT - STANDARD BANNER - Fall Hero_Run of Network_Retarget_F25-54_300 x 250_Click and View_NV_NA,204442105,9/29/2017,23264,680,22584,22310,274,8,266,243,23,22318,20388,20631
TJN_TJX_TJMaxx 2H DIG_FY18,Foursquare,"PJPSSX_TJN_TJX_028_Audience_FOURSQUARE LABS, INC_DST_SV1_MAP_PRO_RCH_TRG_RON_PXT_BTG_DVY_PHASE 1_MOBILE RICH MEDIA TRENDSETTERS - Fall Handbag_Run of Network_Geo_F25-54_300 x 250_Standard_NV_NA",204525354,10/8/2017,664,35,629,169,460,36,424,114,310,205,55,169
TJN_MAR_023_Marshalls 2H Digital_F18,xAd Inc.,PJQ0YN_TJN_MAR_023_Mobile_GROUND TRUTH FKA XAD_DST_SV1_MAP_DIR_DSP_TRG_RON_PXT_BTG_DVY_GEOBLOCKS LOYALTY - DYNAMIC DISTANCE_Run of Network_Geo_F25-54_320 x 50_Click and View_NV_NA,204558328,9/8/2017,21147,393,20754,13000,7754,4404,3350,2616,734,17404,12836,15452
TJN_TJX_TJMaxx 2H DIG_FY18,Viant,"PJSPCM_TJN_TJC_031_Data_VIANT INC_PUR_ROI_TWB_DIR_DSP_TRG_RON_BTG_MKT_DVY_W25-54 + ONLINE SHOPPERS, CROSS DEVICE DISPLAY_Fixed Placement_Behavioral_F25-54_300 x 250_Click_NV_NA",204733512,10/9/2017,2848,172,2676,0,2676,164,2512,1650,862,164,108,1758
TJN_MAR_023_Marshalls 2H Digital_F18,Bustle,PK5G3V_TJN_MAR_023_Content_BUSTLE_Native Content Module - Fall Fashion Finds Topics Page_Run of Site_Contextual_F25-54_1 x 1_Click and View_NV_NA,206334768,10/20/2017,4180,94,4086,0,4086,3735,351,250,101,3735,2660,2910
TJN_MAR_023_Marshalls 2H Digital_F18,xAd Inc.,PJQ0YQ_TJN_MAR_023_Mobile_GROUND TRUTH FKA XAD_DST_SV1_MAP_DIR_DSP_TRG_RON_PXT_BTG_DVY_GEOBLOCKS CONQUESTING - DYNAMIC DISTANCE_Run of Network_Geo_F25-54_320 x 50_Click and View_NV_NA,204595632,10/21/2017,26437,448,25989,24042,1947,441,1506,1193,313,24483,19395,20588
TJN_TJX_TJMaxx 2H DIG_FY18,Hulu,PK3F7G_TJN_TJX_027_Content_HULU_BAF_BS2_MAP_DIR_CUS_SPN_CHS_CTG_CTG_DVY_HULU ROS: PREMIUM SLATE - MOBILE IN APP_FEP_Contextual_F25-54_1920 x 1080_Standard_NV_NA,205634552,10/2/2017,20,0,20,20,0,0,0,0,0,20,15,15
TJN_TJX_TJMaxx 2H DIG_FY18,Viant,"PK2X7F_TJN_TJX_028_Data_VIANT INC_DSI_SV1_DSK_DIR_RCH_TRG_INT_BTG_CTG_DVY_PHASE 1_VIANT IMP, W25-54 STRATEGIC SAVERS, CONTOBOX - Honeycomb_Fixed Placement_Behavioral_F25-54_728 x 90_Click and View_NV_NA",205727841,10/4/2017,18072,264,17808,2,17806,890,16916,4105,12811,892,216,4321
TJN_MAR_023_Marshalls 2H Digital_F18,NinthDecimal,PJPSRS_TJN_MAR_023_Mobile_NINTHDECIMAL_DST_SV1_MAP_DIR_RCH_TRG_RON_PXT_DMA_DVY_GEOFENCE: 5-10-MILE RADIUS AROUND SUBURBAN STORES_Run of Network_Geo_F25-54_320 x 50_Click and View_NV_NA,204541748,9/18/2017,24080,662,23418,9272,14146,80,14066,13661,405,9352,9083,22744
TJN_TJX_TJMaxx 2H DIG_FY18,Conversant Inc.,PJPWPH_TJN_TJX_028_Audience_CONVERSANT_DST_SV1_MAP_NET_DSP_TRG_RON_BTG_BTG_DVY_PHASE 1_ SMARTPHONE MEDIUM RECTANGLE  - CONVERSANT SHOPPERS AV_Run of Site_Behavioral_P18+_300 x 250_Standard_NV_NA,204442060,9/22/2017,307,4,303,0,303,66,237,65,172,66,18,83
TJN_TJX_TJMaxx 2H DIG_FY18,Conversant Inc.,PJPTMH_TJN_TJC_031_Audience_CONVERSANT_PUR_ROI_TAP_NET_DSP_TRG_RON_BTG_BTG_DVY_TABLET LEADERBOARD- COMPETITIVE CONQUESTING_Run of Site_Other_P18+_728 x 90_Standard_NV_NA,204483936,9/29/2017,4,0,4,0,4,0,4,3,1,0,0,3
TJN_MAR_023_Marshalls 2H Digital_F18,NinthDecimal,PJPSRT_TJN_MAR_023_Mobile_NINTHDECIMAL_DST_SV1_MAP_DIR_RCH_TRG_RON_PXT_DMA_DVY_GEOFENCE: 15-20-MILE RADIUS AROUND RURAL STORES_Run of Network_Geo_F25-54_320 x 50_Click and View_NV_NA,204542885,10/11/2017,119698,2155,117543,52166,65377,360,65017,63147,1870,52526,51015,114162
TJN_TJX_TJMaxx 2H DIG_FY18,Foursquare,"PK0H83_TJN_TJX_028_Audience_FOURSQUARE LABS, INC_DST_SV1_MAP_PRO_RCH_TRG_RON_PXT_BTG_DVY_PHASE 1_MOBILE RICH MEDIA COMPETITIVE CONQUESTING - Fall Honeycomb_Run of Network_Geo_F25-54_300 x 250_Standard_NV_NA",205344161,9/19/2017,3160,138,3022,1020,2002,135,1867,518,1349,1155,320,838
TJN_TJX_TJMaxx 2H DIG_FY18,Conversant Inc.,PJNPM2_TJN_TJX_028_Audience_CONVERSANT_DST_SV1_MAP_NET_DSP_TRG_RON_BTG_BTG_DVY_PHASE 1_ SMARTPHONE MEDIUM RECTANGLE  - CJ CONVERTERS LAL MODELING_Run of Site_Behavioral_P18+_300 x 250_Standard_NV_NA,204442021,10/9/2017,14104,173,13931,160,13771,2077,11694,2797,8897,2237,535,3332
TJN_TJX_TJMaxx 2H DIG_FY18,Viant,"PJNSGQ_TJN_TJX_028_Data_VIANT INC_DSI_SV1_MWB_DIR_DSP_TRG_RON_BTG_CTG_DVY_PHASE 1_VIANT DIRECT MATCH RETAIL, TJX PORFOLIO LOYALISTS, DISPLAY_Fixed Placement_Behavioral_F25-54_300 x 250_Standard_NV_NA",204482395,10/9/2017,2748,3,2745,0,2745,543,2202,1718,484,543,424,2142
TJN_TJX_TJMaxx 2H DIG_FY18,Conversant Inc.,PJPTLJ_TJN_TJC_031_Audience_CONVERSANT_PUR_ROI_TAP_NET_DSP_TRG_RON_BTG_BTG_DVY_TABLET MEDIUM RECTANGLE - TRENDSETTERS_Run of Site_Other_P18+_300 x 250_Standard_NV_NA,204447266,10/19/2017,986,12,974,0,974,191,783,188,595,191,46,234
TJN_TJX_TJMaxx 2H DIG_FY18,Conversant Inc.,PJPWBY_TJN_TJX_028_Audience_CONVERSANT_DST_SV1_MAP_NET_DSP_TRG_RON_BTG_BTG_DVY_PHASE 1_ SMARTPHONE SMALL BANNER  - CJ INTERACTORS LAL MODELING_Run of Site_Behavioral_P18+_320 x 50_Standard_NV_NA,204442030,10/3/2017,4270,41,4229,0,4229,1150,3079,1619,1460,1150,605,2224
TJN_TJX_TJMaxx 2H DIG_FY18,xAd Inc.,PJMTN2_TJN_TJX_028_Mobile_GROUND TRUTH FKA XAD_DST_SV1_MAP_DIR_DSP_TRG_RON_RTG_RTG_DVY_PHASE 1_LOCATION AUDIENCE COMPETITIVE CONQUESTING PLACEMENT - STANDARD BANNER - Fall Handbag_Run of Network_Retarget_F25-54_300 x 250_Click and View_NV_NA,204447824,9/28/2017,22519,795,21724,21720,4,0,4,1,3,21720,5430,5431
TJN_TJX_TJMaxx 2H DIG_FY18,Viant,"PKGJY9_TJN_TJX_028_Data_VIANT INC_DSI_SV1_DSK_DIR_RCH_TRG_INT_BTG_CTG_DVY_PHASE 1_VIANT IMP, W25-54 STRATEGIC SAVERS, CONTOBOX - Booties_Fixed Placement_Behavioral_F25-54_728 x 90_Click and View_NV_NA",206833290,10/18/2017,10,4,6,2,4,0,4,4,0,2,2,6
TJN_MAR_023_Marshalls 2H Digital_F18,NinthDecimal,PJPSS0_TJN_MAR_023_Mobile_NINTHDECIMAL_DST_SV1_MAP_DIR_RCH_TRG_RON_BTG_DMA_DVY_3RD PARTY: SURPRISE CHOOSERS_Run of Network_Behavioral_F25-54_320 x 50_Click and View_NV_NA,204595875,9/17/2017,13715,272,13443,4192,9251,57,9194,8848,346,4249,4089,12937
TJN_TJX_TJMaxx 2H DIG_FY18,Conversant Inc.,PJPWPD_TJN_TJX_028_Audience_CONVERSANT_DST_SV1_MAP_NET_DSP_TRG_RON_BTG_BTG_DVY_PHASE 1_ SMARTPHONE SMALL BANNER  - CONVERSANT SHOPPERS AV_Run of Site_Behavioral_P18+_320 x 50_Standard_NV_NA,204447251,10/8/2017,757,16,741,0,741,114,627,436,191,114,79,515
TJN_MAR_023_Marshalls 2H Digital_F18,xAd Inc.,PJQ0YL_TJN_MAR_023_Mobile_GROUND TRUTH FKA XAD_DST_SV1_MAP_DIR_DSP_TRG_RON_BTG_PXT_DVY_COMPETITOR SHOPPERS - DYNAMIC DISTANCE_Run of Network_Geo_F25-54_320 x 50_Click and View_NV_NA,204595638,9/28/2017,8605,215,8390,7272,1118,145,973,858,115,7417,6180,7038
TJN_TJX_TJMaxx 2H DIG_FY18,Viant,"PJSPCL_TJN_TJC_031_Data_VIANT INC_PUR_ROI_TWB_DIR_DSP_TRG_RON_BTG_MKT_DVY_W25-54 + ONLINE SHOPPERS, CROSS DEVICE DISPLAY_Fixed Placement_Behavioral_F25-54_728 x 90_Click_NV_NA",204715987,10/17/2017,1475,160,1315,0,1315,34,1281,920,361,34,24,944
TJN_TJX_TJMaxx 2H DIG_FY18,Viant,"PJNSGM_TJN_TJX_028_Data_VIANT INC_DSI_SV1_TWB_DIR_DSP_TRG_RON_BTG_CTG_DVY_PHASE 1_VIANT DIRECT MATCH RETAIL, TJX PORFOLIO LOYALISTS, DISPLAY_Fixed Placement_Behavioral_F25-54_728 x 90_Standard_NV_NA",204526722,9/11/2017,7,2,5,0,5,3,2,1,1,3,2,3
TJN_TJX_TJMaxx 2H DIG_FY18,NBC Universal Media,PK2LFQ_TJN_TJX_028_Content_NBCUNI.COM_BAF_BS2_DSK_DIR_DSP_SPN_HPT_CTG_CTG_DCM_100% SOV NBC HOMEPAGE ROADBLOCK 10/10 - 970X66 DESKTOP_HP Takeover_Contextual_F25-54_970 x 66_Standard_NV_NA,205661841,10/9/2017,3,0,3,0,3,0,3,3,0,0,0,3
TJN_TJX_TJMaxx 2H DIG_FY18,xAd Inc.,PJMTNF_TJN_TJX_028_Mobile_GROUND TRUTH FKA XAD_DST_SV1_MAP_DIR_DSP_TRG_RON_PXT_PXT_DVY_PHASE 1_PROXIMITY LOYALTY PLACEMENT - STANDARD BANNER - Fall Handbag_Run of Network_Geo_F25-54_300 x 250_Click and View_NV_NA,204446159,9/15/2017,11400,232,11168,11097,71,24,47,6,41,11121,1420,1426
TJN_TJX_TJMaxx 2H DIG_FY18,Foursquare,"PJPSSZ_TJN_TJX_028_Audience_FOURSQUARE LABS, INC_DST_SV1_MAP_PRO_RCH_TRG_RON_PXT_BTG_DVY_PHASE 1_MOBILE RICH MEDIA COMPETITIVE CONQUESTING - Fall Handbag_Run of Network_Geo_F25-54_300 x 250_Standard_NV_NA",204478073,9/22/2017,2140,155,1985,980,1005,74,931,358,573,1054,405,763
TJN_MAR_023_Marshalls 2H Digital_F18,xAd Inc.,PJQ0YH_TJN_MAR_023_Mobile_GROUND TRUTH FKA XAD_DST_SV1_MAP_DIR_DSP_TRG_RON_BTG_DMA_DVY_BEHAVIORAL - FASHION SHOPPER - DYNAMIC DISTANCE_Run of Network_Behavioral_F25-54_300 x 250_Click and View_NV_NA,204543443,9/22/2017,12044,347,11697,11685,12,0,12,10,2,11685,9737,9747
TJN_TJX_TJMaxx 2H DIG_FY18,xAd Inc.,PJMTN1_TJN_TJX_028_Mobile_GROUND TRUTH FKA XAD_DST_SV1_MAP_DIR_DSP_TRG_RON_DMA_DMA_DVY_PHASE 1_ADDED VALUE DMA TARGETING STANDALONE: STANDARD BANNER - Maxx You Maxx Life_Run of Network_Geo_F25-54_320 x 50_Click and View_NV_NA,204443461,9/20/2017,125667,1509,124158,72191,51967,943,51024,43620,7404,73134,62522,106142
TJN_TJX_TJMaxx 2H DIG_FY18,Foursquare,"PJPRV8_TJN_TJX_028_Audience_FOURSQUARE LABS, INC_DST_SV1_MAP_PRO_DSP_TRG_RON_PXT_BTG_DVY_PHASE 1_PINPOINT TRENDSETTERS AV_Run of Network_Geo_F25-54_300 x 250_Standard_NV_NA",204527100,9/9/2017,91,9,82,47,35,10,25,9,16,57,21,30
TJN_TJX_TJMaxx 2H DIG_FY18,Conversant Inc.,PJPWP8_TJN_TJX_028_Audience_CONVERSANT_DST_SV1_DSK_NET_DSP_TRG_RON_BTG_BTG_DVY_PHASE 1_ DESKTOP LEADERBOARD - CONVERSANT SHOPPERS AV_Run of Site_Behavioral_P18+_728 x 90_Standard_NV_NA,204446132,10/7/2017,723,69,654,0,654,119,535,304,231,119,68,372
TJN_TJX_TJMaxx 2H DIG_FY18,Conversant Inc.,PJPWPH_TJN_TJX_028_Audience_CONVERSANT_DST_SV1_MAP_NET_DSP_TRG_RON_BTG_BTG_DVY_PHASE 1_ SMARTPHONE MEDIUM RECTANGLE  - CONVERSANT SHOPPERS AV_Run of Site_Behavioral_P18+_300 x 250_Standard_NV_NA,204442060,9/24/2017,382,4,378,0,378,88,290,73,217,88,22,95
TJN_TJX_TJMaxx 2H DIG_FY18,xAd Inc.,PJMTN8_TJN_TJX_028_Mobile_GROUND TRUTH FKA XAD_DST_SV1_MAP_DIR_DSP_TRG_RON_BTG_BTG_DVY_PHASE 1_BEHAVIORAL AUDIENCE STRATEGIC SAVERS PLACEMENT - STANDARD BANNER - Maxx You Maxx Life_Run of Network_Behavioral_F25-54_320 x 50_Click and View_NV_NA,204447851,9/29/2017,3,1,2,2,0,0,0,0,0,2,2,2
TJN_TJX_TJMaxx 2H DIG_FY18,Foursquare,"PKFMJ8_TJN_TJX_028_Audience_FOURSQUARE LABS, INC_DST_SV1_MAP_PRO_RCH_TRG_RON_PXT_BTG_DVY_PHASE 1_MOBILE RICH MEDIA COMPETITIVE CONQUESTING - Find A Store V2_Run of Network_Geo_F25-54_320 x 50_Standard_NV_NA",206812588,10/17/2017,19268,466,18802,13357,5445,666,4779,3539,1240,14023,10384,13923
TJN_TJX_TJMaxx 2H DIG_FY18,PlaceIQ,PK19Z0_TJN_TJX_028_Mobile_PLACEIQ INC_DST_SV1_MAP_DIR_RCH_TRG_RON_BTG_PTG_DVY_PHASE 1_RICH MEDIA_STRATEGIC SAVERS_APPAREL OR FURNISHINGS DISCRETIONARY SPEND+IMPULSE BUYER SHOPPERS_Run of Network_Behavioral_F25-54_320 x 50_Click and View_NV_NA,205563158,10/15/2017,31702,808,30894,15098,15796,675,15121,14860,261,15773,15501,30361
TJN_TJX_TJMaxx 2H DIG_FY18,Conversant Inc.,PJPTMQ_TJN_TJC_031_Audience_CONVERSANT_PUR_ROI_DSK_NET_DSP_TRG_RON_BTG_BTG_DVY_DESKTOP MEDIUM RECTANGLE- COMPETITIVE CONQUESTING_Run of Site_Other_P18+_300 x 250_Standard_NV_NA,204447218,10/5/2017,22200,1282,20918,0,20918,3131,17787,5982,11805,3131,1053,7035
TJN_TJX_TJMaxx 2H DIG_FY18,Hulu,PK3F7L_TJN_TJX_027_Content_HULU_BAF_BS2_CTV_DIR_CUS_SPN_CHS_CTG_CTG_DVY_HULU ROS: PREMIUM SLATE - CONNECTED TV_FEP_Contextual_F25-54_1920 x 1080_Standard_NV_NA,205685923,10/21/2017,32344,98,32246,32246,0,0,0,0,0,32246,24471,24471
TJN_TJX_TJMaxx 2H DIG_FY18,Foursquare,"PJMQ2D_TJN_TJX_028_Audience_FOURSQUARE LABS, INC_DST_SV1_MAP_PRO_DSP_TRG_RON_PXT_BTG_DVY_PHASE 1_PINPOINT STRATEGIC SAVERS_Run of Network_Geo_F25-54_300 x 250_Standard_NV_NA",204483457,9/30/2017,888,144,744,422,322,30,292,172,120,452,266,438
TJN_TJX_TJMaxx 2H DIG_FY18,Viant,"PK2X7B_TJN_TJX_028_Data_VIANT INC_DSI_SV1_TWB_DIR_RCH_TRG_INT_BTG_CTG_DVY_PHASE 1_VIANT IMP, W25-54 STRATEGIC SAVERS, CONTOBOX - Honeycomb_Fixed Placement_Behavioral_F25-54_300 x 250_Click and View_NV_NA",205687939,10/14/2017,57,3,54,6,48,4,44,30,14,10,7,37
TJN_TJX_TJMaxx 2H DIG_FY18,PlaceIQ,PK1YHC_TJN_TJX_028_Mobile_PLACEIQ INC_DST_SV1_MAP_DIR_RCH_TRG_RON_BTG_PXT_DVY_PHASE 1_RICH MEDIA_TJX PROXIMITY LOYALISTS_DRIVE BY_Run of Network_Behavioral_F25-54_320 x 50_Click and View_NV_NA,205613803,10/20/2017,10383,263,10120,6138,3982,146,3836,3809,27,6284,6240,10049
TJN_TJX_TJMaxx 2H DIG_FY18,xAd Inc.,PJPXJR_TJN_TJX_028_Mobile_GROUND TRUTH FKA XAD_DST_SV1_MAP_DIR_DSP_TRG_RON_RTG_RTG_DVY_PHASE 1_LOCATION AUDIENCE TJX SHOPPERS PLACEMENT - STANDARD BANNER - Fall Hero_Run of Network_Retarget_F25-54_300 x 250_Click and View_NV_NA,204442105,9/10/2017,12225,863,11362,11306,56,1,55,49,6,11307,10074,10123
TJN_TJX_TJMaxx 2H DIG_FY18,Conversant Inc.,PJNPLX_TJN_TJX_028_Audience_CONVERSANT_DST_SV1_DSK_NET_DSP_TRG_RON_BTG_BTG_DVY_PHASE 1_ DESKTOP RECTANGLE - CJ CONVERTERS LAL MODELING_Run of Site_Behavioral_P18+_300 x 600_Standard_NV_NA,204442894,10/14/2017,2418,122,2296,0,2296,267,2029,643,1386,267,85,728
TJN_MAR_023_Marshalls 2H Digital_F18,xAd Inc.,PJQ0YJ_TJN_MAR_023_Mobile_GROUND TRUTH FKA XAD_DST_SV1_MAP_DIR_DSP_TRG_RON_BTG_PXT_DVY_MARSHALLS SHOPPERS - DYNAMIC DISTANCE_Run of Network_Geo_F25-54_320 x 50_Click and View_NV_NA,204595911,9/12/2017,18760,298,18462,11834,6628,388,6240,5298,942,12222,8599,13897
TJN_TJX_TJMaxx 2H DIG_FY18,Viant,"PJSPBR_TJN_TJC_031_Data_VIANT INC_PUR_ROI_DSK_DIR_DSP_TRG_RON_BTG_MKT_DVY_DETERMINSTIC LAL OF ECOM CONVERTERS, CROSS DEVICE DISPLAY_Fixed Placement_Behavioral_F25-54_300 x 250_Click_NV_NA",204715645,10/3/2017,23134,2118,21016,0,21016,975,20041,14621,5420,975,711,15332
TJN_MAR_023_Marshalls 2H Digital_F18,xAd Inc.,PJQ0YR_TJN_MAR_023_Mobile_GROUND TRUTH FKA XAD_DST_SV1_MAP_DIR_DSP_TRG_RON_PXT_BTG_DVY_GEOBLOCKS CONQUESTING - DYNAMIC DISTANCE_Run of Network_Geo_F25-54_300 x 250_Click and View_NV_NA,204555244,9/11/2017,5852,174,5678,5672,6,0,6,3,3,5672,2836,2839
TJN_TJX_TJMaxx 2H DIG_FY18,Foursquare,"PJPRV8_TJN_TJX_028_Audience_FOURSQUARE LABS, INC_DST_SV1_MAP_PRO_DSP_TRG_RON_PXT_BTG_DVY_PHASE 1_PINPOINT TRENDSETTERS AV_Run of Network_Geo_F25-54_300 x 250_Standard_NV_NA",204527100,10/21/2017,47,1,46,39,7,0,7,5,2,39,28,33
TJN_MAR_023_Marshalls 2H Digital_F18,xAd Inc.,PJQ0Y8_TJN_MAR_023_Mobile_GROUND TRUTH FKA XAD_DST_SV1_MAP_DIR_RCH_TRG_RON_WEA_PXT_DVY_PROXIMITY LOYALTY - WEATHER LOCATOR UNIT_Run of Network_Weather_F25-54_320 x 50_Click and View_NV_NA,204556189,9/28/2017,30402,973,29429,16723,12706,168,12538,11665,873,16891,15715,27380
TJN_TJX_TJMaxx 2H DIG_FY18,Foursquare,"PK0H82_TJN_TJX_028_Audience_FOURSQUARE LABS, INC_DST_SV1_MAP_PRO_RCH_TRG_RON_PXT_BTG_DVY_PHASE 1_MOBILE RICH MEDIA TRENDSETTERS - Find A Store_Run of Network_Geo_F25-54_320 x 50_Standard_NV_NA",205394971,10/3/2017,53444,1362,52082,40318,11764,1486,10278,7194,3084,41804,29260,36454
TJN_TJX_TJMaxx 2H DIG_FY18,Foursquare,"PK0H81_TJN_TJX_028_Audience_FOURSQUARE LABS, INC_DST_SV1_MAP_PRO_RCH_TRG_RON_PXT_BTG_DVY_PHASE 1_MOBILE RICH MEDIA TRENDSETTERS - Fall Honeycomb_Run of Network_Geo_F25-54_300 x 250_Standard_NV_NA",205337093,9/20/2017,4934,273,4661,1104,3557,272,3285,771,2514,1376,323,1094
TJN_TJX_TJMaxx 2H DIG_FY18,Foursquare,"PK0H83_TJN_TJX_028_Audience_FOURSQUARE LABS, INC_DST_SV1_MAP_PRO_RCH_TRG_RON_PXT_BTG_DVY_PHASE 1_MOBILE RICH MEDIA COMPETITIVE CONQUESTING - Fall Honeycomb_Run of Network_Geo_F25-54_300 x 250_Standard_NV_NA",205344161,10/13/2017,2525,51,2474,861,1613,121,1492,427,1065,982,281,708
TJN_TJX_TJMaxx 2H DIG_FY18,NBC Universal Media,PK2HF5_TJN_TJX_028_Content_NBCUNI.COM_BAF_BS2_MAP_DIR_VID_SPN_ROS_BTG_CTG_MOA_THIS IS US SPONSORSHIP: DESKTOP - VIGNETTE 1_Run of Site_Behavioral_F25-54_1920 x 1080_Click and View_NV_NA,205566893,9/28/2017,386,14,372,372,0,0,0,0,0,372,283,283
TJN_TJX_TJMaxx 2H DIG_FY18,Viant,"PJNSH9_TJN_TJX_028_Data_VIANT INC_DSI_SV1_TWB_DIR_DSP_TRG_RON_BTG_CTG_DVY_PHASE 1_VIANT DIRECT MATCH RETAIL, COMPETITIVE CONQUESTING, DISPLAY_Fixed Placement_Behavioral_F25-54_300 x 250_Standard_NV_NA",204526701,9/29/2017,5189,32,5157,0,5157,1101,4056,3201,855,1101,869,4070
TJN_MAR_023_Marshalls 2H Digital_F18,xAd Inc.,PJQ0YB_TJN_MAR_023_Mobile_GROUND TRUTH FKA XAD_DST_SV1_MAP_DIR_DSP_TRG_RON_PXT_BTG_DVY_PROXIMITY CONQUESTING - DYNAMIC DISTANCE_Run of Network_Geo_F25-54_320 x 50_Click and View_NV_NA,204541799,9/25/2017,82590,1717,80873,63799,17074,2297,14777,12560,2217,66096,45065,57625
TJN_TJX_TJMaxx 2H DIG_FY18,NBC Universal Media,PK2LF3_TJN_TJX_028_Content_NBCUNI.COM_BAF_BS2_DSK_DIR_DSP_SPN_HPT_CTG_CTG_DCM_100% SOV NBC HOMEPAGE ROADBLOCK 9/26 - 300X250 DESKTOP_HP Takeover_Contextual_F25-54_300 x 250_Standard_NV_NA,205613773,9/30/2017,1,0,1,0,1,0,1,1,0,0,0,1
TJN_TJX_TJMaxx 2H DIG_FY18,Viant,"PK2V4V_TJN_TJX_028_Data_VIANT INC_DSI_SV1_TWB_DIR_RCH_TRG_INT_BTG_CTG_DVY_PHASE 1_VIANT IMP, W25-54 STRATEGIC SAVERS, CONTOBOX - Fall Homes_Fixed Placement_Behavioral_F25-54_728 x 90_Click and View_NV_NA",205725966,10/15/2017,401,28,373,6,367,75,292,126,166,81,35,161
TJN_TJX_TJMaxx 2H DIG_FY18,Foursquare,"PJPRQJ_TJN_TJX_028_Audience_FOURSQUARE LABS, INC_DST_SV1_MAP_PRO_DSP_TRG_RON_PXT_BTG_DVY_PHASE 1_PINPOINT STRATEGIC SAVERS AV_Run of Network_Geo_F25-54_320 x 50_Standard_NV_NA",204525369,9/21/2017,1953,214,1739,402,1337,53,1284,931,353,455,330,1261
TJN_MAR_023_Marshalls 2H Digital_F18,NinthDecimal,PJPSRT_TJN_MAR_023_Mobile_NINTHDECIMAL_DST_SV1_MAP_DIR_RCH_TRG_RON_PXT_DMA_DVY_GEOFENCE: 15-20-MILE RADIUS AROUND RURAL STORES_Run of Network_Geo_F25-54_320 x 50_Click and View_NV_NA,204542885,10/6/2017,48946,1035,47911,25012,22899,149,22750,22124,626,25161,24469,46593
TJN_TJX_TJMaxx 2H DIG_FY18,NBC Universal Media,PK2JQT_TJN_TJX_028_Content_NBCUNI.COM_BAF_BS2_TAP_DIR_VID_SPN_ROS_BTG_CTG_MOA_THIS IS US SPONSORSHIP: TABLET - VIGNETTE 1_Run of Site_Behavioral_F25-54_1920 x 1080_Click and View_NV_NA,205563488,9/28/2017,689,10,679,679,0,0,0,0,0,679,516,516
TJN_MAR_023_Marshalls 2H Digital_F18,xAd Inc.,PJQ0YH_TJN_MAR_023_Mobile_GROUND TRUTH FKA XAD_DST_SV1_MAP_DIR_DSP_TRG_RON_BTG_DMA_DVY_BEHAVIORAL - FASHION SHOPPER - DYNAMIC DISTANCE_Run of Network_Behavioral_F25-54_300 x 250_Click and View_NV_NA,204543443,9/24/2017,12890,385,12505,12345,160,12,148,130,18,12357,10850,10980
TJN_TJX_TJMaxx 2H DIG_FY18,Foursquare,"PJPSSZ_TJN_TJX_028_Audience_FOURSQUARE LABS, INC_DST_SV1_MAP_PRO_RCH_TRG_RON_PXT_BTG_DVY_PHASE 1_MOBILE RICH MEDIA COMPETITIVE CONQUESTING - Fall Handbag_Run of Network_Geo_F25-54_300 x 250_Standard_NV_NA",204478073,9/24/2017,2512,159,2353,967,1386,80,1306,569,737,1047,456,1025
TJN_TJX_TJMaxx 2H DIG_FY18,Foursquare,"PJMQ2D_TJN_TJX_028_Audience_FOURSQUARE LABS, INC_DST_SV1_MAP_PRO_DSP_TRG_RON_PXT_BTG_DVY_PHASE 1_PINPOINT STRATEGIC SAVERS_Run of Network_Geo_F25-54_300 x 250_Standard_NV_NA",204483457,9/17/2017,29403,3686,25717,5999,19718,3812,15906,5241,10665,9811,3233,8474
TJN_MAR_023_Marshalls 2H Digital_F18,xAd Inc.,PJQ0YK_TJN_MAR_023_Mobile_GROUND TRUTH FKA XAD_DST_SV1_MAP_DIR_DSP_TRG_RON_BTG_PXT_DVY_MARSHALLS SHOPPERS - DYNAMIC DISTANCE_Run of Network_Geo_F25-54_300 x 250_Click and View_NV_NA,204543440,10/19/2017,4825,163,4662,4662,0,0,0,0,0,4662,4662,4662
TJN_TJX_TJMaxx 2H DIG_FY18,Viant,"PK2X7F_TJN_TJX_028_Data_VIANT INC_DSI_SV1_DSK_DIR_RCH_TRG_INT_BTG_CTG_DVY_PHASE 1_VIANT IMP, W25-54 STRATEGIC SAVERS, CONTOBOX - Honeycomb_Fixed Placement_Behavioral_F25-54_728 x 90_Click and View_NV_NA",205727841,10/15/2017,1059,43,1016,4,1012,85,927,845,82,89,81,926
TJN_MAR_023_Marshalls 2H Digital_F18,NinthDecimal,PJPSRR_TJN_MAR_023_Mobile_NINTHDECIMAL_DST_SV1_MAP_DIR_RCH_TRG_RON_PXT_DMA_DVY_GEOFENCE: 2-MILE RADIUS AROUND URBAN STORES_Run of Network_Geo_F25-54_320 x 50_Click and View_NV_NA,204541523,9/21/2017,148332,5740,142592,66929,75663,608,75055,72490,2565,67537,65229,137719
TJN_TJX_TJMaxx 2H DIG_FY18,xAd Inc.,PJMTMQ_TJN_TJX_028_Mobile_GROUND TRUTH FKA XAD_DST_SV1_MAP_DIR_RCH_TRG_RON_PXT_PXT_DVY_PHASE 1_PROXIMITY LOYALTY PLACEMENT - RICH MEDIA STORE LOCATOR - TJ Maxx_Run of Network_Geo_F25-54_320 x 50_Click and View_NV_NA,204442090,9/28/2017,25115,434,24681,7614,17067,154,16913,16009,904,7768,7353,23362
TJN_TJX_TJMaxx 2H DIG_FY18,Viant,"PJNSHB_TJN_TJX_028_Data_VIANT INC_DSI_SV1_MWB_DIR_DSP_TRG_RON_BTG_CTG_DVY_PHASE 1_VIANT DIRECT MATCH RETAIL, COMPETITIVE CONQUESTING, DISPLAY_Fixed Placement_Behavioral_F25-54_300 x 50_Standard_NV_NA",204478658,10/18/2017,18,0,18,0,18,2,16,16,0,2,2,18
TJN_TJX_TJMaxx 2H DIG_FY18,Viant,"PJSPBY_TJN_TJC_031_Data_VIANT INC_PUR_ROI_TWB_DIR_DSP_TRG_RON_BTG_MKT_DVY_DETERMINSTIC LAL OF ECOM CONVERTERS, CROSS DEVICE DISPLAY_Fixed Placement_Behavioral_F25-54_300 x 250_Click_NV_NA",204715651,10/12/2017,1326,32,1294,1,1293,195,1098,509,589,196,91,600
TJN_TJX_TJMaxx 2H DIG_FY18,Viant,"PJNSGV_TJN_TJX_028_Data_VIANT INC_DSI_SV1_DSK_DIR_DSP_TRG_RON_BTG_CTG_DVY_PHASE 1_VIANT DIRECT MATCH RETAIL, TJX PORFOLIO LOYALISTS, DISPLAY_Fixed Placement_Behavioral_F25-54_728 x 90_Standard_NV_NA",204478511,10/10/2017,29125,871,28254,0,28254,492,27762,21454,6308,492,380,21834
TJN_TJX_TJMaxx 2H DIG_FY18,xAd Inc.,PJMTN3_TJN_TJX_028_Mobile_GROUND TRUTH FKA XAD_DST_SV1_MAP_DIR_DSP_TRG_RON_RTG_RTG_DVY_PHASE 1_LOCATION AUDIENCE COMPETITIVE CONQUESTING PLACEMENT - STANDARD BANNER - Maxx You Maxx Life_Run of Network_Retarget_F25-54_320 x 50_Click and View_NV_NA,204442933,10/7/2017,1640,11,1629,686,943,34,909,879,30,720,675,1554
TJN_TJX_TJMaxx 2H DIG_FY18,xAd Inc.,PKF8TX_TJN_TJX_028_Mobile_GROUND TRUTH FKA XAD_DST_SV1_MAP_DIR_RCH_TRG_RON_PXT_PXT_DVY_PHASE 1_PROXIMITY LOYALTY PLACEMENT - RICH MEDIA STORE LOCATOR - Dresses_Run of Network_Geo_F25-54_300 x 250_Click and View_NV_NA,206772077,10/19/2017,5364,69,5295,48,5247,13,5234,4931,303,61,57,4988
TJN_TJX_TJMaxx 2H DIG_FY18,Viant,"PK2V4X_TJN_TJX_028_Data_VIANT INC_DSI_SV1_DSK_DIR_RCH_TRG_INT_BTG_CTG_DVY_PHASE 1_VIANT IMP, W25-54 STRATEGIC SAVERS, CONTOBOX - Fall Homes_Fixed Placement_Behavioral_F25-54_300 x 250_Click and View_NV_NA",205688458,10/9/2017,6791,103,6688,6,6682,1148,5534,3159,2375,1154,659,3818
TJN_TJX_TJMaxx 2H DIG_FY18,Foursquare,"PK0H80_TJN_TJX_028_Audience_FOURSQUARE LABS, INC_DST_SV1_MAP_PRO_RCH_TRG_RON_PXT_BTG_DVY_PHASE 1_MOBILE RICH MEDIA STRATEGIC SAVERS - Find A Store_Run of Network_Geo_F25-54_320 x 50_Standard_NV_NA",205394974,9/21/2017,51306,2358,48948,27611,21337,2216,19121,12381,6740,29827,19313,31694
TJN_MAR_023_Marshalls 2H Digital_F18,xAd Inc.,PJQ0YG_TJN_MAR_023_Mobile_GROUND TRUTH FKA XAD_DST_SV1_MAP_DIR_DSP_TRG_RON_BTG_DMA_DVY_BEHAVIORAL - FASHION SHOPPER - DYNAMIC DISTANCE_Run of Network_Behavioral_F25-54_320 x 50_Click and View_NV_NA,204557581,10/19/2017,59993,559,59434,55639,3795,250,3545,3030,515,55889,47916,50946
TJN_TJX_TJMaxx 2H DIG_FY18,xAd Inc.,PKF4SK_TJN_TJX_028_Mobile_GROUND TRUTH FKA XAD_DST_SV1_MAP_DIR_DSP_TRG_RON_RTG_RTG_DVY_PHASE 1_LOCATION AUDIENCE COMPETITIVE CONQUESTING PLACEMENT - STANDARD BANNER - Dresses_Run of Network_Retarget_F25-54_300 x 250_Click and View_NV_NA,206832798,10/21/2017,2413,15,2398,2398,0,0,0,0,0,2398,2398,2398
TJN_TJX_TJMaxx 2H DIG_FY18,xAd Inc.,PJPXJS_TJN_TJX_028_Mobile_GROUND TRUTH FKA XAD_DST_SV1_MAP_DIR_DSP_TRG_RON_RTG_RTG_DVY_PHASE 1_LOCATION AUDIENCE COMPETITIVE CONQUESTING PLACEMENT - STANDARD BANNER - Fall Hero_Run of Network_Retarget_F25-54_300 x 250_Click and View_NV_NA,204446153,10/10/2017,6207,65,6142,6137,5,0,5,3,2,6137,3682,3685
TJN_MAR_023_Marshalls 2H Digital_F18,Bustle,"PK5G3X_TJN_MAR_023_Content_BUSTLE_ROC Fashion, Lifestyle Channel - Panoramic Unit_Run of Site_Contextual_F25-54_1 x 1_Click and View_NV_NA",206333601,10/13/2017,344367,8275,336092,200,335892,308501,27391,15047,12344,308701,169582,184629
TJN_MAR_023_Marshalls 2H Digital_F18,xAd Inc.,PJQ0Y9_TJN_MAR_023_Mobile_GROUND TRUTH FKA XAD_DST_SV1_MAP_DIR_RCH_TRG_RON_WEA_PXT_DVY_PROXIMITY LOYALTY - WEATHER LOCATOR UNIT_Run of Network_Weather_F25-54_300 x 250_Click and View_NV_NA,204541757,10/6/2017,223154,4032,219122,113951,105171,1814,103357,81499,21858,115765,91283,172782
TJN_TJX_TJMaxx 2H DIG_FY18,Viant,"PK2V4W_TJN_TJX_028_Data_VIANT INC_DSI_SV1_DSK_DIR_RCH_TRG_INT_BTG_CTG_DVY_PHASE 1_VIANT IMP, W25-54 STRATEGIC SAVERS, CONTOBOX - Fall Homes_Fixed Placement_Behavioral_F25-54_728 x 90_Click and View_NV_NA",205687309,9/24/2017,1444,12,1432,0,1432,93,1339,612,727,93,43,655
TJN_MAR_023_Marshalls 2H Digital_F18,NinthDecimal,PJPSRW_TJN_MAR_023_Mobile_NINTHDECIMAL_DST_SV1_MAP_DIR_RCH_TRG_RON_BTG_PXT_DVY_LOCATION GRAPH: TJX FAMILY LOYALISTS_Run of Network_Behavioral_F25-54_320 x 50_Click and View_NV_NA,204541739,9/6/2017,1354,13,1341,290,1051,5,1046,1006,40,295,284,1290
TJN_TJX_TJMaxx 2H DIG_FY18,xAd Inc.,PJPXK0_TJN_TJX_028_Mobile_GROUND TRUTH FKA XAD_DST_SV1_MAP_DIR_DSP_TRG_RON_BTG_BTG_DVY_PHASE 1_BEHAVIORAL AUDIENCE TRENDSETTERS PLACEMENT - STANDARD BANNER - TJMaxx_Run of Network_Behavioral_F25-54_320 x 50_Click and View_NV_NA,204483993,9/29/2017,3,2,1,1,0,0,0,0,0,1,1,1
TJN_TJX_TJMaxx 2H DIG_FY18,xAd Inc.,PJMTNR_TJN_TJX_028_Mobile_GROUND TRUTH FKA XAD_DST_SV1_MAP_DIR_RCH_TRG_RON_BTG_BTG_DVY_PHASE 1_BEHAVIORAL AUDIENCE STRATEGIC SAVERS PLACEMENT - RICH MEDIA STORE LOCATOR - Fall Handbag_Run of Network_Behavioral_F25-54_300 x 250_Click and View_NV_NA,204442108,9/26/2017,4882,51,4831,1349,3482,133,3349,1216,2133,1482,538,1754
TJN_TJX_TJMaxx 2H DIG_FY18,Hulu,PK3CRZ_TJN_TJX_027_Content_HULU_BAF_BS2_DSK_DIR_VID_SPN_CHS_CTG_CTG_DVY_FALL TV SPONSORSHIP: VIDEO COMMERCIAL - DESKTOP_FEP_Contextual_F25-54_1920 x 1080_Standard_NV_NA,205727706,10/7/2017,13349,243,13106,13106,0,0,0,0,0,13106,9050,9050
TJN_TJX_TJMaxx 2H DIG_FY18,Conversant Inc.,PJPWBX_TJN_TJX_028_Audience_CONVERSANT_DST_SV1_DSK_NET_DSP_TRG_RON_BTG_BTG_DVY_PHASE 1_ DESKTOP WIDE SKYSCRAPER - CJ INTERACTORS LAL MODELING_Run of Site_Behavioral_P18+_160 x 600_Standard_NV_NA,204442033,10/8/2017,9529,670,8859,0,8859,1372,7487,2652,4835,1372,486,3138
TJN_TJX_TJMaxx 2H DIG_FY18,xAd Inc.,PJMTNC_TJN_TJX_028_Mobile_GROUND TRUTH FKA XAD_DST_SV1_MAP_DIR_DSP_TRG_RON_BTG_BTG_DVY_PHASE 1_BEHAVIORAL AUDIENCE TRENDSETTERS PLACEMENT - STANDARD BANNER - Maxx You Maxx Life_Run of Network_Behavioral_F25-54_320 x 50_Click and View_NV_NA,204447830,9/29/2017,3,2,1,1,0,0,0,0,0,1,1,1
TJN_MAR_023_Marshalls 2H Digital_F18,xAd Inc.,PJQ0Y7_TJN_MAR_023_Mobile_GROUND TRUTH FKA XAD_DST_SV1_MAP_DIR_DSP_TRG_RON_PXT_BTG_DVY_PROXIMITY LOYALTY - DYNAMIC DISTANCE_Run of Network_Geo_F25-54_300 x 250_Click and View_NV_NA,204541754,9/7/2017,41229,463,40766,40740,26,1,25,23,2,40741,37482,37505
TJN_MAR_023_Marshalls 2H Digital_F18,xAd Inc.,PJQ0YJ_TJN_MAR_023_Mobile_GROUND TRUTH FKA XAD_DST_SV1_MAP_DIR_DSP_TRG_RON_BTG_PXT_DVY_MARSHALLS SHOPPERS - DYNAMIC DISTANCE_Run of Network_Geo_F25-54_320 x 50_Click and View_NV_NA,204595911,9/27/2017,11159,194,10965,8169,2796,137,2659,2290,369,8306,6850,9140
TJN_MAR_023_Marshalls 2H Digital_F18,xAd Inc.,PJQ0YR_TJN_MAR_023_Mobile_GROUND TRUTH FKA XAD_DST_SV1_MAP_DIR_DSP_TRG_RON_PXT_BTG_DVY_GEOBLOCKS CONQUESTING - DYNAMIC DISTANCE_Run of Network_Geo_F25-54_300 x 250_Click and View_NV_NA,204555244,9/20/2017,6229,155,6074,6053,21,5,16,0,16,6058,0,0
TJN_TJX_TJMaxx 2H DIG_FY18,xAd Inc.,PJMTN9_TJN_TJX_028_Mobile_GROUND TRUTH FKA XAD_DST_SV1_MAP_DIR_DSP_TRG_RON_BTG_BTG_DVY_PHASE 1_BEHAVIORAL AUDIENCE STRATEGIC SAVERS PLACEMENT - STANDARD BANNER - Fall Handbag_Run of Network_Behavioral_F25-54_300 x 250_Click and View_NV_NA,204447293,10/6/2017,11871,467,11404,8600,2804,22,2782,2670,112,8622,8264,10934
TJN_TJX_TJMaxx 2H DIG_FY18,NBC Universal Media,PK3H7D_TJN_TJX_028_Content_NBCUNI.COM_BAF_BS2_DSK_DIR_DSP_SPN_HPT_CTG_CTG_DCM_100% SOV NBC HOMEPAGE ROADBLOCK 10/10 - 728X90 MOBILE_HP Takeover_Contextual_F25-54_728 x 90_Standard_NV_NA,205685938,10/11/2017,4432,212,4220,3,4217,152,4065,3391,674,155,129,3520
TJN_TJX_TJMaxx 2H DIG_FY18,Conversant Inc.,PJNPMC_TJN_TJC_031_Audience_CONVERSANT_PUR_ROI_TAP_NET_DSP_TRG_RON_BTG_BTG_DVY_TABLET LEADERBOARD- STRATEGIC SAVERS_Run of Site_Other_P18+_728 x 90_Standard_NV_NA,204442918,10/19/2017,332,8,324,0,324,81,243,88,155,81,29,117
TJN_TJX_TJMaxx 2H DIG_FY18,PlaceIQ,PK19Z0_TJN_TJX_028_Mobile_PLACEIQ INC_DST_SV1_MAP_DIR_RCH_TRG_RON_BTG_PTG_DVY_PHASE 1_RICH MEDIA_STRATEGIC SAVERS_APPAREL OR FURNISHINGS DISCRETIONARY SPEND+IMPULSE BUYER SHOPPERS_Run of Network_Behavioral_F25-54_320 x 50_Click and View_NV_NA,205563158,10/4/2017,26204,708,25496,12114,13382,511,12871,12548,323,12625,12308,24856
TJN_TJX_TJMaxx 2H DIG_FY18,Conversant Inc.,PJPWP9_TJN_TJX_028_Audience_CONVERSANT_DST_SV1_DSK_NET_DSP_TRG_RON_BTG_BTG_DVY_PHASE 1_ DESKTOP MEDIUM RECTANGLE - CONVERSANT SHOPPERS AV_Run of Site_Behavioral_P18+_300 x 250_Standard_NV_NA,204483957,9/16/2017,1165,53,1112,0,1112,196,916,312,604,196,67,379
TJN_TJX_TJMaxx 2H DIG_FY18,Foursquare,"PJYHWD_TJN_TJX_028_Audience_FOURSQUARE LABS, INC_DST_SV1_MAP_PRO_DSP_TRG_RON_PXT_BTG_DVY_PHASE 1_PINPOINT COMPETITIVE CONQUESTING_Run of Network_Geo_F25-54_300 x 250_Standard_NV_NA",205235284,9/27/2017,5451,518,4933,2618,2315,160,2155,1257,898,2778,1620,2877
TJN_TJX_TJMaxx 2H DIG_FY18,Foursquare,"PKFMKJ_TJN_TJX_028_Audience_FOURSQUARE LABS, INC_DST_SV1_MAP_PRO_RCH_TRG_RON_PXT_BTG_DVY_PHASE 1_MOBILE RICH MEDIA TRENDSETTERS - Find A Store V2_Run of Network_Geo_F25-54_320 x 50_Standard_NV_NA",206812600,10/20/2017,27857,598,27259,19646,7613,1135,6478,5786,692,20781,18561,24347
TJN_TJX_TJMaxx 2H DIG_FY18,Viant,"PK2X7C_TJN_TJX_028_Data_VIANT INC_DSI_SV1_TWB_DIR_RCH_TRG_INT_BTG_CTG_DVY_PHASE 1_VIANT IMP, W25-54 STRATEGIC SAVERS, CONTOBOX - Honeycomb_Fixed Placement_Behavioral_F25-54_160 x 600_Click and View_NV_NA",205685992,10/21/2017,2,0,2,0,2,0,2,2,0,0,0,2
TJN_TJX_TJMaxx 2H DIG_FY18,Viant,"PJSPBW_TJN_TJC_031_Data_VIANT INC_PUR_ROI_MWB_DIR_DSP_TRG_RON_BTG_MKT_DVY_DETERMINSTIC LAL OF ECOM CONVERTERS, CROSS DEVICE DISPLAY_Fixed Placement_Behavioral_F25-54_300 x 50_Click_NV_NA",204733524,10/9/2017,6724,50,6674,1,6673,643,6030,4095,1935,644,437,4532
TJN_TJX_TJMaxx 2H DIG_FY18,xAd Inc.,PJYDBR_TJN_TJX_028_Mobile_GROUND TRUTH FKA XAD_DST_SV1_MAP_DIR_RCH_TRG_RON_BTG_BTG_DVY_PHASE 1_BEHAVIORAL AUDIENCE TRENDSETTERS PLACEMENT - RICH MEDIA STORE LOCATOR - Maxx You Maxx Life_Run of Network_Behavioral_F25-54_320 x 50_Click and View_NV_NA,205145234,10/5/2017,11,1,10,5,5,3,2,2,0,8,8,10
TJN_TJX_TJMaxx 2H DIG_FY18,Foursquare,"PJPST0_TJN_TJX_028_Audience_FOURSQUARE LABS, INC_DST_SV1_MAP_PRO_RCH_TRG_RON_PXT_BTG_DVY_PHASE 1_MOBILE RICH MEDIA COMPETITIVE CONQUESTING - Find A TJ Maxx Store_Run of Network_Geo_F25-54_320 x 50_Standard_NV_NA",204525348,9/21/2017,48502,1439,47063,38811,8252,880,7372,5640,1732,39691,30366,36006
TJN_TJX_TJMaxx 2H DIG_FY18,xAd Inc.,PJMTN9_TJN_TJX_028_Mobile_GROUND TRUTH FKA XAD_DST_SV1_MAP_DIR_DSP_TRG_RON_BTG_BTG_DVY_PHASE 1_BEHAVIORAL AUDIENCE STRATEGIC SAVERS PLACEMENT - STANDARD BANNER - Fall Handbag_Run of Network_Behavioral_F25-54_300 x 250_Click and View_NV_NA,204447293,10/11/2017,9200,109,9091,9081,10,0,10,4,6,9081,3632,3636
TJN_TJX_TJMaxx 2H DIG_FY18,xAd Inc.,PJMTN1_TJN_TJX_028_Mobile_GROUND TRUTH FKA XAD_DST_SV1_MAP_DIR_DSP_TRG_RON_DMA_DMA_DVY_PHASE 1_ADDED VALUE DMA TARGETING STANDALONE: STANDARD BANNER - Maxx You Maxx Life_Run of Network_Geo_F25-54_320 x 50_Click and View_NV_NA,204443461,9/11/2017,24368,482,23886,3758,20128,433,19695,15888,3807,4191,3381,19269
TJN_TJX_TJMaxx 2H DIG_FY18,Foursquare,"PJPQKZ_TJN_TJX_028_Audience_FOURSQUARE LABS, INC_DST_SV1_MAP_PRO_DSP_TRG_RON_PXT_BTG_DVY_PHASE 1_PINPOINT TRENDSETTERS_Run of Network_Geo_F25-54_300 x 250_Standard_NV_NA",204481813,9/6/2017,11437,2615,8822,6033,2789,1080,1709,575,1134,7113,2393,2968
TJN_TJX_TJMaxx 2H DIG_FY18,Viant,"PK2V4T_TJN_TJX_028_Data_VIANT INC_DSI_SV1_TWB_DIR_RCH_TRG_INT_BTG_CTG_DVY_PHASE 1_VIANT IMP, W25-54 STRATEGIC SAVERS, CONTOBOX - Fall Homes_Fixed Placement_Behavioral_F25-54_160 x 600_Click and View_NV_NA",205687933,9/26/2017,107,4,103,0,103,11,92,14,78,11,2,16
TJN_TJX_TJMaxx 2H DIG_FY18,Viant,"PJNSGM_TJN_TJX_028_Data_VIANT INC_DSI_SV1_TWB_DIR_DSP_TRG_RON_BTG_CTG_DVY_PHASE 1_VIANT DIRECT MATCH RETAIL, TJX PORFOLIO LOYALISTS, DISPLAY_Fixed Placement_Behavioral_F25-54_728 x 90_Standard_NV_NA",204526722,9/20/2017,5448,54,5394,1,5393,678,4715,2314,2401,679,333,2647
TJN_MAR_023_Marshalls 2H Digital_F18,xAd Inc.,PJQ0Y9_TJN_MAR_023_Mobile_GROUND TRUTH FKA XAD_DST_SV1_MAP_DIR_RCH_TRG_RON_WEA_PXT_DVY_PROXIMITY LOYALTY - WEATHER LOCATOR UNIT_Run of Network_Weather_F25-54_300 x 250_Click and View_NV_NA,204541757,10/11/2017,100074,1307,98767,15315,83452,2995,80457,53258,27199,18310,12120,65378
TJN_TJX_TJMaxx 2H DIG_FY18,Viant,"PJSPCK_TJN_TJC_031_Data_VIANT INC_PUR_ROI_MWB_DIR_DSP_TRG_RON_BTG_MKT_DVY_W25-54 + ONLINE SHOPPERS, CROSS DEVICE DISPLAY_Fixed Placement_Behavioral_F25-54_160 x 600_Click_NV_NA",204733041,10/20/2017,4678,130,4548,0,4548,316,4232,838,3394,316,63,901
TJN_TJX_TJMaxx 2H DIG_FY18,PlaceIQ,PK19YZ_TJN_TJX_028_Mobile_PLACEIQ INC_DST_SV1_MAP_DIR_RCH_TRG_RON_BTG_PTG_DVY_PHASE 1_RICH MEDIA_STRATEGIC SAVERS_INFORMER CONSUMER SHOPPERS+TOP TIER APPAREL SHOPPER_Run of Network_Behavioral_F25-54_320 x 50_Click and View_NV_NA,205563548,10/9/2017,38561,761,37800,11330,26470,1477,24993,24350,643,12807,12478,36828
TJN_MAR_023_Marshalls 2H Digital_F18,NinthDecimal,PJPSS0_TJN_MAR_023_Mobile_NINTHDECIMAL_DST_SV1_MAP_DIR_RCH_TRG_RON_BTG_DMA_DVY_3RD PARTY: SURPRISE CHOOSERS_Run of Network_Behavioral_F25-54_320 x 50_Click and View_NV_NA,204595875,9/30/2017,62359,672,61687,12904,48783,233,48550,46849,1701,13137,12677,59526
TJN_TJX_TJMaxx 2H DIG_FY18,Viant,"PJSPBV_TJN_TJC_031_Data_VIANT INC_PUR_ROI_MWB_DIR_DSP_TRG_RON_BTG_MKT_DVY_DETERMINSTIC LAL OF ECOM CONVERTERS, CROSS DEVICE DISPLAY_Fixed Placement_Behavioral_F25-54_160 x 600_Click_NV_NA",204733791,10/16/2017,6785,582,6203,5,6198,340,5858,3562,2296,345,210,3772
TJN_TJX_TJMaxx 2H DIG_FY18,Viant,"PJSPCJ_TJN_TJC_031_Data_VIANT INC_PUR_ROI_MWB_DIR_DSP_TRG_RON_BTG_MKT_DVY_W25-54 + ONLINE SHOPPERS, CROSS DEVICE DISPLAY_Fixed Placement_Behavioral_F25-54_300 x 250_Click_NV_NA",204733038,10/8/2017,773,11,762,0,762,148,614,435,179,148,105,540
TJN_TJX_TJMaxx 2H DIG_FY18,PlaceIQ,PKF2L8_TJN_TJX_028_Mobile_PLACEIQ INC_DST_SV1_MAP_DIR_RCH_TRG_RON_BTG_PTG_DVY_PHASE 1_RICH MEDIA_STRATEGIC SAVERS_FREQUENT WOMEN'S APPAREL SHOPPER+DISCRETIONARY SPEND SHOPPERS - Rich Media Version 2_Run of Network_Behavioral_F25-54_320 x 50_Click and View,206772383,10/21/2017,24667,504,24163,11097,13066,507,12559,12431,128,11604,11486,23917
TJN_TJX_TJMaxx 2H DIG_FY18,xAd Inc.,PJMTN3_TJN_TJX_028_Mobile_GROUND TRUTH FKA XAD_DST_SV1_MAP_DIR_DSP_TRG_RON_RTG_RTG_DVY_PHASE 1_LOCATION AUDIENCE COMPETITIVE CONQUESTING PLACEMENT - STANDARD BANNER - Maxx You Maxx Life_Run of Network_Retarget_F25-54_320 x 50_Click and View_NV_NA,204442933,9/8/2017,36853,663,36190,4239,31951,20918,11033,8876,2157,25157,20118,28994
TJN_TJX_TJMaxx 2H DIG_FY18,Viant,"PJSPBT_TJN_TJC_031_Data_VIANT INC_PUR_ROI_MWB_DIR_DSP_TRG_RON_BTG_MKT_DVY_DETERMINSTIC LAL OF ECOM CONVERTERS, CROSS DEVICE DISPLAY_Fixed Placement_Behavioral_F25-54_300 x 250_Click_NV_NA",204732642,10/5/2017,60,1,59,0,59,16,43,19,24,16,7,26
TJN_TJX_TJMaxx 2H DIG_FY18,PlaceIQ,PKFR4H_TJN_TJX_028_Mobile_PLACEIQ INC_DST_SV1_MAP_DIR_RCH_TRG_RON_BTG_PXT_DVY_PHASE 1_RICH MEDIA_TJX PROXIMITY LOYALISTS_DRIVE BY_Rich Media Version 2_Run of Network_Behavioral_F25-54_320 x 50_Click and View_NV_NA,206833242,10/21/2017,23377,567,22810,9871,12939,958,11981,11835,146,10829,10697,22532
TJN_TJX_TJMaxx 2H DIG_FY18,Viant,"PK2V4W_TJN_TJX_028_Data_VIANT INC_DSI_SV1_DSK_DIR_RCH_TRG_INT_BTG_CTG_DVY_PHASE 1_VIANT IMP, W25-54 STRATEGIC SAVERS, CONTOBOX - Fall Homes_Fixed Placement_Behavioral_F25-54_728 x 90_Click and View_NV_NA",205687309,9/22/2017,254,13,241,4,237,24,213,79,134,28,10,89
TJN_TJX_TJMaxx 2H DIG_FY18,xAd Inc.,PKF499_TJN_TJX_028_Mobile_GROUND TRUTH FKA XAD_DST_SV1_MAP_DIR_DSP_TRG_RON_BTG_BTG_DVY_PHASE 1_BEHAVIORAL AUDIENCE TRENDSETTERS PLACEMENT - STANDARD BANNER - Booties_Run of Network_Behavioral_F25-54_300 x 250_Click and View_NV_NA,206832846,10/19/2017,4004,51,3953,2745,1208,4,1204,1147,57,2749,2619,3766
TJN_TJX_TJMaxx 2H DIG_FY18,PlaceIQ,PKFRKZ_TJN_TJX_028_Mobile_PLACEIQ INC_DST_SV1_MAP_DIR_DSP_TRG_RON_BTG_PXT_DVY_PHASE 1_STANDARD BANNER_TJX PROXIMITY LOYALISTS_LIVE BY TJMAXX - Find a Store V2_Run of Network_Behavioral_F25-54_320 x 50_Click and View_NV_NA,206771747,10/20/2017,6063,101,5962,4719,1243,9,1234,1232,2,4728,4720,5952
TJN_TJX_TJMaxx 2H DIG_FY18,Viant,"PK2V4V_TJN_TJX_028_Data_VIANT INC_DSI_SV1_TWB_DIR_RCH_TRG_INT_BTG_CTG_DVY_PHASE 1_VIANT IMP, W25-54 STRATEGIC SAVERS, CONTOBOX - Fall Homes_Fixed Placement_Behavioral_F25-54_728 x 90_Click and View_NV_NA",205725966,10/4/2017,26548,251,26297,60,26237,2258,23979,5748,18231,2318,556,6304
TJN_TJX_TJMaxx 2H DIG_FY18,Viant,"PK2X7J_TJN_TJX_028_Data_VIANT INC_DSI_SV1_MWB_DIR_RCH_TRG_INT_BTG_CTG_DVY_PHASE 1_VIANT IMP, W25-54 STRATEGIC SAVERS, CONTOBOX - Honeycomb_Fixed Placement_Behavioral_F25-54_300 x 250_Click and View_NV_NA",205688479,10/9/2017,3667,50,3617,4,3613,265,3348,507,2841,269,41,548
TJN_TJX_TJMaxx 2H DIG_FY18,xAd Inc.,PJPXJQ_TJN_TJX_028_Mobile_GROUND TRUTH FKA XAD_DST_SV1_MAP_DIR_DSP_TRG_RON_RTG_RTG_DVY_PHASE 1_LOCATION AUDIENCE TJX SHOPPERS PLACEMENT - STANDARD BANNER - TJMaxx_Run of Network_Retarget_F25-54_320 x 50_Click and View_NV_NA,204447839,10/12/2017,10157,174,9983,3817,6166,100,6066,4393,1673,3917,2837,7230
TJN_TJX_TJMaxx 2H DIG_FY18,xAd Inc.,PJMTMQ_TJN_TJX_028_Mobile_GROUND TRUTH FKA XAD_DST_SV1_MAP_DIR_RCH_TRG_RON_PXT_PXT_DVY_PHASE 1_PROXIMITY LOYALTY PLACEMENT - RICH MEDIA STORE LOCATOR - TJ Maxx_Run of Network_Geo_F25-54_320 x 50_Click and View_NV_NA,204442090,9/14/2017,10,1,9,6,3,2,1,1,0,8,8,9
TJN_TJX_TJMaxx 2H DIG_FY18,Foursquare,"PK0H82_TJN_TJX_028_Audience_FOURSQUARE LABS, INC_DST_SV1_MAP_PRO_RCH_TRG_RON_PXT_BTG_DVY_PHASE 1_MOBILE RICH MEDIA TRENDSETTERS - Find A Store_Run of Network_Geo_F25-54_320 x 50_Standard_NV_NA",205394971,10/18/2017,4,3,1,0,1,0,1,1,0,0,0,1
TJN_TJX_TJMaxx 2H DIG_FY18,Viant,"PJSPBR_TJN_TJC_031_Data_VIANT INC_PUR_ROI_DSK_DIR_DSP_TRG_RON_BTG_MKT_DVY_DETERMINSTIC LAL OF ECOM CONVERTERS, CROSS DEVICE DISPLAY_Fixed Placement_Behavioral_F25-54_300 x 250_Click_NV_NA",204715645,10/18/2017,36068,1849,34219,2,34217,2132,32085,25252,6833,2134,1680,26932
TJN_MAR_023_Marshalls 2H Digital_F18,xAd Inc.,PJQ0YB_TJN_MAR_023_Mobile_GROUND TRUTH FKA XAD_DST_SV1_MAP_DIR_DSP_TRG_RON_PXT_BTG_DVY_PROXIMITY CONQUESTING - DYNAMIC DISTANCE_Run of Network_Geo_F25-54_320 x 50_Click and View_NV_NA,204541799,9/7/2017,27769,450,27319,19447,7872,3636,4236,3520,716,23083,16723,20243
TJN_TJX_TJMaxx 2H DIG_FY18,xAd Inc.,PJPXK0_TJN_TJX_028_Mobile_GROUND TRUTH FKA XAD_DST_SV1_MAP_DIR_DSP_TRG_RON_BTG_BTG_DVY_PHASE 1_BEHAVIORAL AUDIENCE TRENDSETTERS PLACEMENT - STANDARD BANNER - TJMaxx_Run of Network_Behavioral_F25-54_320 x 50_Click and View_NV_NA,204483993,9/10/2017,19980,143,19837,3202,16635,329,16306,13263,3043,3531,2872,16135
TJN_TJX_TJMaxx 2H DIG_FY18,NBC Universal Media,PK2LFG_TJN_TJX_028_Content_NBCUNI.COM_BAF_BS2_DSK_DIR_DSP_SPN_HPT_CTG_CTG_DCM_100% SOV NBC HOMEPAGE ROADBLOCK 10/3 - 970X66 DESKTOP_HP Takeover_Contextual_F25-54_970 x 66_Standard_NV_NA,205568660,10/4/2017,80931,5302,75629,0,75629,3234,72395,60951,11444,3234,2723,63674
TJN_TJX_TJMaxx 2H DIG_FY18,xAd Inc.,PJMTNC_TJN_TJX_028_Mobile_GROUND TRUTH FKA XAD_DST_SV1_MAP_DIR_DSP_TRG_RON_BTG_BTG_DVY_PHASE 1_BEHAVIORAL AUDIENCE TRENDSETTERS PLACEMENT - STANDARD BANNER - Maxx You Maxx Life_Run of Network_Behavioral_F25-54_320 x 50_Click and View_NV_NA,204447830,9/10/2017,19404,176,19228,3611,15617,267,15350,12662,2688,3878,3199,15861
TJN_MAR_023_Marshalls 2H Digital_F18,xAd Inc.,PJQ0YD_TJN_MAR_023_Mobile_GROUND TRUTH FKA XAD_DST_SV1_MAP_DIR_RCH_TRG_RON_WEA_PXT_DVY_PROXIMITY CONQUESTING - WEATHER LOCATOR UNIT_Run of Network_Weather_F25-54_320 x 50_Click and View_NV_NA,204541553,9/21/2017,13429,233,13196,5247,7949,143,7806,7254,552,5390,5009,12263
TJN_TJX_TJMaxx 2H DIG_FY18,PlaceIQ,PK19YY_TJN_TJX_028_Mobile_PLACEIQ INC_DST_SV1_MAP_DIR_RCH_TRG_RON_BTG_PTG_DVY_PHASE 1_RICH MEDIA_STRATEGIC SAVERS_FREQUENT WOMEN'S APPAREL SHOPPER+DISCRETIONARY SPEND SHOPPERS_Run of Network_Behavioral_F25-54_320 x 50_Click and View_NV_NA,205568681,10/6/2017,94154,1767,92387,33888,58499,2047,56452,54802,1650,35935,34885,89687
TJN_TJX_TJMaxx 2H DIG_FY18,xAd Inc.,PKF429_TJN_TJX_028_Mobile_GROUND TRUTH FKA XAD_DST_SV1_MAP_DIR_RCH_TRG_RON_BTG_BTG_DVY_PHASE 1_BEHAVIORAL AUDIENCE STRATEGIC SAVERS PLACEMENT - RICH MEDIA STORE LOCATOR - Booties_Run of Network_Behavioral_F25-54_300 x 250_Click and View_NV_NA,206833602,10/16/2017,1578,17,1561,865,696,33,663,332,331,898,450,782
TJN_TJX_TJMaxx 2H DIG_FY18,xAd Inc.,PJMTMQ_TJN_TJX_028_Mobile_GROUND TRUTH FKA XAD_DST_SV1_MAP_DIR_RCH_TRG_RON_PXT_PXT_DVY_PHASE 1_PROXIMITY LOYALTY PLACEMENT - RICH MEDIA STORE LOCATOR - TJ Maxx_Run of Network_Geo_F25-54_320 x 50_Click and View_NV_NA,204442090,10/14/2017,7759,130,7629,2146,5483,28,5455,5205,250,2174,2074,7279
TJN_TJX_TJMaxx 2H DIG_FY18,Foursquare,"PJPSSV_TJN_TJX_028_Audience_FOURSQUARE LABS, INC_DST_SV1_MAP_PRO_RCH_TRG_RON_PXT_BTG_DVY_PHASE 1_MOBILE RICH MEDIA STRATEGIC SAVERS - Fall Handbag_Run of Network_Geo_F25-54_300 x 250_Standard_NV_NA",204525360,9/24/2017,4101,448,3653,1101,2552,177,2375,754,1621,1278,406,1160
TJN_TJX_TJMaxx 2H DIG_FY18,Viant,"PK2V4X_TJN_TJX_028_Data_VIANT INC_DSI_SV1_DSK_DIR_RCH_TRG_INT_BTG_CTG_DVY_PHASE 1_VIANT IMP, W25-54 STRATEGIC SAVERS, CONTOBOX - Fall Homes_Fixed Placement_Behavioral_F25-54_300 x 250_Click and View_NV_NA",205688458,9/26/2017,5190,65,5125,4,5121,861,4260,1493,2767,865,303,1796
TJN_TJX_TJMaxx 2H DIG_FY18,Conversant Inc.,PJPWP9_TJN_TJX_028_Audience_CONVERSANT_DST_SV1_DSK_NET_DSP_TRG_RON_BTG_BTG_DVY_PHASE 1_ DESKTOP MEDIUM RECTANGLE - CONVERSANT SHOPPERS AV_Run of Site_Behavioral_P18+_300 x 250_Standard_NV_NA,204483957,9/13/2017,1163,135,1028,0,1028,83,945,452,493,83,40,492
TJN_TJX_TJMaxx 2H DIG_FY18,xAd Inc.,PJMTNR_TJN_TJX_028_Mobile_GROUND TRUTH FKA XAD_DST_SV1_MAP_DIR_RCH_TRG_RON_BTG_BTG_DVY_PHASE 1_BEHAVIORAL AUDIENCE STRATEGIC SAVERS PLACEMENT - RICH MEDIA STORE LOCATOR - Fall Handbag_Run of Network_Behavioral_F25-54_300 x 250_Click and View_NV_NA,204442108,10/9/2017,5064,51,5013,833,4180,89,4091,1821,2270,922,410,2231
TJN_TJX_TJMaxx 2H DIG_FY18,Foursquare,"PK0H84_TJN_TJX_028_Audience_FOURSQUARE LABS, INC_DST_SV1_MAP_PRO_RCH_TRG_RON_PXT_BTG_DVY_PHASE 1_MOBILE RICH MEDIA COMPETITIVE CONQUESTING - Find A Store_Run of Network_Geo_F25-54_320 x 50_Standard_NV_NA",205427847,9/21/2017,62527,1608,60919,50418,10501,935,9566,7198,2368,51353,38641,45839
TJN_TJX_TJMaxx 2H DIG_FY18,Foursquare,"PJYHWF_TJN_TJX_028_Audience_FOURSQUARE LABS, INC_DST_SV1_MAP_PRO_DSP_TRG_RON_PXT_BTG_DVY_PHASE 1_PINPOINT COMPETITIVE CONQUESTING_Run of Network_Geo_F25-54_320 x 50_Standard_NV_NA",205183220,9/15/2017,257934,9478,248456,176448,72008,5369,66639,51343,15296,181817,140084,191427
TJN_TJX_TJMaxx 2H DIG_FY18,Foursquare,"PK0H7Z_TJN_TJX_028_Audience_FOURSQUARE LABS, INC_DST_SV1_MAP_PRO_RCH_TRG_RON_PXT_BTG_DVY_PHASE 1_MOBILE RICH MEDIA STRATEGIC SAVERS - Fall Honeycomb_Run of Network_Geo_F25-54_300 x 250_Standard_NV_NA",205341980,10/8/2017,1032,72,960,279,681,37,644,171,473,316,84,255
TJN_TJX_TJMaxx 2H DIG_FY18,Conversant Inc.,PJPTMN_TJN_TJC_031_Audience_CONVERSANT_PUR_ROI_MAP_NET_DSP_TRG_RON_BTG_BTG_DVY_SMARTPHONE MEDIUM RECTANGLE - COMPETITIVE CONQUESTING_Run of Site_Other_P18+_300 x 250_Standard_NV_NA,204447221,10/16/2017,411,4,407,0,407,66,341,224,117,66,43,267
TJN_TJX_TJMaxx 2H DIG_FY18,Conversant Inc.,PJPWPG_TJN_TJX_028_Audience_CONVERSANT_DST_SV1_TAP_NET_DSP_TRG_RON_BTG_BTG_DVY_PHASE 1_ TABLET MEDIUM RECTANGLE  - CONVERSANT SHOPPERS AV_Run of Site_Behavioral_P18+_300 x 250_Standard_NV_NA,204446129,9/22/2017,328,9,319,0,319,58,261,48,213,58,11,59
TJN_TJX_TJMaxx 2H DIG_FY18,Conversant Inc.,PJPWBT_TJN_TJX_028_Audience_CONVERSANT_DST_SV1_DSK_NET_DSP_TRG_RON_BTG_BTG_DVY_PHASE 1_ DESKTOP LEADERBOARD - CJ INTERACTORS LAL MODELING_Run of Site_Behavioral_P18+_728 x 90_Standard_NV_NA,204446096,9/19/2017,6,6,0,0,0,0,0,0,0,0,0,0
TJN_TJX_TJMaxx 2H DIG_FY18,Conversant Inc.,PJPTLN_TJN_TJC_031_Audience_CONVERSANT_PUR_ROI_MAP_NET_DSP_TRG_RON_BTG_BTG_DVY_SMARTPHONE MEDIUM RECTANGLE - TRENDSETTERS_Run of Site_Other_P18+_300 x 250_Standard_NV_NA,204446141,10/20/2017,1480,27,1453,0,1453,328,1125,153,972,328,45,198
TJN_TJX_TJMaxx 2H DIG_FY18,Conversant Inc.,PJPWP9_TJN_TJX_028_Audience_CONVERSANT_DST_SV1_DSK_NET_DSP_TRG_RON_BTG_BTG_DVY_PHASE 1_ DESKTOP MEDIUM RECTANGLE - CONVERSANT SHOPPERS AV_Run of Site_Behavioral_P18+_300 x 250_Standard_NV_NA,204483957,10/13/2017,906,66,840,0,840,84,756,564,192,84,63,627
TJN_TJX_TJMaxx 2H DIG_FY18,xAd Inc.,PJMTN1_TJN_TJX_028_Mobile_GROUND TRUTH FKA XAD_DST_SV1_MAP_DIR_DSP_TRG_RON_DMA_DMA_DVY_PHASE 1_ADDED VALUE DMA TARGETING STANDALONE: STANDARD BANNER - Maxx You Maxx Life_Run of Network_Geo_F25-54_320 x 50_Click and View_NV_NA,204443461,10/19/2017,3,3,0,0,0,0,0,0,0,0,0,0
TJN_MAR_023_Marshalls 2H Digital_F18,NinthDecimal,PJPSRX_TJN_MAR_023_Mobile_NINTHDECIMAL_DST_SV1_MAP_DIR_RCH_TRG_RON_BTG_PXT_DVY_LOCATION GRAPH: COMPETITIVE CONQUESTING_Run of Network_Behavioral_F25-54_320 x 50_Click and View_NV_NA,204542879,9/21/2017,67971,1777,66194,25530,40664,323,40341,38906,1435,25853,24933,63839
TJN_TJX_TJMaxx 2H DIG_FY18,xAd Inc.,PJYDBR_TJN_TJX_028_Mobile_GROUND TRUTH FKA XAD_DST_SV1_MAP_DIR_RCH_TRG_RON_BTG_BTG_DVY_PHASE 1_BEHAVIORAL AUDIENCE TRENDSETTERS PLACEMENT - RICH MEDIA STORE LOCATOR - Maxx You Maxx Life_Run of Network_Behavioral_F25-54_320 x 50_Click and View_NV_NA,205145234,10/17/2017,6,0,6,6,0,0,0,0,0,6,5,5
TJN_TJX_TJMaxx 2H DIG_FY18,Conversant Inc.,PJNPML_TJN_TJC_031_Audience_CONVERSANT_PUR_ROI_DSK_NET_DSP_TRG_RON_BTG_BTG_DVY_DESKTOP MEDIUM RECTANGLE- STRATEGIC SAVERS_Run of Site_Other_P18+_300 x 250_Standard_NV_NA,204443407,9/21/2017,6,6,0,0,0,0,0,0,0,0,0,0
TJN_TJX_TJMaxx 2H DIG_FY18,Viant,PJPXKS_TJN_TJX_028_Data_VIANT INC_DSI_SV1_DSK_DIR_DSP_TRG_RON_BTG_CTG_DVY_PHASE 1_DESKTOP DISPLAY VIANT IMP TARGETING - STRATEGIC SAVERS AV_Fixed Placement_Demo_F25-54_160 x 600_Standard_NV_NA,204477475,9/27/2017,10506,239,10267,0,10267,704,9563,7328,2235,704,539,7867
TJN_TJX_TJMaxx 2H DIG_FY18,Conversant Inc.,PJPWC1_TJN_TJX_028_Audience_CONVERSANT_DST_SV1_MAP_NET_DSP_TRG_RON_BTG_BTG_DVY_PHASE 1_ SMARTPHONE MEDIUM RECTANGLE  - CJ INTERACTORS LAL MODELING_Run of Site_Behavioral_P18+_300 x 250_Standard_NV_NA,204483942,10/21/2017,6369,100,6269,7,6262,1293,4969,927,4042,1300,243,1170
TJN_TJX_TJMaxx 2H DIG_FY18,Viant,"PJNSHG_TJN_TJX_028_Data_VIANT INC_DSI_SV1_DSK_DIR_DSP_TRG_RON_BTG_CTG_DVY_PHASE 1_VIANT DIRECT MATCH RETAIL, COMPETITIVE CONQUESTING, DISPLAY_Fixed Placement_Behavioral_F25-54_728 x 90_Standard_NV_NA",204478490,9/27/2017,268,22,246,0,246,21,225,120,105,21,11,131
TJN_TJX_TJMaxx 2H DIG_FY18,Viant,"PJNSGT_TJN_TJX_028_Data_VIANT INC_DSI_SV1_DSK_DIR_DSP_TRG_RON_BTG_CTG_DVY_PHASE 1_VIANT DIRECT MATCH RETAIL, TJX PORFOLIO LOYALISTS, DISPLAY_Fixed Placement_Behavioral_F25-54_160 x 600_Standard_NV_NA",204483025,10/8/2017,805,8,797,0,797,42,755,440,315,42,24,464
TJN_TJX_TJMaxx 2H DIG_FY18,NBC Universal Media,PK2KJL_TJN_TJX_028_Content_NBCUNI.COM_BAF_BS2_MAP_DIR_VID_SPN_ROS_BTG_CTG_MOA_THIS IS US SPONSORSHIP: MOBILE - VIGNETTE 2_Run of Site_Behavioral_F25-54_1920 x 1080_Click and View_NV_NA,205563473,10/4/2017,108440,828,107612,107612,0,0,0,0,0,107612,64561,64561
TJN_TJX_TJMaxx 2H DIG_FY18,xAd Inc.,PJMTMR_TJN_TJX_028_Mobile_GROUND TRUTH FKA XAD_DST_SV1_MAP_DIR_RCH_TRG_RON_PXT_PXT_DVY_PHASE 1_PROXIMITY LOYALTY PLACEMENT - RICH MEDIA STORE LOCATOR - Fall Handbag_Run of Network_Geo_F25-54_300 x 250_Click and View_NV_NA,204442093,10/21/2017,2,1,1,1,0,0,0,0,0,1,1,1
TJN_TJX_TJMaxx 2H DIG_FY18,Conversant Inc.,PJPWBY_TJN_TJX_028_Audience_CONVERSANT_DST_SV1_MAP_NET_DSP_TRG_RON_BTG_BTG_DVY_PHASE 1_ SMARTPHONE SMALL BANNER  - CJ INTERACTORS LAL MODELING_Run of Site_Behavioral_P18+_320 x 50_Standard_NV_NA,204442030,10/18/2017,15383,227,15156,51,15105,2230,12875,6987,5888,2281,1238,8225
TJN_TJX_TJMaxx 2H DIG_FY18,NBC Universal Media,PK2LH9_TJN_TJX_028_Content_NBCUNI.COM_BAF_BS2_DSK_DIR_DSP_SPN_HPT_CTG_CTG_DCM_100% SOV NBC THIS IS US ROADBLOCK 10/3 - 300X250 DESKTOP_HP Takeover_Contextual_F25-54_300 x 250_Standard_NV_NA,205659765,10/4/2017,49092,1959,47133,2,47131,2342,44789,29062,15727,2344,1521,30583
TJN_TJX_TJMaxx 2H DIG_FY18,Viant,"PK2V4S_TJN_TJX_028_Data_VIANT INC_DSI_SV1_TWB_DIR_RCH_TRG_INT_BTG_CTG_DVY_PHASE 1_VIANT IMP, W25-54 STRATEGIC SAVERS, CONTOBOX - Fall Homes_Fixed Placement_Behavioral_F25-54_300 x 250_Click and View_NV_NA",205687927,10/4/2017,10001,239,9762,20,9742,1200,8542,4812,3730,1220,687,5499
TJN_TJX_TJMaxx 2H DIG_FY18,Viant,"PJSPCG_TJN_TJC_031_Data_VIANT INC_PUR_ROI_DSK_DIR_DSP_TRG_RON_BTG_MKT_DVY_W25-54 + ONLINE SHOPPERS, CROSS DEVICE DISPLAY_Fixed Placement_Behavioral_F25-54_300 x 50_Click_NV_NA",204716182,10/15/2017,122,2,120,1,119,14,105,86,19,15,12,98
TJN_TJX_TJMaxx 2H DIG_FY18,Foursquare,"PJPSSV_TJN_TJX_028_Audience_FOURSQUARE LABS, INC_DST_SV1_MAP_PRO_RCH_TRG_RON_PXT_BTG_DVY_PHASE 1_MOBILE RICH MEDIA STRATEGIC SAVERS - Fall Handbag_Run of Network_Geo_F25-54_300 x 250_Standard_NV_NA",204525360,9/22/2017,4228,545,3683,1659,2024,121,1903,659,1244,1780,616,1275
TJN_TJX_TJMaxx 2H DIG_FY18,PlaceIQ,PK19YZ_TJN_TJX_028_Mobile_PLACEIQ INC_DST_SV1_MAP_DIR_RCH_TRG_RON_BTG_PTG_DVY_PHASE 1_RICH MEDIA_STRATEGIC SAVERS_INFORMER CONSUMER SHOPPERS+TOP TIER APPAREL SHOPPER_Run of Network_Behavioral_F25-54_320 x 50_Click and View_NV_NA,205563548,9/26/2017,118249,5562,112687,63907,48780,2618,46162,44312,1850,66525,63859,108171
TJN_TJX_TJMaxx 2H DIG_FY18,Viant,"PJNSH6_TJN_TJX_028_Data_VIANT INC_DSI_SV1_TWB_DIR_DSP_TRG_RON_BTG_CTG_DVY_PHASE 1_VIANT DIRECT MATCH RETAIL, COMPETITIVE CONQUESTING, DISPLAY_Fixed Placement_Behavioral_F25-54_160 x 600_Standard_NV_NA",204483604,9/12/2017,692,40,652,0,652,91,561,416,145,91,67,483
TJN_TJX_TJMaxx 2H DIG_FY18,xAd Inc.,PJYDBW_TJN_TJX_028_Mobile_GROUND TRUTH FKA XAD_DST_SV1_MAP_DIR_RCH_TRG_RON_BTG_BTG_DVY_PHASE 1_BEHAVIORAL AUDIENCE STRATEGIC SAVERS PLACEMENT - RICH MEDIA STORE LOCATOR - Fall Hero_Run of Network_Behavioral_F25-54_300 x 250_Click and View_NV_NA,205207030,9/21/2017,4146,91,4055,1261,2794,66,2728,1294,1434,1327,629,1923
TJN_TJX_TJMaxx 2H DIG_FY18,Foursquare,"PJPSSY_TJN_TJX_028_Audience_FOURSQUARE LABS, INC_DST_SV1_MAP_PRO_RCH_TRG_RON_PXT_BTG_DVY_PHASE 1_MOBILE RICH MEDIA TRENDSETTERS - Find A TJ Maxx Store_Run of Network_Geo_F25-54_320 x 50_Standard_NV_NA",204527598,9/29/2017,83697,2744,80953,53427,27526,2131,25395,16879,8516,55558,36927,53806
TJN_TJX_TJMaxx 2H DIG_FY18,Viant,"PK2V4T_TJN_TJX_028_Data_VIANT INC_DSI_SV1_TWB_DIR_RCH_TRG_INT_BTG_CTG_DVY_PHASE 1_VIANT IMP, W25-54 STRATEGIC SAVERS, CONTOBOX - Fall Homes_Fixed Placement_Behavioral_F25-54_160 x 600_Click and View_NV_NA",205687933,10/9/2017,27,1,26,1,25,1,24,3,21,2,0,3
TJN_TJX_TJMaxx 2H DIG_FY18,Viant,"PJNSHC_TJN_TJX_028_Data_VIANT INC_DSI_SV1_DSK_DIR_DSP_TRG_RON_BTG_CTG_DVY_PHASE 1_VIANT DIRECT MATCH RETAIL, COMPETITIVE CONQUESTING, DISPLAY_Fixed Placement_Behavioral_F25-54_300 x 250_Standard_NV_NA",204478655,10/4/2017,192,5,187,0,187,24,163,91,72,24,13,104
TJN_MAR_023_Marshalls 2H Digital_F18,Bustle,PK5G3Z_TJN_MAR_023_Content_BUSTLE_RON - Bustle & Elite Daily 3rd Party Data Targeted & Keyword Targeted - Panoramic_Run of Network_Contextual_F25-54_1 x 1_Click and View_NV_NA,206333610,10/21/2017,159102,2167,156935,2709,154226,141099,13127,5029,8098,143808,55093,60122
TJN_TJX_TJMaxx 2H DIG_FY18,xAd Inc.,PJYDBM_TJN_TJX_028_Mobile_GROUND TRUTH FKA XAD_DST_SV1_MAP_DIR_RCH_TRG_RON_PXT_PXT_DVY_PHASE 1_PROXIMITY LOYALTY PLACEMENT - RICH MEDIA STORE LOCATOR - Fall Hero_Run of Network_Geo_F25-54_300 x 250_Click and View_NV_NA,205209355,9/30/2017,4536,39,4497,178,4319,19,4300,4070,230,197,186,4256
TJN_TJX_TJMaxx 2H DIG_FY18,Hulu,PK3CXL_TJN_TJX_027_Content_HULU_BAF_BS2_TAP_DIR_CUS_SPN_CHS_CTG_CTG_DVY_FALL TV SPONSORSHIP: PREMIUM SLATE - TABLET IN APP_FEP_Contextual_F25-54_1920 x 1080_Standard_NV_NA,205726818,9/30/2017,17,0,17,17,0,0,0,0,0,17,14,14
TJN_TJX_TJMaxx 2H DIG_FY18,PlaceIQ,PK19YY_TJN_TJX_028_Mobile_PLACEIQ INC_DST_SV1_MAP_DIR_RCH_TRG_RON_BTG_PTG_DVY_PHASE 1_RICH MEDIA_STRATEGIC SAVERS_FREQUENT WOMEN'S APPAREL SHOPPER+DISCRETIONARY SPEND SHOPPERS_Run of Network_Behavioral_F25-54_320 x 50_Click and View_NV_NA,205568681,10/11/2017,34598,846,33752,13740,20012,631,19381,19009,372,14371,14095,33104
TJN_TJX_TJMaxx 2H DIG_FY18,Conversant Inc.,PJPWBT_TJN_TJX_028_Audience_CONVERSANT_DST_SV1_DSK_NET_DSP_TRG_RON_BTG_BTG_DVY_PHASE 1_ DESKTOP LEADERBOARD - CJ INTERACTORS LAL MODELING_Run of Site_Behavioral_P18+_728 x 90_Standard_NV_NA,204446096,10/13/2017,50304,3740,46564,17,46547,5044,41503,20079,21424,5061,2448,22527
TJN_TJX_TJMaxx 2H DIG_FY18,Viant,"PJSPBT_TJN_TJC_031_Data_VIANT INC_PUR_ROI_MWB_DIR_DSP_TRG_RON_BTG_MKT_DVY_DETERMINSTIC LAL OF ECOM CONVERTERS, CROSS DEVICE DISPLAY_Fixed Placement_Behavioral_F25-54_300 x 250_Click_NV_NA",204732642,10/17/2017,624,15,609,0,609,88,521,239,282,88,40,279
TJN_TJX_TJMaxx 2H DIG_FY18,NBC Universal Media,PK3H7K_TJN_TJX_028_Content_NBCUNI.COM_BAF_BS2_DSK_DIR_DSP_SPN_HPT_CTG_CTG_DCM_100% SOV NBC THIS IS US ROADBLOCK 9/26 - 300X50 MOBILE_HP Takeover_Contextual_F25-54_300 x 50_Standard_NV_NA,205726845,9/25/2017,2,1,1,0,1,0,1,1,0,0,0,1
TJN_TJX_TJMaxx 2H DIG_FY18,Conversant Inc.,PJPWP9_TJN_TJX_028_Audience_CONVERSANT_DST_SV1_DSK_NET_DSP_TRG_RON_BTG_BTG_DVY_PHASE 1_ DESKTOP MEDIUM RECTANGLE - CONVERSANT SHOPPERS AV_Run of Site_Behavioral_P18+_300 x 250_Standard_NV_NA,204483957,9/19/2017,1460,158,1302,0,1302,261,1041,416,625,261,104,520
TJN_TJX_TJMaxx 2H DIG_FY18,xAd Inc.,PKF8TR_TJN_TJX_028_Mobile_GROUND TRUTH FKA XAD_DST_SV1_MAP_DIR_RCH_TRG_RON_PXT_PXT_DVY_PHASE 1_PROXIMITY LOYALTY PLACEMENT - RICH MEDIA STORE LOCATOR - Booties_Run of Network_Geo_F25-54_300 x 250_Click and View_NV_NA,206832813,10/17/2017,3541,44,3497,27,3470,12,3458,3271,187,39,37,3308
TJN_MAR_023_Marshalls 2H Digital_F18,xAd Inc.,PJQ0YK_TJN_MAR_023_Mobile_GROUND TRUTH FKA XAD_DST_SV1_MAP_DIR_DSP_TRG_RON_BTG_PXT_DVY_MARSHALLS SHOPPERS - DYNAMIC DISTANCE_Run of Network_Geo_F25-54_300 x 250_Click and View_NV_NA,204543440,9/11/2017,3120,88,3032,3032,0,0,0,0,0,3032,3032,3032
TJN_MAR_023_Marshalls 2H Digital_F18,xAd Inc.,PJQ0YG_TJN_MAR_023_Mobile_GROUND TRUTH FKA XAD_DST_SV1_MAP_DIR_DSP_TRG_RON_BTG_DMA_DVY_BEHAVIORAL - FASHION SHOPPER - DYNAMIC DISTANCE_Run of Network_Behavioral_F25-54_320 x 50_Click and View_NV_NA,204557581,9/11/2017,33762,492,33270,21765,11505,2777,8728,7619,1109,24542,16102,23721
TJN_TJX_TJMaxx 2H DIG_FY18,NBC Universal Media,PK2KL1_TJN_TJX_028_Content_NBCUNI.COM_BAF_BS2_OTT_DIR_VID_SPN_ROS_BTG_CTG_MOA_THIS IS US SPONSORSHIP: OTT - VIGNETTE 3_Run of Site_Behavioral_F25-54_1920 x 1080_Click and View_NV_NA,205614505,10/18/2017,81264,88,81176,81176,0,0,0,0,0,81176,62564,62564
TJN_TJX_TJMaxx 2H DIG_FY18,Viant,"PK2X7J_TJN_TJX_028_Data_VIANT INC_DSI_SV1_MWB_DIR_RCH_TRG_INT_BTG_CTG_DVY_PHASE 1_VIANT IMP, W25-54 STRATEGIC SAVERS, CONTOBOX - Honeycomb_Fixed Placement_Behavioral_F25-54_300 x 250_Click and View_NV_NA",205688479,9/26/2017,780,19,761,6,755,56,699,151,548,62,13,164
TJN_TJX_TJMaxx 2H DIG_FY18,Conversant Inc.,PJPWPG_TJN_TJX_028_Audience_CONVERSANT_DST_SV1_TAP_NET_DSP_TRG_RON_BTG_BTG_DVY_PHASE 1_ TABLET MEDIUM RECTANGLE  - CONVERSANT SHOPPERS AV_Run of Site_Behavioral_P18+_300 x 250_Standard_NV_NA,204446129,9/24/2017,445,3,442,0,442,118,324,82,242,118,30,112
TJN_TJX_TJMaxx 2H DIG_FY18,Foursquare,"PJPRVC_TJN_TJX_028_Audience_FOURSQUARE LABS, INC_DST_SV1_MAP_PRO_DSP_TRG_RON_PXT_BTG_DVY_PHASE 1_PINPOINT TRENDSETTERS AV_Run of Network_Geo_F25-54_320 x 50_Standard_NV_NA",204527421,10/12/2017,1175,24,1151,655,496,30,466,363,103,685,534,897
TJN_TJX_TJMaxx 2H DIG_FY18,Conversant Inc.,PJPTLL_TJN_TJC_031_Audience_CONVERSANT_PUR_ROI_DSK_NET_DSP_TRG_RON_BTG_BTG_DVY_DESKTOP WIDE SKYSCRAPER- TRENDSETTERS_Run of Site_Other_P18+_160 x 600_Standard_NV_NA,204447269,9/21/2017,7,6,1,0,1,0,1,0,1,0,0,0
TJN_TJX_TJMaxx 2H DIG_FY18,PlaceIQ,PK1YGX_TJN_TJX_028_Mobile_PLACEIQ INC_DST_SV1_MAP_DIR_DSP_TRG_RON_BTG_PXT_DVY_PHASE 1_STANDARD BANNER_TRENDSETTERS_APPROVAL SEEKING SHOPPERS+LIVE OR WORK BY TJMAXX - TJ Maxx_Run of Network_Behavioral_F25-54_320 x 50_Click and View_NV_NA,205563545,10/19/2017,30096,642,29454,13359,16095,102,15993,15810,183,13461,13307,29117
TJN_TJX_TJMaxx 2H DIG_FY18,Viant,"PKGK1J_TJN_TJX_028_Data_VIANT INC_DSI_SV1_TWB_DIR_RCH_TRG_INT_BTG_CTG_DVY_PHASE 1_VIANT IMP, W25-54 STRATEGIC SAVERS, CONTOBOX - Dresses_Fixed Placement_Behavioral_F25-54_160 x 600_Click and View_NV_NA",206772461,10/19/2017,2,0,2,0,2,0,2,2,0,0,0,2
TJN_TJX_TJMaxx 2H DIG_FY18,Conversant Inc.,PJPTMN_TJN_TJC_031_Audience_CONVERSANT_PUR_ROI_MAP_NET_DSP_TRG_RON_BTG_BTG_DVY_SMARTPHONE MEDIUM RECTANGLE - COMPETITIVE CONQUESTING_Run of Site_Other_P18+_300 x 250_Standard_NV_NA,204447221,9/30/2017,229,5,224,0,224,37,187,73,114,37,14,87
TJN_TJX_TJMaxx 2H DIG_FY18,Conversant Inc.,PJNPMK_TJN_TJC_031_Audience_CONVERSANT_PUR_ROI_DSK_NET_DSP_TRG_RON_BTG_BTG_DVY_DESKTOP LEADERBOARD- STRATEGIC SAVERS_Run of Site_Other_P18+_728 x 90_Standard_NV_NA,204447263,10/10/2017,25785,1248,24537,3,24534,5106,19428,12663,6765,5109,3330,15993
TJN_TJX_TJMaxx 2H DIG_FY18,Conversant Inc.,PJPTLL_TJN_TJC_031_Audience_CONVERSANT_PUR_ROI_DSK_NET_DSP_TRG_RON_BTG_BTG_DVY_DESKTOP WIDE SKYSCRAPER- TRENDSETTERS_Run of Site_Other_P18+_160 x 600_Standard_NV_NA,204447269,10/6/2017,5766,287,5479,0,5479,1492,3987,1322,2665,1492,495,1817
TJN_TJX_TJMaxx 2H DIG_FY18,Foursquare,"PJMQ2K_TJN_TJX_028_Audience_FOURSQUARE LABS, INC_DST_SV1_MAP_PRO_DSP_TRG_RON_PXT_BTG_DVY_PHASE 1_PINPOINT STRATEGIC SAVERS_Run of Network_Geo_F25-54_320 x 50_Standard_NV_NA",204483454,10/12/2017,143745,2343,141402,69834,71568,3072,68496,55012,13484,72906,58554,113566
TJN_TJX_TJMaxx 2H DIG_FY18,xAd Inc.,PKF4PH_TJN_TJX_028_Mobile_GROUND TRUTH FKA XAD_DST_SV1_MAP_DIR_RCH_TRG_RON_BTG_BTG_DVY_PHASE 1_BEHAVIORAL AUDIENCE TRENDSETTERS PLACEMENT - RICH MEDIA STORE LOCATOR - Find A Store V2_Run of Network_Behavioral_F25-54_320 x 50_Click and View_NV_NA,206812750,10/16/2017,1655,26,1629,751,878,20,858,750,108,771,674,1424
TJN_TJX_TJMaxx 2H DIG_FY18,Viant,"PKGJ3N_TJN_TJC_031_Data_VIANT INC_PUR_ROI_TWB_DIR_CUS_TRG_NAT_BTG_MKT_DVY_W25-54 + KEYWORD TARGETING, CROSS DEVICE NATIVE - Booties_Fixed Placement_Contextual_F25-54_1 x 1_Click_NV_NA",206833311,10/17/2017,1,0,1,1,0,0,0,0,0,1,1,1
TJN_MAR_023_Marshalls 2H Digital_F18,xAd Inc.,PJQ0YD_TJN_MAR_023_Mobile_GROUND TRUTH FKA XAD_DST_SV1_MAP_DIR_RCH_TRG_RON_WEA_PXT_DVY_PROXIMITY CONQUESTING - WEATHER LOCATOR UNIT_Run of Network_Weather_F25-54_320 x 50_Click and View_NV_NA,204541553,10/11/2017,10919,259,10660,4566,6094,98,5996,5470,526,4664,4255,9725
TJN_MAR_023_Marshalls 2H Digital_F18,xAd Inc.,PJQ0YP_TJN_MAR_023_Mobile_GROUND TRUTH FKA XAD_DST_SV1_MAP_DIR_DSP_TRG_RON_PXT_BTG_DVY_GEOBLOCKS LOYALTY - DYNAMIC DISTANCE_Run of Network_Geo_F25-54_300 x 250_Click and View_NV_NA,204537983,10/5/2017,14596,670,13926,13877,49,2,47,11,36,13879,3248,3259
TJN_TJX_TJMaxx 2H DIG_FY18,Viant,"PK2V4V_TJN_TJX_028_Data_VIANT INC_DSI_SV1_TWB_DIR_RCH_TRG_INT_BTG_CTG_DVY_PHASE 1_VIANT IMP, W25-54 STRATEGIC SAVERS, CONTOBOX - Fall Homes_Fixed Placement_Behavioral_F25-54_728 x 90_Click and View_NV_NA",205725966,10/21/2017,11,3,8,4,4,1,3,3,0,5,5,8
TJN_TJX_TJMaxx 2H DIG_FY18,Conversant Inc.,PJPTMP_TJN_TJC_031_Audience_CONVERSANT_PUR_ROI_DSK_NET_DSP_TRG_RON_BTG_BTG_DVY_DESKTOP LEADERBOARD- COMPETITIVE CONQUESTING_Run of Site_Other_P18+_728 x 90_Standard_NV_NA,204443389,9/29/2017,5,0,5,0,5,0,5,4,1,0,0,4
TJN_TJX_TJMaxx 2H DIG_FY18,Conversant Inc.,PJPTLH_TJN_TJC_031_Audience_CONVERSANT_PUR_ROI_TAP_NET_DSP_TRG_RON_BTG_BTG_DVY_TABLET LEADERBOARD- TRENDSETTERS_Run of Site_Other_P18+_728 x 90_Standard_NV_NA,204447779,10/12/2017,258,3,255,10,245,55,190,168,22,65,57,225
TJN_TJX_TJMaxx 2H DIG_FY18,xAd Inc.,PJPXK1_TJN_TJX_028_Mobile_GROUND TRUTH FKA XAD_DST_SV1_MAP_DIR_DSP_TRG_RON_PXT_PXT_DVY_PHASE 1_PROXIMITY LOYALTY PLACEMENT - STANDARD BANNER - TJMaxx_Run of Network_Geo_F25-54_320 x 50_Click and View_NV_NA,204483996,9/29/2017,41582,1053,40529,27648,12881,1149,11732,8433,3299,28797,16662,25095
TJN_TJX_TJMaxx 2H DIG_FY18,xAd Inc.,PJMTN4_TJN_TJX_028_Mobile_GROUND TRUTH FKA XAD_DST_SV1_MAP_DIR_RCH_TRG_RON_BTG_BTG_DVY_PHASE 1_BEHAVIORAL AUDIENCE TRENDSETTERS PLACEMENT - RICH MEDIA STORE LOCATOR - Fall Handbag_Run of Network_Behavioral_F25-54_300 x 250_Click and View_NV_NA,204447281,9/24/2017,2815,28,2787,21,2766,8,2758,2607,151,29,27,2634
TJN_TJX_TJMaxx 2H DIG_FY18,xAd Inc.,PJMTNR_TJN_TJX_028_Mobile_GROUND TRUTH FKA XAD_DST_SV1_MAP_DIR_RCH_TRG_RON_BTG_BTG_DVY_PHASE 1_BEHAVIORAL AUDIENCE STRATEGIC SAVERS PLACEMENT - RICH MEDIA STORE LOCATOR - Fall Handbag_Run of Network_Behavioral_F25-54_300 x 250_Click and View_NV_NA,204442108,10/19/2017,5,1,4,2,2,1,1,1,0,3,3,4
TJN_MAR_023_Marshalls 2H Digital_F18,xAd Inc.,PJQ0Y6_TJN_MAR_023_Mobile_GROUND TRUTH FKA XAD_DST_SV1_MAP_DIR_DSP_TRG_RON_PXT_BTG_DVY_PROXIMITY LOYALTY - DYNAMIC DISTANCE_Run of Network_Geo_F25-54_320 x 50_Click and View_NV_NA,204556888,9/12/2017,195059,4408,190651,143012,47639,4789,42850,35426,7424,147801,91113,126539
TJN_TJX_TJMaxx 2H DIG_FY18,Viant,"PKGJX4_TJN_TJX_028_Data_VIANT INC_DSI_SV1_DSK_DIR_RCH_TRG_INT_BTG_CTG_DVY_PHASE 1_VIANT IMP, W25-54 STRATEGIC SAVERS, CONTOBOX - Dresses_Fixed Placement_Behavioral_F25-54_300 x 250_Click and View_NV_NA",206772425,10/18/2017,8,2,6,1,5,2,3,3,0,3,3,6
TJN_MAR_023_Marshalls 2H Digital_F18,NinthDecimal,PJPSRS_TJN_MAR_023_Mobile_NINTHDECIMAL_DST_SV1_MAP_DIR_RCH_TRG_RON_PXT_DMA_DVY_GEOFENCE: 5-10-MILE RADIUS AROUND SUBURBAN STORES_Run of Network_Geo_F25-54_320 x 50_Click and View_NV_NA,204541748,10/17/2017,40819,908,39911,13930,25981,134,25847,25227,620,14064,13727,38954
TJN_TJX_TJMaxx 2H DIG_FY18,PlaceIQ,PK19Z0_TJN_TJX_028_Mobile_PLACEIQ INC_DST_SV1_MAP_DIR_RCH_TRG_RON_BTG_PTG_DVY_PHASE 1_RICH MEDIA_STRATEGIC SAVERS_APPAREL OR FURNISHINGS DISCRETIONARY SPEND+IMPULSE BUYER SHOPPERS_Run of Network_Behavioral_F25-54_320 x 50_Click and View_NV_NA,205563158,10/21/2017,1,0,1,1,0,0,0,0,0,1,1,1
TJN_TJX_TJMaxx 2H DIG_FY18,xAd Inc.,PJMTNF_TJN_TJX_028_Mobile_GROUND TRUTH FKA XAD_DST_SV1_MAP_DIR_DSP_TRG_RON_PXT_PXT_DVY_PHASE 1_PROXIMITY LOYALTY PLACEMENT - STANDARD BANNER - Fall Handbag_Run of Network_Geo_F25-54_300 x 250_Click and View_NV_NA,204446159,9/8/2017,10746,266,10480,10278,202,10,192,80,112,10288,4287,4367
TJN_TJX_TJMaxx 2H DIG_FY18,Foursquare,"PK0H84_TJN_TJX_028_Audience_FOURSQUARE LABS, INC_DST_SV1_MAP_PRO_RCH_TRG_RON_PXT_BTG_DVY_PHASE 1_MOBILE RICH MEDIA COMPETITIVE CONQUESTING - Find A Store_Run of Network_Geo_F25-54_320 x 50_Standard_NV_NA",205427847,10/11/2017,33700,1111,32589,23409,9180,470,8710,5875,2835,23879,16107,21982
TJN_TJX_TJMaxx 2H DIG_FY18,xAd Inc.,PJPXJZ_TJN_TJX_028_Mobile_GROUND TRUTH FKA XAD_DST_SV1_MAP_DIR_DSP_TRG_RON_BTG_BTG_DVY_PHASE 1_BEHAVIORAL AUDIENCE TRENDSETTERS PLACEMENT - STANDARD BANNER - Fall Hero_Run of Network_Behavioral_F25-54_300 x 250_Click and View_NV_NA,204446156,9/13/2017,11306,237,11069,11057,12,0,12,2,10,11057,1843,1845
TJN_TJX_TJMaxx 2H DIG_FY18,Viant,"PK2X7C_TJN_TJX_028_Data_VIANT INC_DSI_SV1_TWB_DIR_RCH_TRG_INT_BTG_CTG_DVY_PHASE 1_VIANT IMP, W25-54 STRATEGIC SAVERS, CONTOBOX - Honeycomb_Fixed Placement_Behavioral_F25-54_160 x 600_Click and View_NV_NA",205685992,10/4/2017,413,4,409,0,409,18,391,17,374,18,1,18
TJN_TJX_TJMaxx 2H DIG_FY18,Foursquare,"PJPQKZ_TJN_TJX_028_Audience_FOURSQUARE LABS, INC_DST_SV1_MAP_PRO_DSP_TRG_RON_PXT_BTG_DVY_PHASE 1_PINPOINT TRENDSETTERS_Run of Network_Geo_F25-54_300 x 250_Standard_NV_NA",204481813,9/17/2017,17420,2013,15407,4572,10835,2395,8440,3351,5089,6967,2766,6117
TJN_TJX_TJMaxx 2H DIG_FY18,xAd Inc.,PJYDBW_TJN_TJX_028_Mobile_GROUND TRUTH FKA XAD_DST_SV1_MAP_DIR_RCH_TRG_RON_BTG_BTG_DVY_PHASE 1_BEHAVIORAL AUDIENCE STRATEGIC SAVERS PLACEMENT - RICH MEDIA STORE LOCATOR - Fall Hero_Run of Network_Behavioral_F25-54_300 x 250_Click and View_NV_NA,205207030,10/6/2017,5993,76,5917,4720,1197,28,1169,546,623,4748,2218,2764
TJN_TJX_TJMaxx 2H DIG_FY18,xAd Inc.,PJYDBQ_TJN_TJX_028_Mobile_GROUND TRUTH FKA XAD_DST_SV1_MAP_DIR_RCH_TRG_RON_BTG_BTG_DVY_PHASE 1_BEHAVIORAL AUDIENCE TRENDSETTERS PLACEMENT - RICH MEDIA STORE LOCATOR - Fall Hero_Run of Network_Behavioral_F25-54_300 x 250_Click and View_NV_NA,205145231,10/12/2017,3072,37,3035,29,3006,13,2993,2868,125,42,40,2908
TJN_TJX_TJMaxx 2H DIG_FY18,Conversant Inc.,PJNPLZ_TJN_TJX_028_Audience_CONVERSANT_DST_SV1_MAP_NET_DSP_TRG_RON_BTG_BTG_DVY_PHASE 1_ SMARTPHONE SMALL BANNER  - CJ CONVERTERS LAL MODELING_Run of Site_Behavioral_P18+_320 x 50_Standard_NV_NA,204442891,10/11/2017,23873,476,23397,78,23319,3049,20270,11047,9223,3127,1704,12751
TJN_MAR_023_Marshalls 2H Digital_F18,xAd Inc.,PJQ0YG_TJN_MAR_023_Mobile_GROUND TRUTH FKA XAD_DST_SV1_MAP_DIR_DSP_TRG_RON_BTG_DMA_DVY_BEHAVIORAL - FASHION SHOPPER - DYNAMIC DISTANCE_Run of Network_Behavioral_F25-54_320 x 50_Click and View_NV_NA,204557581,9/26/2017,24976,392,24584,20971,3613,337,3276,2625,651,21308,15772,18397
TJN_TJX_TJMaxx 2H DIG_FY18,Conversant Inc.,PJPWPB_TJN_TJX_028_Audience_CONVERSANT_DST_SV1_DSK_NET_DSP_TRG_RON_BTG_BTG_DVY_PHASE 1_ DESKTOP RECTANGLE - CONVERSANT SHOPPERS AV_Run of Site_Behavioral_P18+_300 x 600_Standard_NV_NA,204447254,9/27/2017,150,8,142,0,142,48,94,28,66,48,14,42
TJN_TJX_TJMaxx 2H DIG_FY18,Conversant Inc.,PJPWP8_TJN_TJX_028_Audience_CONVERSANT_DST_SV1_DSK_NET_DSP_TRG_RON_BTG_BTG_DVY_PHASE 1_ DESKTOP LEADERBOARD - CONVERSANT SHOPPERS AV_Run of Site_Behavioral_P18+_728 x 90_Standard_NV_NA,204446132,9/15/2017,514,58,456,0,456,91,365,227,138,91,57,284
TJN_TJX_TJMaxx 2H DIG_FY18,Hulu,PK3F7L_TJN_TJX_027_Content_HULU_BAF_BS2_CTV_DIR_CUS_SPN_CHS_CTG_CTG_DVY_HULU ROS: PREMIUM SLATE - CONNECTED TV_FEP_Contextual_F25-54_1920 x 1080_Standard_NV_NA,205685923,10/15/2017,28194,68,28126,28126,0,0,0,0,0,28126,18578,18578
TJN_TJX_TJMaxx 2H DIG_FY18,Viant,"PJNSGQ_TJN_TJX_028_Data_VIANT INC_DSI_SV1_MWB_DIR_DSP_TRG_RON_BTG_CTG_DVY_PHASE 1_VIANT DIRECT MATCH RETAIL, TJX PORFOLIO LOYALISTS, DISPLAY_Fixed Placement_Behavioral_F25-54_300 x 250_Standard_NV_NA",204482395,9/20/2017,280,1,279,0,279,56,223,164,59,56,41,205
TJN_TJX_TJMaxx 2H DIG_FY18,Conversant Inc.,PJNPML_TJN_TJC_031_Audience_CONVERSANT_PUR_ROI_DSK_NET_DSP_TRG_RON_BTG_BTG_DVY_DESKTOP MEDIUM RECTANGLE- STRATEGIC SAVERS_Run of Site_Other_P18+_300 x 250_Standard_NV_NA,204443407,10/6/2017,17440,972,16468,0,16468,2241,14227,6711,7516,2241,1057,7768
TJN_MAR_023_Marshalls 2H Digital_F18,NinthDecimal,PJPSRX_TJN_MAR_023_Mobile_NINTHDECIMAL_DST_SV1_MAP_DIR_RCH_TRG_RON_BTG_PXT_DVY_LOCATION GRAPH: COMPETITIVE CONQUESTING_Run of Network_Behavioral_F25-54_320 x 50_Click and View_NV_NA,204542879,10/6/2017,39382,717,38665,15616,23049,155,22894,22004,890,15771,15158,37162
TJN_MAR_023_Marshalls 2H Digital_F18,xAd Inc.,PJQ0YK_TJN_MAR_023_Mobile_GROUND TRUTH FKA XAD_DST_SV1_MAP_DIR_DSP_TRG_RON_BTG_PXT_DVY_MARSHALLS SHOPPERS - DYNAMIC DISTANCE_Run of Network_Geo_F25-54_300 x 250_Click and View_NV_NA,204543440,9/26/2017,1785,29,1756,1756,0,0,0,0,0,1756,1756,1756
TJN_TJX_TJMaxx 2H DIG_FY18,xAd Inc.,PJPXJZ_TJN_TJX_028_Mobile_GROUND TRUTH FKA XAD_DST_SV1_MAP_DIR_DSP_TRG_RON_BTG_BTG_DVY_PHASE 1_BEHAVIORAL AUDIENCE TRENDSETTERS PLACEMENT - STANDARD BANNER - Fall Hero_Run of Network_Behavioral_F25-54_300 x 250_Click and View_NV_NA,204446156,10/13/2017,7991,167,7824,7754,70,1,69,59,10,7755,6631,6690
TJN_TJX_TJMaxx 2H DIG_FY18,Conversant Inc.,PJPTLQ_TJN_TJC_031_Audience_CONVERSANT_PUR_ROI_DSK_NET_DSP_TRG_RON_BTG_BTG_DVY_DESKTOP MEDIUM RECTANGLE- TRENDSETTERS_Run of Site_Other_P18+_300 x 250_Standard_NV_NA,204446138,9/29/2017,6,0,6,0,6,0,6,0,6,0,0,0
TJN_MAR_023_Marshalls 2H Digital_F18,NinthDecimal,PJPSRX_TJN_MAR_023_Mobile_NINTHDECIMAL_DST_SV1_MAP_DIR_RCH_TRG_RON_BTG_PXT_DVY_LOCATION GRAPH: COMPETITIVE CONQUESTING_Run of Network_Behavioral_F25-54_320 x 50_Click and View_NV_NA,204542879,10/11/2017,77366,1287,76079,28463,47616,272,47344,45636,1708,28735,27698,73334
TJN_TJX_TJMaxx 2H DIG_FY18,Conversant Inc.,PJNPML_TJN_TJC_031_Audience_CONVERSANT_PUR_ROI_DSK_NET_DSP_TRG_RON_BTG_BTG_DVY_DESKTOP MEDIUM RECTANGLE- STRATEGIC SAVERS_Run of Site_Other_P18+_300 x 250_Standard_NV_NA,204443407,10/11/2017,32971,2189,30782,4,30778,4772,26006,13709,12297,4776,2518,16227
TJN_TJX_TJMaxx 2H DIG_FY18,xAd Inc.,PJPXK2_TJN_TJX_028_Mobile_GROUND TRUTH FKA XAD_DST_SV1_MAP_DIR_DSP_TRG_RON_PXT_PXT_DVY_PHASE 1_PROXIMITY LOYALTY PLACEMENT - STANDARD BANNER - Fall Hero_Run of Network_Geo_F25-54_300 x 250_Click and View_NV_NA,204442945,9/27/2017,15984,324,15660,15526,134,33,101,10,91,15559,1540,1550
TJN_TJX_TJMaxx 2H DIG_FY18,Hulu,PK3CXL_TJN_TJX_027_Content_HULU_BAF_BS2_TAP_DIR_CUS_SPN_CHS_CTG_CTG_DVY_FALL TV SPONSORSHIP: PREMIUM SLATE - TABLET IN APP_FEP_Contextual_F25-54_1920 x 1080_Standard_NV_NA,205726818,10/16/2017,10271,81,10190,10190,0,0,0,0,0,10190,6622,6622
TJN_TJX_TJMaxx 2H DIG_FY18,PlaceIQ,PKFRRJ_TJN_TJX_028_Mobile_PLACEIQ INC_DST_SV1_MAP_DIR_DSP_TRG_RON_BTG_PXT_DVY_PHASE 1_STANDARD BANNER_TRENDSTTERS_SOCIAL MEDIA INFLUENCER PLUS NEARBY TJMAXX - Sweaters_Run of Network_Behavioral_F25-54_300 x 250_Click and View_NV_NA,206772368,10/21/2017,832,169,663,476,187,3,184,171,13,479,445,616
TJN_MAR_023_Marshalls 2H Digital_F18,NinthDecimal,PJPSRW_TJN_MAR_023_Mobile_NINTHDECIMAL_DST_SV1_MAP_DIR_RCH_TRG_RON_BTG_PXT_DVY_LOCATION GRAPH: TJX FAMILY LOYALISTS_Run of Network_Behavioral_F25-54_320 x 50_Click and View_NV_NA,204541739,9/17/2017,12694,358,12336,4400,7936,37,7899,7597,302,4437,4267,11864
TJN_TJX_TJMaxx 2H DIG_FY18,Viant,"PJNSGR_TJN_TJX_028_Data_VIANT INC_DSI_SV1_TWB_DIR_DSP_TRG_RON_BTG_CTG_DVY_PHASE 1_VIANT DIRECT MATCH RETAIL, TJX PORFOLIO LOYALISTS, DISPLAY_Fixed Placement_Behavioral_F25-54_160 x 600_Standard_NV_NA",204478520,10/20/2017,259,17,242,0,242,21,221,90,131,21,9,99
TJN_TJX_TJMaxx 2H DIG_FY18,Foursquare,"PK0H84_TJN_TJX_028_Audience_FOURSQUARE LABS, INC_DST_SV1_MAP_PRO_RCH_TRG_RON_PXT_BTG_DVY_PHASE 1_MOBILE RICH MEDIA COMPETITIVE CONQUESTING - Find A Store_Run of Network_Geo_F25-54_320 x 50_Standard_NV_NA",205427847,10/6/2017,29252,728,28524,20812,7712,691,7021,4965,2056,21503,15206,20171
TJN_TJX_TJMaxx 2H DIG_FY18,xAd Inc.,PJYDBW_TJN_TJX_028_Mobile_GROUND TRUTH FKA XAD_DST_SV1_MAP_DIR_RCH_TRG_RON_BTG_BTG_DVY_PHASE 1_BEHAVIORAL AUDIENCE STRATEGIC SAVERS PLACEMENT - RICH MEDIA STORE LOCATOR - Fall Hero_Run of Network_Behavioral_F25-54_300 x 250_Click and View_NV_NA,205207030,10/11/2017,5281,58,5223,1826,3397,108,3289,1634,1655,1934,961,2595
TJN_TJX_TJMaxx 2H DIG_FY18,xAd Inc.,PJMTN4_TJN_TJX_028_Mobile_GROUND TRUTH FKA XAD_DST_SV1_MAP_DIR_RCH_TRG_RON_BTG_BTG_DVY_PHASE 1_BEHAVIORAL AUDIENCE TRENDSETTERS PLACEMENT - RICH MEDIA STORE LOCATOR - Fall Handbag_Run of Network_Behavioral_F25-54_300 x 250_Click and View_NV_NA,204447281,9/22/2017,2260,26,2234,111,2123,11,2112,2011,101,122,116,2127
TJN_TJX_TJMaxx 2H DIG_FY18,xAd Inc.,PJMTNF_TJN_TJX_028_Mobile_GROUND TRUTH FKA XAD_DST_SV1_MAP_DIR_DSP_TRG_RON_PXT_PXT_DVY_PHASE 1_PROXIMITY LOYALTY PLACEMENT - STANDARD BANNER - Fall Handbag_Run of Network_Geo_F25-54_300 x 250_Click and View_NV_NA,204446159,10/7/2017,6006,166,5840,4518,1322,10,1312,1208,104,4528,4169,5377
TJN_TJX_TJMaxx 2H DIG_FY18,Conversant Inc.,PJNPLZ_TJN_TJX_028_Audience_CONVERSANT_DST_SV1_MAP_NET_DSP_TRG_RON_BTG_BTG_DVY_PHASE 1_ SMARTPHONE SMALL BANNER  - CJ CONVERTERS LAL MODELING_Run of Site_Behavioral_P18+_320 x 50_Standard_NV_NA,204442891,10/6/2017,16536,258,16278,6,16272,2227,14045,8560,5485,2233,1361,9921
TJN_TJX_TJMaxx 2H DIG_FY18,PlaceIQ,PJMFQ9_TJN_TJX_028_Mobile_PLACEIQ INC_DST_SV1_MAP_DIR_DSP_TRG_RON_BTG_PTG_DVY_PHASE 1_ONLINE SHOPPER+TJMAXX SHOPPERS_Run of Network_Behavioral_P2+_320 x 50_Standard_NV_NA,204447278,9/12/2017,94,8,86,48,38,0,38,38,0,48,48,86
TJN_MAR_023_Marshalls 2H Digital_F18,xAd Inc.,PJQ0YD_TJN_MAR_023_Mobile_GROUND TRUTH FKA XAD_DST_SV1_MAP_DIR_RCH_TRG_RON_WEA_PXT_DVY_PROXIMITY CONQUESTING - WEATHER LOCATOR UNIT_Run of Network_Weather_F25-54_320 x 50_Click and View_NV_NA,204541553,10/6/2017,9557,162,9395,3562,5833,104,5729,5199,530,3666,3327,8526
TJN_TJX_TJMaxx 2H DIG_FY18,Viant,"PK2V4T_TJN_TJX_028_Data_VIANT INC_DSI_SV1_TWB_DIR_RCH_TRG_INT_BTG_CTG_DVY_PHASE 1_VIANT IMP, W25-54 STRATEGIC SAVERS, CONTOBOX - Fall Homes_Fixed Placement_Behavioral_F25-54_160 x 600_Click and View_NV_NA",205687933,10/19/2017,1,1,0,0,0,0,0,0,0,0,0,0
TJN_TJX_TJMaxx 2H DIG_FY18,PlaceIQ,PK19YY_TJN_TJX_028_Mobile_PLACEIQ INC_DST_SV1_MAP_DIR_RCH_TRG_RON_BTG_PTG_DVY_PHASE 1_RICH MEDIA_STRATEGIC SAVERS_FREQUENT WOMEN'S APPAREL SHOPPER+DISCRETIONARY SPEND SHOPPERS_Run of Network_Behavioral_F25-54_320 x 50_Click and View_NV_NA,205568681,9/21/2017,3,2,1,0,1,1,0,0,0,1,1,1
TJN_TJX_TJMaxx 2H DIG_FY18,Foursquare,"PK0H81_TJN_TJX_028_Audience_FOURSQUARE LABS, INC_DST_SV1_MAP_PRO_RCH_TRG_RON_PXT_BTG_DVY_PHASE 1_MOBILE RICH MEDIA TRENDSETTERS - Fall Honeycomb_Run of Network_Geo_F25-54_300 x 250_Standard_NV_NA",205337093,10/9/2017,3651,241,3410,1083,2327,140,2187,593,1594,1223,332,925
TJN_TJX_TJMaxx 2H DIG_FY18,Viant,"PJNSGW_TJN_TJX_028_Data_VIANT INC_DSI_SV1_DSK_DIR_DSP_TRG_RON_BTG_CTG_DVY_PHASE 1_VIANT DIRECT MATCH RETAIL, TJX PORFOLIO LOYALISTS, DISPLAY_Fixed Placement_Behavioral_F25-54_300 x 250_Standard_NV_NA",204478514,10/8/2017,1626,9,1617,0,1617,28,1589,1378,211,28,24,1402
TJN_TJX_TJMaxx 2H DIG_FY18,PlaceIQ,PKFS8G_TJN_TJX_028_Mobile_PLACEIQ INC_DST_SV1_MAP_DIR_DSP_TRG_RON_BTG_PXT_DVY_PHASE 1_STANDARD BANNER_TRENDSTTERS_SOCIAL MEDIA INFLUENCER PLUS NEARBY TJMAXX - Dresses_Run of Network_Behavioral_F25-54_300 x 250_Click and View_NV_NA,206771774,10/20/2017,1717,314,1403,854,549,4,545,519,26,858,817,1336
TJN_TJX_TJMaxx 2H DIG_FY18,NBC Universal Media,PK3H78_TJN_TJX_028_Content_NBCUNI.COM_BAF_BS2_DSK_DIR_DSP_SPN_HPT_CTG_CTG_DCM_100% SOV NBC HOMEPAGE ROADBLOCK 9/26 - 728X90 MOBILE_HP Takeover_Contextual_F25-54_728 x 90_Standard_NV_NA,205634573,9/26/2017,3777,51,3726,4,3722,225,3497,2948,549,229,193,3141
TJN_TJX_TJMaxx 2H DIG_FY18,xAd Inc.,PJPXJZ_TJN_TJX_028_Mobile_GROUND TRUTH FKA XAD_DST_SV1_MAP_DIR_DSP_TRG_RON_BTG_BTG_DVY_PHASE 1_BEHAVIORAL AUDIENCE TRENDSETTERS PLACEMENT - STANDARD BANNER - Fall Hero_Run of Network_Behavioral_F25-54_300 x 250_Click and View_NV_NA,204446156,9/19/2017,11073,231,10842,10842,0,0,0,0,0,10842,4478,4478
TJN_TJX_TJMaxx 2H DIG_FY18,xAd Inc.,PJMTNQ_TJN_TJX_028_Mobile_GROUND TRUTH FKA XAD_DST_SV1_MAP_DIR_RCH_TRG_RON_BTG_BTG_DVY_PHASE 1_BEHAVIORAL AUDIENCE STRATEGIC SAVERS PLACEMENT - RICH MEDIA STORE LOCATOR - TJ Maxx_Run of Network_Behavioral_F25-54_320 x 50_Click and View_NV_NA,204447845,9/25/2017,34157,430,33727,7304,26423,380,26043,24464,1579,7684,7218,31682
TJN_TJX_TJMaxx 2H DIG_FY18,Foursquare,"PKFMLQ_TJN_TJX_028_Audience_FOURSQUARE LABS, INC_DST_SV1_MAP_PRO_RCH_TRG_RON_PXT_BTG_DVY_PHASE 1_MOBILE RICH MEDIA STRATEGIC SAVERS - Find A Store V1_Run of Network_Geo_F25-54_320 x 50_Standard_NV_NA",206772506,10/21/2017,9148,119,9029,6639,2390,337,2053,1812,241,6976,6157,7969
TJN_MAR_023_Marshalls 2H Digital_F18,NinthDecimal,"PJPSS1_TJN_MAR_023_Mobile_NINTHDECIMAL_DST_SV1_MAP_DIR_RCH_TRG_RON_BTG_DMA_DVY_TV TARGETING: PEOPLE WHO WATCH BRAVO, TLC, HGTV, A&E, LIFETIME, DISCOVERY_Run of Network_Behavioral_F25-54_320 x 50_Click and View_NV_NA",204541508,9/25/2017,12307,249,12058,3731,8327,63,8264,8011,253,3794,3678,11689
TJN_TJX_TJMaxx 2H DIG_FY18,xAd Inc.,PJPXJX_TJN_TJX_028_Mobile_GROUND TRUTH FKA XAD_DST_SV1_MAP_DIR_DSP_TRG_RON_BTG_BTG_DVY_PHASE 1_BEHAVIORAL AUDIENCE STRATEGIC SAVERS PLACEMENT - STANDARD BANNER - TJMaxx_Run of Network_Behavioral_F25-54_320 x 50_Click and View_NV_NA,204447848,9/25/2017,10168,91,10077,3039,7038,105,6933,6320,613,3144,2869,9189
TJN_TJX_TJMaxx 2H DIG_FY18,NBC Universal Media,PK2KJV_TJN_TJX_028_Content_NBCUNI.COM_BAF_BS2_OTT_DIR_VID_SPN_ROS_BTG_CTG_MOA_THIS IS US SPONSORSHIP: OTT - VIGNETTE 2_Run of Site_Behavioral_F25-54_1920 x 1080_Click and View_NV_NA,205613677,10/12/2017,1,0,1,1,0,0,0,0,0,1,1,1
TJN_TJX_TJMaxx 2H DIG_FY18,Foursquare,"PKFMM6_TJN_TJX_028_Audience_FOURSQUARE LABS, INC_DST_SV1_MAP_PRO_RCH_TRG_RON_PXT_BTG_DVY_PHASE 1_MOBILE RICH MEDIA STRATEGIC SAVERS - Dresses_Run of Network_Geo_F25-54_300 x 250_Standard_NV_NA",206772518,10/18/2017,973,153,820,595,225,55,170,84,86,650,321,405
TJN_TJX_TJMaxx 2H DIG_FY18,Conversant Inc.,PJPTLL_TJN_TJC_031_Audience_CONVERSANT_PUR_ROI_DSK_NET_DSP_TRG_RON_BTG_BTG_DVY_DESKTOP WIDE SKYSCRAPER- TRENDSETTERS_Run of Site_Other_P18+_160 x 600_Standard_NV_NA,204447269,10/11/2017,10511,573,9938,0,9938,2283,7655,2538,5117,2283,757,3295
TJN_TJX_TJMaxx 2H DIG_FY18,Foursquare,"PJMQ2D_TJN_TJX_028_Audience_FOURSQUARE LABS, INC_DST_SV1_MAP_PRO_DSP_TRG_RON_PXT_BTG_DVY_PHASE 1_PINPOINT STRATEGIC SAVERS_Run of Network_Geo_F25-54_300 x 250_Standard_NV_NA",204483457,9/6/2017,21636,4954,16682,9290,7392,3948,3444,1534,1910,13238,5896,7430
TJN_MAR_023_Marshalls 2H Digital_F18,NinthDecimal,PJPSRR_TJN_MAR_023_Mobile_NINTHDECIMAL_DST_SV1_MAP_DIR_RCH_TRG_RON_PXT_DMA_DVY_GEOFENCE: 2-MILE RADIUS AROUND URBAN STORES_Run of Network_Geo_F25-54_320 x 50_Click and View_NV_NA,204541523,10/11/2017,75922,1690,74232,33161,41071,230,40841,39446,1395,33391,32250,71696
TJN_TJX_TJMaxx 2H DIG_FY18,Foursquare,"PJPRVG_TJN_TJX_028_Audience_FOURSQUARE LABS, INC_DST_SV1_MAP_PRO_DSP_TRG_RON_PXT_BTG_DVY_PHASE 1_PINPOINT COMPETITIVE CONQUESTING AV_Run of Network_Geo_F25-54_300 x 250_Standard_NV_NA",204527412,9/8/2017,917,39,878,220,658,67,591,145,446,287,70,215
TJN_TJX_TJMaxx 2H DIG_FY18,xAd Inc.,PJMTN1_TJN_TJX_028_Mobile_GROUND TRUTH FKA XAD_DST_SV1_MAP_DIR_DSP_TRG_RON_DMA_DMA_DVY_PHASE 1_ADDED VALUE DMA TARGETING STANDALONE: STANDARD BANNER - Maxx You Maxx Life_Run of Network_Geo_F25-54_320 x 50_Click and View_NV_NA,204443461,9/26/2017,45882,862,45020,19227,25793,492,25301,20824,4477,19719,16230,37054
TJN_TJX_TJMaxx 2H DIG_FY18,Viant,"PJNSGP_TJN_TJX_028_Data_VIANT INC_DSI_SV1_MWB_DIR_DSP_TRG_RON_BTG_CTG_DVY_PHASE 1_VIANT DIRECT MATCH RETAIL, TJX PORFOLIO LOYALISTS, DISPLAY_Fixed Placement_Behavioral_F25-54_300 x 50_Standard_NV_NA",204525579,9/25/2017,18943,130,18813,0,18813,1048,17765,13703,4062,1048,808,14511
TJN_TJX_TJMaxx 2H DIG_FY18,Viant,"PJNSGS_TJN_TJX_028_Data_VIANT INC_DSI_SV1_MWB_DIR_DSP_TRG_RON_BTG_CTG_DVY_PHASE 1_VIANT DIRECT MATCH RETAIL, TJX PORFOLIO LOYALISTS, DISPLAY_Fixed Placement_Behavioral_F25-54_320 x 50_Standard_NV_NA",204524922,9/22/2017,16943,279,16664,17,16647,991,15656,11494,4162,1008,740,12234
TJN_MAR_023_Marshalls 2H Digital_F18,NinthDecimal,PJPSRS_TJN_MAR_023_Mobile_NINTHDECIMAL_DST_SV1_MAP_DIR_RCH_TRG_RON_PXT_DMA_DVY_GEOFENCE: 5-10-MILE RADIUS AROUND SUBURBAN STORES_Run of Network_Geo_F25-54_320 x 50_Click and View_NV_NA,204541748,10/5/2017,8533,209,8324,4267,4057,16,4041,3932,109,4283,4167,8099
TJN_TJX_TJMaxx 2H DIG_FY18,NBC Universal Media,PK2LGS_TJN_TJX_028_Content_NBCUNI.COM_BAF_BS2_DSK_DIR_DSP_SPN_HPT_CTG_CTG_DCM_100% SOV NBC THIS IS US ROADBLOCK 9/26 - 970X66 DESKTOP_HP Takeover_Contextual_F25-54_970 x 66_Standard_NV_NA,205661835,9/29/2017,1,0,1,0,1,0,1,1,0,0,0,1
TJN_TJX_TJMaxx 2H DIG_FY18,Viant,"PJNSHD_TJN_TJX_028_Data_VIANT INC_DSI_SV1_DSK_DIR_DSP_TRG_RON_BTG_CTG_DVY_PHASE 1_VIANT DIRECT MATCH RETAIL, COMPETITIVE CONQUESTING, DISPLAY_Fixed Placement_Behavioral_F25-54_160 x 600_Standard_NV_NA",204477281,10/8/2017,4013,102,3911,0,3911,351,3560,2328,1232,351,230,2558
TJN_MAR_023_Marshalls 2H Digital_F18,xAd Inc.,PJQ0YQ_TJN_MAR_023_Mobile_GROUND TRUTH FKA XAD_DST_SV1_MAP_DIR_DSP_TRG_RON_PXT_BTG_DVY_GEOBLOCKS CONQUESTING - DYNAMIC DISTANCE_Run of Network_Geo_F25-54_320 x 50_Click and View_NV_NA,204595632,10/15/2017,11336,141,11195,7104,4091,963,3128,2613,515,8067,6724,9337
TJN_MAR_023_Marshalls 2H Digital_F18,xAd Inc.,PJQ0YP_TJN_MAR_023_Mobile_GROUND TRUTH FKA XAD_DST_SV1_MAP_DIR_DSP_TRG_RON_PXT_BTG_DVY_GEOBLOCKS LOYALTY - DYNAMIC DISTANCE_Run of Network_Geo_F25-54_300 x 250_Click and View_NV_NA,204537983,10/17/2017,10716,346,10370,10370,0,0,0,0,0,10370,10370,10370
TJN_MAR_023_Marshalls 2H Digital_F18,Bustle,PKLNMK_TJN_MAR_023_Content_BUSTLE_HPTO - Panoramic Unit 10/17_Run of Site_Contextual_F25-54_1 x 1_Click and View_NV_NA,207144356,10/19/2017,2,0,2,0,2,0,2,0,2,0,0,0
TJN_TJX_TJMaxx 2H DIG_FY18,Hulu,PK3F7G_TJN_TJX_027_Content_HULU_BAF_BS2_MAP_DIR_CUS_SPN_CHS_CTG_CTG_DVY_HULU ROS: PREMIUM SLATE - MOBILE IN APP_FEP_Contextual_F25-54_1920 x 1080_Standard_NV_NA,205634552,10/18/2017,37,0,37,37,0,0,0,0,0,37,29,29
TJN_TJX_TJMaxx 2H DIG_FY18,xAd Inc.,PKF4TV_TJN_TJX_028_Mobile_GROUND TRUTH FKA XAD_DST_SV1_MAP_DIR_DSP_TRG_RON_RTG_RTG_DVY_PHASE 1_LOCATION AUDIENCE COMPETITIVE CONQUESTING PLACEMENT - STANDARD BANNER - Sweaters_Run of Network_Retarget_F25-54_300 x 250_Click and View_NV_NA,206833632,10/20/2017,2254,42,2212,2212,0,0,0,0,0,2212,1317,1317
TJN_TJX_TJMaxx 2H DIG_FY18,xAd Inc.,PKF5JX_TJN_TJX_028_Mobile_GROUND TRUTH FKA XAD_DST_SV1_MAP_DIR_DSP_TRG_RON_RTG_RTG_DVY_PHASE 1_LOCATION AUDIENCE COMPETITIVE CONQUESTING PLACEMENT - STANDARD BANNER - Find A Store V2_Run of Network_Retarget_F25-54_320 x 50_Click and View_NV_NA,206833629,10/20/2017,4179,28,4151,911,3240,41,3199,2401,798,952,715,3116
TJN_TJX_TJMaxx 2H DIG_FY18,Foursquare,"PK0H80_TJN_TJX_028_Audience_FOURSQUARE LABS, INC_DST_SV1_MAP_PRO_RCH_TRG_RON_PXT_BTG_DVY_PHASE 1_MOBILE RICH MEDIA STRATEGIC SAVERS - Find A Store_Run of Network_Geo_F25-54_320 x 50_Standard_NV_NA",205394974,10/11/2017,20278,1119,19159,11944,7215,404,6811,4552,2259,12348,8253,12805
TJN_TJX_TJMaxx 2H DIG_FY18,Viant,"PK2X7G_TJN_TJX_028_Data_VIANT INC_DSI_SV1_DSK_DIR_RCH_TRG_INT_BTG_CTG_DVY_PHASE 1_VIANT IMP, W25-54 STRATEGIC SAVERS, CONTOBOX - Honeycomb_Fixed Placement_Behavioral_F25-54_300 x 250_Click and View_NV_NA",205688467,10/18/2017,4192,106,4086,11,4075,647,3428,1501,1927,658,288,1789
TJN_MAR_023_Marshalls 2H Digital_F18,xAd Inc.,PJQ0YG_TJN_MAR_023_Mobile_GROUND TRUTH FKA XAD_DST_SV1_MAP_DIR_DSP_TRG_RON_BTG_DMA_DVY_BEHAVIORAL - FASHION SHOPPER - DYNAMIC DISTANCE_Run of Network_Behavioral_F25-54_320 x 50_Click and View_NV_NA,204557581,10/9/2017,66967,736,66231,56741,9490,329,9161,7841,1320,57070,48948,56789
TJN_TJX_TJMaxx 2H DIG_FY18,Viant,"PK2V4X_TJN_TJX_028_Data_VIANT INC_DSI_SV1_DSK_DIR_RCH_TRG_INT_BTG_CTG_DVY_PHASE 1_VIANT IMP, W25-54 STRATEGIC SAVERS, CONTOBOX - Fall Homes_Fixed Placement_Behavioral_F25-54_300 x 250_Click and View_NV_NA",205688458,10/19/2017,17,2,15,6,9,0,9,9,0,6,6,15
TJN_TJX_TJMaxx 2H DIG_FY18,Conversant Inc.,PJPWC1_TJN_TJX_028_Audience_CONVERSANT_DST_SV1_MAP_NET_DSP_TRG_RON_BTG_BTG_DVY_PHASE 1_ SMARTPHONE MEDIUM RECTANGLE  - CJ INTERACTORS LAL MODELING_Run of Site_Behavioral_P18+_300 x 250_Standard_NV_NA,204483942,10/4/2017,4612,73,4539,2,4537,1825,2712,725,1987,1827,488,1213
TJN_TJX_TJMaxx 2H DIG_FY18,xAd Inc.,PJMTMR_TJN_TJX_028_Mobile_GROUND TRUTH FKA XAD_DST_SV1_MAP_DIR_RCH_TRG_RON_PXT_PXT_DVY_PHASE 1_PROXIMITY LOYALTY PLACEMENT - RICH MEDIA STORE LOCATOR - Fall Handbag_Run of Network_Geo_F25-54_300 x 250_Click and View_NV_NA,204442093,10/4/2017,9,2,7,4,3,1,2,2,0,5,5,7
TJN_MAR_023_Marshalls 2H Digital_F18,NinthDecimal,PJPSRZ_TJN_MAR_023_Mobile_NINTHDECIMAL_DST_SV1_MAP_DIR_RCH_TRG_RON_BTG_DMA_DVY_CONSUMER JOURNEY: BARGAIN HUNTERS_Run of Network_Behavioral_F25-54_320 x 50_Click and View_NV_NA,204542873,9/7/2017,15244,282,14962,7721,7241,32,7209,7032,177,7753,7563,14595
TJN_TJX_TJMaxx 2H DIG_FY18,Viant,"PK2V4S_TJN_TJX_028_Data_VIANT INC_DSI_SV1_TWB_DIR_RCH_TRG_INT_BTG_CTG_DVY_PHASE 1_VIANT IMP, W25-54 STRATEGIC SAVERS, CONTOBOX - Fall Homes_Fixed Placement_Behavioral_F25-54_300 x 250_Click and View_NV_NA",205687927,10/21/2017,12,7,5,1,4,1,3,3,0,2,2,5
TJN_TJX_TJMaxx 2H DIG_FY18,xAd Inc.,PKF5L5_TJN_TJX_028_Mobile_GROUND TRUTH FKA XAD_DST_SV1_MAP_DIR_DSP_TRG_RON_RTG_RTG_DVY_PHASE 1_LOCATION AUDIENCE TJX SHOPPERS PLACEMENT - STANDARD BANNER - Sweaters_Run of Network_Retarget_F25-54_300 x 250_Click and View_NV_NA,206833599,10/21/2017,2379,17,2362,2361,1,0,1,0,1,2361,0,0
TJN_MAR_023_Marshalls 2H Digital_F18,Spotify USA Inc.,PK0HLF_TJN_MAR_023_Audience_SPOTIFY USA INC_DST_SV2_MAP_DIR_DSP_TRG_CMP_DMA_PXT_DVY_MOBILE AUDIO COMPANION BANNER 640X640_Run of Site_Geo_F25-54_640 x 640_Click and View_NV_NA,205566308,10/20/2017,156035,2113,153922,153922,0,0,0,0,0,153922,142882,142882
TJN_MAR_023_Marshalls 2H Digital_F18,NinthDecimal,PJPSRV_TJN_MAR_023_Mobile_NINTHDECIMAL_DST_SV1_MAP_DIR_RCH_TRG_RON_BTG_PXT_DVY_LOCATION GRAPH: MARSHALLS LOYALISTS_Run of Network_Behavioral_F25-54_320 x 50_Click and View_NV_NA,204555232,9/7/2017,469,18,451,139,312,7,305,293,12,146,140,433
TJN_TJX_TJMaxx 2H DIG_FY18,xAd Inc.,PJPXK1_TJN_TJX_028_Mobile_GROUND TRUTH FKA XAD_DST_SV1_MAP_DIR_DSP_TRG_RON_PXT_PXT_DVY_PHASE 1_PROXIMITY LOYALTY PLACEMENT - STANDARD BANNER - TJMaxx_Run of Network_Geo_F25-54_320 x 50_Click and View_NV_NA,204483996,9/10/2017,42900,628,42272,9664,32608,6765,25843,16180,9663,16429,9898,26078
TJN_TJX_TJMaxx 2H DIG_FY18,Hulu,PK3DG3_TJN_TJX_027_Content_HULU_BAF_BS2_PKG_DIR_VID_SPN_CHS_CTG_CTG_DVY_FALL TV SPONSORSHIP:MASTHEAD BRAND - DESKTOP_FEP_Contextual_F25-54_1 x 1_Standard_NV_NA,205685902,10/1/2017,12,0,12,12,0,0,0,0,0,12,9,9
TJN_TJX_TJMaxx 2H DIG_FY18,Conversant Inc.,PJPWBV_TJN_TJX_028_Audience_CONVERSANT_DST_SV1_DSK_NET_DSP_TRG_RON_BTG_BTG_DVY_PHASE 1_ DESKTOP MEDIUM RECTANGLE - CJ INTERACTORS LAL MODELING_Run of Site_Behavioral_P18+_300 x 250_Standard_NV_NA,204447743,10/12/2017,160634,11019,149615,27,149588,11770,137818,79259,58559,11797,6784,86043
TJN_TJX_TJMaxx 2H DIG_FY18,Foursquare,"PK0H83_TJN_TJX_028_Audience_FOURSQUARE LABS, INC_DST_SV1_MAP_PRO_RCH_TRG_RON_PXT_BTG_DVY_PHASE 1_MOBILE RICH MEDIA COMPETITIVE CONQUESTING - Fall Honeycomb_Run of Network_Geo_F25-54_300 x 250_Standard_NV_NA",205344161,10/10/2017,1767,114,1653,767,886,58,828,245,583,825,244,489
TJN_TJX_TJMaxx 2H DIG_FY18,Viant,"PJNSHC_TJN_TJX_028_Data_VIANT INC_DSI_SV1_DSK_DIR_DSP_TRG_RON_BTG_CTG_DVY_PHASE 1_VIANT DIRECT MATCH RETAIL, COMPETITIVE CONQUESTING, DISPLAY_Fixed Placement_Behavioral_F25-54_300 x 250_Standard_NV_NA",204478655,10/21/2017,39144,958,38186,3,38183,2708,35475,20750,14725,2711,1586,22336
TJN_MAR_023_Marshalls 2H Digital_F18,xAd Inc.,PJQ0YK_TJN_MAR_023_Mobile_GROUND TRUTH FKA XAD_DST_SV1_MAP_DIR_DSP_TRG_RON_BTG_PXT_DVY_MARSHALLS SHOPPERS - DYNAMIC DISTANCE_Run of Network_Geo_F25-54_300 x 250_Click and View_NV_NA,204543440,10/9/2017,5016,106,4910,4910,0,0,0,0,0,4910,4910,4910
TJN_TJX_TJMaxx 2H DIG_FY18,Foursquare,"PJPST0_TJN_TJX_028_Audience_FOURSQUARE LABS, INC_DST_SV1_MAP_PRO_RCH_TRG_RON_PXT_BTG_DVY_PHASE 1_MOBILE RICH MEDIA COMPETITIVE CONQUESTING - Find A TJ Maxx Store_Run of Network_Geo_F25-54_320 x 50_Standard_NV_NA",204525348,10/6/2017,32464,781,31683,24397,7286,694,6592,4663,1929,25091,17749,22412
TJN_TJX_TJMaxx 2H DIG_FY18,xAd Inc.,PJPXJZ_TJN_TJX_028_Mobile_GROUND TRUTH FKA XAD_DST_SV1_MAP_DIR_DSP_TRG_RON_BTG_BTG_DVY_PHASE 1_BEHAVIORAL AUDIENCE TRENDSETTERS PLACEMENT - STANDARD BANNER - Fall Hero_Run of Network_Behavioral_F25-54_300 x 250_Click and View_NV_NA,204446156,9/16/2017,10944,220,10724,10718,6,2,4,3,1,10720,8040,8043
TJN_TJX_TJMaxx 2H DIG_FY18,Hulu,PK3DG3_TJN_TJX_027_Content_HULU_BAF_BS2_PKG_DIR_VID_SPN_CHS_CTG_CTG_DVY_FALL TV SPONSORSHIP:MASTHEAD BRAND - DESKTOP_FEP_Contextual_F25-54_1 x 1_Standard_NV_NA,205685902,10/2/2017,2,0,2,2,0,0,0,0,0,2,1,1
TJN_TJX_TJMaxx 2H DIG_FY18,xAd Inc.,PJMTMZ_TJN_TJX_028_Mobile_GROUND TRUTH FKA XAD_DST_SV1_MAP_DIR_DSP_TRG_RON_RTG_RTG_DVY_PHASE 1_LOCATION AUDIENCE TJX SHOPPERS PLACEMENT - STANDARD BANNER - Maxx You Maxx Life_Run of Network_Retarget_F25-54_320 x 50_Click and View_NV_NA,204484011,10/15/2017,10078,108,9970,4535,5435,1990,3445,2717,728,6525,4964,7681
TJN_TJX_TJMaxx 2H DIG_FY18,Foursquare,"PJPQL0_TJN_TJX_028_Audience_FOURSQUARE LABS, INC_DST_SV1_MAP_PRO_DSP_TRG_RON_PXT_BTG_DVY_PHASE 1_PINPOINT TRENDSETTERS_Run of Network_Geo_F25-54_320 x 50_Standard_NV_NA",204478094,10/18/2017,119895,2333,117562,92568,24994,646,24348,23079,1269,93214,88356,111435
TJN_TJX_TJMaxx 2H DIG_FY18,Viant,"PK2X7J_TJN_TJX_028_Data_VIANT INC_DSI_SV1_MWB_DIR_RCH_TRG_INT_BTG_CTG_DVY_PHASE 1_VIANT IMP, W25-54 STRATEGIC SAVERS, CONTOBOX - Honeycomb_Fixed Placement_Behavioral_F25-54_300 x 250_Click and View_NV_NA",205688479,10/19/2017,109,4,105,2,103,7,96,54,42,9,5,59
TJN_TJX_TJMaxx 2H DIG_FY18,Viant,"PJNSGS_TJN_TJX_028_Data_VIANT INC_DSI_SV1_MWB_DIR_DSP_TRG_RON_BTG_CTG_DVY_PHASE 1_VIANT DIRECT MATCH RETAIL, TJX PORFOLIO LOYALISTS, DISPLAY_Fixed Placement_Behavioral_F25-54_320 x 50_Standard_NV_NA",204524922,9/24/2017,18910,220,18690,0,18690,974,17716,13935,3781,974,766,14701
TJN_TJX_TJMaxx 2H DIG_FY18,xAd Inc.,PKF8WH_TJN_TJX_028_Mobile_GROUND TRUTH FKA XAD_DST_SV1_MAP_DIR_RCH_TRG_RON_PXT_PXT_DVY_PHASE 1_PROXIMITY LOYALTY PLACEMENT - RICH MEDIA STORE LOCATOR - Find A Store V2_Run of Network_Geo_F25-54_320 x 50_Click and View_NV_NA,206834115,10/14/2017,1,0,1,0,1,0,1,1,0,0,0,1
TJN_TJX_TJMaxx 2H DIG_FY18,Conversant Inc.,PJPWPF_TJN_TJX_028_Audience_CONVERSANT_DST_SV1_TAP_NET_DSP_TRG_RON_BTG_BTG_DVY_PHASE 1_ TABLET LEADERBOARD - CONVERSANT SHOPPERS AV_Run of Site_Behavioral_P18+_728 x 90_Standard_NV_NA,204442915,9/15/2017,115,1,114,0,114,30,84,11,73,30,4,15
TJN_TJX_TJMaxx 2H DIG_FY18,Viant,"PJSPBV_TJN_TJC_031_Data_VIANT INC_PUR_ROI_MWB_DIR_DSP_TRG_RON_BTG_MKT_DVY_DETERMINSTIC LAL OF ECOM CONVERTERS, CROSS DEVICE DISPLAY_Fixed Placement_Behavioral_F25-54_160 x 600_Click_NV_NA",204733791,9/30/2017,146,4,142,0,142,9,133,82,51,9,6,88
TJN_MAR_023_Marshalls 2H Digital_F18,NinthDecimal,PJPSS0_TJN_MAR_023_Mobile_NINTHDECIMAL_DST_SV1_MAP_DIR_RCH_TRG_RON_BTG_DMA_DVY_3RD PARTY: SURPRISE CHOOSERS_Run of Network_Behavioral_F25-54_320 x 50_Click and View_NV_NA,204595875,10/16/2017,29392,293,29099,7835,21264,129,21135,20203,932,7964,7613,27816
TJN_TJX_TJMaxx 2H DIG_FY18,Foursquare,"PJPST0_TJN_TJX_028_Audience_FOURSQUARE LABS, INC_DST_SV1_MAP_PRO_RCH_TRG_RON_PXT_BTG_DVY_PHASE 1_MOBILE RICH MEDIA COMPETITIVE CONQUESTING - Find A TJ Maxx Store_Run of Network_Geo_F25-54_320 x 50_Standard_NV_NA",204525348,10/11/2017,34894,1015,33879,25989,7890,361,7529,5477,2052,26350,19168,24645
TJN_TJX_TJMaxx 2H DIG_FY18,xAd Inc.,PJMTN9_TJN_TJX_028_Mobile_GROUND TRUTH FKA XAD_DST_SV1_MAP_DIR_DSP_TRG_RON_BTG_BTG_DVY_PHASE 1_BEHAVIORAL AUDIENCE STRATEGIC SAVERS PLACEMENT - STANDARD BANNER - Fall Handbag_Run of Network_Behavioral_F25-54_300 x 250_Click and View_NV_NA,204447293,9/21/2017,9736,210,9526,9519,7,1,6,6,0,9520,9520,9526
TJN_TJX_TJMaxx 2H DIG_FY18,xAd Inc.,PJMTN0_TJN_TJX_028_Mobile_GROUND TRUTH FKA XAD_DST_SV1_MAP_DIR_DSP_TRG_RON_RTG_RTG_DVY_PHASE 1_LOCATION AUDIENCE TJX SHOPPERS PLACEMENT - STANDARD BANNER - Fall Handbag_Run of Network_Retarget_F25-54_300 x 250_Click and View_NV_NA,204447842,10/15/2017,7457,176,7281,7203,78,1,77,69,8,7204,6456,6525
TJN_MAR_023_Marshalls 2H Digital_F18,xAd Inc.,PJQ0Y9_TJN_MAR_023_Mobile_GROUND TRUTH FKA XAD_DST_SV1_MAP_DIR_RCH_TRG_RON_WEA_PXT_DVY_PROXIMITY LOYALTY - WEATHER LOCATOR UNIT_Run of Network_Weather_F25-54_300 x 250_Click and View_NV_NA,204541757,9/21/2017,299,5,294,7,287,10,277,270,7,17,17,287
TJN_TJX_TJMaxx 2H DIG_FY18,PlaceIQ,PK19YZ_TJN_TJX_028_Mobile_PLACEIQ INC_DST_SV1_MAP_DIR_RCH_TRG_RON_BTG_PTG_DVY_PHASE 1_RICH MEDIA_STRATEGIC SAVERS_INFORMER CONSUMER SHOPPERS+TOP TIER APPAREL SHOPPER_Run of Network_Behavioral_F25-54_320 x 50_Click and View_NV_NA,205563548,10/19/2017,29565,737,28828,10037,18791,759,18032,17650,382,10796,10567,28217
TJN_MAR_023_Marshalls 2H Digital_F18,xAd Inc.,PJQ0YN_TJN_MAR_023_Mobile_GROUND TRUTH FKA XAD_DST_SV1_MAP_DIR_DSP_TRG_RON_PXT_BTG_DVY_GEOBLOCKS LOYALTY - DYNAMIC DISTANCE_Run of Network_Geo_F25-54_320 x 50_Click and View_NV_NA,204558328,9/15/2017,18195,399,17796,12138,5658,3427,2231,2121,110,15565,10673,12794
TJN_TJX_TJMaxx 2H DIG_FY18,Foursquare,"PK0H81_TJN_TJX_028_Audience_FOURSQUARE LABS, INC_DST_SV1_MAP_PRO_RCH_TRG_RON_PXT_BTG_DVY_PHASE 1_MOBILE RICH MEDIA TRENDSETTERS - Fall Honeycomb_Run of Network_Geo_F25-54_300 x 250_Standard_NV_NA",205337093,9/26/2017,1919,118,1801,541,1260,85,1175,308,867,626,164,472
TJN_MAR_023_Marshalls 2H Digital_F18,xAd Inc.,PJQ0YC_TJN_MAR_023_Mobile_GROUND TRUTH FKA XAD_DST_SV1_MAP_DIR_DSP_TRG_RON_PXT_BTG_DVY_PROXIMITY CONQUESTING - DYNAMIC DISTANCE_Run of Network_Geo_F25-54_300 x 250_Click and View_NV_NA,204595923,9/27/2017,8985,312,8673,8671,2,1,1,0,1,8672,0,0
TJN_TJX_TJMaxx 2H DIG_FY18,Foursquare,"PK0H80_TJN_TJX_028_Audience_FOURSQUARE LABS, INC_DST_SV1_MAP_PRO_RCH_TRG_RON_PXT_BTG_DVY_PHASE 1_MOBILE RICH MEDIA STRATEGIC SAVERS - Find A Store_Run of Network_Geo_F25-54_320 x 50_Standard_NV_NA",205394974,10/6/2017,29373,849,28524,11118,17406,1993,15413,8686,6727,13111,7389,16075
TJN_TJX_TJMaxx 2H DIG_FY18,Viant,"PJNSGN_TJN_TJX_028_Data_VIANT INC_DSI_SV1_TWB_DIR_DSP_TRG_RON_BTG_CTG_DVY_PHASE 1_VIANT DIRECT MATCH RETAIL, TJX PORFOLIO LOYALISTS, DISPLAY_Fixed Placement_Behavioral_F25-54_300 x 250_Standard_NV_NA",204526347,10/18/2017,233,3,230,0,230,21,209,123,86,21,12,135
TJN_MAR_023_Marshalls 2H Digital_F18,Spotify USA Inc.,PK0HN8_TJN_MAR_023_Audience_SPOTIFY USA INC_DST_SV2_MAP_DIR_DSP_TRG_ROS_DMA_PXT_DVY_MOBILE OVERLAY 630X920_Run of Site_Geo_F25-54_630 x 920_Click and View_NV_NA,205561904,10/12/2017,45001,693,44308,44308,0,0,0,0,0,44308,35806,35806
TJN_TJX_TJMaxx 2H DIG_FY18,xAd Inc.,PJMTNR_TJN_TJX_028_Mobile_GROUND TRUTH FKA XAD_DST_SV1_MAP_DIR_RCH_TRG_RON_BTG_BTG_DVY_PHASE 1_BEHAVIORAL AUDIENCE STRATEGIC SAVERS PLACEMENT - RICH MEDIA STORE LOCATOR - Fall Handbag_Run of Network_Behavioral_F25-54_300 x 250_Click and View_NV_NA,204442108,9/11/2017,6,1,5,4,1,1,0,0,0,5,2,2
TJN_TJX_TJMaxx 2H DIG_FY18,Viant,"PJSPBW_TJN_TJC_031_Data_VIANT INC_PUR_ROI_MWB_DIR_DSP_TRG_RON_BTG_MKT_DVY_DETERMINSTIC LAL OF ECOM CONVERTERS, CROSS DEVICE DISPLAY_Fixed Placement_Behavioral_F25-54_300 x 50_Click_NV_NA",204733524,10/19/2017,279,4,275,1,274,44,230,186,44,45,36,222
TJN_TJX_TJMaxx 2H DIG_FY18,xAd Inc.,PJMTN5_TJN_TJX_028_Mobile_GROUND TRUTH FKA XAD_DST_SV1_MAP_DIR_RCH_TRG_RON_BTG_BTG_DVY_PHASE 1_BEHAVIORAL AUDIENCE TRENDSETTERS PLACEMENT - RICH MEDIA STORE LOCATOR - TJ Maxx_Run of Network_Behavioral_F25-54_320 x 50_Click and View_NV_NA,204442936,9/15/2017,5,0,5,2,3,3,0,0,0,5,4,4
TJN_MAR_023_Marshalls 2H Digital_F18,NinthDecimal,PJPSRR_TJN_MAR_023_Mobile_NINTHDECIMAL_DST_SV1_MAP_DIR_RCH_TRG_RON_PXT_DMA_DVY_GEOFENCE: 2-MILE RADIUS AROUND URBAN STORES_Run of Network_Geo_F25-54_320 x 50_Click and View_NV_NA,204541523,10/6/2017,46604,1419,45185,22851,22334,148,22186,21328,858,22999,22110,43438
TJN_TJX_TJMaxx 2H DIG_FY18,Foursquare,"PJPRVG_TJN_TJX_028_Audience_FOURSQUARE LABS, INC_DST_SV1_MAP_PRO_DSP_TRG_RON_PXT_BTG_DVY_PHASE 1_PINPOINT COMPETITIVE CONQUESTING AV_Run of Network_Geo_F25-54_300 x 250_Standard_NV_NA",204527412,10/7/2017,212,2,210,73,137,4,133,110,23,77,64,174
TJN_TJX_TJMaxx 2H DIG_FY18,Conversant Inc.,PJNPMC_TJN_TJC_031_Audience_CONVERSANT_PUR_ROI_TAP_NET_DSP_TRG_RON_BTG_BTG_DVY_TABLET LEADERBOARD- STRATEGIC SAVERS_Run of Site_Other_P18+_728 x 90_Standard_NV_NA,204442918,10/9/2017,1319,8,1311,0,1311,197,1114,685,429,197,121,806
TJN_TJX_TJMaxx 2H DIG_FY18,xAd Inc.,PJPXK2_TJN_TJX_028_Mobile_GROUND TRUTH FKA XAD_DST_SV1_MAP_DIR_DSP_TRG_RON_PXT_PXT_DVY_PHASE 1_PROXIMITY LOYALTY PLACEMENT - STANDARD BANNER - Fall Hero_Run of Network_Geo_F25-54_300 x 250_Click and View_NV_NA,204442945,9/21/2017,10614,234,10380,10247,133,43,90,10,80,10290,1143,1153
TJN_TJX_TJMaxx 2H DIG_FY18,Viant,"PJSPCJ_TJN_TJC_031_Data_VIANT INC_PUR_ROI_MWB_DIR_DSP_TRG_RON_BTG_MKT_DVY_W25-54 + ONLINE SHOPPERS, CROSS DEVICE DISPLAY_Fixed Placement_Behavioral_F25-54_300 x 250_Click_NV_NA",204733038,10/7/2017,155,8,147,0,147,24,123,58,65,24,11,69
TJN_TJX_TJMaxx 2H DIG_FY18,Viant,"PJNSHF_TJN_TJX_028_Data_VIANT INC_DSI_SV1_MWB_DIR_DSP_TRG_RON_BTG_CTG_DVY_PHASE 1_VIANT DIRECT MATCH RETAIL, COMPETITIVE CONQUESTING, DISPLAY_Fixed Placement_Behavioral_F25-54_300 x 250_Standard_NV_NA",204483016,10/21/2017,429,2,427,0,427,23,404,351,53,23,20,371
TJN_TJX_TJMaxx 2H DIG_FY18,Viant,"PJNSHG_TJN_TJX_028_Data_VIANT INC_DSI_SV1_DSK_DIR_DSP_TRG_RON_BTG_CTG_DVY_PHASE 1_VIANT DIRECT MATCH RETAIL, COMPETITIVE CONQUESTING, DISPLAY_Fixed Placement_Behavioral_F25-54_728 x 90_Standard_NV_NA",204478490,10/11/2017,13835,675,13160,2,13158,1270,11888,6209,5679,1272,664,6873
TJN_TJX_TJMaxx 2H DIG_FY18,xAd Inc.,PJMTNR_TJN_TJX_028_Mobile_GROUND TRUTH FKA XAD_DST_SV1_MAP_DIR_RCH_TRG_RON_BTG_BTG_DVY_PHASE 1_BEHAVIORAL AUDIENCE STRATEGIC SAVERS PLACEMENT - RICH MEDIA STORE LOCATOR - Fall Handbag_Run of Network_Behavioral_F25-54_300 x 250_Click and View_NV_NA,204442108,9/23/2017,5784,67,5717,1651,4066,129,3937,1511,2426,1780,683,2194
TJN_TJX_TJMaxx 2H DIG_FY18,Foursquare,"PJPSSY_TJN_TJX_028_Audience_FOURSQUARE LABS, INC_DST_SV1_MAP_PRO_RCH_TRG_RON_PXT_BTG_DVY_PHASE 1_MOBILE RICH MEDIA TRENDSETTERS - Find A TJ Maxx Store_Run of Network_Geo_F25-54_320 x 50_Standard_NV_NA",204527598,10/17/2017,7,7,0,0,0,0,0,0,0,0,0,0
TJN_TJX_TJMaxx 2H DIG_FY18,xAd Inc.,PJMTN1_TJN_TJX_028_Mobile_GROUND TRUTH FKA XAD_DST_SV1_MAP_DIR_DSP_TRG_RON_DMA_DMA_DVY_PHASE 1_ADDED VALUE DMA TARGETING STANDALONE: STANDARD BANNER - Maxx You Maxx Life_Run of Network_Geo_F25-54_320 x 50_Click and View_NV_NA,204443461,10/3/2017,2,1,1,1,0,0,0,0,0,1,1,1
TJN_TJX_TJMaxx 2H DIG_FY18,xAd Inc.,PJMTN4_TJN_TJX_028_Mobile_GROUND TRUTH FKA XAD_DST_SV1_MAP_DIR_RCH_TRG_RON_BTG_BTG_DVY_PHASE 1_BEHAVIORAL AUDIENCE TRENDSETTERS PLACEMENT - RICH MEDIA STORE LOCATOR - Fall Handbag_Run of Network_Behavioral_F25-54_300 x 250_Click and View_NV_NA,204447281,10/16/2017,1301,11,1290,13,1277,2,1275,1204,71,15,14,1218
TJN_TJX_TJMaxx 2H DIG_FY18,xAd Inc.,PJYDBR_TJN_TJX_028_Mobile_GROUND TRUTH FKA XAD_DST_SV1_MAP_DIR_RCH_TRG_RON_BTG_BTG_DVY_PHASE 1_BEHAVIORAL AUDIENCE TRENDSETTERS PLACEMENT - RICH MEDIA STORE LOCATOR - Maxx You Maxx Life_Run of Network_Behavioral_F25-54_320 x 50_Click and View_NV_NA,205145234,9/29/2017,16421,189,16232,8740,7492,363,7129,5862,1267,9103,7485,13347
TJN_TJX_TJMaxx 2H DIG_FY18,xAd Inc.,PJMTNR_TJN_TJX_028_Mobile_GROUND TRUTH FKA XAD_DST_SV1_MAP_DIR_RCH_TRG_RON_BTG_BTG_DVY_PHASE 1_BEHAVIORAL AUDIENCE STRATEGIC SAVERS PLACEMENT - RICH MEDIA STORE LOCATOR - Fall Handbag_Run of Network_Behavioral_F25-54_300 x 250_Click and View_NV_NA,204442108,10/2/2017,5,0,5,3,2,2,0,0,0,5,2,2
TJN_TJX_TJMaxx 2H DIG_FY18,Foursquare,"PK0H83_TJN_TJX_028_Audience_FOURSQUARE LABS, INC_DST_SV1_MAP_PRO_RCH_TRG_RON_PXT_BTG_DVY_PHASE 1_MOBILE RICH MEDIA COMPETITIVE CONQUESTING - Fall Honeycomb_Run of Network_Geo_F25-54_300 x 250_Standard_NV_NA",205344161,10/12/2017,2812,58,2754,1031,1723,105,1618,528,1090,1136,371,899
TJN_TJX_TJMaxx 2H DIG_FY18,Conversant Inc.,PJPWBV_TJN_TJX_028_Audience_CONVERSANT_DST_SV1_DSK_NET_DSP_TRG_RON_BTG_BTG_DVY_PHASE 1_ DESKTOP MEDIUM RECTANGLE - CJ INTERACTORS LAL MODELING_Run of Site_Behavioral_P18+_300 x 250_Standard_NV_NA,204447743,10/10/2017,62279,4227,58052,13,58039,5954,52085,24353,27732,5967,2790,27143
TJN_MAR_023_Marshalls 2H Digital_F18,xAd Inc.,PJQ0Y7_TJN_MAR_023_Mobile_GROUND TRUTH FKA XAD_DST_SV1_MAP_DIR_DSP_TRG_RON_PXT_BTG_DVY_PROXIMITY LOYALTY - DYNAMIC DISTANCE_Run of Network_Geo_F25-54_300 x 250_Click and View_NV_NA,204541754,9/9/2017,45895,713,45182,45123,59,9,50,37,13,45132,33397,33434
TJN_TJX_TJMaxx 2H DIG_FY18,xAd Inc.,PJYDBM_TJN_TJX_028_Mobile_GROUND TRUTH FKA XAD_DST_SV1_MAP_DIR_RCH_TRG_RON_PXT_PXT_DVY_PHASE 1_PROXIMITY LOYALTY PLACEMENT - RICH MEDIA STORE LOCATOR - Fall Hero_Run of Network_Geo_F25-54_300 x 250_Click and View_NV_NA,205209355,9/22/2017,3110,43,3067,201,2866,14,2852,2691,161,215,203,2894
TJN_TJX_TJMaxx 2H DIG_FY18,Viant,"PJSPCK_TJN_TJC_031_Data_VIANT INC_PUR_ROI_MWB_DIR_DSP_TRG_RON_BTG_MKT_DVY_W25-54 + ONLINE SHOPPERS, CROSS DEVICE DISPLAY_Fixed Placement_Behavioral_F25-54_160 x 600_Click_NV_NA",204733041,10/14/2017,2009,32,1977,1,1976,170,1806,375,1431,171,36,411
TJN_TJX_TJMaxx 2H DIG_FY18,PlaceIQ,PK19YY_TJN_TJX_028_Mobile_PLACEIQ INC_DST_SV1_MAP_DIR_RCH_TRG_RON_BTG_PTG_DVY_PHASE 1_RICH MEDIA_STRATEGIC SAVERS_FREQUENT WOMEN'S APPAREL SHOPPER+DISCRETIONARY SPEND SHOPPERS_Run of Network_Behavioral_F25-54_320 x 50_Click and View_NV_NA,205568681,9/27/2017,57110,5873,51237,24121,27116,1025,26091,23183,2908,25146,22343,45526
TJN_TJX_TJMaxx 2H DIG_FY18,Viant,"PJNSGP_TJN_TJX_028_Data_VIANT INC_DSI_SV1_MWB_DIR_DSP_TRG_RON_BTG_CTG_DVY_PHASE 1_VIANT DIRECT MATCH RETAIL, TJX PORFOLIO LOYALISTS, DISPLAY_Fixed Placement_Behavioral_F25-54_300 x 50_Standard_NV_NA",204525579,10/15/2017,117,0,117,0,117,4,113,70,43,4,2,72
TJN_TJX_TJMaxx 2H DIG_FY18,Viant,"PKGJX1_TJN_TJX_028_Data_VIANT INC_DSI_SV1_DSK_DIR_RCH_TRG_INT_BTG_CTG_DVY_PHASE 1_VIANT IMP, W25-54 STRATEGIC SAVERS, CONTOBOX - Booties_Fixed Placement_Behavioral_F25-54_300 x 250_Click and View_NV_NA",206771930,10/21/2017,127,36,91,2,89,30,59,13,46,32,7,20
TJN_TJX_TJMaxx 2H DIG_FY18,Conversant Inc.,PJNPLV_TJN_TJX_028_Audience_CONVERSANT_DST_SV1_DSK_NET_DSP_TRG_RON_BTG_BTG_DVY_PHASE 1_ DESKTOP LEADERBOARD - CJ CONVERTERS LAL MODELING_Run of Site_Behavioral_P18+_728 x 90_Standard_NV_NA,204483933,10/16/2017,92858,7058,85800,7,85793,9108,76685,35218,41467,9115,4186,39404
TJN_TJX_TJMaxx 2H DIG_FY18,Foursquare,"PJPSSV_TJN_TJX_028_Audience_FOURSQUARE LABS, INC_DST_SV1_MAP_PRO_RCH_TRG_RON_PXT_BTG_DVY_PHASE 1_MOBILE RICH MEDIA STRATEGIC SAVERS - Fall Handbag_Run of Network_Geo_F25-54_300 x 250_Standard_NV_NA",204525360,9/30/2017,1216,234,982,184,798,44,754,321,433,228,97,418
TJN_MAR_023_Marshalls 2H Digital_F18,xAd Inc.,PJQ0YQ_TJN_MAR_023_Mobile_GROUND TRUTH FKA XAD_DST_SV1_MAP_DIR_DSP_TRG_RON_PXT_BTG_DVY_GEOBLOCKS CONQUESTING - DYNAMIC DISTANCE_Run of Network_Geo_F25-54_320 x 50_Click and View_NV_NA,204595632,9/25/2017,29517,659,28858,23323,5535,1887,3648,3283,365,25210,21729,25012
TJN_TJX_TJMaxx 2H DIG_FY18,Conversant Inc.,PJPTLP_TJN_TJC_031_Audience_CONVERSANT_PUR_ROI_DSK_NET_DSP_TRG_RON_BTG_BTG_DVY_DESKTOP LEADERBOARD- TRENDSETTERS_Run of Site_Other_P18+_728 x 90_Standard_NV_NA,204447782,10/21/2017,2067,62,2005,1,2004,416,1588,897,691,417,236,1133
TJN_TJX_TJMaxx 2H DIG_FY18,Viant,"PJSPCD_TJN_TJC_031_Data_VIANT INC_PUR_ROI_DSK_DIR_DSP_TRG_RON_BTG_MKT_DVY_W25-54 + ONLINE SHOPPERS, CROSS DEVICE DISPLAY_Fixed Placement_Behavioral_F25-54_728 x 90_Click_NV_NA",204733044,10/15/2017,21048,116,20932,0,20932,822,20110,17230,2880,822,704,17934
TJN_TJX_TJMaxx 2H DIG_FY18,Conversant Inc.,PJPWPG_TJN_TJX_028_Audience_CONVERSANT_DST_SV1_TAP_NET_DSP_TRG_RON_BTG_BTG_DVY_PHASE 1_ TABLET MEDIUM RECTANGLE  - CONVERSANT SHOPPERS AV_Run of Site_Behavioral_P18+_300 x 250_Standard_NV_NA,204446129,9/30/2017,297,2,295,0,295,49,246,99,147,49,20,119
TJN_TJX_TJMaxx 2H DIG_FY18,Conversant Inc.,PJPWBX_TJN_TJX_028_Audience_CONVERSANT_DST_SV1_DSK_NET_DSP_TRG_RON_BTG_BTG_DVY_PHASE 1_ DESKTOP WIDE SKYSCRAPER - CJ INTERACTORS LAL MODELING_Run of Site_Behavioral_P18+_160 x 600_Standard_NV_NA,204442033,10/7/2017,8335,592,7743,0,7743,1099,6644,2432,4212,1099,402,2834
TJN_TJX_TJMaxx 2H DIG_FY18,Hulu,PK3CRZ_TJN_TJX_027_Content_HULU_BAF_BS2_DSK_DIR_VID_SPN_CHS_CTG_CTG_DVY_FALL TV SPONSORSHIP: VIDEO COMMERCIAL - DESKTOP_FEP_Contextual_F25-54_1920 x 1080_Standard_NV_NA,205727706,10/8/2017,9477,148,9329,9329,0,0,0,0,0,9329,6323,6323
TJN_TJX_TJMaxx 2H DIG_FY18,xAd Inc.,PKF4ND_TJN_TJX_028_Mobile_GROUND TRUTH FKA XAD_DST_SV1_MAP_DIR_RCH_TRG_RON_BTG_BTG_DVY_PHASE 1_BEHAVIORAL AUDIENCE TRENDSETTERS PLACEMENT - RICH MEDIA STORE LOCATOR - Dresses_Run of Network_Behavioral_F25-54_300 x 250_Click and View_NV_NA,206812747,10/16/2017,1321,17,1304,13,1291,0,1291,1230,61,13,12,1242
TJN_MAR_023_Marshalls 2H Digital_F18,Spotify USA Inc.,PK0HN8_TJN_MAR_023_Audience_SPOTIFY USA INC_DST_SV2_MAP_DIR_DSP_TRG_ROS_DMA_PXT_DVY_MOBILE OVERLAY 630X920_Run of Site_Geo_F25-54_630 x 920_Click and View_NV_NA,205561904,10/10/2017,58414,360,58054,58054,0,0,0,0,0,58054,49586,49586
TJN_TJX_TJMaxx 2H DIG_FY18,xAd Inc.,PKF4CT_TJN_TJX_028_Mobile_GROUND TRUTH FKA XAD_DST_SV1_MAP_DIR_DSP_TRG_RON_BTG_BTG_DVY_PHASE 1_BEHAVIORAL AUDIENCE STRATEGIC SAVERS PLACEMENT - STANDARD BANNER - Dresses_Run of Network_Behavioral_F25-54_300 x 250_Click and View_NV_NA,206834097,10/21/2017,3521,46,3475,3475,0,0,0,0,0,3475,2637,2637
TJN_TJX_TJMaxx 2H DIG_FY18,Conversant Inc.,PJPTLK_TJN_TJC_031_Audience_CONVERSANT_PUR_ROI_DSK_NET_DSP_TRG_RON_BTG_BTG_DVY_DESKTOP RECTANGLE- TRENDSETTERS_Run of Site_Other_P18+_300 x 600_Standard_NV_NA,204483963,10/21/2017,181,14,167,0,167,39,128,21,107,39,6,27
TJN_TJX_TJMaxx 2H DIG_FY18,xAd Inc.,PJMTMZ_TJN_TJX_028_Mobile_GROUND TRUTH FKA XAD_DST_SV1_MAP_DIR_DSP_TRG_RON_RTG_RTG_DVY_PHASE 1_LOCATION AUDIENCE TJX SHOPPERS PLACEMENT - STANDARD BANNER - Maxx You Maxx Life_Run of Network_Retarget_F25-54_320 x 50_Click and View_NV_NA,204484011,9/25/2017,78080,1213,76867,28619,48248,29659,18589,16648,1941,58278,49076,65724
TJN_TJX_TJMaxx 2H DIG_FY18,xAd Inc.,PJYDBM_TJN_TJX_028_Mobile_GROUND TRUTH FKA XAD_DST_SV1_MAP_DIR_RCH_TRG_RON_PXT_PXT_DVY_PHASE 1_PROXIMITY LOYALTY PLACEMENT - RICH MEDIA STORE LOCATOR - Fall Hero_Run of Network_Geo_F25-54_300 x 250_Click and View_NV_NA,205209355,9/24/2017,4181,30,4151,148,4003,16,3987,3783,204,164,156,3939
TJN_TJX_TJMaxx 2H DIG_FY18,xAd Inc.,PJMTNR_TJN_TJX_028_Mobile_GROUND TRUTH FKA XAD_DST_SV1_MAP_DIR_RCH_TRG_RON_BTG_BTG_DVY_PHASE 1_BEHAVIORAL AUDIENCE STRATEGIC SAVERS PLACEMENT - RICH MEDIA STORE LOCATOR - Fall Handbag_Run of Network_Behavioral_F25-54_300 x 250_Click and View_NV_NA,204442108,10/1/2017,6,2,4,4,0,0,0,0,0,4,2,2
TJN_TJX_TJMaxx 2H DIG_FY18,Conversant Inc.,PJPWPB_TJN_TJX_028_Audience_CONVERSANT_DST_SV1_DSK_NET_DSP_TRG_RON_BTG_BTG_DVY_PHASE 1_ DESKTOP RECTANGLE - CONVERSANT SHOPPERS AV_Run of Site_Behavioral_P18+_300 x 600_Standard_NV_NA,204447254,9/21/2017,60,5,55,0,55,9,46,35,11,9,7,42
TJN_TJX_TJMaxx 2H DIG_FY18,Foursquare,"PK0H81_TJN_TJX_028_Audience_FOURSQUARE LABS, INC_DST_SV1_MAP_PRO_RCH_TRG_RON_PXT_BTG_DVY_PHASE 1_MOBILE RICH MEDIA TRENDSETTERS - Fall Honeycomb_Run of Network_Geo_F25-54_300 x 250_Standard_NV_NA",205337093,10/3/2017,8745,425,8320,3790,4530,229,4301,1218,3083,4019,1138,2356
TJN_TJX_TJMaxx 2H DIG_FY18,Foursquare,"PK0H82_TJN_TJX_028_Audience_FOURSQUARE LABS, INC_DST_SV1_MAP_PRO_RCH_TRG_RON_PXT_BTG_DVY_PHASE 1_MOBILE RICH MEDIA TRENDSETTERS - Find A Store_Run of Network_Geo_F25-54_320 x 50_Standard_NV_NA",205394971,9/20/2017,54629,1444,53185,38324,14861,1340,13521,9100,4421,39664,26695,35795
TJN_TJX_TJMaxx 2H DIG_FY18,Viant,"PK2V4T_TJN_TJX_028_Data_VIANT INC_DSI_SV1_TWB_DIR_RCH_TRG_INT_BTG_CTG_DVY_PHASE 1_VIANT IMP, W25-54 STRATEGIC SAVERS, CONTOBOX - Fall Homes_Fixed Placement_Behavioral_F25-54_160 x 600_Click and View_NV_NA",205687933,10/2/2017,3,0,3,1,2,1,1,1,0,2,2,3
TJN_TJX_TJMaxx 2H DIG_FY18,xAd Inc.,PJMTNC_TJN_TJX_028_Mobile_GROUND TRUTH FKA XAD_DST_SV1_MAP_DIR_DSP_TRG_RON_BTG_BTG_DVY_PHASE 1_BEHAVIORAL AUDIENCE TRENDSETTERS PLACEMENT - STANDARD BANNER - Maxx You Maxx Life_Run of Network_Behavioral_F25-54_320 x 50_Click and View_NV_NA,204447830,10/5/2017,2,1,1,0,1,0,1,1,0,0,0,1
TJN_TJX_TJMaxx 2H DIG_FY18,Viant,"PJNSH8_TJN_TJX_028_Data_VIANT INC_DSI_SV1_TWB_DIR_DSP_TRG_RON_BTG_CTG_DVY_PHASE 1_VIANT DIRECT MATCH RETAIL, COMPETITIVE CONQUESTING, DISPLAY_Fixed Placement_Behavioral_F25-54_728 x 90_Standard_NV_NA",204483019,9/25/2017,2,0,2,0,2,0,2,2,0,0,0,2
TJN_TJX_TJMaxx 2H DIG_FY18,xAd Inc.,PJPXK0_TJN_TJX_028_Mobile_GROUND TRUTH FKA XAD_DST_SV1_MAP_DIR_DSP_TRG_RON_BTG_BTG_DVY_PHASE 1_BEHAVIORAL AUDIENCE TRENDSETTERS PLACEMENT - STANDARD BANNER - TJMaxx_Run of Network_Behavioral_F25-54_320 x 50_Click and View_NV_NA,204483993,10/5/2017,2,0,2,0,2,1,1,1,0,1,1,2
TJN_TJX_TJMaxx 2H DIG_FY18,Viant,"PJNSHG_TJN_TJX_028_Data_VIANT INC_DSI_SV1_DSK_DIR_DSP_TRG_RON_BTG_CTG_DVY_PHASE 1_VIANT DIRECT MATCH RETAIL, COMPETITIVE CONQUESTING, DISPLAY_Fixed Placement_Behavioral_F25-54_728 x 90_Standard_NV_NA",204478490,10/6/2017,5058,192,4866,0,4866,535,4331,2353,1978,535,291,2644
TJN_TJX_TJMaxx 2H DIG_FY18,xAd Inc.,PJMTN0_TJN_TJX_028_Mobile_GROUND TRUTH FKA XAD_DST_SV1_MAP_DIR_DSP_TRG_RON_RTG_RTG_DVY_PHASE 1_LOCATION AUDIENCE TJX SHOPPERS PLACEMENT - STANDARD BANNER - Fall Handbag_Run of Network_Retarget_F25-54_300 x 250_Click and View_NV_NA,204447842,9/25/2017,42454,1157,41297,40963,334,7,327,310,17,40970,38840,39150
TJN_TJX_TJMaxx 2H DIG_FY18,xAd Inc.,PJMTN3_TJN_TJX_028_Mobile_GROUND TRUTH FKA XAD_DST_SV1_MAP_DIR_DSP_TRG_RON_RTG_RTG_DVY_PHASE 1_LOCATION AUDIENCE COMPETITIVE CONQUESTING PLACEMENT - STANDARD BANNER - Maxx You Maxx Life_Run of Network_Retarget_F25-54_320 x 50_Click and View_NV_NA,204442933,10/8/2017,8987,95,8892,4374,4518,182,4336,3470,866,4556,3583,7053
TJN_TJX_TJMaxx 2H DIG_FY18,Viant,"PKGJY9_TJN_TJX_028_Data_VIANT INC_DSI_SV1_DSK_DIR_RCH_TRG_INT_BTG_CTG_DVY_PHASE 1_VIANT IMP, W25-54 STRATEGIC SAVERS, CONTOBOX - Booties_Fixed Placement_Behavioral_F25-54_728 x 90_Click and View_NV_NA",206833290,10/19/2017,14,3,11,0,11,0,11,6,5,0,0,6
TJN_TJX_TJMaxx 2H DIG_FY18,Viant,"PK2V4T_TJN_TJX_028_Data_VIANT INC_DSI_SV1_TWB_DIR_RCH_TRG_INT_BTG_CTG_DVY_PHASE 1_VIANT IMP, W25-54 STRATEGIC SAVERS, CONTOBOX - Fall Homes_Fixed Placement_Behavioral_F25-54_160 x 600_Click and View_NV_NA",205687933,9/23/2017,254,0,254,0,254,11,243,28,215,11,1,29
TJN_TJX_TJMaxx 2H DIG_FY18,Conversant Inc.,PJPTLJ_TJN_TJC_031_Audience_CONVERSANT_PUR_ROI_TAP_NET_DSP_TRG_RON_BTG_BTG_DVY_TABLET MEDIUM RECTANGLE - TRENDSETTERS_Run of Site_Other_P18+_300 x 250_Standard_NV_NA,204447266,10/18/2017,410,8,402,0,402,74,328,112,216,74,25,137
TJN_TJX_TJMaxx 2H DIG_FY18,Viant,"PJSPBW_TJN_TJC_031_Data_VIANT INC_PUR_ROI_MWB_DIR_DSP_TRG_RON_BTG_MKT_DVY_DETERMINSTIC LAL OF ECOM CONVERTERS, CROSS DEVICE DISPLAY_Fixed Placement_Behavioral_F25-54_300 x 50_Click_NV_NA",204733524,10/1/2017,554,10,544,0,544,60,484,400,84,60,50,450
TJN_TJX_TJMaxx 2H DIG_FY18,xAd Inc.,PKF5KK_TJN_TJX_028_Mobile_GROUND TRUTH FKA XAD_DST_SV1_MAP_DIR_DSP_TRG_RON_RTG_RTG_DVY_PHASE 1_LOCATION AUDIENCE TJX SHOPPERS PLACEMENT - STANDARD BANNER - Booties_Run of Network_Retarget_F25-54_300 x 250_Click and View_NV_NA,206813071,10/20/2017,2254,52,2202,2202,0,0,0,0,0,2202,2202,2202
TJN_TJX_TJMaxx 2H DIG_FY18,xAd Inc.,PJYDBQ_TJN_TJX_028_Mobile_GROUND TRUTH FKA XAD_DST_SV1_MAP_DIR_RCH_TRG_RON_BTG_BTG_DVY_PHASE 1_BEHAVIORAL AUDIENCE TRENDSETTERS PLACEMENT - RICH MEDIA STORE LOCATOR - Fall Hero_Run of Network_Behavioral_F25-54_300 x 250_Click and View_NV_NA,205145231,10/10/2017,2559,4,2555,30,2525,7,2518,2418,100,37,36,2454
TJN_TJX_TJMaxx 2H DIG_FY18,Foursquare,"PJPSSY_TJN_TJX_028_Audience_FOURSQUARE LABS, INC_DST_SV1_MAP_PRO_RCH_TRG_RON_PXT_BTG_DVY_PHASE 1_MOBILE RICH MEDIA TRENDSETTERS - Find A TJ Maxx Store_Run of Network_Geo_F25-54_320 x 50_Standard_NV_NA",204527598,10/5/2017,34419,806,33613,20280,13333,1037,12296,7689,4607,21317,13330,21019
TJN_TJX_TJMaxx 2H DIG_FY18,Foursquare,"PKFMJM_TJN_TJX_028_Audience_FOURSQUARE LABS, INC_DST_SV1_MAP_PRO_RCH_TRG_RON_PXT_BTG_DVY_PHASE 1_MOBILE RICH MEDIA COMPETITIVE CONQUESTING - Booties_Run of Network_Geo_F25-54_300 x 250_Standard_NV_NA",206771834,10/21/2017,40,0,40,34,6,5,1,1,0,39,39,40
TJN_MAR_023_Marshalls 2H Digital_F18,xAd Inc.,PJQ0YH_TJN_MAR_023_Mobile_GROUND TRUTH FKA XAD_DST_SV1_MAP_DIR_DSP_TRG_RON_BTG_DMA_DVY_BEHAVIORAL - FASHION SHOPPER - DYNAMIC DISTANCE_Run of Network_Behavioral_F25-54_300 x 250_Click and View_NV_NA,204543443,9/17/2017,12672,588,12084,12084,0,0,0,0,0,12084,9259,9259
TJN_TJX_TJMaxx 2H DIG_FY18,Hulu,PK3F7L_TJN_TJX_027_Content_HULU_BAF_BS2_CTV_DIR_CUS_SPN_CHS_CTG_CTG_DVY_HULU ROS: PREMIUM SLATE - CONNECTED TV_FEP_Contextual_F25-54_1920 x 1080_Standard_NV_NA,205685923,9/25/2017,1,0,1,1,0,0,0,0,0,1,1,1
TJN_TJX_TJMaxx 2H DIG_FY18,Foursquare,"PJYHWD_TJN_TJX_028_Audience_FOURSQUARE LABS, INC_DST_SV1_MAP_PRO_DSP_TRG_RON_PXT_BTG_DVY_PHASE 1_PINPOINT COMPETITIVE CONQUESTING_Run of Network_Geo_F25-54_300 x 250_Standard_NV_NA",205235284,10/11/2017,4062,285,3777,2609,1168,78,1090,644,446,2687,1588,2232
TJN_MAR_023_Marshalls 2H Digital_F18,xAd Inc.,PJQ0YJ_TJN_MAR_023_Mobile_GROUND TRUTH FKA XAD_DST_SV1_MAP_DIR_DSP_TRG_RON_BTG_PXT_DVY_MARSHALLS SHOPPERS - DYNAMIC DISTANCE_Run of Network_Geo_F25-54_320 x 50_Click and View_NV_NA,204595911,10/6/2017,7604,136,7468,2713,4755,43,4712,3231,1481,2756,1894,5125
TJN_MAR_023_Marshalls 2H Digital_F18,NinthDecimal,PJPSRY_TJN_MAR_023_Mobile_NINTHDECIMAL_DST_SV1_MAP_DIR_RCH_TRG_RON_BTG_PXT_DVY_LOCATION GRAPH: LABOR DAY SALES SHOPPERS_Run of Network_Behavioral_F25-54_320 x 50_Click and View_NV_NA,204542876,9/20/2017,692,25,667,166,501,6,495,481,14,172,167,648
TJN_TJX_TJMaxx 2H DIG_FY18,PlaceIQ,PK18V9_TJN_TJX_028_Mobile_PLACEIQ INC_DST_SV1_MAP_DIR_DSP_TRG_RON_BTG_PXT_DVY_PHASE 1_STANDARD BANNER_TJX PROXIMITY LOYALISTS_LIVE BY TJMAXX - Maxx You Maxx Life_Run of Network_Behavioral_F25-54_320 x 50_Click and View_NV_NA,205661862,10/21/2017,6,6,0,0,0,0,0,0,0,0,0,0
TJN_TJX_TJMaxx 2H DIG_FY18,Viant,"PK2V4W_TJN_TJX_028_Data_VIANT INC_DSI_SV1_DSK_DIR_RCH_TRG_INT_BTG_CTG_DVY_PHASE 1_VIANT IMP, W25-54 STRATEGIC SAVERS, CONTOBOX - Fall Homes_Fixed Placement_Behavioral_F25-54_728 x 90_Click and View_NV_NA",205687309,9/30/2017,4775,79,4696,3,4693,327,4366,2260,2106,330,171,2431
TJN_TJX_TJMaxx 2H DIG_FY18,PlaceIQ,PK19YZ_TJN_TJX_028_Mobile_PLACEIQ INC_DST_SV1_MAP_DIR_RCH_TRG_RON_BTG_PTG_DVY_PHASE 1_RICH MEDIA_STRATEGIC SAVERS_INFORMER CONSUMER SHOPPERS+TOP TIER APPAREL SHOPPER_Run of Network_Behavioral_F25-54_320 x 50_Click and View_NV_NA,205563548,10/1/2017,22333,193,22140,14567,7573,351,7222,7121,101,14918,14709,21830
TJN_MAR_023_Marshalls 2H Digital_F18,NinthDecimal,PJPSS0_TJN_MAR_023_Mobile_NINTHDECIMAL_DST_SV1_MAP_DIR_RCH_TRG_RON_BTG_DMA_DVY_3RD PARTY: SURPRISE CHOOSERS_Run of Network_Behavioral_F25-54_320 x 50_Click and View_NV_NA,204595875,9/22/2017,57810,810,57000,18799,38201,286,37915,36738,1177,19085,18493,55231
TJN_TJX_TJMaxx 2H DIG_FY18,Foursquare,"PJPRV8_TJN_TJX_028_Audience_FOURSQUARE LABS, INC_DST_SV1_MAP_PRO_DSP_TRG_RON_PXT_BTG_DVY_PHASE 1_PINPOINT TRENDSETTERS AV_Run of Network_Geo_F25-54_300 x 250_Standard_NV_NA",204527100,9/25/2017,230,14,216,58,158,9,149,71,78,67,32,103
TJN_MAR_023_Marshalls 2H Digital_F18,xAd Inc.,PJQ0Y9_TJN_MAR_023_Mobile_GROUND TRUTH FKA XAD_DST_SV1_MAP_DIR_RCH_TRG_RON_WEA_PXT_DVY_PROXIMITY LOYALTY - WEATHER LOCATOR UNIT_Run of Network_Weather_F25-54_300 x 250_Click and View_NV_NA,204541757,9/27/2017,3092,93,2999,1982,1017,67,950,452,498,2049,975,1427
TJN_MAR_023_Marshalls 2H Digital_F18,NinthDecimal,PJPSRT_TJN_MAR_023_Mobile_NINTHDECIMAL_DST_SV1_MAP_DIR_RCH_TRG_RON_PXT_DMA_DVY_GEOFENCE: 15-20-MILE RADIUS AROUND RURAL STORES_Run of Network_Geo_F25-54_320 x 50_Click and View_NV_NA,204542885,9/12/2017,36228,891,35337,13604,21733,88,21645,21215,430,13692,13420,34635
TJN_TJX_TJMaxx 2H DIG_FY18,Foursquare,"PJMQ2K_TJN_TJX_028_Audience_FOURSQUARE LABS, INC_DST_SV1_MAP_PRO_DSP_TRG_RON_PXT_BTG_DVY_PHASE 1_PINPOINT STRATEGIC SAVERS_Run of Network_Geo_F25-54_320 x 50_Standard_NV_NA",204483454,10/10/2017,108885,2774,106111,58232,47879,1964,45915,36627,9288,60196,48019,84646
TJN_TJX_TJMaxx 2H DIG_FY18,NBC Universal Media,PK3H7Q_TJN_TJX_028_Content_NBCUNI.COM_BAF_BS2_DSK_DIR_DSP_SPN_HPT_CTG_CTG_DCM_100% SOV NBC THIS IS US ROADBLOCK 10/17 - 728X90 MOBILE_HP Takeover_Contextual_F25-54_728 x 90_Standard_NV_NA,205685944,10/18/2017,1121,58,1063,1,1062,30,1032,719,313,31,22,741
TJN_TJX_TJMaxx 2H DIG_FY18,Viant,"PJNSGT_TJN_TJX_028_Data_VIANT INC_DSI_SV1_DSK_DIR_DSP_TRG_RON_BTG_CTG_DVY_PHASE 1_VIANT DIRECT MATCH RETAIL, TJX PORFOLIO LOYALISTS, DISPLAY_Fixed Placement_Behavioral_F25-54_160 x 600_Standard_NV_NA",204483025,10/7/2017,2280,68,2212,0,2212,93,2119,1255,864,93,55,1310
TJN_TJX_TJMaxx 2H DIG_FY18,xAd Inc.,PJMTND_TJN_TJX_028_Mobile_GROUND TRUTH FKA XAD_DST_SV1_MAP_DIR_DSP_TRG_RON_PXT_PXT_DVY_PHASE 1_PROXIMITY LOYALTY PLACEMENT - STANDARD BANNER - Maxx You Maxx Life_Run of Network_Geo_F25-54_320 x 50_Click and View_NV_NA,204442096,9/6/2017,91251,1441,89810,56522,33288,12665,20623,19630,993,69187,59622,79252
TJN_TJX_TJMaxx 2H DIG_FY18,Viant,"PK2V4X_TJN_TJX_028_Data_VIANT INC_DSI_SV1_DSK_DIR_RCH_TRG_INT_BTG_CTG_DVY_PHASE 1_VIANT IMP, W25-54 STRATEGIC SAVERS, CONTOBOX - Fall Homes_Fixed Placement_Behavioral_F25-54_300 x 250_Click and View_NV_NA",205688458,10/2/2017,13615,100,13515,3,13512,1694,11818,5857,5961,1697,841,6698
TJN_TJX_TJMaxx 2H DIG_FY18,Conversant Inc.,PJNPMK_TJN_TJC_031_Audience_CONVERSANT_PUR_ROI_DSK_NET_DSP_TRG_RON_BTG_BTG_DVY_DESKTOP LEADERBOARD- STRATEGIC SAVERS_Run of Site_Other_P18+_728 x 90_Standard_NV_NA,204447263,10/12/2017,16585,1340,15245,0,15245,1702,13543,9841,3702,1702,1237,11078
TJN_MAR_023_Marshalls 2H Digital_F18,xAd Inc.,PJQ0YB_TJN_MAR_023_Mobile_GROUND TRUTH FKA XAD_DST_SV1_MAP_DIR_DSP_TRG_RON_PXT_BTG_DVY_PROXIMITY CONQUESTING - DYNAMIC DISTANCE_Run of Network_Geo_F25-54_320 x 50_Click and View_NV_NA,204541799,9/9/2017,22393,326,22067,11604,10463,6242,4221,3247,974,17846,11451,14698
TJN_MAR_023_Marshalls 2H Digital_F18,xAd Inc.,PJQ0YC_TJN_MAR_023_Mobile_GROUND TRUTH FKA XAD_DST_SV1_MAP_DIR_DSP_TRG_RON_PXT_BTG_DVY_PROXIMITY CONQUESTING - DYNAMIC DISTANCE_Run of Network_Geo_F25-54_300 x 250_Click and View_NV_NA,204595923,9/21/2017,8133,201,7932,7932,0,0,0,0,0,7932,1586,1586
TJN_MAR_023_Marshalls 2H Digital_F18,xAd Inc.,PJQ0YG_TJN_MAR_023_Mobile_GROUND TRUTH FKA XAD_DST_SV1_MAP_DIR_DSP_TRG_RON_BTG_DMA_DVY_BEHAVIORAL - FASHION SHOPPER - DYNAMIC DISTANCE_Run of Network_Behavioral_F25-54_320 x 50_Click and View_NV_NA,204557581,10/3/2017,3,1,2,2,0,0,0,0,0,2,2,2
TJN_TJX_TJMaxx 2H DIG_FY18,Viant,"PJNSGM_TJN_TJX_028_Data_VIANT INC_DSI_SV1_TWB_DIR_DSP_TRG_RON_BTG_CTG_DVY_PHASE 1_VIANT DIRECT MATCH RETAIL, TJX PORFOLIO LOYALISTS, DISPLAY_Fixed Placement_Behavioral_F25-54_728 x 90_Standard_NV_NA",204526722,10/18/2017,12930,75,12855,0,12855,1111,11744,8261,3483,1111,782,9043
TJN_TJX_TJMaxx 2H DIG_FY18,Viant,"PK2X7J_TJN_TJX_028_Data_VIANT INC_DSI_SV1_MWB_DIR_RCH_TRG_INT_BTG_CTG_DVY_PHASE 1_VIANT IMP, W25-54 STRATEGIC SAVERS, CONTOBOX - Honeycomb_Fixed Placement_Behavioral_F25-54_300 x 250_Click and View_NV_NA",205688479,10/1/2017,18,8,10,2,8,2,6,6,0,4,4,10
TJN_TJX_TJMaxx 2H DIG_FY18,Conversant Inc.,PJPTLH_TJN_TJC_031_Audience_CONVERSANT_PUR_ROI_TAP_NET_DSP_TRG_RON_BTG_BTG_DVY_TABLET LEADERBOARD- TRENDSETTERS_Run of Site_Other_P18+_728 x 90_Standard_NV_NA,204447779,10/10/2017,1814,17,1797,2,1795,257,1538,857,681,259,144,1001
TJN_TJX_TJMaxx 2H DIG_FY18,Viant,"PKGJ6Z_TJN_TJC_031_Data_VIANT INC_PUR_ROI_MWB_DIR_CUS_TRG_NAT_BTG_MKT_DVY_W25-54 + KEYWORD TARGETING, CROSS DEVICE NATIVE - Booties_Fixed Placement_Contextual_F25-54_0 x 0_Click_NV_NA",206833521,10/19/2017,19451,274,19177,19177,0,0,0,0,0,19177,15043,15043
TJN_MAR_023_Marshalls 2H Digital_F18,xAd Inc.,PJQ0YB_TJN_MAR_023_Mobile_GROUND TRUTH FKA XAD_DST_SV1_MAP_DIR_DSP_TRG_RON_PXT_BTG_DVY_PROXIMITY CONQUESTING - DYNAMIC DISTANCE_Run of Network_Geo_F25-54_320 x 50_Click and View_NV_NA,204541799,10/21/2017,24943,386,24557,23547,1010,85,925,845,80,23632,18120,18965
TJN_TJX_TJMaxx 2H DIG_FY18,xAd Inc.,PJMTNB_TJN_TJX_028_Mobile_GROUND TRUTH FKA XAD_DST_SV1_MAP_DIR_DSP_TRG_RON_BTG_BTG_DVY_PHASE 1_BEHAVIORAL AUDIENCE TRENDSETTERS PLACEMENT - STANDARD BANNER - Fall Handbag_Run of Network_Behavioral_F25-54_300 x 250_Click and View_NV_NA,204447833,9/6/2017,20987,754,20233,18448,1785,27,1758,1688,70,18475,17562,19250
TJN_TJX_TJMaxx 2H DIG_FY18,Hulu,PK3CXJ_TJN_TJX_027_Content_HULU_BAF_BS2_MAP_DIR_CUS_SPN_CHS_CTG_CTG_DVY_FALL TV SPONSORSHIP: PREMIUM SLATE - MOBILE IN APP_FEP_Contextual_F25-54_1920 x 1080_Standard_NV_NA,205683919,10/4/2017,2,0,2,2,0,0,0,0,0,2,1,1
TJN_TJX_TJMaxx 2H DIG_FY18,Conversant Inc.,PJPWPH_TJN_TJX_028_Audience_CONVERSANT_DST_SV1_MAP_NET_DSP_TRG_RON_BTG_BTG_DVY_PHASE 1_ SMARTPHONE MEDIUM RECTANGLE  - CONVERSANT SHOPPERS AV_Run of Site_Behavioral_P18+_300 x 250_Standard_NV_NA,204442060,9/17/2017,645,12,633,0,633,92,541,257,284,92,44,301
TJN_TJX_TJMaxx 2H DIG_FY18,Viant,"PK2X7K_TJN_TJX_028_Data_VIANT INC_DSI_SV1_DSK_DIR_RCH_TRG_INT_BTG_CTG_DVY_PHASE 1_VIANT IMP, W25-54 STRATEGIC SAVERS, CONTOBOX - Honeycomb_Fixed Placement_Behavioral_F25-54_160 x 600_Click and View_NV_NA",205726917,10/13/2017,3921,531,3390,4,3386,160,3226,1223,2003,164,62,1285
TJN_TJX_TJMaxx 2H DIG_FY18,Viant,"PK2V4X_TJN_TJX_028_Data_VIANT INC_DSI_SV1_DSK_DIR_RCH_TRG_INT_BTG_CTG_DVY_PHASE 1_VIANT IMP, W25-54 STRATEGIC SAVERS, CONTOBOX - Fall Homes_Fixed Placement_Behavioral_F25-54_300 x 250_Click and View_NV_NA",205688458,9/23/2017,4990,34,4956,1,4955,461,4494,751,3743,462,77,828
TJN_TJX_TJMaxx 2H DIG_FY18,Viant,"PKGJYF_TJN_TJX_028_Data_VIANT INC_DSI_SV1_DSK_DIR_RCH_TRG_INT_BTG_CTG_DVY_PHASE 1_VIANT IMP, W25-54 STRATEGIC SAVERS, CONTOBOX - Dresses_Fixed Placement_Behavioral_F25-54_728 x 90_Click and View_NV_NA",206772464,10/20/2017,9,2,7,0,7,1,6,5,1,1,1,6
TJN_TJX_TJMaxx 2H DIG_FY18,xAd Inc.,PKF473_TJN_TJX_028_Mobile_GROUND TRUTH FKA XAD_DST_SV1_MAP_DIR_DSP_TRG_RON_PXT_PXT_DVY_PHASE 1_PROXIMITY LOYALTY PLACEMENT - STANDARD BANNER - Find A Store V1_Run of Network_Geo_F25-54_320 x 50_Click and View_NV_NA,206813098,10/18/2017,3478,79,3399,1085,2314,28,2286,1867,419,1113,909,2776
TJN_TJX_TJMaxx 2H DIG_FY18,Conversant Inc.,PJPTLN_TJN_TJC_031_Audience_CONVERSANT_PUR_ROI_MAP_NET_DSP_TRG_RON_BTG_BTG_DVY_SMARTPHONE MEDIUM RECTANGLE - TRENDSETTERS_Run of Site_Other_P18+_300 x 250_Standard_NV_NA,204446141,10/14/2017,576,6,570,0,570,107,463,378,85,107,87,465
TJN_TJX_TJMaxx 2H DIG_FY18,Viant,"PK2X7J_TJN_TJX_028_Data_VIANT INC_DSI_SV1_MWB_DIR_RCH_TRG_INT_BTG_CTG_DVY_PHASE 1_VIANT IMP, W25-54 STRATEGIC SAVERS, CONTOBOX - Honeycomb_Fixed Placement_Behavioral_F25-54_300 x 250_Click and View_NV_NA",205688479,10/2/2017,13,3,10,3,7,4,3,3,0,7,7,10
TJN_TJX_TJMaxx 2H DIG_FY18,Foursquare,"PK0H7Z_TJN_TJX_028_Audience_FOURSQUARE LABS, INC_DST_SV1_MAP_PRO_RCH_TRG_RON_PXT_BTG_DVY_PHASE 1_MOBILE RICH MEDIA STRATEGIC SAVERS - Fall Honeycomb_Run of Network_Geo_F25-54_300 x 250_Standard_NV_NA",205341980,10/7/2017,263,23,240,65,175,16,159,44,115,81,22,66
TJN_TJX_TJMaxx 2H DIG_FY18,PlaceIQ,PK18VC_TJN_TJX_028_Mobile_PLACEIQ INC_DST_SV1_MAP_DIR_RCH_TRG_RON_BTG_PXT_DVY_PHASE 1_RICH MEDIA_TJX PORTFOLIO LOYALISTS_Run of Network_Behavioral_F25-54_320 x 50_Click and View_NV_NA,205568912,10/18/2017,26560,652,25908,7487,18421,479,17942,17593,349,7966,7811,25404
TJN_TJX_TJMaxx 2H DIG_FY18,xAd Inc.,PJMTNQ_TJN_TJX_028_Mobile_GROUND TRUTH FKA XAD_DST_SV1_MAP_DIR_RCH_TRG_RON_BTG_BTG_DVY_PHASE 1_BEHAVIORAL AUDIENCE STRATEGIC SAVERS PLACEMENT - RICH MEDIA STORE LOCATOR - TJ Maxx_Run of Network_Behavioral_F25-54_320 x 50_Click and View_NV_NA,204447845,10/15/2017,7218,74,7144,3607,3537,135,3402,3126,276,3742,3438,6564
TJN_TJX_TJMaxx 2H DIG_FY18,Viant,"PK2V4X_TJN_TJX_028_Data_VIANT INC_DSI_SV1_DSK_DIR_RCH_TRG_INT_BTG_CTG_DVY_PHASE 1_VIANT IMP, W25-54 STRATEGIC SAVERS, CONTOBOX - Fall Homes_Fixed Placement_Behavioral_F25-54_300 x 250_Click and View_NV_NA",205688458,10/1/2017,21615,147,21468,4,21464,5003,16461,10651,5810,5007,3240,13891
TJN_TJX_TJMaxx 2H DIG_FY18,NBC Universal Media,PK2KJV_TJN_TJX_028_Content_NBCUNI.COM_BAF_BS2_OTT_DIR_VID_SPN_ROS_BTG_CTG_MOA_THIS IS US SPONSORSHIP: OTT - VIGNETTE 2_Run of Site_Behavioral_F25-54_1920 x 1080_Click and View_NV_NA,205613677,10/10/2017,34190,66,34124,34124,0,0,0,0,0,34124,22067,22067
TJN_MAR_023_Marshalls 2H Digital_F18,xAd Inc.,PJQ0YR_TJN_MAR_023_Mobile_GROUND TRUTH FKA XAD_DST_SV1_MAP_DIR_DSP_TRG_RON_PXT_BTG_DVY_GEOBLOCKS CONQUESTING - DYNAMIC DISTANCE_Run of Network_Geo_F25-54_300 x 250_Click and View_NV_NA,204555244,10/18/2017,9029,548,8481,8481,0,0,0,0,0,8481,1380,1380
TJN_MAR_023_Marshalls 2H Digital_F18,NinthDecimal,"PJPSS1_TJN_MAR_023_Mobile_NINTHDECIMAL_DST_SV1_MAP_DIR_RCH_TRG_RON_BTG_DMA_DVY_TV TARGETING: PEOPLE WHO WATCH BRAVO, TLC, HGTV, A&E, LIFETIME, DISCOVERY_Run of Network_Behavioral_F25-54_320 x 50_Click and View_NV_NA",204541508,10/15/2017,27059,359,26700,6457,20243,114,20129,19313,816,6571,6305,25618
TJN_MAR_023_Marshalls 2H Digital_F18,NinthDecimal,PJPSS0_TJN_MAR_023_Mobile_NINTHDECIMAL_DST_SV1_MAP_DIR_RCH_TRG_RON_BTG_DMA_DVY_3RD PARTY: SURPRISE CHOOSERS_Run of Network_Behavioral_F25-54_320 x 50_Click and View_NV_NA,204595875,9/24/2017,17810,335,17475,5309,12166,100,12066,11623,443,5409,5210,16833
TJN_TJX_TJMaxx 2H DIG_FY18,Viant,"PJNSGS_TJN_TJX_028_Data_VIANT INC_DSI_SV1_MWB_DIR_DSP_TRG_RON_BTG_CTG_DVY_PHASE 1_VIANT DIRECT MATCH RETAIL, TJX PORFOLIO LOYALISTS, DISPLAY_Fixed Placement_Behavioral_F25-54_320 x 50_Standard_NV_NA",204524922,10/16/2017,661,3,658,0,658,59,599,507,92,59,50,557
TJN_TJX_TJMaxx 2H DIG_FY18,PlaceIQ,PK18PW_TJN_TJX_028_Mobile_PLACEIQ INC_DST_SV1_MAP_DIR_DSP_TRG_RON_BTG_PXT_DVY_PHASE 1_STANDARD BANNER_TRENDSTTERS_SOCIAL MEDIA INFLUENCER PLUS NEARBY TJMAXX - Maxx You Maxx Life_Run of Network_Behavioral_F25-54_320 x 50_Click and View_NV_NA,205566944,10/17/2017,30951,1506,29445,15116,14329,160,14169,13869,300,15276,14953,28822
TJN_TJX_TJMaxx 2H DIG_FY18,Viant,"PK2X7J_TJN_TJX_028_Data_VIANT INC_DSI_SV1_MWB_DIR_RCH_TRG_INT_BTG_CTG_DVY_PHASE 1_VIANT IMP, W25-54 STRATEGIC SAVERS, CONTOBOX - Honeycomb_Fixed Placement_Behavioral_F25-54_300 x 250_Click and View_NV_NA",205688479,9/23/2017,3988,36,3952,1,3951,193,3758,713,3045,194,37,750
TJN_TJX_TJMaxx 2H DIG_FY18,xAd Inc.,PJMTNC_TJN_TJX_028_Mobile_GROUND TRUTH FKA XAD_DST_SV1_MAP_DIR_DSP_TRG_RON_BTG_BTG_DVY_PHASE 1_BEHAVIORAL AUDIENCE TRENDSETTERS PLACEMENT - STANDARD BANNER - Maxx You Maxx Life_Run of Network_Behavioral_F25-54_320 x 50_Click and View_NV_NA,204447830,10/17/2017,2,1,1,1,0,0,0,0,0,1,1,1
TJN_TJX_TJMaxx 2H DIG_FY18,Viant,"PJNSHB_TJN_TJX_028_Data_VIANT INC_DSI_SV1_MWB_DIR_DSP_TRG_RON_BTG_CTG_DVY_PHASE 1_VIANT DIRECT MATCH RETAIL, COMPETITIVE CONQUESTING, DISPLAY_Fixed Placement_Behavioral_F25-54_300 x 50_Standard_NV_NA",204478658,9/20/2017,19327,152,19175,0,19175,5501,13674,10414,3260,5501,4190,14604
TJN_MAR_023_Marshalls 2H Digital_F18,NinthDecimal,PJPSRV_TJN_MAR_023_Mobile_NINTHDECIMAL_DST_SV1_MAP_DIR_RCH_TRG_RON_BTG_PXT_DVY_LOCATION GRAPH: MARSHALLS LOYALISTS_Run of Network_Behavioral_F25-54_320 x 50_Click and View_NV_NA,204555232,10/4/2017,18831,325,18506,7226,11280,62,11218,10832,386,7288,7037,17869
TJN_TJX_TJMaxx 2H DIG_FY18,NBC Universal Media,PK2KJY_TJN_TJX_028_Content_NBCUNI.COM_BAF_BS2_DSK_DIR_VID_SPN_ROS_BTG_CTG_MOA_THIS IS US SPONSORSHIP: DESKTOP - VIGNETTE 3_Run of Site_Behavioral_F25-54_1920 x 1080_Click and View_NV_NA,205659768,10/13/2017,43182,628,42554,42554,0,0,0,0,0,42554,29165,29165
TJN_TJX_TJMaxx 2H DIG_FY18,Viant,"PKGJ3Y_TJN_TJC_031_Data_VIANT INC_PUR_ROI_TWB_DIR_CUS_TRG_NAT_BTG_MKT_DVY_W25-54 + KEYWORD TARGETING, CROSS DEVICE NATIVE - Dresses_Fixed Placement_Contextual_F25-54_1 x 1_Click_NV_NA",206771810,10/20/2017,8569,102,8467,8467,0,0,0,0,0,8467,5040,5040
TJN_TJX_TJMaxx 2H DIG_FY18,PlaceIQ,PK19YZ_TJN_TJX_028_Mobile_PLACEIQ INC_DST_SV1_MAP_DIR_RCH_TRG_RON_BTG_PTG_DVY_PHASE 1_RICH MEDIA_STRATEGIC SAVERS_INFORMER CONSUMER SHOPPERS+TOP TIER APPAREL SHOPPER_Run of Network_Behavioral_F25-54_320 x 50_Click and View_NV_NA,205563548,10/2/2017,38445,709,37736,12624,25112,803,24309,23953,356,13427,13230,37183
TJN_MAR_023_Marshalls 2H Digital_F18,NinthDecimal,PJPSRZ_TJN_MAR_023_Mobile_NINTHDECIMAL_DST_SV1_MAP_DIR_RCH_TRG_RON_BTG_DMA_DVY_CONSUMER JOURNEY: BARGAIN HUNTERS_Run of Network_Behavioral_F25-54_320 x 50_Click and View_NV_NA,204542873,10/4/2017,11431,249,11182,4196,6986,50,6936,6675,261,4246,4086,10761
TJN_TJX_TJMaxx 2H DIG_FY18,xAd Inc.,PJMTMR_TJN_TJX_028_Mobile_GROUND TRUTH FKA XAD_DST_SV1_MAP_DIR_RCH_TRG_RON_PXT_PXT_DVY_PHASE 1_PROXIMITY LOYALTY PLACEMENT - RICH MEDIA STORE LOCATOR - Fall Handbag_Run of Network_Geo_F25-54_300 x 250_Click and View_NV_NA,204442093,9/7/2017,7908,133,7775,1619,6156,45,6111,5866,245,1664,1597,7463
TJN_TJX_TJMaxx 2H DIG_FY18,PlaceIQ,PK19YZ_TJN_TJX_028_Mobile_PLACEIQ INC_DST_SV1_MAP_DIR_RCH_TRG_RON_BTG_PTG_DVY_PHASE 1_RICH MEDIA_STRATEGIC SAVERS_INFORMER CONSUMER SHOPPERS+TOP TIER APPAREL SHOPPER_Run of Network_Behavioral_F25-54_320 x 50_Click and View_NV_NA,205563548,9/23/2017,102886,4477,98409,61565,36844,1589,35255,34325,930,63154,61488,95813
TJN_TJX_TJMaxx 2H DIG_FY18,Viant,"PJSPBW_TJN_TJC_031_Data_VIANT INC_PUR_ROI_MWB_DIR_DSP_TRG_RON_BTG_MKT_DVY_DETERMINSTIC LAL OF ECOM CONVERTERS, CROSS DEVICE DISPLAY_Fixed Placement_Behavioral_F25-54_300 x 50_Click_NV_NA",204733524,10/2/2017,642,8,634,0,634,59,575,469,106,59,48,517
TJN_TJX_TJMaxx 2H DIG_FY18,Foursquare,"PJYHWD_TJN_TJX_028_Audience_FOURSQUARE LABS, INC_DST_SV1_MAP_PRO_DSP_TRG_RON_PXT_BTG_DVY_PHASE 1_PINPOINT COMPETITIVE CONQUESTING_Run of Network_Geo_F25-54_300 x 250_Standard_NV_NA",205235284,10/6/2017,4473,381,4092,2289,1803,150,1653,1057,596,2439,1560,2617
TJN_MAR_023_Marshalls 2H Digital_F18,xAd Inc.,PJQ0YJ_TJN_MAR_023_Mobile_GROUND TRUTH FKA XAD_DST_SV1_MAP_DIR_DSP_TRG_RON_BTG_PXT_DVY_MARSHALLS SHOPPERS - DYNAMIC DISTANCE_Run of Network_Geo_F25-54_320 x 50_Click and View_NV_NA,204595911,10/11/2017,8528,95,8433,3374,5059,136,4923,3606,1317,3510,2578,6184
TJN_TJX_TJMaxx 2H DIG_FY18,Conversant Inc.,PJPTLK_TJN_TJC_031_Audience_CONVERSANT_PUR_ROI_DSK_NET_DSP_TRG_RON_BTG_BTG_DVY_DESKTOP RECTANGLE- TRENDSETTERS_Run of Site_Other_P18+_300 x 600_Standard_NV_NA,204483963,10/4/2017,1219,25,1194,0,1194,131,1063,240,823,131,30,270
TJN_TJX_TJMaxx 2H DIG_FY18,Viant,"PJNSGN_TJN_TJX_028_Data_VIANT INC_DSI_SV1_TWB_DIR_DSP_TRG_RON_BTG_CTG_DVY_PHASE 1_VIANT DIRECT MATCH RETAIL, TJX PORFOLIO LOYALISTS, DISPLAY_Fixed Placement_Behavioral_F25-54_300 x 250_Standard_NV_NA",204526347,9/20/2017,1241,21,1220,0,1220,83,1137,755,382,83,55,810
TJN_TJX_TJMaxx 2H DIG_FY18,Viant,"PJNSGW_TJN_TJX_028_Data_VIANT INC_DSI_SV1_DSK_DIR_DSP_TRG_RON_BTG_CTG_DVY_PHASE 1_VIANT DIRECT MATCH RETAIL, TJX PORFOLIO LOYALISTS, DISPLAY_Fixed Placement_Behavioral_F25-54_300 x 250_Standard_NV_NA",204478514,10/7/2017,1762,65,1697,0,1697,47,1650,1312,338,47,37,1349
TJN_MAR_023_Marshalls 2H Digital_F18,xAd Inc.,PJQ0YG_TJN_MAR_023_Mobile_GROUND TRUTH FKA XAD_DST_SV1_MAP_DIR_DSP_TRG_RON_BTG_DMA_DVY_BEHAVIORAL - FASHION SHOPPER - DYNAMIC DISTANCE_Run of Network_Behavioral_F25-54_320 x 50_Click and View_NV_NA,204557581,9/23/2017,28066,466,27600,23050,4550,1582,2968,2660,308,24632,19882,22542
TJN_TJX_TJMaxx 2H DIG_FY18,Foursquare,"PJPST0_TJN_TJX_028_Audience_FOURSQUARE LABS, INC_DST_SV1_MAP_PRO_RCH_TRG_RON_PXT_BTG_DVY_PHASE 1_MOBILE RICH MEDIA COMPETITIVE CONQUESTING - Find A TJ Maxx Store_Run of Network_Geo_F25-54_320 x 50_Standard_NV_NA",204525348,9/27/2017,61547,2022,59525,51710,7815,887,6928,5365,1563,52597,40731,46096
TJN_TJX_TJMaxx 2H DIG_FY18,Foursquare,"PJYHWD_TJN_TJX_028_Audience_FOURSQUARE LABS, INC_DST_SV1_MAP_PRO_DSP_TRG_RON_PXT_BTG_DVY_PHASE 1_PINPOINT COMPETITIVE CONQUESTING_Run of Network_Geo_F25-54_300 x 250_Standard_NV_NA",205235284,9/21/2017,7057,672,6385,2905,3480,188,3292,1701,1591,3093,1598,3299
TJN_MAR_023_Marshalls 2H Digital_F18,xAd Inc.,PJQ0YG_TJN_MAR_023_Mobile_GROUND TRUTH FKA XAD_DST_SV1_MAP_DIR_DSP_TRG_RON_BTG_DMA_DVY_BEHAVIORAL - FASHION SHOPPER - DYNAMIC DISTANCE_Run of Network_Behavioral_F25-54_320 x 50_Click and View_NV_NA,204557581,10/2/2017,2,1,1,1,0,0,0,0,0,1,1,1
TJN_MAR_023_Marshalls 2H Digital_F18,Bustle,PKGB5V_TJN_MAR_023_Content_BUSTLE_Custom Content Roadblock Custom Shot Feature 3 - Panoramic_Roadblock_Contextual_F25-54_1 x 1_Click and View_NV_NA,206751418,10/21/2017,6353,46,6307,0,6307,5699,608,196,412,5699,1837,2033
TJN_TJX_TJMaxx 2H DIG_FY18,xAd Inc.,PKF477_TJN_TJX_028_Mobile_GROUND TRUTH FKA XAD_DST_SV1_MAP_DIR_DSP_TRG_RON_PXT_PXT_DVY_PHASE 1_PROXIMITY LOYALTY PLACEMENT - STANDARD BANNER - Find A Store V2_Run of Network_Geo_F25-54_320 x 50_Click and View_NV_NA,206772098,10/19/2017,5021,64,4957,2550,2407,34,2373,1741,632,2584,1896,3637
TJN_TJX_TJMaxx 2H DIG_FY18,Viant,"PK2V4X_TJN_TJX_028_Data_VIANT INC_DSI_SV1_DSK_DIR_RCH_TRG_INT_BTG_CTG_DVY_PHASE 1_VIANT IMP, W25-54 STRATEGIC SAVERS, CONTOBOX - Fall Homes_Fixed Placement_Behavioral_F25-54_300 x 250_Click and View_NV_NA",205688458,10/3/2017,23677,158,23519,6,23513,2669,20844,7595,13249,2675,975,8570
TJN_MAR_023_Marshalls 2H Digital_F18,xAd Inc.,PJQ0YK_TJN_MAR_023_Mobile_GROUND TRUTH FKA XAD_DST_SV1_MAP_DIR_DSP_TRG_RON_BTG_PXT_DVY_MARSHALLS SHOPPERS - DYNAMIC DISTANCE_Run of Network_Geo_F25-54_300 x 250_Click and View_NV_NA,204543440,9/23/2017,3850,617,3233,3233,0,0,0,0,0,3233,2959,2959
TJN_TJX_TJMaxx 2H DIG_FY18,Conversant Inc.,PJPWPD_TJN_TJX_028_Audience_CONVERSANT_DST_SV1_MAP_NET_DSP_TRG_RON_BTG_BTG_DVY_PHASE 1_ SMARTPHONE SMALL BANNER  - CONVERSANT SHOPPERS AV_Run of Site_Behavioral_P18+_320 x 50_Standard_NV_NA,204447251,9/15/2017,1204,32,1172,0,1172,324,848,509,339,324,194,703
TJN_TJX_TJMaxx 2H DIG_FY18,xAd Inc.,PJPXJY_TJN_TJX_028_Mobile_GROUND TRUTH FKA XAD_DST_SV1_MAP_DIR_DSP_TRG_RON_BTG_BTG_DVY_PHASE 1_BEHAVIORAL AUDIENCE STRATEGIC SAVERS PLACEMENT - STANDARD BANNER - Fall Hero_Run of Network_Behavioral_F25-54_300 x 250_Click and View_NV_NA,204484017,9/14/2017,10287,259,10028,10012,16,6,10,2,8,10018,2004,2006
TJN_TJX_TJMaxx 2H DIG_FY18,Foursquare,"PJPQL0_TJN_TJX_028_Audience_FOURSQUARE LABS, INC_DST_SV1_MAP_PRO_DSP_TRG_RON_PXT_BTG_DVY_PHASE 1_PINPOINT TRENDSETTERS_Run of Network_Geo_F25-54_320 x 50_Standard_NV_NA",204478094,9/20/2017,200191,8912,191279,107542,83737,3041,80696,60407,20289,110583,82780,143187
TJN_TJX_TJMaxx 2H DIG_FY18,Viant,"PJSPCM_TJN_TJC_031_Data_VIANT INC_PUR_ROI_TWB_DIR_DSP_TRG_RON_BTG_MKT_DVY_W25-54 + ONLINE SHOPPERS, CROSS DEVICE DISPLAY_Fixed Placement_Behavioral_F25-54_300 x 250_Click_NV_NA",204733512,10/18/2017,50623,773,49850,3,49847,3620,46227,34453,11774,3623,2700,37153
TJN_TJX_TJMaxx 2H DIG_FY18,xAd Inc.,PJPXJQ_TJN_TJX_028_Mobile_GROUND TRUTH FKA XAD_DST_SV1_MAP_DIR_DSP_TRG_RON_RTG_RTG_DVY_PHASE 1_LOCATION AUDIENCE TJX SHOPPERS PLACEMENT - STANDARD BANNER - TJMaxx_Run of Network_Retarget_F25-54_320 x 50_Click and View_NV_NA,204447839,10/10/2017,7866,35,7831,2827,5004,60,4944,3810,1134,2887,2225,6035
TJN_MAR_023_Marshalls 2H Digital_F18,xAd Inc.,PJQ0YC_TJN_MAR_023_Mobile_GROUND TRUTH FKA XAD_DST_SV1_MAP_DIR_DSP_TRG_RON_PXT_BTG_DVY_PROXIMITY CONQUESTING - DYNAMIC DISTANCE_Run of Network_Geo_F25-54_300 x 250_Click and View_NV_NA,204595923,10/11/2017,13038,540,12498,12498,0,0,0,0,0,12498,2206,2206
TJN_TJX_TJMaxx 2H DIG_FY18,Viant,"PJNSGR_TJN_TJX_028_Data_VIANT INC_DSI_SV1_TWB_DIR_DSP_TRG_RON_BTG_CTG_DVY_PHASE 1_VIANT DIRECT MATCH RETAIL, TJX PORFOLIO LOYALISTS, DISPLAY_Fixed Placement_Behavioral_F25-54_160 x 600_Standard_NV_NA",204478520,10/14/2017,129,3,126,0,126,1,125,39,86,1,0,39
TJN_TJX_TJMaxx 2H DIG_FY18,xAd Inc.,PJPXJY_TJN_TJX_028_Mobile_GROUND TRUTH FKA XAD_DST_SV1_MAP_DIR_DSP_TRG_RON_BTG_BTG_DVY_PHASE 1_BEHAVIORAL AUDIENCE STRATEGIC SAVERS PLACEMENT - STANDARD BANNER - Fall Hero_Run of Network_Behavioral_F25-54_300 x 250_Click and View_NV_NA,204484017,10/14/2017,8344,77,8267,8263,4,0,4,4,0,8263,8263,8267
TJN_TJX_TJMaxx 2H DIG_FY18,Viant,"PK2V4W_TJN_TJX_028_Data_VIANT INC_DSI_SV1_DSK_DIR_RCH_TRG_INT_BTG_CTG_DVY_PHASE 1_VIANT IMP, W25-54 STRATEGIC SAVERS, CONTOBOX - Fall Homes_Fixed Placement_Behavioral_F25-54_728 x 90_Click and View_NV_NA",205687309,10/16/2017,1064,40,1024,3,1021,70,951,858,93,73,66,924
TJN_TJX_TJMaxx 2H DIG_FY18,Conversant Inc.,PJPTML_TJN_TJC_031_Audience_CONVERSANT_PUR_ROI_DSK_NET_DSP_TRG_RON_BTG_BTG_DVY_DESKTOP WIDE SKYSCRAPER- COMPETITIVE CONQUESTING_Run of Site_Other_P18+_160 x 600_Standard_NV_NA,204447224,10/18/2017,752,48,704,0,704,90,614,253,361,90,37,290
TJN_TJX_TJMaxx 2H DIG_FY18,xAd Inc.,PJMTNF_TJN_TJX_028_Mobile_GROUND TRUTH FKA XAD_DST_SV1_MAP_DIR_DSP_TRG_RON_PXT_PXT_DVY_PHASE 1_PROXIMITY LOYALTY PLACEMENT - STANDARD BANNER - Fall Handbag_Run of Network_Geo_F25-54_300 x 250_Click and View_NV_NA,204446159,10/8/2017,10090,186,9904,9861,43,11,32,4,28,9872,1234,1238
TJN_TJX_TJMaxx 2H DIG_FY18,Viant,"PJSPBZ_TJN_TJC_031_Data_VIANT INC_PUR_ROI_TWB_DIR_DSP_TRG_RON_BTG_MKT_DVY_DETERMINSTIC LAL OF ECOM CONVERTERS, CROSS DEVICE DISPLAY_Fixed Placement_Behavioral_F25-54_160 x 600_Click_NV_NA",204716194,10/15/2017,194,6,188,0,188,36,152,13,139,36,3,16
TJN_TJX_TJMaxx 2H DIG_FY18,Viant,"PJNSGR_TJN_TJX_028_Data_VIANT INC_DSI_SV1_TWB_DIR_DSP_TRG_RON_BTG_CTG_DVY_PHASE 1_VIANT DIRECT MATCH RETAIL, TJX PORFOLIO LOYALISTS, DISPLAY_Fixed Placement_Behavioral_F25-54_160 x 600_Standard_NV_NA",204478520,9/14/2017,65,1,64,0,64,3,61,49,12,3,2,51
TJN_TJX_TJMaxx 2H DIG_FY18,Foursquare,"PJPRQH_TJN_TJX_028_Audience_FOURSQUARE LABS, INC_DST_SV1_MAP_PRO_DSP_TRG_RON_PXT_BTG_DVY_PHASE 1_PINPOINT STRATEGIC SAVERS AV_Run of Network_Geo_F25-54_300 x 250_Standard_NV_NA",204481807,9/16/2017,792,71,721,162,559,68,491,161,330,230,75,236
TJN_TJX_TJMaxx 2H DIG_FY18,xAd Inc.,PJPXJR_TJN_TJX_028_Mobile_GROUND TRUTH FKA XAD_DST_SV1_MAP_DIR_DSP_TRG_RON_RTG_RTG_DVY_PHASE 1_LOCATION AUDIENCE TJX SHOPPERS PLACEMENT - STANDARD BANNER - Fall Hero_Run of Network_Retarget_F25-54_300 x 250_Click and View_NV_NA,204442105,9/18/2017,11688,315,11373,11359,14,1,13,5,8,11360,4369,4374
TJN_MAR_023_Marshalls 2H Digital_F18,NinthDecimal,PJPSRR_TJN_MAR_023_Mobile_NINTHDECIMAL_DST_SV1_MAP_DIR_RCH_TRG_RON_PXT_DMA_DVY_GEOFENCE: 2-MILE RADIUS AROUND URBAN STORES_Run of Network_Geo_F25-54_320 x 50_Click and View_NV_NA,204541523,9/27/2017,79178,2727,76451,36991,39460,202,39258,38098,1160,37193,36094,74192
TJN_TJX_TJMaxx 2H DIG_FY18,xAd Inc.,PJPXK1_TJN_TJX_028_Mobile_GROUND TRUTH FKA XAD_DST_SV1_MAP_DIR_DSP_TRG_RON_PXT_PXT_DVY_PHASE 1_PROXIMITY LOYALTY PLACEMENT - STANDARD BANNER - TJMaxx_Run of Network_Geo_F25-54_320 x 50_Click and View_NV_NA,204483996,10/5/2017,5,0,5,2,3,2,1,1,0,4,4,5
TJN_TJX_TJMaxx 2H DIG_FY18,Viant,"PJSPBW_TJN_TJC_031_Data_VIANT INC_PUR_ROI_MWB_DIR_DSP_TRG_RON_BTG_MKT_DVY_DETERMINSTIC LAL OF ECOM CONVERTERS, CROSS DEVICE DISPLAY_Fixed Placement_Behavioral_F25-54_300 x 50_Click_NV_NA",204733524,10/3/2017,6678,105,6573,0,6573,1329,5244,4194,1050,1329,1063,5257
TJN_TJX_TJMaxx 2H DIG_FY18,Conversant Inc.,PJPTMP_TJN_TJC_031_Audience_CONVERSANT_PUR_ROI_DSK_NET_DSP_TRG_RON_BTG_BTG_DVY_DESKTOP LEADERBOARD- COMPETITIVE CONQUESTING_Run of Site_Other_P18+_728 x 90_Standard_NV_NA,204443389,10/5/2017,9299,595,8704,0,8704,1436,7268,2918,4350,1436,577,3495
TJN_MAR_023_Marshalls 2H Digital_F18,xAd Inc.,PJQ0YP_TJN_MAR_023_Mobile_GROUND TRUTH FKA XAD_DST_SV1_MAP_DIR_DSP_TRG_RON_PXT_BTG_DVY_GEOBLOCKS LOYALTY - DYNAMIC DISTANCE_Run of Network_Geo_F25-54_300 x 250_Click and View_NV_NA,204537983,9/29/2017,7122,411,6711,6677,34,6,28,3,25,6683,716,719
TJN_TJX_TJMaxx 2H DIG_FY18,Foursquare,"PJPRQJ_TJN_TJX_028_Audience_FOURSQUARE LABS, INC_DST_SV1_MAP_PRO_DSP_TRG_RON_PXT_BTG_DVY_PHASE 1_PINPOINT STRATEGIC SAVERS AV_Run of Network_Geo_F25-54_320 x 50_Standard_NV_NA",204525369,9/12/2017,1526,28,1498,323,1175,43,1132,697,435,366,225,922
TJN_TJX_TJMaxx 2H DIG_FY18,PlaceIQ,PK19YZ_TJN_TJX_028_Mobile_PLACEIQ INC_DST_SV1_MAP_DIR_RCH_TRG_RON_BTG_PTG_DVY_PHASE 1_RICH MEDIA_STRATEGIC SAVERS_INFORMER CONSUMER SHOPPERS+TOP TIER APPAREL SHOPPER_Run of Network_Behavioral_F25-54_320 x 50_Click and View_NV_NA,205563548,10/3/2017,28298,534,27764,12511,15253,613,14640,14107,533,13124,12646,26753
TJN_MAR_023_Marshalls 2H Digital_F18,Spotify USA Inc.,PK0HLF_TJN_MAR_023_Audience_SPOTIFY USA INC_DST_SV2_MAP_DIR_DSP_TRG_CMP_DMA_PXT_DVY_MOBILE AUDIO COMPANION BANNER 640X640_Run of Site_Geo_F25-54_640 x 640_Click and View_NV_NA,205566308,9/28/2017,164224,2188,162036,162036,0,0,0,0,0,162036,151039,151039
TJN_TJX_TJMaxx 2H DIG_FY18,Foursquare,"PK0H80_TJN_TJX_028_Audience_FOURSQUARE LABS, INC_DST_SV1_MAP_PRO_RCH_TRG_RON_PXT_BTG_DVY_PHASE 1_MOBILE RICH MEDIA STRATEGIC SAVERS - Find A Store_Run of Network_Geo_F25-54_320 x 50_Standard_NV_NA",205394974,9/27/2017,41331,2321,39010,24478,14532,1706,12826,9239,3587,26184,18861,28100
TJN_MAR_023_Marshalls 2H Digital_F18,xAd Inc.,PJQ0YC_TJN_MAR_023_Mobile_GROUND TRUTH FKA XAD_DST_SV1_MAP_DIR_DSP_TRG_RON_PXT_BTG_DVY_PROXIMITY CONQUESTING - DYNAMIC DISTANCE_Run of Network_Geo_F25-54_300 x 250_Click and View_NV_NA,204595923,10/6/2017,11556,741,10815,10815,0,0,0,0,0,10815,1030,1030
TJN_TJX_TJMaxx 2H DIG_FY18,Foursquare,"PJPRVC_TJN_TJX_028_Audience_FOURSQUARE LABS, INC_DST_SV1_MAP_PRO_DSP_TRG_RON_PXT_BTG_DVY_PHASE 1_PINPOINT TRENDSETTERS AV_Run of Network_Geo_F25-54_320 x 50_Standard_NV_NA",204527421,10/10/2017,2719,20,2699,951,1748,63,1685,1339,346,1014,806,2145
TJN_TJX_TJMaxx 2H DIG_FY18,Conversant Inc.,PJPTLP_TJN_TJC_031_Audience_CONVERSANT_PUR_ROI_DSK_NET_DSP_TRG_RON_BTG_BTG_DVY_DESKTOP LEADERBOARD- TRENDSETTERS_Run of Site_Other_P18+_728 x 90_Standard_NV_NA,204447782,10/4/2017,2127,67,2060,0,2060,363,1697,733,964,363,157,890
TJN_TJX_TJMaxx 2H DIG_FY18,PlaceIQ,PK18VB_TJN_TJX_028_Mobile_PLACEIQ INC_DST_SV1_MAP_DIR_DSP_TRG_RON_BTG_PXT_DVY_PHASE 1_STANDARD BANNER_TJX PROXIMITY LOYALISTS_WORK BY TJMAXX - Maxx You Maxx Life_Run of Network_Behavioral_F25-54_320 x 50_Click and View_NV_NA,205563149,10/18/2017,26054,517,25537,11647,13890,128,13762,13599,163,11775,11636,25235
TJN_TJX_TJMaxx 2H DIG_FY18,Viant,"PJNSHF_TJN_TJX_028_Data_VIANT INC_DSI_SV1_MWB_DIR_DSP_TRG_RON_BTG_CTG_DVY_PHASE 1_VIANT DIRECT MATCH RETAIL, COMPETITIVE CONQUESTING, DISPLAY_Fixed Placement_Behavioral_F25-54_300 x 250_Standard_NV_NA",204483016,10/4/2017,1,0,1,0,1,0,1,0,1,0,0,0
TJN_TJX_TJMaxx 2H DIG_FY18,Conversant Inc.,PJPTLQ_TJN_TJC_031_Audience_CONVERSANT_PUR_ROI_DSK_NET_DSP_TRG_RON_BTG_BTG_DVY_DESKTOP MEDIUM RECTANGLE- TRENDSETTERS_Run of Site_Other_P18+_300 x 250_Standard_NV_NA,204446138,10/5/2017,23192,1340,21852,0,21852,2823,19029,6429,12600,2823,954,7383
TJN_TJX_TJMaxx 2H DIG_FY18,xAd Inc.,PKF42P_TJN_TJX_028_Mobile_GROUND TRUTH FKA XAD_DST_SV1_MAP_DIR_RCH_TRG_RON_BTG_BTG_DVY_PHASE 1_BEHAVIORAL AUDIENCE STRATEGIC SAVERS PLACEMENT - RICH MEDIA STORE LOCATOR - Dresses_Run of Network_Behavioral_F25-54_300 x 250_Click and View_NV_NA,206812651,10/21/2017,2448,52,2396,962,1434,45,1389,652,737,1007,473,1125
TJN_TJX_TJMaxx 2H DIG_FY18,Viant,"PKGJ73_TJN_TJC_031_Data_VIANT INC_PUR_ROI_MWB_DIR_CUS_TRG_NAT_BTG_MKT_DVY_W25-54 + KEYWORD TARGETING, CROSS DEVICE NATIVE - Dresses_Fixed Placement_Contextual_F25-54_0 x 0_Click_NV_NA",206772485,10/17/2017,1,1,0,0,0,0,0,0,0,0,0,0
TJN_TJX_TJMaxx 2H DIG_FY18,xAd Inc.,PKF446_TJN_TJX_028_Mobile_GROUND TRUTH FKA XAD_DST_SV1_MAP_DIR_RCH_TRG_RON_BTG_BTG_DVY_PHASE 1_BEHAVIORAL AUDIENCE STRATEGIC SAVERS PLACEMENT - RICH MEDIA STORE LOCATOR - Sweaters_Run of Network_Behavioral_F25-54_300 x 250_Click and View_NV_NA,206772560,10/16/2017,1578,18,1560,881,679,32,647,310,337,913,437,747
TJN_MAR_023_Marshalls 2H Digital_F18,NinthDecimal,PJPSRS_TJN_MAR_023_Mobile_NINTHDECIMAL_DST_SV1_MAP_DIR_RCH_TRG_RON_PXT_DMA_DVY_GEOFENCE: 5-10-MILE RADIUS AROUND SUBURBAN STORES_Run of Network_Geo_F25-54_320 x 50_Click and View_NV_NA,204541748,9/10/2017,17033,351,16682,6688,9994,99,9895,9658,237,6787,6624,16282
TJN_MAR_023_Marshalls 2H Digital_F18,xAd Inc.,PJQ0YM_TJN_MAR_023_Mobile_GROUND TRUTH FKA XAD_DST_SV1_MAP_DIR_DSP_TRG_RON_BTG_PXT_DVY_COMPETITOR SHOPPERS - DYNAMIC DISTANCE_Run of Network_Geo_F25-54_300 x 250_Click and View_NV_NA,204555259,9/16/2017,3501,213,3288,3288,0,0,0,0,0,3288,3288,3288
TJN_TJX_TJMaxx 2H DIG_FY18,Viant,"PJNSGS_TJN_TJX_028_Data_VIANT INC_DSI_SV1_MWB_DIR_DSP_TRG_RON_BTG_CTG_DVY_PHASE 1_VIANT DIRECT MATCH RETAIL, TJX PORFOLIO LOYALISTS, DISPLAY_Fixed Placement_Behavioral_F25-54_320 x 50_Standard_NV_NA",204524922,9/30/2017,28813,292,28521,1,28520,1449,27071,22925,4146,1450,1228,24153
TJN_TJX_TJMaxx 2H DIG_FY18,PlaceIQ,PKFRBK_TJN_TJX_028_Mobile_PLACEIQ INC_DST_SV1_MAP_DIR_DSP_TRG_RON_BTG_PXT_DVY_PHASE 1_STANDARD BANNER_TJX PROXIMITY LOYALISTS_WORK BY TJMAXX - Dresses_Run of Network_Behavioral_F25-54_300 x 250_Click and View_NV_NA,206771915,10/21/2017,764,65,699,177,522,3,519,493,26,180,171,664
TJN_TJX_TJMaxx 2H DIG_FY18,Viant,"PK2X7J_TJN_TJX_028_Data_VIANT INC_DSI_SV1_MWB_DIR_RCH_TRG_INT_BTG_CTG_DVY_PHASE 1_VIANT IMP, W25-54 STRATEGIC SAVERS, CONTOBOX - Honeycomb_Fixed Placement_Behavioral_F25-54_300 x 250_Click and View_NV_NA",205688479,10/3/2017,15415,353,15062,5,15057,1372,13685,1945,11740,1377,196,2141
TJN_MAR_023_Marshalls 2H Digital_F18,xAd Inc.,PJQ0YJ_TJN_MAR_023_Mobile_GROUND TRUTH FKA XAD_DST_SV1_MAP_DIR_DSP_TRG_RON_BTG_PXT_DVY_MARSHALLS SHOPPERS - DYNAMIC DISTANCE_Run of Network_Geo_F25-54_320 x 50_Click and View_NV_NA,204595911,9/21/2017,9534,113,9421,5614,3807,473,3334,2659,675,6087,4460,7119
TJN_TJX_TJMaxx 2H DIG_FY18,xAd Inc.,PJPXK2_TJN_TJX_028_Mobile_GROUND TRUTH FKA XAD_DST_SV1_MAP_DIR_DSP_TRG_RON_PXT_PXT_DVY_PHASE 1_PROXIMITY LOYALTY PLACEMENT - STANDARD BANNER - Fall Hero_Run of Network_Geo_F25-54_300 x 250_Click and View_NV_NA,204442945,10/11/2017,11123,145,10978,10971,7,0,7,5,2,10971,7836,7841
TJN_TJX_TJMaxx 2H DIG_FY18,Viant,"PJNSHG_TJN_TJX_028_Data_VIANT INC_DSI_SV1_DSK_DIR_DSP_TRG_RON_BTG_CTG_DVY_PHASE 1_VIANT DIRECT MATCH RETAIL, COMPETITIVE CONQUESTING, DISPLAY_Fixed Placement_Behavioral_F25-54_728 x 90_Standard_NV_NA",204478490,9/21/2017,15038,1000,14038,0,14038,1338,12700,8730,3970,1338,920,9650
TJN_MAR_023_Marshalls 2H Digital_F18,NinthDecimal,PJPSRX_TJN_MAR_023_Mobile_NINTHDECIMAL_DST_SV1_MAP_DIR_RCH_TRG_RON_BTG_PXT_DVY_LOCATION GRAPH: COMPETITIVE CONQUESTING_Run of Network_Behavioral_F25-54_320 x 50_Click and View_NV_NA,204542879,9/27/2017,20720,391,20329,9670,10659,36,10623,10320,303,9706,9429,19749
TJN_MAR_023_Marshalls 2H Digital_F18,NinthDecimal,PJPSRZ_TJN_MAR_023_Mobile_NINTHDECIMAL_DST_SV1_MAP_DIR_RCH_TRG_RON_BTG_DMA_DVY_CONSUMER JOURNEY: BARGAIN HUNTERS_Run of Network_Behavioral_F25-54_320 x 50_Click and View_NV_NA,204542873,9/9/2017,16451,261,16190,6577,9613,57,9556,9306,250,6634,6460,15766
TJN_MAR_023_Marshalls 2H Digital_F18,xAd Inc.,PJQ0YM_TJN_MAR_023_Mobile_GROUND TRUTH FKA XAD_DST_SV1_MAP_DIR_DSP_TRG_RON_BTG_PXT_DVY_COMPETITOR SHOPPERS - DYNAMIC DISTANCE_Run of Network_Geo_F25-54_300 x 250_Click and View_NV_NA,204555259,10/13/2017,5933,216,5717,5717,0,0,0,0,0,5717,4084,4084
TJN_TJX_TJMaxx 2H DIG_FY18,Conversant Inc.,PJPTLM_TJN_TJC_031_Audience_CONVERSANT_PUR_ROI_MAP_NET_DSP_TRG_RON_BTG_BTG_DVY_SMARTPHONE SMALL BANNER - TRENDSETTERS_Run of Site_Other_P18+_320 x 50_Standard_NV_NA,204447785,10/15/2017,29,0,29,0,29,1,28,22,6,1,1,23
TJN_MAR_023_Marshalls 2H Digital_F18,NinthDecimal,PJPSRV_TJN_MAR_023_Mobile_NINTHDECIMAL_DST_SV1_MAP_DIR_RCH_TRG_RON_BTG_PXT_DVY_LOCATION GRAPH: MARSHALLS LOYALISTS_Run of Network_Behavioral_F25-54_320 x 50_Click and View_NV_NA,204555232,10/21/2017,113447,1223,112224,35877,76347,426,75921,73536,2385,36303,35163,108699
TJN_TJX_TJMaxx 2H DIG_FY18,xAd Inc.,PJMTN8_TJN_TJX_028_Mobile_GROUND TRUTH FKA XAD_DST_SV1_MAP_DIR_DSP_TRG_RON_BTG_BTG_DVY_PHASE 1_BEHAVIORAL AUDIENCE STRATEGIC SAVERS PLACEMENT - STANDARD BANNER - Maxx You Maxx Life_Run of Network_Behavioral_F25-54_320 x 50_Click and View_NV_NA,204447851,9/18/2017,22566,206,22360,3774,18586,172,18414,16142,2272,3946,3459,19601
TJN_TJX_TJMaxx 2H DIG_FY18,xAd Inc.,PJPXJS_TJN_TJX_028_Mobile_GROUND TRUTH FKA XAD_DST_SV1_MAP_DIR_DSP_TRG_RON_RTG_RTG_DVY_PHASE 1_LOCATION AUDIENCE COMPETITIVE CONQUESTING PLACEMENT - STANDARD BANNER - Fall Hero_Run of Network_Retarget_F25-54_300 x 250_Click and View_NV_NA,204446153,10/12/2017,6971,104,6867,6865,2,1,1,0,1,6866,0,0
TJN_TJX_TJMaxx 2H DIG_FY18,NBC Universal Media,PK2KJK_TJN_TJX_028_Content_NBCUNI.COM_BAF_BS2_DSK_DIR_VID_SPN_ROS_BTG_CTG_MOA_THIS IS US SPONSORSHIP: DESKTOP - VIGNETTE 2_Run of Site_Behavioral_F25-54_1920 x 1080_Click and View_NV_NA,205568882,10/14/2017,1,0,1,1,0,0,0,0,0,1,1,1
TJN_MAR_023_Marshalls 2H Digital_F18,NinthDecimal,PJPSRZ_TJN_MAR_023_Mobile_NINTHDECIMAL_DST_SV1_MAP_DIR_RCH_TRG_RON_BTG_DMA_DVY_CONSUMER JOURNEY: BARGAIN HUNTERS_Run of Network_Behavioral_F25-54_320 x 50_Click and View_NV_NA,204542873,10/21/2017,59695,775,58920,15438,43482,229,43253,41658,1595,15667,15089,56747
TJN_TJX_TJMaxx 2H DIG_FY18,Foursquare,"PJPRQH_TJN_TJX_028_Audience_FOURSQUARE LABS, INC_DST_SV1_MAP_PRO_DSP_TRG_RON_PXT_BTG_DVY_PHASE 1_PINPOINT STRATEGIC SAVERS AV_Run of Network_Geo_F25-54_300 x 250_Standard_NV_NA",204481807,9/19/2017,170,15,155,40,115,13,102,30,72,53,16,46
TJN_MAR_023_Marshalls 2H Digital_F18,NinthDecimal,PJPSRV_TJN_MAR_023_Mobile_NINTHDECIMAL_DST_SV1_MAP_DIR_RCH_TRG_RON_BTG_PXT_DVY_LOCATION GRAPH: MARSHALLS LOYALISTS_Run of Network_Behavioral_F25-54_320 x 50_Click and View_NV_NA,204555232,9/9/2017,337,7,330,98,232,0,232,219,13,98,93,312
TJN_MAR_023_Marshalls 2H Digital_F18,xAd Inc.,PJQ0YM_TJN_MAR_023_Mobile_GROUND TRUTH FKA XAD_DST_SV1_MAP_DIR_DSP_TRG_RON_BTG_PXT_DVY_COMPETITOR SHOPPERS - DYNAMIC DISTANCE_Run of Network_Geo_F25-54_300 x 250_Click and View_NV_NA,204555259,9/13/2017,3291,102,3189,3189,0,0,0,0,0,3189,3189,3189
TJN_TJX_TJMaxx 2H DIG_FY18,Conversant Inc.,PJPWPB_TJN_TJX_028_Audience_CONVERSANT_DST_SV1_DSK_NET_DSP_TRG_RON_BTG_BTG_DVY_PHASE 1_ DESKTOP RECTANGLE - CONVERSANT SHOPPERS AV_Run of Site_Behavioral_P18+_300 x 600_Standard_NV_NA,204447254,10/6/2017,228,17,211,0,211,67,144,41,103,67,19,60
TJN_TJX_TJMaxx 2H DIG_FY18,Foursquare,"PJPRVG_TJN_TJX_028_Audience_FOURSQUARE LABS, INC_DST_SV1_MAP_PRO_DSP_TRG_RON_PXT_BTG_DVY_PHASE 1_PINPOINT COMPETITIVE CONQUESTING AV_Run of Network_Geo_F25-54_300 x 250_Standard_NV_NA",204527412,10/8/2017,135,1,134,59,75,4,71,50,21,63,44,94
TJN_TJX_TJMaxx 2H DIG_FY18,xAd Inc.,PJYDBW_TJN_TJX_028_Mobile_GROUND TRUTH FKA XAD_DST_SV1_MAP_DIR_RCH_TRG_RON_BTG_BTG_DVY_PHASE 1_BEHAVIORAL AUDIENCE STRATEGIC SAVERS PLACEMENT - RICH MEDIA STORE LOCATOR - Fall Hero_Run of Network_Behavioral_F25-54_300 x 250_Click and View_NV_NA,205207030,9/27/2017,4411,97,4314,1900,2414,82,2332,844,1488,1982,717,1561
TJN_TJX_TJMaxx 2H DIG_FY18,xAd Inc.,PKF5JT_TJN_TJX_028_Mobile_GROUND TRUTH FKA XAD_DST_SV1_MAP_DIR_DSP_TRG_RON_RTG_RTG_DVY_PHASE 1_LOCATION AUDIENCE COMPETITIVE CONQUESTING PLACEMENT - STANDARD BANNER - Find A Store V1_Run of Network_Retarget_F25-54_320 x 50_Click and View_NV_NA,206813083,10/18/2017,5386,94,5292,2215,3077,27,3050,2285,765,2242,1680,3965
TJN_TJX_TJMaxx 2H DIG_FY18,xAd Inc.,PJMTN4_TJN_TJX_028_Mobile_GROUND TRUTH FKA XAD_DST_SV1_MAP_DIR_RCH_TRG_RON_BTG_BTG_DVY_PHASE 1_BEHAVIORAL AUDIENCE TRENDSETTERS PLACEMENT - RICH MEDIA STORE LOCATOR - Fall Handbag_Run of Network_Behavioral_F25-54_300 x 250_Click and View_NV_NA,204447281,9/30/2017,2462,24,2438,50,2388,9,2379,2273,106,59,56,2329
TJN_TJX_TJMaxx 2H DIG_FY18,Viant,"PK2X7F_TJN_TJX_028_Data_VIANT INC_DSI_SV1_DSK_DIR_RCH_TRG_INT_BTG_CTG_DVY_PHASE 1_VIANT IMP, W25-54 STRATEGIC SAVERS, CONTOBOX - Honeycomb_Fixed Placement_Behavioral_F25-54_728 x 90_Click and View_NV_NA",205727841,9/25/2017,1452,21,1431,4,1427,95,1332,450,882,99,33,483
TJN_TJX_TJMaxx 2H DIG_FY18,xAd Inc.,PJMTN1_TJN_TJX_028_Mobile_GROUND TRUTH FKA XAD_DST_SV1_MAP_DIR_DSP_TRG_RON_DMA_DMA_DVY_PHASE 1_ADDED VALUE DMA TARGETING STANDALONE: STANDARD BANNER - Maxx You Maxx Life_Run of Network_Geo_F25-54_320 x 50_Click and View_NV_NA,204443461,9/23/2017,69267,1365,67902,21220,46682,616,46066,39262,6804,21836,18611,57873
TJN_TJX_TJMaxx 2H DIG_FY18,Foursquare,"PK0H81_TJN_TJX_028_Audience_FOURSQUARE LABS, INC_DST_SV1_MAP_PRO_RCH_TRG_RON_PXT_BTG_DVY_PHASE 1_MOBILE RICH MEDIA TRENDSETTERS - Fall Honeycomb_Run of Network_Geo_F25-54_300 x 250_Standard_NV_NA",205337093,10/1/2017,10087,1133,8954,2453,6501,381,6120,1786,4334,2834,827,2613
TJN_TJX_TJMaxx 2H DIG_FY18,xAd Inc.,PJMTNR_TJN_TJX_028_Mobile_GROUND TRUTH FKA XAD_DST_SV1_MAP_DIR_RCH_TRG_RON_BTG_BTG_DVY_PHASE 1_BEHAVIORAL AUDIENCE STRATEGIC SAVERS PLACEMENT - RICH MEDIA STORE LOCATOR - Fall Handbag_Run of Network_Behavioral_F25-54_300 x 250_Click and View_NV_NA,204442108,10/3/2017,6,1,5,4,1,1,0,0,0,5,2,2
TJN_TJX_TJMaxx 2H DIG_FY18,NBC Universal Media,PK2HF7_TJN_TJX_028_Content_NBCUNI.COM_BAF_BS2_DSK_DIR_VID_SPN_ROS_BTG_CTG_MOA_THIS IS US SPONSORSHIP: MOBILE - VIGNETTE 1_Run of Site_Behavioral_F25-54_1920 x 1080_Click and View_NV_NA,205568879,9/29/2017,1358,14,1344,1344,0,0,0,0,0,1344,996,996
TJN_TJX_TJMaxx 2H DIG_FY18,Hulu,PK3F7J_TJN_TJX_027_Content_HULU_BAF_BS2_TAP_DIR_CUS_SPN_CHS_CTG_CTG_DVY_HULU ROS: PREMIUM SLATE - TABLET IN APP_FEP_Contextual_F25-54_1920 x 1080_Standard_NV_NA,205725864,10/10/2017,5,0,5,5,0,0,0,0,0,5,3,3
TJN_TJX_TJMaxx 2H DIG_FY18,xAd Inc.,PJMTN1_TJN_TJX_028_Mobile_GROUND TRUTH FKA XAD_DST_SV1_MAP_DIR_DSP_TRG_RON_DMA_DMA_DVY_PHASE 1_ADDED VALUE DMA TARGETING STANDALONE: STANDARD BANNER - Maxx You Maxx Life_Run of Network_Geo_F25-54_320 x 50_Click and View_NV_NA,204443461,10/2/2017,2,0,2,1,1,1,0,0,0,2,2,2
TJN_TJX_TJMaxx 2H DIG_FY18,xAd Inc.,PKF8WH_TJN_TJX_028_Mobile_GROUND TRUTH FKA XAD_DST_SV1_MAP_DIR_RCH_TRG_RON_PXT_PXT_DVY_PHASE 1_PROXIMITY LOYALTY PLACEMENT - RICH MEDIA STORE LOCATOR - Find A Store V2_Run of Network_Geo_F25-54_320 x 50_Click and View_NV_NA,206834115,10/20/2017,10597,135,10462,2727,7735,37,7698,7415,283,2764,2662,10077
TJN_TJX_TJMaxx 2H DIG_FY18,Viant,"PJNSGR_TJN_TJX_028_Data_VIANT INC_DSI_SV1_TWB_DIR_DSP_TRG_RON_BTG_CTG_DVY_PHASE 1_VIANT DIRECT MATCH RETAIL, TJX PORFOLIO LOYALISTS, DISPLAY_Fixed Placement_Behavioral_F25-54_160 x 600_Standard_NV_NA",204478520,9/28/2017,1,0,1,0,1,0,1,1,0,0,0,1
TJN_TJX_TJMaxx 2H DIG_FY18,Viant,"PJSPBY_TJN_TJC_031_Data_VIANT INC_PUR_ROI_TWB_DIR_DSP_TRG_RON_BTG_MKT_DVY_DETERMINSTIC LAL OF ECOM CONVERTERS, CROSS DEVICE DISPLAY_Fixed Placement_Behavioral_F25-54_300 x 250_Click_NV_NA",204715651,10/10/2017,1406,14,1392,6,1386,214,1172,589,583,220,111,700
TJN_TJX_TJMaxx 2H DIG_FY18,Viant,"PJNSH9_TJN_TJX_028_Data_VIANT INC_DSI_SV1_TWB_DIR_DSP_TRG_RON_BTG_CTG_DVY_PHASE 1_VIANT DIRECT MATCH RETAIL, COMPETITIVE CONQUESTING, DISPLAY_Fixed Placement_Behavioral_F25-54_300 x 250_Standard_NV_NA",204526701,9/18/2017,11562,30,11532,0,11532,2254,9278,6710,2568,2254,1630,8340
TJN_TJX_TJMaxx 2H DIG_FY18,Viant,"PJNSGV_TJN_TJX_028_Data_VIANT INC_DSI_SV1_DSK_DIR_DSP_TRG_RON_BTG_CTG_DVY_PHASE 1_VIANT DIRECT MATCH RETAIL, TJX PORFOLIO LOYALISTS, DISPLAY_Fixed Placement_Behavioral_F25-54_728 x 90_Standard_NV_NA",204478511,10/12/2017,34253,1378,32875,1,32874,803,32071,27196,4875,804,682,27878
TJN_TJX_TJMaxx 2H DIG_FY18,Foursquare,"PK0H81_TJN_TJX_028_Audience_FOURSQUARE LABS, INC_DST_SV1_MAP_PRO_RCH_TRG_RON_PXT_BTG_DVY_PHASE 1_MOBILE RICH MEDIA TRENDSETTERS - Fall Honeycomb_Run of Network_Geo_F25-54_300 x 250_Standard_NV_NA",205337093,9/23/2017,3389,268,3121,1034,2087,156,1931,648,1283,1190,399,1047
TJN_TJX_TJMaxx 2H DIG_FY18,Conversant Inc.,PJPTMP_TJN_TJC_031_Audience_CONVERSANT_PUR_ROI_DSK_NET_DSP_TRG_RON_BTG_BTG_DVY_DESKTOP LEADERBOARD- COMPETITIVE CONQUESTING_Run of Site_Other_P18+_728 x 90_Standard_NV_NA,204443389,10/17/2017,2921,321,2600,0,2600,221,2379,1921,458,221,178,2099
TJN_TJX_TJMaxx 2H DIG_FY18,xAd Inc.,PJMTN1_TJN_TJX_028_Mobile_GROUND TRUTH FKA XAD_DST_SV1_MAP_DIR_DSP_TRG_RON_DMA_DMA_DVY_PHASE 1_ADDED VALUE DMA TARGETING STANDALONE: STANDARD BANNER - Maxx You Maxx Life_Run of Network_Geo_F25-54_320 x 50_Click and View_NV_NA,204443461,10/1/2017,3,0,3,3,0,0,0,0,0,3,2,2
TJN_TJX_TJMaxx 2H DIG_FY18,xAd Inc.,PJPXK1_TJN_TJX_028_Mobile_GROUND TRUTH FKA XAD_DST_SV1_MAP_DIR_DSP_TRG_RON_PXT_PXT_DVY_PHASE 1_PROXIMITY LOYALTY PLACEMENT - STANDARD BANNER - TJMaxx_Run of Network_Geo_F25-54_320 x 50_Click and View_NV_NA,204483996,10/17/2017,9635,368,9267,546,8721,110,8611,5677,2934,656,432,6109
TJN_MAR_023_Marshalls 2H Digital_F18,Spotify USA Inc.,PK0HLF_TJN_MAR_023_Audience_SPOTIFY USA INC_DST_SV2_MAP_DIR_DSP_TRG_CMP_DMA_PXT_DVY_MOBILE AUDIO COMPANION BANNER 640X640_Run of Site_Geo_F25-54_640 x 640_Click and View_NV_NA,205566308,10/14/2017,148782,1599,147183,147183,0,0,0,0,0,147183,125546,125546
TJN_MAR_023_Marshalls 2H Digital_F18,NinthDecimal,PJPSRS_TJN_MAR_023_Mobile_NINTHDECIMAL_DST_SV1_MAP_DIR_RCH_TRG_RON_PXT_DMA_DVY_GEOFENCE: 5-10-MILE RADIUS AROUND SUBURBAN STORES_Run of Network_Geo_F25-54_320 x 50_Click and View_NV_NA,204541748,9/29/2017,262114,5682,256432,70640,185792,1133,184659,178593,6066,71773,69415,248008
TJN_TJX_TJMaxx 2H DIG_FY18,xAd Inc.,PJMTNB_TJN_TJX_028_Mobile_GROUND TRUTH FKA XAD_DST_SV1_MAP_DIR_DSP_TRG_RON_BTG_BTG_DVY_PHASE 1_BEHAVIORAL AUDIENCE TRENDSETTERS PLACEMENT - STANDARD BANNER - Fall Handbag_Run of Network_Behavioral_F25-54_300 x 250_Click and View_NV_NA,204447833,9/17/2017,11770,275,11495,11487,8,0,8,2,6,11487,2872,2874
TJN_TJX_TJMaxx 2H DIG_FY18,xAd Inc.,PJMTND_TJN_TJX_028_Mobile_GROUND TRUTH FKA XAD_DST_SV1_MAP_DIR_DSP_TRG_RON_PXT_PXT_DVY_PHASE 1_PROXIMITY LOYALTY PLACEMENT - STANDARD BANNER - Maxx You Maxx Life_Run of Network_Geo_F25-54_320 x 50_Click and View_NV_NA,204442096,9/17/2017,43640,654,42986,13098,29888,8141,21747,15885,5862,21239,15084,30969
TJN_TJX_TJMaxx 2H DIG_FY18,Viant,"PK2V4T_TJN_TJX_028_Data_VIANT INC_DSI_SV1_TWB_DIR_RCH_TRG_INT_BTG_CTG_DVY_PHASE 1_VIANT IMP, W25-54 STRATEGIC SAVERS, CONTOBOX - Fall Homes_Fixed Placement_Behavioral_F25-54_160 x 600_Click and View_NV_NA",205687933,10/3/2017,86,4,82,1,81,9,72,18,54,10,3,21
TJN_MAR_023_Marshalls 2H Digital_F18,xAd Inc.,PJQ0YD_TJN_MAR_023_Mobile_GROUND TRUTH FKA XAD_DST_SV1_MAP_DIR_RCH_TRG_RON_WEA_PXT_DVY_PROXIMITY CONQUESTING - WEATHER LOCATOR UNIT_Run of Network_Weather_F25-54_320 x 50_Click and View_NV_NA,204541553,9/27/2017,12930,415,12515,6533,5982,100,5882,5526,356,6633,6232,11758
TJN_TJX_TJMaxx 2H DIG_FY18,NBC Universal Media,PK3H7M_TJN_TJX_028_Content_NBCUNI.COM_BAF_BS2_DSK_DIR_DSP_SPN_HPT_CTG_CTG_DCM_100% SOV NBC THIS IS US ROADBLOCK 10/3 - 300X50 MOBILE_HP Takeover_Contextual_F25-54_300 x 50_Standard_NV_NA,205687846,10/5/2017,1,0,1,0,1,0,1,0,1,0,0,0
TJN_TJX_TJMaxx 2H DIG_FY18,Foursquare,"PK0H81_TJN_TJX_028_Audience_FOURSQUARE LABS, INC_DST_SV1_MAP_PRO_RCH_TRG_RON_PXT_BTG_DVY_PHASE 1_MOBILE RICH MEDIA TRENDSETTERS - Fall Honeycomb_Run of Network_Geo_F25-54_300 x 250_Standard_NV_NA",205337093,10/2/2017,1685,131,1554,393,1161,39,1122,536,586,432,206,742
TJN_MAR_023_Marshalls 2H Digital_F18,xAd Inc.,PJQ0YB_TJN_MAR_023_Mobile_GROUND TRUTH FKA XAD_DST_SV1_MAP_DIR_DSP_TRG_RON_PXT_BTG_DVY_PROXIMITY CONQUESTING - DYNAMIC DISTANCE_Run of Network_Geo_F25-54_320 x 50_Click and View_NV_NA,204541799,10/4/2017,4,0,4,2,2,1,1,1,0,3,3,4
TJN_TJX_TJMaxx 2H DIG_FY18,Hulu,PK3CXJ_TJN_TJX_027_Content_HULU_BAF_BS2_MAP_DIR_CUS_SPN_CHS_CTG_CTG_DVY_FALL TV SPONSORSHIP: PREMIUM SLATE - MOBILE IN APP_FEP_Contextual_F25-54_1920 x 1080_Standard_NV_NA,205683919,10/21/2017,28579,240,28339,28339,0,0,0,0,0,28339,21506,21506
TJN_TJX_TJMaxx 2H DIG_FY18,Foursquare,"PJPRQH_TJN_TJX_028_Audience_FOURSQUARE LABS, INC_DST_SV1_MAP_PRO_DSP_TRG_RON_PXT_BTG_DVY_PHASE 1_PINPOINT STRATEGIC SAVERS AV_Run of Network_Geo_F25-54_300 x 250_Standard_NV_NA",204481807,9/13/2017,818,57,761,190,571,87,484,132,352,277,76,208
TJN_TJX_TJMaxx 2H DIG_FY18,Viant,"PJNSGQ_TJN_TJX_028_Data_VIANT INC_DSI_SV1_MWB_DIR_DSP_TRG_RON_BTG_CTG_DVY_PHASE 1_VIANT DIRECT MATCH RETAIL, TJX PORFOLIO LOYALISTS, DISPLAY_Fixed Placement_Behavioral_F25-54_300 x 250_Standard_NV_NA",204482395,10/18/2017,4523,24,4499,0,4499,449,4050,3446,604,449,382,3828
TJN_TJX_TJMaxx 2H DIG_FY18,Conversant Inc.,PJNPM2_TJN_TJX_028_Audience_CONVERSANT_DST_SV1_MAP_NET_DSP_TRG_RON_BTG_BTG_DVY_PHASE 1_ SMARTPHONE MEDIUM RECTANGLE  - CJ CONVERTERS LAL MODELING_Run of Site_Behavioral_P18+_300 x 250_Standard_NV_NA,204442021,10/18/2017,512,12,500,1,499,69,430,150,280,70,24,174
TJN_MAR_023_Marshalls 2H Digital_F18,xAd Inc.,PJQ0YM_TJN_MAR_023_Mobile_GROUND TRUTH FKA XAD_DST_SV1_MAP_DIR_DSP_TRG_RON_BTG_PXT_DVY_COMPETITOR SHOPPERS - DYNAMIC DISTANCE_Run of Network_Geo_F25-54_300 x 250_Click and View_NV_NA,204555259,9/19/2017,3411,108,3303,3303,0,0,0,0,0,3303,3303,3303
TJN_TJX_TJMaxx 2H DIG_FY18,Conversant Inc.,PJPWBW_TJN_TJX_028_Audience_CONVERSANT_DST_SV1_DSK_NET_DSP_TRG_RON_BTG_BTG_DVY_PHASE 1_ DESKTOP RECTANGLE - CJ INTERACTORS LAL MODELING_Run of Site_Behavioral_P18+_300 x 600_Standard_NV_NA,204447740,10/16/2017,16982,1184,15798,2,15796,1801,13995,4589,9406,1803,591,5180
TJN_TJX_TJMaxx 2H DIG_FY18,Foursquare,"PK0H84_TJN_TJX_028_Audience_FOURSQUARE LABS, INC_DST_SV1_MAP_PRO_RCH_TRG_RON_PXT_BTG_DVY_PHASE 1_MOBILE RICH MEDIA COMPETITIVE CONQUESTING - Find A Store_Run of Network_Geo_F25-54_320 x 50_Standard_NV_NA",205427847,9/27/2017,32225,1454,30771,23186,7585,815,6770,5153,1617,24001,18268,23421
TJN_TJX_TJMaxx 2H DIG_FY18,xAd Inc.,PKF5JX_TJN_TJX_028_Mobile_GROUND TRUTH FKA XAD_DST_SV1_MAP_DIR_DSP_TRG_RON_RTG_RTG_DVY_PHASE 1_LOCATION AUDIENCE COMPETITIVE CONQUESTING PLACEMENT - STANDARD BANNER - Find A Store V2_Run of Network_Retarget_F25-54_320 x 50_Click and View_NV_NA,206833629,10/14/2017,3782,101,3681,1479,2202,26,2176,1609,567,1505,1113,2722
TJN_TJX_TJMaxx 2H DIG_FY18,Conversant Inc.,PJPWPG_TJN_TJX_028_Audience_CONVERSANT_DST_SV1_TAP_NET_DSP_TRG_RON_BTG_BTG_DVY_PHASE 1_ TABLET MEDIUM RECTANGLE  - CONVERSANT SHOPPERS AV_Run of Site_Behavioral_P18+_300 x 250_Standard_NV_NA,204446129,10/16/2017,389,7,382,0,382,74,308,204,104,74,49,253
TJN_TJX_TJMaxx 2H DIG_FY18,Conversant Inc.,PJPWPB_TJN_TJX_028_Audience_CONVERSANT_DST_SV1_DSK_NET_DSP_TRG_RON_BTG_BTG_DVY_PHASE 1_ DESKTOP RECTANGLE - CONVERSANT SHOPPERS AV_Run of Site_Behavioral_P18+_300 x 600_Standard_NV_NA,204447254,10/11/2017,324,31,293,0,293,73,220,93,127,73,31,124
TJN_MAR_023_Marshalls 2H Digital_F18,xAd Inc.,PJQ0YP_TJN_MAR_023_Mobile_GROUND TRUTH FKA XAD_DST_SV1_MAP_DIR_DSP_TRG_RON_PXT_BTG_DVY_GEOBLOCKS LOYALTY - DYNAMIC DISTANCE_Run of Network_Geo_F25-54_300 x 250_Click and View_NV_NA,204537983,9/10/2017,6441,95,6346,6322,24,5,19,7,12,6327,2331,2338
TJN_TJX_TJMaxx 2H DIG_FY18,Conversant Inc.,PJPTLQ_TJN_TJC_031_Audience_CONVERSANT_PUR_ROI_DSK_NET_DSP_TRG_RON_BTG_BTG_DVY_DESKTOP MEDIUM RECTANGLE- TRENDSETTERS_Run of Site_Other_P18+_300 x 250_Standard_NV_NA,204446138,10/17/2017,4822,325,4497,0,4497,389,4108,2963,1145,389,281,3244
TJN_MAR_023_Marshalls 2H Digital_F18,xAd Inc.,PJQ0YH_TJN_MAR_023_Mobile_GROUND TRUTH FKA XAD_DST_SV1_MAP_DIR_DSP_TRG_RON_BTG_DMA_DVY_BEHAVIORAL - FASHION SHOPPER - DYNAMIC DISTANCE_Run of Network_Behavioral_F25-54_300 x 250_Click and View_NV_NA,204543443,9/6/2017,13921,156,13765,13756,9,0,9,4,5,13756,6114,6118
TJN_TJX_TJMaxx 2H DIG_FY18,Viant,"PKGK68_TJN_TJX_028_Data_VIANT INC_DSI_SV1_MWB_DIR_CUS_TRG_NAT_BTG_CTG_DVY_PHASE 1_VIANT LIFESTYLE, TRENDSETTERS NATIVE- Booties_Fixed Placement_Contextual_F25-54_0 x 0_Click and View_NV_NA",206772389,10/18/2017,7767,96,7671,7671,0,0,0,0,0,7671,5912,5912
TJN_TJX_TJMaxx 2H DIG_FY18,xAd Inc.,PJPXK2_TJN_TJX_028_Mobile_GROUND TRUTH FKA XAD_DST_SV1_MAP_DIR_DSP_TRG_RON_PXT_PXT_DVY_PHASE 1_PROXIMITY LOYALTY PLACEMENT - STANDARD BANNER - Fall Hero_Run of Network_Geo_F25-54_300 x 250_Click and View_NV_NA,204442945,10/6/2017,18584,700,17884,12560,5324,34,5290,5160,130,12594,12267,17427
TJN_TJX_TJMaxx 2H DIG_FY18,Viant,"PJNSHD_TJN_TJX_028_Data_VIANT INC_DSI_SV1_DSK_DIR_DSP_TRG_RON_BTG_CTG_DVY_PHASE 1_VIANT DIRECT MATCH RETAIL, COMPETITIVE CONQUESTING, DISPLAY_Fixed Placement_Behavioral_F25-54_160 x 600_Standard_NV_NA",204477281,10/7/2017,3999,122,3877,0,3877,326,3551,2228,1323,326,205,2433
TJN_TJX_TJMaxx 2H DIG_FY18,Conversant Inc.,PJPTMN_TJN_TJC_031_Audience_CONVERSANT_PUR_ROI_MAP_NET_DSP_TRG_RON_BTG_BTG_DVY_SMARTPHONE MEDIUM RECTANGLE - COMPETITIVE CONQUESTING_Run of Site_Other_P18+_300 x 250_Standard_NV_NA,204447221,9/22/2017,7,6,1,0,1,0,1,1,0,0,0,1
TJN_TJX_TJMaxx 2H DIG_FY18,Foursquare,"PKFMKZ_TJN_TJX_028_Audience_FOURSQUARE LABS, INC_DST_SV1_MAP_PRO_RCH_TRG_RON_PXT_BTG_DVY_PHASE 1_MOBILE RICH MEDIA TRENDSETTERS - Dresses_Run of Network_Geo_F25-54_300 x 250_Standard_NV_NA",206771852,10/18/2017,2250,33,2217,1345,872,149,723,317,406,1494,655,972
TJN_TJX_TJMaxx 2H DIG_FY18,xAd Inc.,PJYDBW_TJN_TJX_028_Mobile_GROUND TRUTH FKA XAD_DST_SV1_MAP_DIR_RCH_TRG_RON_BTG_BTG_DVY_PHASE 1_BEHAVIORAL AUDIENCE STRATEGIC SAVERS PLACEMENT - RICH MEDIA STORE LOCATOR - Fall Hero_Run of Network_Behavioral_F25-54_300 x 250_Click and View_NV_NA,205207030,10/16/2017,1606,22,1584,917,667,35,632,304,328,952,458,762
TJN_TJX_TJMaxx 2H DIG_FY18,xAd Inc.,PJPXJQ_TJN_TJX_028_Mobile_GROUND TRUTH FKA XAD_DST_SV1_MAP_DIR_DSP_TRG_RON_RTG_RTG_DVY_PHASE 1_LOCATION AUDIENCE TJX SHOPPERS PLACEMENT - STANDARD BANNER - TJMaxx_Run of Network_Retarget_F25-54_320 x 50_Click and View_NV_NA,204447839,9/28/2017,39677,664,39013,23705,15308,9948,5360,4436,924,33653,19755,24191
TJN_TJX_TJMaxx 2H DIG_FY18,Viant,"PJSPBY_TJN_TJC_031_Data_VIANT INC_PUR_ROI_TWB_DIR_DSP_TRG_RON_BTG_MKT_DVY_DETERMINSTIC LAL OF ECOM CONVERTERS, CROSS DEVICE DISPLAY_Fixed Placement_Behavioral_F25-54_300 x 250_Click_NV_NA",204715651,10/14/2017,690,22,668,0,668,125,543,202,341,125,47,249
TJN_TJX_TJMaxx 2H DIG_FY18,Foursquare,"PJPSSY_TJN_TJX_028_Audience_FOURSQUARE LABS, INC_DST_SV1_MAP_PRO_RCH_TRG_RON_PXT_BTG_DVY_PHASE 1_MOBILE RICH MEDIA TRENDSETTERS - Find A TJ Maxx Store_Run of Network_Geo_F25-54_320 x 50_Standard_NV_NA",204527598,10/8/2017,24115,457,23658,15069,8589,906,7683,5086,2597,15975,10575,15661
TJN_TJX_TJMaxx 2H DIG_FY18,Conversant Inc.,PJPTLJ_TJN_TJC_031_Audience_CONVERSANT_PUR_ROI_TAP_NET_DSP_TRG_RON_BTG_BTG_DVY_TABLET MEDIUM RECTANGLE - TRENDSETTERS_Run of Site_Other_P18+_300 x 250_Standard_NV_NA,204447266,10/21/2017,1548,31,1517,0,1517,317,1200,223,977,317,59,282
TJN_MAR_023_Marshalls 2H Digital_F18,xAd Inc.,PJQ0YQ_TJN_MAR_023_Mobile_GROUND TRUTH FKA XAD_DST_SV1_MAP_DIR_DSP_TRG_RON_PXT_BTG_DVY_GEOBLOCKS CONQUESTING - DYNAMIC DISTANCE_Run of Network_Geo_F25-54_320 x 50_Click and View_NV_NA,204595632,9/11/2017,19112,320,18792,8273,10519,3802,6717,5389,1328,12075,8931,14320
TJN_TJX_TJMaxx 2H DIG_FY18,Viant,"PJNSHG_TJN_TJX_028_Data_VIANT INC_DSI_SV1_DSK_DIR_DSP_TRG_RON_BTG_CTG_DVY_PHASE 1_VIANT DIRECT MATCH RETAIL, COMPETITIVE CONQUESTING, DISPLAY_Fixed Placement_Behavioral_F25-54_728 x 90_Standard_NV_NA",204478490,9/22/2017,7995,514,7481,0,7481,567,6914,4267,2647,567,350,4617
TJN_TJX_TJMaxx 2H DIG_FY18,Viant,PJPXKS_TJN_TJX_028_Data_VIANT INC_DSI_SV1_DSK_DIR_DSP_TRG_RON_BTG_CTG_DVY_PHASE 1_DESKTOP DISPLAY VIANT IMP TARGETING - STRATEGIC SAVERS AV_Fixed Placement_Demo_F25-54_160 x 600_Standard_NV_NA,204477475,9/22/2017,4438,211,4227,1,4226,397,3829,1254,2575,398,130,1384
TJN_MAR_023_Marshalls 2H Digital_F18,Bustle,PK5G3W_TJN_MAR_023_Content_BUSTLE_HPTO - Panoramic Unit 10/12_Run of Site_Contextual_F25-54_1 x 1_Click and View_NV_NA,206334465,10/12/2017,167047,4858,162189,96,162093,148518,13575,7490,6085,148614,81998,89488
TJN_TJX_TJMaxx 2H DIG_FY18,PlaceIQ,PK19YY_TJN_TJX_028_Mobile_PLACEIQ INC_DST_SV1_MAP_DIR_RCH_TRG_RON_BTG_PTG_DVY_PHASE 1_RICH MEDIA_STRATEGIC SAVERS_FREQUENT WOMEN'S APPAREL SHOPPER+DISCRETIONARY SPEND SHOPPERS_Run of Network_Behavioral_F25-54_320 x 50_Click and View_NV_NA,205568681,9/30/2017,140307,2162,138145,90833,47312,2443,44869,44083,786,93276,91642,135725
TJN_TJX_TJMaxx 2H DIG_FY18,Hulu,PK3CXL_TJN_TJX_027_Content_HULU_BAF_BS2_TAP_DIR_CUS_SPN_CHS_CTG_CTG_DVY_FALL TV SPONSORSHIP: PREMIUM SLATE - TABLET IN APP_FEP_Contextual_F25-54_1920 x 1080_Standard_NV_NA,205726818,10/11/2017,8103,86,8017,8017,0,0,0,0,0,8017,5231,5231
TJN_TJX_TJMaxx 2H DIG_FY18,Conversant Inc.,PJPTLK_TJN_TJC_031_Audience_CONVERSANT_PUR_ROI_DSK_NET_DSP_TRG_RON_BTG_BTG_DVY_DESKTOP RECTANGLE- TRENDSETTERS_Run of Site_Other_P18+_300 x 600_Standard_NV_NA,204483963,10/18/2017,228,16,212,0,212,54,158,61,97,54,21,82
TJN_TJX_TJMaxx 2H DIG_FY18,Viant,"PJSPCG_TJN_TJC_031_Data_VIANT INC_PUR_ROI_DSK_DIR_DSP_TRG_RON_BTG_MKT_DVY_W25-54 + ONLINE SHOPPERS, CROSS DEVICE DISPLAY_Fixed Placement_Behavioral_F25-54_300 x 50_Click_NV_NA",204716182,10/9/2017,52,2,50,0,50,7,43,29,14,7,5,34
TJN_TJX_TJMaxx 2H DIG_FY18,Hulu,PK3DG3_TJN_TJX_027_Content_HULU_BAF_BS2_PKG_DIR_VID_SPN_CHS_CTG_CTG_DVY_FALL TV SPONSORSHIP:MASTHEAD BRAND - DESKTOP_FEP_Contextual_F25-54_1 x 1_Standard_NV_NA,205685902,9/25/2017,1,0,1,1,0,0,0,0,0,1,1,1
TJN_TJX_TJMaxx 2H DIG_FY18,Viant,"PJNSGT_TJN_TJX_028_Data_VIANT INC_DSI_SV1_DSK_DIR_DSP_TRG_RON_BTG_CTG_DVY_PHASE 1_VIANT DIRECT MATCH RETAIL, TJX PORFOLIO LOYALISTS, DISPLAY_Fixed Placement_Behavioral_F25-54_160 x 600_Standard_NV_NA",204483025,9/29/2017,2677,188,2489,0,2489,172,2317,1455,862,172,108,1563
TJN_TJX_TJMaxx 2H DIG_FY18,Foursquare,"PJPSSV_TJN_TJX_028_Audience_FOURSQUARE LABS, INC_DST_SV1_MAP_PRO_RCH_TRG_RON_PXT_BTG_DVY_PHASE 1_MOBILE RICH MEDIA STRATEGIC SAVERS - Fall Handbag_Run of Network_Geo_F25-54_300 x 250_Standard_NV_NA",204525360,9/27/2017,4405,321,4084,932,3152,251,2901,616,2285,1183,251,867
TJN_TJX_TJMaxx 2H DIG_FY18,Viant,"PK2V4T_TJN_TJX_028_Data_VIANT INC_DSI_SV1_TWB_DIR_RCH_TRG_INT_BTG_CTG_DVY_PHASE 1_VIANT IMP, W25-54 STRATEGIC SAVERS, CONTOBOX - Fall Homes_Fixed Placement_Behavioral_F25-54_160 x 600_Click and View_NV_NA",205687933,10/15/2017,2,0,2,0,2,0,2,2,0,0,0,2
TJN_MAR_023_Marshalls 2H Digital_F18,NinthDecimal,PJPSRX_TJN_MAR_023_Mobile_NINTHDECIMAL_DST_SV1_MAP_DIR_RCH_TRG_RON_BTG_PXT_DVY_LOCATION GRAPH: COMPETITIVE CONQUESTING_Run of Network_Behavioral_F25-54_320 x 50_Click and View_NV_NA,204542879,10/16/2017,28537,420,28117,11776,16341,84,16257,15777,480,11860,11510,27287
TJN_TJX_TJMaxx 2H DIG_FY18,Conversant Inc.,PJNPML_TJN_TJC_031_Audience_CONVERSANT_PUR_ROI_DSK_NET_DSP_TRG_RON_BTG_BTG_DVY_DESKTOP MEDIUM RECTANGLE- STRATEGIC SAVERS_Run of Site_Other_P18+_300 x 250_Standard_NV_NA,204443407,10/16/2017,9239,436,8803,0,8803,1161,7642,4720,2922,1161,717,5437
TJN_TJX_TJMaxx 2H DIG_FY18,Hulu,PK3F7J_TJN_TJX_027_Content_HULU_BAF_BS2_TAP_DIR_CUS_SPN_CHS_CTG_CTG_DVY_HULU ROS: PREMIUM SLATE - TABLET IN APP_FEP_Contextual_F25-54_1920 x 1080_Standard_NV_NA,205725864,10/14/2017,5946,47,5899,5899,0,0,0,0,0,5899,4222,4222
TJN_TJX_TJMaxx 2H DIG_FY18,Viant,"PJNSGP_TJN_TJX_028_Data_VIANT INC_DSI_SV1_MWB_DIR_DSP_TRG_RON_BTG_CTG_DVY_PHASE 1_VIANT DIRECT MATCH RETAIL, TJX PORFOLIO LOYALISTS, DISPLAY_Fixed Placement_Behavioral_F25-54_300 x 50_Standard_NV_NA",204525579,10/1/2017,101,2,99,0,99,7,92,79,13,7,6,85
TJN_TJX_TJMaxx 2H DIG_FY18,Conversant Inc.,PJPTLL_TJN_TJC_031_Audience_CONVERSANT_PUR_ROI_DSK_NET_DSP_TRG_RON_BTG_BTG_DVY_DESKTOP WIDE SKYSCRAPER- TRENDSETTERS_Run of Site_Other_P18+_160 x 600_Standard_NV_NA,204447269,10/16/2017,9234,1165,8069,2,8067,996,7071,4084,2987,998,576,4660
TJN_TJX_TJMaxx 2H DIG_FY18,Conversant Inc.,PJPTML_TJN_TJC_031_Audience_CONVERSANT_PUR_ROI_DSK_NET_DSP_TRG_RON_BTG_BTG_DVY_DESKTOP WIDE SKYSCRAPER- COMPETITIVE CONQUESTING_Run of Site_Other_P18+_160 x 600_Standard_NV_NA,204447224,10/4/2017,1478,36,1442,0,1442,370,1072,244,828,370,84,328
TJN_TJX_TJMaxx 2H DIG_FY18,xAd Inc.,PKF4CT_TJN_TJX_028_Mobile_GROUND TRUTH FKA XAD_DST_SV1_MAP_DIR_DSP_TRG_RON_BTG_BTG_DVY_PHASE 1_BEHAVIORAL AUDIENCE STRATEGIC SAVERS PLACEMENT - STANDARD BANNER - Dresses_Run of Network_Behavioral_F25-54_300 x 250_Click and View_NV_NA,206834097,10/18/2017,4353,63,4290,4290,0,0,0,0,0,4290,3306,3306
TJN_TJX_TJMaxx 2H DIG_FY18,xAd Inc.,PJYDBM_TJN_TJX_028_Mobile_GROUND TRUTH FKA XAD_DST_SV1_MAP_DIR_RCH_TRG_RON_PXT_PXT_DVY_PHASE 1_PROXIMITY LOYALTY PLACEMENT - RICH MEDIA STORE LOCATOR - Fall Hero_Run of Network_Geo_F25-54_300 x 250_Click and View_NV_NA,205209355,10/11/2017,5688,47,5641,63,5578,16,5562,5317,245,79,76,5393
TJN_MAR_023_Marshalls 2H Digital_F18,NinthDecimal,PJPSRY_TJN_MAR_023_Mobile_NINTHDECIMAL_DST_SV1_MAP_DIR_RCH_TRG_RON_BTG_PXT_DVY_LOCATION GRAPH: LABOR DAY SALES SHOPPERS_Run of Network_Behavioral_F25-54_320 x 50_Click and View_NV_NA,204542876,9/7/2017,157,5,152,26,126,0,126,119,7,26,25,144
TJN_TJX_TJMaxx 2H DIG_FY18,Viant,"PJSPCM_TJN_TJC_031_Data_VIANT INC_PUR_ROI_TWB_DIR_DSP_TRG_RON_BTG_MKT_DVY_W25-54 + ONLINE SHOPPERS, CROSS DEVICE DISPLAY_Fixed Placement_Behavioral_F25-54_300 x 250_Click_NV_NA",204733512,10/4/2017,948,12,936,0,936,130,806,620,186,130,100,720
TJN_TJX_TJMaxx 2H DIG_FY18,Foursquare,"PJPRQJ_TJN_TJX_028_Audience_FOURSQUARE LABS, INC_DST_SV1_MAP_PRO_DSP_TRG_RON_PXT_BTG_DVY_PHASE 1_PINPOINT STRATEGIC SAVERS AV_Run of Network_Geo_F25-54_320 x 50_Standard_NV_NA",204525369,9/6/2017,5974,1239,4735,2133,2602,96,2506,1815,691,2229,1614,3429
TJN_TJX_TJMaxx 2H DIG_FY18,NBC Universal Media,PK2KJK_TJN_TJX_028_Content_NBCUNI.COM_BAF_BS2_DSK_DIR_VID_SPN_ROS_BTG_CTG_MOA_THIS IS US SPONSORSHIP: DESKTOP - VIGNETTE 2_Run of Site_Behavioral_F25-54_1920 x 1080_Click and View_NV_NA,205568882,10/10/2017,13473,407,13066,13066,0,0,0,0,0,13066,8450,8450
TJN_TJX_TJMaxx 2H DIG_FY18,Foursquare,"PJPRV8_TJN_TJX_028_Audience_FOURSQUARE LABS, INC_DST_SV1_MAP_PRO_DSP_TRG_RON_PXT_BTG_DVY_PHASE 1_PINPOINT TRENDSETTERS AV_Run of Network_Geo_F25-54_300 x 250_Standard_NV_NA",204527100,10/19/2017,117,1,116,96,20,1,19,15,4,97,77,92
TJN_TJX_TJMaxx 2H DIG_FY18,xAd Inc.,PJMTN0_TJN_TJX_028_Mobile_GROUND TRUTH FKA XAD_DST_SV1_MAP_DIR_DSP_TRG_RON_RTG_RTG_DVY_PHASE 1_LOCATION AUDIENCE TJX SHOPPERS PLACEMENT - STANDARD BANNER - Fall Handbag_Run of Network_Retarget_F25-54_300 x 250_Click and View_NV_NA,204447842,9/11/2017,12064,870,11194,11104,90,1,89,81,8,11105,10107,10188
TJN_TJX_TJMaxx 2H DIG_FY18,Viant,"PJNSH8_TJN_TJX_028_Data_VIANT INC_DSI_SV1_TWB_DIR_DSP_TRG_RON_BTG_CTG_DVY_PHASE 1_VIANT DIRECT MATCH RETAIL, COMPETITIVE CONQUESTING, DISPLAY_Fixed Placement_Behavioral_F25-54_728 x 90_Standard_NV_NA",204483019,9/11/2017,8,5,3,0,3,0,3,3,0,0,0,3
TJN_TJX_TJMaxx 2H DIG_FY18,Viant,PJPXKS_TJN_TJX_028_Data_VIANT INC_DSI_SV1_DSK_DIR_DSP_TRG_RON_BTG_CTG_DVY_PHASE 1_DESKTOP DISPLAY VIANT IMP TARGETING - STRATEGIC SAVERS AV_Fixed Placement_Demo_F25-54_160 x 600_Standard_NV_NA,204477475,9/24/2017,3271,238,3033,0,3033,383,2650,978,1672,383,141,1119
TJN_MAR_023_Marshalls 2H Digital_F18,xAd Inc.,PJQ0YD_TJN_MAR_023_Mobile_GROUND TRUTH FKA XAD_DST_SV1_MAP_DIR_RCH_TRG_RON_WEA_PXT_DVY_PROXIMITY CONQUESTING - WEATHER LOCATOR UNIT_Run of Network_Weather_F25-54_320 x 50_Click and View_NV_NA,204541553,10/16/2017,10564,223,10341,5099,5242,72,5170,4822,348,5171,4823,9645
TJN_TJX_TJMaxx 2H DIG_FY18,Viant,"PJNSHG_TJN_TJX_028_Data_VIANT INC_DSI_SV1_DSK_DIR_DSP_TRG_RON_BTG_CTG_DVY_PHASE 1_VIANT DIRECT MATCH RETAIL, COMPETITIVE CONQUESTING, DISPLAY_Fixed Placement_Behavioral_F25-54_728 x 90_Standard_NV_NA",204478490,9/24/2017,13004,336,12668,0,12668,1214,11454,6463,4991,1214,685,7148
TJN_TJX_TJMaxx 2H DIG_FY18,Viant,"PK2X7F_TJN_TJX_028_Data_VIANT INC_DSI_SV1_DSK_DIR_RCH_TRG_INT_BTG_CTG_DVY_PHASE 1_VIANT IMP, W25-54 STRATEGIC SAVERS, CONTOBOX - Honeycomb_Fixed Placement_Behavioral_F25-54_728 x 90_Click and View_NV_NA",205727841,9/26/2017,3971,43,3928,0,3928,191,3737,1822,1915,191,93,1915
TJN_TJX_TJMaxx 2H DIG_FY18,Conversant Inc.,PJPTLP_TJN_TJC_031_Audience_CONVERSANT_PUR_ROI_DSK_NET_DSP_TRG_RON_BTG_BTG_DVY_DESKTOP LEADERBOARD- TRENDSETTERS_Run of Site_Other_P18+_728 x 90_Standard_NV_NA,204447782,10/18/2017,692,50,642,0,642,98,544,346,198,98,62,408
TJN_TJX_TJMaxx 2H DIG_FY18,Viant,"PJNSGP_TJN_TJX_028_Data_VIANT INC_DSI_SV1_MWB_DIR_DSP_TRG_RON_BTG_CTG_DVY_PHASE 1_VIANT DIRECT MATCH RETAIL, TJX PORFOLIO LOYALISTS, DISPLAY_Fixed Placement_Behavioral_F25-54_300 x 50_Standard_NV_NA",204525579,9/23/2017,9889,158,9731,0,9731,638,9093,5371,3722,638,377,5748
TJN_TJX_TJMaxx 2H DIG_FY18,Hulu,PK3CRZ_TJN_TJX_027_Content_HULU_BAF_BS2_DSK_DIR_VID_SPN_CHS_CTG_CTG_DVY_FALL TV SPONSORSHIP: VIDEO COMMERCIAL - DESKTOP_FEP_Contextual_F25-54_1920 x 1080_Standard_NV_NA,205727706,10/17/2017,6325,97,6228,6228,0,0,0,0,0,6228,4160,4160
TJN_TJX_TJMaxx 2H DIG_FY18,xAd Inc.,PJMTMR_TJN_TJX_028_Mobile_GROUND TRUTH FKA XAD_DST_SV1_MAP_DIR_RCH_TRG_RON_PXT_PXT_DVY_PHASE 1_PROXIMITY LOYALTY PLACEMENT - RICH MEDIA STORE LOCATOR - Fall Handbag_Run of Network_Geo_F25-54_300 x 250_Click and View_NV_NA,204442093,9/20/2017,78469,1286,77183,47888,29295,401,28894,27805,1089,48289,46460,74265
TJN_TJX_TJMaxx 2H DIG_FY18,Hulu,PK3F7L_TJN_TJX_027_Content_HULU_BAF_BS2_CTV_DIR_CUS_SPN_CHS_CTG_CTG_DVY_HULU ROS: PREMIUM SLATE - CONNECTED TV_FEP_Contextual_F25-54_1920 x 1080_Standard_NV_NA,205685923,10/19/2017,85,0,85,85,0,0,0,0,0,85,67,67
TJN_TJX_TJMaxx 2H DIG_FY18,xAd Inc.,PJMTMZ_TJN_TJX_028_Mobile_GROUND TRUTH FKA XAD_DST_SV1_MAP_DIR_DSP_TRG_RON_RTG_RTG_DVY_PHASE 1_LOCATION AUDIENCE TJX SHOPPERS PLACEMENT - STANDARD BANNER - Maxx You Maxx Life_Run of Network_Retarget_F25-54_320 x 50_Click and View_NV_NA,204484011,9/11/2017,36813,697,36116,3587,32529,16248,16281,11915,4366,19835,14435,26350
TJN_TJX_TJMaxx 2H DIG_FY18,Viant,"PJNSGP_TJN_TJX_028_Data_VIANT INC_DSI_SV1_MWB_DIR_DSP_TRG_RON_BTG_CTG_DVY_PHASE 1_VIANT DIRECT MATCH RETAIL, TJX PORFOLIO LOYALISTS, DISPLAY_Fixed Placement_Behavioral_F25-54_300 x 50_Standard_NV_NA",204525579,10/2/2017,37,0,37,0,37,3,34,31,3,3,3,34
TJN_TJX_TJMaxx 2H DIG_FY18,NBC Universal Media,PK3H7G_TJN_TJX_028_Content_NBCUNI.COM_BAF_BS2_DSK_DIR_DSP_SPN_HPT_CTG_CTG_DCM_100% SOV NBC HOMEPAGE ROADBLOCK 10/17 - 728X90 MOBILE_HP Takeover_Contextual_F25-54_728 x 90_Standard_NV_NA,205725924,10/18/2017,4241,427,3814,3,3811,136,3675,3099,576,139,117,3216
TJN_TJX_TJMaxx 2H DIG_FY18,xAd Inc.,PJYDBM_TJN_TJX_028_Mobile_GROUND TRUTH FKA XAD_DST_SV1_MAP_DIR_RCH_TRG_RON_PXT_PXT_DVY_PHASE 1_PROXIMITY LOYALTY PLACEMENT - RICH MEDIA STORE LOCATOR - Fall Hero_Run of Network_Geo_F25-54_300 x 250_Click and View_NV_NA,205209355,10/6/2017,10186,131,10055,727,9328,65,9263,8922,341,792,763,9685
TJN_TJX_TJMaxx 2H DIG_FY18,Viant,"PKGJX1_TJN_TJX_028_Data_VIANT INC_DSI_SV1_DSK_DIR_RCH_TRG_INT_BTG_CTG_DVY_PHASE 1_VIANT IMP, W25-54 STRATEGIC SAVERS, CONTOBOX - Booties_Fixed Placement_Behavioral_F25-54_300 x 250_Click and View_NV_NA",206771930,10/18/2017,10,4,6,1,5,0,5,5,0,1,1,6
TJN_TJX_TJMaxx 2H DIG_FY18,PlaceIQ,PK1YHC_TJN_TJX_028_Mobile_PLACEIQ INC_DST_SV1_MAP_DIR_RCH_TRG_RON_BTG_PXT_DVY_PHASE 1_RICH MEDIA_TJX PROXIMITY LOYALISTS_DRIVE BY_Run of Network_Behavioral_F25-54_320 x 50_Click and View_NV_NA,205613803,10/13/2017,9223,269,8954,4178,4776,233,4543,4467,76,4411,4337,8804
TJN_TJX_TJMaxx 2H DIG_FY18,xAd Inc.,PJMTNR_TJN_TJX_028_Mobile_GROUND TRUTH FKA XAD_DST_SV1_MAP_DIR_RCH_TRG_RON_BTG_BTG_DVY_PHASE 1_BEHAVIORAL AUDIENCE STRATEGIC SAVERS PLACEMENT - RICH MEDIA STORE LOCATOR - Fall Handbag_Run of Network_Behavioral_F25-54_300 x 250_Click and View_NV_NA,204442108,10/15/2017,4219,53,4166,2799,1367,59,1308,682,626,2858,1490,2172
TJN_TJX_TJMaxx 2H DIG_FY18,Viant,"PJNSHF_TJN_TJX_028_Data_VIANT INC_DSI_SV1_MWB_DIR_DSP_TRG_RON_BTG_CTG_DVY_PHASE 1_VIANT DIRECT MATCH RETAIL, COMPETITIVE CONQUESTING, DISPLAY_Fixed Placement_Behavioral_F25-54_300 x 250_Standard_NV_NA",204483016,10/18/2017,6,1,5,0,5,1,4,2,2,1,1,3
TJN_TJX_TJMaxx 2H DIG_FY18,Foursquare,"PK0H83_TJN_TJX_028_Audience_FOURSQUARE LABS, INC_DST_SV1_MAP_PRO_RCH_TRG_RON_PXT_BTG_DVY_PHASE 1_MOBILE RICH MEDIA COMPETITIVE CONQUESTING - Fall Honeycomb_Run of Network_Geo_F25-54_300 x 250_Standard_NV_NA",205344161,10/20/2017,2,1,1,0,1,0,1,1,0,0,0,1
TJN_TJX_TJMaxx 2H DIG_FY18,Foursquare,"PJPRVC_TJN_TJX_028_Audience_FOURSQUARE LABS, INC_DST_SV1_MAP_PRO_DSP_TRG_RON_PXT_BTG_DVY_PHASE 1_PINPOINT TRENDSETTERS AV_Run of Network_Geo_F25-54_320 x 50_Standard_NV_NA",204527421,9/28/2017,3106,65,3041,1049,1992,74,1918,1334,584,1123,781,2115
TJN_TJX_TJMaxx 2H DIG_FY18,Conversant Inc.,PJNPLZ_TJN_TJX_028_Audience_CONVERSANT_DST_SV1_MAP_NET_DSP_TRG_RON_BTG_BTG_DVY_PHASE 1_ SMARTPHONE SMALL BANNER  - CJ CONVERTERS LAL MODELING_Run of Site_Behavioral_P18+_320 x 50_Standard_NV_NA,204442891,10/16/2017,61635,962,60673,149,60524,8115,52409,30371,22038,8264,4789,35160
TJN_MAR_023_Marshalls 2H Digital_F18,xAd Inc.,PJQ0YF_TJN_MAR_023_Mobile_GROUND TRUTH FKA XAD_DST_SV1_MAP_DIR_RCH_TRG_RON_WEA_PXT_DVY_PROXIMITY CONQUESTING - WEATHER LOCATOR UNIT_Run of Network_Weather_F25-54_300 x 250_Click and View_NV_NA,204596913,9/16/2017,1368,6,1362,1052,310,43,267,261,6,1095,1070,1331
TJN_TJX_TJMaxx 2H DIG_FY18,Conversant Inc.,PJPTMN_TJN_TJC_031_Audience_CONVERSANT_PUR_ROI_MAP_NET_DSP_TRG_RON_BTG_BTG_DVY_SMARTPHONE MEDIUM RECTANGLE - COMPETITIVE CONQUESTING_Run of Site_Other_P18+_300 x 250_Standard_NV_NA,204447221,9/21/2017,6,6,0,0,0,0,0,0,0,0,0,0
TJN_TJX_TJMaxx 2H DIG_FY18,xAd Inc.,PJMTN3_TJN_TJX_028_Mobile_GROUND TRUTH FKA XAD_DST_SV1_MAP_DIR_DSP_TRG_RON_RTG_RTG_DVY_PHASE 1_LOCATION AUDIENCE COMPETITIVE CONQUESTING PLACEMENT - STANDARD BANNER - Maxx You Maxx Life_Run of Network_Retarget_F25-54_320 x 50_Click and View_NV_NA,204442933,10/17/2017,8689,92,8597,1359,7238,49,7189,5450,1739,1408,1067,6517
TJN_TJX_TJMaxx 2H DIG_FY18,Conversant Inc.,PJPWPG_TJN_TJX_028_Audience_CONVERSANT_DST_SV1_TAP_NET_DSP_TRG_RON_BTG_BTG_DVY_PHASE 1_ TABLET MEDIUM RECTANGLE  - CONVERSANT SHOPPERS AV_Run of Site_Behavioral_P18+_300 x 250_Standard_NV_NA,204446129,9/27/2017,263,3,260,0,260,73,187,72,115,73,28,100
TJN_MAR_023_Marshalls 2H Digital_F18,Spotify USA Inc.,PK0HLF_TJN_MAR_023_Audience_SPOTIFY USA INC_DST_SV2_MAP_DIR_DSP_TRG_CMP_DMA_PXT_DVY_MOBILE AUDIO COMPANION BANNER 640X640_Run of Site_Geo_F25-54_640 x 640_Click and View_NV_NA,205566308,10/10/2017,154776,794,153982,153982,0,0,0,0,0,153982,131522,131522
TJN_TJX_TJMaxx 2H DIG_FY18,Foursquare,"PK0H7Z_TJN_TJX_028_Audience_FOURSQUARE LABS, INC_DST_SV1_MAP_PRO_RCH_TRG_RON_PXT_BTG_DVY_PHASE 1_MOBILE RICH MEDIA STRATEGIC SAVERS - Fall Honeycomb_Run of Network_Geo_F25-54_300 x 250_Standard_NV_NA",205341980,9/29/2017,2954,194,2760,688,2072,154,1918,472,1446,842,207,679
TJN_TJX_TJMaxx 2H DIG_FY18,Foursquare,"PK0H84_TJN_TJX_028_Audience_FOURSQUARE LABS, INC_DST_SV1_MAP_PRO_RCH_TRG_RON_PXT_BTG_DVY_PHASE 1_MOBILE RICH MEDIA COMPETITIVE CONQUESTING - Find A Store_Run of Network_Geo_F25-54_320 x 50_Standard_NV_NA",205427847,10/16/2017,9,8,1,1,0,0,0,0,0,1,1,1
TJN_TJX_TJMaxx 2H DIG_FY18,Foursquare,"PJYHWD_TJN_TJX_028_Audience_FOURSQUARE LABS, INC_DST_SV1_MAP_PRO_DSP_TRG_RON_PXT_BTG_DVY_PHASE 1_PINPOINT COMPETITIVE CONQUESTING_Run of Network_Geo_F25-54_300 x 250_Standard_NV_NA",205235284,9/22/2017,9949,1221,8728,4459,4269,282,3987,2274,1713,4741,2704,4978
TJN_TJX_TJMaxx 2H DIG_FY18,Viant,"PJSPBT_TJN_TJC_031_Data_VIANT INC_PUR_ROI_MWB_DIR_DSP_TRG_RON_BTG_MKT_DVY_DETERMINSTIC LAL OF ECOM CONVERTERS, CROSS DEVICE DISPLAY_Fixed Placement_Behavioral_F25-54_300 x 250_Click_NV_NA",204732642,10/7/2017,296,15,281,0,281,39,242,100,142,39,16,116
TJN_TJX_TJMaxx 2H DIG_FY18,xAd Inc.,PJPXJY_TJN_TJX_028_Mobile_GROUND TRUTH FKA XAD_DST_SV1_MAP_DIR_DSP_TRG_RON_BTG_BTG_DVY_PHASE 1_BEHAVIORAL AUDIENCE STRATEGIC SAVERS PLACEMENT - STANDARD BANNER - Fall Hero_Run of Network_Behavioral_F25-54_300 x 250_Click and View_NV_NA,204484017,10/10/2017,7391,48,7343,7341,2,0,2,2,0,7341,7341,7343
TJN_TJX_TJMaxx 2H DIG_FY18,Hulu,PK3F7J_TJN_TJX_027_Content_HULU_BAF_BS2_TAP_DIR_CUS_SPN_CHS_CTG_CTG_DVY_HULU ROS: PREMIUM SLATE - TABLET IN APP_FEP_Contextual_F25-54_1920 x 1080_Standard_NV_NA,205725864,9/28/2017,2798,29,2769,2769,0,0,0,0,0,2769,2108,2108
TJN_TJX_TJMaxx 2H DIG_FY18,xAd Inc.,PJPXJQ_TJN_TJX_028_Mobile_GROUND TRUTH FKA XAD_DST_SV1_MAP_DIR_DSP_TRG_RON_RTG_RTG_DVY_PHASE 1_LOCATION AUDIENCE TJX SHOPPERS PLACEMENT - STANDARD BANNER - TJMaxx_Run of Network_Retarget_F25-54_320 x 50_Click and View_NV_NA,204447839,9/14/2017,34919,639,34280,5629,28651,19779,8872,6928,1944,25408,19521,26449
TJN_MAR_023_Marshalls 2H Digital_F18,xAd Inc.,PJQ0YF_TJN_MAR_023_Mobile_GROUND TRUTH FKA XAD_DST_SV1_MAP_DIR_RCH_TRG_RON_WEA_PXT_DVY_PROXIMITY CONQUESTING - WEATHER LOCATOR UNIT_Run of Network_Weather_F25-54_300 x 250_Click and View_NV_NA,204596913,10/13/2017,1360,10,1350,19,1331,76,1255,1178,77,95,89,1267
TJN_TJX_TJMaxx 2H DIG_FY18,xAd Inc.,PJMTMQ_TJN_TJX_028_Mobile_GROUND TRUTH FKA XAD_DST_SV1_MAP_DIR_RCH_TRG_RON_PXT_PXT_DVY_PHASE 1_PROXIMITY LOYALTY PLACEMENT - RICH MEDIA STORE LOCATOR - TJ Maxx_Run of Network_Geo_F25-54_320 x 50_Click and View_NV_NA,204442090,10/12/2017,11981,116,11865,2065,9800,43,9757,9255,502,2108,2000,11255
TJN_TJX_TJMaxx 2H DIG_FY18,Viant,"PJSPBW_TJN_TJC_031_Data_VIANT INC_PUR_ROI_MWB_DIR_DSP_TRG_RON_BTG_MKT_DVY_DETERMINSTIC LAL OF ECOM CONVERTERS, CROSS DEVICE DISPLAY_Fixed Placement_Behavioral_F25-54_300 x 50_Click_NV_NA",204733524,10/15/2017,8090,112,7978,5,7973,980,6993,5255,1738,985,740,5995
TJN_TJX_TJMaxx 2H DIG_FY18,Hulu,PK3CXH_TJN_TJX_027_Content_HULU_BAF_BS2_DSK_DIR_CUS_SPN_CHS_CTG_CTG_DVY_FALL TV SPONSORSHIP: PREMIUM SLATE - DESKTOP_FEP_Contextual_F25-54_1920 x 1080_Standard_NV_NA,205683922,9/29/2017,49225,790,48435,48435,0,0,0,0,0,48435,35898,35898
TJN_MAR_023_Marshalls 2H Digital_F18,xAd Inc.,PJQ0YF_TJN_MAR_023_Mobile_GROUND TRUTH FKA XAD_DST_SV1_MAP_DIR_RCH_TRG_RON_WEA_PXT_DVY_PROXIMITY CONQUESTING - WEATHER LOCATOR UNIT_Run of Network_Weather_F25-54_300 x 250_Click and View_NV_NA,204596913,9/13/2017,1737,40,1697,978,719,23,696,666,30,1001,958,1624
TJN_MAR_023_Marshalls 2H Digital_F18,NinthDecimal,PJPSS0_TJN_MAR_023_Mobile_NINTHDECIMAL_DST_SV1_MAP_DIR_RCH_TRG_RON_BTG_DMA_DVY_3RD PARTY: SURPRISE CHOOSERS_Run of Network_Behavioral_F25-54_320 x 50_Click and View_NV_NA,204595875,10/11/2017,49977,685,49292,12431,36861,243,36618,35135,1483,12674,12161,47296
TJN_TJX_TJMaxx 2H DIG_FY18,Foursquare,"PJPST0_TJN_TJX_028_Audience_FOURSQUARE LABS, INC_DST_SV1_MAP_PRO_RCH_TRG_RON_PXT_BTG_DVY_PHASE 1_MOBILE RICH MEDIA COMPETITIVE CONQUESTING - Find A TJ Maxx Store_Run of Network_Geo_F25-54_320 x 50_Standard_NV_NA",204525348,10/16/2017,6,6,0,0,0,0,0,0,0,0,0,0
TJN_TJX_TJMaxx 2H DIG_FY18,PlaceIQ,PK19YZ_TJN_TJX_028_Mobile_PLACEIQ INC_DST_SV1_MAP_DIR_RCH_TRG_RON_BTG_PTG_DVY_PHASE 1_RICH MEDIA_STRATEGIC SAVERS_INFORMER CONSUMER SHOPPERS+TOP TIER APPAREL SHOPPER_Run of Network_Behavioral_F25-54_320 x 50_Click and View_NV_NA,205563548,10/15/2017,32603,600,32003,10044,21959,867,21092,20740,352,10911,10729,31469
TJN_MAR_023_Marshalls 2H Digital_F18,xAd Inc.,PJQ0YH_TJN_MAR_023_Mobile_GROUND TRUTH FKA XAD_DST_SV1_MAP_DIR_DSP_TRG_RON_BTG_DMA_DVY_BEHAVIORAL - FASHION SHOPPER - DYNAMIC DISTANCE_Run of Network_Behavioral_F25-54_300 x 250_Click and View_NV_NA,204543443,9/12/2017,22457,445,22012,21978,34,0,34,32,2,21978,20645,20677
TJN_TJX_TJMaxx 2H DIG_FY18,Viant,"PJNSGR_TJN_TJX_028_Data_VIANT INC_DSI_SV1_TWB_DIR_DSP_TRG_RON_BTG_CTG_DVY_PHASE 1_VIANT DIRECT MATCH RETAIL, TJX PORFOLIO LOYALISTS, DISPLAY_Fixed Placement_Behavioral_F25-54_160 x 600_Standard_NV_NA",204478520,10/10/2017,28,3,25,0,25,4,21,12,9,4,2,14
TJN_TJX_TJMaxx 2H DIG_FY18,Conversant Inc.,PJPWPH_TJN_TJX_028_Audience_CONVERSANT_DST_SV1_MAP_NET_DSP_TRG_RON_BTG_BTG_DVY_PHASE 1_ SMARTPHONE MEDIUM RECTANGLE  - CONVERSANT SHOPPERS AV_Run of Site_Behavioral_P18+_300 x 250_Standard_NV_NA,204442060,9/12/2017,84,1,83,0,83,14,69,17,52,14,3,20
TJN_TJX_TJMaxx 2H DIG_FY18,xAd Inc.,PJYDBR_TJN_TJX_028_Mobile_GROUND TRUTH FKA XAD_DST_SV1_MAP_DIR_RCH_TRG_RON_BTG_BTG_DVY_PHASE 1_BEHAVIORAL AUDIENCE TRENDSETTERS PLACEMENT - RICH MEDIA STORE LOCATOR - Maxx You Maxx Life_Run of Network_Behavioral_F25-54_320 x 50_Click and View_NV_NA,205145234,10/7/2017,5790,64,5726,2444,3282,95,3187,2558,629,2539,2038,4596
TJN_TJX_TJMaxx 2H DIG_FY18,xAd Inc.,PJPXJX_TJN_TJX_028_Mobile_GROUND TRUTH FKA XAD_DST_SV1_MAP_DIR_DSP_TRG_RON_BTG_BTG_DVY_PHASE 1_BEHAVIORAL AUDIENCE STRATEGIC SAVERS PLACEMENT - STANDARD BANNER - TJMaxx_Run of Network_Behavioral_F25-54_320 x 50_Click and View_NV_NA,204447848,10/2/2017,3,0,3,2,1,1,0,0,0,3,3,3
TJN_MAR_023_Marshalls 2H Digital_F18,NinthDecimal,"PJPSS1_TJN_MAR_023_Mobile_NINTHDECIMAL_DST_SV1_MAP_DIR_RCH_TRG_RON_BTG_DMA_DVY_TV TARGETING: PEOPLE WHO WATCH BRAVO, TLC, HGTV, A&E, LIFETIME, DISCOVERY_Run of Network_Behavioral_F25-54_320 x 50_Click and View_NV_NA",204541508,10/2/2017,18606,274,18332,6511,11821,67,11754,11336,418,6578,6344,17680
TJN_TJX_TJMaxx 2H DIG_FY18,Viant,"PK2V4W_TJN_TJX_028_Data_VIANT INC_DSI_SV1_DSK_DIR_RCH_TRG_INT_BTG_CTG_DVY_PHASE 1_VIANT IMP, W25-54 STRATEGIC SAVERS, CONTOBOX - Fall Homes_Fixed Placement_Behavioral_F25-54_728 x 90_Click and View_NV_NA",205687309,9/27/2017,1524,31,1493,0,1493,103,1390,524,866,103,39,563
TJN_TJX_TJMaxx 2H DIG_FY18,xAd Inc.,PJMTNQ_TJN_TJX_028_Mobile_GROUND TRUTH FKA XAD_DST_SV1_MAP_DIR_RCH_TRG_RON_BTG_BTG_DVY_PHASE 1_BEHAVIORAL AUDIENCE STRATEGIC SAVERS PLACEMENT - RICH MEDIA STORE LOCATOR - TJ Maxx_Run of Network_Behavioral_F25-54_320 x 50_Click and View_NV_NA,204447845,10/2/2017,9,2,7,6,1,1,0,0,0,7,6,6
TJN_MAR_023_Marshalls 2H Digital_F18,xAd Inc.,PJQ0YR_TJN_MAR_023_Mobile_GROUND TRUTH FKA XAD_DST_SV1_MAP_DIR_DSP_TRG_RON_PXT_BTG_DVY_GEOBLOCKS CONQUESTING - DYNAMIC DISTANCE_Run of Network_Geo_F25-54_300 x 250_Click and View_NV_NA,204555244,10/21/2017,43505,1148,42357,42356,1,0,1,0,1,42356,0,0
TJN_TJX_TJMaxx 2H DIG_FY18,Foursquare,"PJMQ2K_TJN_TJX_028_Audience_FOURSQUARE LABS, INC_DST_SV1_MAP_PRO_DSP_TRG_RON_PXT_BTG_DVY_PHASE 1_PINPOINT STRATEGIC SAVERS_Run of Network_Geo_F25-54_320 x 50_Standard_NV_NA",204483454,9/5/2017,135146,15089,120057,85290,34767,994,33773,27570,6203,86284,70436,98006
TJN_MAR_023_Marshalls 2H Digital_F18,xAd Inc.,PJQ0Y9_TJN_MAR_023_Mobile_GROUND TRUTH FKA XAD_DST_SV1_MAP_DIR_RCH_TRG_RON_WEA_PXT_DVY_PROXIMITY LOYALTY - WEATHER LOCATOR UNIT_Run of Network_Weather_F25-54_300 x 250_Click and View_NV_NA,204541757,9/30/2017,11215,185,11030,2052,8978,248,8730,6615,2115,2300,1743,8358
TJN_TJX_TJMaxx 2H DIG_FY18,xAd Inc.,PJMTN0_TJN_TJX_028_Mobile_GROUND TRUTH FKA XAD_DST_SV1_MAP_DIR_DSP_TRG_RON_RTG_RTG_DVY_PHASE 1_LOCATION AUDIENCE TJX SHOPPERS PLACEMENT - STANDARD BANNER - Fall Handbag_Run of Network_Retarget_F25-54_300 x 250_Click and View_NV_NA,204447842,10/19/2017,7908,214,7694,7670,24,0,24,18,6,7670,5753,5771
TJN_TJX_TJMaxx 2H DIG_FY18,Foursquare,"PJPRV8_TJN_TJX_028_Audience_FOURSQUARE LABS, INC_DST_SV1_MAP_PRO_DSP_TRG_RON_PXT_BTG_DVY_PHASE 1_PINPOINT TRENDSETTERS AV_Run of Network_Geo_F25-54_300 x 250_Standard_NV_NA",204527100,9/11/2017,832,36,796,111,685,51,634,135,499,162,34,169
TJN_TJX_TJMaxx 2H DIG_FY18,Viant,"PKGK1Z_TJN_TJX_028_Data_VIANT INC_DSI_SV1_TWB_DIR_RCH_TRG_INT_BTG_CTG_DVY_PHASE 1_VIANT IMP, W25-54 STRATEGIC SAVERS, CONTOBOX - Booties_Fixed Placement_Behavioral_F25-54_300 x 250_Click and View_NV_NA",206771795,10/20/2017,1,0,1,0,1,0,1,1,0,0,0,1
TJN_TJX_TJMaxx 2H DIG_FY18,xAd Inc.,PKF473_TJN_TJX_028_Mobile_GROUND TRUTH FKA XAD_DST_SV1_MAP_DIR_DSP_TRG_RON_PXT_PXT_DVY_PHASE 1_PROXIMITY LOYALTY PLACEMENT - STANDARD BANNER - Find A Store V1_Run of Network_Geo_F25-54_320 x 50_Click and View_NV_NA,206813098,10/21/2017,4549,68,4481,1345,3136,30,3106,2119,987,1375,938,3057
TJN_TJX_TJMaxx 2H DIG_FY18,xAd Inc.,PJMTNQ_TJN_TJX_028_Mobile_GROUND TRUTH FKA XAD_DST_SV1_MAP_DIR_RCH_TRG_RON_BTG_BTG_DVY_PHASE 1_BEHAVIORAL AUDIENCE STRATEGIC SAVERS PLACEMENT - RICH MEDIA STORE LOCATOR - TJ Maxx_Run of Network_Behavioral_F25-54_320 x 50_Click and View_NV_NA,204447845,9/23/2017,22893,185,22708,5002,17706,204,17502,16658,844,5206,4955,21613
TJN_TJX_TJMaxx 2H DIG_FY18,NBC Universal Media,PK2LGT_TJN_TJX_028_Content_NBCUNI.COM_BAF_BS2_DSK_DIR_DSP_SPN_HPT_CTG_CTG_DCM_100% SOV NBC THIS IS US ROADBLOCK 9/26 - 300X250 DESKTOP_HP Takeover_Contextual_F25-54_300 x 250_Standard_NV_NA,205566905,9/29/2017,3,0,3,0,3,1,2,2,0,1,1,3
TJN_MAR_023_Marshalls 2H Digital_F18,NinthDecimal,"PJPSS1_TJN_MAR_023_Mobile_NINTHDECIMAL_DST_SV1_MAP_DIR_RCH_TRG_RON_BTG_DMA_DVY_TV TARGETING: PEOPLE WHO WATCH BRAVO, TLC, HGTV, A&E, LIFETIME, DISCOVERY_Run of Network_Behavioral_F25-54_320 x 50_Click and View_NV_NA",204541508,9/23/2017,11348,257,11091,3759,7332,54,7278,7028,250,3813,3682,10710
TJN_TJX_TJMaxx 2H DIG_FY18,xAd Inc.,PJPXJX_TJN_TJX_028_Mobile_GROUND TRUTH FKA XAD_DST_SV1_MAP_DIR_DSP_TRG_RON_BTG_BTG_DVY_PHASE 1_BEHAVIORAL AUDIENCE STRATEGIC SAVERS PLACEMENT - STANDARD BANNER - TJMaxx_Run of Network_Behavioral_F25-54_320 x 50_Click and View_NV_NA,204447848,9/23/2017,20679,239,20440,6892,13548,405,13143,12268,875,7297,6815,19083
TJN_MAR_023_Marshalls 2H Digital_F18,NinthDecimal,PJPSRT_TJN_MAR_023_Mobile_NINTHDECIMAL_DST_SV1_MAP_DIR_RCH_TRG_RON_PXT_DMA_DVY_GEOFENCE: 15-20-MILE RADIUS AROUND RURAL STORES_Run of Network_Geo_F25-54_320 x 50_Click and View_NV_NA,204542885,9/17/2017,23859,551,23308,8267,15041,55,14986,14675,311,8322,8149,22824
TJN_MAR_023_Marshalls 2H Digital_F18,xAd Inc.,PJQ0YJ_TJN_MAR_023_Mobile_GROUND TRUTH FKA XAD_DST_SV1_MAP_DIR_DSP_TRG_RON_BTG_PXT_DVY_MARSHALLS SHOPPERS - DYNAMIC DISTANCE_Run of Network_Geo_F25-54_320 x 50_Click and View_NV_NA,204595911,9/24/2017,8569,105,8464,5390,3074,298,2776,2382,394,5688,4508,6890
TJN_TJX_TJMaxx 2H DIG_FY18,xAd Inc.,PJMTMZ_TJN_TJX_028_Mobile_GROUND TRUTH FKA XAD_DST_SV1_MAP_DIR_DSP_TRG_RON_RTG_RTG_DVY_PHASE 1_LOCATION AUDIENCE TJX SHOPPERS PLACEMENT - STANDARD BANNER - Maxx You Maxx Life_Run of Network_Retarget_F25-54_320 x 50_Click and View_NV_NA,204484011,10/19/2017,9564,96,9468,5165,4303,66,4237,3108,1129,5231,3837,6945
TJN_TJX_TJMaxx 2H DIG_FY18,Viant,"PK2X7J_TJN_TJX_028_Data_VIANT INC_DSI_SV1_MWB_DIR_RCH_TRG_INT_BTG_CTG_DVY_PHASE 1_VIANT IMP, W25-54 STRATEGIC SAVERS, CONTOBOX - Honeycomb_Fixed Placement_Behavioral_F25-54_300 x 250_Click and View_NV_NA",205688479,10/15/2017,486,5,481,37,444,24,420,124,296,61,18,142
TJN_TJX_TJMaxx 2H DIG_FY18,PlaceIQ,PK18VC_TJN_TJX_028_Mobile_PLACEIQ INC_DST_SV1_MAP_DIR_RCH_TRG_RON_BTG_PXT_DVY_PHASE 1_RICH MEDIA_TJX PORTFOLIO LOYALISTS_Run of Network_Behavioral_F25-54_320 x 50_Click and View_NV_NA,205568912,10/21/2017,6,4,2,1,1,1,0,0,0,2,2,2
TJN_MAR_023_Marshalls 2H Digital_F18,xAd Inc.,PJQ0YR_TJN_MAR_023_Mobile_GROUND TRUTH FKA XAD_DST_SV1_MAP_DIR_DSP_TRG_RON_PXT_BTG_DVY_GEOBLOCKS CONQUESTING - DYNAMIC DISTANCE_Run of Network_Geo_F25-54_300 x 250_Click and View_NV_NA,204555244,9/9/2017,6090,118,5972,5955,17,4,13,0,13,5959,0,0
TJN_TJX_TJMaxx 2H DIG_FY18,Foursquare,"PJYHWF_TJN_TJX_028_Audience_FOURSQUARE LABS, INC_DST_SV1_MAP_PRO_DSP_TRG_RON_PXT_BTG_DVY_PHASE 1_PINPOINT COMPETITIVE CONQUESTING_Run of Network_Geo_F25-54_320 x 50_Standard_NV_NA",205183220,9/18/2017,115645,4136,111509,88316,23193,1124,22069,18560,3509,89440,75219,93779
TJN_TJX_TJMaxx 2H DIG_FY18,Viant,"PK2X7F_TJN_TJX_028_Data_VIANT INC_DSI_SV1_DSK_DIR_RCH_TRG_INT_BTG_CTG_DVY_PHASE 1_VIANT IMP, W25-54 STRATEGIC SAVERS, CONTOBOX - Honeycomb_Fixed Placement_Behavioral_F25-54_728 x 90_Click and View_NV_NA",205727841,10/9/2017,8361,121,8240,5,8235,538,7697,2945,4752,543,208,3153
TJN_TJX_TJMaxx 2H DIG_FY18,Viant,"PJNSGM_TJN_TJX_028_Data_VIANT INC_DSI_SV1_TWB_DIR_DSP_TRG_RON_BTG_CTG_DVY_PHASE 1_VIANT DIRECT MATCH RETAIL, TJX PORFOLIO LOYALISTS, DISPLAY_Fixed Placement_Behavioral_F25-54_728 x 90_Standard_NV_NA",204526722,10/21/2017,13559,64,13495,0,13495,1654,11841,4868,6973,1654,680,5548
TJN_TJX_TJMaxx 2H DIG_FY18,Foursquare,"PJYHWD_TJN_TJX_028_Audience_FOURSQUARE LABS, INC_DST_SV1_MAP_PRO_DSP_TRG_RON_PXT_BTG_DVY_PHASE 1_PINPOINT COMPETITIVE CONQUESTING_Run of Network_Geo_F25-54_300 x 250_Standard_NV_NA",205235284,9/24/2017,7330,812,6518,2341,4177,237,3940,2379,1561,2578,1557,3936
TJN_MAR_023_Marshalls 2H Digital_F18,xAd Inc.,PJQ0YB_TJN_MAR_023_Mobile_GROUND TRUTH FKA XAD_DST_SV1_MAP_DIR_DSP_TRG_RON_PXT_BTG_DVY_PROXIMITY CONQUESTING - DYNAMIC DISTANCE_Run of Network_Geo_F25-54_320 x 50_Click and View_NV_NA,204541799,10/18/2017,4518,78,4440,4141,299,15,284,253,31,4156,3433,3686
TJN_TJX_TJMaxx 2H DIG_FY18,Foursquare,"PK0H80_TJN_TJX_028_Audience_FOURSQUARE LABS, INC_DST_SV1_MAP_PRO_RCH_TRG_RON_PXT_BTG_DVY_PHASE 1_MOBILE RICH MEDIA STRATEGIC SAVERS - Find A Store_Run of Network_Geo_F25-54_320 x 50_Standard_NV_NA",205394974,10/16/2017,7,5,2,2,0,0,0,0,0,2,1,1
TJN_TJX_TJMaxx 2H DIG_FY18,Conversant Inc.,PJNPM2_TJN_TJX_028_Audience_CONVERSANT_DST_SV1_MAP_NET_DSP_TRG_RON_BTG_BTG_DVY_PHASE 1_ SMARTPHONE MEDIUM RECTANGLE  - CJ CONVERTERS LAL MODELING_Run of Site_Behavioral_P18+_300 x 250_Standard_NV_NA,204442021,10/4/2017,2778,49,2729,0,2729,1000,1729,482,1247,1000,279,761
TJN_TJX_TJMaxx 2H DIG_FY18,Viant,"PJNSGQ_TJN_TJX_028_Data_VIANT INC_DSI_SV1_MWB_DIR_DSP_TRG_RON_BTG_CTG_DVY_PHASE 1_VIANT DIRECT MATCH RETAIL, TJX PORFOLIO LOYALISTS, DISPLAY_Fixed Placement_Behavioral_F25-54_300 x 250_Standard_NV_NA",204482395,10/4/2017,1062,5,1057,0,1057,217,840,551,289,217,142,693
TJN_TJX_TJMaxx 2H DIG_FY18,Conversant Inc.,PJNPMK_TJN_TJC_031_Audience_CONVERSANT_PUR_ROI_DSK_NET_DSP_TRG_RON_BTG_BTG_DVY_DESKTOP LEADERBOARD- STRATEGIC SAVERS_Run of Site_Other_P18+_728 x 90_Standard_NV_NA,204447263,10/20/2017,1995,66,1929,0,1929,371,1558,917,641,371,218,1135
TJN_MAR_023_Marshalls 2H Digital_F18,Bustle,PK5G3V_TJN_MAR_023_Content_BUSTLE_Native Content Module - Fall Fashion Finds Topics Page_Run of Site_Contextual_F25-54_1 x 1_Click and View_NV_NA,206334768,10/13/2017,3912,109,3803,6,3797,3482,315,159,156,3488,1761,1920
TJN_MAR_023_Marshalls 2H Digital_F18,xAd Inc.,PJQ0YF_TJN_MAR_023_Mobile_GROUND TRUTH FKA XAD_DST_SV1_MAP_DIR_RCH_TRG_RON_WEA_PXT_DVY_PROXIMITY CONQUESTING - WEATHER LOCATOR UNIT_Run of Network_Weather_F25-54_300 x 250_Click and View_NV_NA,204596913,9/19/2017,556,13,543,5,538,26,512,501,11,31,30,531
TJN_MAR_023_Marshalls 2H Digital_F18,NinthDecimal,"PJPSS1_TJN_MAR_023_Mobile_NINTHDECIMAL_DST_SV1_MAP_DIR_RCH_TRG_RON_BTG_DMA_DVY_TV TARGETING: PEOPLE WHO WATCH BRAVO, TLC, HGTV, A&E, LIFETIME, DISCOVERY_Run of Network_Behavioral_F25-54_320 x 50_Click and View_NV_NA",204541508,10/1/2017,89977,2381,87596,27341,60255,257,59998,58120,1878,27598,26734,84854
TJN_TJX_TJMaxx 2H DIG_FY18,xAd Inc.,PJPXJX_TJN_TJX_028_Mobile_GROUND TRUTH FKA XAD_DST_SV1_MAP_DIR_DSP_TRG_RON_BTG_BTG_DVY_PHASE 1_BEHAVIORAL AUDIENCE STRATEGIC SAVERS PLACEMENT - STANDARD BANNER - TJMaxx_Run of Network_Behavioral_F25-54_320 x 50_Click and View_NV_NA,204447848,10/1/2017,3,1,2,2,0,0,0,0,0,2,2,2
TJN_TJX_TJMaxx 2H DIG_FY18,Viant,"PJNSGM_TJN_TJX_028_Data_VIANT INC_DSI_SV1_TWB_DIR_DSP_TRG_RON_BTG_CTG_DVY_PHASE 1_VIANT DIRECT MATCH RETAIL, TJX PORFOLIO LOYALISTS, DISPLAY_Fixed Placement_Behavioral_F25-54_728 x 90_Standard_NV_NA",204526722,9/9/2017,854,107,747,0,747,529,218,159,59,529,386,545
TJN_MAR_023_Marshalls 2H Digital_F18,NinthDecimal,PJPSRR_TJN_MAR_023_Mobile_NINTHDECIMAL_DST_SV1_MAP_DIR_RCH_TRG_RON_PXT_DMA_DVY_GEOFENCE: 2-MILE RADIUS AROUND URBAN STORES_Run of Network_Geo_F25-54_320 x 50_Click and View_NV_NA,204541523,10/16/2017,33657,859,32798,13199,19599,136,19463,18922,541,13335,12964,31886
TJN_TJX_TJMaxx 2H DIG_FY18,xAd Inc.,PJMTNQ_TJN_TJX_028_Mobile_GROUND TRUTH FKA XAD_DST_SV1_MAP_DIR_RCH_TRG_RON_BTG_BTG_DVY_PHASE 1_BEHAVIORAL AUDIENCE STRATEGIC SAVERS PLACEMENT - RICH MEDIA STORE LOCATOR - TJ Maxx_Run of Network_Behavioral_F25-54_320 x 50_Click and View_NV_NA,204447845,10/1/2017,9,1,8,6,2,2,0,0,0,8,7,7
TJN_TJX_TJMaxx 2H DIG_FY18,Hulu,PK3CRZ_TJN_TJX_027_Content_HULU_BAF_BS2_DSK_DIR_VID_SPN_CHS_CTG_CTG_DVY_FALL TV SPONSORSHIP: VIDEO COMMERCIAL - DESKTOP_FEP_Contextual_F25-54_1920 x 1080_Standard_NV_NA,205727706,10/5/2017,18965,402,18563,18563,0,0,0,0,0,18563,11129,11129
TJN_TJX_TJMaxx 2H DIG_FY18,Viant,"PK2V4X_TJN_TJX_028_Data_VIANT INC_DSI_SV1_DSK_DIR_RCH_TRG_INT_BTG_CTG_DVY_PHASE 1_VIANT IMP, W25-54 STRATEGIC SAVERS, CONTOBOX - Fall Homes_Fixed Placement_Behavioral_F25-54_300 x 250_Click and View_NV_NA",205688458,10/15/2017,3506,99,3407,12,3395,538,2857,1406,1451,550,271,1677
TJN_MAR_023_Marshalls 2H Digital_F18,xAd Inc.,PJQ0YQ_TJN_MAR_023_Mobile_GROUND TRUTH FKA XAD_DST_SV1_MAP_DIR_DSP_TRG_RON_PXT_BTG_DVY_GEOBLOCKS CONQUESTING - DYNAMIC DISTANCE_Run of Network_Geo_F25-54_320 x 50_Click and View_NV_NA,204595632,10/19/2017,8940,114,8826,8153,673,11,662,489,173,8164,6031,6520
TJN_TJX_TJMaxx 2H DIG_FY18,xAd Inc.,PJMTNC_TJN_TJX_028_Mobile_GROUND TRUTH FKA XAD_DST_SV1_MAP_DIR_DSP_TRG_RON_BTG_BTG_DVY_PHASE 1_BEHAVIORAL AUDIENCE TRENDSETTERS PLACEMENT - STANDARD BANNER - Maxx You Maxx Life_Run of Network_Behavioral_F25-54_320 x 50_Click and View_NV_NA,204447830,10/8/2017,13282,151,13131,6153,6978,75,6903,5213,1690,6228,4703,9916
TJN_MAR_023_Marshalls 2H Digital_F18,NinthDecimal,PJPSS0_TJN_MAR_023_Mobile_NINTHDECIMAL_DST_SV1_MAP_DIR_RCH_TRG_RON_BTG_DMA_DVY_3RD PARTY: SURPRISE CHOOSERS_Run of Network_Behavioral_F25-54_320 x 50_Click and View_NV_NA,204595875,10/6/2017,43095,634,42461,12639,29822,195,29627,28398,1229,12834,12302,40700
TJN_TJX_TJMaxx 2H DIG_FY18,PlaceIQ,PK18V9_TJN_TJX_028_Mobile_PLACEIQ INC_DST_SV1_MAP_DIR_DSP_TRG_RON_BTG_PXT_DVY_PHASE 1_STANDARD BANNER_TJX PROXIMITY LOYALISTS_LIVE BY TJMAXX - Maxx You Maxx Life_Run of Network_Behavioral_F25-54_320 x 50_Click and View_NV_NA,205661862,10/18/2017,36529,299,36230,13248,22982,206,22776,22553,223,13454,13322,35875
TJN_TJX_TJMaxx 2H DIG_FY18,Conversant Inc.,PJPWBX_TJN_TJX_028_Audience_CONVERSANT_DST_SV1_DSK_NET_DSP_TRG_RON_BTG_BTG_DVY_PHASE 1_ DESKTOP WIDE SKYSCRAPER - CJ INTERACTORS LAL MODELING_Run of Site_Behavioral_P18+_160 x 600_Standard_NV_NA,204442033,9/29/2017,9,0,9,0,9,0,9,8,1,0,0,8
TJN_TJX_TJMaxx 2H DIG_FY18,Foursquare,"PJPRVC_TJN_TJX_028_Audience_FOURSQUARE LABS, INC_DST_SV1_MAP_PRO_DSP_TRG_RON_PXT_BTG_DVY_PHASE 1_PINPOINT TRENDSETTERS AV_Run of Network_Geo_F25-54_320 x 50_Standard_NV_NA",204527421,10/14/2017,1,0,1,1,0,0,0,0,0,1,1,1
TJN_MAR_023_Marshalls 2H Digital_F18,xAd Inc.,PJQ0YJ_TJN_MAR_023_Mobile_GROUND TRUTH FKA XAD_DST_SV1_MAP_DIR_DSP_TRG_RON_BTG_PXT_DVY_MARSHALLS SHOPPERS - DYNAMIC DISTANCE_Run of Network_Geo_F25-54_320 x 50_Click and View_NV_NA,204595911,9/22/2017,10049,190,9859,6521,3338,596,2742,2228,514,7117,5154,7382
TJN_TJX_TJMaxx 2H DIG_FY18,xAd Inc.,PJMTN3_TJN_TJX_028_Mobile_GROUND TRUTH FKA XAD_DST_SV1_MAP_DIR_DSP_TRG_RON_RTG_RTG_DVY_PHASE 1_LOCATION AUDIENCE COMPETITIVE CONQUESTING PLACEMENT - STANDARD BANNER - Maxx You Maxx Life_Run of Network_Retarget_F25-54_320 x 50_Click and View_NV_NA,204442933,10/5/2017,5,2,3,2,1,0,1,1,0,2,2,3
TJN_TJX_TJMaxx 2H DIG_FY18,Viant,"PJSPBZ_TJN_TJC_031_Data_VIANT INC_PUR_ROI_TWB_DIR_DSP_TRG_RON_BTG_MKT_DVY_DETERMINSTIC LAL OF ECOM CONVERTERS, CROSS DEVICE DISPLAY_Fixed Placement_Behavioral_F25-54_160 x 600_Click_NV_NA",204716194,10/3/2017,39,3,36,0,36,7,29,11,18,7,3,14
TJN_TJX_TJMaxx 2H DIG_FY18,Foursquare,"PKFMJM_TJN_TJX_028_Audience_FOURSQUARE LABS, INC_DST_SV1_MAP_PRO_RCH_TRG_RON_PXT_BTG_DVY_PHASE 1_MOBILE RICH MEDIA COMPETITIVE CONQUESTING - Booties_Run of Network_Geo_F25-54_300 x 250_Standard_NV_NA",206771834,10/18/2017,1043,21,1022,773,249,65,184,90,94,838,410,500
TJN_TJX_TJMaxx 2H DIG_FY18,xAd Inc.,PJPXK0_TJN_TJX_028_Mobile_GROUND TRUTH FKA XAD_DST_SV1_MAP_DIR_DSP_TRG_RON_BTG_BTG_DVY_PHASE 1_BEHAVIORAL AUDIENCE TRENDSETTERS PLACEMENT - STANDARD BANNER - TJMaxx_Run of Network_Behavioral_F25-54_320 x 50_Click and View_NV_NA,204483993,10/8/2017,13556,115,13441,6293,7148,90,7058,5433,1625,6383,4913,10346
TJN_TJX_TJMaxx 2H DIG_FY18,Foursquare,"PJPRVC_TJN_TJX_028_Audience_FOURSQUARE LABS, INC_DST_SV1_MAP_PRO_DSP_TRG_RON_PXT_BTG_DVY_PHASE 1_PINPOINT TRENDSETTERS AV_Run of Network_Geo_F25-54_320 x 50_Standard_NV_NA",204527421,9/14/2017,1755,237,1518,382,1136,52,1084,761,323,434,305,1066
TJN_MAR_023_Marshalls 2H Digital_F18,NinthDecimal,PJPSRS_TJN_MAR_023_Mobile_NINTHDECIMAL_DST_SV1_MAP_DIR_RCH_TRG_RON_PXT_DMA_DVY_GEOFENCE: 5-10-MILE RADIUS AROUND SUBURBAN STORES_Run of Network_Geo_F25-54_320 x 50_Click and View_NV_NA,204541748,9/8/2017,14227,364,13863,5144,8719,78,8641,8453,188,5222,5108,13561
TJN_TJX_TJMaxx 2H DIG_FY18,Foursquare,"PJMQ2K_TJN_TJX_028_Audience_FOURSQUARE LABS, INC_DST_SV1_MAP_PRO_DSP_TRG_RON_PXT_BTG_DVY_PHASE 1_PINPOINT STRATEGIC SAVERS_Run of Network_Geo_F25-54_320 x 50_Standard_NV_NA",204483454,9/14/2017,74665,5094,69571,35737,33834,2049,31785,22746,9039,37786,27040,49786
TJN_TJX_TJMaxx 2H DIG_FY18,Conversant Inc.,PJPTLH_TJN_TJC_031_Audience_CONVERSANT_PUR_ROI_TAP_NET_DSP_TRG_RON_BTG_BTG_DVY_TABLET LEADERBOARD- TRENDSETTERS_Run of Site_Other_P18+_728 x 90_Standard_NV_NA,204447779,10/14/2017,195,0,195,35,160,13,147,135,12,48,44,179
TJN_MAR_023_Marshalls 2H Digital_F18,xAd Inc.,PJQ0Y9_TJN_MAR_023_Mobile_GROUND TRUTH FKA XAD_DST_SV1_MAP_DIR_RCH_TRG_RON_WEA_PXT_DVY_PROXIMITY LOYALTY - WEATHER LOCATOR UNIT_Run of Network_Weather_F25-54_300 x 250_Click and View_NV_NA,204541757,10/16/2017,51978,1228,50750,12201,38549,830,37719,27983,9736,13031,9667,37650
TJN_TJX_TJMaxx 2H DIG_FY18,xAd Inc.,PJMTMZ_TJN_TJX_028_Mobile_GROUND TRUTH FKA XAD_DST_SV1_MAP_DIR_DSP_TRG_RON_RTG_RTG_DVY_PHASE 1_LOCATION AUDIENCE TJX SHOPPERS PLACEMENT - STANDARD BANNER - Maxx You Maxx Life_Run of Network_Retarget_F25-54_320 x 50_Click and View_NV_NA,204484011,10/9/2017,9830,40,9790,4078,5712,82,5630,4470,1160,4160,3303,7773
TJN_TJX_TJMaxx 2H DIG_FY18,xAd Inc.,PKF42P_TJN_TJX_028_Mobile_GROUND TRUTH FKA XAD_DST_SV1_MAP_DIR_RCH_TRG_RON_BTG_BTG_DVY_PHASE 1_BEHAVIORAL AUDIENCE STRATEGIC SAVERS PLACEMENT - RICH MEDIA STORE LOCATOR - Dresses_Run of Network_Behavioral_F25-54_300 x 250_Click and View_NV_NA,206812651,10/18/2017,2737,25,2712,895,1817,75,1742,776,966,970,432,1208
TJN_TJX_TJMaxx 2H DIG_FY18,Foursquare,"PJMQ2K_TJN_TJX_028_Audience_FOURSQUARE LABS, INC_DST_SV1_MAP_PRO_DSP_TRG_RON_PXT_BTG_DVY_PHASE 1_PINPOINT STRATEGIC SAVERS_Run of Network_Geo_F25-54_320 x 50_Standard_NV_NA",204483454,10/14/2017,132680,1573,131107,58499,72608,3145,69463,54415,15048,61644,48290,102705
TJN_MAR_023_Marshalls 2H Digital_F18,NinthDecimal,PJPSS0_TJN_MAR_023_Mobile_NINTHDECIMAL_DST_SV1_MAP_DIR_RCH_TRG_RON_BTG_DMA_DVY_3RD PARTY: SURPRISE CHOOSERS_Run of Network_Behavioral_F25-54_320 x 50_Click and View_NV_NA,204595875,9/21/2017,41490,783,40707,12231,28476,233,28243,27166,1077,12464,11989,39155
TJN_TJX_TJMaxx 2H DIG_FY18,Hulu,PK3DG4_TJN_TJX_027_Content_HULU_BAF_BS2_DSK_DIR_VID_SPN_CHS_CTG_CTG_DVY_FALL TV SPONSORSHIP: MASTHEAD BRAND - MOBILE IN APP_FEP_Contextual_F25-54_1 x 1_Standard_NV_NA,205725858,9/29/2017,4,0,4,4,0,0,0,0,0,4,3,3
TJN_TJX_TJMaxx 2H DIG_FY18,xAd Inc.,PJMTN0_TJN_TJX_028_Mobile_GROUND TRUTH FKA XAD_DST_SV1_MAP_DIR_DSP_TRG_RON_RTG_RTG_DVY_PHASE 1_LOCATION AUDIENCE TJX SHOPPERS PLACEMENT - STANDARD BANNER - Fall Handbag_Run of Network_Retarget_F25-54_300 x 250_Click and View_NV_NA,204447842,10/9/2017,7211,139,7072,7020,52,0,52,41,11,7020,5535,5576
TJN_TJX_TJMaxx 2H DIG_FY18,Viant,"PJNSH8_TJN_TJX_028_Data_VIANT INC_DSI_SV1_TWB_DIR_DSP_TRG_RON_BTG_CTG_DVY_PHASE 1_VIANT DIRECT MATCH RETAIL, COMPETITIVE CONQUESTING, DISPLAY_Fixed Placement_Behavioral_F25-54_728 x 90_Standard_NV_NA",204483019,10/9/2017,1,0,1,0,1,0,1,1,0,0,0,1
TJN_TJX_TJMaxx 2H DIG_FY18,xAd Inc.,PKF499_TJN_TJX_028_Mobile_GROUND TRUTH FKA XAD_DST_SV1_MAP_DIR_DSP_TRG_RON_BTG_BTG_DVY_PHASE 1_BEHAVIORAL AUDIENCE TRENDSETTERS PLACEMENT - STANDARD BANNER - Booties_Run of Network_Behavioral_F25-54_300 x 250_Click and View_NV_NA,206832846,10/15/2017,1055,10,1045,23,1022,5,1017,936,81,28,26,962
TJN_TJX_TJMaxx 2H DIG_FY18,xAd Inc.,PJMTN9_TJN_TJX_028_Mobile_GROUND TRUTH FKA XAD_DST_SV1_MAP_DIR_DSP_TRG_RON_BTG_BTG_DVY_PHASE 1_BEHAVIORAL AUDIENCE STRATEGIC SAVERS PLACEMENT - STANDARD BANNER - Fall Handbag_Run of Network_Behavioral_F25-54_300 x 250_Click and View_NV_NA,204447293,10/16/2017,7808,77,7731,7730,1,0,1,1,0,7730,7730,7731
TJN_TJX_TJMaxx 2H DIG_FY18,Foursquare,"PJPRVG_TJN_TJX_028_Audience_FOURSQUARE LABS, INC_DST_SV1_MAP_PRO_DSP_TRG_RON_PXT_BTG_DVY_PHASE 1_PINPOINT COMPETITIVE CONQUESTING AV_Run of Network_Geo_F25-54_300 x 250_Standard_NV_NA",204527412,10/5/2017,133,3,130,43,87,6,81,60,21,49,36,96
TJN_TJX_TJMaxx 2H DIG_FY18,xAd Inc.,PJMTNQ_TJN_TJX_028_Mobile_GROUND TRUTH FKA XAD_DST_SV1_MAP_DIR_RCH_TRG_RON_BTG_BTG_DVY_PHASE 1_BEHAVIORAL AUDIENCE STRATEGIC SAVERS PLACEMENT - RICH MEDIA STORE LOCATOR - TJ Maxx_Run of Network_Behavioral_F25-54_320 x 50_Click and View_NV_NA,204447845,10/3/2017,8,0,8,6,2,2,0,0,0,8,7,7
TJN_MAR_023_Marshalls 2H Digital_F18,NinthDecimal,"PJPSS1_TJN_MAR_023_Mobile_NINTHDECIMAL_DST_SV1_MAP_DIR_RCH_TRG_RON_BTG_DMA_DVY_TV TARGETING: PEOPLE WHO WATCH BRAVO, TLC, HGTV, A&E, LIFETIME, DISCOVERY_Run of Network_Behavioral_F25-54_320 x 50_Click and View_NV_NA",204541508,10/3/2017,2981,50,2931,899,2032,9,2023,1964,59,908,882,2846
TJN_MAR_023_Marshalls 2H Digital_F18,Bustle,PKG3Z8_TJN_MAR_023_Content_BUSTLE_Custom Content Roadblock Custom Shot Feature 2 - Panoramic_Roadblock_Contextual_F25-54_1 x 1_Click and View_NV_NA,206711606,10/14/2017,1,0,1,0,1,1,0,0,0,1,1,1
TJN_TJX_TJMaxx 2H DIG_FY18,NBC Universal Media,PK2JQY_TJN_TJX_028_Content_NBCUNI.COM_BAF_BS2_OTT_DIR_VID_SPN_ROS_BTG_CTG_MOA_THIS IS US SPONSORSHIP: OTT - VIGNETTE 1_Run of Site_Behavioral_F25-54_1920 x 1080_Click and View_NV_NA,205566374,10/4/2017,1164,10,1154,1154,0,0,0,0,0,1154,692,692
TJN_TJX_TJMaxx 2H DIG_FY18,Foursquare,"PJPRVH_TJN_TJX_028_Audience_FOURSQUARE LABS, INC_DST_SV1_MAP_PRO_DSP_TRG_RON_PXT_BTG_DVY_PHASE 1_PINPOINT COMPETITIVE CONQUESTING AV_Run of Network_Geo_F25-54_320 x 50_Standard_NV_NA",204478088,9/19/2017,1741,92,1649,1122,527,16,511,397,114,1138,884,1281
TJN_MAR_023_Marshalls 2H Digital_F18,xAd Inc.,PJQ0YC_TJN_MAR_023_Mobile_GROUND TRUTH FKA XAD_DST_SV1_MAP_DIR_DSP_TRG_RON_PXT_BTG_DVY_PROXIMITY CONQUESTING - DYNAMIC DISTANCE_Run of Network_Geo_F25-54_300 x 250_Click and View_NV_NA,204595923,9/22/2017,7427,125,7302,7302,0,0,0,0,0,7302,0,0
TJN_TJX_TJMaxx 2H DIG_FY18,Viant,"PJNSHC_TJN_TJX_028_Data_VIANT INC_DSI_SV1_DSK_DIR_DSP_TRG_RON_BTG_CTG_DVY_PHASE 1_VIANT DIRECT MATCH RETAIL, COMPETITIVE CONQUESTING, DISPLAY_Fixed Placement_Behavioral_F25-54_300 x 250_Standard_NV_NA",204478655,9/20/2017,48353,2841,45512,0,45512,4868,40644,33788,6856,4868,4047,37835
TJN_TJX_TJMaxx 2H DIG_FY18,PlaceIQ,PK18VB_TJN_TJX_028_Mobile_PLACEIQ INC_DST_SV1_MAP_DIR_DSP_TRG_RON_BTG_PXT_DVY_PHASE 1_STANDARD BANNER_TJX PROXIMITY LOYALISTS_WORK BY TJMAXX - Maxx You Maxx Life_Run of Network_Behavioral_F25-54_320 x 50_Click and View_NV_NA,205563149,10/21/2017,3,3,0,0,0,0,0,0,0,0,0,0
TJN_TJX_TJMaxx 2H DIG_FY18,Viant,"PJSPBZ_TJN_TJC_031_Data_VIANT INC_PUR_ROI_TWB_DIR_DSP_TRG_RON_BTG_MKT_DVY_DETERMINSTIC LAL OF ECOM CONVERTERS, CROSS DEVICE DISPLAY_Fixed Placement_Behavioral_F25-54_160 x 600_Click_NV_NA",204716194,10/1/2017,72,2,70,0,70,22,48,9,39,22,4,13
TJN_TJX_TJMaxx 2H DIG_FY18,xAd Inc.,PJYDBQ_TJN_TJX_028_Mobile_GROUND TRUTH FKA XAD_DST_SV1_MAP_DIR_RCH_TRG_RON_BTG_BTG_DVY_PHASE 1_BEHAVIORAL AUDIENCE TRENDSETTERS PLACEMENT - RICH MEDIA STORE LOCATOR - Fall Hero_Run of Network_Behavioral_F25-54_300 x 250_Click and View_NV_NA,205145231,10/14/2017,1149,8,1141,25,1116,3,1113,1052,61,28,26,1078
TJN_TJX_TJMaxx 2H DIG_FY18,Conversant Inc.,PJNPMC_TJN_TJC_031_Audience_CONVERSANT_PUR_ROI_TAP_NET_DSP_TRG_RON_BTG_BTG_DVY_TABLET LEADERBOARD- STRATEGIC SAVERS_Run of Site_Other_P18+_728 x 90_Standard_NV_NA,204442918,10/15/2017,273,5,268,37,231,18,213,195,18,55,50,245
TJN_TJX_TJMaxx 2H DIG_FY18,Viant,"PJSPBV_TJN_TJC_031_Data_VIANT INC_PUR_ROI_MWB_DIR_DSP_TRG_RON_BTG_MKT_DVY_DETERMINSTIC LAL OF ECOM CONVERTERS, CROSS DEVICE DISPLAY_Fixed Placement_Behavioral_F25-54_160 x 600_Click_NV_NA",204733791,10/11/2017,30067,2257,27810,4,27806,1352,26454,17136,9318,1356,878,18014
TJN_TJX_TJMaxx 2H DIG_FY18,Conversant Inc.,PJPWP8_TJN_TJX_028_Audience_CONVERSANT_DST_SV1_DSK_NET_DSP_TRG_RON_BTG_BTG_DVY_PHASE 1_ DESKTOP LEADERBOARD - CONVERSANT SHOPPERS AV_Run of Site_Behavioral_P18+_728 x 90_Standard_NV_NA,204446132,9/18/2017,604,71,533,0,533,87,446,269,177,87,52,321
TJN_TJX_TJMaxx 2H DIG_FY18,xAd Inc.,PJMTNF_TJN_TJX_028_Mobile_GROUND TRUTH FKA XAD_DST_SV1_MAP_DIR_DSP_TRG_RON_PXT_PXT_DVY_PHASE 1_PROXIMITY LOYALTY PLACEMENT - STANDARD BANNER - Fall Handbag_Run of Network_Geo_F25-54_300 x 250_Click and View_NV_NA,204446159,10/17/2017,10749,174,10575,10574,1,0,1,0,1,10574,0,0
TJN_TJX_TJMaxx 2H DIG_FY18,Foursquare,"PJPST0_TJN_TJX_028_Audience_FOURSQUARE LABS, INC_DST_SV1_MAP_PRO_RCH_TRG_RON_PXT_BTG_DVY_PHASE 1_MOBILE RICH MEDIA COMPETITIVE CONQUESTING - Find A TJ Maxx Store_Run of Network_Geo_F25-54_320 x 50_Standard_NV_NA",204525348,9/30/2017,108655,3061,105594,86336,19258,1422,17836,14131,3705,87758,69528,83659
TJN_TJX_TJMaxx 2H DIG_FY18,Viant,"PJNSHD_TJN_TJX_028_Data_VIANT INC_DSI_SV1_DSK_DIR_DSP_TRG_RON_BTG_CTG_DVY_PHASE 1_VIANT DIRECT MATCH RETAIL, COMPETITIVE CONQUESTING, DISPLAY_Fixed Placement_Behavioral_F25-54_160 x 600_Standard_NV_NA",204477281,9/29/2017,4707,285,4422,0,4422,289,4133,2669,1464,289,187,2856
TJN_TJX_TJMaxx 2H DIG_FY18,Foursquare,"PJPRQJ_TJN_TJX_028_Audience_FOURSQUARE LABS, INC_DST_SV1_MAP_PRO_DSP_TRG_RON_PXT_BTG_DVY_PHASE 1_PINPOINT STRATEGIC SAVERS AV_Run of Network_Geo_F25-54_320 x 50_Standard_NV_NA",204525369,9/17/2017,3665,290,3375,593,2782,129,2653,1935,718,722,527,2462
TJN_TJX_TJMaxx 2H DIG_FY18,Viant,"PJNSGS_TJN_TJX_028_Data_VIANT INC_DSI_SV1_MWB_DIR_DSP_TRG_RON_BTG_CTG_DVY_PHASE 1_VIANT DIRECT MATCH RETAIL, TJX PORFOLIO LOYALISTS, DISPLAY_Fixed Placement_Behavioral_F25-54_320 x 50_Standard_NV_NA",204524922,9/27/2017,14,2,12,0,12,1,11,9,2,1,1,10
TJN_TJX_TJMaxx 2H DIG_FY18,Viant,"PJSPBZ_TJN_TJC_031_Data_VIANT INC_PUR_ROI_TWB_DIR_DSP_TRG_RON_BTG_MKT_DVY_DETERMINSTIC LAL OF ECOM CONVERTERS, CROSS DEVICE DISPLAY_Fixed Placement_Behavioral_F25-54_160 x 600_Click_NV_NA",204716194,10/2/2017,88,1,87,0,87,10,77,24,53,10,3,27
TJN_TJX_TJMaxx 2H DIG_FY18,Viant,"PJSPBV_TJN_TJC_031_Data_VIANT INC_PUR_ROI_MWB_DIR_DSP_TRG_RON_BTG_MKT_DVY_DETERMINSTIC LAL OF ECOM CONVERTERS, CROSS DEVICE DISPLAY_Fixed Placement_Behavioral_F25-54_160 x 600_Click_NV_NA",204733791,10/6/2017,1390,133,1257,0,1257,58,1199,662,537,58,32,694
TJN_TJX_TJMaxx 2H DIG_FY18,Conversant Inc.,PJPTML_TJN_TJC_031_Audience_CONVERSANT_PUR_ROI_DSK_NET_DSP_TRG_RON_BTG_BTG_DVY_DESKTOP WIDE SKYSCRAPER- COMPETITIVE CONQUESTING_Run of Site_Other_P18+_160 x 600_Standard_NV_NA,204447224,10/21/2017,731,21,710,0,710,147,563,125,438,147,33,158
TJN_TJX_TJMaxx 2H DIG_FY18,Foursquare,"PJPRVC_TJN_TJX_028_Audience_FOURSQUARE LABS, INC_DST_SV1_MAP_PRO_DSP_TRG_RON_PXT_BTG_DVY_PHASE 1_PINPOINT TRENDSETTERS AV_Run of Network_Geo_F25-54_320 x 50_Standard_NV_NA",204527421,9/5/2017,7244,904,6340,3971,2369,75,2294,1743,551,4046,3074,4817
TJN_TJX_TJMaxx 2H DIG_FY18,xAd Inc.,PKF46H_TJN_TJX_028_Mobile_GROUND TRUTH FKA XAD_DST_SV1_MAP_DIR_DSP_TRG_RON_PXT_PXT_DVY_PHASE 1_PROXIMITY LOYALTY PLACEMENT - STANDARD BANNER - Sweaters_Run of Network_Geo_F25-54_300 x 250_Click and View_NV_NA,206772605,10/16/2017,3267,47,3220,3220,0,0,0,0,0,3220,2092,2092
TJN_TJX_TJMaxx 2H DIG_FY18,Viant,"PJSPCM_TJN_TJC_031_Data_VIANT INC_PUR_ROI_TWB_DIR_DSP_TRG_RON_BTG_MKT_DVY_W25-54 + ONLINE SHOPPERS, CROSS DEVICE DISPLAY_Fixed Placement_Behavioral_F25-54_300 x 250_Click_NV_NA",204733512,10/21/2017,67715,436,67279,0,67279,7654,59625,43245,16380,7654,5551,48796
TJN_MAR_023_Marshalls 2H Digital_F18,xAd Inc.,PJQ0YQ_TJN_MAR_023_Mobile_GROUND TRUTH FKA XAD_DST_SV1_MAP_DIR_DSP_TRG_RON_PXT_BTG_DVY_GEOBLOCKS CONQUESTING - DYNAMIC DISTANCE_Run of Network_Geo_F25-54_320 x 50_Click and View_NV_NA,204595632,10/9/2017,10000,276,9724,8473,1251,30,1221,933,288,8503,6497,7430
TJN_MAR_023_Marshalls 2H Digital_F18,Bustle,PKGB5V_TJN_MAR_023_Content_BUSTLE_Custom Content Roadblock Custom Shot Feature 3 - Panoramic_Roadblock_Contextual_F25-54_1 x 1_Click and View_NV_NA,206751418,10/18/2017,15329,263,15066,4,15062,13899,1163,649,514,13903,7758,8407
TJN_TJX_TJMaxx 2H DIG_FY18,NBC Universal Media,PK2KJV_TJN_TJX_028_Content_NBCUNI.COM_BAF_BS2_OTT_DIR_VID_SPN_ROS_BTG_CTG_MOA_THIS IS US SPONSORSHIP: OTT - VIGNETTE 2_Run of Site_Behavioral_F25-54_1920 x 1080_Click and View_NV_NA,205613677,10/14/2017,1,0,1,1,0,0,0,0,0,1,1,1
TJN_MAR_023_Marshalls 2H Digital_F18,xAd Inc.,PJQ0YC_TJN_MAR_023_Mobile_GROUND TRUTH FKA XAD_DST_SV1_MAP_DIR_DSP_TRG_RON_PXT_BTG_DVY_PROXIMITY CONQUESTING - DYNAMIC DISTANCE_Run of Network_Geo_F25-54_300 x 250_Click and View_NV_NA,204595923,9/24/2017,7780,160,7620,7599,21,2,19,18,1,7601,7200,7218
TJN_TJX_TJMaxx 2H DIG_FY18,PlaceIQ,PKFRK3_TJN_TJX_028_Mobile_PLACEIQ INC_DST_SV1_MAP_DIR_DSP_TRG_RON_BTG_PXT_DVY_PHASE 1_STANDARD BANNER_TJX PROXIMITY LOYALISTS_WORK BY TJMAXX - Find a Store V2_Run of Network_Behavioral_F25-54_320 x 50_Click and View_NV_NA,206831769,10/20/2017,7662,205,7457,6453,1004,21,983,978,5,6474,6441,7419
TJN_MAR_023_Marshalls 2H Digital_F18,xAd Inc.,PJQ0YG_TJN_MAR_023_Mobile_GROUND TRUTH FKA XAD_DST_SV1_MAP_DIR_DSP_TRG_RON_BTG_DMA_DVY_BEHAVIORAL - FASHION SHOPPER - DYNAMIC DISTANCE_Run of Network_Behavioral_F25-54_320 x 50_Click and View_NV_NA,204557581,10/15/2017,61689,721,60968,48358,12610,2117,10493,9810,683,50475,47210,57020
TJN_TJX_TJMaxx 2H DIG_FY18,Hulu,PK3F7L_TJN_TJX_027_Content_HULU_BAF_BS2_CTV_DIR_CUS_SPN_CHS_CTG_CTG_DVY_HULU ROS: PREMIUM SLATE - CONNECTED TV_FEP_Contextual_F25-54_1920 x 1080_Standard_NV_NA,205685923,9/26/2017,96738,316,96422,96422,0,0,0,0,0,96422,69347,69347
TJN_TJX_TJMaxx 2H DIG_FY18,Foursquare,"PJPRVH_TJN_TJX_028_Audience_FOURSQUARE LABS, INC_DST_SV1_MAP_PRO_DSP_TRG_RON_PXT_BTG_DVY_PHASE 1_PINPOINT COMPETITIVE CONQUESTING AV_Run of Network_Geo_F25-54_320 x 50_Standard_NV_NA",204478088,9/13/2017,2074,55,2019,1369,650,33,617,467,150,1402,1061,1528
TJN_TJX_TJMaxx 2H DIG_FY18,Foursquare,"PK0H80_TJN_TJX_028_Audience_FOURSQUARE LABS, INC_DST_SV1_MAP_PRO_RCH_TRG_RON_PXT_BTG_DVY_PHASE 1_MOBILE RICH MEDIA STRATEGIC SAVERS - Find A Store_Run of Network_Geo_F25-54_320 x 50_Standard_NV_NA",205394974,9/30/2017,69487,4109,65378,30278,35100,3032,32068,22773,9295,33310,23655,46428
TJN_TJX_TJMaxx 2H DIG_FY18,Conversant Inc.,PJPTLJ_TJN_TJC_031_Audience_CONVERSANT_PUR_ROI_TAP_NET_DSP_TRG_RON_BTG_BTG_DVY_TABLET MEDIUM RECTANGLE - TRENDSETTERS_Run of Site_Other_P18+_300 x 250_Standard_NV_NA,204447266,10/4/2017,2968,33,2935,0,2935,441,2494,1027,1467,441,182,1209
TJN_MAR_023_Marshalls 2H Digital_F18,Spotify USA Inc.,PK0HN8_TJN_MAR_023_Audience_SPOTIFY USA INC_DST_SV2_MAP_DIR_DSP_TRG_ROS_DMA_PXT_DVY_MOBILE OVERLAY 630X920_Run of Site_Geo_F25-54_630 x 920_Click and View_NV_NA,205561904,9/28/2017,27525,403,27122,27122,0,0,0,0,0,27122,25281,25281
TJN_TJX_TJMaxx 2H DIG_FY18,Conversant Inc.,PJPTLN_TJN_TJC_031_Audience_CONVERSANT_PUR_ROI_MAP_NET_DSP_TRG_RON_BTG_BTG_DVY_SMARTPHONE MEDIUM RECTANGLE - TRENDSETTERS_Run of Site_Other_P18+_300 x 250_Standard_NV_NA,204446141,10/10/2017,8892,55,8837,0,8837,1397,7440,3104,4336,1397,583,3687
TJN_TJX_TJMaxx 2H DIG_FY18,Foursquare,"PJPRV8_TJN_TJX_028_Audience_FOURSQUARE LABS, INC_DST_SV1_MAP_PRO_DSP_TRG_RON_PXT_BTG_DVY_PHASE 1_PINPOINT TRENDSETTERS AV_Run of Network_Geo_F25-54_300 x 250_Standard_NV_NA",204527100,9/26/2017,172,13,159,49,110,6,104,56,48,55,30,86
TJN_MAR_023_Marshalls 2H Digital_F18,NinthDecimal,PJPSRR_TJN_MAR_023_Mobile_NINTHDECIMAL_DST_SV1_MAP_DIR_RCH_TRG_RON_PXT_DMA_DVY_GEOFENCE: 2-MILE RADIUS AROUND URBAN STORES_Run of Network_Geo_F25-54_320 x 50_Click and View_NV_NA,204541523,9/30/2017,176991,6238,170753,64550,106203,363,105840,103498,2342,64913,63477,166975
TJN_MAR_023_Marshalls 2H Digital_F18,xAd Inc.,PJQ0YK_TJN_MAR_023_Mobile_GROUND TRUTH FKA XAD_DST_SV1_MAP_DIR_DSP_TRG_RON_BTG_PXT_DVY_MARSHALLS SHOPPERS - DYNAMIC DISTANCE_Run of Network_Geo_F25-54_300 x 250_Click and View_NV_NA,204543440,10/15/2017,5555,134,5421,5421,0,0,0,0,0,5421,5421,5421
TJN_MAR_023_Marshalls 2H Digital_F18,NinthDecimal,PJPSRS_TJN_MAR_023_Mobile_NINTHDECIMAL_DST_SV1_MAP_DIR_RCH_TRG_RON_PXT_DMA_DVY_GEOFENCE: 5-10-MILE RADIUS AROUND SUBURBAN STORES_Run of Network_Geo_F25-54_320 x 50_Click and View_NV_NA,204541748,10/7/2017,25772,629,25143,11557,13586,85,13501,13197,304,11642,11380,24577
TJN_TJX_TJMaxx 2H DIG_FY18,Viant,"PK2X7F_TJN_TJX_028_Data_VIANT INC_DSI_SV1_DSK_DIR_RCH_TRG_INT_BTG_CTG_DVY_PHASE 1_VIANT IMP, W25-54 STRATEGIC SAVERS, CONTOBOX - Honeycomb_Fixed Placement_Behavioral_F25-54_728 x 90_Click and View_NV_NA",205727841,10/19/2017,15,6,9,4,5,0,5,5,0,4,4,9
TJN_TJX_TJMaxx 2H DIG_FY18,PlaceIQ,PK1YGX_TJN_TJX_028_Mobile_PLACEIQ INC_DST_SV1_MAP_DIR_DSP_TRG_RON_BTG_PXT_DVY_PHASE 1_STANDARD BANNER_TRENDSETTERS_APPROVAL SEEKING SHOPPERS+LIVE OR WORK BY TJMAXX - TJ Maxx_Run of Network_Behavioral_F25-54_320 x 50_Click and View_NV_NA,205563545,10/15/2017,30809,510,30299,15042,15257,228,15029,14839,190,15270,15077,29916
TJN_TJX_TJMaxx 2H DIG_FY18,Viant,"PKGK68_TJN_TJX_028_Data_VIANT INC_DSI_SV1_MWB_DIR_CUS_TRG_NAT_BTG_CTG_DVY_PHASE 1_VIANT LIFESTYLE, TRENDSETTERS NATIVE- Booties_Fixed Placement_Contextual_F25-54_0 x 0_Click and View_NV_NA",206772389,10/21/2017,48587,489,48098,48098,0,0,0,0,0,48098,36502,36502
TJN_MAR_023_Marshalls 2H Digital_F18,xAd Inc.,PJQ0YP_TJN_MAR_023_Mobile_GROUND TRUTH FKA XAD_DST_SV1_MAP_DIR_DSP_TRG_RON_PXT_BTG_DVY_GEOBLOCKS LOYALTY - DYNAMIC DISTANCE_Run of Network_Geo_F25-54_300 x 250_Click and View_NV_NA,204537983,9/8/2017,6068,158,5910,5885,25,4,21,7,14,5889,1963,1970
TJN_TJX_TJMaxx 2H DIG_FY18,Conversant Inc.,PJPTMN_TJN_TJC_031_Audience_CONVERSANT_PUR_ROI_MAP_NET_DSP_TRG_RON_BTG_BTG_DVY_SMARTPHONE MEDIUM RECTANGLE - COMPETITIVE CONQUESTING_Run of Site_Other_P18+_300 x 250_Standard_NV_NA,204447221,10/6/2017,8261,123,8138,0,8138,971,7167,3853,3314,971,522,4375
TJN_TJX_TJMaxx 2H DIG_FY18,Viant,"PKGJ6J_TJN_TJC_031_Data_VIANT INC_PUR_ROI_TWB_DIR_CUS_TRG_NAT_BTG_MKT_DVY_W25-54 + KEYWORD TARGETING, CROSS DEVICE NATIVE - Dresses_Fixed Placement_Contextual_F25-54_0 x 0_Click_NV_NA",206833317,10/19/2017,12921,171,12750,12750,0,0,0,0,0,12750,10002,10002
TJN_TJX_TJMaxx 2H DIG_FY18,xAd Inc.,PJMTMZ_TJN_TJX_028_Mobile_GROUND TRUTH FKA XAD_DST_SV1_MAP_DIR_DSP_TRG_RON_RTG_RTG_DVY_PHASE 1_LOCATION AUDIENCE TJX SHOPPERS PLACEMENT - STANDARD BANNER - Maxx You Maxx Life_Run of Network_Retarget_F25-54_320 x 50_Click and View_NV_NA,204484011,9/26/2017,34972,554,34418,14636,19782,8351,11431,10421,1010,22987,19228,29649
TJN_TJX_TJMaxx 2H DIG_FY18,Foursquare,"PJMQ2K_TJN_TJX_028_Audience_FOURSQUARE LABS, INC_DST_SV1_MAP_PRO_DSP_TRG_RON_PXT_BTG_DVY_PHASE 1_PINPOINT STRATEGIC SAVERS_Run of Network_Geo_F25-54_320 x 50_Standard_NV_NA",204483454,9/28/2017,114693,7397,107296,54684,52612,2146,50466,38050,12416,56830,42848,80898
TJN_TJX_TJMaxx 2H DIG_FY18,Foursquare,"PJPRVH_TJN_TJX_028_Audience_FOURSQUARE LABS, INC_DST_SV1_MAP_PRO_DSP_TRG_RON_PXT_BTG_DVY_PHASE 1_PINPOINT COMPETITIVE CONQUESTING AV_Run of Network_Geo_F25-54_320 x 50_Standard_NV_NA",204478088,9/16/2017,5627,296,5331,3659,1672,110,1562,1369,193,3769,3303,4672
TJN_TJX_TJMaxx 2H DIG_FY18,xAd Inc.,PJPXK2_TJN_TJX_028_Mobile_GROUND TRUTH FKA XAD_DST_SV1_MAP_DIR_DSP_TRG_RON_PXT_PXT_DVY_PHASE 1_PROXIMITY LOYALTY PLACEMENT - STANDARD BANNER - Fall Hero_Run of Network_Geo_F25-54_300 x 250_Click and View_NV_NA,204442945,9/22/2017,11416,233,11183,11131,52,6,46,4,42,11137,968,972
TJN_TJX_TJMaxx 2H DIG_FY18,Foursquare,"PJPQL0_TJN_TJX_028_Audience_FOURSQUARE LABS, INC_DST_SV1_MAP_PRO_DSP_TRG_RON_PXT_BTG_DVY_PHASE 1_PINPOINT TRENDSETTERS_Run of Network_Geo_F25-54_320 x 50_Standard_NV_NA",204478094,9/7/2017,143599,9312,134287,110800,23487,467,23020,19352,3668,111267,93538,112890
TJN_TJX_TJMaxx 2H DIG_FY18,NBC Universal Media,PK2LHG_TJN_TJX_028_Content_NBCUNI.COM_BAF_BS2_DSK_DIR_DSP_SPN_HPT_CTG_CTG_DCM_100% SOV NBC THIS IS US ROADBLOCK 10/10 - 970X66 DESKTOP_HP Takeover_Contextual_F25-54_970 x 66_Standard_NV_NA,205568267,10/11/2017,35778,1663,34115,89,34026,966,33060,25622,7438,1055,818,26440
TJN_TJX_TJMaxx 2H DIG_FY18,Foursquare,"PKFMKZ_TJN_TJX_028_Audience_FOURSQUARE LABS, INC_DST_SV1_MAP_PRO_RCH_TRG_RON_PXT_BTG_DVY_PHASE 1_MOBILE RICH MEDIA TRENDSETTERS - Dresses_Run of Network_Geo_F25-54_300 x 250_Standard_NV_NA",206771852,10/21/2017,302,2,300,235,65,28,37,20,17,263,142,162
TJN_TJX_TJMaxx 2H DIG_FY18,xAd Inc.,PJMTN4_TJN_TJX_028_Mobile_GROUND TRUTH FKA XAD_DST_SV1_MAP_DIR_RCH_TRG_RON_BTG_BTG_DVY_PHASE 1_BEHAVIORAL AUDIENCE TRENDSETTERS PLACEMENT - RICH MEDIA STORE LOCATOR - Fall Handbag_Run of Network_Behavioral_F25-54_300 x 250_Click and View_NV_NA,204447281,9/27/2017,3373,38,3335,42,3293,32,3261,3135,126,74,71,3206
TJN_TJX_TJMaxx 2H DIG_FY18,Viant,"PJSPCK_TJN_TJC_031_Data_VIANT INC_PUR_ROI_MWB_DIR_DSP_TRG_RON_BTG_MKT_DVY_W25-54 + ONLINE SHOPPERS, CROSS DEVICE DISPLAY_Fixed Placement_Behavioral_F25-54_160 x 600_Click_NV_NA",204733041,10/10/2017,865,65,800,0,800,94,706,327,379,94,44,371
TJN_TJX_TJMaxx 2H DIG_FY18,xAd Inc.,PJMTN0_TJN_TJX_028_Mobile_GROUND TRUTH FKA XAD_DST_SV1_MAP_DIR_DSP_TRG_RON_RTG_RTG_DVY_PHASE 1_LOCATION AUDIENCE TJX SHOPPERS PLACEMENT - STANDARD BANNER - Fall Handbag_Run of Network_Retarget_F25-54_300 x 250_Click and View_NV_NA,204447842,9/26/2017,19438,491,18947,18605,342,9,333,314,19,18614,17552,17866
TJN_TJX_TJMaxx 2H DIG_FY18,Viant,"PJNSH8_TJN_TJX_028_Data_VIANT INC_DSI_SV1_TWB_DIR_DSP_TRG_RON_BTG_CTG_DVY_PHASE 1_VIANT DIRECT MATCH RETAIL, COMPETITIVE CONQUESTING, DISPLAY_Fixed Placement_Behavioral_F25-54_728 x 90_Standard_NV_NA",204483019,9/26/2017,12,0,12,0,12,1,11,11,0,1,1,12
TJN_TJX_TJMaxx 2H DIG_FY18,Foursquare,"PJPRVG_TJN_TJX_028_Audience_FOURSQUARE LABS, INC_DST_SV1_MAP_PRO_DSP_TRG_RON_PXT_BTG_DVY_PHASE 1_PINPOINT COMPETITIVE CONQUESTING AV_Run of Network_Geo_F25-54_300 x 250_Standard_NV_NA",204527412,10/17/2017,63,2,61,21,40,2,38,19,19,23,12,31
TJN_TJX_TJMaxx 2H DIG_FY18,Conversant Inc.,PJPWPB_TJN_TJX_028_Audience_CONVERSANT_DST_SV1_DSK_NET_DSP_TRG_RON_BTG_BTG_DVY_PHASE 1_ DESKTOP RECTANGLE - CONVERSANT SHOPPERS AV_Run of Site_Behavioral_P18+_300 x 600_Standard_NV_NA,204447254,9/24/2017,58,4,54,0,54,17,37,9,28,17,4,13
TJN_TJX_TJMaxx 2H DIG_FY18,Foursquare,"PK0H81_TJN_TJX_028_Audience_FOURSQUARE LABS, INC_DST_SV1_MAP_PRO_RCH_TRG_RON_PXT_BTG_DVY_PHASE 1_MOBILE RICH MEDIA TRENDSETTERS - Fall Honeycomb_Run of Network_Geo_F25-54_300 x 250_Standard_NV_NA",205337093,10/15/2017,349,3,346,103,243,11,232,55,177,114,27,82
TJN_TJX_TJMaxx 2H DIG_FY18,Viant,"PJNSGM_TJN_TJX_028_Data_VIANT INC_DSI_SV1_TWB_DIR_DSP_TRG_RON_BTG_CTG_DVY_PHASE 1_VIANT DIRECT MATCH RETAIL, TJX PORFOLIO LOYALISTS, DISPLAY_Fixed Placement_Behavioral_F25-54_728 x 90_Standard_NV_NA",204526722,10/4/2017,8575,53,8522,0,8522,890,7632,4626,3006,890,539,5165
TJN_TJX_TJMaxx 2H DIG_FY18,Viant,"PJNSGN_TJN_TJX_028_Data_VIANT INC_DSI_SV1_TWB_DIR_DSP_TRG_RON_BTG_CTG_DVY_PHASE 1_VIANT DIRECT MATCH RETAIL, TJX PORFOLIO LOYALISTS, DISPLAY_Fixed Placement_Behavioral_F25-54_300 x 250_Standard_NV_NA",204526347,9/7/2017,972,160,812,0,812,154,658,283,375,154,66,349
TJN_TJX_TJMaxx 2H DIG_FY18,Hulu,PK3CXJ_TJN_TJX_027_Content_HULU_BAF_BS2_MAP_DIR_CUS_SPN_CHS_CTG_CTG_DVY_FALL TV SPONSORSHIP: PREMIUM SLATE - MOBILE IN APP_FEP_Contextual_F25-54_1920 x 1080_Standard_NV_NA,205683919,10/18/2017,2,0,2,2,0,0,0,0,0,2,2,2
TJN_TJX_TJMaxx 2H DIG_FY18,Conversant Inc.,PJPWBV_TJN_TJX_028_Audience_CONVERSANT_DST_SV1_DSK_NET_DSP_TRG_RON_BTG_BTG_DVY_PHASE 1_ DESKTOP MEDIUM RECTANGLE - CJ INTERACTORS LAL MODELING_Run of Site_Behavioral_P18+_300 x 250_Standard_NV_NA,204447743,10/14/2017,65458,2993,62465,20,62445,7005,55440,28074,27366,7025,3557,31631
TJN_TJX_TJMaxx 2H DIG_FY18,Conversant Inc.,PJNPM2_TJN_TJX_028_Audience_CONVERSANT_DST_SV1_MAP_NET_DSP_TRG_RON_BTG_BTG_DVY_PHASE 1_ SMARTPHONE MEDIUM RECTANGLE  - CJ CONVERTERS LAL MODELING_Run of Site_Behavioral_P18+_300 x 250_Standard_NV_NA,204442021,10/21/2017,433,8,425,0,425,151,274,92,182,151,51,143
TJN_TJX_TJMaxx 2H DIG_FY18,Viant,"PJNSGQ_TJN_TJX_028_Data_VIANT INC_DSI_SV1_MWB_DIR_DSP_TRG_RON_BTG_CTG_DVY_PHASE 1_VIANT DIRECT MATCH RETAIL, TJX PORFOLIO LOYALISTS, DISPLAY_Fixed Placement_Behavioral_F25-54_300 x 250_Standard_NV_NA",204482395,10/21/2017,694,1,693,0,693,127,566,491,75,127,110,601
TJN_TJX_TJMaxx 2H DIG_FY18,Viant,"PJSPCG_TJN_TJC_031_Data_VIANT INC_PUR_ROI_DSK_DIR_DSP_TRG_RON_BTG_MKT_DVY_W25-54 + ONLINE SHOPPERS, CROSS DEVICE DISPLAY_Fixed Placement_Behavioral_F25-54_300 x 50_Click_NV_NA",204716182,10/19/2017,26,1,25,0,25,2,23,17,6,2,1,18
TJN_TJX_TJMaxx 2H DIG_FY18,xAd Inc.,PJYDBW_TJN_TJX_028_Mobile_GROUND TRUTH FKA XAD_DST_SV1_MAP_DIR_RCH_TRG_RON_BTG_BTG_DVY_PHASE 1_BEHAVIORAL AUDIENCE STRATEGIC SAVERS PLACEMENT - RICH MEDIA STORE LOCATOR - Fall Hero_Run of Network_Behavioral_F25-54_300 x 250_Click and View_NV_NA,205207030,9/30/2017,4579,65,4514,2437,2077,62,2015,1043,972,2499,1294,2337
TJN_TJX_TJMaxx 2H DIG_FY18,xAd Inc.,PJYDBM_TJN_TJX_028_Mobile_GROUND TRUTH FKA XAD_DST_SV1_MAP_DIR_RCH_TRG_RON_PXT_PXT_DVY_PHASE 1_PROXIMITY LOYALTY PLACEMENT - RICH MEDIA STORE LOCATOR - Fall Hero_Run of Network_Geo_F25-54_300 x 250_Click and View_NV_NA,205209355,9/21/2017,2380,26,2354,241,2113,22,2091,1986,105,263,250,2236
TJN_TJX_TJMaxx 2H DIG_FY18,xAd Inc.,PJYDBQ_TJN_TJX_028_Mobile_GROUND TRUTH FKA XAD_DST_SV1_MAP_DIR_RCH_TRG_RON_BTG_BTG_DVY_PHASE 1_BEHAVIORAL AUDIENCE TRENDSETTERS PLACEMENT - RICH MEDIA STORE LOCATOR - Fall Hero_Run of Network_Behavioral_F25-54_300 x 250_Click and View_NV_NA,205145231,9/28/2017,3527,35,3492,29,3463,16,3447,3304,143,45,43,3347
TJN_MAR_023_Marshalls 2H Digital_F18,NinthDecimal,PJPSRX_TJN_MAR_023_Mobile_NINTHDECIMAL_DST_SV1_MAP_DIR_RCH_TRG_RON_BTG_PXT_DVY_LOCATION GRAPH: COMPETITIVE CONQUESTING_Run of Network_Behavioral_F25-54_320 x 50_Click and View_NV_NA,204542879,9/30/2017,54501,1053,53448,12302,41146,170,40976,39887,1089,12472,12141,52028
TJN_TJX_TJMaxx 2H DIG_FY18,xAd Inc.,PKF465_TJN_TJX_028_Mobile_GROUND TRUTH FKA XAD_DST_SV1_MAP_DIR_DSP_TRG_RON_PXT_PXT_DVY_PHASE 1_PROXIMITY LOYALTY PLACEMENT - STANDARD BANNER - Dresses_Run of Network_Geo_F25-54_300 x 250_Click and View_NV_NA,206813101,10/16/2017,3318,50,3268,3268,0,0,0,0,0,3268,2124,2124
TJN_TJX_TJMaxx 2H DIG_FY18,Viant,"PJNSGW_TJN_TJX_028_Data_VIANT INC_DSI_SV1_DSK_DIR_DSP_TRG_RON_BTG_CTG_DVY_PHASE 1_VIANT DIRECT MATCH RETAIL, TJX PORFOLIO LOYALISTS, DISPLAY_Fixed Placement_Behavioral_F25-54_300 x 250_Standard_NV_NA",204478514,9/29/2017,257340,23095,234245,0,234245,4981,229264,154542,74722,4981,3358,157900
TJN_TJX_TJMaxx 2H DIG_FY18,xAd Inc.,PKF8WD_TJN_TJX_028_Mobile_GROUND TRUTH FKA XAD_DST_SV1_MAP_DIR_RCH_TRG_RON_PXT_PXT_DVY_PHASE 1_PROXIMITY LOYALTY PLACEMENT - RICH MEDIA STORE LOCATOR - Find A Store V1_Run of Network_Geo_F25-54_320 x 50_Click and View_NV_NA,206772065,10/16/2017,11028,119,10909,2769,8140,37,8103,7613,490,2806,2636,10249
TJN_TJX_TJMaxx 2H DIG_FY18,PlaceIQ,PK19YY_TJN_TJX_028_Mobile_PLACEIQ INC_DST_SV1_MAP_DIR_RCH_TRG_RON_BTG_PTG_DVY_PHASE 1_RICH MEDIA_STRATEGIC SAVERS_FREQUENT WOMEN'S APPAREL SHOPPER+DISCRETIONARY SPEND SHOPPERS_Run of Network_Behavioral_F25-54_320 x 50_Click and View_NV_NA,205568681,10/16/2017,32654,535,32119,15238,16881,693,16188,15804,384,15931,15553,31357
TJN_TJX_TJMaxx 2H DIG_FY18,Conversant Inc.,PJNPMF_TJN_TJC_031_Audience_CONVERSANT_PUR_ROI_DSK_NET_DSP_TRG_RON_BTG_BTG_DVY_DESKTOP RECTANGLE- STRATEGIC SAVERS_Run of Site_Other_P18+_300 x 600_Standard_NV_NA,204442069,10/13/2017,4024,234,3790,0,3790,652,3138,1502,1636,652,312,1814
TJN_TJX_TJMaxx 2H DIG_FY18,Conversant Inc.,PJPTMP_TJN_TJC_031_Audience_CONVERSANT_PUR_ROI_DSK_NET_DSP_TRG_RON_BTG_BTG_DVY_DESKTOP LEADERBOARD- COMPETITIVE CONQUESTING_Run of Site_Other_P18+_728 x 90_Standard_NV_NA,204443389,10/8/2017,18003,581,17422,0,17422,3811,13611,9439,4172,3811,2643,12082
TJN_TJX_TJMaxx 2H DIG_FY18,xAd Inc.,PJMTND_TJN_TJX_028_Mobile_GROUND TRUTH FKA XAD_DST_SV1_MAP_DIR_DSP_TRG_RON_PXT_PXT_DVY_PHASE 1_PROXIMITY LOYALTY PLACEMENT - STANDARD BANNER - Maxx You Maxx Life_Run of Network_Geo_F25-54_320 x 50_Click and View_NV_NA,204442096,9/12/2017,50400,814,49586,10578,39008,14155,24853,16792,8061,24733,16455,33247
TJN_TJX_TJMaxx 2H DIG_FY18,xAd Inc.,PJPXK1_TJN_TJX_028_Mobile_GROUND TRUTH FKA XAD_DST_SV1_MAP_DIR_DSP_TRG_RON_PXT_PXT_DVY_PHASE 1_PROXIMITY LOYALTY PLACEMENT - STANDARD BANNER - TJMaxx_Run of Network_Geo_F25-54_320 x 50_Click and View_NV_NA,204483996,10/8/2017,10257,222,10035,2540,7495,101,7394,5039,2355,2641,1800,6839
TJN_TJX_TJMaxx 2H DIG_FY18,xAd Inc.,PJPXK2_TJN_TJX_028_Mobile_GROUND TRUTH FKA XAD_DST_SV1_MAP_DIR_DSP_TRG_RON_PXT_PXT_DVY_PHASE 1_PROXIMITY LOYALTY PLACEMENT - STANDARD BANNER - Fall Hero_Run of Network_Geo_F25-54_300 x 250_Click and View_NV_NA,204442945,9/24/2017,10895,230,10665,10570,95,47,48,3,45,10617,664,667
TJN_MAR_023_Marshalls 2H Digital_F18,NinthDecimal,PJPSRT_TJN_MAR_023_Mobile_NINTHDECIMAL_DST_SV1_MAP_DIR_RCH_TRG_RON_PXT_DMA_DVY_GEOFENCE: 15-20-MILE RADIUS AROUND RURAL STORES_Run of Network_Geo_F25-54_320 x 50_Click and View_NV_NA,204542885,9/6/2017,14949,344,14605,5597,9008,37,8971,8787,184,5634,5518,14305
TJN_TJX_TJMaxx 2H DIG_FY18,PlaceIQ,PKFRSS_TJN_TJX_028_Mobile_PLACEIQ INC_DST_SV1_MAP_DIR_DSP_TRG_RON_BTG_PXT_DVY_PHASE 1_STANDARD BANNER_TRENDSETTERS_APPROVAL SEEKING SHOPPERS+LIVE OR WORK BY TJMAXX - Sweaters_Run of Network_Behavioral_F25-54_300 x 250_Click and View_NV_NA,206833266,10/21/2017,2754,277,2477,2414,63,3,60,58,2,2417,2336,2394
TJN_MAR_023_Marshalls 2H Digital_F18,xAd Inc.,PJQ0YQ_TJN_MAR_023_Mobile_GROUND TRUTH FKA XAD_DST_SV1_MAP_DIR_DSP_TRG_RON_PXT_BTG_DVY_GEOBLOCKS CONQUESTING - DYNAMIC DISTANCE_Run of Network_Geo_F25-54_320 x 50_Click and View_NV_NA,204595632,9/26/2017,13516,247,13269,10922,2347,1140,1207,971,236,12062,9299,10270
TJN_TJX_TJMaxx 2H DIG_FY18,Foursquare,"PK0H84_TJN_TJX_028_Audience_FOURSQUARE LABS, INC_DST_SV1_MAP_PRO_RCH_TRG_RON_PXT_BTG_DVY_PHASE 1_MOBILE RICH MEDIA COMPETITIVE CONQUESTING - Find A Store_Run of Network_Geo_F25-54_320 x 50_Standard_NV_NA",205427847,9/30/2017,89114,2668,86446,63347,23099,1571,21528,16516,5012,64918,49804,66320
TJN_TJX_TJMaxx 2H DIG_FY18,xAd Inc.,PJMTNB_TJN_TJX_028_Mobile_GROUND TRUTH FKA XAD_DST_SV1_MAP_DIR_DSP_TRG_RON_BTG_BTG_DVY_PHASE 1_BEHAVIORAL AUDIENCE TRENDSETTERS PLACEMENT - STANDARD BANNER - Fall Handbag_Run of Network_Behavioral_F25-54_300 x 250_Click and View_NV_NA,204447833,9/12/2017,11487,170,11317,11286,31,4,27,9,18,11290,3763,3772
TJN_TJX_TJMaxx 2H DIG_FY18,PlaceIQ,PK18VC_TJN_TJX_028_Mobile_PLACEIQ INC_DST_SV1_MAP_DIR_RCH_TRG_RON_BTG_PXT_DVY_PHASE 1_RICH MEDIA_TJX PORTFOLIO LOYALISTS_Run of Network_Behavioral_F25-54_320 x 50_Click and View_NV_NA,205568912,10/4/2017,26660,656,26004,13717,12287,598,11689,11516,173,14315,14103,25619
TJN_TJX_TJMaxx 2H DIG_FY18,Viant,"PJNSGV_TJN_TJX_028_Data_VIANT INC_DSI_SV1_DSK_DIR_DSP_TRG_RON_BTG_CTG_DVY_PHASE 1_VIANT DIRECT MATCH RETAIL, TJX PORFOLIO LOYALISTS, DISPLAY_Fixed Placement_Behavioral_F25-54_728 x 90_Standard_NV_NA",204478511,10/20/2017,35016,1930,33086,0,33086,1194,31892,25518,6374,1194,955,26473
TJN_TJX_TJMaxx 2H DIG_FY18,Conversant Inc.,PJPWPF_TJN_TJX_028_Audience_CONVERSANT_DST_SV1_TAP_NET_DSP_TRG_RON_BTG_BTG_DVY_PHASE 1_ TABLET LEADERBOARD - CONVERSANT SHOPPERS AV_Run of Site_Behavioral_P18+_728 x 90_Standard_NV_NA,204442915,9/18/2017,51,0,51,0,51,17,34,15,19,17,7,22
TJN_MAR_023_Marshalls 2H Digital_F18,NinthDecimal,PJPSRZ_TJN_MAR_023_Mobile_NINTHDECIMAL_DST_SV1_MAP_DIR_RCH_TRG_RON_BTG_DMA_DVY_CONSUMER JOURNEY: BARGAIN HUNTERS_Run of Network_Behavioral_F25-54_320 x 50_Click and View_NV_NA,204542873,10/18/2017,56315,956,55359,16547,38812,270,38542,37209,1333,16817,16235,53444
TJN_MAR_023_Marshalls 2H Digital_F18,xAd Inc.,PJQ0YD_TJN_MAR_023_Mobile_GROUND TRUTH FKA XAD_DST_SV1_MAP_DIR_RCH_TRG_RON_WEA_PXT_DVY_PROXIMITY CONQUESTING - WEATHER LOCATOR UNIT_Run of Network_Weather_F25-54_320 x 50_Click and View_NV_NA,204541553,9/30/2017,14596,276,14320,4992,9328,181,9147,8120,1027,5173,4592,12712
TJN_TJX_TJMaxx 2H DIG_FY18,Viant,"PJNSGP_TJN_TJX_028_Data_VIANT INC_DSI_SV1_MWB_DIR_DSP_TRG_RON_BTG_CTG_DVY_PHASE 1_VIANT DIRECT MATCH RETAIL, TJX PORFOLIO LOYALISTS, DISPLAY_Fixed Placement_Behavioral_F25-54_300 x 50_Standard_NV_NA",204525579,10/3/2017,120,0,120,0,120,32,88,60,28,32,22,82
TJN_TJX_TJMaxx 2H DIG_FY18,Conversant Inc.,PJPWPB_TJN_TJX_028_Audience_CONVERSANT_DST_SV1_DSK_NET_DSP_TRG_RON_BTG_BTG_DVY_PHASE 1_ DESKTOP RECTANGLE - CONVERSANT SHOPPERS AV_Run of Site_Behavioral_P18+_300 x 600_Standard_NV_NA,204447254,9/22/2017,326,33,293,0,293,108,185,141,44,108,82,223
TJN_MAR_023_Marshalls 2H Digital_F18,Spotify USA Inc.,PK0HN8_TJN_MAR_023_Audience_SPOTIFY USA INC_DST_SV2_MAP_DIR_DSP_TRG_ROS_DMA_PXT_DVY_MOBILE OVERLAY 630X920_Run of Site_Geo_F25-54_630 x 920_Click and View_NV_NA,205561904,10/14/2017,41398,434,40964,40964,0,0,0,0,0,40964,34942,34942
TJN_TJX_TJMaxx 2H DIG_FY18,Hulu,PK3F7L_TJN_TJX_027_Content_HULU_BAF_BS2_CTV_DIR_CUS_SPN_CHS_CTG_CTG_DVY_HULU ROS: PREMIUM SLATE - CONNECTED TV_FEP_Contextual_F25-54_1920 x 1080_Standard_NV_NA,205685923,10/9/2017,7,0,7,7,0,0,0,0,0,7,5,5
TJN_TJX_TJMaxx 2H DIG_FY18,xAd Inc.,PKF5JT_TJN_TJX_028_Mobile_GROUND TRUTH FKA XAD_DST_SV1_MAP_DIR_DSP_TRG_RON_RTG_RTG_DVY_PHASE 1_LOCATION AUDIENCE COMPETITIVE CONQUESTING PLACEMENT - STANDARD BANNER - Find A Store V1_Run of Network_Retarget_F25-54_320 x 50_Click and View_NV_NA,206813083,10/21/2017,3992,51,3941,921,3020,31,2989,2369,620,952,755,3124
TJN_TJX_TJMaxx 2H DIG_FY18,Conversant Inc.,PJPTLQ_TJN_TJC_031_Audience_CONVERSANT_PUR_ROI_DSK_NET_DSP_TRG_RON_BTG_BTG_DVY_DESKTOP MEDIUM RECTANGLE- TRENDSETTERS_Run of Site_Other_P18+_300 x 250_Standard_NV_NA,204446138,10/8/2017,20054,802,19252,0,19252,3134,16118,9007,7111,3134,1751,10758
TJN_TJX_TJMaxx 2H DIG_FY18,xAd Inc.,PKF44R_TJN_TJX_028_Mobile_GROUND TRUTH FKA XAD_DST_SV1_MAP_DIR_RCH_TRG_RON_BTG_BTG_DVY_PHASE 1_BEHAVIORAL AUDIENCE STRATEGIC SAVERS PLACEMENT - RICH MEDIA STORE LOCATOR - Find A Store V1_Run of Network_Behavioral_F25-54_320 x 50_Click and View_NV_NA,206772029,10/20/2017,7584,90,7494,3204,4290,180,4110,3391,719,3384,2792,6183
TJN_MAR_023_Marshalls 2H Digital_F18,xAd Inc.,PJQ0YN_TJN_MAR_023_Mobile_GROUND TRUTH FKA XAD_DST_SV1_MAP_DIR_DSP_TRG_RON_PXT_BTG_DVY_GEOBLOCKS LOYALTY - DYNAMIC DISTANCE_Run of Network_Geo_F25-54_320 x 50_Click and View_NV_NA,204558328,9/18/2017,19193,391,18802,15008,3794,1199,2595,2339,256,16207,8021,10360
TJN_TJX_TJMaxx 2H DIG_FY18,Conversant Inc.,PJPTMN_TJN_TJC_031_Audience_CONVERSANT_PUR_ROI_MAP_NET_DSP_TRG_RON_BTG_BTG_DVY_SMARTPHONE MEDIUM RECTANGLE - COMPETITIVE CONQUESTING_Run of Site_Other_P18+_300 x 250_Standard_NV_NA,204447221,10/11/2017,5107,48,5059,1,5058,867,4191,2131,2060,868,441,2572
TJN_TJX_TJMaxx 2H DIG_FY18,Foursquare,"PJPRV8_TJN_TJX_028_Audience_FOURSQUARE LABS, INC_DST_SV1_MAP_PRO_DSP_TRG_RON_PXT_BTG_DVY_PHASE 1_PINPOINT TRENDSETTERS AV_Run of Network_Geo_F25-54_300 x 250_Standard_NV_NA",204527100,10/9/2017,116,1,115,36,79,0,79,50,29,36,23,73
TJN_MAR_023_Marshalls 2H Digital_F18,xAd Inc.,PJQ0YP_TJN_MAR_023_Mobile_GROUND TRUTH FKA XAD_DST_SV1_MAP_DIR_DSP_TRG_RON_PXT_BTG_DVY_GEOBLOCKS LOYALTY - DYNAMIC DISTANCE_Run of Network_Geo_F25-54_300 x 250_Click and View_NV_NA,204537983,10/7/2017,8591,722,7869,7838,31,1,30,7,23,7839,1829,1836
TJN_MAR_023_Marshalls 2H Digital_F18,NinthDecimal,PJPSRV_TJN_MAR_023_Mobile_NINTHDECIMAL_DST_SV1_MAP_DIR_RCH_TRG_RON_BTG_PXT_DVY_LOCATION GRAPH: MARSHALLS LOYALISTS_Run of Network_Behavioral_F25-54_320 x 50_Click and View_NV_NA,204555232,10/18/2017,67657,1127,66530,20609,45921,291,45630,44124,1506,20900,20210,64334
TJN_TJX_TJMaxx 2H DIG_FY18,Foursquare,"PK0H81_TJN_TJX_028_Audience_FOURSQUARE LABS, INC_DST_SV1_MAP_PRO_RCH_TRG_RON_PXT_BTG_DVY_PHASE 1_MOBILE RICH MEDIA TRENDSETTERS - Fall Honeycomb_Run of Network_Geo_F25-54_300 x 250_Standard_NV_NA",205337093,9/25/2017,3344,133,3211,920,2291,140,2151,521,1630,1060,257,778
TJN_TJX_TJMaxx 2H DIG_FY18,Viant,"PJNSGS_TJN_TJX_028_Data_VIANT INC_DSI_SV1_MWB_DIR_DSP_TRG_RON_BTG_CTG_DVY_PHASE 1_VIANT DIRECT MATCH RETAIL, TJX PORFOLIO LOYALISTS, DISPLAY_Fixed Placement_Behavioral_F25-54_320 x 50_Standard_NV_NA",204524922,9/21/2017,22741,244,22497,42,22455,1074,21381,16645,4736,1116,869,17514
TJN_TJX_TJMaxx 2H DIG_FY18,xAd Inc.,PJMTN9_TJN_TJX_028_Mobile_GROUND TRUTH FKA XAD_DST_SV1_MAP_DIR_DSP_TRG_RON_BTG_BTG_DVY_PHASE 1_BEHAVIORAL AUDIENCE STRATEGIC SAVERS PLACEMENT - STANDARD BANNER - Fall Handbag_Run of Network_Behavioral_F25-54_300 x 250_Click and View_NV_NA,204447293,9/24/2017,10594,225,10369,10353,16,5,11,4,7,10358,3767,3771
TJN_TJX_TJMaxx 2H DIG_FY18,Conversant Inc.,PJNPLX_TJN_TJX_028_Audience_CONVERSANT_DST_SV1_DSK_NET_DSP_TRG_RON_BTG_BTG_DVY_PHASE 1_ DESKTOP RECTANGLE - CJ CONVERTERS LAL MODELING_Run of Site_Behavioral_P18+_300 x 600_Standard_NV_NA,204442894,10/13/2017,8426,782,7644,2,7642,985,6657,2003,4654,987,297,2300
TJN_TJX_TJMaxx 2H DIG_FY18,xAd Inc.,PJMTN3_TJN_TJX_028_Mobile_GROUND TRUTH FKA XAD_DST_SV1_MAP_DIR_DSP_TRG_RON_RTG_RTG_DVY_PHASE 1_LOCATION AUDIENCE COMPETITIVE CONQUESTING PLACEMENT - STANDARD BANNER - Maxx You Maxx Life_Run of Network_Retarget_F25-54_320 x 50_Click and View_NV_NA,204442933,9/10/2017,36661,551,36110,4848,31262,3071,28191,20258,7933,7919,5651,25909
TJN_TJX_TJMaxx 2H DIG_FY18,Viant,"PK2X7F_TJN_TJX_028_Data_VIANT INC_DSI_SV1_DSK_DIR_RCH_TRG_INT_BTG_CTG_DVY_PHASE 1_VIANT IMP, W25-54 STRATEGIC SAVERS, CONTOBOX - Honeycomb_Fixed Placement_Behavioral_F25-54_728 x 90_Click and View_NV_NA",205727841,10/1/2017,11356,136,11220,4,11216,658,10558,5257,5301,662,330,5587
TJN_TJX_TJMaxx 2H DIG_FY18,xAd Inc.,PJMTMZ_TJN_TJX_028_Mobile_GROUND TRUTH FKA XAD_DST_SV1_MAP_DIR_DSP_TRG_RON_RTG_RTG_DVY_PHASE 1_LOCATION AUDIENCE TJX SHOPPERS PLACEMENT - STANDARD BANNER - Maxx You Maxx Life_Run of Network_Retarget_F25-54_320 x 50_Click and View_NV_NA,204484011,10/3/2017,3,1,2,2,0,0,0,0,0,2,2,2
TJN_MAR_023_Marshalls 2H Digital_F18,xAd Inc.,PJQ0YJ_TJN_MAR_023_Mobile_GROUND TRUTH FKA XAD_DST_SV1_MAP_DIR_DSP_TRG_RON_BTG_PXT_DVY_MARSHALLS SHOPPERS - DYNAMIC DISTANCE_Run of Network_Geo_F25-54_320 x 50_Click and View_NV_NA,204595911,9/30/2017,10138,179,9959,8539,1420,152,1268,783,485,8691,5228,6011
TJN_TJX_TJMaxx 2H DIG_FY18,Foursquare,"PK0H83_TJN_TJX_028_Audience_FOURSQUARE LABS, INC_DST_SV1_MAP_PRO_RCH_TRG_RON_PXT_BTG_DVY_PHASE 1_MOBILE RICH MEDIA COMPETITIVE CONQUESTING - Fall Honeycomb_Run of Network_Geo_F25-54_300 x 250_Standard_NV_NA",205344161,10/14/2017,188,2,186,81,105,6,99,30,69,87,26,56
TJN_MAR_023_Marshalls 2H Digital_F18,NinthDecimal,PJPSRY_TJN_MAR_023_Mobile_NINTHDECIMAL_DST_SV1_MAP_DIR_RCH_TRG_RON_BTG_PXT_DVY_LOCATION GRAPH: LABOR DAY SALES SHOPPERS_Run of Network_Behavioral_F25-54_320 x 50_Click and View_NV_NA,204542876,9/9/2017,121,2,119,19,100,0,100,96,4,19,18,114
TJN_MAR_023_Marshalls 2H Digital_F18,xAd Inc.,PJQ0Y9_TJN_MAR_023_Mobile_GROUND TRUTH FKA XAD_DST_SV1_MAP_DIR_RCH_TRG_RON_WEA_PXT_DVY_PROXIMITY LOYALTY - WEATHER LOCATOR UNIT_Run of Network_Weather_F25-54_300 x 250_Click and View_NV_NA,204541757,9/24/2017,360,3,357,8,349,149,200,189,11,157,148,337
TJN_TJX_TJMaxx 2H DIG_FY18,Viant,"PK2V4W_TJN_TJX_028_Data_VIANT INC_DSI_SV1_DSK_DIR_RCH_TRG_INT_BTG_CTG_DVY_PHASE 1_VIANT IMP, W25-54 STRATEGIC SAVERS, CONTOBOX - Fall Homes_Fixed Placement_Behavioral_F25-54_728 x 90_Click and View_NV_NA",205687309,10/6/2017,4072,46,4026,6,4020,488,3532,1672,1860,494,234,1906
TJN_TJX_TJMaxx 2H DIG_FY18,xAd Inc.,PJPXJX_TJN_TJX_028_Mobile_GROUND TRUTH FKA XAD_DST_SV1_MAP_DIR_DSP_TRG_RON_BTG_BTG_DVY_PHASE 1_BEHAVIORAL AUDIENCE STRATEGIC SAVERS PLACEMENT - STANDARD BANNER - TJMaxx_Run of Network_Behavioral_F25-54_320 x 50_Click and View_NV_NA,204447848,10/9/2017,14312,177,14135,4045,10090,125,9965,7827,2138,4170,3275,11102
TJN_MAR_023_Marshalls 2H Digital_F18,NinthDecimal,"PJPSS1_TJN_MAR_023_Mobile_NINTHDECIMAL_DST_SV1_MAP_DIR_RCH_TRG_RON_BTG_DMA_DVY_TV TARGETING: PEOPLE WHO WATCH BRAVO, TLC, HGTV, A&E, LIFETIME, DISCOVERY_Run of Network_Behavioral_F25-54_320 x 50_Click and View_NV_NA",204541508,10/9/2017,20902,218,20684,5240,15444,102,15342,14720,622,5342,5125,19845
TJN_TJX_TJMaxx 2H DIG_FY18,xAd Inc.,PJMTNQ_TJN_TJX_028_Mobile_GROUND TRUTH FKA XAD_DST_SV1_MAP_DIR_RCH_TRG_RON_BTG_BTG_DVY_PHASE 1_BEHAVIORAL AUDIENCE STRATEGIC SAVERS PLACEMENT - RICH MEDIA STORE LOCATOR - TJ Maxx_Run of Network_Behavioral_F25-54_320 x 50_Click and View_NV_NA,204447845,10/9/2017,7494,73,7421,2241,5180,192,4988,3957,1031,2433,1930,5887
TJN_TJX_TJMaxx 2H DIG_FY18,Foursquare,"PJMQ2D_TJN_TJX_028_Audience_FOURSQUARE LABS, INC_DST_SV1_MAP_PRO_DSP_TRG_RON_PXT_BTG_DVY_PHASE 1_PINPOINT STRATEGIC SAVERS_Run of Network_Geo_F25-54_300 x 250_Standard_NV_NA",204483457,9/12/2017,32647,3461,29186,5696,23490,2961,20529,4925,15604,8657,2077,7002
TJN_TJX_TJMaxx 2H DIG_FY18,xAd Inc.,PKF4CN_TJN_TJX_028_Mobile_GROUND TRUTH FKA XAD_DST_SV1_MAP_DIR_DSP_TRG_RON_BTG_BTG_DVY_PHASE 1_BEHAVIORAL AUDIENCE STRATEGIC SAVERS PLACEMENT - STANDARD BANNER - Booties_Run of Network_Behavioral_F25-54_300 x 250_Click and View_NV_NA,206833614,10/16/2017,4201,39,4162,4162,0,0,0,0,0,4162,2705,2705
TJN_TJX_TJMaxx 2H DIG_FY18,Viant,"PK2X7B_TJN_TJX_028_Data_VIANT INC_DSI_SV1_TWB_DIR_RCH_TRG_INT_BTG_CTG_DVY_PHASE 1_VIANT IMP, W25-54 STRATEGIC SAVERS, CONTOBOX - Honeycomb_Fixed Placement_Behavioral_F25-54_300 x 250_Click and View_NV_NA",205687939,10/13/2017,75,18,57,4,53,1,52,33,19,5,3,36
TJN_MAR_023_Marshalls 2H Digital_F18,xAd Inc.,PJQ0YL_TJN_MAR_023_Mobile_GROUND TRUTH FKA XAD_DST_SV1_MAP_DIR_DSP_TRG_RON_BTG_PXT_DVY_COMPETITOR SHOPPERS - DYNAMIC DISTANCE_Run of Network_Geo_F25-54_320 x 50_Click and View_NV_NA,204595638,9/16/2017,9340,95,9245,6289,2956,1913,1043,973,70,8202,7119,8092
TJN_TJX_TJMaxx 2H DIG_FY18,xAd Inc.,PJMTN2_TJN_TJX_028_Mobile_GROUND TRUTH FKA XAD_DST_SV1_MAP_DIR_DSP_TRG_RON_RTG_RTG_DVY_PHASE 1_LOCATION AUDIENCE COMPETITIVE CONQUESTING PLACEMENT - STANDARD BANNER - Fall Handbag_Run of Network_Retarget_F25-54_300 x 250_Click and View_NV_NA,204447824,9/16/2017,13530,324,13206,13201,5,1,4,1,3,13202,3301,3302
TJN_TJX_TJMaxx 2H DIG_FY18,Foursquare,"PK0H7Z_TJN_TJX_028_Audience_FOURSQUARE LABS, INC_DST_SV1_MAP_PRO_RCH_TRG_RON_PXT_BTG_DVY_PHASE 1_MOBILE RICH MEDIA STRATEGIC SAVERS - Fall Honeycomb_Run of Network_Geo_F25-54_300 x 250_Standard_NV_NA",205341980,10/5/2017,7927,428,7499,1076,6423,464,5959,1398,4561,1540,361,1759
TJN_MAR_023_Marshalls 2H Digital_F18,xAd Inc.,PJQ0YB_TJN_MAR_023_Mobile_GROUND TRUTH FKA XAD_DST_SV1_MAP_DIR_DSP_TRG_RON_PXT_BTG_DVY_PROXIMITY CONQUESTING - DYNAMIC DISTANCE_Run of Network_Geo_F25-54_320 x 50_Click and View_NV_NA,204541799,9/20/2017,22528,414,22114,13661,8453,5253,3200,2898,302,18914,14971,17869
TJN_TJX_TJMaxx 2H DIG_FY18,Conversant Inc.,PJPWBX_TJN_TJX_028_Audience_CONVERSANT_DST_SV1_DSK_NET_DSP_TRG_RON_BTG_BTG_DVY_PHASE 1_ DESKTOP WIDE SKYSCRAPER - CJ INTERACTORS LAL MODELING_Run of Site_Behavioral_P18+_160 x 600_Standard_NV_NA,204442033,10/17/2017,33741,2419,31322,5,31317,4563,26754,10593,16161,4568,1809,12402
TJN_TJX_TJMaxx 2H DIG_FY18,Viant,"PK2X7C_TJN_TJX_028_Data_VIANT INC_DSI_SV1_TWB_DIR_RCH_TRG_INT_BTG_CTG_DVY_PHASE 1_VIANT IMP, W25-54 STRATEGIC SAVERS, CONTOBOX - Honeycomb_Fixed Placement_Behavioral_F25-54_160 x 600_Click and View_NV_NA",205685992,10/18/2017,3,0,3,1,2,0,2,2,0,1,1,3
TJN_TJX_TJMaxx 2H DIG_FY18,Viant,"PJSPCK_TJN_TJC_031_Data_VIANT INC_PUR_ROI_MWB_DIR_DSP_TRG_RON_BTG_MKT_DVY_W25-54 + ONLINE SHOPPERS, CROSS DEVICE DISPLAY_Fixed Placement_Behavioral_F25-54_160 x 600_Click_NV_NA",204733041,10/12/2017,2702,155,2547,0,2547,219,2328,718,1610,219,68,786
TJN_TJX_TJMaxx 2H DIG_FY18,Hulu,PK3CXH_TJN_TJX_027_Content_HULU_BAF_BS2_DSK_DIR_CUS_SPN_CHS_CTG_CTG_DVY_FALL TV SPONSORSHIP: PREMIUM SLATE - DESKTOP_FEP_Contextual_F25-54_1920 x 1080_Standard_NV_NA,205683922,10/17/2017,976,12,964,964,0,0,0,0,0,964,644,644
TJN_TJX_TJMaxx 2H DIG_FY18,xAd Inc.,PJMTN9_TJN_TJX_028_Mobile_GROUND TRUTH FKA XAD_DST_SV1_MAP_DIR_DSP_TRG_RON_BTG_BTG_DVY_PHASE 1_BEHAVIORAL AUDIENCE STRATEGIC SAVERS PLACEMENT - STANDARD BANNER - Fall Handbag_Run of Network_Behavioral_F25-54_300 x 250_Click and View_NV_NA,204447293,9/22/2017,11289,219,11070,11057,13,3,10,6,4,11060,6636,6642
TJN_TJX_TJMaxx 2H DIG_FY18,Viant,"PJSPBZ_TJN_TJC_031_Data_VIANT INC_PUR_ROI_TWB_DIR_DSP_TRG_RON_BTG_MKT_DVY_DETERMINSTIC LAL OF ECOM CONVERTERS, CROSS DEVICE DISPLAY_Fixed Placement_Behavioral_F25-54_160 x 600_Click_NV_NA",204716194,10/19/2017,22,0,22,0,22,5,17,5,12,5,1,6
TJN_TJX_TJMaxx 2H DIG_FY18,Viant,"PJNSGT_TJN_TJX_028_Data_VIANT INC_DSI_SV1_DSK_DIR_DSP_TRG_RON_BTG_CTG_DVY_PHASE 1_VIANT DIRECT MATCH RETAIL, TJX PORFOLIO LOYALISTS, DISPLAY_Fixed Placement_Behavioral_F25-54_160 x 600_Standard_NV_NA",204483025,10/5/2017,10039,702,9337,0,9337,666,8671,4965,3706,666,381,5346
TJN_TJX_TJMaxx 2H DIG_FY18,Conversant Inc.,PJNPLX_TJN_TJX_028_Audience_CONVERSANT_DST_SV1_DSK_NET_DSP_TRG_RON_BTG_BTG_DVY_PHASE 1_ DESKTOP RECTANGLE - CJ CONVERTERS LAL MODELING_Run of Site_Behavioral_P18+_300 x 600_Standard_NV_NA,204442894,9/19/2017,6,6,0,0,0,0,0,0,0,0,0,0
TJN_MAR_023_Marshalls 2H Digital_F18,xAd Inc.,PJQ0YQ_TJN_MAR_023_Mobile_GROUND TRUTH FKA XAD_DST_SV1_MAP_DIR_DSP_TRG_RON_PXT_BTG_DVY_GEOBLOCKS CONQUESTING - DYNAMIC DISTANCE_Run of Network_Geo_F25-54_320 x 50_Click and View_NV_NA,204595632,10/3/2017,3,2,1,1,0,0,0,0,0,1,1,1
TJN_TJX_TJMaxx 2H DIG_FY18,xAd Inc.,PKF4SK_TJN_TJX_028_Mobile_GROUND TRUTH FKA XAD_DST_SV1_MAP_DIR_DSP_TRG_RON_RTG_RTG_DVY_PHASE 1_LOCATION AUDIENCE COMPETITIVE CONQUESTING PLACEMENT - STANDARD BANNER - Dresses_Run of Network_Retarget_F25-54_300 x 250_Click and View_NV_NA,206832798,10/18/2017,2147,26,2121,2120,1,0,1,1,0,2120,2120,2121
TJN_MAR_023_Marshalls 2H Digital_F18,xAd Inc.,PJQ0Y9_TJN_MAR_023_Mobile_GROUND TRUTH FKA XAD_DST_SV1_MAP_DIR_RCH_TRG_RON_WEA_PXT_DVY_PROXIMITY LOYALTY - WEATHER LOCATOR UNIT_Run of Network_Weather_F25-54_300 x 250_Click and View_NV_NA,204541757,9/22/2017,420,8,412,5,407,132,275,270,5,137,135,405
TJN_MAR_023_Marshalls 2H Digital_F18,NinthDecimal,PJPSS0_TJN_MAR_023_Mobile_NINTHDECIMAL_DST_SV1_MAP_DIR_RCH_TRG_RON_BTG_DMA_DVY_3RD PARTY: SURPRISE CHOOSERS_Run of Network_Behavioral_F25-54_320 x 50_Click and View_NV_NA,204595875,9/27/2017,20260,313,19947,7205,12742,79,12663,12132,531,7284,6979,19111
TJN_TJX_TJMaxx 2H DIG_FY18,Viant,"PJSPCJ_TJN_TJC_031_Data_VIANT INC_PUR_ROI_MWB_DIR_DSP_TRG_RON_BTG_MKT_DVY_W25-54 + ONLINE SHOPPERS, CROSS DEVICE DISPLAY_Fixed Placement_Behavioral_F25-54_300 x 250_Click_NV_NA",204733038,10/17/2017,131,1,130,1,129,12,117,49,68,13,5,54
TJN_TJX_TJMaxx 2H DIG_FY18,Viant,"PK2V4W_TJN_TJX_028_Data_VIANT INC_DSI_SV1_DSK_DIR_RCH_TRG_INT_BTG_CTG_DVY_PHASE 1_VIANT IMP, W25-54 STRATEGIC SAVERS, CONTOBOX - Fall Homes_Fixed Placement_Behavioral_F25-54_728 x 90_Click and View_NV_NA",205687309,10/11/2017,3755,281,3474,8,3466,273,3193,1511,1682,281,133,1644
TJN_TJX_TJMaxx 2H DIG_FY18,Viant,"PJNSGP_TJN_TJX_028_Data_VIANT INC_DSI_SV1_MWB_DIR_DSP_TRG_RON_BTG_CTG_DVY_PHASE 1_VIANT DIRECT MATCH RETAIL, TJX PORFOLIO LOYALISTS, DISPLAY_Fixed Placement_Behavioral_F25-54_300 x 50_Standard_NV_NA",204525579,9/26/2017,12537,123,12414,0,12414,1010,11404,9389,2015,1010,832,10221
TJN_TJX_TJMaxx 2H DIG_FY18,Hulu,PK3F7J_TJN_TJX_027_Content_HULU_BAF_BS2_TAP_DIR_CUS_SPN_CHS_CTG_CTG_DVY_HULU ROS: PREMIUM SLATE - TABLET IN APP_FEP_Contextual_F25-54_1920 x 1080_Standard_NV_NA,205725864,10/20/2017,1754,13,1741,1741,0,0,0,0,0,1741,1036,1036
TJN_TJX_TJMaxx 2H DIG_FY18,xAd Inc.,PJMTN1_TJN_TJX_028_Mobile_GROUND TRUTH FKA XAD_DST_SV1_MAP_DIR_DSP_TRG_RON_DMA_DMA_DVY_PHASE 1_ADDED VALUE DMA TARGETING STANDALONE: STANDARD BANNER - Maxx You Maxx Life_Run of Network_Geo_F25-54_320 x 50_Click and View_NV_NA,204443461,9/25/2017,111751,1801,109950,34858,75092,1398,73694,60307,13387,36256,29670,89977
TJN_TJX_TJMaxx 2H DIG_FY18,Viant,"PK2X7F_TJN_TJX_028_Data_VIANT INC_DSI_SV1_DSK_DIR_RCH_TRG_INT_BTG_CTG_DVY_PHASE 1_VIANT IMP, W25-54 STRATEGIC SAVERS, CONTOBOX - Honeycomb_Fixed Placement_Behavioral_F25-54_728 x 90_Click and View_NV_NA",205727841,9/23/2017,1120,25,1095,0,1095,82,1013,388,625,82,31,419
TJN_TJX_TJMaxx 2H DIG_FY18,xAd Inc.,PKF477_TJN_TJX_028_Mobile_GROUND TRUTH FKA XAD_DST_SV1_MAP_DIR_DSP_TRG_RON_PXT_PXT_DVY_PHASE 1_PROXIMITY LOYALTY PLACEMENT - STANDARD BANNER - Find A Store V2_Run of Network_Geo_F25-54_320 x 50_Click and View_NV_NA,206772098,10/15/2017,5238,103,5135,1491,3644,211,3433,2532,901,1702,1255,3787
TJN_TJX_TJMaxx 2H DIG_FY18,Foursquare,"PJPSSY_TJN_TJX_028_Audience_FOURSQUARE LABS, INC_DST_SV1_MAP_PRO_RCH_TRG_RON_PXT_BTG_DVY_PHASE 1_MOBILE RICH MEDIA TRENDSETTERS - Find A TJ Maxx Store_Run of Network_Geo_F25-54_320 x 50_Standard_NV_NA",204527598,10/7/2017,25427,485,24942,16354,8588,868,7720,4867,2853,17222,10857,15724
TJN_MAR_023_Marshalls 2H Digital_F18,xAd Inc.,PJQ0Y8_TJN_MAR_023_Mobile_GROUND TRUTH FKA XAD_DST_SV1_MAP_DIR_RCH_TRG_RON_WEA_PXT_DVY_PROXIMITY LOYALTY - WEATHER LOCATOR UNIT_Run of Network_Weather_F25-54_320 x 50_Click and View_NV_NA,204556189,9/16/2017,21252,399,20853,11641,9212,5562,3650,3438,212,17203,16204,19642
TJN_TJX_TJMaxx 2H DIG_FY18,Viant,"PK2X7F_TJN_TJX_028_Data_VIANT INC_DSI_SV1_DSK_DIR_RCH_TRG_INT_BTG_CTG_DVY_PHASE 1_VIANT IMP, W25-54 STRATEGIC SAVERS, CONTOBOX - Honeycomb_Fixed Placement_Behavioral_F25-54_728 x 90_Click and View_NV_NA",205727841,10/2/2017,11713,92,11621,4,11617,628,10989,4028,6961,632,232,4260
TJN_TJX_TJMaxx 2H DIG_FY18,Viant,"PJSPBY_TJN_TJC_031_Data_VIANT INC_PUR_ROI_TWB_DIR_DSP_TRG_RON_BTG_MKT_DVY_DETERMINSTIC LAL OF ECOM CONVERTERS, CROSS DEVICE DISPLAY_Fixed Placement_Behavioral_F25-54_300 x 250_Click_NV_NA",204715651,10/20/2017,128,9,119,0,119,23,96,38,58,23,9,47
TJN_MAR_023_Marshalls 2H Digital_F18,xAd Inc.,PJQ0Y6_TJN_MAR_023_Mobile_GROUND TRUTH FKA XAD_DST_SV1_MAP_DIR_DSP_TRG_RON_PXT_BTG_DVY_PROXIMITY LOYALTY - DYNAMIC DISTANCE_Run of Network_Geo_F25-54_320 x 50_Click and View_NV_NA,204556888,9/6/2017,152558,3665,148893,101940,46953,9442,37511,29974,7537,111382,85034,115008
TJN_MAR_023_Marshalls 2H Digital_F18,xAd Inc.,PJQ0YC_TJN_MAR_023_Mobile_GROUND TRUTH FKA XAD_DST_SV1_MAP_DIR_DSP_TRG_RON_PXT_BTG_DVY_PROXIMITY CONQUESTING - DYNAMIC DISTANCE_Run of Network_Geo_F25-54_300 x 250_Click and View_NV_NA,204595923,10/16/2017,11171,156,11015,11015,0,0,0,0,0,11015,11015,11015
TJN_TJX_TJMaxx 2H DIG_FY18,Foursquare,"PKFMM0_TJN_TJX_028_Audience_FOURSQUARE LABS, INC_DST_SV1_MAP_PRO_RCH_TRG_RON_PXT_BTG_DVY_PHASE 1_MOBILE RICH MEDIA STRATEGIC SAVERS - Booties_Run of Network_Geo_F25-54_300 x 250_Standard_NV_NA",206813029,10/19/2017,2037,58,1979,1709,270,122,148,80,68,1831,990,1070
TJN_TJX_TJMaxx 2H DIG_FY18,Foursquare,"PJYHWD_TJN_TJX_028_Audience_FOURSQUARE LABS, INC_DST_SV1_MAP_PRO_DSP_TRG_RON_PXT_BTG_DVY_PHASE 1_PINPOINT COMPETITIVE CONQUESTING_Run of Network_Geo_F25-54_300 x 250_Standard_NV_NA",205235284,9/30/2017,3044,143,2901,1327,1574,134,1440,884,556,1461,897,1781
TJN_TJX_TJMaxx 2H DIG_FY18,Viant,"PJNSHB_TJN_TJX_028_Data_VIANT INC_DSI_SV1_MWB_DIR_DSP_TRG_RON_BTG_CTG_DVY_PHASE 1_VIANT DIRECT MATCH RETAIL, COMPETITIVE CONQUESTING, DISPLAY_Fixed Placement_Behavioral_F25-54_300 x 50_Standard_NV_NA",204478658,10/21/2017,32,1,31,0,31,4,27,19,8,4,3,22
TJN_TJX_TJMaxx 2H DIG_FY18,NBC Universal Media,PK3H78_TJN_TJX_028_Content_NBCUNI.COM_BAF_BS2_DSK_DIR_DSP_SPN_HPT_CTG_CTG_DCM_100% SOV NBC HOMEPAGE ROADBLOCK 9/26 - 728X90 MOBILE_HP Takeover_Contextual_F25-54_728 x 90_Standard_NV_NA,205634573,9/25/2017,3,1,2,0,2,0,2,2,0,0,0,2
TJN_TJX_TJMaxx 2H DIG_FY18,xAd Inc.,PJMTNC_TJN_TJX_028_Mobile_GROUND TRUTH FKA XAD_DST_SV1_MAP_DIR_DSP_TRG_RON_BTG_BTG_DVY_PHASE 1_BEHAVIORAL AUDIENCE TRENDSETTERS PLACEMENT - STANDARD BANNER - Maxx You Maxx Life_Run of Network_Behavioral_F25-54_320 x 50_Click and View_NV_NA,204447830,10/7/2017,9862,134,9728,5036,4692,487,4205,3603,602,5523,4459,8062
TJN_TJX_TJMaxx 2H DIG_FY18,NBC Universal Media,PK2KL1_TJN_TJX_028_Content_NBCUNI.COM_BAF_BS2_OTT_DIR_VID_SPN_ROS_BTG_CTG_MOA_THIS IS US SPONSORSHIP: OTT - VIGNETTE 3_Run of Site_Behavioral_F25-54_1920 x 1080_Click and View_NV_NA,205614505,10/21/2017,29860,34,29826,29826,0,0,0,0,0,29826,22634,22634
TJN_TJX_TJMaxx 2H DIG_FY18,Hulu,PK3CRZ_TJN_TJX_027_Content_HULU_BAF_BS2_DSK_DIR_VID_SPN_CHS_CTG_CTG_DVY_FALL TV SPONSORSHIP: VIDEO COMMERCIAL - DESKTOP_FEP_Contextual_F25-54_1920 x 1080_Standard_NV_NA,205727706,9/29/2017,190375,3002,187373,187373,0,0,0,0,0,187373,138873,138873
TJN_TJX_TJMaxx 2H DIG_FY18,Conversant Inc.,PJPWBW_TJN_TJX_028_Audience_CONVERSANT_DST_SV1_DSK_NET_DSP_TRG_RON_BTG_BTG_DVY_PHASE 1_ DESKTOP RECTANGLE - CJ INTERACTORS LAL MODELING_Run of Site_Behavioral_P18+_300 x 600_Standard_NV_NA,204447740,10/11/2017,8384,607,7777,2,7775,962,6813,1920,4893,964,272,2192
TJN_TJX_TJMaxx 2H DIG_FY18,Viant,"PJSPCD_TJN_TJC_031_Data_VIANT INC_PUR_ROI_DSK_DIR_DSP_TRG_RON_BTG_MKT_DVY_W25-54 + ONLINE SHOPPERS, CROSS DEVICE DISPLAY_Fixed Placement_Behavioral_F25-54_728 x 90_Click_NV_NA",204733044,10/9/2017,7027,19,7008,0,7008,309,6699,6070,629,309,280,6350
TJN_TJX_TJMaxx 2H DIG_FY18,xAd Inc.,PJMTN2_TJN_TJX_028_Mobile_GROUND TRUTH FKA XAD_DST_SV1_MAP_DIR_DSP_TRG_RON_RTG_RTG_DVY_PHASE 1_LOCATION AUDIENCE COMPETITIVE CONQUESTING PLACEMENT - STANDARD BANNER - Fall Handbag_Run of Network_Retarget_F25-54_300 x 250_Click and View_NV_NA,204447824,9/19/2017,12965,365,12600,12597,3,0,3,0,3,12597,0,0
TJN_MAR_023_Marshalls 2H Digital_F18,xAd Inc.,PJQ0Y8_TJN_MAR_023_Mobile_GROUND TRUTH FKA XAD_DST_SV1_MAP_DIR_RCH_TRG_RON_WEA_PXT_DVY_PROXIMITY LOYALTY - WEATHER LOCATOR UNIT_Run of Network_Weather_F25-54_320 x 50_Click and View_NV_NA,204556189,9/13/2017,21864,562,21302,11656,9646,145,9501,8917,584,11801,11076,19993
TJN_TJX_TJMaxx 2H DIG_FY18,Hulu,PK3F7G_TJN_TJX_027_Content_HULU_BAF_BS2_MAP_DIR_CUS_SPN_CHS_CTG_CTG_DVY_HULU ROS: PREMIUM SLATE - MOBILE IN APP_FEP_Contextual_F25-54_1920 x 1080_Standard_NV_NA,205634552,10/4/2017,8,0,8,8,0,0,0,0,0,8,5,5
TJN_MAR_023_Marshalls 2H Digital_F18,xAd Inc.,PJQ0Y8_TJN_MAR_023_Mobile_GROUND TRUTH FKA XAD_DST_SV1_MAP_DIR_RCH_TRG_RON_WEA_PXT_DVY_PROXIMITY LOYALTY - WEATHER LOCATOR UNIT_Run of Network_Weather_F25-54_320 x 50_Click and View_NV_NA,204556189,10/13/2017,158949,4907,154042,61363,92679,1314,91365,83487,7878,62677,57273,140760
TJN_TJX_TJMaxx 2H DIG_FY18,Foursquare,"PJPRVC_TJN_TJX_028_Audience_FOURSQUARE LABS, INC_DST_SV1_MAP_PRO_DSP_TRG_RON_PXT_BTG_DVY_PHASE 1_PINPOINT TRENDSETTERS AV_Run of Network_Geo_F25-54_320 x 50_Standard_NV_NA",204527421,10/20/2017,5367,90,5277,3982,1295,51,1244,1129,115,4033,3660,4789
TJN_TJX_TJMaxx 2H DIG_FY18,Foursquare,"PK0H83_TJN_TJX_028_Audience_FOURSQUARE LABS, INC_DST_SV1_MAP_PRO_RCH_TRG_RON_PXT_BTG_DVY_PHASE 1_MOBILE RICH MEDIA COMPETITIVE CONQUESTING - Fall Honeycomb_Run of Network_Geo_F25-54_300 x 250_Standard_NV_NA",205344161,9/28/2017,1935,93,1842,671,1171,71,1100,373,727,742,252,625
TJN_TJX_TJMaxx 2H DIG_FY18,xAd Inc.,PJMTNQ_TJN_TJX_028_Mobile_GROUND TRUTH FKA XAD_DST_SV1_MAP_DIR_RCH_TRG_RON_BTG_BTG_DVY_PHASE 1_BEHAVIORAL AUDIENCE STRATEGIC SAVERS PLACEMENT - RICH MEDIA STORE LOCATOR - TJ Maxx_Run of Network_Behavioral_F25-54_320 x 50_Click and View_NV_NA,204447845,9/26/2017,18252,180,18072,2883,15189,298,14891,13575,1316,3181,2900,16475
TJN_MAR_023_Marshalls 2H Digital_F18,xAd Inc.,PJQ0YR_TJN_MAR_023_Mobile_GROUND TRUTH FKA XAD_DST_SV1_MAP_DIR_DSP_TRG_RON_PXT_BTG_DVY_GEOBLOCKS CONQUESTING - DYNAMIC DISTANCE_Run of Network_Geo_F25-54_300 x 250_Click and View_NV_NA,204555244,9/7/2017,6248,121,6127,6118,9,3,6,2,4,6121,2040,2042
TJN_TJX_TJMaxx 2H DIG_FY18,Viant,"PJNSHF_TJN_TJX_028_Data_VIANT INC_DSI_SV1_MWB_DIR_DSP_TRG_RON_BTG_CTG_DVY_PHASE 1_VIANT DIRECT MATCH RETAIL, COMPETITIVE CONQUESTING, DISPLAY_Fixed Placement_Behavioral_F25-54_300 x 250_Standard_NV_NA",204483016,9/20/2017,60,0,60,0,60,3,57,17,40,3,1,18
TJN_TJX_TJMaxx 2H DIG_FY18,xAd Inc.,PJPXK0_TJN_TJX_028_Mobile_GROUND TRUTH FKA XAD_DST_SV1_MAP_DIR_DSP_TRG_RON_BTG_BTG_DVY_PHASE 1_BEHAVIORAL AUDIENCE TRENDSETTERS PLACEMENT - STANDARD BANNER - TJMaxx_Run of Network_Behavioral_F25-54_320 x 50_Click and View_NV_NA,204483993,10/7/2017,11055,146,10909,5369,5540,420,5120,4145,975,5789,4412,8557
TJN_MAR_023_Marshalls 2H Digital_F18,xAd Inc.,PJQ0Y7_TJN_MAR_023_Mobile_GROUND TRUTH FKA XAD_DST_SV1_MAP_DIR_DSP_TRG_RON_PXT_BTG_DVY_PROXIMITY LOYALTY - DYNAMIC DISTANCE_Run of Network_Geo_F25-54_300 x 250_Click and View_NV_NA,204541754,9/20/2017,35578,2196,33382,33335,47,4,43,26,17,33339,20151,20177
TJN_TJX_TJMaxx 2H DIG_FY18,xAd Inc.,PJPXJX_TJN_TJX_028_Mobile_GROUND TRUTH FKA XAD_DST_SV1_MAP_DIR_DSP_TRG_RON_BTG_BTG_DVY_PHASE 1_BEHAVIORAL AUDIENCE STRATEGIC SAVERS PLACEMENT - STANDARD BANNER - TJMaxx_Run of Network_Behavioral_F25-54_320 x 50_Click and View_NV_NA,204447848,9/26/2017,3,1,2,2,0,0,0,0,0,2,2,2
TJN_MAR_023_Marshalls 2H Digital_F18,NinthDecimal,"PJPSS1_TJN_MAR_023_Mobile_NINTHDECIMAL_DST_SV1_MAP_DIR_RCH_TRG_RON_BTG_DMA_DVY_TV TARGETING: PEOPLE WHO WATCH BRAVO, TLC, HGTV, A&E, LIFETIME, DISCOVERY_Run of Network_Behavioral_F25-54_320 x 50_Click and View_NV_NA",204541508,9/26/2017,11853,254,11599,3904,7695,51,7644,7364,280,3955,3810,11174
TJN_TJX_TJMaxx 2H DIG_FY18,PlaceIQ,PK19YY_TJN_TJX_028_Mobile_PLACEIQ INC_DST_SV1_MAP_DIR_RCH_TRG_RON_BTG_PTG_DVY_PHASE 1_RICH MEDIA_STRATEGIC SAVERS_FREQUENT WOMEN'S APPAREL SHOPPER+DISCRETIONARY SPEND SHOPPERS_Run of Network_Behavioral_F25-54_320 x 50_Click and View_NV_NA,205568681,9/24/2017,106804,6970,99834,54481,45353,1919,43434,40180,3254,56400,52175,92355
TJN_TJX_TJMaxx 2H DIG_FY18,xAd Inc.,PJMTN3_TJN_TJX_028_Mobile_GROUND TRUTH FKA XAD_DST_SV1_MAP_DIR_DSP_TRG_RON_RTG_RTG_DVY_PHASE 1_LOCATION AUDIENCE COMPETITIVE CONQUESTING PLACEMENT - STANDARD BANNER - Maxx You Maxx Life_Run of Network_Retarget_F25-54_320 x 50_Click and View_NV_NA,204442933,9/29/2017,40522,629,39893,23600,16293,4039,12254,8957,3297,27639,18571,27528
TJN_MAR_023_Marshalls 2H Digital_F18,Bustle,PK5G3Z_TJN_MAR_023_Content_BUSTLE_RON - Bustle & Elite Daily 3rd Party Data Targeted & Keyword Targeted - Panoramic_Run of Network_Contextual_F25-54_1 x 1_Click and View_NV_NA,206333610,10/18/2017,266883,6597,260286,4154,256132,234575,21557,8798,12759,238729,97432,106230
TJN_TJX_TJMaxx 2H DIG_FY18,Foursquare,"PJPSSV_TJN_TJX_028_Audience_FOURSQUARE LABS, INC_DST_SV1_MAP_PRO_RCH_TRG_RON_PXT_BTG_DVY_PHASE 1_MOBILE RICH MEDIA STRATEGIC SAVERS - Fall Handbag_Run of Network_Geo_F25-54_300 x 250_Standard_NV_NA",204525360,10/6/2017,5218,450,4768,767,4001,287,3714,877,2837,1054,249,1126
TJN_MAR_023_Marshalls 2H Digital_F18,xAd Inc.,PJQ0YL_TJN_MAR_023_Mobile_GROUND TRUTH FKA XAD_DST_SV1_MAP_DIR_DSP_TRG_RON_BTG_PXT_DVY_COMPETITOR SHOPPERS - DYNAMIC DISTANCE_Run of Network_Geo_F25-54_320 x 50_Click and View_NV_NA,204595638,9/19/2017,10799,207,10592,7369,3223,1183,2040,1849,191,8552,7120,8969
TJN_TJX_TJMaxx 2H DIG_FY18,Viant,"PKGJ50_TJN_TJC_031_Data_VIANT INC_PUR_ROI_DSK_DIR_CUS_TRG_NAT_BTG_MKT_DVY_W25-54 + KEYWORD TARGETING, CROSS DEVICE NATIVE - Dresses_Fixed Placement_Contextual_F25-54_1 x 1_Click_NV_NA",206833302,10/17/2017,2336,156,2180,2180,0,0,0,0,0,2180,1456,1456
TJN_TJX_TJMaxx 2H DIG_FY18,Conversant Inc.,PJPWPB_TJN_TJX_028_Audience_CONVERSANT_DST_SV1_DSK_NET_DSP_TRG_RON_BTG_BTG_DVY_PHASE 1_ DESKTOP RECTANGLE - CONVERSANT SHOPPERS AV_Run of Site_Behavioral_P18+_300 x 600_Standard_NV_NA,204447254,10/16/2017,309,25,284,0,284,97,187,113,74,97,59,172
TJN_TJX_TJMaxx 2H DIG_FY18,Viant,"PK2X7G_TJN_TJX_028_Data_VIANT INC_DSI_SV1_DSK_DIR_RCH_TRG_INT_BTG_CTG_DVY_PHASE 1_VIANT IMP, W25-54 STRATEGIC SAVERS, CONTOBOX - Honeycomb_Fixed Placement_Behavioral_F25-54_300 x 250_Click and View_NV_NA",205688467,10/4/2017,18333,103,18230,3,18227,1841,16386,4477,11909,1844,504,4981
TJN_TJX_TJMaxx 2H DIG_FY18,Conversant Inc.,PJPWC1_TJN_TJX_028_Audience_CONVERSANT_DST_SV1_MAP_NET_DSP_TRG_RON_BTG_BTG_DVY_PHASE 1_ SMARTPHONE MEDIUM RECTANGLE  - CJ INTERACTORS LAL MODELING_Run of Site_Behavioral_P18+_300 x 250_Standard_NV_NA,204483942,10/18/2017,8416,151,8265,15,8250,1365,6885,1817,5068,1380,364,2181
TJN_TJX_TJMaxx 2H DIG_FY18,Conversant Inc.,PJNPMK_TJN_TJC_031_Audience_CONVERSANT_PUR_ROI_DSK_NET_DSP_TRG_RON_BTG_BTG_DVY_DESKTOP LEADERBOARD- STRATEGIC SAVERS_Run of Site_Other_P18+_728 x 90_Standard_NV_NA,204447263,10/14/2017,14742,1687,13055,2,13053,1306,11747,8255,3492,1308,919,9174
TJN_TJX_TJMaxx 2H DIG_FY18,xAd Inc.,PJMTMR_TJN_TJX_028_Mobile_GROUND TRUTH FKA XAD_DST_SV1_MAP_DIR_RCH_TRG_RON_PXT_PXT_DVY_PHASE 1_PROXIMITY LOYALTY PLACEMENT - RICH MEDIA STORE LOCATOR - Fall Handbag_Run of Network_Geo_F25-54_300 x 250_Click and View_NV_NA,204442093,10/18/2017,2,1,1,1,0,0,0,0,0,1,1,1
TJN_TJX_TJMaxx 2H DIG_FY18,Conversant Inc.,PJPWBX_TJN_TJX_028_Audience_CONVERSANT_DST_SV1_DSK_NET_DSP_TRG_RON_BTG_BTG_DVY_PHASE 1_ DESKTOP WIDE SKYSCRAPER - CJ INTERACTORS LAL MODELING_Run of Site_Behavioral_P18+_160 x 600_Standard_NV_NA,204442033,10/5/2017,5347,379,4968,0,4968,552,4416,1550,2866,552,194,1744
TJN_TJX_TJMaxx 2H DIG_FY18,Conversant Inc.,PJPWPG_TJN_TJX_028_Audience_CONVERSANT_DST_SV1_TAP_NET_DSP_TRG_RON_BTG_BTG_DVY_PHASE 1_ TABLET MEDIUM RECTANGLE  - CONVERSANT SHOPPERS AV_Run of Site_Behavioral_P18+_300 x 250_Standard_NV_NA,204446129,10/11/2017,344,3,341,0,341,69,272,75,197,69,19,94
TJN_TJX_TJMaxx 2H DIG_FY18,Conversant Inc.,PJPWBY_TJN_TJX_028_Audience_CONVERSANT_DST_SV1_MAP_NET_DSP_TRG_RON_BTG_BTG_DVY_PHASE 1_ SMARTPHONE SMALL BANNER  - CJ INTERACTORS LAL MODELING_Run of Site_Behavioral_P18+_320 x 50_Standard_NV_NA,204442030,10/21/2017,8989,138,8851,28,8823,1433,7390,3557,3833,1461,703,4260
TJN_TJX_TJMaxx 2H DIG_FY18,Viant,"PJNSH6_TJN_TJX_028_Data_VIANT INC_DSI_SV1_TWB_DIR_DSP_TRG_RON_BTG_CTG_DVY_PHASE 1_VIANT DIRECT MATCH RETAIL, COMPETITIVE CONQUESTING, DISPLAY_Fixed Placement_Behavioral_F25-54_160 x 600_Standard_NV_NA",204483604,9/17/2017,303,0,303,0,303,13,290,139,151,13,6,145
TJN_TJX_TJMaxx 2H DIG_FY18,xAd Inc.,PJYDBR_TJN_TJX_028_Mobile_GROUND TRUTH FKA XAD_DST_SV1_MAP_DIR_RCH_TRG_RON_BTG_BTG_DVY_PHASE 1_BEHAVIORAL AUDIENCE TRENDSETTERS PLACEMENT - RICH MEDIA STORE LOCATOR - Maxx You Maxx Life_Run of Network_Behavioral_F25-54_320 x 50_Click and View_NV_NA,205145234,10/8/2017,7034,77,6957,2760,4197,119,4078,3239,839,2879,2287,5526
TJN_TJX_TJMaxx 2H DIG_FY18,xAd Inc.,PKF49F_TJN_TJX_028_Mobile_GROUND TRUTH FKA XAD_DST_SV1_MAP_DIR_DSP_TRG_RON_BTG_BTG_DVY_PHASE 1_BEHAVIORAL AUDIENCE TRENDSETTERS PLACEMENT - STANDARD BANNER - Sweaters_Run of Network_Behavioral_F25-54_300 x 250_Click and View_NV_NA,206812759,10/20/2017,2546,45,2501,2501,0,0,0,0,0,2501,2501,2501
TJN_TJX_TJMaxx 2H DIG_FY18,xAd Inc.,PJMTN2_TJN_TJX_028_Mobile_GROUND TRUTH FKA XAD_DST_SV1_MAP_DIR_DSP_TRG_RON_RTG_RTG_DVY_PHASE 1_LOCATION AUDIENCE COMPETITIVE CONQUESTING PLACEMENT - STANDARD BANNER - Fall Handbag_Run of Network_Retarget_F25-54_300 x 250_Click and View_NV_NA,204447824,9/13/2017,12507,229,12278,12273,5,0,5,1,4,12273,2455,2456
TJN_MAR_023_Marshalls 2H Digital_F18,xAd Inc.,PJQ0YG_TJN_MAR_023_Mobile_GROUND TRUTH FKA XAD_DST_SV1_MAP_DIR_DSP_TRG_RON_BTG_DMA_DVY_BEHAVIORAL - FASHION SHOPPER - DYNAMIC DISTANCE_Run of Network_Behavioral_F25-54_320 x 50_Click and View_NV_NA,204557581,9/25/2017,53059,999,52060,41213,10847,671,10176,8331,1845,41884,32265,40596
TJN_MAR_023_Marshalls 2H Digital_F18,xAd Inc.,PJQ0Y8_TJN_MAR_023_Mobile_GROUND TRUTH FKA XAD_DST_SV1_MAP_DIR_RCH_TRG_RON_WEA_PXT_DVY_PROXIMITY LOYALTY - WEATHER LOCATOR UNIT_Run of Network_Weather_F25-54_320 x 50_Click and View_NV_NA,204556189,9/19/2017,23387,662,22725,11982,10743,182,10561,9423,1138,12164,10853,20276
TJN_TJX_TJMaxx 2H DIG_FY18,Viant,"PJNSGT_TJN_TJX_028_Data_VIANT INC_DSI_SV1_DSK_DIR_DSP_TRG_RON_BTG_CTG_DVY_PHASE 1_VIANT DIRECT MATCH RETAIL, TJX PORFOLIO LOYALISTS, DISPLAY_Fixed Placement_Behavioral_F25-54_160 x 600_Standard_NV_NA",204483025,10/17/2017,6287,642,5645,0,5645,253,5392,3554,1838,253,167,3721
TJN_TJX_TJMaxx 2H DIG_FY18,Conversant Inc.,PJNPMJ_TJN_TJC_031_Audience_CONVERSANT_PUR_ROI_MAP_NET_DSP_TRG_RON_BTG_BTG_DVY_SMARTPHONE MEDIUM RECTANGLE - STRATEGIC SAVERS_Run of Site_Other_P18+_300 x 250_Standard_NV_NA,204442063,10/13/2017,511,9,502,0,502,58,444,374,70,58,49,423
TJN_TJX_TJMaxx 2H DIG_FY18,Conversant Inc.,PJPWPG_TJN_TJX_028_Audience_CONVERSANT_DST_SV1_TAP_NET_DSP_TRG_RON_BTG_BTG_DVY_PHASE 1_ TABLET MEDIUM RECTANGLE  - CONVERSANT SHOPPERS AV_Run of Site_Behavioral_P18+_300 x 250_Standard_NV_NA,204446129,10/6/2017,500,6,494,0,494,70,424,206,218,70,34,240
TJN_TJX_TJMaxx 2H DIG_FY18,Foursquare,"PJPQL0_TJN_TJX_028_Audience_FOURSQUARE LABS, INC_DST_SV1_MAP_PRO_DSP_TRG_RON_PXT_BTG_DVY_PHASE 1_PINPOINT TRENDSETTERS_Run of Network_Geo_F25-54_320 x 50_Standard_NV_NA",204478094,10/4/2017,88758,2297,86461,50755,35706,1490,34216,27179,7037,52245,41500,68679
TJN_TJX_TJMaxx 2H DIG_FY18,Hulu,PK3CXL_TJN_TJX_027_Content_HULU_BAF_BS2_TAP_DIR_CUS_SPN_CHS_CTG_CTG_DVY_FALL TV SPONSORSHIP: PREMIUM SLATE - TABLET IN APP_FEP_Contextual_F25-54_1920 x 1080_Standard_NV_NA,205726818,9/27/2017,2,0,2,2,0,0,0,0,0,2,1,1
TJN_TJX_TJMaxx 2H DIG_FY18,xAd Inc.,PJMTN4_TJN_TJX_028_Mobile_GROUND TRUTH FKA XAD_DST_SV1_MAP_DIR_RCH_TRG_RON_BTG_BTG_DVY_PHASE 1_BEHAVIORAL AUDIENCE TRENDSETTERS PLACEMENT - RICH MEDIA STORE LOCATOR - Fall Handbag_Run of Network_Behavioral_F25-54_300 x 250_Click and View_NV_NA,204447281,9/21/2017,744,14,730,139,591,9,582,545,37,148,139,684
TJN_TJX_TJMaxx 2H DIG_FY18,Conversant Inc.,PJPTLN_TJN_TJC_031_Audience_CONVERSANT_PUR_ROI_MAP_NET_DSP_TRG_RON_BTG_BTG_DVY_SMARTPHONE MEDIUM RECTANGLE - TRENDSETTERS_Run of Site_Other_P18+_300 x 250_Standard_NV_NA,204446141,10/12/2017,1474,12,1462,0,1462,220,1242,730,512,220,129,859
TJN_MAR_023_Marshalls 2H Digital_F18,xAd Inc.,PJQ0YK_TJN_MAR_023_Mobile_GROUND TRUTH FKA XAD_DST_SV1_MAP_DIR_DSP_TRG_RON_BTG_PXT_DVY_MARSHALLS SHOPPERS - DYNAMIC DISTANCE_Run of Network_Geo_F25-54_300 x 250_Click and View_NV_NA,204543440,9/25/2017,3826,125,3701,3701,0,0,0,0,0,3701,3701,3701
TJN_TJX_TJMaxx 2H DIG_FY18,xAd Inc.,PJMTN2_TJN_TJX_028_Mobile_GROUND TRUTH FKA XAD_DST_SV1_MAP_DIR_DSP_TRG_RON_RTG_RTG_DVY_PHASE 1_LOCATION AUDIENCE COMPETITIVE CONQUESTING PLACEMENT - STANDARD BANNER - Fall Handbag_Run of Network_Retarget_F25-54_300 x 250_Click and View_NV_NA,204447824,10/13/2017,6951,109,6842,6792,50,0,50,40,10,6792,5434,5474
TJN_TJX_TJMaxx 2H DIG_FY18,Foursquare,"PJPSSV_TJN_TJX_028_Audience_FOURSQUARE LABS, INC_DST_SV1_MAP_PRO_RCH_TRG_RON_PXT_BTG_DVY_PHASE 1_MOBILE RICH MEDIA STRATEGIC SAVERS - Fall Handbag_Run of Network_Geo_F25-54_300 x 250_Standard_NV_NA",204525360,10/11/2017,6490,592,5898,939,4959,396,4563,1152,3411,1335,337,1489
TJN_TJX_TJMaxx 2H DIG_FY18,xAd Inc.,PJPXJQ_TJN_TJX_028_Mobile_GROUND TRUTH FKA XAD_DST_SV1_MAP_DIR_DSP_TRG_RON_RTG_RTG_DVY_PHASE 1_LOCATION AUDIENCE TJX SHOPPERS PLACEMENT - STANDARD BANNER - TJMaxx_Run of Network_Retarget_F25-54_320 x 50_Click and View_NV_NA,204447839,10/20/2017,3,1,2,1,1,0,1,1,0,1,1,2
TJN_TJX_TJMaxx 2H DIG_FY18,xAd Inc.,PJPXK0_TJN_TJX_028_Mobile_GROUND TRUTH FKA XAD_DST_SV1_MAP_DIR_DSP_TRG_RON_BTG_BTG_DVY_PHASE 1_BEHAVIORAL AUDIENCE TRENDSETTERS PLACEMENT - STANDARD BANNER - TJMaxx_Run of Network_Behavioral_F25-54_320 x 50_Click and View_NV_NA,204483993,9/8/2017,23665,444,23221,1835,21386,14100,7286,5952,1334,15935,13017,18969
TJN_TJX_TJMaxx 2H DIG_FY18,Viant,"PJSPBT_TJN_TJC_031_Data_VIANT INC_PUR_ROI_MWB_DIR_DSP_TRG_RON_BTG_MKT_DVY_DETERMINSTIC LAL OF ECOM CONVERTERS, CROSS DEVICE DISPLAY_Fixed Placement_Behavioral_F25-54_300 x 250_Click_NV_NA",204732642,10/8/2017,280,7,273,0,273,24,249,113,136,24,11,124
TJN_MAR_023_Marshalls 2H Digital_F18,xAd Inc.,PJQ0YL_TJN_MAR_023_Mobile_GROUND TRUTH FKA XAD_DST_SV1_MAP_DIR_DSP_TRG_RON_BTG_PXT_DVY_COMPETITOR SHOPPERS - DYNAMIC DISTANCE_Run of Network_Geo_F25-54_320 x 50_Click and View_NV_NA,204595638,10/13/2017,7076,102,6974,4485,2489,173,2316,2049,267,4658,4081,6130
TJN_TJX_TJMaxx 2H DIG_FY18,Hulu,PK3F7L_TJN_TJX_027_Content_HULU_BAF_BS2_CTV_DIR_CUS_SPN_CHS_CTG_CTG_DVY_HULU ROS: PREMIUM SLATE - CONNECTED TV_FEP_Contextual_F25-54_1920 x 1080_Standard_NV_NA,205685923,10/3/2017,8,0,8,8,0,0,0,0,0,8,5,5
TJN_TJX_TJMaxx 2H DIG_FY18,xAd Inc.,PJYDBM_TJN_TJX_028_Mobile_GROUND TRUTH FKA XAD_DST_SV1_MAP_DIR_RCH_TRG_RON_PXT_PXT_DVY_PHASE 1_PROXIMITY LOYALTY PLACEMENT - RICH MEDIA STORE LOCATOR - Fall Hero_Run of Network_Geo_F25-54_300 x 250_Click and View_NV_NA,205209355,9/27/2017,5743,85,5658,116,5542,46,5496,5221,275,162,154,5375
TJN_TJX_TJMaxx 2H DIG_FY18,Viant,"PJNSGP_TJN_TJX_028_Data_VIANT INC_DSI_SV1_MWB_DIR_DSP_TRG_RON_BTG_CTG_DVY_PHASE 1_VIANT DIRECT MATCH RETAIL, TJX PORFOLIO LOYALISTS, DISPLAY_Fixed Placement_Behavioral_F25-54_300 x 50_Standard_NV_NA",204525579,10/9/2017,22,3,19,0,19,4,15,5,10,4,1,6
TJN_TJX_TJMaxx 2H DIG_FY18,Viant,"PJSPCJ_TJN_TJC_031_Data_VIANT INC_PUR_ROI_MWB_DIR_DSP_TRG_RON_BTG_MKT_DVY_W25-54 + ONLINE SHOPPERS, CROSS DEVICE DISPLAY_Fixed Placement_Behavioral_F25-54_300 x 250_Click_NV_NA",204733038,10/5/2017,58,1,57,0,57,16,41,14,27,16,5,19
TJN_TJX_TJMaxx 2H DIG_FY18,PlaceIQ,PK19YY_TJN_TJX_028_Mobile_PLACEIQ INC_DST_SV1_MAP_DIR_RCH_TRG_RON_BTG_PTG_DVY_PHASE 1_RICH MEDIA_STRATEGIC SAVERS_FREQUENT WOMEN'S APPAREL SHOPPER+DISCRETIONARY SPEND SHOPPERS_Run of Network_Behavioral_F25-54_320 x 50_Click and View_NV_NA,205568681,9/22/2017,14300,516,13784,8258,5526,177,5349,5193,156,8435,8189,13382
TJN_TJX_TJMaxx 2H DIG_FY18,Viant,"PJNSHG_TJN_TJX_028_Data_VIANT INC_DSI_SV1_DSK_DIR_DSP_TRG_RON_BTG_CTG_DVY_PHASE 1_VIANT DIRECT MATCH RETAIL, COMPETITIVE CONQUESTING, DISPLAY_Fixed Placement_Behavioral_F25-54_728 x 90_Standard_NV_NA",204478490,9/30/2017,7735,145,7590,0,7590,1194,6396,3958,2438,1194,739,4697
TJN_TJX_TJMaxx 2H DIG_FY18,Viant,PJPXKS_TJN_TJX_028_Data_VIANT INC_DSI_SV1_DSK_DIR_DSP_TRG_RON_BTG_CTG_DVY_PHASE 1_DESKTOP DISPLAY VIANT IMP TARGETING - STRATEGIC SAVERS AV_Fixed Placement_Demo_F25-54_160 x 600_Standard_NV_NA,204477475,9/30/2017,67,14,53,1,52,33,19,1,18,34,2,3
TJN_TJX_TJMaxx 2H DIG_FY18,xAd Inc.,PKF49C_TJN_TJX_028_Mobile_GROUND TRUTH FKA XAD_DST_SV1_MAP_DIR_DSP_TRG_RON_BTG_BTG_DVY_PHASE 1_BEHAVIORAL AUDIENCE TRENDSETTERS PLACEMENT - STANDARD BANNER - Dresses_Run of Network_Behavioral_F25-54_300 x 250_Click and View_NV_NA,206832825,10/17/2017,2692,29,2663,2663,0,0,0,0,0,2663,2663,2663
TJN_TJX_TJMaxx 2H DIG_FY18,Conversant Inc.,PJPWBW_TJN_TJX_028_Audience_CONVERSANT_DST_SV1_DSK_NET_DSP_TRG_RON_BTG_BTG_DVY_PHASE 1_ DESKTOP RECTANGLE - CJ INTERACTORS LAL MODELING_Run of Site_Behavioral_P18+_300 x 600_Standard_NV_NA,204447740,10/6/2017,3763,292,3471,0,3471,500,2971,953,2018,500,160,1113
TJN_TJX_TJMaxx 2H DIG_FY18,Foursquare,"PJPRV8_TJN_TJX_028_Audience_FOURSQUARE LABS, INC_DST_SV1_MAP_PRO_DSP_TRG_RON_PXT_BTG_DVY_PHASE 1_PINPOINT TRENDSETTERS AV_Run of Network_Geo_F25-54_300 x 250_Standard_NV_NA",204527100,10/3/2017,172,3,169,35,134,8,126,63,63,43,22,85
TJN_TJX_TJMaxx 2H DIG_FY18,Foursquare,"PK0H82_TJN_TJX_028_Audience_FOURSQUARE LABS, INC_DST_SV1_MAP_PRO_RCH_TRG_RON_PXT_BTG_DVY_PHASE 1_MOBILE RICH MEDIA TRENDSETTERS - Find A Store_Run of Network_Geo_F25-54_320 x 50_Standard_NV_NA",205394971,10/21/2017,4,2,2,1,1,0,1,1,0,1,1,2
TJN_TJX_TJMaxx 2H DIG_FY18,Conversant Inc.,PJPTLM_TJN_TJC_031_Audience_CONVERSANT_PUR_ROI_MAP_NET_DSP_TRG_RON_BTG_BTG_DVY_SMARTPHONE SMALL BANNER - TRENDSETTERS_Run of Site_Other_P18+_320 x 50_Standard_NV_NA,204447785,10/19/2017,2414,37,2377,0,2377,520,1857,837,1020,520,234,1071
TJN_TJX_TJMaxx 2H DIG_FY18,Viant,"PJSPBR_TJN_TJC_031_Data_VIANT INC_PUR_ROI_DSK_DIR_DSP_TRG_RON_BTG_MKT_DVY_DETERMINSTIC LAL OF ECOM CONVERTERS, CROSS DEVICE DISPLAY_Fixed Placement_Behavioral_F25-54_300 x 250_Click_NV_NA",204715645,10/21/2017,533,12,521,0,521,27,494,375,119,27,20,395
TJN_MAR_023_Marshalls 2H Digital_F18,xAd Inc.,PJQ0YL_TJN_MAR_023_Mobile_GROUND TRUTH FKA XAD_DST_SV1_MAP_DIR_DSP_TRG_RON_BTG_PXT_DVY_COMPETITOR SHOPPERS - DYNAMIC DISTANCE_Run of Network_Geo_F25-54_320 x 50_Click and View_NV_NA,204595638,9/13/2017,11155,128,11027,7925,3102,419,2683,2511,172,8344,5175,7686
TJN_TJX_TJMaxx 2H DIG_FY18,PlaceIQ,PKFS8N_TJN_TJX_028_Mobile_PLACEIQ INC_DST_SV1_MAP_DIR_DSP_TRG_RON_BTG_PXT_DVY_PHASE 1_STANDARD BANNER_TRENDSETTERS_APPROVAL SEEKING SHOPPERS+LIVE OR WORK BY TJMAXX - Dresses_Run of Network_Behavioral_F25-54_300 x 250_Click and View_NV_NA,206833473,10/21/2017,798,120,678,656,22,0,22,20,2,656,596,616
TJN_TJX_TJMaxx 2H DIG_FY18,Viant,"PJNSGM_TJN_TJX_028_Data_VIANT INC_DSI_SV1_TWB_DIR_DSP_TRG_RON_BTG_CTG_DVY_PHASE 1_VIANT DIRECT MATCH RETAIL, TJX PORFOLIO LOYALISTS, DISPLAY_Fixed Placement_Behavioral_F25-54_728 x 90_Standard_NV_NA",204526722,9/7/2017,738,239,499,0,499,221,278,124,154,221,99,223
TJN_TJX_TJMaxx 2H DIG_FY18,Viant,"PJNSGN_TJN_TJX_028_Data_VIANT INC_DSI_SV1_TWB_DIR_DSP_TRG_RON_BTG_CTG_DVY_PHASE 1_VIANT DIRECT MATCH RETAIL, TJX PORFOLIO LOYALISTS, DISPLAY_Fixed Placement_Behavioral_F25-54_300 x 250_Standard_NV_NA",204526347,10/4/2017,966,4,962,0,962,92,870,610,260,92,65,675
TJN_TJX_TJMaxx 2H DIG_FY18,xAd Inc.,PJMTNC_TJN_TJX_028_Mobile_GROUND TRUTH FKA XAD_DST_SV1_MAP_DIR_DSP_TRG_RON_BTG_BTG_DVY_PHASE 1_BEHAVIORAL AUDIENCE TRENDSETTERS PLACEMENT - STANDARD BANNER - Maxx You Maxx Life_Run of Network_Behavioral_F25-54_320 x 50_Click and View_NV_NA,204447830,9/8/2017,24172,440,23732,2202,21530,13042,8488,6646,1842,15244,11935,18581
TJN_TJX_TJMaxx 2H DIG_FY18,NBC Universal Media,PK3H7K_TJN_TJX_028_Content_NBCUNI.COM_BAF_BS2_DSK_DIR_DSP_SPN_HPT_CTG_CTG_DCM_100% SOV NBC THIS IS US ROADBLOCK 9/26 - 300X50 MOBILE_HP Takeover_Contextual_F25-54_300 x 50_Standard_NV_NA,205726845,9/26/2017,100111,953,99158,5279,93879,6906,86973,68265,18708,12185,9564,77829
TJN_TJX_TJMaxx 2H DIG_FY18,Viant,"PJNSH7_TJN_TJX_028_Data_VIANT INC_DSI_SV1_MWB_DIR_DSP_TRG_RON_BTG_CTG_DVY_PHASE 1_VIANT DIRECT MATCH RETAIL, COMPETITIVE CONQUESTING, DISPLAY_Fixed Placement_Behavioral_F25-54_320 x 50_Standard_NV_NA",204477565,9/16/2017,2254,58,2196,0,2196,207,1989,1869,120,207,195,2064
TJN_TJX_TJMaxx 2H DIG_FY18,Conversant Inc.,PJNPLV_TJN_TJX_028_Audience_CONVERSANT_DST_SV1_DSK_NET_DSP_TRG_RON_BTG_BTG_DVY_PHASE 1_ DESKTOP LEADERBOARD - CJ CONVERTERS LAL MODELING_Run of Site_Behavioral_P18+_728 x 90_Standard_NV_NA,204483933,10/6/2017,21989,2024,19965,0,19965,2049,17916,8984,8932,2049,1027,10011
TJN_TJX_TJMaxx 2H DIG_FY18,Foursquare,"PKFMLQ_TJN_TJX_028_Audience_FOURSQUARE LABS, INC_DST_SV1_MAP_PRO_RCH_TRG_RON_PXT_BTG_DVY_PHASE 1_MOBILE RICH MEDIA STRATEGIC SAVERS - Find A Store V1_Run of Network_Geo_F25-54_320 x 50_Standard_NV_NA",206772506,10/18/2017,7619,163,7456,5140,2316,258,2058,1836,222,5398,4816,6652
TJN_MAR_023_Marshalls 2H Digital_F18,xAd Inc.,PJQ0Y6_TJN_MAR_023_Mobile_GROUND TRUTH FKA XAD_DST_SV1_MAP_DIR_DSP_TRG_RON_PXT_BTG_DVY_PROXIMITY LOYALTY - DYNAMIC DISTANCE_Run of Network_Geo_F25-54_320 x 50_Click and View_NV_NA,204556888,9/17/2017,80628,1549,79079,58042,21037,5899,15138,13121,2017,63941,42298,55419
TJN_TJX_TJMaxx 2H DIG_FY18,Foursquare,"PKFMM6_TJN_TJX_028_Audience_FOURSQUARE LABS, INC_DST_SV1_MAP_PRO_RCH_TRG_RON_PXT_BTG_DVY_PHASE 1_MOBILE RICH MEDIA STRATEGIC SAVERS - Dresses_Run of Network_Geo_F25-54_300 x 250_Standard_NV_NA",206772518,10/21/2017,157,3,154,123,31,18,13,4,9,141,43,47
TJN_TJX_TJMaxx 2H DIG_FY18,Viant,PJPXKR_TJN_TJX_028_Data_VIANT INC_DSI_SV1_DSK_DIR_DSP_TRG_RON_BTG_CTG_DVY_PHASE 1_DESKTOP DISPLAY VIANT IMP TARGETING - STRATEGIC SAVERS AV_Fixed Placement_Demo_F25-54_300 x 250_Standard_NV_NA,204475841,9/13/2017,5,5,0,0,0,0,0,0,0,0,0,0
TJN_MAR_023_Marshalls 2H Digital_F18,NinthDecimal,PJPSRX_TJN_MAR_023_Mobile_NINTHDECIMAL_DST_SV1_MAP_DIR_RCH_TRG_RON_BTG_PXT_DVY_LOCATION GRAPH: COMPETITIVE CONQUESTING_Run of Network_Behavioral_F25-54_320 x 50_Click and View_NV_NA,204542879,9/24/2017,18120,270,17850,7739,10111,53,10058,9758,300,7792,7560,17318
TJN_MAR_023_Marshalls 2H Digital_F18,NinthDecimal,PJPSRZ_TJN_MAR_023_Mobile_NINTHDECIMAL_DST_SV1_MAP_DIR_RCH_TRG_RON_BTG_DMA_DVY_CONSUMER JOURNEY: BARGAIN HUNTERS_Run of Network_Behavioral_F25-54_320 x 50_Click and View_NV_NA,204542873,9/20/2017,13845,426,13419,5374,8045,51,7994,7784,210,5425,5282,13066
TJN_TJX_TJMaxx 2H DIG_FY18,xAd Inc.,PJPXJS_TJN_TJX_028_Mobile_GROUND TRUTH FKA XAD_DST_SV1_MAP_DIR_DSP_TRG_RON_RTG_RTG_DVY_PHASE 1_LOCATION AUDIENCE COMPETITIVE CONQUESTING PLACEMENT - STANDARD BANNER - Fall Hero_Run of Network_Retarget_F25-54_300 x 250_Click and View_NV_NA,204446153,9/28/2017,23058,723,22335,22311,24,1,23,11,12,22312,10671,10682
TJN_TJX_TJMaxx 2H DIG_FY18,Hulu,PK3F7F_TJN_TJX_027_Content_HULU_BAF_BS2_DSK_DIR_CUS_SPN_CHS_CTG_CTG_DVY_HULU ROS: PREMIUM SLATE - DESKTOP_FEP_Contextual_F25-54_1920 x 1080_Standard_NV_NA,205683925,10/13/2017,5097,103,4994,4994,0,0,0,0,0,4994,3423,3423
TJN_TJX_TJMaxx 2H DIG_FY18,xAd Inc.,PJYDBW_TJN_TJX_028_Mobile_GROUND TRUTH FKA XAD_DST_SV1_MAP_DIR_RCH_TRG_RON_BTG_BTG_DVY_PHASE 1_BEHAVIORAL AUDIENCE STRATEGIC SAVERS PLACEMENT - RICH MEDIA STORE LOCATOR - Fall Hero_Run of Network_Behavioral_F25-54_300 x 250_Click and View_NV_NA,205207030,9/24/2017,6483,56,6427,1500,4927,169,4758,1870,2888,1669,656,2526
TJN_TJX_TJMaxx 2H DIG_FY18,Viant,PJPXKR_TJN_TJX_028_Data_VIANT INC_DSI_SV1_DSK_DIR_DSP_TRG_RON_BTG_CTG_DVY_PHASE 1_DESKTOP DISPLAY VIANT IMP TARGETING - STRATEGIC SAVERS AV_Fixed Placement_Demo_F25-54_300 x 250_Standard_NV_NA,204475841,10/13/2017,10236,2813,7423,5,7418,666,6752,2435,4317,671,242,2677
TJN_MAR_023_Marshalls 2H Digital_F18,NinthDecimal,PJPSRV_TJN_MAR_023_Mobile_NINTHDECIMAL_DST_SV1_MAP_DIR_RCH_TRG_RON_BTG_PXT_DVY_LOCATION GRAPH: MARSHALLS LOYALISTS_Run of Network_Behavioral_F25-54_320 x 50_Click and View_NV_NA,204555232,9/20/2017,19145,459,18686,6520,12166,52,12114,11674,440,6572,6333,18007
TJN_TJX_TJMaxx 2H DIG_FY18,Conversant Inc.,PJPWPB_TJN_TJX_028_Audience_CONVERSANT_DST_SV1_DSK_NET_DSP_TRG_RON_BTG_BTG_DVY_PHASE 1_ DESKTOP RECTANGLE - CONVERSANT SHOPPERS AV_Run of Site_Behavioral_P18+_300 x 600_Standard_NV_NA,204447254,9/30/2017,122,4,118,0,118,37,81,24,57,37,11,35
TJN_TJX_TJMaxx 2H DIG_FY18,xAd Inc.,PKF4G3_TJN_TJX_028_Mobile_GROUND TRUTH FKA XAD_DST_SV1_MAP_DIR_DSP_TRG_RON_BTG_BTG_DVY_PHASE 1_BEHAVIORAL AUDIENCE STRATEGIC SAVERS PLACEMENT - STANDARD BANNER - Find A Store V2_Run of Network_Behavioral_F25-54_320 x 50_Click and View_NV_NA,206772056,10/17/2017,12474,157,12317,3725,8592,149,8443,6467,1976,3874,2967,9434
TJN_TJX_TJMaxx 2H DIG_FY18,Viant,"PJSPCG_TJN_TJC_031_Data_VIANT INC_PUR_ROI_DSK_DIR_DSP_TRG_RON_BTG_MKT_DVY_W25-54 + ONLINE SHOPPERS, CROSS DEVICE DISPLAY_Fixed Placement_Behavioral_F25-54_300 x 50_Click_NV_NA",204716182,10/3/2017,93,0,93,0,93,29,64,50,14,29,23,73
TJN_TJX_TJMaxx 2H DIG_FY18,Viant,"PJNSHD_TJN_TJX_028_Data_VIANT INC_DSI_SV1_DSK_DIR_DSP_TRG_RON_BTG_CTG_DVY_PHASE 1_VIANT DIRECT MATCH RETAIL, COMPETITIVE CONQUESTING, DISPLAY_Fixed Placement_Behavioral_F25-54_160 x 600_Standard_NV_NA",204477281,10/5/2017,2916,277,2639,0,2639,247,2392,1438,954,247,148,1586
TJN_MAR_023_Marshalls 2H Digital_F18,xAd Inc.,PJQ0YD_TJN_MAR_023_Mobile_GROUND TRUTH FKA XAD_DST_SV1_MAP_DIR_RCH_TRG_RON_WEA_PXT_DVY_PROXIMITY CONQUESTING - WEATHER LOCATOR UNIT_Run of Network_Weather_F25-54_320 x 50_Click and View_NV_NA,204541553,9/22/2017,17672,436,17236,6067,11169,140,11029,10346,683,6207,5823,16169
TJN_TJX_TJMaxx 2H DIG_FY18,Viant,"PK2X7J_TJN_TJX_028_Data_VIANT INC_DSI_SV1_MWB_DIR_RCH_TRG_INT_BTG_CTG_DVY_PHASE 1_VIANT IMP, W25-54 STRATEGIC SAVERS, CONTOBOX - Honeycomb_Fixed Placement_Behavioral_F25-54_300 x 250_Click and View_NV_NA",205688479,9/25/2017,2480,61,2419,3,2416,186,2230,408,1822,189,35,443
TJN_MAR_023_Marshalls 2H Digital_F18,NinthDecimal,PJPSRS_TJN_MAR_023_Mobile_NINTHDECIMAL_DST_SV1_MAP_DIR_RCH_TRG_RON_PXT_DMA_DVY_GEOFENCE: 5-10-MILE RADIUS AROUND SUBURBAN STORES_Run of Network_Geo_F25-54_320 x 50_Click and View_NV_NA,204541748,10/8/2017,27499,600,26899,9789,17110,81,17029,16625,404,9870,9636,26261
TJN_MAR_023_Marshalls 2H Digital_F18,xAd Inc.,PJQ0YS_TJN_MAR_023_Mobile_GROUND TRUTH FKA XAD_DST_SV1_MAP_DIR_DSP_TRG_RON_DMA_BTG_DVY_AV DMA TARGETING_Run of Network_Geo_F25-54_300 x 250_Click and View_NV_NA,204558337,9/13/2017,47798,826,46972,4216,42756,435,42321,32347,9974,4651,3555,35902
TJN_TJX_TJMaxx 2H DIG_FY18,Hulu,PK3F7L_TJN_TJX_027_Content_HULU_BAF_BS2_CTV_DIR_CUS_SPN_CHS_CTG_CTG_DVY_HULU ROS: PREMIUM SLATE - CONNECTED TV_FEP_Contextual_F25-54_1920 x 1080_Standard_NV_NA,205685923,10/1/2017,2,0,2,2,0,0,0,0,0,2,1,1
TJN_TJX_TJMaxx 2H DIG_FY18,xAd Inc.,PJMTMQ_TJN_TJX_028_Mobile_GROUND TRUTH FKA XAD_DST_SV1_MAP_DIR_RCH_TRG_RON_PXT_PXT_DVY_PHASE 1_PROXIMITY LOYALTY PLACEMENT - RICH MEDIA STORE LOCATOR - TJ Maxx_Run of Network_Geo_F25-54_320 x 50_Click and View_NV_NA,204442090,10/10/2017,10052,67,9985,2089,7896,82,7814,7341,473,2171,2040,9381
TJN_TJX_TJMaxx 2H DIG_FY18,xAd Inc.,PJMTN4_TJN_TJX_028_Mobile_GROUND TRUTH FKA XAD_DST_SV1_MAP_DIR_RCH_TRG_RON_BTG_BTG_DVY_PHASE 1_BEHAVIORAL AUDIENCE TRENDSETTERS PLACEMENT - RICH MEDIA STORE LOCATOR - Fall Handbag_Run of Network_Behavioral_F25-54_300 x 250_Click and View_NV_NA,204447281,10/6/2017,2922,66,2856,193,2663,22,2641,2451,190,215,200,2651
TJN_TJX_TJMaxx 2H DIG_FY18,Foursquare,"PK0H84_TJN_TJX_028_Audience_FOURSQUARE LABS, INC_DST_SV1_MAP_PRO_RCH_TRG_RON_PXT_BTG_DVY_PHASE 1_MOBILE RICH MEDIA COMPETITIVE CONQUESTING - Find A Store_Run of Network_Geo_F25-54_320 x 50_Standard_NV_NA",205427847,9/22/2017,71062,1745,69317,58923,10394,1101,9293,7483,1810,60024,48333,55816
TJN_TJX_TJMaxx 2H DIG_FY18,xAd Inc.,PJPXJR_TJN_TJX_028_Mobile_GROUND TRUTH FKA XAD_DST_SV1_MAP_DIR_DSP_TRG_RON_RTG_RTG_DVY_PHASE 1_LOCATION AUDIENCE TJX SHOPPERS PLACEMENT - STANDARD BANNER - Fall Hero_Run of Network_Retarget_F25-54_300 x 250_Click and View_NV_NA,204442105,9/15/2017,11544,904,10640,10637,3,0,3,1,2,10637,3546,3547
TJN_TJX_TJMaxx 2H DIG_FY18,xAd Inc.,PKF5T8_TJN_TJX_028_Mobile_GROUND TRUTH FKA XAD_DST_SV1_MAP_DIR_DSP_TRG_RON_RTG_RTG_DVY_PHASE 1_LOCATION AUDIENCE TJX SHOPPERS PLACEMENT - STANDARD BANNER - Find A Store V1_Run of Network_Retarget_F25-54_320 x 50_Click and View_NV_NA,206772554,10/16/2017,4556,80,4476,1756,2720,31,2689,2127,562,1787,1414,3541
TJN_TJX_TJMaxx 2H DIG_FY18,xAd Inc.,PJPXJY_TJN_TJX_028_Mobile_GROUND TRUTH FKA XAD_DST_SV1_MAP_DIR_DSP_TRG_RON_BTG_BTG_DVY_PHASE 1_BEHAVIORAL AUDIENCE STRATEGIC SAVERS PLACEMENT - STANDARD BANNER - Fall Hero_Run of Network_Behavioral_F25-54_300 x 250_Click and View_NV_NA,204484017,10/12/2017,8871,105,8766,8759,7,1,6,3,3,8760,4380,4383
TJN_TJX_TJMaxx 2H DIG_FY18,Foursquare,"PJPRV8_TJN_TJX_028_Audience_FOURSQUARE LABS, INC_DST_SV1_MAP_PRO_DSP_TRG_RON_PXT_BTG_DVY_PHASE 1_PINPOINT TRENDSETTERS AV_Run of Network_Geo_F25-54_300 x 250_Standard_NV_NA",204527100,10/1/2017,123,3,120,44,76,3,73,42,31,47,27,69
TJN_TJX_TJMaxx 2H DIG_FY18,Viant,"PJNSGR_TJN_TJX_028_Data_VIANT INC_DSI_SV1_TWB_DIR_DSP_TRG_RON_BTG_CTG_DVY_PHASE 1_VIANT DIRECT MATCH RETAIL, TJX PORFOLIO LOYALISTS, DISPLAY_Fixed Placement_Behavioral_F25-54_160 x 600_Standard_NV_NA",204478520,10/12/2017,872,5,867,0,867,46,821,388,433,46,22,410
TJN_TJX_TJMaxx 2H DIG_FY18,Viant,"PJSPCD_TJN_TJC_031_Data_VIANT INC_PUR_ROI_DSK_DIR_DSP_TRG_RON_BTG_MKT_DVY_W25-54 + ONLINE SHOPPERS, CROSS DEVICE DISPLAY_Fixed Placement_Behavioral_F25-54_728 x 90_Click_NV_NA",204733044,10/19/2017,23068,146,22922,1,22921,1648,21273,14924,6349,1649,1157,16081
TJN_TJX_TJMaxx 2H DIG_FY18,Conversant Inc.,PJPWPD_TJN_TJX_028_Audience_CONVERSANT_DST_SV1_MAP_NET_DSP_TRG_RON_BTG_BTG_DVY_PHASE 1_ SMARTPHONE SMALL BANNER  - CONVERSANT SHOPPERS AV_Run of Site_Behavioral_P18+_320 x 50_Standard_NV_NA,204447251,9/18/2017,794,10,784,0,784,179,605,409,196,179,121,530
TJN_TJX_TJMaxx 2H DIG_FY18,PlaceIQ,PK19YZ_TJN_TJX_028_Mobile_PLACEIQ INC_DST_SV1_MAP_DIR_RCH_TRG_RON_BTG_PTG_DVY_PHASE 1_RICH MEDIA_STRATEGIC SAVERS_INFORMER CONSUMER SHOPPERS+TOP TIER APPAREL SHOPPER_Run of Network_Behavioral_F25-54_320 x 50_Click and View_NV_NA,205563548,9/25/2017,119015,5397,113618,65731,47887,2245,45642,44298,1344,67976,65974,110272
TJN_TJX_TJMaxx 2H DIG_FY18,Foursquare,"PJPQKZ_TJN_TJX_028_Audience_FOURSQUARE LABS, INC_DST_SV1_MAP_PRO_DSP_TRG_RON_PXT_BTG_DVY_PHASE 1_PINPOINT TRENDSETTERS_Run of Network_Geo_F25-54_300 x 250_Standard_NV_NA",204481813,9/12/2017,22143,2617,19526,4624,14902,1688,13214,3436,9778,6312,1641,5077
TJN_TJX_TJMaxx 2H DIG_FY18,Conversant Inc.,PJPWPG_TJN_TJX_028_Audience_CONVERSANT_DST_SV1_TAP_NET_DSP_TRG_RON_BTG_BTG_DVY_PHASE 1_ TABLET MEDIUM RECTANGLE  - CONVERSANT SHOPPERS AV_Run of Site_Behavioral_P18+_300 x 250_Standard_NV_NA,204446129,9/21/2017,26,0,26,0,26,5,21,5,16,5,1,6
TJN_TJX_TJMaxx 2H DIG_FY18,Viant,"PKGK52_TJN_TJX_028_Data_VIANT INC_DSI_SV1_DSK_DIR_CUS_TRG_NAT_BTG_CTG_DVY_PHASE 1_VIANT LIFESTYLE, TRENDSETTERS NATIVE- Booties_Fixed Placement_Contextual_F25-54_0 x 0_Click and View_NV_NA",206833275,10/20/2017,51329,3474,47855,47855,0,0,0,0,0,47855,28486,28486
TJN_MAR_023_Marshalls 2H Digital_F18,xAd Inc.,PJQ0YS_TJN_MAR_023_Mobile_GROUND TRUTH FKA XAD_DST_SV1_MAP_DIR_DSP_TRG_RON_DMA_BTG_DVY_AV DMA TARGETING_Run of Network_Geo_F25-54_300 x 250_Click and View_NV_NA,204558337,10/13/2017,57259,1004,56255,20939,35316,2186,33130,25430,7700,23125,17559,42989
TJN_TJX_TJMaxx 2H DIG_FY18,Viant,"PJNSGV_TJN_TJX_028_Data_VIANT INC_DSI_SV1_DSK_DIR_DSP_TRG_RON_BTG_CTG_DVY_PHASE 1_VIANT DIRECT MATCH RETAIL, TJX PORFOLIO LOYALISTS, DISPLAY_Fixed Placement_Behavioral_F25-54_728 x 90_Standard_NV_NA",204478511,9/28/2017,5,1,4,0,4,0,4,4,0,0,0,4
TJN_TJX_TJMaxx 2H DIG_FY18,Viant,PJPXKR_TJN_TJX_028_Data_VIANT INC_DSI_SV1_DSK_DIR_DSP_TRG_RON_BTG_CTG_DVY_PHASE 1_DESKTOP DISPLAY VIANT IMP TARGETING - STRATEGIC SAVERS AV_Fixed Placement_Demo_F25-54_300 x 250_Standard_NV_NA,204475841,9/19/2017,671,249,422,0,422,30,392,236,156,30,18,254
TJN_TJX_TJMaxx 2H DIG_FY18,xAd Inc.,PJPXJX_TJN_TJX_028_Mobile_GROUND TRUTH FKA XAD_DST_SV1_MAP_DIR_DSP_TRG_RON_BTG_BTG_DVY_PHASE 1_BEHAVIORAL AUDIENCE STRATEGIC SAVERS PLACEMENT - STANDARD BANNER - TJMaxx_Run of Network_Behavioral_F25-54_320 x 50_Click and View_NV_NA,204447848,9/11/2017,20906,152,20754,3469,17285,451,16834,14866,1968,3920,3462,18328
TJN_MAR_023_Marshalls 2H Digital_F18,NinthDecimal,PJPSRW_TJN_MAR_023_Mobile_NINTHDECIMAL_DST_SV1_MAP_DIR_RCH_TRG_RON_BTG_PXT_DVY_LOCATION GRAPH: TJX FAMILY LOYALISTS_Run of Network_Behavioral_F25-54_320 x 50_Click and View_NV_NA,204541739,9/12/2017,47234,1321,45913,16603,29310,98,29212,28359,853,16701,16213,44572
TJN_MAR_023_Marshalls 2H Digital_F18,NinthDecimal,"PJPSS1_TJN_MAR_023_Mobile_NINTHDECIMAL_DST_SV1_MAP_DIR_RCH_TRG_RON_BTG_DMA_DVY_TV TARGETING: PEOPLE WHO WATCH BRAVO, TLC, HGTV, A&E, LIFETIME, DISCOVERY_Run of Network_Behavioral_F25-54_320 x 50_Click and View_NV_NA",204541508,9/11/2017,7655,101,7554,1421,6133,56,6077,5900,177,1477,1434,7334
TJN_TJX_TJMaxx 2H DIG_FY18,xAd Inc.,PJMTNQ_TJN_TJX_028_Mobile_GROUND TRUTH FKA XAD_DST_SV1_MAP_DIR_RCH_TRG_RON_BTG_BTG_DVY_PHASE 1_BEHAVIORAL AUDIENCE STRATEGIC SAVERS PLACEMENT - RICH MEDIA STORE LOCATOR - TJ Maxx_Run of Network_Behavioral_F25-54_320 x 50_Click and View_NV_NA,204447845,9/11/2017,14,1,13,10,3,3,0,0,0,13,11,11
TJN_TJX_TJMaxx 2H DIG_FY18,Conversant Inc.,PJPTLM_TJN_TJC_031_Audience_CONVERSANT_PUR_ROI_MAP_NET_DSP_TRG_RON_BTG_BTG_DVY_SMARTPHONE SMALL BANNER - TRENDSETTERS_Run of Site_Other_P18+_320 x 50_Standard_NV_NA,204447785,10/9/2017,24552,533,24019,1,24018,4284,19734,15382,4352,4285,3340,18722
TJN_TJX_TJMaxx 2H DIG_FY18,Foursquare,"PJPRVG_TJN_TJX_028_Audience_FOURSQUARE LABS, INC_DST_SV1_MAP_PRO_DSP_TRG_RON_PXT_BTG_DVY_PHASE 1_PINPOINT COMPETITIVE CONQUESTING AV_Run of Network_Geo_F25-54_300 x 250_Standard_NV_NA",204527412,9/29/2017,191,7,184,60,124,4,120,74,46,64,39,113
TJN_TJX_TJMaxx 2H DIG_FY18,xAd Inc.,PJMTNF_TJN_TJX_028_Mobile_GROUND TRUTH FKA XAD_DST_SV1_MAP_DIR_DSP_TRG_RON_PXT_PXT_DVY_PHASE 1_PROXIMITY LOYALTY PLACEMENT - STANDARD BANNER - Fall Handbag_Run of Network_Geo_F25-54_300 x 250_Click and View_NV_NA,204446159,9/10/2017,10930,153,10777,10689,88,12,76,21,55,10701,2957,2978
TJN_TJX_TJMaxx 2H DIG_FY18,Foursquare,"PJPRV8_TJN_TJX_028_Audience_FOURSQUARE LABS, INC_DST_SV1_MAP_PRO_DSP_TRG_RON_PXT_BTG_DVY_PHASE 1_PINPOINT TRENDSETTERS AV_Run of Network_Geo_F25-54_300 x 250_Standard_NV_NA",204527100,10/2/2017,19,0,19,4,15,0,15,13,2,4,3,16
TJN_TJX_TJMaxx 2H DIG_FY18,xAd Inc.,PJYDBQ_TJN_TJX_028_Mobile_GROUND TRUTH FKA XAD_DST_SV1_MAP_DIR_RCH_TRG_RON_BTG_BTG_DVY_PHASE 1_BEHAVIORAL AUDIENCE TRENDSETTERS PLACEMENT - RICH MEDIA STORE LOCATOR - Fall Hero_Run of Network_Behavioral_F25-54_300 x 250_Click and View_NV_NA,205145231,10/20/2017,1013,14,999,10,989,3,986,931,55,13,12,943
TJN_MAR_023_Marshalls 2H Digital_F18,NinthDecimal,PJPSRX_TJN_MAR_023_Mobile_NINTHDECIMAL_DST_SV1_MAP_DIR_RCH_TRG_RON_BTG_PXT_DVY_LOCATION GRAPH: COMPETITIVE CONQUESTING_Run of Network_Behavioral_F25-54_320 x 50_Click and View_NV_NA,204542879,9/22/2017,43274,730,42544,19015,23529,106,23423,22850,573,19121,18653,41503
TJN_TJX_TJMaxx 2H DIG_FY18,PlaceIQ,PK19Z0_TJN_TJX_028_Mobile_PLACEIQ INC_DST_SV1_MAP_DIR_RCH_TRG_RON_BTG_PTG_DVY_PHASE 1_RICH MEDIA_STRATEGIC SAVERS_APPAREL OR FURNISHINGS DISCRETIONARY SPEND+IMPULSE BUYER SHOPPERS_Run of Network_Behavioral_F25-54_320 x 50_Click and View_NV_NA,205563158,10/18/2017,30639,856,29783,9913,19870,574,19296,19003,293,10487,10328,29331
TJN_TJX_TJMaxx 2H DIG_FY18,xAd Inc.,PJYDBW_TJN_TJX_028_Mobile_GROUND TRUTH FKA XAD_DST_SV1_MAP_DIR_RCH_TRG_RON_BTG_BTG_DVY_PHASE 1_BEHAVIORAL AUDIENCE STRATEGIC SAVERS PLACEMENT - RICH MEDIA STORE LOCATOR - Fall Hero_Run of Network_Behavioral_F25-54_300 x 250_Click and View_NV_NA,205207030,9/22/2017,5295,91,5204,1455,3749,117,3632,1527,2105,1572,660,2187
TJN_TJX_TJMaxx 2H DIG_FY18,Viant,"PJNSGP_TJN_TJX_028_Data_VIANT INC_DSI_SV1_MWB_DIR_DSP_TRG_RON_BTG_CTG_DVY_PHASE 1_VIANT DIRECT MATCH RETAIL, TJX PORFOLIO LOYALISTS, DISPLAY_Fixed Placement_Behavioral_F25-54_300 x 50_Standard_NV_NA",204525579,10/19/2017,59,1,58,0,58,2,56,44,12,2,2,46
TJN_TJX_TJMaxx 2H DIG_FY18,xAd Inc.,PJMTN4_TJN_TJX_028_Mobile_GROUND TRUTH FKA XAD_DST_SV1_MAP_DIR_RCH_TRG_RON_BTG_BTG_DVY_PHASE 1_BEHAVIORAL AUDIENCE TRENDSETTERS PLACEMENT - RICH MEDIA STORE LOCATOR - Fall Handbag_Run of Network_Behavioral_F25-54_300 x 250_Click and View_NV_NA,204447281,10/11/2017,3343,53,3290,68,3222,7,3215,3077,138,75,72,3149
TJN_MAR_023_Marshalls 2H Digital_F18,xAd Inc.,PJQ0YD_TJN_MAR_023_Mobile_GROUND TRUTH FKA XAD_DST_SV1_MAP_DIR_RCH_TRG_RON_WEA_PXT_DVY_PROXIMITY CONQUESTING - WEATHER LOCATOR UNIT_Run of Network_Weather_F25-54_320 x 50_Click and View_NV_NA,204541553,9/24/2017,16151,280,15871,5727,10144,157,9987,9403,584,5884,5540,14943
TJN_TJX_TJMaxx 2H DIG_FY18,Viant,PJPXKS_TJN_TJX_028_Data_VIANT INC_DSI_SV1_DSK_DIR_DSP_TRG_RON_BTG_CTG_DVY_PHASE 1_DESKTOP DISPLAY VIANT IMP TARGETING - STRATEGIC SAVERS AV_Fixed Placement_Demo_F25-54_160 x 600_Standard_NV_NA,204477475,10/16/2017,1174,54,1120,1,1119,106,1013,228,785,107,24,252
TJN_TJX_TJMaxx 2H DIG_FY18,Hulu,PK3F7L_TJN_TJX_027_Content_HULU_BAF_BS2_CTV_DIR_CUS_SPN_CHS_CTG_CTG_DVY_HULU ROS: PREMIUM SLATE - CONNECTED TV_FEP_Contextual_F25-54_1920 x 1080_Standard_NV_NA,205685923,10/2/2017,4,0,4,4,0,0,0,0,0,4,3,3
TJN_TJX_TJMaxx 2H DIG_FY18,Viant,"PJNSHG_TJN_TJX_028_Data_VIANT INC_DSI_SV1_DSK_DIR_DSP_TRG_RON_BTG_CTG_DVY_PHASE 1_VIANT DIRECT MATCH RETAIL, COMPETITIVE CONQUESTING, DISPLAY_Fixed Placement_Behavioral_F25-54_728 x 90_Standard_NV_NA",204478490,10/16/2017,16401,872,15529,1,15528,1183,14345,8279,6066,1184,683,8962
TJN_TJX_TJMaxx 2H DIG_FY18,Foursquare,"PJPSSV_TJN_TJX_028_Audience_FOURSQUARE LABS, INC_DST_SV1_MAP_PRO_RCH_TRG_RON_PXT_BTG_DVY_PHASE 1_MOBILE RICH MEDIA STRATEGIC SAVERS - Fall Handbag_Run of Network_Geo_F25-54_300 x 250_Standard_NV_NA",204525360,9/21/2017,5932,323,5609,1353,4256,293,3963,907,3056,1646,377,1284
TJN_TJX_TJMaxx 2H DIG_FY18,Foursquare,"PJPRV8_TJN_TJX_028_Audience_FOURSQUARE LABS, INC_DST_SV1_MAP_PRO_DSP_TRG_RON_PXT_BTG_DVY_PHASE 1_PINPOINT TRENDSETTERS AV_Run of Network_Geo_F25-54_300 x 250_Standard_NV_NA",204527100,9/23/2017,192,24,168,45,123,13,110,46,64,58,24,70
TJN_TJX_TJMaxx 2H DIG_FY18,Viant,"PK2V4V_TJN_TJX_028_Data_VIANT INC_DSI_SV1_TWB_DIR_RCH_TRG_INT_BTG_CTG_DVY_PHASE 1_VIANT IMP, W25-54 STRATEGIC SAVERS, CONTOBOX - Fall Homes_Fixed Placement_Behavioral_F25-54_728 x 90_Click and View_NV_NA",205725966,10/18/2017,84,3,81,2,79,6,73,14,59,8,2,16
TJN_TJX_TJMaxx 2H DIG_FY18,Viant,"PJNSGW_TJN_TJX_028_Data_VIANT INC_DSI_SV1_DSK_DIR_DSP_TRG_RON_BTG_CTG_DVY_PHASE 1_VIANT DIRECT MATCH RETAIL, TJX PORFOLIO LOYALISTS, DISPLAY_Fixed Placement_Behavioral_F25-54_300 x 250_Standard_NV_NA",204478514,10/17/2017,9087,518,8569,0,8569,372,8197,5774,2423,372,262,6036
TJN_MAR_023_Marshalls 2H Digital_F18,Bustle,PKG3Z8_TJN_MAR_023_Content_BUSTLE_Custom Content Roadblock Custom Shot Feature 2 - Panoramic_Roadblock_Contextual_F25-54_1 x 1_Click and View_NV_NA,206711606,10/20/2017,11388,142,11246,1,11245,10307,938,837,101,10308,9198,10035
TJN_TJX_TJMaxx 2H DIG_FY18,Foursquare,"PJMQ2K_TJN_TJX_028_Audience_FOURSQUARE LABS, INC_DST_SV1_MAP_PRO_DSP_TRG_RON_PXT_BTG_DVY_PHASE 1_PINPOINT STRATEGIC SAVERS_Run of Network_Geo_F25-54_320 x 50_Standard_NV_NA",204483454,10/20/2017,110703,1956,108747,77528,31219,909,30310,28022,2288,78437,72516,100538
TJN_MAR_023_Marshalls 2H Digital_F18,xAd Inc.,PJQ0YS_TJN_MAR_023_Mobile_GROUND TRUTH FKA XAD_DST_SV1_MAP_DIR_DSP_TRG_RON_DMA_BTG_DVY_AV DMA TARGETING_Run of Network_Geo_F25-54_300 x 250_Click and View_NV_NA,204558337,9/19/2017,48746,1011,47735,9983,37752,4845,32907,24611,8296,14828,10023,34634
TJN_TJX_TJMaxx 2H DIG_FY18,xAd Inc.,PKF8V1_TJN_TJX_028_Mobile_GROUND TRUTH FKA XAD_DST_SV1_MAP_DIR_RCH_TRG_RON_PXT_PXT_DVY_PHASE 1_PROXIMITY LOYALTY PLACEMENT - RICH MEDIA STORE LOCATOR - Sweaters_Run of Network_Geo_F25-54_300 x 250_Click and View_NV_NA,206834118,10/16/2017,3194,76,3118,70,3048,12,3036,2916,120,82,79,2995
TJN_TJX_TJMaxx 2H DIG_FY18,Viant,"PKGJX4_TJN_TJX_028_Data_VIANT INC_DSI_SV1_DSK_DIR_RCH_TRG_INT_BTG_CTG_DVY_PHASE 1_VIANT IMP, W25-54 STRATEGIC SAVERS, CONTOBOX - Dresses_Fixed Placement_Behavioral_F25-54_300 x 250_Click and View_NV_NA",206772425,10/21/2017,5,0,5,1,4,0,4,1,3,1,0,1
TJN_TJX_TJMaxx 2H DIG_FY18,Foursquare,"PK0H84_TJN_TJX_028_Audience_FOURSQUARE LABS, INC_DST_SV1_MAP_PRO_RCH_TRG_RON_PXT_BTG_DVY_PHASE 1_MOBILE RICH MEDIA COMPETITIVE CONQUESTING - Find A Store_Run of Network_Geo_F25-54_320 x 50_Standard_NV_NA",205427847,9/24/2017,81317,1771,79546,59987,19559,1846,17713,13150,4563,61833,45904,59054
TJN_TJX_TJMaxx 2H DIG_FY18,xAd Inc.,PJPXK2_TJN_TJX_028_Mobile_GROUND TRUTH FKA XAD_DST_SV1_MAP_DIR_DSP_TRG_RON_PXT_PXT_DVY_PHASE 1_PROXIMITY LOYALTY PLACEMENT - STANDARD BANNER - Fall Hero_Run of Network_Geo_F25-54_300 x 250_Click and View_NV_NA,204442945,9/30/2017,15522,394,15128,15031,97,7,90,47,43,15038,7853,7900
TJN_TJX_TJMaxx 2H DIG_FY18,Conversant Inc.,PJNPLV_TJN_TJX_028_Audience_CONVERSANT_DST_SV1_DSK_NET_DSP_TRG_RON_BTG_BTG_DVY_PHASE 1_ DESKTOP LEADERBOARD - CJ CONVERTERS LAL MODELING_Run of Site_Behavioral_P18+_728 x 90_Standard_NV_NA,204483933,10/11/2017,45763,3222,42541,13,42528,4345,38183,17565,20618,4358,2005,19570
TJN_TJX_TJMaxx 2H DIG_FY18,Conversant Inc.,PJPTLH_TJN_TJC_031_Audience_CONVERSANT_PUR_ROI_TAP_NET_DSP_TRG_RON_BTG_BTG_DVY_TABLET LEADERBOARD- TRENDSETTERS_Run of Site_Other_P18+_728 x 90_Standard_NV_NA,204447779,10/20/2017,106,2,104,0,104,24,80,27,53,24,8,35
TJN_TJX_TJMaxx 2H DIG_FY18,Viant,"PKGK55_TJN_TJX_028_Data_VIANT INC_DSI_SV1_DSK_DIR_CUS_TRG_NAT_BTG_CTG_DVY_PHASE 1_VIANT LIFESTYLE, TRENDSETTERS NATIVE- Dresses_Fixed Placement_Contextual_F25-54_0 x 0_Click and View_NV_NA",206833278,10/17/2017,10004,567,9437,9437,0,0,0,0,0,9437,6304,6304
TJN_TJX_TJMaxx 2H DIG_FY18,Viant,"PK2V4X_TJN_TJX_028_Data_VIANT INC_DSI_SV1_DSK_DIR_RCH_TRG_INT_BTG_CTG_DVY_PHASE 1_VIANT IMP, W25-54 STRATEGIC SAVERS, CONTOBOX - Fall Homes_Fixed Placement_Behavioral_F25-54_300 x 250_Click and View_NV_NA",205688458,9/25/2017,6053,108,5945,5,5940,666,5274,1046,4228,671,133,1179
TJN_TJX_TJMaxx 2H DIG_FY18,Viant,"PJNSGS_TJN_TJX_028_Data_VIANT INC_DSI_SV1_MWB_DIR_DSP_TRG_RON_BTG_CTG_DVY_PHASE 1_VIANT DIRECT MATCH RETAIL, TJX PORFOLIO LOYALISTS, DISPLAY_Fixed Placement_Behavioral_F25-54_320 x 50_Standard_NV_NA",204524922,10/11/2017,6,1,5,0,5,0,5,5,0,0,0,5
TJN_TJX_TJMaxx 2H DIG_FY18,Viant,"PJNSGN_TJN_TJX_028_Data_VIANT INC_DSI_SV1_TWB_DIR_DSP_TRG_RON_BTG_CTG_DVY_PHASE 1_VIANT DIRECT MATCH RETAIL, TJX PORFOLIO LOYALISTS, DISPLAY_Fixed Placement_Behavioral_F25-54_300 x 250_Standard_NV_NA",204526347,9/9/2017,423,26,397,0,397,33,364,208,156,33,19,227
TJN_TJX_TJMaxx 2H DIG_FY18,xAd Inc.,PJPXJS_TJN_TJX_028_Mobile_GROUND TRUTH FKA XAD_DST_SV1_MAP_DIR_DSP_TRG_RON_RTG_RTG_DVY_PHASE 1_LOCATION AUDIENCE COMPETITIVE CONQUESTING PLACEMENT - STANDARD BANNER - Fall Hero_Run of Network_Retarget_F25-54_300 x 250_Click and View_NV_NA,204446153,9/14/2017,12433,333,12100,12091,9,0,9,4,5,12091,5374,5378
TJN_TJX_TJMaxx 2H DIG_FY18,NBC Universal Media,PK2KJZ_TJN_TJX_028_Content_NBCUNI.COM_BAF_BS2_MAP_DIR_VID_SPN_ROS_BTG_CTG_MOA_THIS IS US SPONSORSHIP: MOBILE - VIGNETTE 3_Run of Site_Behavioral_F25-54_1920 x 1080_Click and View_NV_NA,205568891,10/15/2017,12982,102,12880,12880,0,0,0,0,0,12880,8508,8508
TJN_TJX_TJMaxx 2H DIG_FY18,Foursquare,"PJPST0_TJN_TJX_028_Audience_FOURSQUARE LABS, INC_DST_SV1_MAP_PRO_RCH_TRG_RON_PXT_BTG_DVY_PHASE 1_MOBILE RICH MEDIA COMPETITIVE CONQUESTING - Find A TJ Maxx Store_Run of Network_Geo_F25-54_320 x 50_Standard_NV_NA",204525348,9/24/2017,84947,1679,83268,65561,17707,1590,16117,12066,4051,67151,50273,62339
TJN_MAR_023_Marshalls 2H Digital_F18,NinthDecimal,PJPSRR_TJN_MAR_023_Mobile_NINTHDECIMAL_DST_SV1_MAP_DIR_RCH_TRG_RON_PXT_DMA_DVY_GEOFENCE: 2-MILE RADIUS AROUND URBAN STORES_Run of Network_Geo_F25-54_320 x 50_Click and View_NV_NA,204541523,9/22/2017,257450,11310,246140,117333,128807,778,128029,124618,3411,118111,114964,239582
TJN_TJX_TJMaxx 2H DIG_FY18,Conversant Inc.,PJPTLQ_TJN_TJC_031_Audience_CONVERSANT_PUR_ROI_DSK_NET_DSP_TRG_RON_BTG_BTG_DVY_DESKTOP MEDIUM RECTANGLE- TRENDSETTERS_Run of Site_Other_P18+_300 x 250_Standard_NV_NA,204446138,10/7/2017,15856,639,15217,0,15217,2096,13121,6619,6502,2096,1057,7676
TJN_MAR_023_Marshalls 2H Digital_F18,Spotify USA Inc.,PK0HN8_TJN_MAR_023_Audience_SPOTIFY USA INC_DST_SV2_MAP_DIR_DSP_TRG_ROS_DMA_PXT_DVY_MOBILE OVERLAY 630X920_Run of Site_Geo_F25-54_630 x 920_Click and View_NV_NA,205561904,10/20/2017,5805,63,5742,5742,0,0,0,0,0,5742,5330,5330
TJN_TJX_TJMaxx 2H DIG_FY18,Foursquare,"PK0H80_TJN_TJX_028_Audience_FOURSQUARE LABS, INC_DST_SV1_MAP_PRO_RCH_TRG_RON_PXT_BTG_DVY_PHASE 1_MOBILE RICH MEDIA STRATEGIC SAVERS - Find A Store_Run of Network_Geo_F25-54_320 x 50_Standard_NV_NA",205394974,9/22/2017,54952,3089,51863,33055,18808,2979,15829,12088,3741,36034,27518,39606
TJN_TJX_TJMaxx 2H DIG_FY18,xAd Inc.,PJPXJS_TJN_TJX_028_Mobile_GROUND TRUTH FKA XAD_DST_SV1_MAP_DIR_DSP_TRG_RON_RTG_RTG_DVY_PHASE 1_LOCATION AUDIENCE COMPETITIVE CONQUESTING PLACEMENT - STANDARD BANNER - Fall Hero_Run of Network_Retarget_F25-54_300 x 250_Click and View_NV_NA,204446153,10/14/2017,7089,71,7018,7010,8,0,8,7,1,7010,6134,6141
TJN_TJX_TJMaxx 2H DIG_FY18,Foursquare,"PKFMK7_TJN_TJX_028_Audience_FOURSQUARE LABS, INC_DST_SV1_MAP_PRO_RCH_TRG_RON_PXT_BTG_DVY_PHASE 1_MOBILE RICH MEDIA COMPETITIVE CONQUESTING - Sweaters_Run of Network_Geo_F25-54_300 x 250_Standard_NV_NA",206832744,10/20/2017,22,0,22,19,3,0,3,2,1,19,13,15
TJN_TJX_TJMaxx 2H DIG_FY18,Foursquare,"PK0H82_TJN_TJX_028_Audience_FOURSQUARE LABS, INC_DST_SV1_MAP_PRO_RCH_TRG_RON_PXT_BTG_DVY_PHASE 1_MOBILE RICH MEDIA TRENDSETTERS - Find A Store_Run of Network_Geo_F25-54_320 x 50_Standard_NV_NA",205394971,10/4/2017,57177,1477,55700,40852,14848,1403,13445,9329,4116,42255,29319,38648
TJN_TJX_TJMaxx 2H DIG_FY18,NBC Universal Media,PK2KJK_TJN_TJX_028_Content_NBCUNI.COM_BAF_BS2_DSK_DIR_VID_SPN_ROS_BTG_CTG_MOA_THIS IS US SPONSORSHIP: DESKTOP - VIGNETTE 2_Run of Site_Behavioral_F25-54_1920 x 1080_Click and View_NV_NA,205568882,10/12/2017,4,0,4,4,0,0,0,0,0,4,3,3
TJN_TJX_TJMaxx 2H DIG_FY18,Viant,"PJNSHD_TJN_TJX_028_Data_VIANT INC_DSI_SV1_DSK_DIR_DSP_TRG_RON_BTG_CTG_DVY_PHASE 1_VIANT DIRECT MATCH RETAIL, COMPETITIVE CONQUESTING, DISPLAY_Fixed Placement_Behavioral_F25-54_160 x 600_Standard_NV_NA",204477281,10/17/2017,13949,1376,12573,0,12573,811,11762,8222,3540,811,567,8789
TJN_MAR_023_Marshalls 2H Digital_F18,xAd Inc.,PJQ0YQ_TJN_MAR_023_Mobile_GROUND TRUTH FKA XAD_DST_SV1_MAP_DIR_DSP_TRG_RON_PXT_BTG_DVY_GEOBLOCKS CONQUESTING - DYNAMIC DISTANCE_Run of Network_Geo_F25-54_320 x 50_Click and View_NV_NA,204595632,10/1/2017,1,0,1,1,0,0,0,0,0,1,1,1
TJN_TJX_TJMaxx 2H DIG_FY18,xAd Inc.,PJMTN8_TJN_TJX_028_Mobile_GROUND TRUTH FKA XAD_DST_SV1_MAP_DIR_DSP_TRG_RON_BTG_BTG_DVY_PHASE 1_BEHAVIORAL AUDIENCE STRATEGIC SAVERS PLACEMENT - STANDARD BANNER - Maxx You Maxx Life_Run of Network_Behavioral_F25-54_320 x 50_Click and View_NV_NA,204447851,9/15/2017,23260,220,23040,3510,19530,10045,9485,7837,1648,13555,11197,19034
TJN_TJX_TJMaxx 2H DIG_FY18,Viant,"PJSPBR_TJN_TJC_031_Data_VIANT INC_PUR_ROI_DSK_DIR_DSP_TRG_RON_BTG_MKT_DVY_DETERMINSTIC LAL OF ECOM CONVERTERS, CROSS DEVICE DISPLAY_Fixed Placement_Behavioral_F25-54_300 x 250_Click_NV_NA",204715645,10/4/2017,15858,1098,14760,0,14760,781,13979,9726,4253,781,543,10269
TJN_TJX_TJMaxx 2H DIG_FY18,Viant,"PJNSGN_TJN_TJX_028_Data_VIANT INC_DSI_SV1_TWB_DIR_DSP_TRG_RON_BTG_CTG_DVY_PHASE 1_VIANT DIRECT MATCH RETAIL, TJX PORFOLIO LOYALISTS, DISPLAY_Fixed Placement_Behavioral_F25-54_300 x 250_Standard_NV_NA",204526347,10/21/2017,94,0,94,0,94,12,82,33,49,12,5,38
TJN_MAR_023_Marshalls 2H Digital_F18,xAd Inc.,PJQ0YP_TJN_MAR_023_Mobile_GROUND TRUTH FKA XAD_DST_SV1_MAP_DIR_DSP_TRG_RON_PXT_BTG_DVY_GEOBLOCKS LOYALTY - DYNAMIC DISTANCE_Run of Network_Geo_F25-54_300 x 250_Click and View_NV_NA,204537983,10/8/2017,9768,414,9354,9311,43,2,41,10,31,9313,2271,2281
TJN_TJX_TJMaxx 2H DIG_FY18,xAd Inc.,PJMTMZ_TJN_TJX_028_Mobile_GROUND TRUTH FKA XAD_DST_SV1_MAP_DIR_DSP_TRG_RON_RTG_RTG_DVY_PHASE 1_LOCATION AUDIENCE TJX SHOPPERS PLACEMENT - STANDARD BANNER - Maxx You Maxx Life_Run of Network_Retarget_F25-54_320 x 50_Click and View_NV_NA,204484011,9/23/2017,29578,413,29165,11917,17248,7894,9354,8550,804,19811,17681,26231
TJN_TJX_TJMaxx 2H DIG_FY18,Conversant Inc.,PJPTMP_TJN_TJC_031_Audience_CONVERSANT_PUR_ROI_DSK_NET_DSP_TRG_RON_BTG_BTG_DVY_DESKTOP LEADERBOARD- COMPETITIVE CONQUESTING_Run of Site_Other_P18+_728 x 90_Standard_NV_NA,204443389,10/7/2017,14561,526,14035,0,14035,2896,11139,7587,3552,2896,1973,9560
TJN_MAR_023_Marshalls 2H Digital_F18,xAd Inc.,PJQ0YJ_TJN_MAR_023_Mobile_GROUND TRUTH FKA XAD_DST_SV1_MAP_DIR_DSP_TRG_RON_BTG_PXT_DVY_MARSHALLS SHOPPERS - DYNAMIC DISTANCE_Run of Network_Geo_F25-54_320 x 50_Click and View_NV_NA,204595911,10/16/2017,6751,67,6684,3190,3494,39,3455,2797,658,3229,2615,5412
TJN_TJX_TJMaxx 2H DIG_FY18,Viant,"PJNSGV_TJN_TJX_028_Data_VIANT INC_DSI_SV1_DSK_DIR_DSP_TRG_RON_BTG_CTG_DVY_PHASE 1_VIANT DIRECT MATCH RETAIL, TJX PORFOLIO LOYALISTS, DISPLAY_Fixed Placement_Behavioral_F25-54_728 x 90_Standard_NV_NA",204478511,10/14/2017,16257,328,15929,0,15929,387,15542,12143,3399,387,302,12445
TJN_TJX_TJMaxx 2H DIG_FY18,Foursquare,"PJPQL0_TJN_TJX_028_Audience_FOURSQUARE LABS, INC_DST_SV1_MAP_PRO_DSP_TRG_RON_PXT_BTG_DVY_PHASE 1_PINPOINT TRENDSETTERS_Run of Network_Geo_F25-54_320 x 50_Standard_NV_NA",204478094,9/9/2017,76721,3777,72944,48823,24121,1006,23115,15039,8076,49829,32420,47459
TJN_TJX_TJMaxx 2H DIG_FY18,xAd Inc.,PJPXK1_TJN_TJX_028_Mobile_GROUND TRUTH FKA XAD_DST_SV1_MAP_DIR_DSP_TRG_RON_PXT_PXT_DVY_PHASE 1_PROXIMITY LOYALTY PLACEMENT - STANDARD BANNER - TJMaxx_Run of Network_Geo_F25-54_320 x 50_Click and View_NV_NA,204483996,10/7/2017,4237,100,4137,2265,1872,237,1635,1508,127,2502,2162,3670
TJN_TJX_TJMaxx 2H DIG_FY18,Viant,"PJNSH7_TJN_TJX_028_Data_VIANT INC_DSI_SV1_MWB_DIR_DSP_TRG_RON_BTG_CTG_DVY_PHASE 1_VIANT DIRECT MATCH RETAIL, COMPETITIVE CONQUESTING, DISPLAY_Fixed Placement_Behavioral_F25-54_320 x 50_Standard_NV_NA",204477565,9/19/2017,1727,22,1705,0,1705,105,1600,1251,349,105,82,1333
TJN_TJX_TJMaxx 2H DIG_FY18,xAd Inc.,PJMTNQ_TJN_TJX_028_Mobile_GROUND TRUTH FKA XAD_DST_SV1_MAP_DIR_RCH_TRG_RON_BTG_BTG_DVY_PHASE 1_BEHAVIORAL AUDIENCE STRATEGIC SAVERS PLACEMENT - RICH MEDIA STORE LOCATOR - TJ Maxx_Run of Network_Behavioral_F25-54_320 x 50_Click and View_NV_NA,204447845,10/19/2017,9,0,9,7,2,1,1,1,0,8,8,9
TJN_TJX_TJMaxx 2H DIG_FY18,xAd Inc.,PKF462_TJN_TJX_028_Mobile_GROUND TRUTH FKA XAD_DST_SV1_MAP_DIR_DSP_TRG_RON_PXT_PXT_DVY_PHASE 1_PROXIMITY LOYALTY PLACEMENT - STANDARD BANNER - Booties_Run of Network_Geo_F25-54_300 x 250_Click and View_NV_NA,206812774,10/17/2017,3134,64,3070,3070,0,0,0,0,0,3070,2051,2051
TJN_MAR_023_Marshalls 2H Digital_F18,NinthDecimal,"PJPSS1_TJN_MAR_023_Mobile_NINTHDECIMAL_DST_SV1_MAP_DIR_RCH_TRG_RON_BTG_DMA_DVY_TV TARGETING: PEOPLE WHO WATCH BRAVO, TLC, HGTV, A&E, LIFETIME, DISCOVERY_Run of Network_Behavioral_F25-54_320 x 50_Click and View_NV_NA",204541508,10/19/2017,76658,1081,75577,15910,59667,387,59280,57001,2279,16297,15670,72671
TJN_TJX_TJMaxx 2H DIG_FY18,Viant,"PJNSH9_TJN_TJX_028_Data_VIANT INC_DSI_SV1_TWB_DIR_DSP_TRG_RON_BTG_CTG_DVY_PHASE 1_VIANT DIRECT MATCH RETAIL, COMPETITIVE CONQUESTING, DISPLAY_Fixed Placement_Behavioral_F25-54_300 x 250_Standard_NV_NA",204526701,9/15/2017,697,4,693,0,693,84,609,481,128,84,66,547
TJN_TJX_TJMaxx 2H DIG_FY18,Foursquare,"PJPQL0_TJN_TJX_028_Audience_FOURSQUARE LABS, INC_DST_SV1_MAP_PRO_DSP_TRG_RON_PXT_BTG_DVY_PHASE 1_PINPOINT TRENDSETTERS_Run of Network_Geo_F25-54_320 x 50_Standard_NV_NA",204478094,10/21/2017,87489,1225,86264,69643,16621,459,16162,15265,897,70102,66211,81476
TJN_TJX_TJMaxx 2H DIG_FY18,Viant,"PJNSH8_TJN_TJX_028_Data_VIANT INC_DSI_SV1_TWB_DIR_DSP_TRG_RON_BTG_CTG_DVY_PHASE 1_VIANT DIRECT MATCH RETAIL, COMPETITIVE CONQUESTING, DISPLAY_Fixed Placement_Behavioral_F25-54_728 x 90_Standard_NV_NA",204483019,9/23/2017,2,0,2,0,2,0,2,2,0,0,0,2
TJN_TJX_TJMaxx 2H DIG_FY18,xAd Inc.,PJMTN0_TJN_TJX_028_Mobile_GROUND TRUTH FKA XAD_DST_SV1_MAP_DIR_DSP_TRG_RON_RTG_RTG_DVY_PHASE 1_LOCATION AUDIENCE TJX SHOPPERS PLACEMENT - STANDARD BANNER - Fall Handbag_Run of Network_Retarget_F25-54_300 x 250_Click and View_NV_NA,204447842,9/23/2017,12849,241,12608,12594,14,5,9,2,7,12599,2800,2802
TJN_TJX_TJMaxx 2H DIG_FY18,Viant,"PJNSGV_TJN_TJX_028_Data_VIANT INC_DSI_SV1_DSK_DIR_DSP_TRG_RON_BTG_CTG_DVY_PHASE 1_VIANT DIRECT MATCH RETAIL, TJX PORFOLIO LOYALISTS, DISPLAY_Fixed Placement_Behavioral_F25-54_728 x 90_Standard_NV_NA",204478511,9/14/2017,288,16,272,0,272,16,256,232,24,16,15,247
TJN_TJX_TJMaxx 2H DIG_FY18,xAd Inc.,PJMTMZ_TJN_TJX_028_Mobile_GROUND TRUTH FKA XAD_DST_SV1_MAP_DIR_DSP_TRG_RON_RTG_RTG_DVY_PHASE 1_LOCATION AUDIENCE TJX SHOPPERS PLACEMENT - STANDARD BANNER - Maxx You Maxx Life_Run of Network_Retarget_F25-54_320 x 50_Click and View_NV_NA,204484011,10/2/2017,3,1,2,1,1,1,0,0,0,2,2,2
TJN_TJX_TJMaxx 2H DIG_FY18,Viant,"PK2V4T_TJN_TJX_028_Data_VIANT INC_DSI_SV1_TWB_DIR_RCH_TRG_INT_BTG_CTG_DVY_PHASE 1_VIANT IMP, W25-54 STRATEGIC SAVERS, CONTOBOX - Fall Homes_Fixed Placement_Behavioral_F25-54_160 x 600_Click and View_NV_NA",205687933,9/25/2017,249,11,238,4,234,11,223,46,177,15,3,49
TJN_TJX_TJMaxx 2H DIG_FY18,Foursquare,"PKFMJ7_TJN_TJX_028_Audience_FOURSQUARE LABS, INC_DST_SV1_MAP_PRO_RCH_TRG_RON_PXT_BTG_DVY_PHASE 1_MOBILE RICH MEDIA COMPETITIVE CONQUESTING - Find A Store V1_Run of Network_Geo_F25-54_320 x 50_Standard_NV_NA",206812597,10/16/2017,23542,574,22968,16654,6314,797,5517,3955,1562,17451,12510,16465
TJN_TJX_TJMaxx 2H DIG_FY18,Viant,"PJNSH6_TJN_TJX_028_Data_VIANT INC_DSI_SV1_TWB_DIR_DSP_TRG_RON_BTG_CTG_DVY_PHASE 1_VIANT DIRECT MATCH RETAIL, COMPETITIVE CONQUESTING, DISPLAY_Fixed Placement_Behavioral_F25-54_160 x 600_Standard_NV_NA",204483604,9/6/2017,361,176,185,0,185,92,93,91,2,92,90,181
TJN_MAR_023_Marshalls 2H Digital_F18,Bustle,PK5G43_TJN_MAR_023_Content_BUSTLE_RON - Bustle & Elite Daily - Panoramic Unit_Run of Network_Contextual_F25-54_1 x 1_Click and View_NV_NA,206309983,10/13/2017,108571,2327,106244,2299,103945,94835,9110,3319,5791,97134,35388,38707
TJN_TJX_TJMaxx 2H DIG_FY18,Foursquare,"PJPST0_TJN_TJX_028_Audience_FOURSQUARE LABS, INC_DST_SV1_MAP_PRO_RCH_TRG_RON_PXT_BTG_DVY_PHASE 1_MOBILE RICH MEDIA COMPETITIVE CONQUESTING - Find A TJ Maxx Store_Run of Network_Geo_F25-54_320 x 50_Standard_NV_NA",204525348,9/22/2017,39863,1168,38695,31646,7049,1111,5938,4823,1115,32757,26606,31429
TJN_MAR_023_Marshalls 2H Digital_F18,xAd Inc.,PJQ0YS_TJN_MAR_023_Mobile_GROUND TRUTH FKA XAD_DST_SV1_MAP_DIR_DSP_TRG_RON_DMA_BTG_DVY_AV DMA TARGETING_Run of Network_Geo_F25-54_300 x 250_Click and View_NV_NA,204558337,9/16/2017,52640,877,51763,6088,45675,29151,16524,11770,4754,35239,24881,36651
TJN_TJX_TJMaxx 2H DIG_FY18,xAd Inc.,PJMTNR_TJN_TJX_028_Mobile_GROUND TRUTH FKA XAD_DST_SV1_MAP_DIR_RCH_TRG_RON_BTG_BTG_DVY_PHASE 1_BEHAVIORAL AUDIENCE STRATEGIC SAVERS PLACEMENT - RICH MEDIA STORE LOCATOR - Fall Handbag_Run of Network_Behavioral_F25-54_300 x 250_Click and View_NV_NA,204442108,9/25/2017,7925,121,7804,3070,4734,168,4566,1539,3027,3238,1091,2630
TJN_TJX_TJMaxx 2H DIG_FY18,Viant,"PJNSHC_TJN_TJX_028_Data_VIANT INC_DSI_SV1_DSK_DIR_DSP_TRG_RON_BTG_CTG_DVY_PHASE 1_VIANT DIRECT MATCH RETAIL, COMPETITIVE CONQUESTING, DISPLAY_Fixed Placement_Behavioral_F25-54_300 x 250_Standard_NV_NA",204478655,10/18/2017,18148,1397,16751,0,16751,957,15794,8332,7462,957,505,8837
TJN_TJX_TJMaxx 2H DIG_FY18,Viant,"PK2X7F_TJN_TJX_028_Data_VIANT INC_DSI_SV1_DSK_DIR_RCH_TRG_INT_BTG_CTG_DVY_PHASE 1_VIANT IMP, W25-54 STRATEGIC SAVERS, CONTOBOX - Honeycomb_Fixed Placement_Behavioral_F25-54_728 x 90_Click and View_NV_NA",205727841,10/3/2017,11305,118,11187,5,11182,797,10385,3768,6617,802,291,4059
TJN_TJX_TJMaxx 2H DIG_FY18,xAd Inc.,PJMTMZ_TJN_TJX_028_Mobile_GROUND TRUTH FKA XAD_DST_SV1_MAP_DIR_DSP_TRG_RON_RTG_RTG_DVY_PHASE 1_LOCATION AUDIENCE TJX SHOPPERS PLACEMENT - STANDARD BANNER - Maxx You Maxx Life_Run of Network_Retarget_F25-54_320 x 50_Click and View_NV_NA,204484011,10/1/2017,3,1,2,2,0,0,0,0,0,2,2,2
TJN_MAR_023_Marshalls 2H Digital_F18,NinthDecimal,PJPSRR_TJN_MAR_023_Mobile_NINTHDECIMAL_DST_SV1_MAP_DIR_RCH_TRG_RON_PXT_DMA_DVY_GEOFENCE: 2-MILE RADIUS AROUND URBAN STORES_Run of Network_Geo_F25-54_320 x 50_Click and View_NV_NA,204541523,9/24/2017,198099,4131,193968,82589,111379,458,110921,107970,2951,83047,80838,188808
TJN_MAR_023_Marshalls 2H Digital_F18,Spotify USA Inc.,PK0HLF_TJN_MAR_023_Audience_SPOTIFY USA INC_DST_SV2_MAP_DIR_DSP_TRG_CMP_DMA_PXT_DVY_MOBILE AUDIO COMPANION BANNER 640X640_Run of Site_Geo_F25-54_640 x 640_Click and View_NV_NA,205566308,10/12/2017,154274,2101,152173,152173,0,0,0,0,0,152173,122972,122972
TJN_TJX_TJMaxx 2H DIG_FY18,Viant,"PK2X7G_TJN_TJX_028_Data_VIANT INC_DSI_SV1_DSK_DIR_RCH_TRG_INT_BTG_CTG_DVY_PHASE 1_VIANT IMP, W25-54 STRATEGIC SAVERS, CONTOBOX - Honeycomb_Fixed Placement_Behavioral_F25-54_300 x 250_Click and View_NV_NA",205688467,10/21/2017,13,3,10,6,4,0,4,4,0,6,6,10
TJN_TJX_TJMaxx 2H DIG_FY18,Foursquare,"PK0H80_TJN_TJX_028_Audience_FOURSQUARE LABS, INC_DST_SV1_MAP_PRO_RCH_TRG_RON_PXT_BTG_DVY_PHASE 1_MOBILE RICH MEDIA STRATEGIC SAVERS - Find A Store_Run of Network_Geo_F25-54_320 x 50_Standard_NV_NA",205394974,9/24/2017,62678,3305,59373,28819,30554,3271,27283,19238,8045,32090,22628,41866
TJN_TJX_TJMaxx 2H DIG_FY18,Foursquare,"PJYHWD_TJN_TJX_028_Audience_FOURSQUARE LABS, INC_DST_SV1_MAP_PRO_DSP_TRG_RON_PXT_BTG_DVY_PHASE 1_PINPOINT COMPETITIVE CONQUESTING_Run of Network_Geo_F25-54_300 x 250_Standard_NV_NA",205235284,10/16/2017,3484,71,3413,1701,1712,94,1618,877,741,1795,973,1850
TJN_TJX_TJMaxx 2H DIG_FY18,xAd Inc.,PJPXK1_TJN_TJX_028_Mobile_GROUND TRUTH FKA XAD_DST_SV1_MAP_DIR_DSP_TRG_RON_PXT_PXT_DVY_PHASE 1_PROXIMITY LOYALTY PLACEMENT - STANDARD BANNER - TJMaxx_Run of Network_Geo_F25-54_320 x 50_Click and View_NV_NA,204483996,9/8/2017,51552,869,50683,14789,35894,19984,15910,10855,5055,34773,24133,34988
TJN_MAR_023_Marshalls 2H Digital_F18,xAd Inc.,PJQ0YC_TJN_MAR_023_Mobile_GROUND TRUTH FKA XAD_DST_SV1_MAP_DIR_DSP_TRG_RON_PXT_BTG_DVY_PROXIMITY CONQUESTING - DYNAMIC DISTANCE_Run of Network_Geo_F25-54_300 x 250_Click and View_NV_NA,204595923,9/30/2017,8931,662,8269,8269,0,0,0,0,0,8269,5575,5575
TJN_TJX_TJMaxx 2H DIG_FY18,xAd Inc.,PKF5L5_TJN_TJX_028_Mobile_GROUND TRUTH FKA XAD_DST_SV1_MAP_DIR_DSP_TRG_RON_RTG_RTG_DVY_PHASE 1_LOCATION AUDIENCE TJX SHOPPERS PLACEMENT - STANDARD BANNER - Sweaters_Run of Network_Retarget_F25-54_300 x 250_Click and View_NV_NA,206833599,10/18/2017,2128,33,2095,2095,0,0,0,0,0,2095,2095,2095
TJN_TJX_TJMaxx 2H DIG_FY18,Conversant Inc.,PJPWBV_TJN_TJX_028_Audience_CONVERSANT_DST_SV1_DSK_NET_DSP_TRG_RON_BTG_BTG_DVY_PHASE 1_ DESKTOP MEDIUM RECTANGLE - CJ INTERACTORS LAL MODELING_Run of Site_Behavioral_P18+_300 x 250_Standard_NV_NA,204447743,10/20/2017,102918,5951,96967,33,96934,10412,86522,37816,48706,10445,4565,42381
TJN_TJX_TJMaxx 2H DIG_FY18,Conversant Inc.,PJPWBY_TJN_TJX_028_Audience_CONVERSANT_DST_SV1_MAP_NET_DSP_TRG_RON_BTG_BTG_DVY_PHASE 1_ SMARTPHONE SMALL BANNER  - CJ INTERACTORS LAL MODELING_Run of Site_Behavioral_P18+_320 x 50_Standard_NV_NA,204442030,10/4/2017,5432,62,5370,8,5362,1203,4159,2284,1875,1211,665,2949
TJN_TJX_TJMaxx 2H DIG_FY18,Viant,"PK2V4S_TJN_TJX_028_Data_VIANT INC_DSI_SV1_TWB_DIR_RCH_TRG_INT_BTG_CTG_DVY_PHASE 1_VIANT IMP, W25-54 STRATEGIC SAVERS, CONTOBOX - Fall Homes_Fixed Placement_Behavioral_F25-54_300 x 250_Click and View_NV_NA",205687927,10/18/2017,231,6,225,2,223,32,191,100,91,34,18,118
TJN_TJX_TJMaxx 2H DIG_FY18,Viant,"PJNSH7_TJN_TJX_028_Data_VIANT INC_DSI_SV1_MWB_DIR_DSP_TRG_RON_BTG_CTG_DVY_PHASE 1_VIANT DIRECT MATCH RETAIL, COMPETITIVE CONQUESTING, DISPLAY_Fixed Placement_Behavioral_F25-54_320 x 50_Standard_NV_NA",204477565,9/13/2017,400,5,395,0,395,27,368,291,77,27,21,312
TJN_TJX_TJMaxx 2H DIG_FY18,xAd Inc.,PJMTNF_TJN_TJX_028_Mobile_GROUND TRUTH FKA XAD_DST_SV1_MAP_DIR_DSP_TRG_RON_PXT_PXT_DVY_PHASE 1_PROXIMITY LOYALTY PLACEMENT - STANDARD BANNER - Fall Handbag_Run of Network_Geo_F25-54_300 x 250_Click and View_NV_NA,204446159,9/29/2017,15946,406,15540,15419,121,12,109,48,61,15431,6795,6843
TJN_TJX_TJMaxx 2H DIG_FY18,Conversant Inc.,PJNPMG_TJN_TJC_031_Audience_CONVERSANT_PUR_ROI_DSK_NET_DSP_TRG_RON_BTG_BTG_DVY_DESKTOP WIDE SKYSCRAPER- STRATEGIC SAVERS_Run of Site_Other_P18+_160 x 600_Standard_NV_NA,204443410,10/13/2017,15928,1382,14546,4,14542,939,13603,9903,3700,943,687,10590
TJN_TJX_TJMaxx 2H DIG_FY18,Viant,"PJNSGW_TJN_TJX_028_Data_VIANT INC_DSI_SV1_DSK_DIR_DSP_TRG_RON_BTG_CTG_DVY_PHASE 1_VIANT DIRECT MATCH RETAIL, TJX PORFOLIO LOYALISTS, DISPLAY_Fixed Placement_Behavioral_F25-54_300 x 250_Standard_NV_NA",204478514,10/5/2017,14575,759,13816,0,13816,622,13194,9832,3362,622,464,10296
TJN_TJX_TJMaxx 2H DIG_FY18,Foursquare,"PJPRVG_TJN_TJX_028_Audience_FOURSQUARE LABS, INC_DST_SV1_MAP_PRO_DSP_TRG_RON_PXT_BTG_DVY_PHASE 1_PINPOINT COMPETITIVE CONQUESTING AV_Run of Network_Geo_F25-54_300 x 250_Standard_NV_NA",204527412,9/10/2017,120,16,104,57,47,24,23,7,16,81,25,32
TJN_MAR_023_Marshalls 2H Digital_F18,xAd Inc.,PJQ0YQ_TJN_MAR_023_Mobile_GROUND TRUTH FKA XAD_DST_SV1_MAP_DIR_DSP_TRG_RON_PXT_BTG_DVY_GEOBLOCKS CONQUESTING - DYNAMIC DISTANCE_Run of Network_Geo_F25-54_320 x 50_Click and View_NV_NA,204595632,10/2/2017,6,3,3,0,3,2,1,1,0,2,2,3
TJN_TJX_TJMaxx 2H DIG_FY18,Hulu,PK3F7G_TJN_TJX_027_Content_HULU_BAF_BS2_MAP_DIR_CUS_SPN_CHS_CTG_CTG_DVY_HULU ROS: PREMIUM SLATE - MOBILE IN APP_FEP_Contextual_F25-54_1920 x 1080_Standard_NV_NA,205634552,10/21/2017,5445,35,5410,5410,0,0,0,0,0,5410,4106,4106
TJN_TJX_TJMaxx 2H DIG_FY18,Viant,PJPXKR_TJN_TJX_028_Data_VIANT INC_DSI_SV1_DSK_DIR_DSP_TRG_RON_BTG_CTG_DVY_PHASE 1_DESKTOP DISPLAY VIANT IMP TARGETING - STRATEGIC SAVERS AV_Fixed Placement_Demo_F25-54_300 x 250_Standard_NV_NA,204475841,9/16/2017,1,0,1,0,1,0,1,1,0,0,0,1
TJN_TJX_TJMaxx 2H DIG_FY18,Viant,"PJNSGS_TJN_TJX_028_Data_VIANT INC_DSI_SV1_MWB_DIR_DSP_TRG_RON_BTG_CTG_DVY_PHASE 1_VIANT DIRECT MATCH RETAIL, TJX PORFOLIO LOYALISTS, DISPLAY_Fixed Placement_Behavioral_F25-54_320 x 50_Standard_NV_NA",204524922,10/6/2017,22435,182,22253,1,22252,1054,21198,16952,4246,1055,844,17796
TJN_TJX_TJMaxx 2H DIG_FY18,Viant,"PKGJ6C_TJN_TJC_031_Data_VIANT INC_PUR_ROI_TWB_DIR_CUS_TRG_NAT_BTG_MKT_DVY_W25-54 + KEYWORD TARGETING, CROSS DEVICE NATIVE - Booties_Fixed Placement_Contextual_F25-54_0 x 0_Click_NV_NA",206833314,10/16/2017,11,6,5,5,0,0,0,0,0,5,3,3
TJN_TJX_TJMaxx 2H DIG_FY18,Viant,"PJSPBZ_TJN_TJC_031_Data_VIANT INC_PUR_ROI_TWB_DIR_DSP_TRG_RON_BTG_MKT_DVY_DETERMINSTIC LAL OF ECOM CONVERTERS, CROSS DEVICE DISPLAY_Fixed Placement_Behavioral_F25-54_160 x 600_Click_NV_NA",204716194,10/9/2017,109,2,107,0,107,19,88,9,79,19,2,11
TJN_MAR_023_Marshalls 2H Digital_F18,xAd Inc.,PJQ0YQ_TJN_MAR_023_Mobile_GROUND TRUTH FKA XAD_DST_SV1_MAP_DIR_DSP_TRG_RON_PXT_BTG_DVY_GEOBLOCKS CONQUESTING - DYNAMIC DISTANCE_Run of Network_Geo_F25-54_320 x 50_Click and View_NV_NA,204595632,9/23/2017,20023,581,19442,13621,5821,2314,3507,3203,304,15935,13835,17038
TJN_TJX_TJMaxx 2H DIG_FY18,Viant,"PJNSH7_TJN_TJX_028_Data_VIANT INC_DSI_SV1_MWB_DIR_DSP_TRG_RON_BTG_CTG_DVY_PHASE 1_VIANT DIRECT MATCH RETAIL, COMPETITIVE CONQUESTING, DISPLAY_Fixed Placement_Behavioral_F25-54_320 x 50_Standard_NV_NA",204477565,10/13/2017,21797,361,21436,11,21425,1082,20343,16311,4032,1093,876,17187
TJN_TJX_TJMaxx 2H DIG_FY18,Viant,PJPXKV_TJN_TJX_028_Data_VIANT INC_DSI_SV1_DSK_DIR_DSP_TRG_RON_BTG_CTG_DVY_PHASE 1_DESKTOP DISPLAY VIANT IMP TARGETING - STRATEGIC SAVERS AV_Fixed Placement_Demo_F25-54_728 x 90_Standard_NV_NA,204526986,9/17/2017,871,723,148,0,148,29,119,79,40,29,19,98
TJN_TJX_TJMaxx 2H DIG_FY18,NBC Universal Media,PK2KLP_TJN_TJX_028_Content_NBCUNI.COM_BAF_BS2_MAP_DIR_VID_SPN_ROS_BTG_CTG_MOA_THIS IS US SPONSORSHIP: MOBILE - VIGNETTE 4_Run of Site_Behavioral_F25-54_1920 x 1080_Click and View_NV_NA,205613680,10/20/2017,19923,123,19800,19800,0,0,0,0,0,19800,11786,11786
TJN_TJX_TJMaxx 2H DIG_FY18,Conversant Inc.,PJPWPH_TJN_TJX_028_Audience_CONVERSANT_DST_SV1_MAP_NET_DSP_TRG_RON_BTG_BTG_DVY_PHASE 1_ SMARTPHONE MEDIUM RECTANGLE  - CONVERSANT SHOPPERS AV_Run of Site_Behavioral_P18+_300 x 250_Standard_NV_NA,204442060,9/21/2017,20,0,20,0,20,11,9,3,6,11,4,7
TJN_TJX_TJMaxx 2H DIG_FY18,Conversant Inc.,PJPTMM_TJN_TJC_031_Audience_CONVERSANT_PUR_ROI_MAP_NET_DSP_TRG_RON_BTG_BTG_DVY_SMARTPHONE SMALL BANNER - COMPETITIVE CONQUESTING_Run of Site_Other_P18+_320 x 50_Standard_NV_NA,204483939,10/16/2017,27072,354,26718,8,26710,2423,24287,20435,3852,2431,2045,22480
TJN_TJX_TJMaxx 2H DIG_FY18,NBC Universal Media,PK3H7H_TJN_TJX_028_Content_NBCUNI.COM_BAF_BS2_DSK_DIR_DSP_SPN_HPT_CTG_CTG_DCM_100% SOV NBC HOMEPAGE ROADBLOCK 10/17 - 300X50 MOBILE_HP Takeover_Contextual_F25-54_300 x 50_Standard_NV_NA,205687864,10/18/2017,16063,406,15657,3,15654,1021,14633,11477,3156,1024,803,12280
TJN_TJX_TJMaxx 2H DIG_FY18,Viant,"PJSPBS_TJN_TJC_031_Data_VIANT INC_PUR_ROI_DSK_DIR_DSP_TRG_RON_BTG_MKT_DVY_DETERMINSTIC LAL OF ECOM CONVERTERS, CROSS DEVICE DISPLAY_Fixed Placement_Behavioral_F25-54_728 x 90_Click_NV_NA",204733518,10/5/2017,12867,1084,11783,0,11783,593,11190,9488,1702,593,503,9991
TJN_MAR_023_Marshalls 2H Digital_F18,NinthDecimal,PJPSRZ_TJN_MAR_023_Mobile_NINTHDECIMAL_DST_SV1_MAP_DIR_RCH_TRG_RON_BTG_DMA_DVY_CONSUMER JOURNEY: BARGAIN HUNTERS_Run of Network_Behavioral_F25-54_320 x 50_Click and View_NV_NA,204542873,10/19/2017,119208,1682,117526,34241,83285,563,82722,79398,3324,34804,33405,112803
TJN_TJX_TJMaxx 2H DIG_FY18,PlaceIQ,PK19Z0_TJN_TJX_028_Mobile_PLACEIQ INC_DST_SV1_MAP_DIR_RCH_TRG_RON_BTG_PTG_DVY_PHASE 1_RICH MEDIA_STRATEGIC SAVERS_APPAREL OR FURNISHINGS DISCRETIONARY SPEND+IMPULSE BUYER SHOPPERS_Run of Network_Behavioral_F25-54_320 x 50_Click and View_NV_NA,205563158,10/3/2017,27154,796,26358,11327,15031,562,14469,14176,293,11889,11648,25824
TJN_MAR_023_Marshalls 2H Digital_F18,NinthDecimal,PJPSRV_TJN_MAR_023_Mobile_NINTHDECIMAL_DST_SV1_MAP_DIR_RCH_TRG_RON_BTG_PXT_DVY_LOCATION GRAPH: MARSHALLS LOYALISTS_Run of Network_Behavioral_F25-54_320 x 50_Click and View_NV_NA,204555232,10/19/2017,105353,1723,103630,32803,70827,397,70430,68138,2292,33200,32120,100258
TJN_MAR_023_Marshalls 2H Digital_F18,xAd Inc.,PJQ0YC_TJN_MAR_023_Mobile_GROUND TRUTH FKA XAD_DST_SV1_MAP_DIR_DSP_TRG_RON_PXT_BTG_DVY_PROXIMITY CONQUESTING - DYNAMIC DISTANCE_Run of Network_Geo_F25-54_300 x 250_Click and View_NV_NA,204595923,9/17/2017,7920,312,7608,7603,5,0,5,0,5,7603,0,0
TJN_TJX_TJMaxx 2H DIG_FY18,Foursquare,"PK0H82_TJN_TJX_028_Audience_FOURSQUARE LABS, INC_DST_SV1_MAP_PRO_RCH_TRG_RON_PXT_BTG_DVY_PHASE 1_MOBILE RICH MEDIA TRENDSETTERS - Find A Store_Run of Network_Geo_F25-54_320 x 50_Standard_NV_NA",205394971,10/15/2017,24057,289,23768,10452,13316,837,12479,7557,4922,11289,6836,14393
TJN_TJX_TJMaxx 2H DIG_FY18,xAd Inc.,PKF8WH_TJN_TJX_028_Mobile_GROUND TRUTH FKA XAD_DST_SV1_MAP_DIR_RCH_TRG_RON_PXT_PXT_DVY_PHASE 1_PROXIMITY LOYALTY PLACEMENT - RICH MEDIA STORE LOCATOR - Find A Store V2_Run of Network_Geo_F25-54_320 x 50_Click and View_NV_NA,206834115,10/13/2017,1,0,1,0,1,0,1,1,0,0,0,1
TJN_MAR_023_Marshalls 2H Digital_F18,xAd Inc.,PJQ0YB_TJN_MAR_023_Mobile_GROUND TRUTH FKA XAD_DST_SV1_MAP_DIR_DSP_TRG_RON_PXT_BTG_DVY_PROXIMITY CONQUESTING - DYNAMIC DISTANCE_Run of Network_Geo_F25-54_320 x 50_Click and View_NV_NA,204541799,9/26/2017,39253,754,38499,30452,8047,963,7084,5073,2011,31415,19195,24268
TJN_TJX_TJMaxx 2H DIG_FY18,Conversant Inc.,PJPTLP_TJN_TJC_031_Audience_CONVERSANT_PUR_ROI_DSK_NET_DSP_TRG_RON_BTG_BTG_DVY_DESKTOP LEADERBOARD- TRENDSETTERS_Run of Site_Other_P18+_728 x 90_Standard_NV_NA,204447782,10/9/2017,13155,713,12442,0,12442,2590,9852,6327,3525,2590,1663,7990
TJN_TJX_TJMaxx 2H DIG_FY18,Foursquare,"PKFMMC_TJN_TJX_028_Audience_FOURSQUARE LABS, INC_DST_SV1_MAP_PRO_RCH_TRG_RON_PXT_BTG_DVY_PHASE 1_MOBILE RICH MEDIA STRATEGIC SAVERS - Sweaters_Run of Network_Geo_F25-54_300 x 250_Standard_NV_NA",206771960,10/17/2017,4061,52,4009,499,3510,245,3265,750,2515,744,171,921
TJN_TJX_TJMaxx 2H DIG_FY18,NBC Universal Media,PK2LFR_TJN_TJX_028_Content_NBCUNI.COM_BAF_BS2_DSK_DIR_DSP_SPN_HPT_CTG_CTG_DCM_100% SOV NBC HOMEPAGE ROADBLOCK 10/10 - 300X250 DESKTOP_HP Takeover_Contextual_F25-54_300 x 250_Standard_NV_NA,205614535,10/9/2017,3,0,3,0,3,0,3,3,0,0,0,3
TJN_TJX_TJMaxx 2H DIG_FY18,NBC Universal Media,PK2KLX_TJN_TJX_028_Content_NBCUNI.COM_BAF_BS2_OTT_DIR_VID_SPN_ROS_BTG_CTG_MOA_THIS IS US SPONSORSHIP: OTT - VIGNETTE 4_Run of Site_Behavioral_F25-54_1920 x 1080_Click and View_NV_NA,205563476,10/20/2017,86749,116,86633,86633,0,0,0,0,0,86633,51569,51569
TJN_TJX_TJMaxx 2H DIG_FY18,Viant,"PJSPBR_TJN_TJC_031_Data_VIANT INC_PUR_ROI_DSK_DIR_DSP_TRG_RON_BTG_MKT_DVY_DETERMINSTIC LAL OF ECOM CONVERTERS, CROSS DEVICE DISPLAY_Fixed Placement_Behavioral_F25-54_300 x 250_Click_NV_NA",204715645,10/15/2017,53719,1336,52383,3,52380,2818,49562,40318,9244,2821,2295,42613
TJN_TJX_TJMaxx 2H DIG_FY18,Viant,"PJNSHF_TJN_TJX_028_Data_VIANT INC_DSI_SV1_MWB_DIR_DSP_TRG_RON_BTG_CTG_DVY_PHASE 1_VIANT DIRECT MATCH RETAIL, COMPETITIVE CONQUESTING, DISPLAY_Fixed Placement_Behavioral_F25-54_300 x 250_Standard_NV_NA",204483016,10/9/2017,17,0,17,0,17,0,17,3,14,0,0,3
TJN_MAR_023_Marshalls 2H Digital_F18,xAd Inc.,PJQ0YM_TJN_MAR_023_Mobile_GROUND TRUTH FKA XAD_DST_SV1_MAP_DIR_DSP_TRG_RON_BTG_PXT_DVY_COMPETITOR SHOPPERS - DYNAMIC DISTANCE_Run of Network_Geo_F25-54_300 x 250_Click and View_NV_NA,204555259,10/20/2017,35780,927,34853,34822,31,0,31,31,0,34822,34821,34852
TJN_TJX_TJMaxx 2H DIG_FY18,xAd Inc.,PJMTMR_TJN_TJX_028_Mobile_GROUND TRUTH FKA XAD_DST_SV1_MAP_DIR_RCH_TRG_RON_PXT_PXT_DVY_PHASE 1_PROXIMITY LOYALTY PLACEMENT - RICH MEDIA STORE LOCATOR - Fall Handbag_Run of Network_Geo_F25-54_300 x 250_Click and View_NV_NA,204442093,10/1/2017,1,1,0,0,0,0,0,0,0,0,0,0
TJN_TJX_TJMaxx 2H DIG_FY18,PlaceIQ,PKFS8X_TJN_TJX_028_Mobile_PLACEIQ INC_DST_SV1_MAP_DIR_DSP_TRG_RON_BTG_PXT_DVY_PHASE 1_STANDARD BANNER_TRENDSETTERS_APPROVAL SEEKING SHOPPERS+LIVE OR WORK BY TJMAXX - Find a Store V2_Run of Network_Behavioral_F25-54_320 x 50_Click and View_NV_NA,206833452,10/21/2017,22688,619,22069,10842,11227,107,11120,11029,91,10949,10859,21888
TJN_TJX_TJMaxx 2H DIG_FY18,Conversant Inc.,PJNPMH_TJN_TJC_031_Audience_CONVERSANT_PUR_ROI_MAP_NET_DSP_TRG_RON_BTG_BTG_DVY_SMARTPHONE SMALL BANNER - STRATEGIC SAVERS_Run of Site_Other_P18+_320 x 50_Standard_NV_NA,204442066,10/5/2017,20181,369,19812,0,19812,3771,16041,8925,7116,3771,2098,11023
TJN_TJX_TJMaxx 2H DIG_FY18,NBC Universal Media,PK2LGK_TJN_TJX_028_Content_NBCUNI.COM_BAF_BS2_DSK_DIR_DSP_SPN_HPT_CTG_CTG_DCM_100% SOV NBC HOMEPAGE ROADBLOCK 10/17 - 970X66 DESKTOP_HP Takeover_Contextual_F25-54_970 x 66_Standard_NV_NA,205569500,10/16/2017,4,0,4,0,4,0,4,4,0,0,0,4
TJN_TJX_TJMaxx 2H DIG_FY18,Foursquare,"PJPRQJ_TJN_TJX_028_Audience_FOURSQUARE LABS, INC_DST_SV1_MAP_PRO_DSP_TRG_RON_PXT_BTG_DVY_PHASE 1_PINPOINT STRATEGIC SAVERS AV_Run of Network_Geo_F25-54_320 x 50_Standard_NV_NA",204525369,9/24/2017,2162,119,2043,343,1700,99,1601,1071,530,442,296,1367
TJN_TJX_TJMaxx 2H DIG_FY18,Viant,PJPXKV_TJN_TJX_028_Data_VIANT INC_DSI_SV1_DSK_DIR_DSP_TRG_RON_BTG_CTG_DVY_PHASE 1_DESKTOP DISPLAY VIANT IMP TARGETING - STRATEGIC SAVERS AV_Fixed Placement_Demo_F25-54_728 x 90_Standard_NV_NA,204526986,9/30/2017,40,11,29,0,29,7,22,6,16,7,2,8
TJN_MAR_023_Marshalls 2H Digital_F18,xAd Inc.,PJQ0YH_TJN_MAR_023_Mobile_GROUND TRUTH FKA XAD_DST_SV1_MAP_DIR_DSP_TRG_RON_BTG_DMA_DVY_BEHAVIORAL - FASHION SHOPPER - DYNAMIC DISTANCE_Run of Network_Behavioral_F25-54_300 x 250_Click and View_NV_NA,204543443,9/21/2017,12541,388,12153,12113,40,5,35,24,11,12118,8309,8333
TJN_TJX_TJMaxx 2H DIG_FY18,Foursquare,"PJPSSZ_TJN_TJX_028_Audience_FOURSQUARE LABS, INC_DST_SV1_MAP_PRO_RCH_TRG_RON_PXT_BTG_DVY_PHASE 1_MOBILE RICH MEDIA COMPETITIVE CONQUESTING - Fall Handbag_Run of Network_Geo_F25-54_300 x 250_Standard_NV_NA",204478073,9/21/2017,2710,132,2578,1059,1519,94,1425,453,972,1153,367,820
TJN_TJX_TJMaxx 2H DIG_FY18,Viant,"PK2X7H_TJN_TJX_028_Data_VIANT INC_DSI_SV1_MWB_DIR_RCH_TRG_INT_BTG_CTG_DVY_PHASE 1_VIANT IMP, W25-54 STRATEGIC SAVERS, CONTOBOX - Honeycomb_Fixed Placement_Behavioral_F25-54_320 x 50_Click and View_NV_NA",205725975,10/8/2017,6811,52,6759,6,6753,1410,5343,2788,2555,1416,739,3527
TJN_TJX_TJMaxx 2H DIG_FY18,Viant,"PK2V4V_TJN_TJX_028_Data_VIANT INC_DSI_SV1_TWB_DIR_RCH_TRG_INT_BTG_CTG_DVY_PHASE 1_VIANT IMP, W25-54 STRATEGIC SAVERS, CONTOBOX - Fall Homes_Fixed Placement_Behavioral_F25-54_728 x 90_Click and View_NV_NA",205725966,10/3/2017,14856,120,14736,15,14721,1514,13207,5087,8120,1529,589,5676
TJN_TJX_TJMaxx 2H DIG_FY18,Conversant Inc.,PJPTLK_TJN_TJC_031_Audience_CONVERSANT_PUR_ROI_DSK_NET_DSP_TRG_RON_BTG_BTG_DVY_DESKTOP RECTANGLE- TRENDSETTERS_Run of Site_Other_P18+_300 x 600_Standard_NV_NA,204483963,10/9/2017,3782,179,3603,0,3603,926,2677,630,2047,926,218,848
TJN_TJX_TJMaxx 2H DIG_FY18,Viant,"PJSPCG_TJN_TJC_031_Data_VIANT INC_PUR_ROI_DSK_DIR_DSP_TRG_RON_BTG_MKT_DVY_W25-54 + ONLINE SHOPPERS, CROSS DEVICE DISPLAY_Fixed Placement_Behavioral_F25-54_300 x 50_Click_NV_NA",204716182,10/18/2017,40,2,38,0,38,7,31,25,6,7,6,31
TJN_TJX_TJMaxx 2H DIG_FY18,Viant,"PK2V4Z_TJN_TJX_028_Data_VIANT INC_DSI_SV1_MWB_DIR_RCH_TRG_INT_BTG_CTG_DVY_PHASE 1_VIANT IMP, W25-54 STRATEGIC SAVERS, CONTOBOX - Fall Homes_Fixed Placement_Behavioral_F25-54_300 x 250_Click and View_NV_NA",205726911,10/5/2017,882,8,874,3,871,76,795,199,596,79,20,219
TJN_TJX_TJMaxx 2H DIG_FY18,Hulu,PK3CXJ_TJN_TJX_027_Content_HULU_BAF_BS2_MAP_DIR_CUS_SPN_CHS_CTG_CTG_DVY_FALL TV SPONSORSHIP: PREMIUM SLATE - MOBILE IN APP_FEP_Contextual_F25-54_1920 x 1080_Standard_NV_NA,205683919,10/19/2017,9,0,9,9,0,0,0,0,0,9,7,7
TJN_TJX_TJMaxx 2H DIG_FY18,xAd Inc.,PJMTMR_TJN_TJX_028_Mobile_GROUND TRUTH FKA XAD_DST_SV1_MAP_DIR_RCH_TRG_RON_PXT_PXT_DVY_PHASE 1_PROXIMITY LOYALTY PLACEMENT - RICH MEDIA STORE LOCATOR - Fall Handbag_Run of Network_Geo_F25-54_300 x 250_Click and View_NV_NA,204442093,9/23/2017,34961,714,34247,15257,18990,243,18747,17737,1010,15500,14665,32402
TJN_TJX_TJMaxx 2H DIG_FY18,Viant,"PJNSGP_TJN_TJX_028_Data_VIANT INC_DSI_SV1_MWB_DIR_DSP_TRG_RON_BTG_CTG_DVY_PHASE 1_VIANT DIRECT MATCH RETAIL, TJX PORFOLIO LOYALISTS, DISPLAY_Fixed Placement_Behavioral_F25-54_300 x 50_Standard_NV_NA",204525579,9/20/2017,4313,16,4297,0,4297,1352,2945,2159,786,1352,991,3150
TJN_TJX_TJMaxx 2H DIG_FY18,Conversant Inc.,PJPWC1_TJN_TJX_028_Audience_CONVERSANT_DST_SV1_MAP_NET_DSP_TRG_RON_BTG_BTG_DVY_PHASE 1_ SMARTPHONE MEDIUM RECTANGLE  - CJ INTERACTORS LAL MODELING_Run of Site_Behavioral_P18+_300 x 250_Standard_NV_NA,204483942,10/2/2017,843,8,835,0,835,321,514,133,381,321,83,216
TJN_TJX_TJMaxx 2H DIG_FY18,Foursquare,"PKFMKF_TJN_TJX_028_Audience_FOURSQUARE LABS, INC_DST_SV1_MAP_PRO_RCH_TRG_RON_PXT_BTG_DVY_PHASE 1_MOBILE RICH MEDIA TRENDSETTERS - Find A Store V1_Run of Network_Geo_F25-54_320 x 50_Standard_NV_NA",206833551,10/17/2017,16582,260,16322,6930,9392,578,8814,5464,3350,7508,4654,10118
TJN_TJX_TJMaxx 2H DIG_FY18,Conversant Inc.,PJPWBY_TJN_TJX_028_Audience_CONVERSANT_DST_SV1_MAP_NET_DSP_TRG_RON_BTG_BTG_DVY_PHASE 1_ SMARTPHONE SMALL BANNER  - CJ INTERACTORS LAL MODELING_Run of Site_Behavioral_P18+_320 x 50_Standard_NV_NA,204442030,10/15/2017,91479,1196,90283,279,90004,11751,78253,46507,31746,12030,7150,53657
TJN_TJX_TJMaxx 2H DIG_FY18,xAd Inc.,PJMTMR_TJN_TJX_028_Mobile_GROUND TRUTH FKA XAD_DST_SV1_MAP_DIR_RCH_TRG_RON_PXT_PXT_DVY_PHASE 1_PROXIMITY LOYALTY PLACEMENT - RICH MEDIA STORE LOCATOR - Fall Handbag_Run of Network_Geo_F25-54_300 x 250_Click and View_NV_NA,204442093,10/2/2017,2,0,2,2,0,0,0,0,0,2,2,2
TJN_TJX_TJMaxx 2H DIG_FY18,Viant,"PJNSGT_TJN_TJX_028_Data_VIANT INC_DSI_SV1_DSK_DIR_DSP_TRG_RON_BTG_CTG_DVY_PHASE 1_VIANT DIRECT MATCH RETAIL, TJX PORFOLIO LOYALISTS, DISPLAY_Fixed Placement_Behavioral_F25-54_160 x 600_Standard_NV_NA",204483025,9/18/2017,6977,367,6610,0,6610,395,6215,3165,3050,395,201,3366
TJN_TJX_TJMaxx 2H DIG_FY18,Foursquare,"PJPSSW_TJN_TJX_028_Audience_FOURSQUARE LABS, INC_DST_SV1_MAP_PRO_RCH_TRG_RON_PXT_BTG_DVY_PHASE 1_MOBILE RICH MEDIA STRATEGIC SAVERS - Find A TJ Maxx Store_Run of Network_Geo_F25-54_320 x 50_Standard_NV_NA",204525357,10/5/2017,23942,968,22974,11859,11115,1361,9754,6512,3242,13220,8826,15338
TJN_TJX_TJMaxx 2H DIG_FY18,PlaceIQ,PKFS2Q_TJN_TJX_028_Mobile_PLACEIQ INC_DST_SV1_MAP_DIR_DSP_TRG_RON_BTG_PTG_DVY_PHASE 1_STANDARD BANNER_TRENDSETTERS_ONLINE SHOPPER+TJMAXX SHOPPERS - Booties_Run of Network_Behavioral_F25-54_300 x 250_Click and View_NV_NA,206772380,10/20/2017,209,37,172,104,68,5,63,60,3,109,104,164
TJN_TJX_TJMaxx 2H DIG_FY18,NBC Universal Media,PK2KL1_TJN_TJX_028_Content_NBCUNI.COM_BAF_BS2_OTT_DIR_VID_SPN_ROS_BTG_CTG_MOA_THIS IS US SPONSORSHIP: OTT - VIGNETTE 3_Run of Site_Behavioral_F25-54_1920 x 1080_Click and View_NV_NA,205614505,10/15/2017,107423,133,107290,107290,0,0,0,0,0,107290,70869,70869
TJN_TJX_TJMaxx 2H DIG_FY18,Conversant Inc.,PJNPLX_TJN_TJX_028_Audience_CONVERSANT_DST_SV1_DSK_NET_DSP_TRG_RON_BTG_BTG_DVY_PHASE 1_ DESKTOP RECTANGLE - CJ CONVERTERS LAL MODELING_Run of Site_Behavioral_P18+_300 x 600_Standard_NV_NA,204442894,10/10/2017,6676,622,6054,5,6049,817,5232,1681,3551,822,264,1945
TJN_TJX_TJMaxx 2H DIG_FY18,Foursquare,"PJPRQH_TJN_TJX_028_Audience_FOURSQUARE LABS, INC_DST_SV1_MAP_PRO_DSP_TRG_RON_PXT_BTG_DVY_PHASE 1_PINPOINT STRATEGIC SAVERS AV_Run of Network_Geo_F25-54_300 x 250_Standard_NV_NA",204481807,10/20/2017,54,1,53,23,30,1,29,22,7,24,18,40
TJN_TJX_TJMaxx 2H DIG_FY18,xAd Inc.,PJMTNC_TJN_TJX_028_Mobile_GROUND TRUTH FKA XAD_DST_SV1_MAP_DIR_DSP_TRG_RON_BTG_BTG_DVY_PHASE 1_BEHAVIORAL AUDIENCE TRENDSETTERS PLACEMENT - STANDARD BANNER - Maxx You Maxx Life_Run of Network_Behavioral_F25-54_320 x 50_Click and View_NV_NA,204447830,9/15/2017,23517,208,23309,4825,18484,9623,8861,7312,1549,14448,11891,19203
TJN_TJX_TJMaxx 2H DIG_FY18,Conversant Inc.,PJNPMD_TJN_TJC_031_Audience_CONVERSANT_PUR_ROI_TAP_NET_DSP_TRG_RON_BTG_BTG_DVY_TABLET MEDIUM RECTANGLE - STRATEGIC SAVERS_Run of Site_Other_P18+_300 x 250_Standard_NV_NA,204483960,10/17/2017,267,3,264,0,264,35,229,150,79,35,23,173
TJN_TJX_TJMaxx 2H DIG_FY18,xAd Inc.,PJPXK0_TJN_TJX_028_Mobile_GROUND TRUTH FKA XAD_DST_SV1_MAP_DIR_DSP_TRG_RON_BTG_BTG_DVY_PHASE 1_BEHAVIORAL AUDIENCE TRENDSETTERS PLACEMENT - STANDARD BANNER - TJMaxx_Run of Network_Behavioral_F25-54_320 x 50_Click and View_NV_NA,204483993,9/15/2017,21885,236,21649,3818,17831,9330,8501,6808,1693,13148,10492,17300
TJN_TJX_TJMaxx 2H DIG_FY18,Foursquare,"PJPRQJ_TJN_TJX_028_Audience_FOURSQUARE LABS, INC_DST_SV1_MAP_PRO_DSP_TRG_RON_PXT_BTG_DVY_PHASE 1_PINPOINT STRATEGIC SAVERS AV_Run of Network_Geo_F25-54_320 x 50_Standard_NV_NA",204525369,9/22/2017,2075,337,1738,701,1037,41,996,791,205,742,589,1380
TJN_TJX_TJMaxx 2H DIG_FY18,Conversant Inc.,PJNPMF_TJN_TJC_031_Audience_CONVERSANT_PUR_ROI_DSK_NET_DSP_TRG_RON_BTG_BTG_DVY_DESKTOP RECTANGLE- STRATEGIC SAVERS_Run of Site_Other_P18+_300 x 600_Standard_NV_NA,204442069,10/12/2017,6888,387,6501,0,6501,1231,5270,1760,3510,1231,411,2171
TJN_TJX_TJMaxx 2H DIG_FY18,Viant,"PK2X7B_TJN_TJX_028_Data_VIANT INC_DSI_SV1_TWB_DIR_RCH_TRG_INT_BTG_CTG_DVY_PHASE 1_VIANT IMP, W25-54 STRATEGIC SAVERS, CONTOBOX - Honeycomb_Fixed Placement_Behavioral_F25-54_300 x 250_Click and View_NV_NA",205687939,10/10/2017,630,16,614,8,606,124,482,276,206,132,76,352
TJN_TJX_TJMaxx 2H DIG_FY18,Viant,"PJSPBS_TJN_TJC_031_Data_VIANT INC_PUR_ROI_DSK_DIR_DSP_TRG_RON_BTG_MKT_DVY_DETERMINSTIC LAL OF ECOM CONVERTERS, CROSS DEVICE DISPLAY_Fixed Placement_Behavioral_F25-54_728 x 90_Click_NV_NA",204733518,10/17/2017,19095,780,18315,0,18315,964,17351,13115,4236,964,729,13844
TJN_TJX_TJMaxx 2H DIG_FY18,xAd Inc.,PJMTNB_TJN_TJX_028_Mobile_GROUND TRUTH FKA XAD_DST_SV1_MAP_DIR_DSP_TRG_RON_BTG_BTG_DVY_PHASE 1_BEHAVIORAL AUDIENCE TRENDSETTERS PLACEMENT - STANDARD BANNER - Fall Handbag_Run of Network_Behavioral_F25-54_300 x 250_Click and View_NV_NA,204447833,10/6/2017,11376,478,10898,8526,2372,23,2349,2263,86,8549,8231,10494
TJN_TJX_TJMaxx 2H DIG_FY18,NBC Universal Media,PK2LH9_TJN_TJX_028_Content_NBCUNI.COM_BAF_BS2_DSK_DIR_DSP_SPN_HPT_CTG_CTG_DCM_100% SOV NBC THIS IS US ROADBLOCK 10/3 - 300X250 DESKTOP_HP Takeover_Contextual_F25-54_300 x 250_Standard_NV_NA,205659765,10/3/2017,52477,934,51543,1,51542,2307,49235,33098,16137,2308,1552,34650
TJN_TJX_TJMaxx 2H DIG_FY18,Viant,"PK2V4S_TJN_TJX_028_Data_VIANT INC_DSI_SV1_TWB_DIR_RCH_TRG_INT_BTG_CTG_DVY_PHASE 1_VIANT IMP, W25-54 STRATEGIC SAVERS, CONTOBOX - Fall Homes_Fixed Placement_Behavioral_F25-54_300 x 250_Click and View_NV_NA",205687927,10/3/2017,18374,158,18216,24,18192,3976,14216,10057,4159,4000,2830,12887
TJN_MAR_023_Marshalls 2H Digital_F18,xAd Inc.,PJQ0YL_TJN_MAR_023_Mobile_GROUND TRUTH FKA XAD_DST_SV1_MAP_DIR_DSP_TRG_RON_BTG_PXT_DVY_COMPETITOR SHOPPERS - DYNAMIC DISTANCE_Run of Network_Geo_F25-54_320 x 50_Click and View_NV_NA,204595638,10/10/2017,5536,13,5523,3511,2012,30,1982,1678,304,3541,2997,4675
TJN_TJX_TJMaxx 2H DIG_FY18,NBC Universal Media,PK2KJL_TJN_TJX_028_Content_NBCUNI.COM_BAF_BS2_MAP_DIR_VID_SPN_ROS_BTG_CTG_MOA_THIS IS US SPONSORSHIP: MOBILE - VIGNETTE 2_Run of Site_Behavioral_F25-54_1920 x 1080_Click and View_NV_NA,205563473,10/3/2017,3514,28,3486,3486,0,0,0,0,0,3486,2202,2202
TJN_TJX_TJMaxx 2H DIG_FY18,xAd Inc.,PKF477_TJN_TJX_028_Mobile_GROUND TRUTH FKA XAD_DST_SV1_MAP_DIR_DSP_TRG_RON_PXT_PXT_DVY_PHASE 1_PROXIMITY LOYALTY PLACEMENT - STANDARD BANNER - Find A Store V2_Run of Network_Geo_F25-54_320 x 50_Click and View_NV_NA,206772098,10/21/2017,4544,47,4497,1516,2981,29,2952,2065,887,1545,1081,3146
TJN_MAR_023_Marshalls 2H Digital_F18,Bustle,PKGB5V_TJN_MAR_023_Content_BUSTLE_Custom Content Roadblock Custom Shot Feature 3 - Panoramic_Roadblock_Contextual_F25-54_1 x 1_Click and View_NV_NA,206751418,10/19/2017,6127,69,6058,1,6057,5520,537,175,362,5521,1799,1974
TJN_TJX_TJMaxx 2H DIG_FY18,Foursquare,"PKFMLR_TJN_TJX_028_Audience_FOURSQUARE LABS, INC_DST_SV1_MAP_PRO_RCH_TRG_RON_PXT_BTG_DVY_PHASE 1_MOBILE RICH MEDIA STRATEGIC SAVERS - Find A Store V2_Run of Network_Geo_F25-54_320 x 50_Standard_NV_NA",206832741,10/17/2017,15221,238,14983,5129,9854,565,9289,5503,3786,5694,3373,8876
TJN_TJX_TJMaxx 2H DIG_FY18,Viant,"PK2X7F_TJN_TJX_028_Data_VIANT INC_DSI_SV1_DSK_DIR_RCH_TRG_INT_BTG_CTG_DVY_PHASE 1_VIANT IMP, W25-54 STRATEGIC SAVERS, CONTOBOX - Honeycomb_Fixed Placement_Behavioral_F25-54_728 x 90_Click and View_NV_NA",205727841,10/18/2017,1036,34,1002,8,994,80,914,826,88,88,80,906
TJN_MAR_023_Marshalls 2H Digital_F18,xAd Inc.,PJQ0YB_TJN_MAR_023_Mobile_GROUND TRUTH FKA XAD_DST_SV1_MAP_DIR_DSP_TRG_RON_PXT_BTG_DVY_PROXIMITY CONQUESTING - DYNAMIC DISTANCE_Run of Network_Geo_F25-54_320 x 50_Click and View_NV_NA,204541799,10/9/2017,6867,110,6757,4898,1859,107,1752,1484,268,5005,4190,5674
TJN_TJX_TJMaxx 2H DIG_FY18,Viant,"PJNSHB_TJN_TJX_028_Data_VIANT INC_DSI_SV1_MWB_DIR_DSP_TRG_RON_BTG_CTG_DVY_PHASE 1_VIANT DIRECT MATCH RETAIL, COMPETITIVE CONQUESTING, DISPLAY_Fixed Placement_Behavioral_F25-54_300 x 50_Standard_NV_NA",204478658,10/15/2017,109,4,105,0,105,8,97,80,17,8,7,87
TJN_TJX_TJMaxx 2H DIG_FY18,NBC Universal Media,PK2LHQ_TJN_TJX_028_Content_NBCUNI.COM_BAF_BS2_DSK_DIR_DSP_SPN_HPT_CTG_CTG_DCM_100% SOV NBC THIS IS US ROADBLOCK 10/17 - 300X250 DESKTOP_HP Takeover_Contextual_F25-54_300 x 250_Standard_NV_NA,205566398,10/18/2017,36822,1872,34950,50,34900,1273,33627,22801,10826,1323,897,23698
TJN_TJX_TJMaxx 2H DIG_FY18,xAd Inc.,PJMTND_TJN_TJX_028_Mobile_GROUND TRUTH FKA XAD_DST_SV1_MAP_DIR_DSP_TRG_RON_PXT_PXT_DVY_PHASE 1_PROXIMITY LOYALTY PLACEMENT - STANDARD BANNER - Maxx You Maxx Life_Run of Network_Geo_F25-54_320 x 50_Click and View_NV_NA,204442096,10/6/2017,26733,747,25986,16395,9591,3300,6291,5899,392,19695,17224,23123
TJN_TJX_TJMaxx 2H DIG_FY18,Conversant Inc.,PJNPMH_TJN_TJC_031_Audience_CONVERSANT_PUR_ROI_MAP_NET_DSP_TRG_RON_BTG_BTG_DVY_SMARTPHONE SMALL BANNER - STRATEGIC SAVERS_Run of Site_Other_P18+_320 x 50_Standard_NV_NA,204442066,10/17/2017,12790,205,12585,6,12579,1167,11412,9368,2044,1173,963,10331
TJN_MAR_023_Marshalls 2H Digital_F18,NinthDecimal,"PJPSS1_TJN_MAR_023_Mobile_NINTHDECIMAL_DST_SV1_MAP_DIR_RCH_TRG_RON_BTG_DMA_DVY_TV TARGETING: PEOPLE WHO WATCH BRAVO, TLC, HGTV, A&E, LIFETIME, DISCOVERY_Run of Network_Behavioral_F25-54_320 x 50_Click and View_NV_NA",204541508,9/20/2017,9566,213,9353,2868,6485,54,6431,6194,237,2922,2814,9008
TJN_TJX_TJMaxx 2H DIG_FY18,xAd Inc.,PJPXJX_TJN_TJX_028_Mobile_GROUND TRUTH FKA XAD_DST_SV1_MAP_DIR_DSP_TRG_RON_BTG_BTG_DVY_PHASE 1_BEHAVIORAL AUDIENCE STRATEGIC SAVERS PLACEMENT - STANDARD BANNER - TJMaxx_Run of Network_Behavioral_F25-54_320 x 50_Click and View_NV_NA,204447848,9/20/2017,42091,790,41301,6046,35255,14789,20466,19591,875,20835,19952,39543
TJN_MAR_023_Marshalls 2H Digital_F18,xAd Inc.,PJQ0Y7_TJN_MAR_023_Mobile_GROUND TRUTH FKA XAD_DST_SV1_MAP_DIR_DSP_TRG_RON_PXT_BTG_DVY_PROXIMITY LOYALTY - DYNAMIC DISTANCE_Run of Network_Geo_F25-54_300 x 250_Click and View_NV_NA,204541754,9/26/2017,60695,23424,37271,37249,22,2,20,9,11,37251,16763,16772
TJN_TJX_TJMaxx 2H DIG_FY18,Conversant Inc.,PJNPMJ_TJN_TJC_031_Audience_CONVERSANT_PUR_ROI_MAP_NET_DSP_TRG_RON_BTG_BTG_DVY_SMARTPHONE MEDIUM RECTANGLE - STRATEGIC SAVERS_Run of Site_Other_P18+_300 x 250_Standard_NV_NA,204442063,10/10/2017,7718,46,7672,4,7668,1160,6508,2847,3661,1164,509,3356
TJN_TJX_TJMaxx 2H DIG_FY18,Viant,"PJNSHF_TJN_TJX_028_Data_VIANT INC_DSI_SV1_MWB_DIR_DSP_TRG_RON_BTG_CTG_DVY_PHASE 1_VIANT DIRECT MATCH RETAIL, COMPETITIVE CONQUESTING, DISPLAY_Fixed Placement_Behavioral_F25-54_300 x 250_Standard_NV_NA",204483016,9/26/2017,11,0,11,0,11,2,9,3,6,2,1,4
TJN_MAR_023_Marshalls 2H Digital_F18,NinthDecimal,PJPSRW_TJN_MAR_023_Mobile_NINTHDECIMAL_DST_SV1_MAP_DIR_RCH_TRG_RON_BTG_PXT_DVY_LOCATION GRAPH: TJX FAMILY LOYALISTS_Run of Network_Behavioral_F25-54_320 x 50_Click and View_NV_NA,204541739,9/27/2017,21361,459,20902,8555,12347,39,12308,11842,466,8594,8269,20111
TJN_TJX_TJMaxx 2H DIG_FY18,xAd Inc.,PJMTNQ_TJN_TJX_028_Mobile_GROUND TRUTH FKA XAD_DST_SV1_MAP_DIR_RCH_TRG_RON_BTG_BTG_DVY_PHASE 1_BEHAVIORAL AUDIENCE STRATEGIC SAVERS PLACEMENT - RICH MEDIA STORE LOCATOR - TJ Maxx_Run of Network_Behavioral_F25-54_320 x 50_Click and View_NV_NA,204447845,9/20/2017,38584,284,38300,7531,30769,293,30476,29353,1123,7824,7536,36889
TJN_MAR_023_Marshalls 2H Digital_F18,xAd Inc.,PJQ0YJ_TJN_MAR_023_Mobile_GROUND TRUTH FKA XAD_DST_SV1_MAP_DIR_DSP_TRG_RON_BTG_PXT_DVY_MARSHALLS SHOPPERS - DYNAMIC DISTANCE_Run of Network_Geo_F25-54_320 x 50_Click and View_NV_NA,204595911,9/6/2017,12229,273,11956,6864,5092,599,4493,3720,773,7463,5998,9718
TJN_TJX_TJMaxx 2H DIG_FY18,xAd Inc.,PJMTN2_TJN_TJX_028_Mobile_GROUND TRUTH FKA XAD_DST_SV1_MAP_DIR_DSP_TRG_RON_RTG_RTG_DVY_PHASE 1_LOCATION AUDIENCE COMPETITIVE CONQUESTING PLACEMENT - STANDARD BANNER - Fall Handbag_Run of Network_Retarget_F25-54_300 x 250_Click and View_NV_NA,204447824,10/10/2017,6265,27,6238,6237,1,0,1,1,0,6237,6237,6238
TJN_TJX_TJMaxx 2H DIG_FY18,xAd Inc.,PJYDBV_TJN_TJX_028_Mobile_GROUND TRUTH FKA XAD_DST_SV1_MAP_DIR_RCH_TRG_RON_BTG_BTG_DVY_PHASE 1_BEHAVIORAL AUDIENCE STRATEGIC SAVERS PLACEMENT - RICH MEDIA STORE LOCATOR - Maxx You Maxx Life_Run of Network_Behavioral_F25-54_320 x 50_Click and View_NV_NA,205148243,9/29/2017,22248,255,21993,9876,12117,489,11628,9223,2405,10365,8221,17444
TJN_TJX_TJMaxx 2H DIG_FY18,Foursquare,"PJPRVH_TJN_TJX_028_Audience_FOURSQUARE LABS, INC_DST_SV1_MAP_PRO_DSP_TRG_RON_PXT_BTG_DVY_PHASE 1_PINPOINT COMPETITIVE CONQUESTING AV_Run of Network_Geo_F25-54_320 x 50_Standard_NV_NA",204478088,10/12/2017,1189,31,1158,687,471,19,452,404,48,706,631,1035
TJN_TJX_TJMaxx 2H DIG_FY18,xAd Inc.,PJPXK2_TJN_TJX_028_Mobile_GROUND TRUTH FKA XAD_DST_SV1_MAP_DIR_DSP_TRG_RON_PXT_PXT_DVY_PHASE 1_PROXIMITY LOYALTY PLACEMENT - STANDARD BANNER - Fall Hero_Run of Network_Geo_F25-54_300 x 250_Click and View_NV_NA,204442945,9/17/2017,11975,278,11697,11601,96,29,67,2,65,11630,347,349
TJN_TJX_TJMaxx 2H DIG_FY18,xAd Inc.,PJMTNR_TJN_TJX_028_Mobile_GROUND TRUTH FKA XAD_DST_SV1_MAP_DIR_RCH_TRG_RON_BTG_BTG_DVY_PHASE 1_BEHAVIORAL AUDIENCE STRATEGIC SAVERS PLACEMENT - RICH MEDIA STORE LOCATOR - Fall Handbag_Run of Network_Behavioral_F25-54_300 x 250_Click and View_NV_NA,204442108,9/7/2017,13538,762,12776,3717,9059,215,8844,3552,5292,3932,1579,5131
TJN_TJX_TJMaxx 2H DIG_FY18,NBC Universal Media,PK2LFG_TJN_TJX_028_Content_NBCUNI.COM_BAF_BS2_DSK_DIR_DSP_SPN_HPT_CTG_CTG_DCM_100% SOV NBC HOMEPAGE ROADBLOCK 10/3 - 970X66 DESKTOP_HP Takeover_Contextual_F25-54_970 x 66_Standard_NV_NA,205568660,10/3/2017,69009,2544,66465,1,66464,3349,63115,53585,9530,3350,2844,56429
TJN_TJX_TJMaxx 2H DIG_FY18,Conversant Inc.,PJNPLW_TJN_TJX_028_Audience_CONVERSANT_DST_SV1_DSK_NET_DSP_TRG_RON_BTG_BTG_DVY_PHASE 1_ DESKTOP MEDIUM RECTANGLE - CJ CONVERTERS LAL MODELING_Run of Site_Behavioral_P18+_300 x 250_Standard_NV_NA,204442024,10/16/2017,230036,18087,211949,30,211919,15731,196188,112095,84093,15761,9005,121100
TJN_MAR_023_Marshalls 2H Digital_F18,xAd Inc.,PJQ0Y6_TJN_MAR_023_Mobile_GROUND TRUTH FKA XAD_DST_SV1_MAP_DIR_DSP_TRG_RON_PXT_BTG_DVY_PROXIMITY LOYALTY - DYNAMIC DISTANCE_Run of Network_Geo_F25-54_320 x 50_Click and View_NV_NA,204556888,9/30/2017,78185,2603,75582,65328,10254,1238,9016,6381,2635,66566,45167,51548
TJN_TJX_TJMaxx 2H DIG_FY18,Viant,"PK2V4Z_TJN_TJX_028_Data_VIANT INC_DSI_SV1_MWB_DIR_RCH_TRG_INT_BTG_CTG_DVY_PHASE 1_VIANT IMP, W25-54 STRATEGIC SAVERS, CONTOBOX - Fall Homes_Fixed Placement_Behavioral_F25-54_300 x 250_Click and View_NV_NA",205726911,10/17/2017,17,2,15,0,15,0,15,2,13,0,0,2
TJN_TJX_TJMaxx 2H DIG_FY18,Hulu,PK3DG6_TJN_TJX_027_Content_HULU_BAF_BS2_TWB_DIR_VID_SPN_CHS_CTG_CTG_DVY_FALL TV SPONSORSHIP: MASTHEAD BRAND - CONNECTED TV_FEP_Contextual_F25-54_1 x 1_Standard_NV_NA,205634534,9/29/2017,3,0,3,3,0,0,0,0,0,3,2,2
TJN_TJX_TJMaxx 2H DIG_FY18,Viant,"PK2X7C_TJN_TJX_028_Data_VIANT INC_DSI_SV1_TWB_DIR_RCH_TRG_INT_BTG_CTG_DVY_PHASE 1_VIANT IMP, W25-54 STRATEGIC SAVERS, CONTOBOX - Honeycomb_Fixed Placement_Behavioral_F25-54_160 x 600_Click and View_NV_NA",205685992,9/23/2017,254,0,254,0,254,11,243,42,201,11,2,44
TJN_TJX_TJMaxx 2H DIG_FY18,Foursquare,"PJPQKZ_TJN_TJX_028_Audience_FOURSQUARE LABS, INC_DST_SV1_MAP_PRO_DSP_TRG_RON_PXT_BTG_DVY_PHASE 1_PINPOINT TRENDSETTERS_Run of Network_Geo_F25-54_300 x 250_Standard_NV_NA",204481813,9/27/2017,6581,792,5789,2707,3082,167,2915,1517,1398,2874,1496,3013
TJN_TJX_TJMaxx 2H DIG_FY18,Viant,"PK2V50_TJN_TJX_028_Data_VIANT INC_DSI_SV1_DSK_DIR_RCH_TRG_INT_BTG_CTG_DVY_PHASE 1_VIANT IMP, W25-54 STRATEGIC SAVERS, CONTOBOX - Fall Homes_Fixed Placement_Behavioral_F25-54_160 x 600_Click and View_NV_NA",205726908,9/27/2017,16,10,6,1,5,0,5,2,3,1,0,2
TJN_TJX_TJMaxx 2H DIG_FY18,Conversant Inc.,PJPWPB_TJN_TJX_028_Audience_CONVERSANT_DST_SV1_DSK_NET_DSP_TRG_RON_BTG_BTG_DVY_PHASE 1_ DESKTOP RECTANGLE - CONVERSANT SHOPPERS AV_Run of Site_Behavioral_P18+_300 x 600_Standard_NV_NA,204447254,9/17/2017,78,4,74,0,74,32,42,9,33,32,7,16
TJN_TJX_TJMaxx 2H DIG_FY18,Viant,"PK2X7C_TJN_TJX_028_Data_VIANT INC_DSI_SV1_TWB_DIR_RCH_TRG_INT_BTG_CTG_DVY_PHASE 1_VIANT IMP, W25-54 STRATEGIC SAVERS, CONTOBOX - Honeycomb_Fixed Placement_Behavioral_F25-54_160 x 600_Click and View_NV_NA",205685992,10/2/2017,2,1,1,0,1,0,1,1,0,0,0,1
TJN_MAR_023_Marshalls 2H Digital_F18,NinthDecimal,PJPSRZ_TJN_MAR_023_Mobile_NINTHDECIMAL_DST_SV1_MAP_DIR_RCH_TRG_RON_BTG_DMA_DVY_CONSUMER JOURNEY: BARGAIN HUNTERS_Run of Network_Behavioral_F25-54_320 x 50_Click and View_NV_NA,204542873,9/11/2017,45275,834,44441,17101,27340,185,27155,26316,839,17286,16752,43068
TJN_TJX_TJMaxx 2H DIG_FY18,xAd Inc.,PJPXJZ_TJN_TJX_028_Mobile_GROUND TRUTH FKA XAD_DST_SV1_MAP_DIR_DSP_TRG_RON_BTG_BTG_DVY_PHASE 1_BEHAVIORAL AUDIENCE TRENDSETTERS PLACEMENT - STANDARD BANNER - Fall Hero_Run of Network_Behavioral_F25-54_300 x 250_Click and View_NV_NA,204446156,10/14/2017,8038,65,7973,7971,2,0,2,2,0,7971,7971,7973
TJN_TJX_TJMaxx 2H DIG_FY18,Foursquare,"PJPSSW_TJN_TJX_028_Audience_FOURSQUARE LABS, INC_DST_SV1_MAP_PRO_RCH_TRG_RON_PXT_BTG_DVY_PHASE 1_MOBILE RICH MEDIA STRATEGIC SAVERS - Find A TJ Maxx Store_Run of Network_Geo_F25-54_320 x 50_Standard_NV_NA",204525357,10/17/2017,1,1,0,0,0,0,0,0,0,0,0,0
TJN_TJX_TJMaxx 2H DIG_FY18,xAd Inc.,PJMTND_TJN_TJX_028_Mobile_GROUND TRUTH FKA XAD_DST_SV1_MAP_DIR_DSP_TRG_RON_PXT_PXT_DVY_PHASE 1_PROXIMITY LOYALTY PLACEMENT - STANDARD BANNER - Maxx You Maxx Life_Run of Network_Geo_F25-54_320 x 50_Click and View_NV_NA,204442096,10/11/2017,10728,307,10421,1249,9172,105,9067,6545,2522,1354,977,7522
TJN_TJX_TJMaxx 2H DIG_FY18,Viant,"PJNSGQ_TJN_TJX_028_Data_VIANT INC_DSI_SV1_MWB_DIR_DSP_TRG_RON_BTG_CTG_DVY_PHASE 1_VIANT DIRECT MATCH RETAIL, TJX PORFOLIO LOYALISTS, DISPLAY_Fixed Placement_Behavioral_F25-54_300 x 250_Standard_NV_NA",204482395,9/25/2017,277,3,274,0,274,31,243,2,241,31,0,2
TJN_TJX_TJMaxx 2H DIG_FY18,Conversant Inc.,PJNPM2_TJN_TJX_028_Audience_CONVERSANT_DST_SV1_MAP_NET_DSP_TRG_RON_BTG_BTG_DVY_PHASE 1_ SMARTPHONE MEDIUM RECTANGLE  - CJ CONVERTERS LAL MODELING_Run of Site_Behavioral_P18+_300 x 250_Standard_NV_NA,204442021,9/25/2017,2,0,2,0,2,0,2,2,0,0,0,2
TJN_MAR_023_Marshalls 2H Digital_F18,xAd Inc.,PJQ0Y8_TJN_MAR_023_Mobile_GROUND TRUTH FKA XAD_DST_SV1_MAP_DIR_RCH_TRG_RON_WEA_PXT_DVY_PROXIMITY LOYALTY - WEATHER LOCATOR UNIT_Run of Network_Weather_F25-54_320 x 50_Click and View_NV_NA,204556189,10/10/2017,164205,2772,161433,70264,91169,1350,89819,80998,8821,71614,64581,145579
TJN_TJX_TJMaxx 2H DIG_FY18,xAd Inc.,PJMTNB_TJN_TJX_028_Mobile_GROUND TRUTH FKA XAD_DST_SV1_MAP_DIR_DSP_TRG_RON_BTG_BTG_DVY_PHASE 1_BEHAVIORAL AUDIENCE TRENDSETTERS PLACEMENT - STANDARD BANNER - Fall Handbag_Run of Network_Behavioral_F25-54_300 x 250_Click and View_NV_NA,204447833,10/11/2017,9408,125,9283,9242,41,2,39,34,5,9244,8059,8093
TJN_TJX_TJMaxx 2H DIG_FY18,Conversant Inc.,PJNPLY_TJN_TJX_028_Audience_CONVERSANT_DST_SV1_DSK_NET_DSP_TRG_RON_BTG_BTG_DVY_PHASE 1_ DESKTOP WIDE SKYSCRAPER - CJ CONVERTERS LAL MODELING_Run of Site_Behavioral_P18+_160 x 600_Standard_NV_NA,204443386,10/16/2017,37409,2708,34701,6,34695,4426,30269,12504,17765,4432,1831,14335
TJN_TJX_TJMaxx 2H DIG_FY18,Foursquare,"PJYHWF_TJN_TJX_028_Audience_FOURSQUARE LABS, INC_DST_SV1_MAP_PRO_DSP_TRG_RON_PXT_BTG_DVY_PHASE 1_PINPOINT COMPETITIVE CONQUESTING_Run of Network_Geo_F25-54_320 x 50_Standard_NV_NA",205183220,9/29/2017,313580,11442,302138,240819,61319,1930,59389,52059,7330,242749,212788,264847
TJN_TJX_TJMaxx 2H DIG_FY18,xAd Inc.,PJPXJZ_TJN_TJX_028_Mobile_GROUND TRUTH FKA XAD_DST_SV1_MAP_DIR_DSP_TRG_RON_BTG_BTG_DVY_PHASE 1_BEHAVIORAL AUDIENCE TRENDSETTERS PLACEMENT - STANDARD BANNER - Fall Hero_Run of Network_Behavioral_F25-54_300 x 250_Click and View_NV_NA,204446156,9/14/2017,9837,271,9566,9540,26,4,22,8,14,9544,3471,3479
TJN_TJX_TJMaxx 2H DIG_FY18,NBC Universal Media,PK3H7B_TJN_TJX_028_Content_NBCUNI.COM_BAF_BS2_DSK_DIR_DSP_SPN_HPT_CTG_CTG_DCM_100% SOV NBC HOMEPAGE ROADBLOCK 10/3 - 728X90 MOBILE_HP Takeover_Contextual_F25-54_728 x 90_Standard_NV_NA,205725903,10/5/2017,1,0,1,0,1,0,1,1,0,0,0,1
TJN_TJX_TJMaxx 2H DIG_FY18,Conversant Inc.,PJNPMD_TJN_TJC_031_Audience_CONVERSANT_PUR_ROI_TAP_NET_DSP_TRG_RON_BTG_BTG_DVY_TABLET MEDIUM RECTANGLE - STRATEGIC SAVERS_Run of Site_Other_P18+_300 x 250_Standard_NV_NA,204483960,10/5/2017,9600,162,9438,0,9438,1482,7956,3129,4827,1482,583,3712
TJN_MAR_023_Marshalls 2H Digital_F18,NinthDecimal,PJPSRV_TJN_MAR_023_Mobile_NINTHDECIMAL_DST_SV1_MAP_DIR_RCH_TRG_RON_BTG_PXT_DVY_LOCATION GRAPH: MARSHALLS LOYALISTS_Run of Network_Behavioral_F25-54_320 x 50_Click and View_NV_NA,204555232,9/11/2017,350,10,340,95,245,1,244,241,3,96,95,336
TJN_TJX_TJMaxx 2H DIG_FY18,xAd Inc.,PKF42P_TJN_TJX_028_Mobile_GROUND TRUTH FKA XAD_DST_SV1_MAP_DIR_RCH_TRG_RON_BTG_BTG_DVY_PHASE 1_BEHAVIORAL AUDIENCE STRATEGIC SAVERS PLACEMENT - RICH MEDIA STORE LOCATOR - Dresses_Run of Network_Behavioral_F25-54_300 x 250_Click and View_NV_NA,206812651,10/19/2017,2570,25,2545,1015,1530,74,1456,671,785,1089,502,1173
TJN_TJX_TJMaxx 2H DIG_FY18,xAd Inc.,PJMTN8_TJN_TJX_028_Mobile_GROUND TRUTH FKA XAD_DST_SV1_MAP_DIR_DSP_TRG_RON_BTG_BTG_DVY_PHASE 1_BEHAVIORAL AUDIENCE STRATEGIC SAVERS PLACEMENT - STANDARD BANNER - Maxx You Maxx Life_Run of Network_Behavioral_F25-54_320 x 50_Click and View_NV_NA,204447851,9/8/2017,23715,311,23404,2944,20460,6984,13476,11362,2114,9928,8361,19723
TJN_TJX_TJMaxx 2H DIG_FY18,xAd Inc.,PJMTN5_TJN_TJX_028_Mobile_GROUND TRUTH FKA XAD_DST_SV1_MAP_DIR_RCH_TRG_RON_BTG_BTG_DVY_PHASE 1_BEHAVIORAL AUDIENCE TRENDSETTERS PLACEMENT - RICH MEDIA STORE LOCATOR - TJ Maxx_Run of Network_Behavioral_F25-54_320 x 50_Click and View_NV_NA,204442936,9/10/2017,5,1,4,3,1,1,0,0,0,4,4,4
TJN_TJX_TJMaxx 2H DIG_FY18,Hulu,PK3F7G_TJN_TJX_027_Content_HULU_BAF_BS2_MAP_DIR_CUS_SPN_CHS_CTG_CTG_DVY_HULU ROS: PREMIUM SLATE - MOBILE IN APP_FEP_Contextual_F25-54_1920 x 1080_Standard_NV_NA,205634552,10/15/2017,3746,18,3728,3728,0,0,0,0,0,3728,2462,2462
TJN_TJX_TJMaxx 2H DIG_FY18,Viant,"PJNSHD_TJN_TJX_028_Data_VIANT INC_DSI_SV1_DSK_DIR_DSP_TRG_RON_BTG_CTG_DVY_PHASE 1_VIANT DIRECT MATCH RETAIL, COMPETITIVE CONQUESTING, DISPLAY_Fixed Placement_Behavioral_F25-54_160 x 600_Standard_NV_NA",204477281,9/18/2017,3064,114,2950,0,2950,136,2814,1234,1580,136,60,1294
TJN_TJX_TJMaxx 2H DIG_FY18,Viant,"PJNSH6_TJN_TJX_028_Data_VIANT INC_DSI_SV1_TWB_DIR_DSP_TRG_RON_BTG_CTG_DVY_PHASE 1_VIANT DIRECT MATCH RETAIL, COMPETITIVE CONQUESTING, DISPLAY_Fixed Placement_Behavioral_F25-54_160 x 600_Standard_NV_NA",204483604,9/30/2017,1,0,1,0,1,0,1,1,0,0,0,1
TJN_TJX_TJMaxx 2H DIG_FY18,PlaceIQ,PK18V9_TJN_TJX_028_Mobile_PLACEIQ INC_DST_SV1_MAP_DIR_DSP_TRG_RON_BTG_PXT_DVY_PHASE 1_STANDARD BANNER_TJX PROXIMITY LOYALISTS_LIVE BY TJMAXX - Maxx You Maxx Life_Run of Network_Behavioral_F25-54_320 x 50_Click and View_NV_NA,205661862,10/19/2017,25611,469,25142,10904,14238,86,14152,14004,148,10990,10875,24879
TJN_MAR_023_Marshalls 2H Digital_F18,xAd Inc.,PJQ0YQ_TJN_MAR_023_Mobile_GROUND TRUTH FKA XAD_DST_SV1_MAP_DIR_DSP_TRG_RON_PXT_BTG_DVY_GEOBLOCKS CONQUESTING - DYNAMIC DISTANCE_Run of Network_Geo_F25-54_320 x 50_Click and View_NV_NA,204595632,10/18/2017,11684,180,11504,10686,818,28,790,396,394,10714,5371,5767
TJN_TJX_TJMaxx 2H DIG_FY18,Viant,"PK2X7K_TJN_TJX_028_Data_VIANT INC_DSI_SV1_DSK_DIR_RCH_TRG_INT_BTG_CTG_DVY_PHASE 1_VIANT IMP, W25-54 STRATEGIC SAVERS, CONTOBOX - Honeycomb_Fixed Placement_Behavioral_F25-54_160 x 600_Click and View_NV_NA",205726917,10/20/2017,13,4,9,7,2,0,2,2,0,7,7,9
TJN_TJX_TJMaxx 2H DIG_FY18,Foursquare,"PKFMJM_TJN_TJX_028_Audience_FOURSQUARE LABS, INC_DST_SV1_MAP_PRO_RCH_TRG_RON_PXT_BTG_DVY_PHASE 1_MOBILE RICH MEDIA COMPETITIVE CONQUESTING - Booties_Run of Network_Geo_F25-54_300 x 250_Standard_NV_NA",206771834,10/19/2017,376,0,376,370,6,2,4,2,2,372,186,188
TJN_MAR_023_Marshalls 2H Digital_F18,xAd Inc.,PJQ0YN_TJN_MAR_023_Mobile_GROUND TRUTH FKA XAD_DST_SV1_MAP_DIR_DSP_TRG_RON_PXT_BTG_DVY_GEOBLOCKS LOYALTY - DYNAMIC DISTANCE_Run of Network_Geo_F25-54_320 x 50_Click and View_NV_NA,204558328,9/10/2017,17774,265,17509,10509,7000,2463,4537,3575,962,12972,9765,13340
TJN_TJX_TJMaxx 2H DIG_FY18,PlaceIQ,PK1YGY_TJN_TJX_028_Mobile_PLACEIQ INC_DST_SV1_MAP_DIR_DSP_TRG_RON_BTG_PTG_DVY_PHASE 1_STANDARD BANNER_TRENDSETTERS_ONLINE SHOPPER+TJMAXX SHOPPERS - TJ Maxx_Run of Network_Behavioral_F25-54_320 x 50_Click and View_NV_NA,205661871,10/16/2017,29552,430,29122,13829,15293,191,15102,14749,353,14020,13692,28441
TJN_TJX_TJMaxx 2H DIG_FY18,xAd Inc.,PJMTN1_TJN_TJX_028_Mobile_GROUND TRUTH FKA XAD_DST_SV1_MAP_DIR_DSP_TRG_RON_DMA_DMA_DVY_PHASE 1_ADDED VALUE DMA TARGETING STANDALONE: STANDARD BANNER - Maxx You Maxx Life_Run of Network_Geo_F25-54_320 x 50_Click and View_NV_NA,204443461,9/7/2017,16766,252,16514,7145,9369,1130,8239,7131,1108,8275,6661,13792
TJN_MAR_023_Marshalls 2H Digital_F18,Bustle,PK5G3V_TJN_MAR_023_Content_BUSTLE_Native Content Module - Fall Fashion Finds Topics Page_Run of Site_Contextual_F25-54_1 x 1_Click and View_NV_NA,206334768,10/12/2017,3112,90,3022,4,3018,2737,281,110,171,2741,1073,1183
TJN_TJX_TJMaxx 2H DIG_FY18,Conversant Inc.,PJNPM0_TJN_TJX_028_Audience_CONVERSANT_DST_SV1_TAP_NET_DSP_TRG_RON_BTG_BTG_DVY_PHASE 1_ TABLET LEADERBOARD - CJ CONVERTERS LAL MODELING_Run of Site_Behavioral_P18+_728 x 90_Standard_NV_NA,204446087,9/19/2017,6,6,0,0,0,0,0,0,0,0,0,0
TJN_TJX_TJMaxx 2H DIG_FY18,Conversant Inc.,PJPWPD_TJN_TJX_028_Audience_CONVERSANT_DST_SV1_MAP_NET_DSP_TRG_RON_BTG_BTG_DVY_PHASE 1_ SMARTPHONE SMALL BANNER  - CONVERSANT SHOPPERS AV_Run of Site_Behavioral_P18+_320 x 50_Standard_NV_NA,204447251,10/5/2017,1325,33,1292,0,1292,267,1025,818,207,267,213,1031
TJN_MAR_023_Marshalls 2H Digital_F18,NinthDecimal,PJPSRV_TJN_MAR_023_Mobile_NINTHDECIMAL_DST_SV1_MAP_DIR_RCH_TRG_RON_BTG_PXT_DVY_LOCATION GRAPH: MARSHALLS LOYALISTS_Run of Network_Behavioral_F25-54_320 x 50_Click and View_NV_NA,204555232,9/26/2017,14783,275,14508,4446,10062,60,10002,9687,315,4506,4364,14051
TJN_TJX_TJMaxx 2H DIG_FY18,Viant,"PK2V4S_TJN_TJX_028_Data_VIANT INC_DSI_SV1_TWB_DIR_RCH_TRG_INT_BTG_CTG_DVY_PHASE 1_VIANT IMP, W25-54 STRATEGIC SAVERS, CONTOBOX - Fall Homes_Fixed Placement_Behavioral_F25-54_300 x 250_Click and View_NV_NA",205687927,9/23/2017,6914,59,6855,1,6854,659,6195,749,5446,660,80,829
TJN_TJX_TJMaxx 2H DIG_FY18,Hulu,PK3CXN_TJN_TJX_027_Content_HULU_BAF_BS2_CTV_DIR_CUS_SPN_CHS_CTG_CTG_DVY_FALL TV SPONSORSHIP: PREMIUM SLATE - CONNECTED TV_FEP_Contextual_F25-54_1920 x 1080_Standard_NV_NA,205725861,9/27/2017,1,0,1,1,0,0,0,0,0,1,1,1
TJN_MAR_023_Marshalls 2H Digital_F18,xAd Inc.,PJQ0YB_TJN_MAR_023_Mobile_GROUND TRUTH FKA XAD_DST_SV1_MAP_DIR_DSP_TRG_RON_PXT_BTG_DVY_PROXIMITY CONQUESTING - DYNAMIC DISTANCE_Run of Network_Geo_F25-54_320 x 50_Click and View_NV_NA,204541799,10/19/2017,5134,76,5058,4890,168,4,164,142,22,4894,3305,3447
TJN_TJX_TJMaxx 2H DIG_FY18,Viant,"PKGJ6Z_TJN_TJC_031_Data_VIANT INC_PUR_ROI_MWB_DIR_CUS_TRG_NAT_BTG_MKT_DVY_W25-54 + KEYWORD TARGETING, CROSS DEVICE NATIVE - Booties_Fixed Placement_Contextual_F25-54_0 x 0_Click_NV_NA",206833521,10/21/2017,19201,229,18972,18972,0,0,0,0,0,18972,14398,14398
TJN_TJX_TJMaxx 2H DIG_FY18,Conversant Inc.,PJPWBT_TJN_TJX_028_Audience_CONVERSANT_DST_SV1_DSK_NET_DSP_TRG_RON_BTG_BTG_DVY_PHASE 1_ DESKTOP LEADERBOARD - CJ INTERACTORS LAL MODELING_Run of Site_Behavioral_P18+_728 x 90_Standard_NV_NA,204446096,10/14/2017,32839,1853,30986,13,30973,3578,27395,13492,13903,3591,1769,15261
TJN_TJX_TJMaxx 2H DIG_FY18,Conversant Inc.,PJPTMH_TJN_TJC_031_Audience_CONVERSANT_PUR_ROI_TAP_NET_DSP_TRG_RON_BTG_BTG_DVY_TABLET LEADERBOARD- COMPETITIVE CONQUESTING_Run of Site_Other_P18+_728 x 90_Standard_NV_NA,204483936,10/7/2017,999,7,992,0,992,167,825,472,353,167,96,568
TJN_TJX_TJMaxx 2H DIG_FY18,Viant,"PK2X7G_TJN_TJX_028_Data_VIANT INC_DSI_SV1_DSK_DIR_RCH_TRG_INT_BTG_CTG_DVY_PHASE 1_VIANT IMP, W25-54 STRATEGIC SAVERS, CONTOBOX - Honeycomb_Fixed Placement_Behavioral_F25-54_300 x 250_Click and View_NV_NA",205688467,10/15/2017,3451,92,3359,9,3350,533,2817,1327,1490,542,255,1582
TJN_TJX_TJMaxx 2H DIG_FY18,Viant,"PJNSHC_TJN_TJX_028_Data_VIANT INC_DSI_SV1_DSK_DIR_DSP_TRG_RON_BTG_CTG_DVY_PHASE 1_VIANT DIRECT MATCH RETAIL, COMPETITIVE CONQUESTING, DISPLAY_Fixed Placement_Behavioral_F25-54_300 x 250_Standard_NV_NA",204478655,9/23/2017,14857,486,14371,0,14371,1224,13147,10341,2806,1224,963,11304
TJN_TJX_TJMaxx 2H DIG_FY18,Viant,"PJNSHG_TJN_TJX_028_Data_VIANT INC_DSI_SV1_DSK_DIR_DSP_TRG_RON_BTG_CTG_DVY_PHASE 1_VIANT DIRECT MATCH RETAIL, COMPETITIVE CONQUESTING, DISPLAY_Fixed Placement_Behavioral_F25-54_728 x 90_Standard_NV_NA",204478490,9/17/2017,14311,677,13634,0,13634,700,12934,10468,2466,700,567,11035
TJN_MAR_023_Marshalls 2H Digital_F18,NinthDecimal,PJPSRZ_TJN_MAR_023_Mobile_NINTHDECIMAL_DST_SV1_MAP_DIR_RCH_TRG_RON_BTG_DMA_DVY_CONSUMER JOURNEY: BARGAIN HUNTERS_Run of Network_Behavioral_F25-54_320 x 50_Click and View_NV_NA,204542873,9/26/2017,23419,538,22881,8275,14606,107,14499,14013,486,8382,8101,22114
TJN_TJX_TJMaxx 2H DIG_FY18,Viant,"PJNSH9_TJN_TJX_028_Data_VIANT INC_DSI_SV1_TWB_DIR_DSP_TRG_RON_BTG_CTG_DVY_PHASE 1_VIANT DIRECT MATCH RETAIL, COMPETITIVE CONQUESTING, DISPLAY_Fixed Placement_Behavioral_F25-54_300 x 250_Standard_NV_NA",204526701,9/8/2017,373,49,324,0,324,25,299,165,134,25,14,179
TJN_TJX_TJMaxx 2H DIG_FY18,Viant,PJPXKS_TJN_TJX_028_Data_VIANT INC_DSI_SV1_DSK_DIR_DSP_TRG_RON_BTG_CTG_DVY_PHASE 1_DESKTOP DISPLAY VIANT IMP TARGETING - STRATEGIC SAVERS AV_Fixed Placement_Demo_F25-54_160 x 600_Standard_NV_NA,204477475,9/17/2017,1259,829,430,0,430,51,379,352,27,51,47,399
TJN_TJX_TJMaxx 2H DIG_FY18,NBC Universal Media,PK2LH9_TJN_TJX_028_Content_NBCUNI.COM_BAF_BS2_DSK_DIR_DSP_SPN_HPT_CTG_CTG_DCM_100% SOV NBC THIS IS US ROADBLOCK 10/3 - 300X250 DESKTOP_HP Takeover_Contextual_F25-54_300 x 250_Standard_NV_NA,205659765,10/2/2017,6,0,6,0,6,0,6,5,1,0,0,5
TJN_TJX_TJMaxx 2H DIG_FY18,Viant,"PK2V4S_TJN_TJX_028_Data_VIANT INC_DSI_SV1_TWB_DIR_RCH_TRG_INT_BTG_CTG_DVY_PHASE 1_VIANT IMP, W25-54 STRATEGIC SAVERS, CONTOBOX - Fall Homes_Fixed Placement_Behavioral_F25-54_300 x 250_Click and View_NV_NA",205687927,10/2/2017,26,12,14,4,10,4,6,5,1,8,7,12
TJN_TJX_TJMaxx 2H DIG_FY18,Viant,"PJNSH9_TJN_TJX_028_Data_VIANT INC_DSI_SV1_TWB_DIR_DSP_TRG_RON_BTG_CTG_DVY_PHASE 1_VIANT DIRECT MATCH RETAIL, COMPETITIVE CONQUESTING, DISPLAY_Fixed Placement_Behavioral_F25-54_300 x 250_Standard_NV_NA",204526701,10/7/2017,13168,162,13006,0,13006,2598,10408,8191,2217,2598,2045,10236
TJN_TJX_TJMaxx 2H DIG_FY18,xAd Inc.,PJMTMQ_TJN_TJX_028_Mobile_GROUND TRUTH FKA XAD_DST_SV1_MAP_DIR_RCH_TRG_RON_PXT_PXT_DVY_PHASE 1_PROXIMITY LOYALTY PLACEMENT - RICH MEDIA STORE LOCATOR - TJ Maxx_Run of Network_Geo_F25-54_320 x 50_Click and View_NV_NA,204442090,10/13/2017,11214,190,11024,2936,8088,95,7993,7327,666,3031,2778,10105
TJN_TJX_TJMaxx 2H DIG_FY18,Viant,"PJNSH8_TJN_TJX_028_Data_VIANT INC_DSI_SV1_TWB_DIR_DSP_TRG_RON_BTG_CTG_DVY_PHASE 1_VIANT DIRECT MATCH RETAIL, COMPETITIVE CONQUESTING, DISPLAY_Fixed Placement_Behavioral_F25-54_728 x 90_Standard_NV_NA",204483019,10/18/2017,29,0,29,0,29,3,26,5,21,3,1,6
TJN_TJX_TJMaxx 2H DIG_FY18,Conversant Inc.,PJPTMQ_TJN_TJC_031_Audience_CONVERSANT_PUR_ROI_DSK_NET_DSP_TRG_RON_BTG_BTG_DVY_DESKTOP MEDIUM RECTANGLE- COMPETITIVE CONQUESTING_Run of Site_Other_P18+_300 x 250_Standard_NV_NA,204447218,10/8/2017,19860,712,19148,0,19148,3082,16066,8928,7138,3082,1713,10641
TJN_TJX_TJMaxx 2H DIG_FY18,xAd Inc.,PJMTN0_TJN_TJX_028_Mobile_GROUND TRUTH FKA XAD_DST_SV1_MAP_DIR_DSP_TRG_RON_RTG_RTG_DVY_PHASE 1_LOCATION AUDIENCE TJX SHOPPERS PLACEMENT - STANDARD BANNER - Fall Handbag_Run of Network_Retarget_F25-54_300 x 250_Click and View_NV_NA,204447842,10/18/2017,7123,154,6969,6960,9,0,9,7,2,6960,5413,5420
TJN_TJX_TJMaxx 2H DIG_FY18,NBC Universal Media,PK2KJY_TJN_TJX_028_Content_NBCUNI.COM_BAF_BS2_DSK_DIR_VID_SPN_ROS_BTG_CTG_MOA_THIS IS US SPONSORSHIP: DESKTOP - VIGNETTE 3_Run of Site_Behavioral_F25-54_1920 x 1080_Click and View_NV_NA,205659768,10/20/2017,2,0,2,2,0,0,0,0,0,2,1,1
TJN_TJX_TJMaxx 2H DIG_FY18,xAd Inc.,PJPXK1_TJN_TJX_028_Mobile_GROUND TRUTH FKA XAD_DST_SV1_MAP_DIR_DSP_TRG_RON_PXT_PXT_DVY_PHASE 1_PROXIMITY LOYALTY PLACEMENT - STANDARD BANNER - TJMaxx_Run of Network_Geo_F25-54_320 x 50_Click and View_NV_NA,204483996,9/15/2017,41737,820,40917,14859,26058,13175,12883,9052,3831,28034,18944,27996
TJN_TJX_TJMaxx 2H DIG_FY18,Viant,"PK2V4S_TJN_TJX_028_Data_VIANT INC_DSI_SV1_TWB_DIR_RCH_TRG_INT_BTG_CTG_DVY_PHASE 1_VIANT IMP, W25-54 STRATEGIC SAVERS, CONTOBOX - Fall Homes_Fixed Placement_Behavioral_F25-54_300 x 250_Click and View_NV_NA",205687927,10/1/2017,10698,102,10596,4,10592,2455,8137,5405,2732,2459,1633,7038
TJN_MAR_023_Marshalls 2H Digital_F18,xAd Inc.,PJQ0YF_TJN_MAR_023_Mobile_GROUND TRUTH FKA XAD_DST_SV1_MAP_DIR_RCH_TRG_RON_WEA_PXT_DVY_PROXIMITY CONQUESTING - WEATHER LOCATOR UNIT_Run of Network_Weather_F25-54_300 x 250_Click and View_NV_NA,204596913,10/12/2017,1239,19,1220,27,1193,20,1173,1092,81,47,44,1136
TJN_TJX_TJMaxx 2H DIG_FY18,NBC Universal Media,PK3H7R_TJN_TJX_028_Content_NBCUNI.COM_BAF_BS2_DSK_DIR_DSP_SPN_HPT_CTG_CTG_DCM_100% SOV NBC THIS IS US ROADBLOCK 10/17 - 300X50 MOBILE_HP Takeover_Contextual_F25-54_300 x 50_Standard_NV_NA,205726857,10/11/2017,2,0,2,0,2,0,2,2,0,0,0,2
TJN_TJX_TJMaxx 2H DIG_FY18,NBC Universal Media,PK2LGL_TJN_TJX_028_Content_NBCUNI.COM_BAF_BS2_DSK_DIR_DSP_SPN_HPT_CTG_CTG_DCM_100% SOV NBC HOMEPAGE ROADBLOCK 10/17 - 300X250 DESKTOP_HP Takeover_Contextual_F25-54_300 x 250_Standard_NV_NA,205662876,10/16/2017,4,0,4,0,4,0,4,3,1,0,0,3
TJN_TJX_TJMaxx 2H DIG_FY18,Viant,"PJNSHC_TJN_TJX_028_Data_VIANT INC_DSI_SV1_DSK_DIR_DSP_TRG_RON_BTG_CTG_DVY_PHASE 1_VIANT DIRECT MATCH RETAIL, COMPETITIVE CONQUESTING, DISPLAY_Fixed Placement_Behavioral_F25-54_300 x 250_Standard_NV_NA",204478655,10/1/2017,498,14,484,0,484,49,435,333,102,49,38,371
TJN_TJX_TJMaxx 2H DIG_FY18,xAd Inc.,PJMTMZ_TJN_TJX_028_Mobile_GROUND TRUTH FKA XAD_DST_SV1_MAP_DIR_DSP_TRG_RON_RTG_RTG_DVY_PHASE 1_LOCATION AUDIENCE TJX SHOPPERS PLACEMENT - STANDARD BANNER - Maxx You Maxx Life_Run of Network_Retarget_F25-54_320 x 50_Click and View_NV_NA,204484011,10/18/2017,9956,116,9840,3122,6718,74,6644,5130,1514,3196,2468,7598
TJN_TJX_TJMaxx 2H DIG_FY18,Foursquare,"PJPQL0_TJN_TJX_028_Audience_FOURSQUARE LABS, INC_DST_SV1_MAP_PRO_DSP_TRG_RON_PXT_BTG_DVY_PHASE 1_PINPOINT TRENDSETTERS_Run of Network_Geo_F25-54_320 x 50_Standard_NV_NA",204478094,10/15/2017,138567,1538,137029,74391,62638,2763,59875,48790,11085,77154,62870,111660
TJN_TJX_TJMaxx 2H DIG_FY18,xAd Inc.,PJMTMQ_TJN_TJX_028_Mobile_GROUND TRUTH FKA XAD_DST_SV1_MAP_DIR_RCH_TRG_RON_PXT_PXT_DVY_PHASE 1_PROXIMITY LOYALTY PLACEMENT - RICH MEDIA STORE LOCATOR - TJ Maxx_Run of Network_Geo_F25-54_320 x 50_Click and View_NV_NA,204442090,9/13/2017,15,1,14,8,6,5,1,1,0,13,13,14
TJN_MAR_023_Marshalls 2H Digital_F18,xAd Inc.,PJQ0YS_TJN_MAR_023_Mobile_GROUND TRUTH FKA XAD_DST_SV1_MAP_DIR_DSP_TRG_RON_DMA_BTG_DVY_AV DMA TARGETING_Run of Network_Geo_F25-54_300 x 250_Click and View_NV_NA,204558337,10/10/2017,60581,1548,59033,9332,49701,961,48740,33558,15182,10293,7087,40645
TJN_TJX_TJMaxx 2H DIG_FY18,Viant,"PK2X7C_TJN_TJX_028_Data_VIANT INC_DSI_SV1_TWB_DIR_RCH_TRG_INT_BTG_CTG_DVY_PHASE 1_VIANT IMP, W25-54 STRATEGIC SAVERS, CONTOBOX - Honeycomb_Fixed Placement_Behavioral_F25-54_160 x 600_Click and View_NV_NA",205685992,10/3/2017,75,3,72,2,70,7,63,19,44,9,3,22
TJN_MAR_023_Marshalls 2H Digital_F18,xAd Inc.,PJQ0YC_TJN_MAR_023_Mobile_GROUND TRUTH FKA XAD_DST_SV1_MAP_DIR_DSP_TRG_RON_PXT_BTG_DVY_PROXIMITY CONQUESTING - DYNAMIC DISTANCE_Run of Network_Geo_F25-54_300 x 250_Click and View_NV_NA,204595923,9/6/2017,9918,120,9798,9796,2,2,0,0,0,9798,7838,7838
TJN_TJX_TJMaxx 2H DIG_FY18,Conversant Inc.,PJPWP9_TJN_TJX_028_Audience_CONVERSANT_DST_SV1_DSK_NET_DSP_TRG_RON_BTG_BTG_DVY_PHASE 1_ DESKTOP MEDIUM RECTANGLE - CONVERSANT SHOPPERS AV_Run of Site_Behavioral_P18+_300 x 250_Standard_NV_NA,204483957,10/14/2017,1233,59,1174,0,1174,45,1129,821,308,45,33,854
TJN_TJX_TJMaxx 2H DIG_FY18,xAd Inc.,PJMTND_TJN_TJX_028_Mobile_GROUND TRUTH FKA XAD_DST_SV1_MAP_DIR_DSP_TRG_RON_PXT_PXT_DVY_PHASE 1_PROXIMITY LOYALTY PLACEMENT - STANDARD BANNER - Maxx You Maxx Life_Run of Network_Geo_F25-54_320 x 50_Click and View_NV_NA,204442096,9/21/2017,39926,865,39061,13569,25492,13180,12312,10653,1659,26749,19010,29663
TJN_MAR_023_Marshalls 2H Digital_F18,xAd Inc.,PJQ0Y6_TJN_MAR_023_Mobile_GROUND TRUTH FKA XAD_DST_SV1_MAP_DIR_DSP_TRG_RON_PXT_BTG_DVY_PROXIMITY LOYALTY - DYNAMIC DISTANCE_Run of Network_Geo_F25-54_320 x 50_Click and View_NV_NA,204556888,10/16/2017,38533,1263,37270,31083,6187,546,5641,4996,645,31629,27282,32278
TJN_TJX_TJMaxx 2H DIG_FY18,Hulu,PK3F7F_TJN_TJX_027_Content_HULU_BAF_BS2_DSK_DIR_CUS_SPN_CHS_CTG_CTG_DVY_HULU ROS: PREMIUM SLATE - DESKTOP_FEP_Contextual_F25-54_1920 x 1080_Standard_NV_NA,205683925,10/10/2017,12,0,12,12,0,0,0,0,0,12,8,8
TJN_TJX_TJMaxx 2H DIG_FY18,xAd Inc.,PJMTNB_TJN_TJX_028_Mobile_GROUND TRUTH FKA XAD_DST_SV1_MAP_DIR_DSP_TRG_RON_BTG_BTG_DVY_PHASE 1_BEHAVIORAL AUDIENCE TRENDSETTERS PLACEMENT - STANDARD BANNER - Fall Handbag_Run of Network_Behavioral_F25-54_300 x 250_Click and View_NV_NA,204447833,9/21/2017,10295,199,10096,10076,20,1,19,12,7,10077,6364,6376
TJN_TJX_TJMaxx 2H DIG_FY18,Conversant Inc.,PJPWP8_TJN_TJX_028_Audience_CONVERSANT_DST_SV1_DSK_NET_DSP_TRG_RON_BTG_BTG_DVY_PHASE 1_ DESKTOP LEADERBOARD - CONVERSANT SHOPPERS AV_Run of Site_Behavioral_P18+_728 x 90_Standard_NV_NA,204446132,9/29/2017,733,47,686,0,686,241,445,262,183,241,142,404
TJN_TJX_TJMaxx 2H DIG_FY18,Viant,PJPXKR_TJN_TJX_028_Data_VIANT INC_DSI_SV1_DSK_DIR_DSP_TRG_RON_BTG_CTG_DVY_PHASE 1_DESKTOP DISPLAY VIANT IMP TARGETING - STRATEGIC SAVERS AV_Fixed Placement_Demo_F25-54_300 x 250_Standard_NV_NA,204475841,10/10/2017,526,62,464,1,463,40,423,190,233,41,18,208
TJN_MAR_023_Marshalls 2H Digital_F18,xAd Inc.,PJQ0Y7_TJN_MAR_023_Mobile_GROUND TRUTH FKA XAD_DST_SV1_MAP_DIR_DSP_TRG_RON_PXT_BTG_DVY_PROXIMITY LOYALTY - DYNAMIC DISTANCE_Run of Network_Geo_F25-54_300 x 250_Click and View_NV_NA,204541754,9/11/2017,39129,1336,37793,37722,71,1,70,56,14,37723,30046,30102
TJN_TJX_TJMaxx 2H DIG_FY18,xAd Inc.,PJMTN8_TJN_TJX_028_Mobile_GROUND TRUTH FKA XAD_DST_SV1_MAP_DIR_DSP_TRG_RON_BTG_BTG_DVY_PHASE 1_BEHAVIORAL AUDIENCE STRATEGIC SAVERS PLACEMENT - STANDARD BANNER - Maxx You Maxx Life_Run of Network_Behavioral_F25-54_320 x 50_Click and View_NV_NA,204447851,10/7/2017,6508,100,6408,3285,3123,258,2865,2560,305,3543,3039,5599
TJN_TJX_TJMaxx 2H DIG_FY18,Viant,"PK2X7D_TJN_TJX_028_Data_VIANT INC_DSI_SV1_TWB_DIR_RCH_TRG_INT_BTG_CTG_DVY_PHASE 1_VIANT IMP, W25-54 STRATEGIC SAVERS, CONTOBOX - Honeycomb_Fixed Placement_Behavioral_F25-54_728 x 90_Click and View_NV_NA",205727832,9/27/2017,5703,44,5659,3,5656,793,4863,1435,3428,796,235,1670
TJN_TJX_TJMaxx 2H DIG_FY18,Hulu,PK3CXJ_TJN_TJX_027_Content_HULU_BAF_BS2_MAP_DIR_CUS_SPN_CHS_CTG_CTG_DVY_FALL TV SPONSORSHIP: PREMIUM SLATE - MOBILE IN APP_FEP_Contextual_F25-54_1920 x 1080_Standard_NV_NA,205683919,9/26/2017,1,0,1,1,0,0,0,0,0,1,1,1
TJN_TJX_TJMaxx 2H DIG_FY18,Viant,"PJNSGN_TJN_TJX_028_Data_VIANT INC_DSI_SV1_TWB_DIR_DSP_TRG_RON_BTG_CTG_DVY_PHASE 1_VIANT DIRECT MATCH RETAIL, TJX PORFOLIO LOYALISTS, DISPLAY_Fixed Placement_Behavioral_F25-54_300 x 250_Standard_NV_NA",204526347,10/15/2017,375,6,369,0,369,21,348,279,69,21,17,296
TJN_TJX_TJMaxx 2H DIG_FY18,NBC Universal Media,PK2LFG_TJN_TJX_028_Content_NBCUNI.COM_BAF_BS2_DSK_DIR_DSP_SPN_HPT_CTG_CTG_DCM_100% SOV NBC HOMEPAGE ROADBLOCK 10/3 - 970X66 DESKTOP_HP Takeover_Contextual_F25-54_970 x 66_Standard_NV_NA,205568660,10/2/2017,6,0,6,0,6,0,6,6,0,0,0,6
TJN_TJX_TJMaxx 2H DIG_FY18,Conversant Inc.,PJPWP9_TJN_TJX_028_Audience_CONVERSANT_DST_SV1_DSK_NET_DSP_TRG_RON_BTG_BTG_DVY_PHASE 1_ DESKTOP MEDIUM RECTANGLE - CONVERSANT SHOPPERS AV_Run of Site_Behavioral_P18+_300 x 250_Standard_NV_NA,204483957,9/14/2017,1194,109,1085,0,1085,183,902,414,488,183,84,498
TJN_TJX_TJMaxx 2H DIG_FY18,Viant,"PK2V4V_TJN_TJX_028_Data_VIANT INC_DSI_SV1_TWB_DIR_RCH_TRG_INT_BTG_CTG_DVY_PHASE 1_VIANT IMP, W25-54 STRATEGIC SAVERS, CONTOBOX - Fall Homes_Fixed Placement_Behavioral_F25-54_728 x 90_Click and View_NV_NA",205725966,10/2/2017,19,6,13,4,9,5,4,3,1,9,7,10
TJN_MAR_023_Marshalls 2H Digital_F18,NinthDecimal,PJPSRT_TJN_MAR_023_Mobile_NINTHDECIMAL_DST_SV1_MAP_DIR_RCH_TRG_RON_PXT_DMA_DVY_GEOFENCE: 15-20-MILE RADIUS AROUND RURAL STORES_Run of Network_Geo_F25-54_320 x 50_Click and View_NV_NA,204542885,9/22/2017,221031,5875,215156,119271,95885,669,95216,92809,2407,119940,116908,209717
TJN_TJX_TJMaxx 2H DIG_FY18,Viant,"PJNSGM_TJN_TJX_028_Data_VIANT INC_DSI_SV1_TWB_DIR_DSP_TRG_RON_BTG_CTG_DVY_PHASE 1_VIANT DIRECT MATCH RETAIL, TJX PORFOLIO LOYALISTS, DISPLAY_Fixed Placement_Behavioral_F25-54_728 x 90_Standard_NV_NA",204526722,9/25/2017,11654,71,11583,0,11583,2068,9515,4763,4752,2068,1035,5798
TJN_TJX_TJMaxx 2H DIG_FY18,Conversant Inc.,PJPWPH_TJN_TJX_028_Audience_CONVERSANT_DST_SV1_MAP_NET_DSP_TRG_RON_BTG_BTG_DVY_PHASE 1_ SMARTPHONE MEDIUM RECTANGLE  - CONVERSANT SHOPPERS AV_Run of Site_Behavioral_P18+_300 x 250_Standard_NV_NA,204442060,10/11/2017,368,7,361,0,361,74,287,82,205,74,21,103
TJN_TJX_TJMaxx 2H DIG_FY18,Conversant Inc.,PJNPMG_TJN_TJC_031_Audience_CONVERSANT_PUR_ROI_DSK_NET_DSP_TRG_RON_BTG_BTG_DVY_DESKTOP WIDE SKYSCRAPER- STRATEGIC SAVERS_Run of Site_Other_P18+_160 x 600_Standard_NV_NA,204443410,10/10/2017,11984,655,11329,0,11329,2677,8652,2527,6125,2677,782,3309
TJN_TJX_TJMaxx 2H DIG_FY18,Conversant Inc.,PJPWPF_TJN_TJX_028_Audience_CONVERSANT_DST_SV1_TAP_NET_DSP_TRG_RON_BTG_BTG_DVY_PHASE 1_ TABLET LEADERBOARD - CONVERSANT SHOPPERS AV_Run of Site_Behavioral_P18+_728 x 90_Standard_NV_NA,204442915,9/29/2017,42,1,41,0,41,10,31,17,14,10,5,22
TJN_TJX_TJMaxx 2H DIG_FY18,Viant,"PK2V4V_TJN_TJX_028_Data_VIANT INC_DSI_SV1_TWB_DIR_RCH_TRG_INT_BTG_CTG_DVY_PHASE 1_VIANT IMP, W25-54 STRATEGIC SAVERS, CONTOBOX - Fall Homes_Fixed Placement_Behavioral_F25-54_728 x 90_Click and View_NV_NA",205725966,9/23/2017,2450,12,2438,2,2436,217,2219,608,1611,219,60,668
TJN_TJX_TJMaxx 2H DIG_FY18,Viant,PJPXKV_TJN_TJX_028_Data_VIANT INC_DSI_SV1_DSK_DIR_DSP_TRG_RON_BTG_CTG_DVY_PHASE 1_DESKTOP DISPLAY VIANT IMP TARGETING - STRATEGIC SAVERS AV_Fixed Placement_Demo_F25-54_728 x 90_Standard_NV_NA,204526986,10/16/2017,9755,970,8785,6,8779,433,8346,3817,4529,439,201,4018
TJN_TJX_TJMaxx 2H DIG_FY18,Viant,"PJNSH7_TJN_TJX_028_Data_VIANT INC_DSI_SV1_MWB_DIR_DSP_TRG_RON_BTG_CTG_DVY_PHASE 1_VIANT DIRECT MATCH RETAIL, COMPETITIVE CONQUESTING, DISPLAY_Fixed Placement_Behavioral_F25-54_320 x 50_Standard_NV_NA",204477565,10/10/2017,3554,508,3046,1,3045,287,2758,2408,350,288,251,2659
TJN_TJX_TJMaxx 2H DIG_FY18,Viant,"PJNSHF_TJN_TJX_028_Data_VIANT INC_DSI_SV1_MWB_DIR_DSP_TRG_RON_BTG_CTG_DVY_PHASE 1_VIANT DIRECT MATCH RETAIL, COMPETITIVE CONQUESTING, DISPLAY_Fixed Placement_Behavioral_F25-54_300 x 250_Standard_NV_NA",204483016,10/19/2017,2,0,2,0,2,1,1,0,1,1,0,0
TJN_TJX_TJMaxx 2H DIG_FY18,Viant,"PKGK94_TJN_TJX_028_Data_VIANT INC_DSI_SV1_MWB_DIR_CUS_TRG_NAT_BTG_CTG_DVY_PHASE 1_VIANT LIFESTYLE, TRENDSETTERS NATIVE- Dresses_Fixed Placement_Contextual_F25-54_0 x 0_Click and View_NV_NA",206772386,10/16/2017,174,4,170,170,0,0,0,0,0,170,110,110
TJN_TJX_TJMaxx 2H DIG_FY18,Conversant Inc.,PJPTMM_TJN_TJC_031_Audience_CONVERSANT_PUR_ROI_MAP_NET_DSP_TRG_RON_BTG_BTG_DVY_SMARTPHONE SMALL BANNER - COMPETITIVE CONQUESTING_Run of Site_Other_P18+_320 x 50_Standard_NV_NA,204483939,9/30/2017,1513,20,1493,0,1493,318,1175,922,253,318,250,1172
TJN_TJX_TJMaxx 2H DIG_FY18,Conversant Inc.,PJPTLP_TJN_TJC_031_Audience_CONVERSANT_PUR_ROI_DSK_NET_DSP_TRG_RON_BTG_BTG_DVY_DESKTOP LEADERBOARD- TRENDSETTERS_Run of Site_Other_P18+_728 x 90_Standard_NV_NA,204447782,10/19/2017,1942,122,1820,0,1820,388,1432,992,440,388,269,1261
TJN_MAR_023_Marshalls 2H Digital_F18,xAd Inc.,PJQ0YK_TJN_MAR_023_Mobile_GROUND TRUTH FKA XAD_DST_SV1_MAP_DIR_DSP_TRG_RON_BTG_PXT_DVY_MARSHALLS SHOPPERS - DYNAMIC DISTANCE_Run of Network_Geo_F25-54_300 x 250_Click and View_NV_NA,204543440,9/7/2017,3227,66,3161,3161,0,0,0,0,0,3161,3161,3161
TJN_TJX_TJMaxx 2H DIG_FY18,PlaceIQ,PK19Z0_TJN_TJX_028_Mobile_PLACEIQ INC_DST_SV1_MAP_DIR_RCH_TRG_RON_BTG_PTG_DVY_PHASE 1_RICH MEDIA_STRATEGIC SAVERS_APPAREL OR FURNISHINGS DISCRETIONARY SPEND+IMPULSE BUYER SHOPPERS_Run of Network_Behavioral_F25-54_320 x 50_Click and View_NV_NA,205563158,9/23/2017,55241,5907,49334,28383,20951,749,20202,19023,1179,29132,27432,46455
TJN_TJX_TJMaxx 2H DIG_FY18,Foursquare,"PJPRV8_TJN_TJX_028_Audience_FOURSQUARE LABS, INC_DST_SV1_MAP_PRO_DSP_TRG_RON_PXT_BTG_DVY_PHASE 1_PINPOINT TRENDSETTERS AV_Run of Network_Geo_F25-54_300 x 250_Standard_NV_NA",204527100,10/18/2017,168,3,165,146,19,1,18,13,5,147,106,119
TJN_TJX_TJMaxx 2H DIG_FY18,xAd Inc.,PJMTN5_TJN_TJX_028_Mobile_GROUND TRUTH FKA XAD_DST_SV1_MAP_DIR_RCH_TRG_RON_BTG_BTG_DVY_PHASE 1_BEHAVIORAL AUDIENCE TRENDSETTERS PLACEMENT - RICH MEDIA STORE LOCATOR - TJ Maxx_Run of Network_Behavioral_F25-54_320 x 50_Click and View_NV_NA,204442936,9/29/2017,18782,259,18523,8906,9617,396,9221,7870,1351,9302,7939,15809
TJN_TJX_TJMaxx 2H DIG_FY18,Conversant Inc.,PJPWPD_TJN_TJX_028_Audience_CONVERSANT_DST_SV1_MAP_NET_DSP_TRG_RON_BTG_BTG_DVY_PHASE 1_ SMARTPHONE SMALL BANNER  - CONVERSANT SHOPPERS AV_Run of Site_Behavioral_P18+_320 x 50_Standard_NV_NA,204447251,10/17/2017,1389,28,1361,0,1361,196,1165,1010,155,196,170,1180
TJN_TJX_TJMaxx 2H DIG_FY18,xAd Inc.,PKF49Y_TJN_TJX_028_Mobile_GROUND TRUTH FKA XAD_DST_SV1_MAP_DIR_DSP_TRG_RON_BTG_BTG_DVY_PHASE 1_BEHAVIORAL AUDIENCE TRENDSETTERS PLACEMENT - STANDARD BANNER - Find A Store V1_Run of Network_Behavioral_F25-54_320 x 50_Click and View_NV_NA,206812693,10/16/2017,7694,100,7594,2930,4664,61,4603,3517,1086,2991,2285,5802
TJN_MAR_023_Marshalls 2H Digital_F18,NinthDecimal,PJPSRV_TJN_MAR_023_Mobile_NINTHDECIMAL_DST_SV1_MAP_DIR_RCH_TRG_RON_BTG_PXT_DVY_LOCATION GRAPH: MARSHALLS LOYALISTS_Run of Network_Behavioral_F25-54_320 x 50_Click and View_NV_NA,204555232,10/9/2017,39406,483,38923,12172,26751,133,26618,25732,886,12305,11895,37627
TJN_MAR_023_Marshalls 2H Digital_F18,NinthDecimal,PJPSRZ_TJN_MAR_023_Mobile_NINTHDECIMAL_DST_SV1_MAP_DIR_RCH_TRG_RON_BTG_DMA_DVY_CONSUMER JOURNEY: BARGAIN HUNTERS_Run of Network_Behavioral_F25-54_320 x 50_Click and View_NV_NA,204542873,10/9/2017,26086,372,25714,7565,18149,126,18023,17378,645,7691,7416,24794
TJN_TJX_TJMaxx 2H DIG_FY18,Viant,"PJSPCL_TJN_TJC_031_Data_VIANT INC_PUR_ROI_TWB_DIR_DSP_TRG_RON_BTG_MKT_DVY_W25-54 + ONLINE SHOPPERS, CROSS DEVICE DISPLAY_Fixed Placement_Behavioral_F25-54_728 x 90_Click_NV_NA",204715987,10/8/2017,547,12,535,0,535,24,511,372,139,24,17,389
TJN_TJX_TJMaxx 2H DIG_FY18,Viant,"PKGJX1_TJN_TJX_028_Data_VIANT INC_DSI_SV1_DSK_DIR_RCH_TRG_INT_BTG_CTG_DVY_PHASE 1_VIANT IMP, W25-54 STRATEGIC SAVERS, CONTOBOX - Booties_Fixed Placement_Behavioral_F25-54_300 x 250_Click and View_NV_NA",206771930,10/19/2017,13,4,9,0,9,1,8,2,6,1,0,2
TJN_TJX_TJMaxx 2H DIG_FY18,PlaceIQ,PK19Z0_TJN_TJX_028_Mobile_PLACEIQ INC_DST_SV1_MAP_DIR_RCH_TRG_RON_BTG_PTG_DVY_PHASE 1_RICH MEDIA_STRATEGIC SAVERS_APPAREL OR FURNISHINGS DISCRETIONARY SPEND+IMPULSE BUYER SHOPPERS_Run of Network_Behavioral_F25-54_320 x 50_Click and View_NV_NA,205563158,10/2/2017,38236,1166,37070,14569,22501,640,21861,21465,396,15209,14933,36398
TJN_TJX_TJMaxx 2H DIG_FY18,Foursquare,"PJYHWD_TJN_TJX_028_Audience_FOURSQUARE LABS, INC_DST_SV1_MAP_PRO_DSP_TRG_RON_PXT_BTG_DVY_PHASE 1_PINPOINT COMPETITIVE CONQUESTING_Run of Network_Geo_F25-54_300 x 250_Standard_NV_NA",205235284,9/17/2017,5984,673,5311,1925,3386,1179,2207,1135,1072,3104,1596,2731
TJN_MAR_023_Marshalls 2H Digital_F18,xAd Inc.,PJQ0YH_TJN_MAR_023_Mobile_GROUND TRUTH FKA XAD_DST_SV1_MAP_DIR_DSP_TRG_RON_BTG_DMA_DVY_BEHAVIORAL - FASHION SHOPPER - DYNAMIC DISTANCE_Run of Network_Behavioral_F25-54_300 x 250_Click and View_NV_NA,204543443,10/11/2017,66457,1701,64756,64756,0,0,0,0,0,64756,51416,51416
TJN_TJX_TJMaxx 2H DIG_FY18,Foursquare,"PJPSSZ_TJN_TJX_028_Audience_FOURSQUARE LABS, INC_DST_SV1_MAP_PRO_RCH_TRG_RON_PXT_BTG_DVY_PHASE 1_MOBILE RICH MEDIA COMPETITIVE CONQUESTING - Fall Handbag_Run of Network_Geo_F25-54_300 x 250_Standard_NV_NA",204478073,10/11/2017,3392,237,3155,1271,1884,141,1743,516,1227,1412,418,934
TJN_TJX_TJMaxx 2H DIG_FY18,NBC Universal Media,PK2KLS_TJN_TJX_028_Content_NBCUNI.COM_BAF_BS2_TAP_DIR_VID_SPN_ROS_BTG_CTG_MOA_THIS IS US SPONSORSHIP: TABLET - VIGNETTE 4_Run of Site_Behavioral_F25-54_1920 x 1080_Click and View_NV_NA,205568633,10/20/2017,14720,140,14580,14580,0,0,0,0,0,14580,8679,8679
TJN_TJX_TJMaxx 2H DIG_FY18,xAd Inc.,PJPXJR_TJN_TJX_028_Mobile_GROUND TRUTH FKA XAD_DST_SV1_MAP_DIR_DSP_TRG_RON_RTG_RTG_DVY_PHASE 1_LOCATION AUDIENCE TJX SHOPPERS PLACEMENT - STANDARD BANNER - Fall Hero_Run of Network_Retarget_F25-54_300 x 250_Click and View_NV_NA,204442105,9/8/2017,11914,502,11412,11183,229,3,226,205,21,11186,10147,10352
TJN_TJX_TJMaxx 2H DIG_FY18,Hulu,PK3F7L_TJN_TJX_027_Content_HULU_BAF_BS2_CTV_DIR_CUS_SPN_CHS_CTG_CTG_DVY_HULU ROS: PREMIUM SLATE - CONNECTED TV_FEP_Contextual_F25-54_1920 x 1080_Standard_NV_NA,205685923,10/18/2017,23,0,23,23,0,0,0,0,0,23,18,18
TJN_MAR_023_Marshalls 2H Digital_F18,xAd Inc.,PJQ0YN_TJN_MAR_023_Mobile_GROUND TRUTH FKA XAD_DST_SV1_MAP_DIR_DSP_TRG_RON_PXT_BTG_DVY_GEOBLOCKS LOYALTY - DYNAMIC DISTANCE_Run of Network_Geo_F25-54_320 x 50_Click and View_NV_NA,204558328,9/29/2017,13640,311,13329,11300,2029,130,1899,1698,201,11430,9735,11433
TJN_MAR_023_Marshalls 2H Digital_F18,NinthDecimal,PJPSS0_TJN_MAR_023_Mobile_NINTHDECIMAL_DST_SV1_MAP_DIR_RCH_TRG_RON_BTG_DMA_DVY_3RD PARTY: SURPRISE CHOOSERS_Run of Network_Behavioral_F25-54_320 x 50_Click and View_NV_NA,204595875,9/12/2017,49303,569,48734,16331,32403,223,32180,31147,1033,16554,16023,47170
TJN_MAR_023_Marshalls 2H Digital_F18,xAd Inc.,PJQ0YG_TJN_MAR_023_Mobile_GROUND TRUTH FKA XAD_DST_SV1_MAP_DIR_DSP_TRG_RON_BTG_DMA_DVY_BEHAVIORAL - FASHION SHOPPER - DYNAMIC DISTANCE_Run of Network_Behavioral_F25-54_320 x 50_Click and View_NV_NA,204557581,9/7/2017,40768,592,40176,31163,9013,3173,5840,4942,898,34336,27912,32854
TJN_TJX_TJMaxx 2H DIG_FY18,xAd Inc.,PJMTMQ_TJN_TJX_028_Mobile_GROUND TRUTH FKA XAD_DST_SV1_MAP_DIR_RCH_TRG_RON_PXT_PXT_DVY_PHASE 1_PROXIMITY LOYALTY PLACEMENT - RICH MEDIA STORE LOCATOR - TJ Maxx_Run of Network_Geo_F25-54_320 x 50_Click and View_NV_NA,204442090,9/16/2017,1,0,1,1,0,0,0,0,0,1,1,1
TJN_MAR_023_Marshalls 2H Digital_F18,xAd Inc.,PJQ0YJ_TJN_MAR_023_Mobile_GROUND TRUTH FKA XAD_DST_SV1_MAP_DIR_DSP_TRG_RON_BTG_PXT_DVY_MARSHALLS SHOPPERS - DYNAMIC DISTANCE_Run of Network_Geo_F25-54_320 x 50_Click and View_NV_NA,204595911,9/17/2017,10546,182,10364,4691,5673,1593,4080,3238,842,6284,4571,7809
TJN_MAR_023_Marshalls 2H Digital_F18,NinthDecimal,PJPSRT_TJN_MAR_023_Mobile_NINTHDECIMAL_DST_SV1_MAP_DIR_RCH_TRG_RON_PXT_DMA_DVY_GEOFENCE: 15-20-MILE RADIUS AROUND RURAL STORES_Run of Network_Geo_F25-54_320 x 50_Click and View_NV_NA,204542885,9/24/2017,130240,3007,127233,68659,58574,247,58327,56902,1425,68906,67223,124125
TJN_TJX_TJMaxx 2H DIG_FY18,xAd Inc.,PJPXJR_TJN_TJX_028_Mobile_GROUND TRUTH FKA XAD_DST_SV1_MAP_DIR_DSP_TRG_RON_RTG_RTG_DVY_PHASE 1_LOCATION AUDIENCE TJX SHOPPERS PLACEMENT - STANDARD BANNER - Fall Hero_Run of Network_Retarget_F25-54_300 x 250_Click and View_NV_NA,204442105,10/7/2017,4995,96,4899,4369,530,6,524,486,38,4375,4056,4542
TJN_TJX_TJMaxx 2H DIG_FY18,NBC Universal Media,PK2LF3_TJN_TJX_028_Content_NBCUNI.COM_BAF_BS2_DSK_DIR_DSP_SPN_HPT_CTG_CTG_DCM_100% SOV NBC HOMEPAGE ROADBLOCK 9/26 - 300X250 DESKTOP_HP Takeover_Contextual_F25-54_300 x 250_Standard_NV_NA,205613773,9/27/2017,140358,5492,134866,3,134863,7362,127501,64557,62944,7365,3729,68286
TJN_TJX_TJMaxx 2H DIG_FY18,xAd Inc.,PKF4CT_TJN_TJX_028_Mobile_GROUND TRUTH FKA XAD_DST_SV1_MAP_DIR_DSP_TRG_RON_BTG_BTG_DVY_PHASE 1_BEHAVIORAL AUDIENCE STRATEGIC SAVERS PLACEMENT - STANDARD BANNER - Dresses_Run of Network_Behavioral_F25-54_300 x 250_Click and View_NV_NA,206834097,10/19/2017,3983,66,3917,3917,0,0,0,0,0,3917,3073,3073
TJN_TJX_TJMaxx 2H DIG_FY18,xAd Inc.,PJPXK2_TJN_TJX_028_Mobile_GROUND TRUTH FKA XAD_DST_SV1_MAP_DIR_DSP_TRG_RON_PXT_PXT_DVY_PHASE 1_PROXIMITY LOYALTY PLACEMENT - STANDARD BANNER - Fall Hero_Run of Network_Geo_F25-54_300 x 250_Click and View_NV_NA,204442945,9/6/2017,20676,588,20088,15797,4291,23,4268,4198,70,15820,15263,19461
TJN_MAR_023_Marshalls 2H Digital_F18,Bustle,PK5G3W_TJN_MAR_023_Content_BUSTLE_HPTO - Panoramic Unit 10/12_Run of Site_Contextual_F25-54_1 x 1_Click and View_NV_NA,206334465,10/13/2017,19,1,18,0,18,17,1,1,0,17,17,18
TJN_MAR_023_Marshalls 2H Digital_F18,xAd Inc.,PJQ0YH_TJN_MAR_023_Mobile_GROUND TRUTH FKA XAD_DST_SV1_MAP_DIR_DSP_TRG_RON_BTG_DMA_DVY_BEHAVIORAL - FASHION SHOPPER - DYNAMIC DISTANCE_Run of Network_Behavioral_F25-54_300 x 250_Click and View_NV_NA,204543443,10/6/2017,159102,33090,126012,125750,262,7,255,202,53,125757,99531,99733
TJN_MAR_023_Marshalls 2H Digital_F18,xAd Inc.,PJQ0YB_TJN_MAR_023_Mobile_GROUND TRUTH FKA XAD_DST_SV1_MAP_DIR_DSP_TRG_RON_PXT_BTG_DVY_PROXIMITY CONQUESTING - DYNAMIC DISTANCE_Run of Network_Geo_F25-54_320 x 50_Click and View_NV_NA,204541799,9/11/2017,24824,260,24564,15677,8887,3147,5740,4801,939,18824,10145,14946
TJN_TJX_TJMaxx 2H DIG_FY18,Foursquare,"PJPSSZ_TJN_TJX_028_Audience_FOURSQUARE LABS, INC_DST_SV1_MAP_PRO_RCH_TRG_RON_PXT_BTG_DVY_PHASE 1_MOBILE RICH MEDIA COMPETITIVE CONQUESTING - Fall Handbag_Run of Network_Geo_F25-54_300 x 250_Standard_NV_NA",204478073,10/6/2017,1960,116,1844,624,1220,64,1156,329,827,688,196,525
TJN_TJX_TJMaxx 2H DIG_FY18,Viant,"PK2V4Y_TJN_TJX_028_Data_VIANT INC_DSI_SV1_MWB_DIR_RCH_TRG_INT_BTG_CTG_DVY_PHASE 1_VIANT IMP, W25-54 STRATEGIC SAVERS, CONTOBOX - Fall Homes_Fixed Placement_Behavioral_F25-54_320 x 50_Click and View_NV_NA",205685980,10/7/2017,6537,78,6459,7,6452,939,5513,2804,2709,946,481,3285
TJN_TJX_TJMaxx 2H DIG_FY18,PlaceIQ,PK19Z0_TJN_TJX_028_Mobile_PLACEIQ INC_DST_SV1_MAP_DIR_RCH_TRG_RON_BTG_PTG_DVY_PHASE 1_RICH MEDIA_STRATEGIC SAVERS_APPAREL OR FURNISHINGS DISCRETIONARY SPEND+IMPULSE BUYER SHOPPERS_Run of Network_Behavioral_F25-54_320 x 50_Click and View_NV_NA,205563158,10/1/2017,21477,401,21076,13092,7984,336,7648,7525,123,13428,13212,20737
TJN_MAR_023_Marshalls 2H Digital_F18,xAd Inc.,PJQ0YR_TJN_MAR_023_Mobile_GROUND TRUTH FKA XAD_DST_SV1_MAP_DIR_DSP_TRG_RON_PXT_BTG_DVY_GEOBLOCKS CONQUESTING - DYNAMIC DISTANCE_Run of Network_Geo_F25-54_300 x 250_Click and View_NV_NA,204555244,9/25/2017,11393,619,10774,10748,26,1,25,1,24,10749,430,431
TJN_TJX_TJMaxx 2H DIG_FY18,Viant,"PKGJY9_TJN_TJX_028_Data_VIANT INC_DSI_SV1_DSK_DIR_RCH_TRG_INT_BTG_CTG_DVY_PHASE 1_VIANT IMP, W25-54 STRATEGIC SAVERS, CONTOBOX - Booties_Fixed Placement_Behavioral_F25-54_728 x 90_Click and View_NV_NA",206833290,10/21/2017,115,8,107,1,106,3,103,24,79,4,1,25
TJN_TJX_TJMaxx 2H DIG_FY18,xAd Inc.,PJMTMR_TJN_TJX_028_Mobile_GROUND TRUTH FKA XAD_DST_SV1_MAP_DIR_RCH_TRG_RON_PXT_PXT_DVY_PHASE 1_PROXIMITY LOYALTY PLACEMENT - RICH MEDIA STORE LOCATOR - Fall Handbag_Run of Network_Geo_F25-54_300 x 250_Click and View_NV_NA,204442093,10/3/2017,7,3,4,3,1,1,0,0,0,4,4,4
TJN_TJX_TJMaxx 2H DIG_FY18,Conversant Inc.,PJPWC1_TJN_TJX_028_Audience_CONVERSANT_DST_SV1_MAP_NET_DSP_TRG_RON_BTG_BTG_DVY_PHASE 1_ SMARTPHONE MEDIUM RECTANGLE  - CJ INTERACTORS LAL MODELING_Run of Site_Behavioral_P18+_300 x 250_Standard_NV_NA,204483942,10/3/2017,3230,31,3199,4,3195,1202,1993,420,1573,1206,254,674
TJN_TJX_TJMaxx 2H DIG_FY18,Conversant Inc.,PJPWP9_TJN_TJX_028_Audience_CONVERSANT_DST_SV1_DSK_NET_DSP_TRG_RON_BTG_BTG_DVY_PHASE 1_ DESKTOP MEDIUM RECTANGLE - CONVERSANT SHOPPERS AV_Run of Site_Behavioral_P18+_300 x 250_Standard_NV_NA,204483957,9/28/2017,1333,71,1262,0,1262,246,1016,521,495,246,126,647
TJN_TJX_TJMaxx 2H DIG_FY18,Foursquare,"PKFML5_TJN_TJX_028_Audience_FOURSQUARE LABS, INC_DST_SV1_MAP_PRO_RCH_TRG_RON_PXT_BTG_DVY_PHASE 1_MOBILE RICH MEDIA TRENDSETTERS - Sweaters_Run of Network_Geo_F25-54_300 x 250_Standard_NV_NA",206824533,10/17/2017,3515,32,3483,571,2912,184,2728,650,2078,755,180,830
TJN_MAR_023_Marshalls 2H Digital_F18,Bustle,"PK5G3X_TJN_MAR_023_Content_BUSTLE_ROC Fashion, Lifestyle Channel - Panoramic Unit_Run of Site_Contextual_F25-54_1 x 1_Click and View_NV_NA",206333601,10/14/2017,377346,5859,371487,199,371288,341237,30051,15673,14378,341436,178075,193748
TJN_TJX_TJMaxx 2H DIG_FY18,Viant,"PK2V4V_TJN_TJX_028_Data_VIANT INC_DSI_SV1_TWB_DIR_RCH_TRG_INT_BTG_CTG_DVY_PHASE 1_VIANT IMP, W25-54 STRATEGIC SAVERS, CONTOBOX - Fall Homes_Fixed Placement_Behavioral_F25-54_728 x 90_Click and View_NV_NA",205725966,10/1/2017,8242,119,8123,4,8119,770,7349,2986,4363,774,314,3300
TJN_TJX_TJMaxx 2H DIG_FY18,Conversant Inc.,PJPWPH_TJN_TJX_028_Audience_CONVERSANT_DST_SV1_MAP_NET_DSP_TRG_RON_BTG_BTG_DVY_PHASE 1_ SMARTPHONE MEDIUM RECTANGLE  - CONVERSANT SHOPPERS AV_Run of Site_Behavioral_P18+_300 x 250_Standard_NV_NA,204442060,10/6/2017,474,15,459,0,459,74,385,186,199,74,36,222
TJN_TJX_TJMaxx 2H DIG_FY18,Foursquare,"PJPSSX_TJN_TJX_028_Audience_FOURSQUARE LABS, INC_DST_SV1_MAP_PRO_RCH_TRG_RON_PXT_BTG_DVY_PHASE 1_MOBILE RICH MEDIA TRENDSETTERS - Fall Handbag_Run of Network_Geo_F25-54_300 x 250_Standard_NV_NA",204525354,10/5/2017,5676,227,5449,837,4612,308,4304,962,3342,1145,256,1218
TJN_TJX_TJMaxx 2H DIG_FY18,PlaceIQ,PK18VC_TJN_TJX_028_Mobile_PLACEIQ INC_DST_SV1_MAP_DIR_RCH_TRG_RON_BTG_PXT_DVY_PHASE 1_RICH MEDIA_TJX PORTFOLIO LOYALISTS_Run of Network_Behavioral_F25-54_320 x 50_Click and View_NV_NA,205568912,9/25/2017,21559,1715,19844,7987,11857,367,11490,11404,86,8354,8291,19695
TJN_TJX_TJMaxx 2H DIG_FY18,Foursquare,"PJMQ2D_TJN_TJX_028_Audience_FOURSQUARE LABS, INC_DST_SV1_MAP_PRO_DSP_TRG_RON_PXT_BTG_DVY_PHASE 1_PINPOINT STRATEGIC SAVERS_Run of Network_Geo_F25-54_300 x 250_Standard_NV_NA",204483457,9/27/2017,12636,1380,11256,3477,7779,581,7198,3173,4025,4058,1789,4962
TJN_TJX_TJMaxx 2H DIG_FY18,Conversant Inc.,PJPTLK_TJN_TJC_031_Audience_CONVERSANT_PUR_ROI_DSK_NET_DSP_TRG_RON_BTG_BTG_DVY_DESKTOP RECTANGLE- TRENDSETTERS_Run of Site_Other_P18+_300 x 600_Standard_NV_NA,204483963,10/19/2017,216,7,209,0,209,58,151,49,102,58,19,68
TJN_TJX_TJMaxx 2H DIG_FY18,Viant,"PJNSGW_TJN_TJX_028_Data_VIANT INC_DSI_SV1_DSK_DIR_DSP_TRG_RON_BTG_CTG_DVY_PHASE 1_VIANT DIRECT MATCH RETAIL, TJX PORFOLIO LOYALISTS, DISPLAY_Fixed Placement_Behavioral_F25-54_300 x 250_Standard_NV_NA",204478514,9/18/2017,11627,1642,9985,0,9985,609,9376,6645,2731,609,432,7077
TJN_TJX_TJMaxx 2H DIG_FY18,Foursquare,"PJPRQH_TJN_TJX_028_Audience_FOURSQUARE LABS, INC_DST_SV1_MAP_PRO_DSP_TRG_RON_PXT_BTG_DVY_PHASE 1_PINPOINT STRATEGIC SAVERS AV_Run of Network_Geo_F25-54_300 x 250_Standard_NV_NA",204481807,9/14/2017,559,39,520,74,446,70,376,141,235,144,54,195
TJN_TJX_TJMaxx 2H DIG_FY18,Viant,"PJNSGR_TJN_TJX_028_Data_VIANT INC_DSI_SV1_TWB_DIR_DSP_TRG_RON_BTG_CTG_DVY_PHASE 1_VIANT DIRECT MATCH RETAIL, TJX PORFOLIO LOYALISTS, DISPLAY_Fixed Placement_Behavioral_F25-54_160 x 600_Standard_NV_NA",204478520,9/16/2017,1835,1589,246,0,246,66,180,110,70,66,40,150
TJN_TJX_TJMaxx 2H DIG_FY18,xAd Inc.,PJMTN9_TJN_TJX_028_Mobile_GROUND TRUTH FKA XAD_DST_SV1_MAP_DIR_DSP_TRG_RON_BTG_BTG_DVY_PHASE 1_BEHAVIORAL AUDIENCE STRATEGIC SAVERS PLACEMENT - STANDARD BANNER - Fall Handbag_Run of Network_Behavioral_F25-54_300 x 250_Click and View_NV_NA,204447293,9/6/2017,23219,851,22368,20368,2000,15,1985,1908,77,20383,19392,21300
TJN_TJX_TJMaxx 2H DIG_FY18,Foursquare,"PJPQKZ_TJN_TJX_028_Audience_FOURSQUARE LABS, INC_DST_SV1_MAP_PRO_DSP_TRG_RON_PXT_BTG_DVY_PHASE 1_PINPOINT TRENDSETTERS_Run of Network_Geo_F25-54_300 x 250_Standard_NV_NA",204481813,10/11/2017,4503,442,4061,2027,2034,170,1864,965,899,2197,1137,2102
TJN_TJX_TJMaxx 2H DIG_FY18,Viant,"PK2V50_TJN_TJX_028_Data_VIANT INC_DSI_SV1_DSK_DIR_RCH_TRG_INT_BTG_CTG_DVY_PHASE 1_VIANT IMP, W25-54 STRATEGIC SAVERS, CONTOBOX - Fall Homes_Fixed Placement_Behavioral_F25-54_160 x 600_Click and View_NV_NA",205726908,10/11/2017,4929,157,4772,2,4770,217,4553,1909,2644,219,92,2001
TJN_MAR_023_Marshalls 2H Digital_F18,NinthDecimal,PJPSRW_TJN_MAR_023_Mobile_NINTHDECIMAL_DST_SV1_MAP_DIR_RCH_TRG_RON_BTG_PXT_DVY_LOCATION GRAPH: TJX FAMILY LOYALISTS_Run of Network_Behavioral_F25-54_320 x 50_Click and View_NV_NA,204541739,10/6/2017,80654,1377,79277,28828,50449,276,50173,48331,1842,29104,28036,76367
TJN_TJX_TJMaxx 2H DIG_FY18,Viant,"PK2V4Z_TJN_TJX_028_Data_VIANT INC_DSI_SV1_MWB_DIR_RCH_TRG_INT_BTG_CTG_DVY_PHASE 1_VIANT IMP, W25-54 STRATEGIC SAVERS, CONTOBOX - Fall Homes_Fixed Placement_Behavioral_F25-54_300 x 250_Click and View_NV_NA",205726911,9/29/2017,1711,34,1677,2,1675,129,1546,348,1198,131,29,377
TJN_MAR_023_Marshalls 2H Digital_F18,Spotify USA Inc.,PK0HLF_TJN_MAR_023_Audience_SPOTIFY USA INC_DST_SV2_MAP_DIR_DSP_TRG_CMP_DMA_PXT_DVY_MOBILE AUDIO COMPANION BANNER 640X640_Run of Site_Geo_F25-54_640 x 640_Click and View_NV_NA,205566308,10/13/2017,149938,1934,148004,148004,0,0,0,0,0,148004,124505,124505
TJN_MAR_023_Marshalls 2H Digital_F18,xAd Inc.,PJQ0Y9_TJN_MAR_023_Mobile_GROUND TRUTH FKA XAD_DST_SV1_MAP_DIR_RCH_TRG_RON_WEA_PXT_DVY_PROXIMITY LOYALTY - WEATHER LOCATOR UNIT_Run of Network_Weather_F25-54_300 x 250_Click and View_NV_NA,204541757,9/6/2017,550,5,545,46,499,1,498,486,12,47,46,532
TJN_TJX_TJMaxx 2H DIG_FY18,xAd Inc.,PJPXJY_TJN_TJX_028_Mobile_GROUND TRUTH FKA XAD_DST_SV1_MAP_DIR_DSP_TRG_RON_BTG_BTG_DVY_PHASE 1_BEHAVIORAL AUDIENCE STRATEGIC SAVERS PLACEMENT - STANDARD BANNER - Fall Hero_Run of Network_Behavioral_F25-54_300 x 250_Click and View_NV_NA,204484017,9/16/2017,10839,230,10609,10592,17,6,11,0,11,10598,0,0
TJN_TJX_TJMaxx 2H DIG_FY18,Viant,"PJNSHC_TJN_TJX_028_Data_VIANT INC_DSI_SV1_DSK_DIR_DSP_TRG_RON_BTG_CTG_DVY_PHASE 1_VIANT DIRECT MATCH RETAIL, COMPETITIVE CONQUESTING, DISPLAY_Fixed Placement_Behavioral_F25-54_300 x 250_Standard_NV_NA",204478655,10/19/2017,25711,1023,24688,1,24687,1607,23080,12171,10909,1608,848,13019
TJN_TJX_TJMaxx 2H DIG_FY18,Conversant Inc.,PJNPMG_TJN_TJC_031_Audience_CONVERSANT_PUR_ROI_DSK_NET_DSP_TRG_RON_BTG_BTG_DVY_DESKTOP WIDE SKYSCRAPER- STRATEGIC SAVERS_Run of Site_Other_P18+_160 x 600_Standard_NV_NA,204443410,10/12/2017,18815,1120,17695,4,17691,1953,15738,9510,6228,1957,1183,10693
TJN_TJX_TJMaxx 2H DIG_FY18,Foursquare,"PJYHWF_TJN_TJX_028_Audience_FOURSQUARE LABS, INC_DST_SV1_MAP_PRO_DSP_TRG_RON_PXT_BTG_DVY_PHASE 1_PINPOINT COMPETITIVE CONQUESTING_Run of Network_Geo_F25-54_320 x 50_Standard_NV_NA",205183220,10/17/2017,141391,3682,137709,116366,21343,528,20815,19407,1408,116894,108987,128394
TJN_TJX_TJMaxx 2H DIG_FY18,Viant,"PJNSGM_TJN_TJX_028_Data_VIANT INC_DSI_SV1_TWB_DIR_DSP_TRG_RON_BTG_CTG_DVY_PHASE 1_VIANT DIRECT MATCH RETAIL, TJX PORFOLIO LOYALISTS, DISPLAY_Fixed Placement_Behavioral_F25-54_728 x 90_Standard_NV_NA",204526722,10/15/2017,13282,56,13226,0,13226,708,12518,9741,2777,708,551,10292
TJN_MAR_023_Marshalls 2H Digital_F18,xAd Inc.,PJQ0YB_TJN_MAR_023_Mobile_GROUND TRUTH FKA XAD_DST_SV1_MAP_DIR_DSP_TRG_RON_PXT_BTG_DVY_PROXIMITY CONQUESTING - DYNAMIC DISTANCE_Run of Network_Geo_F25-54_320 x 50_Click and View_NV_NA,204541799,10/2/2017,6,2,4,2,2,2,0,0,0,4,3,3
TJN_TJX_TJMaxx 2H DIG_FY18,Foursquare,"PK0H81_TJN_TJX_028_Audience_FOURSQUARE LABS, INC_DST_SV1_MAP_PRO_RCH_TRG_RON_PXT_BTG_DVY_PHASE 1_MOBILE RICH MEDIA TRENDSETTERS - Fall Honeycomb_Run of Network_Geo_F25-54_300 x 250_Standard_NV_NA",205337093,10/4/2017,6949,321,6628,2031,4597,303,4294,1138,3156,2334,619,1757
TJN_TJX_TJMaxx 2H DIG_FY18,xAd Inc.,PJMTND_TJN_TJX_028_Mobile_GROUND TRUTH FKA XAD_DST_SV1_MAP_DIR_DSP_TRG_RON_PXT_PXT_DVY_PHASE 1_PROXIMITY LOYALTY PLACEMENT - STANDARD BANNER - Maxx You Maxx Life_Run of Network_Geo_F25-54_320 x 50_Click and View_NV_NA,204442096,9/27/2017,47743,810,46933,21096,25837,13736,12101,7690,4411,34832,19215,26905
TJN_MAR_023_Marshalls 2H Digital_F18,xAd Inc.,PJQ0YD_TJN_MAR_023_Mobile_GROUND TRUTH FKA XAD_DST_SV1_MAP_DIR_RCH_TRG_RON_WEA_PXT_DVY_PROXIMITY CONQUESTING - WEATHER LOCATOR UNIT_Run of Network_Weather_F25-54_320 x 50_Click and View_NV_NA,204541553,9/17/2017,13421,172,13249,4914,8335,2800,5535,5203,332,7714,7251,12454
TJN_MAR_023_Marshalls 2H Digital_F18,xAd Inc.,PJQ0YB_TJN_MAR_023_Mobile_GROUND TRUTH FKA XAD_DST_SV1_MAP_DIR_DSP_TRG_RON_PXT_BTG_DVY_PROXIMITY CONQUESTING - DYNAMIC DISTANCE_Run of Network_Geo_F25-54_320 x 50_Click and View_NV_NA,204541799,9/23/2017,18783,348,18435,15287,3148,962,2186,1943,243,16249,11214,13157
TJN_TJX_TJMaxx 2H DIG_FY18,PlaceIQ,PKFRJR_TJN_TJX_028_Mobile_PLACEIQ INC_DST_SV1_MAP_DIR_RCH_TRG_RON_BTG_PXT_DVY_PHASE 1_RICH MEDIA_TJX PORTFOLIO LOYALISTS - Rich Media Version 2_Run of Network_Behavioral_F25-54_320 x 50_Click and View_NV_NA,206772326,10/20/2017,14655,425,14230,4794,9436,367,9069,8932,137,5161,5083,14015
TJN_TJX_TJMaxx 2H DIG_FY18,Viant,"PK2V4S_TJN_TJX_028_Data_VIANT INC_DSI_SV1_TWB_DIR_RCH_TRG_INT_BTG_CTG_DVY_PHASE 1_VIANT IMP, W25-54 STRATEGIC SAVERS, CONTOBOX - Fall Homes_Fixed Placement_Behavioral_F25-54_300 x 250_Click and View_NV_NA",205687927,10/19/2017,8,7,1,0,1,0,1,1,0,0,0,1
TJN_TJX_TJMaxx 2H DIG_FY18,xAd Inc.,PKF5L5_TJN_TJX_028_Mobile_GROUND TRUTH FKA XAD_DST_SV1_MAP_DIR_DSP_TRG_RON_RTG_RTG_DVY_PHASE 1_LOCATION AUDIENCE TJX SHOPPERS PLACEMENT - STANDARD BANNER - Sweaters_Run of Network_Retarget_F25-54_300 x 250_Click and View_NV_NA,206833599,10/19/2017,2511,57,2454,2454,0,0,0,0,0,2454,2454,2454
TJN_TJX_TJMaxx 2H DIG_FY18,Viant,"PJNSH7_TJN_TJX_028_Data_VIANT INC_DSI_SV1_MWB_DIR_DSP_TRG_RON_BTG_CTG_DVY_PHASE 1_VIANT DIRECT MATCH RETAIL, COMPETITIVE CONQUESTING, DISPLAY_Fixed Placement_Behavioral_F25-54_320 x 50_Standard_NV_NA",204477565,10/12/2017,5260,336,4924,0,4924,689,4235,3726,509,689,606,4332
TJN_TJX_TJMaxx 2H DIG_FY18,xAd Inc.,PKF5JX_TJN_TJX_028_Mobile_GROUND TRUTH FKA XAD_DST_SV1_MAP_DIR_DSP_TRG_RON_RTG_RTG_DVY_PHASE 1_LOCATION AUDIENCE COMPETITIVE CONQUESTING PLACEMENT - STANDARD BANNER - Find A Store V2_Run of Network_Retarget_F25-54_320 x 50_Click and View_NV_NA,206833629,10/13/2017,848,22,826,109,717,11,706,447,259,120,76,523
TJN_TJX_TJMaxx 2H DIG_FY18,Viant,"PK2V4X_TJN_TJX_028_Data_VIANT INC_DSI_SV1_DSK_DIR_RCH_TRG_INT_BTG_CTG_DVY_PHASE 1_VIANT IMP, W25-54 STRATEGIC SAVERS, CONTOBOX - Fall Homes_Fixed Placement_Behavioral_F25-54_300 x 250_Click and View_NV_NA",205688458,10/21/2017,16,6,10,5,5,0,5,5,0,5,5,10
TJN_MAR_023_Marshalls 2H Digital_F18,xAd Inc.,PJQ0Y6_TJN_MAR_023_Mobile_GROUND TRUTH FKA XAD_DST_SV1_MAP_DIR_DSP_TRG_RON_PXT_BTG_DVY_PROXIMITY LOYALTY - DYNAMIC DISTANCE_Run of Network_Geo_F25-54_320 x 50_Click and View_NV_NA,204556888,9/22/2017,95460,2532,92928,63656,29272,3907,25365,21004,4361,67563,40099,61103
TJN_TJX_TJMaxx 2H DIG_FY18,Foursquare,"PJPSSW_TJN_TJX_028_Audience_FOURSQUARE LABS, INC_DST_SV1_MAP_PRO_RCH_TRG_RON_PXT_BTG_DVY_PHASE 1_MOBILE RICH MEDIA STRATEGIC SAVERS - Find A TJ Maxx Store_Run of Network_Geo_F25-54_320 x 50_Standard_NV_NA",204525357,9/29/2017,35482,1588,33894,17079,16815,1555,15260,9398,5862,18634,11476,20874
TJN_MAR_023_Marshalls 2H Digital_F18,NinthDecimal,"PJPSS1_TJN_MAR_023_Mobile_NINTHDECIMAL_DST_SV1_MAP_DIR_RCH_TRG_RON_BTG_DMA_DVY_TV TARGETING: PEOPLE WHO WATCH BRAVO, TLC, HGTV, A&E, LIFETIME, DISCOVERY_Run of Network_Behavioral_F25-54_320 x 50_Click and View_NV_NA",204541508,10/18/2017,42832,446,42386,10363,32023,226,31797,30578,1219,10589,10183,40761
TJN_TJX_TJMaxx 2H DIG_FY18,xAd Inc.,PJMTN1_TJN_TJX_028_Mobile_GROUND TRUTH FKA XAD_DST_SV1_MAP_DIR_DSP_TRG_RON_DMA_DMA_DVY_PHASE 1_ADDED VALUE DMA TARGETING STANDALONE: STANDARD BANNER - Maxx You Maxx Life_Run of Network_Geo_F25-54_320 x 50_Click and View_NV_NA,204443461,10/4/2017,3,1,2,2,0,0,0,0,0,2,2,2
TJN_MAR_023_Marshalls 2H Digital_F18,xAd Inc.,PJQ0YR_TJN_MAR_023_Mobile_GROUND TRUTH FKA XAD_DST_SV1_MAP_DIR_DSP_TRG_RON_PXT_BTG_DVY_GEOBLOCKS CONQUESTING - DYNAMIC DISTANCE_Run of Network_Geo_F25-54_300 x 250_Click and View_NV_NA,204555244,10/15/2017,10062,371,9691,9691,0,0,0,0,0,9691,1077,1077
TJN_TJX_TJMaxx 2H DIG_FY18,xAd Inc.,PJMTNQ_TJN_TJX_028_Mobile_GROUND TRUTH FKA XAD_DST_SV1_MAP_DIR_RCH_TRG_RON_BTG_BTG_DVY_PHASE 1_BEHAVIORAL AUDIENCE STRATEGIC SAVERS PLACEMENT - RICH MEDIA STORE LOCATOR - TJ Maxx_Run of Network_Behavioral_F25-54_320 x 50_Click and View_NV_NA,204447845,10/18/2017,9,2,7,7,0,0,0,0,0,7,6,6
TJN_MAR_023_Marshalls 2H Digital_F18,xAd Inc.,PJQ0YM_TJN_MAR_023_Mobile_GROUND TRUTH FKA XAD_DST_SV1_MAP_DIR_DSP_TRG_RON_BTG_PXT_DVY_COMPETITOR SHOPPERS - DYNAMIC DISTANCE_Run of Network_Geo_F25-54_300 x 250_Click and View_NV_NA,204555259,9/14/2017,3352,120,3232,3232,0,0,0,0,0,3232,3232,3232
TJN_TJX_TJMaxx 2H DIG_FY18,xAd Inc.,PKF473_TJN_TJX_028_Mobile_GROUND TRUTH FKA XAD_DST_SV1_MAP_DIR_DSP_TRG_RON_PXT_PXT_DVY_PHASE 1_PROXIMITY LOYALTY PLACEMENT - STANDARD BANNER - Find A Store V1_Run of Network_Geo_F25-54_320 x 50_Click and View_NV_NA,206813098,10/15/2017,5117,125,4992,1369,3623,168,3455,2438,1017,1537,1080,3518
TJN_TJX_TJMaxx 2H DIG_FY18,PlaceIQ,PK18VC_TJN_TJX_028_Mobile_PLACEIQ INC_DST_SV1_MAP_DIR_RCH_TRG_RON_BTG_PXT_DVY_PHASE 1_RICH MEDIA_TJX PORTFOLIO LOYALISTS_Run of Network_Behavioral_F25-54_320 x 50_Click and View_NV_NA,205568912,10/15/2017,28234,689,27545,9534,18011,524,17487,17109,378,10058,9841,26950
TJN_MAR_023_Marshalls 2H Digital_F18,xAd Inc.,PJQ0YM_TJN_MAR_023_Mobile_GROUND TRUTH FKA XAD_DST_SV1_MAP_DIR_DSP_TRG_RON_BTG_PXT_DVY_COMPETITOR SHOPPERS - DYNAMIC DISTANCE_Run of Network_Geo_F25-54_300 x 250_Click and View_NV_NA,204555259,10/14/2017,4678,147,4531,4531,0,0,0,0,0,4531,3930,3930
TJN_TJX_TJMaxx 2H DIG_FY18,Viant,"PK2X7J_TJN_TJX_028_Data_VIANT INC_DSI_SV1_MWB_DIR_RCH_TRG_INT_BTG_CTG_DVY_PHASE 1_VIANT IMP, W25-54 STRATEGIC SAVERS, CONTOBOX - Honeycomb_Fixed Placement_Behavioral_F25-54_300 x 250_Click and View_NV_NA",205688479,10/21/2017,52,3,49,1,48,3,45,24,21,4,2,26
TJN_TJX_TJMaxx 2H DIG_FY18,Viant,"PK2X7H_TJN_TJX_028_Data_VIANT INC_DSI_SV1_MWB_DIR_RCH_TRG_INT_BTG_CTG_DVY_PHASE 1_VIANT IMP, W25-54 STRATEGIC SAVERS, CONTOBOX - Honeycomb_Fixed Placement_Behavioral_F25-54_320 x 50_Click and View_NV_NA",205725975,10/7/2017,6419,75,6344,6,6338,963,5375,2805,2570,969,506,3311
TJN_MAR_023_Marshalls 2H Digital_F18,xAd Inc.,PJQ0YB_TJN_MAR_023_Mobile_GROUND TRUTH FKA XAD_DST_SV1_MAP_DIR_DSP_TRG_RON_PXT_BTG_DVY_PROXIMITY CONQUESTING - DYNAMIC DISTANCE_Run of Network_Geo_F25-54_320 x 50_Click and View_NV_NA,204541799,10/1/2017,3,1,2,2,0,0,0,0,0,2,2,2
TJN_TJX_TJMaxx 2H DIG_FY18,NBC Universal Media,PK2KJK_TJN_TJX_028_Content_NBCUNI.COM_BAF_BS2_DSK_DIR_VID_SPN_ROS_BTG_CTG_MOA_THIS IS US SPONSORSHIP: DESKTOP - VIGNETTE 2_Run of Site_Behavioral_F25-54_1920 x 1080_Click and View_NV_NA,205568882,10/13/2017,1,0,1,1,0,0,0,0,0,1,1,1
TJN_TJX_TJMaxx 2H DIG_FY18,xAd Inc.,PJMTMR_TJN_TJX_028_Mobile_GROUND TRUTH FKA XAD_DST_SV1_MAP_DIR_RCH_TRG_RON_PXT_PXT_DVY_PHASE 1_PROXIMITY LOYALTY PLACEMENT - RICH MEDIA STORE LOCATOR - Fall Handbag_Run of Network_Geo_F25-54_300 x 250_Click and View_NV_NA,204442093,9/26/2017,29746,534,29212,10723,18489,220,18269,17251,1018,10943,10333,27584
TJN_TJX_TJMaxx 2H DIG_FY18,Viant,"PK2V50_TJN_TJX_028_Data_VIANT INC_DSI_SV1_DSK_DIR_RCH_TRG_INT_BTG_CTG_DVY_PHASE 1_VIANT IMP, W25-54 STRATEGIC SAVERS, CONTOBOX - Fall Homes_Fixed Placement_Behavioral_F25-54_160 x 600_Click and View_NV_NA",205726908,10/6/2017,26,5,21,2,19,0,19,5,14,2,1,6
TJN_TJX_TJMaxx 2H DIG_FY18,Foursquare,"PJPQKZ_TJN_TJX_028_Audience_FOURSQUARE LABS, INC_DST_SV1_MAP_PRO_DSP_TRG_RON_PXT_BTG_DVY_PHASE 1_PINPOINT TRENDSETTERS_Run of Network_Geo_F25-54_300 x 250_Standard_NV_NA",204481813,10/6/2017,5881,498,5383,2335,3048,202,2846,1483,1363,2537,1322,2805
TJN_TJX_TJMaxx 2H DIG_FY18,Viant,"PK2X7C_TJN_TJX_028_Data_VIANT INC_DSI_SV1_TWB_DIR_RCH_TRG_INT_BTG_CTG_DVY_PHASE 1_VIANT IMP, W25-54 STRATEGIC SAVERS, CONTOBOX - Honeycomb_Fixed Placement_Behavioral_F25-54_160 x 600_Click and View_NV_NA",205685992,10/9/2017,12,2,10,0,10,1,9,1,8,1,0,1
TJN_TJX_TJMaxx 2H DIG_FY18,Viant,"PJSPBW_TJN_TJC_031_Data_VIANT INC_PUR_ROI_MWB_DIR_DSP_TRG_RON_BTG_MKT_DVY_DETERMINSTIC LAL OF ECOM CONVERTERS, CROSS DEVICE DISPLAY_Fixed Placement_Behavioral_F25-54_300 x 50_Click_NV_NA",204733524,10/21/2017,257,6,251,0,251,40,211,180,31,40,34,214
TJN_MAR_023_Marshalls 2H Digital_F18,NinthDecimal,PJPSRW_TJN_MAR_023_Mobile_NINTHDECIMAL_DST_SV1_MAP_DIR_RCH_TRG_RON_BTG_PXT_DVY_LOCATION GRAPH: TJX FAMILY LOYALISTS_Run of Network_Behavioral_F25-54_320 x 50_Click and View_NV_NA,204541739,10/11/2017,102315,1268,101047,32185,68862,334,68528,66168,2360,32519,31399,97567
TJN_TJX_TJMaxx 2H DIG_FY18,xAd Inc.,PJYDBV_TJN_TJX_028_Mobile_GROUND TRUTH FKA XAD_DST_SV1_MAP_DIR_RCH_TRG_RON_BTG_BTG_DVY_PHASE 1_BEHAVIORAL AUDIENCE STRATEGIC SAVERS PLACEMENT - RICH MEDIA STORE LOCATOR - Maxx You Maxx Life_Run of Network_Behavioral_F25-54_320 x 50_Click and View_NV_NA,205148243,10/17/2017,13,2,11,7,4,0,4,4,0,7,7,11
TJN_TJX_TJMaxx 2H DIG_FY18,Conversant Inc.,PJNPMH_TJN_TJC_031_Audience_CONVERSANT_PUR_ROI_MAP_NET_DSP_TRG_RON_BTG_BTG_DVY_SMARTPHONE SMALL BANNER - STRATEGIC SAVERS_Run of Site_Other_P18+_320 x 50_Standard_NV_NA,204442066,9/29/2017,1,0,1,0,1,0,1,0,1,0,0,0
TJN_MAR_023_Marshalls 2H Digital_F18,Bustle,PK5G43_TJN_MAR_023_Content_BUSTLE_RON - Bustle & Elite Daily - Panoramic Unit_Run of Network_Contextual_F25-54_1 x 1_Click and View_NV_NA,206309983,10/12/2017,217119,5688,211431,2749,208682,191405,17277,6457,10820,194154,72562,79019
TJN_MAR_023_Marshalls 2H Digital_F18,xAd Inc.,PJQ0Y6_TJN_MAR_023_Mobile_GROUND TRUTH FKA XAD_DST_SV1_MAP_DIR_DSP_TRG_RON_PXT_BTG_DVY_PROXIMITY LOYALTY - DYNAMIC DISTANCE_Run of Network_Geo_F25-54_320 x 50_Click and View_NV_NA,204556888,9/24/2017,87262,1743,85519,68806,16713,2459,14254,12021,2233,71265,46379,58400
TJN_TJX_TJMaxx 2H DIG_FY18,PlaceIQ,PK19YZ_TJN_TJX_028_Mobile_PLACEIQ INC_DST_SV1_MAP_DIR_RCH_TRG_RON_BTG_PTG_DVY_PHASE 1_RICH MEDIA_STRATEGIC SAVERS_INFORMER CONSUMER SHOPPERS+TOP TIER APPAREL SHOPPER_Run of Network_Behavioral_F25-54_320 x 50_Click and View_NV_NA,205563548,10/21/2017,1,1,0,0,0,0,0,0,0,0,0,0
TJN_MAR_023_Marshalls 2H Digital_F18,NinthDecimal,PJPSRX_TJN_MAR_023_Mobile_NINTHDECIMAL_DST_SV1_MAP_DIR_RCH_TRG_RON_BTG_PXT_DVY_LOCATION GRAPH: COMPETITIVE CONQUESTING_Run of Network_Behavioral_F25-54_320 x 50_Click and View_NV_NA,204542879,9/17/2017,14046,263,13783,5189,8594,48,8546,8313,233,5237,5094,13407
TJN_TJX_TJMaxx 2H DIG_FY18,xAd Inc.,PJMTNR_TJN_TJX_028_Mobile_GROUND TRUTH FKA XAD_DST_SV1_MAP_DIR_RCH_TRG_RON_BTG_BTG_DVY_PHASE 1_BEHAVIORAL AUDIENCE STRATEGIC SAVERS PLACEMENT - RICH MEDIA STORE LOCATOR - Fall Handbag_Run of Network_Behavioral_F25-54_300 x 250_Click and View_NV_NA,204442108,10/21/2017,2,0,2,2,0,0,0,0,0,2,1,1
TJN_MAR_023_Marshalls 2H Digital_F18,xAd Inc.,PJQ0Y7_TJN_MAR_023_Mobile_GROUND TRUTH FKA XAD_DST_SV1_MAP_DIR_DSP_TRG_RON_PXT_BTG_DVY_PROXIMITY LOYALTY - DYNAMIC DISTANCE_Run of Network_Geo_F25-54_300 x 250_Click and View_NV_NA,204541754,9/23/2017,40047,4100,35947,35933,14,1,13,9,4,35934,24873,24882
TJN_TJX_TJMaxx 2H DIG_FY18,Viant,"PJNSHF_TJN_TJX_028_Data_VIANT INC_DSI_SV1_MWB_DIR_DSP_TRG_RON_BTG_CTG_DVY_PHASE 1_VIANT DIRECT MATCH RETAIL, COMPETITIVE CONQUESTING, DISPLAY_Fixed Placement_Behavioral_F25-54_300 x 250_Standard_NV_NA",204483016,9/23/2017,16,0,16,0,16,0,16,0,16,0,0,0
TJN_TJX_TJMaxx 2H DIG_FY18,Viant,PJPXKV_TJN_TJX_028_Data_VIANT INC_DSI_SV1_DSK_DIR_DSP_TRG_RON_BTG_CTG_DVY_PHASE 1_DESKTOP DISPLAY VIANT IMP TARGETING - STRATEGIC SAVERS AV_Fixed Placement_Demo_F25-54_728 x 90_Standard_NV_NA,204526986,9/24/2017,10314,430,9884,6,9878,815,9063,4448,4615,821,403,4851
TJN_TJX_TJMaxx 2H DIG_FY18,Foursquare,"PJPRQJ_TJN_TJX_028_Audience_FOURSQUARE LABS, INC_DST_SV1_MAP_PRO_DSP_TRG_RON_PXT_BTG_DVY_PHASE 1_PINPOINT STRATEGIC SAVERS AV_Run of Network_Geo_F25-54_320 x 50_Standard_NV_NA",204525369,9/30/2017,219,5,214,36,178,7,171,145,26,43,36,181
TJN_TJX_TJMaxx 2H DIG_FY18,Viant,"PK2V4V_TJN_TJX_028_Data_VIANT INC_DSI_SV1_TWB_DIR_RCH_TRG_INT_BTG_CTG_DVY_PHASE 1_VIANT IMP, W25-54 STRATEGIC SAVERS, CONTOBOX - Fall Homes_Fixed Placement_Behavioral_F25-54_728 x 90_Click and View_NV_NA",205725966,10/19/2017,4,3,1,0,1,1,0,0,0,1,0,0
TJN_TJX_TJMaxx 2H DIG_FY18,Foursquare,"PJPRQH_TJN_TJX_028_Audience_FOURSQUARE LABS, INC_DST_SV1_MAP_PRO_DSP_TRG_RON_PXT_BTG_DVY_PHASE 1_PINPOINT STRATEGIC SAVERS AV_Run of Network_Geo_F25-54_300 x 250_Standard_NV_NA",204481807,9/28/2017,220,4,216,77,139,8,131,57,74,85,37,94
TJN_TJX_TJMaxx 2H DIG_FY18,Viant,"PK2X7G_TJN_TJX_028_Data_VIANT INC_DSI_SV1_DSK_DIR_RCH_TRG_INT_BTG_CTG_DVY_PHASE 1_VIANT IMP, W25-54 STRATEGIC SAVERS, CONTOBOX - Honeycomb_Fixed Placement_Behavioral_F25-54_300 x 250_Click and View_NV_NA",205688467,9/25/2017,6063,114,5949,5,5944,651,5293,1051,4242,656,130,1181
TJN_TJX_TJMaxx 2H DIG_FY18,xAd Inc.,PJMTNR_TJN_TJX_028_Mobile_GROUND TRUTH FKA XAD_DST_SV1_MAP_DIR_RCH_TRG_RON_BTG_BTG_DVY_PHASE 1_BEHAVIORAL AUDIENCE STRATEGIC SAVERS PLACEMENT - RICH MEDIA STORE LOCATOR - Fall Handbag_Run of Network_Behavioral_F25-54_300 x 250_Click and View_NV_NA,204442108,9/9/2017,6,0,6,4,2,2,0,0,0,6,3,3
TJN_MAR_023_Marshalls 2H Digital_F18,NinthDecimal,PJPSRV_TJN_MAR_023_Mobile_NINTHDECIMAL_DST_SV1_MAP_DIR_RCH_TRG_RON_BTG_PXT_DVY_LOCATION GRAPH: MARSHALLS LOYALISTS_Run of Network_Behavioral_F25-54_320 x 50_Click and View_NV_NA,204555232,10/3/2017,3234,88,3146,1465,1681,21,1660,1609,51,1486,1440,3049
TJN_TJX_TJMaxx 2H DIG_FY18,NBC Universal Media,PK2KJN_TJN_TJX_028_Content_NBCUNI.COM_BAF_BS2_TAP_DIR_VID_SPN_ROS_BTG_CTG_MOA_THIS IS US SPONSORSHIP: TABLET - VIGNETTE 2_Run of Site_Behavioral_F25-54_1920 x 1080_Click and View_NV_NA,205569482,10/6/2017,23158,208,22950,22950,0,0,0,0,0,22950,16417,16417
TJN_TJX_TJMaxx 2H DIG_FY18,Conversant Inc.,PJNPMD_TJN_TJC_031_Audience_CONVERSANT_PUR_ROI_TAP_NET_DSP_TRG_RON_BTG_BTG_DVY_TABLET MEDIUM RECTANGLE - STRATEGIC SAVERS_Run of Site_Other_P18+_300 x 250_Standard_NV_NA,204483960,9/29/2017,2,0,2,0,2,0,2,0,2,0,0,0
TJN_TJX_TJMaxx 2H DIG_FY18,Hulu,PK3F7G_TJN_TJX_027_Content_HULU_BAF_BS2_MAP_DIR_CUS_SPN_CHS_CTG_CTG_DVY_HULU ROS: PREMIUM SLATE - MOBILE IN APP_FEP_Contextual_F25-54_1920 x 1080_Standard_NV_NA,205634552,9/25/2017,2,0,2,2,0,0,0,0,0,2,1,1
TJN_TJX_TJMaxx 2H DIG_FY18,Foursquare,"PJYHWF_TJN_TJX_028_Audience_FOURSQUARE LABS, INC_DST_SV1_MAP_PRO_DSP_TRG_RON_PXT_BTG_DVY_PHASE 1_PINPOINT COMPETITIVE CONQUESTING_Run of Network_Geo_F25-54_320 x 50_Standard_NV_NA",205183220,10/5/2017,111210,9771,101439,72609,28830,1237,27593,22835,4758,73846,61112,83947
TJN_TJX_TJMaxx 2H DIG_FY18,Viant,"PJNSGS_TJN_TJX_028_Data_VIANT INC_DSI_SV1_MWB_DIR_DSP_TRG_RON_BTG_CTG_DVY_PHASE 1_VIANT DIRECT MATCH RETAIL, TJX PORFOLIO LOYALISTS, DISPLAY_Fixed Placement_Behavioral_F25-54_320 x 50_Standard_NV_NA",204524922,9/12/2017,2,0,2,0,2,0,2,2,0,0,0,2
TJN_TJX_TJMaxx 2H DIG_FY18,Viant,"PJNSGR_TJN_TJX_028_Data_VIANT INC_DSI_SV1_TWB_DIR_DSP_TRG_RON_BTG_CTG_DVY_PHASE 1_VIANT DIRECT MATCH RETAIL, TJX PORFOLIO LOYALISTS, DISPLAY_Fixed Placement_Behavioral_F25-54_160 x 600_Standard_NV_NA",204478520,9/19/2017,474,23,451,0,451,55,396,109,287,55,15,124
TJN_TJX_TJMaxx 2H DIG_FY18,Conversant Inc.,PJPTLP_TJN_TJC_031_Audience_CONVERSANT_PUR_ROI_DSK_NET_DSP_TRG_RON_BTG_BTG_DVY_DESKTOP LEADERBOARD- TRENDSETTERS_Run of Site_Other_P18+_728 x 90_Standard_NV_NA,204447782,10/2/2017,2,0,2,0,2,0,2,2,0,0,0,2
TJN_TJX_TJMaxx 2H DIG_FY18,xAd Inc.,PJPXJY_TJN_TJX_028_Mobile_GROUND TRUTH FKA XAD_DST_SV1_MAP_DIR_DSP_TRG_RON_BTG_BTG_DVY_PHASE 1_BEHAVIORAL AUDIENCE STRATEGIC SAVERS PLACEMENT - STANDARD BANNER - Fall Hero_Run of Network_Behavioral_F25-54_300 x 250_Click and View_NV_NA,204484017,9/19/2017,10632,253,10379,10377,2,0,2,2,0,10377,10377,10379
TJN_MAR_023_Marshalls 2H Digital_F18,Bustle,PK5G3V_TJN_MAR_023_Content_BUSTLE_Native Content Module - Fall Fashion Finds Topics Page_Run of Site_Contextual_F25-54_1 x 1_Click and View_NV_NA,206334768,10/10/2017,392,42,350,0,350,316,34,9,25,316,84,93
TJN_TJX_TJMaxx 2H DIG_FY18,Viant,"PJNSGP_TJN_TJX_028_Data_VIANT INC_DSI_SV1_MWB_DIR_DSP_TRG_RON_BTG_CTG_DVY_PHASE 1_VIANT DIRECT MATCH RETAIL, TJX PORFOLIO LOYALISTS, DISPLAY_Fixed Placement_Behavioral_F25-54_300 x 50_Standard_NV_NA",204525579,10/18/2017,83,0,83,0,83,4,79,63,16,4,3,66
TJN_MAR_023_Marshalls 2H Digital_F18,NinthDecimal,PJPSRR_TJN_MAR_023_Mobile_NINTHDECIMAL_DST_SV1_MAP_DIR_RCH_TRG_RON_PXT_DMA_DVY_GEOFENCE: 2-MILE RADIUS AROUND URBAN STORES_Run of Network_Geo_F25-54_320 x 50_Click and View_NV_NA,204541523,9/17/2017,17254,533,16721,7620,9101,51,9050,8753,297,7671,7419,16172
TJN_MAR_023_Marshalls 2H Digital_F18,NinthDecimal,PJPSRZ_TJN_MAR_023_Mobile_NINTHDECIMAL_DST_SV1_MAP_DIR_RCH_TRG_RON_BTG_DMA_DVY_CONSUMER JOURNEY: BARGAIN HUNTERS_Run of Network_Behavioral_F25-54_320 x 50_Click and View_NV_NA,204542873,10/3/2017,3368,81,3287,1558,1729,8,1721,1683,38,1566,1531,3214
TJN_TJX_TJMaxx 2H DIG_FY18,Conversant Inc.,PJNPMC_TJN_TJC_031_Audience_CONVERSANT_PUR_ROI_TAP_NET_DSP_TRG_RON_BTG_BTG_DVY_TABLET LEADERBOARD- STRATEGIC SAVERS_Run of Site_Other_P18+_728 x 90_Standard_NV_NA,204442918,10/4/2017,208,2,206,0,206,31,175,100,75,31,18,118
TJN_TJX_TJMaxx 2H DIG_FY18,Foursquare,"PJMQ2D_TJN_TJX_028_Audience_FOURSQUARE LABS, INC_DST_SV1_MAP_PRO_DSP_TRG_RON_PXT_BTG_DVY_PHASE 1_PINPOINT STRATEGIC SAVERS_Run of Network_Geo_F25-54_300 x 250_Standard_NV_NA",204483457,9/21/2017,26434,2432,24002,5441,18561,1019,17542,6105,11437,6460,2248,8353
TJN_TJX_TJMaxx 2H DIG_FY18,PlaceIQ,PK19Z0_TJN_TJX_028_Mobile_PLACEIQ INC_DST_SV1_MAP_DIR_RCH_TRG_RON_BTG_PTG_DVY_PHASE 1_RICH MEDIA_STRATEGIC SAVERS_APPAREL OR FURNISHINGS DISCRETIONARY SPEND+IMPULSE BUYER SHOPPERS_Run of Network_Behavioral_F25-54_320 x 50_Click and View_NV_NA,205563158,10/19/2017,29440,773,28667,9739,18928,461,18467,18154,313,10200,10027,28181
TJN_MAR_023_Marshalls 2H Digital_F18,xAd Inc.,PJQ0YM_TJN_MAR_023_Mobile_GROUND TRUTH FKA XAD_DST_SV1_MAP_DIR_DSP_TRG_RON_BTG_PXT_DVY_COMPETITOR SHOPPERS - DYNAMIC DISTANCE_Run of Network_Geo_F25-54_300 x 250_Click and View_NV_NA,204555259,9/28/2017,2181,216,1965,1965,0,0,0,0,0,1965,1807,1807
TJN_TJX_TJMaxx 2H DIG_FY18,xAd Inc.,PKF44W_TJN_TJX_028_Mobile_GROUND TRUTH FKA XAD_DST_SV1_MAP_DIR_RCH_TRG_RON_BTG_BTG_DVY_PHASE 1_BEHAVIORAL AUDIENCE STRATEGIC SAVERS PLACEMENT - RICH MEDIA STORE LOCATOR - Find A Store V2_Run of Network_Behavioral_F25-54_320 x 50_Click and View_NV_NA,206833611,10/20/2017,7463,86,7377,3198,4179,150,4029,3314,715,3348,2754,6068
TJN_TJX_TJMaxx 2H DIG_FY18,Viant,PJPXKV_TJN_TJX_028_Data_VIANT INC_DSI_SV1_DSK_DIR_DSP_TRG_RON_BTG_CTG_DVY_PHASE 1_DESKTOP DISPLAY VIANT IMP TARGETING - STRATEGIC SAVERS AV_Fixed Placement_Demo_F25-54_728 x 90_Standard_NV_NA,204526986,9/22/2017,18243,1009,17234,2,17232,1262,15970,6858,9112,1264,543,7401
TJN_TJX_TJMaxx 2H DIG_FY18,NBC Universal Media,PK2KJN_TJN_TJX_028_Content_NBCUNI.COM_BAF_BS2_TAP_DIR_VID_SPN_ROS_BTG_CTG_MOA_THIS IS US SPONSORSHIP: TABLET - VIGNETTE 2_Run of Site_Behavioral_F25-54_1920 x 1080_Click and View_NV_NA,205569482,10/11/2017,7,0,7,7,0,0,0,0,0,7,5,5
TJN_MAR_023_Marshalls 2H Digital_F18,NinthDecimal,PJPSRT_TJN_MAR_023_Mobile_NINTHDECIMAL_DST_SV1_MAP_DIR_RCH_TRG_RON_PXT_DMA_DVY_GEOFENCE: 15-20-MILE RADIUS AROUND RURAL STORES_Run of Network_Geo_F25-54_320 x 50_Click and View_NV_NA,204542885,10/16/2017,46934,832,46102,15998,30104,134,29970,29260,710,16132,15750,45010
TJN_TJX_TJMaxx 2H DIG_FY18,Viant,"PJSPCD_TJN_TJC_031_Data_VIANT INC_PUR_ROI_DSK_DIR_DSP_TRG_RON_BTG_MKT_DVY_W25-54 + ONLINE SHOPPERS, CROSS DEVICE DISPLAY_Fixed Placement_Behavioral_F25-54_728 x 90_Click_NV_NA",204733044,10/18/2017,12331,33,12298,0,12298,445,11853,10480,1373,445,393,10873
TJN_TJX_TJMaxx 2H DIG_FY18,Viant,"PJNSGN_TJN_TJX_028_Data_VIANT INC_DSI_SV1_TWB_DIR_DSP_TRG_RON_BTG_CTG_DVY_PHASE 1_VIANT DIRECT MATCH RETAIL, TJX PORFOLIO LOYALISTS, DISPLAY_Fixed Placement_Behavioral_F25-54_300 x 250_Standard_NV_NA",204526347,9/25/2017,875,3,872,0,872,84,788,508,280,84,54,562
TJN_TJX_TJMaxx 2H DIG_FY18,Viant,PJPXKR_TJN_TJX_028_Data_VIANT INC_DSI_SV1_DSK_DIR_DSP_TRG_RON_BTG_CTG_DVY_PHASE 1_DESKTOP DISPLAY VIANT IMP TARGETING - STRATEGIC SAVERS AV_Fixed Placement_Demo_F25-54_300 x 250_Standard_NV_NA,204475841,10/12/2017,5337,692,4645,11,4634,339,4295,1998,2297,350,163,2161
TJN_TJX_TJMaxx 2H DIG_FY18,Viant,"PJNSGR_TJN_TJX_028_Data_VIANT INC_DSI_SV1_TWB_DIR_DSP_TRG_RON_BTG_CTG_DVY_PHASE 1_VIANT DIRECT MATCH RETAIL, TJX PORFOLIO LOYALISTS, DISPLAY_Fixed Placement_Behavioral_F25-54_160 x 600_Standard_NV_NA",204478520,9/13/2017,665,8,657,0,657,87,570,391,179,87,60,451
TJN_TJX_TJMaxx 2H DIG_FY18,xAd Inc.,PJMTN3_TJN_TJX_028_Mobile_GROUND TRUTH FKA XAD_DST_SV1_MAP_DIR_DSP_TRG_RON_RTG_RTG_DVY_PHASE 1_LOCATION AUDIENCE COMPETITIVE CONQUESTING PLACEMENT - STANDARD BANNER - Maxx You Maxx Life_Run of Network_Retarget_F25-54_320 x 50_Click and View_NV_NA,204442933,9/18/2017,37494,476,37018,7247,29771,304,29467,24038,5429,7551,6160,30198
TJN_TJX_TJMaxx 2H DIG_FY18,xAd Inc.,PJYDBV_TJN_TJX_028_Mobile_GROUND TRUTH FKA XAD_DST_SV1_MAP_DIR_RCH_TRG_RON_BTG_BTG_DVY_PHASE 1_BEHAVIORAL AUDIENCE STRATEGIC SAVERS PLACEMENT - RICH MEDIA STORE LOCATOR - Maxx You Maxx Life_Run of Network_Behavioral_F25-54_320 x 50_Click and View_NV_NA,205148243,10/5/2017,10,2,8,4,4,3,1,1,0,7,7,8
TJN_MAR_023_Marshalls 2H Digital_F18,xAd Inc.,PJQ0YG_TJN_MAR_023_Mobile_GROUND TRUTH FKA XAD_DST_SV1_MAP_DIR_DSP_TRG_RON_BTG_DMA_DVY_BEHAVIORAL - FASHION SHOPPER - DYNAMIC DISTANCE_Run of Network_Behavioral_F25-54_320 x 50_Click and View_NV_NA,204557581,10/4/2017,4,1,3,1,2,1,1,1,0,2,2,3
TJN_TJX_TJMaxx 2H DIG_FY18,Viant,"PK2X7C_TJN_TJX_028_Data_VIANT INC_DSI_SV1_TWB_DIR_RCH_TRG_INT_BTG_CTG_DVY_PHASE 1_VIANT IMP, W25-54 STRATEGIC SAVERS, CONTOBOX - Honeycomb_Fixed Placement_Behavioral_F25-54_160 x 600_Click and View_NV_NA",205685992,9/26/2017,96,2,94,1,93,10,83,12,71,11,2,14
TJN_TJX_TJMaxx 2H DIG_FY18,xAd Inc.,PJPXJY_TJN_TJX_028_Mobile_GROUND TRUTH FKA XAD_DST_SV1_MAP_DIR_DSP_TRG_RON_BTG_BTG_DVY_PHASE 1_BEHAVIORAL AUDIENCE STRATEGIC SAVERS PLACEMENT - STANDARD BANNER - Fall Hero_Run of Network_Behavioral_F25-54_300 x 250_Click and View_NV_NA,204484017,10/13/2017,10766,160,10606,10531,75,3,72,69,3,10534,10095,10164
TJN_TJX_TJMaxx 2H DIG_FY18,Conversant Inc.,PJPWC1_TJN_TJX_028_Audience_CONVERSANT_DST_SV1_MAP_NET_DSP_TRG_RON_BTG_BTG_DVY_PHASE 1_ SMARTPHONE MEDIUM RECTANGLE  - CJ INTERACTORS LAL MODELING_Run of Site_Behavioral_P18+_300 x 250_Standard_NV_NA,204483942,10/9/2017,18683,161,18522,204,18318,2705,15613,3401,12212,2909,634,4035
TJN_TJX_TJMaxx 2H DIG_FY18,Foursquare,"PKFMLQ_TJN_TJX_028_Audience_FOURSQUARE LABS, INC_DST_SV1_MAP_PRO_RCH_TRG_RON_PXT_BTG_DVY_PHASE 1_MOBILE RICH MEDIA STRATEGIC SAVERS - Find A Store V1_Run of Network_Geo_F25-54_320 x 50_Standard_NV_NA",206772506,10/19/2017,13744,356,13388,9193,4195,501,3694,3274,420,9694,8592,11866
TJN_TJX_TJMaxx 2H DIG_FY18,xAd Inc.,PJMTMR_TJN_TJX_028_Mobile_GROUND TRUTH FKA XAD_DST_SV1_MAP_DIR_RCH_TRG_RON_PXT_PXT_DVY_PHASE 1_PROXIMITY LOYALTY PLACEMENT - RICH MEDIA STORE LOCATOR - Fall Handbag_Run of Network_Geo_F25-54_300 x 250_Click and View_NV_NA,204442093,10/9/2017,17087,181,16906,2596,14310,124,14186,13500,686,2720,2588,16088
TJN_TJX_TJMaxx 2H DIG_FY18,Conversant Inc.,PJPTLJ_TJN_TJC_031_Audience_CONVERSANT_PUR_ROI_TAP_NET_DSP_TRG_RON_BTG_BTG_DVY_TABLET MEDIUM RECTANGLE - TRENDSETTERS_Run of Site_Other_P18+_300 x 250_Standard_NV_NA,204447266,10/15/2017,725,8,717,0,717,107,610,455,155,107,80,535
TJN_MAR_023_Marshalls 2H Digital_F18,xAd Inc.,PJQ0YF_TJN_MAR_023_Mobile_GROUND TRUTH FKA XAD_DST_SV1_MAP_DIR_RCH_TRG_RON_WEA_PXT_DVY_PROXIMITY CONQUESTING - WEATHER LOCATOR UNIT_Run of Network_Weather_F25-54_300 x 250_Click and View_NV_NA,204596913,10/10/2017,974,8,966,19,947,14,933,818,115,33,29,847
TJN_TJX_TJMaxx 2H DIG_FY18,Conversant Inc.,PJPTLK_TJN_TJC_031_Audience_CONVERSANT_PUR_ROI_DSK_NET_DSP_TRG_RON_BTG_BTG_DVY_DESKTOP RECTANGLE- TRENDSETTERS_Run of Site_Other_P18+_300 x 600_Standard_NV_NA,204483963,10/2/2017,2,0,2,0,2,0,2,0,2,0,0,0
TJN_MAR_023_Marshalls 2H Digital_F18,xAd Inc.,PJQ0YS_TJN_MAR_023_Mobile_GROUND TRUTH FKA XAD_DST_SV1_MAP_DIR_DSP_TRG_RON_DMA_BTG_DVY_AV DMA TARGETING_Run of Network_Geo_F25-54_300 x 250_Click and View_NV_NA,204558337,10/12/2017,59646,1206,58440,17697,40743,2261,38482,28594,9888,19958,14594,43188
TJN_TJX_TJMaxx 2H DIG_FY18,Foursquare,"PJPQL0_TJN_TJX_028_Audience_FOURSQUARE LABS, INC_DST_SV1_MAP_PRO_DSP_TRG_RON_PXT_BTG_DVY_PHASE 1_PINPOINT TRENDSETTERS_Run of Network_Geo_F25-54_320 x 50_Standard_NV_NA",204478094,9/25/2017,182199,10609,171590,100567,71023,2529,68494,55803,12691,103096,83994,139797
TJN_TJX_TJMaxx 2H DIG_FY18,xAd Inc.,PJPXJY_TJN_TJX_028_Mobile_GROUND TRUTH FKA XAD_DST_SV1_MAP_DIR_DSP_TRG_RON_BTG_BTG_DVY_PHASE 1_BEHAVIORAL AUDIENCE STRATEGIC SAVERS PLACEMENT - STANDARD BANNER - Fall Hero_Run of Network_Behavioral_F25-54_300 x 250_Click and View_NV_NA,204484017,9/13/2017,10618,202,10416,10367,49,6,43,21,22,10373,5066,5087
TJN_TJX_TJMaxx 2H DIG_FY18,Viant,"PJNSGR_TJN_TJX_028_Data_VIANT INC_DSI_SV1_TWB_DIR_DSP_TRG_RON_BTG_CTG_DVY_PHASE 1_VIANT DIRECT MATCH RETAIL, TJX PORFOLIO LOYALISTS, DISPLAY_Fixed Placement_Behavioral_F25-54_160 x 600_Standard_NV_NA",204478520,10/13/2017,429,3,426,0,426,19,407,181,226,19,8,189
TJN_TJX_TJMaxx 2H DIG_FY18,Foursquare,"PJPRVG_TJN_TJX_028_Audience_FOURSQUARE LABS, INC_DST_SV1_MAP_PRO_DSP_TRG_RON_PXT_BTG_DVY_PHASE 1_PINPOINT COMPETITIVE CONQUESTING AV_Run of Network_Geo_F25-54_300 x 250_Standard_NV_NA",204527412,9/18/2017,220,19,201,74,127,23,104,40,64,97,37,77
TJN_MAR_023_Marshalls 2H Digital_F18,NinthDecimal,PJPSRZ_TJN_MAR_023_Mobile_NINTHDECIMAL_DST_SV1_MAP_DIR_RCH_TRG_RON_BTG_DMA_DVY_CONSUMER JOURNEY: BARGAIN HUNTERS_Run of Network_Behavioral_F25-54_320 x 50_Click and View_NV_NA,204542873,10/2/2017,17321,377,16944,7246,9698,37,9661,9399,262,7283,7085,16484
TJN_TJX_TJMaxx 2H DIG_FY18,PlaceIQ,PK19Z0_TJN_TJX_028_Mobile_PLACEIQ INC_DST_SV1_MAP_DIR_RCH_TRG_RON_BTG_PTG_DVY_PHASE 1_RICH MEDIA_STRATEGIC SAVERS_APPAREL OR FURNISHINGS DISCRETIONARY SPEND+IMPULSE BUYER SHOPPERS_Run of Network_Behavioral_F25-54_320 x 50_Click and View_NV_NA,205563158,10/9/2017,36326,795,35531,13525,22006,699,21307,20922,385,14224,13967,34889
TJN_TJX_TJMaxx 2H DIG_FY18,Viant,"PK2V4S_TJN_TJX_028_Data_VIANT INC_DSI_SV1_TWB_DIR_RCH_TRG_INT_BTG_CTG_DVY_PHASE 1_VIANT IMP, W25-54 STRATEGIC SAVERS, CONTOBOX - Fall Homes_Fixed Placement_Behavioral_F25-54_300 x 250_Click and View_NV_NA",205687927,9/26/2017,4115,40,4075,5,4070,592,3478,1110,2368,597,191,1301
TJN_TJX_TJMaxx 2H DIG_FY18,Conversant Inc.,PJNPMJ_TJN_TJC_031_Audience_CONVERSANT_PUR_ROI_MAP_NET_DSP_TRG_RON_BTG_BTG_DVY_SMARTPHONE MEDIUM RECTANGLE - STRATEGIC SAVERS_Run of Site_Other_P18+_300 x 250_Standard_NV_NA,204442063,10/12/2017,1100,8,1092,0,1092,187,905,600,305,187,124,724
TJN_MAR_023_Marshalls 2H Digital_F18,NinthDecimal,PJPSRX_TJN_MAR_023_Mobile_NINTHDECIMAL_DST_SV1_MAP_DIR_RCH_TRG_RON_BTG_PXT_DVY_LOCATION GRAPH: COMPETITIVE CONQUESTING_Run of Network_Behavioral_F25-54_320 x 50_Click and View_NV_NA,204542879,9/6/2017,9919,213,9706,4634,5072,60,5012,4852,160,4694,4544,9396
TJN_TJX_TJMaxx 2H DIG_FY18,xAd Inc.,PKF5JT_TJN_TJX_028_Mobile_GROUND TRUTH FKA XAD_DST_SV1_MAP_DIR_DSP_TRG_RON_RTG_RTG_DVY_PHASE 1_LOCATION AUDIENCE COMPETITIVE CONQUESTING PLACEMENT - STANDARD BANNER - Find A Store V1_Run of Network_Retarget_F25-54_320 x 50_Click and View_NV_NA,206813083,10/15/2017,4796,62,4734,1819,2915,652,2263,1676,587,2471,1813,3489
TJN_MAR_023_Marshalls 2H Digital_F18,NinthDecimal,PJPSRV_TJN_MAR_023_Mobile_NINTHDECIMAL_DST_SV1_MAP_DIR_RCH_TRG_RON_BTG_PXT_DVY_LOCATION GRAPH: MARSHALLS LOYALISTS_Run of Network_Behavioral_F25-54_320 x 50_Click and View_NV_NA,204555232,9/23/2017,13965,311,13654,3854,9800,40,9760,9416,344,3894,3757,13173
TJN_TJX_TJMaxx 2H DIG_FY18,Viant,"PJSPBW_TJN_TJC_031_Data_VIANT INC_PUR_ROI_MWB_DIR_DSP_TRG_RON_BTG_MKT_DVY_DETERMINSTIC LAL OF ECOM CONVERTERS, CROSS DEVICE DISPLAY_Fixed Placement_Behavioral_F25-54_300 x 50_Click_NV_NA",204733524,10/4/2017,449,1,448,0,448,148,300,162,138,148,80,242
TJN_TJX_TJMaxx 2H DIG_FY18,Viant,"PJNSHC_TJN_TJX_028_Data_VIANT INC_DSI_SV1_DSK_DIR_DSP_TRG_RON_BTG_CTG_DVY_PHASE 1_VIANT DIRECT MATCH RETAIL, COMPETITIVE CONQUESTING, DISPLAY_Fixed Placement_Behavioral_F25-54_300 x 250_Standard_NV_NA",204478655,9/26/2017,15791,1294,14497,0,14497,914,13583,9940,3643,914,669,10609
TJN_TJX_TJMaxx 2H DIG_FY18,xAd Inc.,PJMTN2_TJN_TJX_028_Mobile_GROUND TRUTH FKA XAD_DST_SV1_MAP_DIR_DSP_TRG_RON_RTG_RTG_DVY_PHASE 1_LOCATION AUDIENCE COMPETITIVE CONQUESTING PLACEMENT - STANDARD BANNER - Fall Handbag_Run of Network_Retarget_F25-54_300 x 250_Click and View_NV_NA,204447824,10/12/2017,6936,101,6835,6834,1,0,1,1,0,6834,6834,6835
TJN_TJX_TJMaxx 2H DIG_FY18,Conversant Inc.,PJPTLN_TJN_TJC_031_Audience_CONVERSANT_PUR_ROI_MAP_NET_DSP_TRG_RON_BTG_BTG_DVY_SMARTPHONE MEDIUM RECTANGLE - TRENDSETTERS_Run of Site_Other_P18+_300 x 250_Standard_NV_NA,204446141,10/13/2017,664,8,656,0,656,85,571,469,102,85,70,539
TJN_MAR_023_Marshalls 2H Digital_F18,xAd Inc.,PJQ0YP_TJN_MAR_023_Mobile_GROUND TRUTH FKA XAD_DST_SV1_MAP_DIR_DSP_TRG_RON_PXT_BTG_DVY_GEOBLOCKS LOYALTY - DYNAMIC DISTANCE_Run of Network_Geo_F25-54_300 x 250_Click and View_NV_NA,204537983,9/15/2017,5807,228,5579,5567,12,3,9,3,6,5570,1857,1860
TJN_TJX_TJMaxx 2H DIG_FY18,xAd Inc.,PJMTN8_TJN_TJX_028_Mobile_GROUND TRUTH FKA XAD_DST_SV1_MAP_DIR_DSP_TRG_RON_BTG_BTG_DVY_PHASE 1_BEHAVIORAL AUDIENCE STRATEGIC SAVERS PLACEMENT - STANDARD BANNER - Maxx You Maxx Life_Run of Network_Behavioral_F25-54_320 x 50_Click and View_NV_NA,204447851,10/8/2017,13905,129,13776,5857,7919,111,7808,6257,1551,5968,4783,11040
TJN_TJX_TJMaxx 2H DIG_FY18,Foursquare,"PJPRVH_TJN_TJX_028_Audience_FOURSQUARE LABS, INC_DST_SV1_MAP_PRO_DSP_TRG_RON_PXT_BTG_DVY_PHASE 1_PINPOINT COMPETITIVE CONQUESTING AV_Run of Network_Geo_F25-54_320 x 50_Standard_NV_NA",204478088,10/10/2017,2706,32,2674,1322,1352,64,1288,1037,251,1386,1116,2153
TJN_TJX_TJMaxx 2H DIG_FY18,Conversant Inc.,PJPWP9_TJN_TJX_028_Audience_CONVERSANT_DST_SV1_DSK_NET_DSP_TRG_RON_BTG_BTG_DVY_PHASE 1_ DESKTOP MEDIUM RECTANGLE - CONVERSANT SHOPPERS AV_Run of Site_Behavioral_P18+_300 x 250_Standard_NV_NA,204483957,10/20/2017,1242,64,1178,0,1178,313,865,374,491,313,135,509
TJN_MAR_023_Marshalls 2H Digital_F18,NinthDecimal,PJPSRZ_TJN_MAR_023_Mobile_NINTHDECIMAL_DST_SV1_MAP_DIR_RCH_TRG_RON_BTG_DMA_DVY_CONSUMER JOURNEY: BARGAIN HUNTERS_Run of Network_Behavioral_F25-54_320 x 50_Click and View_NV_NA,204542873,9/23/2017,25254,425,24829,9640,15189,94,15095,14643,452,9734,9443,24086
TJN_TJX_TJMaxx 2H DIG_FY18,Conversant Inc.,PJPTLM_TJN_TJC_031_Audience_CONVERSANT_PUR_ROI_MAP_NET_DSP_TRG_RON_BTG_BTG_DVY_SMARTPHONE SMALL BANNER - TRENDSETTERS_Run of Site_Other_P18+_320 x 50_Standard_NV_NA,204447785,10/18/2017,1621,24,1597,0,1597,267,1330,773,557,267,155,928
TJN_TJX_TJMaxx 2H DIG_FY18,PlaceIQ,PKF0S1_TJN_TJX_028_Mobile_PLACEIQ INC_DST_SV1_MAP_DIR_DSP_TRG_RON_BTG_PXT_DVY_PHASE 1_STANDARD BANNER_TJX PROXIMITY LOYALISTS_WORK BY TJMAXX - Booties_Run of Network_Behavioral_F25-54_300 x 250_Click and View_NV_NA,206833239,10/21/2017,268,27,241,79,162,0,162,155,7,79,76,231
TJN_TJX_TJMaxx 2H DIG_FY18,Foursquare,"PKFMKW_TJN_TJX_028_Audience_FOURSQUARE LABS, INC_DST_SV1_MAP_PRO_RCH_TRG_RON_PXT_BTG_DVY_PHASE 1_MOBILE RICH MEDIA TRENDSETTERS - Booties_Run of Network_Geo_F25-54_300 x 250_Standard_NV_NA",206833557,10/17/2017,3560,63,3497,550,2947,180,2767,730,2037,730,193,923
TJN_TJX_TJMaxx 2H DIG_FY18,PlaceIQ,PK19YZ_TJN_TJX_028_Mobile_PLACEIQ INC_DST_SV1_MAP_DIR_RCH_TRG_RON_BTG_PTG_DVY_PHASE 1_RICH MEDIA_STRATEGIC SAVERS_INFORMER CONSUMER SHOPPERS+TOP TIER APPAREL SHOPPER_Run of Network_Behavioral_F25-54_320 x 50_Click and View_NV_NA,205563548,10/4/2017,28087,540,27547,14095,13452,867,12585,12124,461,14962,14414,26538
TJN_MAR_023_Marshalls 2H Digital_F18,NinthDecimal,PJPSRV_TJN_MAR_023_Mobile_NINTHDECIMAL_DST_SV1_MAP_DIR_RCH_TRG_RON_BTG_PXT_DVY_LOCATION GRAPH: MARSHALLS LOYALISTS_Run of Network_Behavioral_F25-54_320 x 50_Click and View_NV_NA,204555232,10/2/2017,35222,986,34236,12634,21602,97,21505,20632,873,12731,12214,32846
TJN_TJX_TJMaxx 2H DIG_FY18,Foursquare,"PJPRQJ_TJN_TJX_028_Audience_FOURSQUARE LABS, INC_DST_SV1_MAP_PRO_DSP_TRG_RON_PXT_BTG_DVY_PHASE 1_PINPOINT STRATEGIC SAVERS AV_Run of Network_Geo_F25-54_320 x 50_Standard_NV_NA",204525369,10/16/2017,2040,23,2017,515,1502,96,1406,1077,329,611,468,1545
TJN_TJX_TJMaxx 2H DIG_FY18,Viant,"PJNSH9_TJN_TJX_028_Data_VIANT INC_DSI_SV1_TWB_DIR_DSP_TRG_RON_BTG_CTG_DVY_PHASE 1_VIANT DIRECT MATCH RETAIL, COMPETITIVE CONQUESTING, DISPLAY_Fixed Placement_Behavioral_F25-54_300 x 250_Standard_NV_NA",204526701,10/8/2017,7635,68,7567,0,7567,1561,6006,4677,1329,1561,1216,5893
TJN_TJX_TJMaxx 2H DIG_FY18,Conversant Inc.,PJPTMQ_TJN_TJC_031_Audience_CONVERSANT_PUR_ROI_DSK_NET_DSP_TRG_RON_BTG_BTG_DVY_DESKTOP MEDIUM RECTANGLE- COMPETITIVE CONQUESTING_Run of Site_Other_P18+_300 x 250_Standard_NV_NA,204447218,10/7/2017,14895,532,14363,0,14363,2453,11910,6319,5591,2453,1301,7620
TJN_TJX_TJMaxx 2H DIG_FY18,NBC Universal Media,PK3H7F_TJN_TJX_028_Content_NBCUNI.COM_BAF_BS2_DSK_DIR_DSP_SPN_HPT_CTG_CTG_DCM_100% SOV NBC HOMEPAGE ROADBLOCK 10/10 - 300X50 MOBILE_HP Takeover_Contextual_F25-54_300 x 50_Standard_NV_NA,205634588,10/11/2017,23904,478,23426,9,23417,1565,21852,16934,4918,1574,1220,18154
TJN_TJX_TJMaxx 2H DIG_FY18,Conversant Inc.,PJPWP8_TJN_TJX_028_Audience_CONVERSANT_DST_SV1_DSK_NET_DSP_TRG_RON_BTG_BTG_DVY_PHASE 1_ DESKTOP LEADERBOARD - CONVERSANT SHOPPERS AV_Run of Site_Behavioral_P18+_728 x 90_Standard_NV_NA,204446132,10/5/2017,659,49,610,0,610,69,541,343,198,69,44,387
TJN_MAR_023_Marshalls 2H Digital_F18,xAd Inc.,PJQ0YL_TJN_MAR_023_Mobile_GROUND TRUTH FKA XAD_DST_SV1_MAP_DIR_DSP_TRG_RON_BTG_PXT_DVY_COMPETITOR SHOPPERS - DYNAMIC DISTANCE_Run of Network_Geo_F25-54_320 x 50_Click and View_NV_NA,204595638,10/12/2017,7014,53,6961,3994,2967,185,2782,2519,263,4179,3778,6297
TJN_TJX_TJMaxx 2H DIG_FY18,Viant,"PK2V4V_TJN_TJX_028_Data_VIANT INC_DSI_SV1_TWB_DIR_RCH_TRG_INT_BTG_CTG_DVY_PHASE 1_VIANT IMP, W25-54 STRATEGIC SAVERS, CONTOBOX - Fall Homes_Fixed Placement_Behavioral_F25-54_728 x 90_Click and View_NV_NA",205725966,10/9/2017,7679,70,7609,4,7605,658,6947,3303,3644,662,315,3618
TJN_TJX_TJMaxx 2H DIG_FY18,xAd Inc.,PJMTN1_TJN_TJX_028_Mobile_GROUND TRUTH FKA XAD_DST_SV1_MAP_DIR_DSP_TRG_RON_DMA_DMA_DVY_PHASE 1_ADDED VALUE DMA TARGETING STANDALONE: STANDARD BANNER - Maxx You Maxx Life_Run of Network_Geo_F25-54_320 x 50_Click and View_NV_NA,204443461,9/9/2017,24327,286,24041,5618,18423,270,18153,15953,2200,5888,5174,21127
TJN_TJX_TJMaxx 2H DIG_FY18,Viant,"PK2X7J_TJN_TJX_028_Data_VIANT INC_DSI_SV1_MWB_DIR_RCH_TRG_INT_BTG_CTG_DVY_PHASE 1_VIANT IMP, W25-54 STRATEGIC SAVERS, CONTOBOX - Honeycomb_Fixed Placement_Behavioral_F25-54_300 x 250_Click and View_NV_NA",205688479,10/4/2017,14842,202,14640,7,14633,1277,13356,2211,11145,1284,213,2424
TJN_TJX_TJMaxx 2H DIG_FY18,Viant,"PJNSHB_TJN_TJX_028_Data_VIANT INC_DSI_SV1_MWB_DIR_DSP_TRG_RON_BTG_CTG_DVY_PHASE 1_VIANT DIRECT MATCH RETAIL, COMPETITIVE CONQUESTING, DISPLAY_Fixed Placement_Behavioral_F25-54_300 x 50_Standard_NV_NA",204478658,9/25/2017,18750,302,18448,0,18448,1486,16962,13970,2992,1486,1224,15194
TJN_TJX_TJMaxx 2H DIG_FY18,Hulu,PK3CXJ_TJN_TJX_027_Content_HULU_BAF_BS2_MAP_DIR_CUS_SPN_CHS_CTG_CTG_DVY_FALL TV SPONSORSHIP: PREMIUM SLATE - MOBILE IN APP_FEP_Contextual_F25-54_1920 x 1080_Standard_NV_NA,205683919,10/1/2017,1,0,1,1,0,0,0,0,0,1,1,1
TJN_TJX_TJMaxx 2H DIG_FY18,NBC Universal Media,PK2KJY_TJN_TJX_028_Content_NBCUNI.COM_BAF_BS2_DSK_DIR_VID_SPN_ROS_BTG_CTG_MOA_THIS IS US SPONSORSHIP: DESKTOP - VIGNETTE 3_Run of Site_Behavioral_F25-54_1920 x 1080_Click and View_NV_NA,205659768,10/14/2017,27477,519,26958,26958,0,0,0,0,0,26958,19292,19292
TJN_TJX_TJMaxx 2H DIG_FY18,Foursquare,"PJMQ2D_TJN_TJX_028_Audience_FOURSQUARE LABS, INC_DST_SV1_MAP_PRO_DSP_TRG_RON_PXT_BTG_DVY_PHASE 1_PINPOINT STRATEGIC SAVERS_Run of Network_Geo_F25-54_300 x 250_Standard_NV_NA",204483457,10/11/2017,5216,381,4835,2569,2266,144,2122,1056,1066,2713,1350,2406
TJN_TJX_TJMaxx 2H DIG_FY18,Foursquare,"PJPRV8_TJN_TJX_028_Audience_FOURSQUARE LABS, INC_DST_SV1_MAP_PRO_DSP_TRG_RON_PXT_BTG_DVY_PHASE 1_PINPOINT TRENDSETTERS AV_Run of Network_Geo_F25-54_300 x 250_Standard_NV_NA",204527100,9/20/2017,243,19,224,45,179,7,172,61,111,52,18,79
TJN_MAR_023_Marshalls 2H Digital_F18,Bustle,PK5G3Z_TJN_MAR_023_Content_BUSTLE_RON - Bustle & Elite Daily 3rd Party Data Targeted & Keyword Targeted - Panoramic_Run of Network_Contextual_F25-54_1 x 1_Click and View_NV_NA,206333610,10/19/2017,166365,4271,162094,2809,159285,145738,13547,5789,7758,148547,63478,69267
TJN_TJX_TJMaxx 2H DIG_FY18,Hulu,PK3CXJ_TJN_TJX_027_Content_HULU_BAF_BS2_MAP_DIR_CUS_SPN_CHS_CTG_CTG_DVY_FALL TV SPONSORSHIP: PREMIUM SLATE - MOBILE IN APP_FEP_Contextual_F25-54_1920 x 1080_Standard_NV_NA,205683919,10/2/2017,2,0,2,2,0,0,0,0,0,2,1,1
TJN_TJX_TJMaxx 2H DIG_FY18,Conversant Inc.,PJPWPF_TJN_TJX_028_Audience_CONVERSANT_DST_SV1_TAP_NET_DSP_TRG_RON_BTG_BTG_DVY_PHASE 1_ TABLET LEADERBOARD - CONVERSANT SHOPPERS AV_Run of Site_Behavioral_P18+_728 x 90_Standard_NV_NA,204442915,10/17/2017,50,2,48,0,48,17,31,29,2,17,16,45
TJN_TJX_TJMaxx 2H DIG_FY18,Conversant Inc.,PJPWBT_TJN_TJX_028_Audience_CONVERSANT_DST_SV1_DSK_NET_DSP_TRG_RON_BTG_BTG_DVY_PHASE 1_ DESKTOP LEADERBOARD - CJ INTERACTORS LAL MODELING_Run of Site_Behavioral_P18+_728 x 90_Standard_NV_NA,204446096,10/20/2017,56367,3344,53023,12,53011,5727,47284,17383,29901,5739,2110,19493
TJN_TJX_TJMaxx 2H DIG_FY18,xAd Inc.,PKF5KT_TJN_TJX_028_Mobile_GROUND TRUTH FKA XAD_DST_SV1_MAP_DIR_DSP_TRG_RON_RTG_RTG_DVY_PHASE 1_LOCATION AUDIENCE TJX SHOPPERS PLACEMENT - STANDARD BANNER - Dresses_Run of Network_Retarget_F25-54_300 x 250_Click and View_NV_NA,206832789,10/16/2017,2493,40,2453,2449,4,0,4,4,0,2449,2449,2453
TJN_TJX_TJMaxx 2H DIG_FY18,Viant,"PJSPCF_TJN_TJC_031_Data_VIANT INC_PUR_ROI_DSK_DIR_DSP_TRG_RON_BTG_MKT_DVY_W25-54 + ONLINE SHOPPERS, CROSS DEVICE DISPLAY_Fixed Placement_Behavioral_F25-54_320 x 50_Click_NV_NA",204715639,10/16/2017,5896,109,5787,0,5787,784,5003,4190,813,784,657,4847
TJN_TJX_TJMaxx 2H DIG_FY18,Conversant Inc.,PJPWPH_TJN_TJX_028_Audience_CONVERSANT_DST_SV1_MAP_NET_DSP_TRG_RON_BTG_BTG_DVY_PHASE 1_ SMARTPHONE MEDIUM RECTANGLE  - CONVERSANT SHOPPERS AV_Run of Site_Behavioral_P18+_300 x 250_Standard_NV_NA,204442060,9/27/2017,289,3,286,0,286,80,206,94,112,80,37,131
TJN_TJX_TJMaxx 2H DIG_FY18,Foursquare,"PJMQ2D_TJN_TJX_028_Audience_FOURSQUARE LABS, INC_DST_SV1_MAP_PRO_DSP_TRG_RON_PXT_BTG_DVY_PHASE 1_PINPOINT STRATEGIC SAVERS_Run of Network_Geo_F25-54_300 x 250_Standard_NV_NA",204483457,10/6/2017,7547,889,6658,2523,4135,306,3829,1836,1993,2829,1357,3193
TJN_TJX_TJMaxx 2H DIG_FY18,Conversant Inc.,PJNPM2_TJN_TJX_028_Audience_CONVERSANT_DST_SV1_MAP_NET_DSP_TRG_RON_BTG_BTG_DVY_PHASE 1_ SMARTPHONE MEDIUM RECTANGLE  - CJ CONVERTERS LAL MODELING_Run of Site_Behavioral_P18+_300 x 250_Standard_NV_NA,204442021,10/15/2017,61992,855,61137,84,61053,9104,51949,14231,37718,9188,2517,16748
TJN_TJX_TJMaxx 2H DIG_FY18,Viant,"PJNSGQ_TJN_TJX_028_Data_VIANT INC_DSI_SV1_MWB_DIR_DSP_TRG_RON_BTG_CTG_DVY_PHASE 1_VIANT DIRECT MATCH RETAIL, TJX PORFOLIO LOYALISTS, DISPLAY_Fixed Placement_Behavioral_F25-54_300 x 250_Standard_NV_NA",204482395,10/15/2017,9255,23,9232,0,9232,1658,7574,6076,1498,1658,1330,7406
TJN_MAR_023_Marshalls 2H Digital_F18,xAd Inc.,PJQ0YD_TJN_MAR_023_Mobile_GROUND TRUTH FKA XAD_DST_SV1_MAP_DIR_RCH_TRG_RON_WEA_PXT_DVY_PROXIMITY CONQUESTING - WEATHER LOCATOR UNIT_Run of Network_Weather_F25-54_320 x 50_Click and View_NV_NA,204541553,9/6/2017,20705,509,20196,15273,4923,97,4826,4559,267,15370,14520,19079
TJN_TJX_TJMaxx 2H DIG_FY18,Conversant Inc.,PJPTMH_TJN_TJC_031_Audience_CONVERSANT_PUR_ROI_TAP_NET_DSP_TRG_RON_BTG_BTG_DVY_TABLET LEADERBOARD- COMPETITIVE CONQUESTING_Run of Site_Other_P18+_728 x 90_Standard_NV_NA,204483936,10/8/2017,763,6,757,0,757,98,659,369,290,98,55,424
TJN_TJX_TJMaxx 2H DIG_FY18,xAd Inc.,PJMTMR_TJN_TJX_028_Mobile_GROUND TRUTH FKA XAD_DST_SV1_MAP_DIR_RCH_TRG_RON_PXT_PXT_DVY_PHASE 1_PROXIMITY LOYALTY PLACEMENT - RICH MEDIA STORE LOCATOR - Fall Handbag_Run of Network_Geo_F25-54_300 x 250_Click and View_NV_NA,204442093,10/19/2017,6,3,3,1,2,0,2,2,0,1,1,3
TJN_TJX_TJMaxx 2H DIG_FY18,Viant,"PK2V4X_TJN_TJX_028_Data_VIANT INC_DSI_SV1_DSK_DIR_RCH_TRG_INT_BTG_CTG_DVY_PHASE 1_VIANT IMP, W25-54 STRATEGIC SAVERS, CONTOBOX - Fall Homes_Fixed Placement_Behavioral_F25-54_300 x 250_Click and View_NV_NA",205688458,10/4/2017,18313,119,18194,4,18190,1820,16370,4481,11889,1824,499,4980
TJN_MAR_023_Marshalls 2H Digital_F18,xAd Inc.,PJQ0Y8_TJN_MAR_023_Mobile_GROUND TRUTH FKA XAD_DST_SV1_MAP_DIR_RCH_TRG_RON_WEA_PXT_DVY_PROXIMITY LOYALTY - WEATHER LOCATOR UNIT_Run of Network_Weather_F25-54_320 x 50_Click and View_NV_NA,204556189,10/12/2017,204218,6458,197760,68313,129447,1836,127611,115869,11742,70149,63694,179563
TJN_TJX_TJMaxx 2H DIG_FY18,Conversant Inc.,PJPWC1_TJN_TJX_028_Audience_CONVERSANT_DST_SV1_MAP_NET_DSP_TRG_RON_BTG_BTG_DVY_PHASE 1_ SMARTPHONE MEDIUM RECTANGLE  - CJ INTERACTORS LAL MODELING_Run of Site_Behavioral_P18+_300 x 250_Standard_NV_NA,204483942,10/19/2017,4195,66,4129,9,4120,876,3244,605,2639,885,165,770
TJN_TJX_TJMaxx 2H DIG_FY18,Viant,"PKGK1J_TJN_TJX_028_Data_VIANT INC_DSI_SV1_TWB_DIR_RCH_TRG_INT_BTG_CTG_DVY_PHASE 1_VIANT IMP, W25-54 STRATEGIC SAVERS, CONTOBOX - Dresses_Fixed Placement_Behavioral_F25-54_160 x 600_Click and View_NV_NA",206772461,10/21/2017,1,0,1,0,1,0,1,1,0,0,0,1
TJN_MAR_023_Marshalls 2H Digital_F18,xAd Inc.,PJQ0Y9_TJN_MAR_023_Mobile_GROUND TRUTH FKA XAD_DST_SV1_MAP_DIR_RCH_TRG_RON_WEA_PXT_DVY_PROXIMITY LOYALTY - WEATHER LOCATOR UNIT_Run of Network_Weather_F25-54_300 x 250_Click and View_NV_NA,204541757,9/17/2017,631,33,598,7,591,97,494,476,18,104,100,576
TJN_MAR_023_Marshalls 2H Digital_F18,NinthDecimal,PJPSRV_TJN_MAR_023_Mobile_NINTHDECIMAL_DST_SV1_MAP_DIR_RCH_TRG_RON_BTG_PXT_DVY_LOCATION GRAPH: MARSHALLS LOYALISTS_Run of Network_Behavioral_F25-54_320 x 50_Click and View_NV_NA,204555232,10/1/2017,122200,3478,118722,44287,74435,289,74146,71799,2347,44576,43165,114964
TJN_TJX_TJMaxx 2H DIG_FY18,Viant,"PK2X7K_TJN_TJX_028_Data_VIANT INC_DSI_SV1_DSK_DIR_RCH_TRG_INT_BTG_CTG_DVY_PHASE 1_VIANT IMP, W25-54 STRATEGIC SAVERS, CONTOBOX - Honeycomb_Fixed Placement_Behavioral_F25-54_160 x 600_Click and View_NV_NA",205726917,10/14/2017,4093,312,3781,8,3773,163,3610,1407,2203,171,67,1474
TJN_MAR_023_Marshalls 2H Digital_F18,xAd Inc.,PJQ0YN_TJN_MAR_023_Mobile_GROUND TRUTH FKA XAD_DST_SV1_MAP_DIR_DSP_TRG_RON_PXT_BTG_DVY_GEOBLOCKS LOYALTY - DYNAMIC DISTANCE_Run of Network_Geo_F25-54_320 x 50_Click and View_NV_NA,204558328,10/17/2017,10365,222,10143,8190,1953,183,1770,1472,298,8373,6859,8331
TJN_MAR_023_Marshalls 2H Digital_F18,xAd Inc.,PJQ0YH_TJN_MAR_023_Mobile_GROUND TRUTH FKA XAD_DST_SV1_MAP_DIR_DSP_TRG_RON_BTG_DMA_DVY_BEHAVIORAL - FASHION SHOPPER - DYNAMIC DISTANCE_Run of Network_Behavioral_F25-54_300 x 250_Click and View_NV_NA,204543443,9/27/2017,20876,6659,14217,14027,190,9,181,166,15,14036,12873,13039
TJN_TJX_TJMaxx 2H DIG_FY18,xAd Inc.,PJMTN9_TJN_TJX_028_Mobile_GROUND TRUTH FKA XAD_DST_SV1_MAP_DIR_DSP_TRG_RON_BTG_BTG_DVY_PHASE 1_BEHAVIORAL AUDIENCE STRATEGIC SAVERS PLACEMENT - STANDARD BANNER - Fall Handbag_Run of Network_Behavioral_F25-54_300 x 250_Click and View_NV_NA,204447293,9/17/2017,11206,233,10973,10967,6,0,6,0,6,10967,0,0
TJN_TJX_TJMaxx 2H DIG_FY18,Foursquare,"PJPSSZ_TJN_TJX_028_Audience_FOURSQUARE LABS, INC_DST_SV1_MAP_PRO_RCH_TRG_RON_PXT_BTG_DVY_PHASE 1_MOBILE RICH MEDIA COMPETITIVE CONQUESTING - Fall Handbag_Run of Network_Geo_F25-54_300 x 250_Standard_NV_NA",204478073,9/27/2017,2142,132,2010,788,1222,76,1146,377,769,864,284,661
TJN_TJX_TJMaxx 2H DIG_FY18,xAd Inc.,PJMTN5_TJN_TJX_028_Mobile_GROUND TRUTH FKA XAD_DST_SV1_MAP_DIR_RCH_TRG_RON_BTG_BTG_DVY_PHASE 1_BEHAVIORAL AUDIENCE TRENDSETTERS PLACEMENT - RICH MEDIA STORE LOCATOR - TJ Maxx_Run of Network_Behavioral_F25-54_320 x 50_Click and View_NV_NA,204442936,10/17/2017,6,2,4,4,0,0,0,0,0,4,3,3
TJN_MAR_023_Marshalls 2H Digital_F18,NinthDecimal,PJPSRZ_TJN_MAR_023_Mobile_NINTHDECIMAL_DST_SV1_MAP_DIR_RCH_TRG_RON_BTG_DMA_DVY_CONSUMER JOURNEY: BARGAIN HUNTERS_Run of Network_Behavioral_F25-54_320 x 50_Click and View_NV_NA,204542873,10/1/2017,26488,328,26160,10320,15840,65,15775,15299,476,10385,10072,25371
TJN_MAR_023_Marshalls 2H Digital_F18,NinthDecimal,PJPSRT_TJN_MAR_023_Mobile_NINTHDECIMAL_DST_SV1_MAP_DIR_RCH_TRG_RON_PXT_DMA_DVY_GEOFENCE: 15-20-MILE RADIUS AROUND RURAL STORES_Run of Network_Geo_F25-54_320 x 50_Click and View_NV_NA,204542885,9/30/2017,79733,1847,77886,23290,54596,230,54366,53002,1364,23520,22930,75932
TJN_TJX_TJMaxx 2H DIG_FY18,Conversant Inc.,PJPWPD_TJN_TJX_028_Audience_CONVERSANT_DST_SV1_MAP_NET_DSP_TRG_RON_BTG_BTG_DVY_PHASE 1_ SMARTPHONE SMALL BANNER  - CONVERSANT SHOPPERS AV_Run of Site_Behavioral_P18+_320 x 50_Standard_NV_NA,204447251,9/29/2017,1227,24,1203,0,1203,265,938,637,301,265,180,817
TJN_MAR_023_Marshalls 2H Digital_F18,Bustle,"PK5G3X_TJN_MAR_023_Content_BUSTLE_ROC Fashion, Lifestyle Channel - Panoramic Unit_Run of Site_Contextual_F25-54_1 x 1_Click and View_NV_NA",206333601,10/20/2017,173615,4491,169124,58,169066,154666,14400,10775,3625,154724,115774,126549
TJN_MAR_023_Marshalls 2H Digital_F18,xAd Inc.,PJQ0YG_TJN_MAR_023_Mobile_GROUND TRUTH FKA XAD_DST_SV1_MAP_DIR_DSP_TRG_RON_BTG_DMA_DVY_BEHAVIORAL - FASHION SHOPPER - DYNAMIC DISTANCE_Run of Network_Behavioral_F25-54_320 x 50_Click and View_NV_NA,204557581,10/21/2017,48378,525,47853,44370,3483,391,3092,2120,972,44761,31836,33956
TJN_TJX_TJMaxx 2H DIG_FY18,xAd Inc.,PKF8TX_TJN_TJX_028_Mobile_GROUND TRUTH FKA XAD_DST_SV1_MAP_DIR_RCH_TRG_RON_PXT_PXT_DVY_PHASE 1_PROXIMITY LOYALTY PLACEMENT - RICH MEDIA STORE LOCATOR - Dresses_Run of Network_Geo_F25-54_300 x 250_Click and View_NV_NA,206772077,10/21/2017,5393,11,5382,58,5324,12,5312,5039,273,70,66,5105
TJN_MAR_023_Marshalls 2H Digital_F18,xAd Inc.,PJQ0YK_TJN_MAR_023_Mobile_GROUND TRUTH FKA XAD_DST_SV1_MAP_DIR_DSP_TRG_RON_BTG_PXT_DVY_MARSHALLS SHOPPERS - DYNAMIC DISTANCE_Run of Network_Geo_F25-54_300 x 250_Click and View_NV_NA,204543440,9/9/2017,3321,203,3118,3118,0,0,0,0,0,3118,3028,3028
TJN_TJX_TJMaxx 2H DIG_FY18,NBC Universal Media,PK2KJL_TJN_TJX_028_Content_NBCUNI.COM_BAF_BS2_MAP_DIR_VID_SPN_ROS_BTG_CTG_MOA_THIS IS US SPONSORSHIP: MOBILE - VIGNETTE 2_Run of Site_Behavioral_F25-54_1920 x 1080_Click and View_NV_NA,205563473,10/9/2017,21723,96,21627,21627,0,0,0,0,0,21627,14100,14100
TJN_TJX_TJMaxx 2H DIG_FY18,PlaceIQ,PK19Z0_TJN_TJX_028_Mobile_PLACEIQ INC_DST_SV1_MAP_DIR_RCH_TRG_RON_BTG_PTG_DVY_PHASE 1_RICH MEDIA_STRATEGIC SAVERS_APPAREL OR FURNISHINGS DISCRETIONARY SPEND+IMPULSE BUYER SHOPPERS_Run of Network_Behavioral_F25-54_320 x 50_Click and View_NV_NA,205563158,9/26/2017,58375,5205,53170,29054,24116,899,23217,21430,1787,29953,27648,49078
TJN_TJX_TJMaxx 2H DIG_FY18,Viant,"PK2V4S_TJN_TJX_028_Data_VIANT INC_DSI_SV1_TWB_DIR_RCH_TRG_INT_BTG_CTG_DVY_PHASE 1_VIANT IMP, W25-54 STRATEGIC SAVERS, CONTOBOX - Fall Homes_Fixed Placement_Behavioral_F25-54_300 x 250_Click and View_NV_NA",205687927,10/9/2017,1523,23,1500,7,1493,212,1281,775,506,219,132,907
TJN_MAR_023_Marshalls 2H Digital_F18,NinthDecimal,PJPSRS_TJN_MAR_023_Mobile_NINTHDECIMAL_DST_SV1_MAP_DIR_RCH_TRG_RON_PXT_DMA_DVY_GEOFENCE: 5-10-MILE RADIUS AROUND SUBURBAN STORES_Run of Network_Geo_F25-54_320 x 50_Click and View_NV_NA,204541748,9/15/2017,25966,751,25215,10038,15177,79,15098,14709,389,10117,9856,24565
TJN_TJX_TJMaxx 2H DIG_FY18,Viant,"PKGKB1_TJN_TJX_028_Data_VIANT INC_DSI_SV1_TWB_DIR_CUS_TRG_NAT_BTG_CTG_DVY_PHASE 1_VIANT LIFESTYLE, TRENDSETTERS NATIVE- Dresses_Fixed Placement_Contextual_F25-54_0 x 0_Click and View_NV_NA",206772458,10/17/2017,6150,92,6058,6058,0,0,0,0,0,6058,4047,4047
TJN_TJX_TJMaxx 2H DIG_FY18,Foursquare,"PJPQKZ_TJN_TJX_028_Audience_FOURSQUARE LABS, INC_DST_SV1_MAP_PRO_DSP_TRG_RON_PXT_BTG_DVY_PHASE 1_PINPOINT TRENDSETTERS_Run of Network_Geo_F25-54_300 x 250_Standard_NV_NA",204481813,9/21/2017,18167,1567,16600,6031,10569,510,10059,4212,5847,6541,2739,6951
TJN_TJX_TJMaxx 2H DIG_FY18,Foursquare,"PKFMM0_TJN_TJX_028_Audience_FOURSQUARE LABS, INC_DST_SV1_MAP_PRO_RCH_TRG_RON_PXT_BTG_DVY_PHASE 1_MOBILE RICH MEDIA STRATEGIC SAVERS - Booties_Run of Network_Geo_F25-54_300 x 250_Standard_NV_NA",206813029,10/18/2017,770,9,761,566,195,40,155,97,58,606,379,476
TJN_TJX_TJMaxx 2H DIG_FY18,Conversant Inc.,PJPWPG_TJN_TJX_028_Audience_CONVERSANT_DST_SV1_TAP_NET_DSP_TRG_RON_BTG_BTG_DVY_PHASE 1_ TABLET MEDIUM RECTANGLE  - CONVERSANT SHOPPERS AV_Run of Site_Behavioral_P18+_300 x 250_Standard_NV_NA,204446129,9/12/2017,82,1,81,0,81,26,55,11,44,26,5,16
TJN_MAR_023_Marshalls 2H Digital_F18,xAd Inc.,PJQ0YB_TJN_MAR_023_Mobile_GROUND TRUTH FKA XAD_DST_SV1_MAP_DIR_DSP_TRG_RON_PXT_BTG_DVY_PROXIMITY CONQUESTING - DYNAMIC DISTANCE_Run of Network_Geo_F25-54_320 x 50_Click and View_NV_NA,204541799,10/3/2017,3,0,3,2,1,1,0,0,0,3,2,2
TJN_MAR_023_Marshalls 2H Digital_F18,xAd Inc.,PJQ0YG_TJN_MAR_023_Mobile_GROUND TRUTH FKA XAD_DST_SV1_MAP_DIR_DSP_TRG_RON_BTG_DMA_DVY_BEHAVIORAL - FASHION SHOPPER - DYNAMIC DISTANCE_Run of Network_Behavioral_F25-54_320 x 50_Click and View_NV_NA,204557581,9/9/2017,36575,567,36008,22185,13823,8011,5812,4762,1050,30196,23107,27869
TJN_TJX_TJMaxx 2H DIG_FY18,Viant,"PJNSHC_TJN_TJX_028_Data_VIANT INC_DSI_SV1_DSK_DIR_DSP_TRG_RON_BTG_CTG_DVY_PHASE 1_VIANT DIRECT MATCH RETAIL, COMPETITIVE CONQUESTING, DISPLAY_Fixed Placement_Behavioral_F25-54_300 x 250_Standard_NV_NA",204478655,10/9/2017,17888,879,17009,1,17008,731,16277,9621,6656,732,433,10054
TJN_MAR_023_Marshalls 2H Digital_F18,xAd Inc.,PJQ0YK_TJN_MAR_023_Mobile_GROUND TRUTH FKA XAD_DST_SV1_MAP_DIR_DSP_TRG_RON_BTG_PXT_DVY_MARSHALLS SHOPPERS - DYNAMIC DISTANCE_Run of Network_Geo_F25-54_300 x 250_Click and View_NV_NA,204543440,10/21/2017,38491,6882,31609,31609,0,0,0,0,0,31609,29197,29197
TJN_TJX_TJMaxx 2H DIG_FY18,Viant,"PJSPBX_TJN_TJC_031_Data_VIANT INC_PUR_ROI_TWB_DIR_DSP_TRG_RON_BTG_MKT_DVY_DETERMINSTIC LAL OF ECOM CONVERTERS, CROSS DEVICE DISPLAY_Fixed Placement_Behavioral_F25-54_728 x 90_Click_NV_NA",204716188,10/6/2017,1288,26,1262,0,1262,199,1063,507,556,199,95,602
TJN_TJX_TJMaxx 2H DIG_FY18,Viant,"PK2V4T_TJN_TJX_028_Data_VIANT INC_DSI_SV1_TWB_DIR_RCH_TRG_INT_BTG_CTG_DVY_PHASE 1_VIANT IMP, W25-54 STRATEGIC SAVERS, CONTOBOX - Fall Homes_Fixed Placement_Behavioral_F25-54_160 x 600_Click and View_NV_NA",205687933,10/4/2017,448,1,447,0,447,43,404,27,377,43,3,30
TJN_TJX_TJMaxx 2H DIG_FY18,Conversant Inc.,PJPWP8_TJN_TJX_028_Audience_CONVERSANT_DST_SV1_DSK_NET_DSP_TRG_RON_BTG_BTG_DVY_PHASE 1_ DESKTOP LEADERBOARD - CONVERSANT SHOPPERS AV_Run of Site_Behavioral_P18+_728 x 90_Standard_NV_NA,204446132,10/17/2017,1929,153,1776,0,1776,136,1640,1120,520,136,93,1213
TJN_TJX_TJMaxx 2H DIG_FY18,xAd Inc.,PJMTNF_TJN_TJX_028_Mobile_GROUND TRUTH FKA XAD_DST_SV1_MAP_DIR_DSP_TRG_RON_PXT_PXT_DVY_PHASE 1_PROXIMITY LOYALTY PLACEMENT - STANDARD BANNER - Fall Handbag_Run of Network_Geo_F25-54_300 x 250_Click and View_NV_NA,204446159,9/18/2017,9932,269,9663,9593,70,16,54,11,43,9609,1957,1968
TJN_TJX_TJMaxx 2H DIG_FY18,Foursquare,"PJPSSX_TJN_TJX_028_Audience_FOURSQUARE LABS, INC_DST_SV1_MAP_PRO_RCH_TRG_RON_PXT_BTG_DVY_PHASE 1_MOBILE RICH MEDIA TRENDSETTERS - Fall Handbag_Run of Network_Geo_F25-54_300 x 250_Standard_NV_NA",204525354,9/29/2017,6267,370,5897,1363,4534,255,4279,955,3324,1618,361,1316
TJN_TJX_TJMaxx 2H DIG_FY18,xAd Inc.,PJPXJR_TJN_TJX_028_Mobile_GROUND TRUTH FKA XAD_DST_SV1_MAP_DIR_DSP_TRG_RON_RTG_RTG_DVY_PHASE 1_LOCATION AUDIENCE TJX SHOPPERS PLACEMENT - STANDARD BANNER - Fall Hero_Run of Network_Retarget_F25-54_300 x 250_Click and View_NV_NA,204442105,10/8/2017,7169,176,6993,6924,69,4,65,52,13,6928,5542,5594
TJN_TJX_TJMaxx 2H DIG_FY18,Viant,"PK2V4Y_TJN_TJX_028_Data_VIANT INC_DSI_SV1_MWB_DIR_RCH_TRG_INT_BTG_CTG_DVY_PHASE 1_VIANT IMP, W25-54 STRATEGIC SAVERS, CONTOBOX - Fall Homes_Fixed Placement_Behavioral_F25-54_320 x 50_Click and View_NV_NA",205685980,10/8/2017,6804,47,6757,4,6753,1289,5464,2862,2602,1293,677,3539
TJN_TJX_TJMaxx 2H DIG_FY18,Viant,"PJSPBZ_TJN_TJC_031_Data_VIANT INC_PUR_ROI_TWB_DIR_DSP_TRG_RON_BTG_MKT_DVY_DETERMINSTIC LAL OF ECOM CONVERTERS, CROSS DEVICE DISPLAY_Fixed Placement_Behavioral_F25-54_160 x 600_Click_NV_NA",204716194,10/18/2017,157,3,154,0,154,23,131,31,100,23,5,36
TJN_TJX_TJMaxx 2H DIG_FY18,Conversant Inc.,PJPTML_TJN_TJC_031_Audience_CONVERSANT_PUR_ROI_DSK_NET_DSP_TRG_RON_BTG_BTG_DVY_DESKTOP WIDE SKYSCRAPER- COMPETITIVE CONQUESTING_Run of Site_Other_P18+_160 x 600_Standard_NV_NA,204447224,10/15/2017,23658,2920,20738,2,20736,1311,19425,13911,5514,1313,940,14851
TJN_TJX_TJMaxx 2H DIG_FY18,Foursquare,"PJPRQH_TJN_TJX_028_Audience_FOURSQUARE LABS, INC_DST_SV1_MAP_PRO_DSP_TRG_RON_PXT_BTG_DVY_PHASE 1_PINPOINT STRATEGIC SAVERS AV_Run of Network_Geo_F25-54_300 x 250_Standard_NV_NA",204481807,9/5/2017,256,22,234,106,128,79,49,31,18,185,117,148
TJN_TJX_TJMaxx 2H DIG_FY18,Viant,"PJNSH8_TJN_TJX_028_Data_VIANT INC_DSI_SV1_TWB_DIR_DSP_TRG_RON_BTG_CTG_DVY_PHASE 1_VIANT DIRECT MATCH RETAIL, COMPETITIVE CONQUESTING, DISPLAY_Fixed Placement_Behavioral_F25-54_728 x 90_Standard_NV_NA",204483019,9/20/2017,586,5,581,0,581,57,524,254,270,57,28,282
TJN_TJX_TJMaxx 2H DIG_FY18,xAd Inc.,PJMTN0_TJN_TJX_028_Mobile_GROUND TRUTH FKA XAD_DST_SV1_MAP_DIR_DSP_TRG_RON_RTG_RTG_DVY_PHASE 1_LOCATION AUDIENCE TJX SHOPPERS PLACEMENT - STANDARD BANNER - Fall Handbag_Run of Network_Retarget_F25-54_300 x 250_Click and View_NV_NA,204447842,9/20/2017,23864,620,23244,22992,252,12,240,218,22,23004,20895,21113
TJN_TJX_TJMaxx 2H DIG_FY18,xAd Inc.,PKF4NT_TJN_TJX_028_Mobile_GROUND TRUTH FKA XAD_DST_SV1_MAP_DIR_RCH_TRG_RON_BTG_BTG_DVY_PHASE 1_BEHAVIORAL AUDIENCE TRENDSETTERS PLACEMENT - RICH MEDIA STORE LOCATOR - Sweaters_Run of Network_Behavioral_F25-54_300 x 250_Click and View_NV_NA,206813092,10/17/2017,1174,20,1154,9,1145,6,1139,1073,66,15,14,1087
TJN_TJX_TJMaxx 2H DIG_FY18,Foursquare,"PK0H82_TJN_TJX_028_Audience_FOURSQUARE LABS, INC_DST_SV1_MAP_PRO_RCH_TRG_RON_PXT_BTG_DVY_PHASE 1_MOBILE RICH MEDIA TRENDSETTERS - Find A Store_Run of Network_Geo_F25-54_320 x 50_Standard_NV_NA",205394971,9/25/2017,50060,1425,48635,36824,11811,979,10832,8061,2771,37803,28132,36193
TJN_TJX_TJMaxx 2H DIG_FY18,Viant,"PK2X7D_TJN_TJX_028_Data_VIANT INC_DSI_SV1_TWB_DIR_RCH_TRG_INT_BTG_CTG_DVY_PHASE 1_VIANT IMP, W25-54 STRATEGIC SAVERS, CONTOBOX - Honeycomb_Fixed Placement_Behavioral_F25-54_728 x 90_Click and View_NV_NA",205727832,10/11/2017,967,27,940,6,934,63,871,254,617,69,20,274
TJN_TJX_TJMaxx 2H DIG_FY18,xAd Inc.,PJMTMZ_TJN_TJX_028_Mobile_GROUND TRUTH FKA XAD_DST_SV1_MAP_DIR_DSP_TRG_RON_RTG_RTG_DVY_PHASE 1_LOCATION AUDIENCE TJX SHOPPERS PLACEMENT - STANDARD BANNER - Maxx You Maxx Life_Run of Network_Retarget_F25-54_320 x 50_Click and View_NV_NA,204484011,9/20/2017,65863,1280,64583,10824,53759,32473,21286,19880,1406,43297,40126,60006
TJN_TJX_TJMaxx 2H DIG_FY18,Viant,"PK2V4V_TJN_TJX_028_Data_VIANT INC_DSI_SV1_TWB_DIR_RCH_TRG_INT_BTG_CTG_DVY_PHASE 1_VIANT IMP, W25-54 STRATEGIC SAVERS, CONTOBOX - Fall Homes_Fixed Placement_Behavioral_F25-54_728 x 90_Click and View_NV_NA",205725966,9/26/2017,5022,55,4967,4,4963,576,4387,1631,2756,580,216,1847
TJN_TJX_TJMaxx 2H DIG_FY18,Viant,"PJSPCM_TJN_TJC_031_Data_VIANT INC_PUR_ROI_TWB_DIR_DSP_TRG_RON_BTG_MKT_DVY_W25-54 + ONLINE SHOPPERS, CROSS DEVICE DISPLAY_Fixed Placement_Behavioral_F25-54_300 x 250_Click_NV_NA",204733512,10/15/2017,60471,467,60004,20,59984,4027,55957,37534,18423,4047,2715,40249
TJN_TJX_TJMaxx 2H DIG_FY18,xAd Inc.,PKF4SK_TJN_TJX_028_Mobile_GROUND TRUTH FKA XAD_DST_SV1_MAP_DIR_DSP_TRG_RON_RTG_RTG_DVY_PHASE 1_LOCATION AUDIENCE COMPETITIVE CONQUESTING PLACEMENT - STANDARD BANNER - Dresses_Run of Network_Retarget_F25-54_300 x 250_Click and View_NV_NA,206832798,10/19/2017,2558,24,2534,2534,0,0,0,0,0,2534,2534,2534
TJN_MAR_023_Marshalls 2H Digital_F18,NinthDecimal,PJPSRR_TJN_MAR_023_Mobile_NINTHDECIMAL_DST_SV1_MAP_DIR_RCH_TRG_RON_PXT_DMA_DVY_GEOFENCE: 2-MILE RADIUS AROUND URBAN STORES_Run of Network_Geo_F25-54_320 x 50_Click and View_NV_NA,204541523,9/6/2017,14247,710,13537,7240,6297,29,6268,6088,180,7269,7060,13148
TJN_TJX_TJMaxx 2H DIG_FY18,Conversant Inc.,PJPWPF_TJN_TJX_028_Audience_CONVERSANT_DST_SV1_TAP_NET_DSP_TRG_RON_BTG_BTG_DVY_PHASE 1_ TABLET LEADERBOARD - CONVERSANT SHOPPERS AV_Run of Site_Behavioral_P18+_728 x 90_Standard_NV_NA,204442915,10/5/2017,69,0,69,0,69,8,61,37,24,8,5,42
TJN_TJX_TJMaxx 2H DIG_FY18,PlaceIQ,PK18VB_TJN_TJX_028_Mobile_PLACEIQ INC_DST_SV1_MAP_DIR_DSP_TRG_RON_BTG_PXT_DVY_PHASE 1_STANDARD BANNER_TJX PROXIMITY LOYALISTS_WORK BY TJMAXX - Maxx You Maxx Life_Run of Network_Behavioral_F25-54_320 x 50_Click and View_NV_NA,205563149,10/15/2017,26662,450,26212,14146,12066,148,11918,11779,139,14294,14127,25906
TJN_TJX_TJMaxx 2H DIG_FY18,Conversant Inc.,PJNPLX_TJN_TJX_028_Audience_CONVERSANT_DST_SV1_DSK_NET_DSP_TRG_RON_BTG_BTG_DVY_PHASE 1_ DESKTOP RECTANGLE - CJ CONVERTERS LAL MODELING_Run of Site_Behavioral_P18+_300 x 600_Standard_NV_NA,204442894,10/12/2017,10156,856,9300,3,9297,1204,8093,2407,5686,1207,359,2766
TJN_TJX_TJMaxx 2H DIG_FY18,Viant,"PK2X7D_TJN_TJX_028_Data_VIANT INC_DSI_SV1_TWB_DIR_RCH_TRG_INT_BTG_CTG_DVY_PHASE 1_VIANT IMP, W25-54 STRATEGIC SAVERS, CONTOBOX - Honeycomb_Fixed Placement_Behavioral_F25-54_728 x 90_Click and View_NV_NA",205727832,10/6/2017,7103,127,6976,6,6970,737,6233,1477,4756,743,176,1653
TJN_TJX_TJMaxx 2H DIG_FY18,NBC Universal Media,PK2LFG_TJN_TJX_028_Content_NBCUNI.COM_BAF_BS2_DSK_DIR_DSP_SPN_HPT_CTG_CTG_DCM_100% SOV NBC HOMEPAGE ROADBLOCK 10/3 - 970X66 DESKTOP_HP Takeover_Contextual_F25-54_970 x 66_Standard_NV_NA,205568660,10/9/2017,3,1,2,0,2,0,2,2,0,0,0,2
TJN_TJX_TJMaxx 2H DIG_FY18,Viant,"PJSPCL_TJN_TJC_031_Data_VIANT INC_PUR_ROI_TWB_DIR_DSP_TRG_RON_BTG_MKT_DVY_W25-54 + ONLINE SHOPPERS, CROSS DEVICE DISPLAY_Fixed Placement_Behavioral_F25-54_728 x 90_Click_NV_NA",204715987,10/7/2017,1212,21,1191,0,1191,52,1139,840,299,52,38,878
TJN_TJX_TJMaxx 2H DIG_FY18,Viant,"PK2X7C_TJN_TJX_028_Data_VIANT INC_DSI_SV1_TWB_DIR_RCH_TRG_INT_BTG_CTG_DVY_PHASE 1_VIANT IMP, W25-54 STRATEGIC SAVERS, CONTOBOX - Honeycomb_Fixed Placement_Behavioral_F25-54_160 x 600_Click and View_NV_NA",205685992,10/19/2017,5,1,4,1,3,0,3,3,0,1,1,4
TJN_TJX_TJMaxx 2H DIG_FY18,Viant,"PK2X7B_TJN_TJX_028_Data_VIANT INC_DSI_SV1_TWB_DIR_RCH_TRG_INT_BTG_CTG_DVY_PHASE 1_VIANT IMP, W25-54 STRATEGIC SAVERS, CONTOBOX - Honeycomb_Fixed Placement_Behavioral_F25-54_300 x 250_Click and View_NV_NA",205687939,10/12/2017,51,21,30,4,26,1,25,13,12,5,3,16
TJN_TJX_TJMaxx 2H DIG_FY18,Conversant Inc.,PJNPMC_TJN_TJC_031_Audience_CONVERSANT_PUR_ROI_TAP_NET_DSP_TRG_RON_BTG_BTG_DVY_TABLET LEADERBOARD- STRATEGIC SAVERS_Run of Site_Other_P18+_728 x 90_Standard_NV_NA,204442918,10/21/2017,23,1,22,0,22,4,18,7,11,4,2,9
TJN_TJX_TJMaxx 2H DIG_FY18,Conversant Inc.,PJNPMF_TJN_TJC_031_Audience_CONVERSANT_PUR_ROI_DSK_NET_DSP_TRG_RON_BTG_BTG_DVY_DESKTOP RECTANGLE- STRATEGIC SAVERS_Run of Site_Other_P18+_300 x 600_Standard_NV_NA,204442069,10/10/2017,6849,383,6466,0,6466,1647,4819,906,3913,1647,310,1216
TJN_MAR_023_Marshalls 2H Digital_F18,xAd Inc.,PJQ0YM_TJN_MAR_023_Mobile_GROUND TRUTH FKA XAD_DST_SV1_MAP_DIR_DSP_TRG_RON_BTG_PXT_DVY_COMPETITOR SHOPPERS - DYNAMIC DISTANCE_Run of Network_Geo_F25-54_300 x 250_Click and View_NV_NA,204555259,9/5/2017,3091,100,2991,2986,5,0,5,5,0,2986,2986,2991
TJN_TJX_TJMaxx 2H DIG_FY18,xAd Inc.,PJMTNR_TJN_TJX_028_Mobile_GROUND TRUTH FKA XAD_DST_SV1_MAP_DIR_RCH_TRG_RON_BTG_BTG_DVY_PHASE 1_BEHAVIORAL AUDIENCE STRATEGIC SAVERS PLACEMENT - RICH MEDIA STORE LOCATOR - Fall Handbag_Run of Network_Behavioral_F25-54_300 x 250_Click and View_NV_NA,204442108,10/4/2017,3,0,3,2,1,1,0,0,0,3,1,1
TJN_MAR_023_Marshalls 2H Digital_F18,xAd Inc.,PJQ0YN_TJN_MAR_023_Mobile_GROUND TRUTH FKA XAD_DST_SV1_MAP_DIR_DSP_TRG_RON_PXT_BTG_DVY_GEOBLOCKS LOYALTY - DYNAMIC DISTANCE_Run of Network_Geo_F25-54_320 x 50_Click and View_NV_NA,204558328,10/5/2017,17529,243,17286,14690,2596,144,2452,2291,161,14834,13362,15653
TJN_MAR_023_Marshalls 2H Digital_F18,xAd Inc.,PJQ0YQ_TJN_MAR_023_Mobile_GROUND TRUTH FKA XAD_DST_SV1_MAP_DIR_DSP_TRG_RON_PXT_BTG_DVY_GEOBLOCKS CONQUESTING - DYNAMIC DISTANCE_Run of Network_Geo_F25-54_320 x 50_Click and View_NV_NA,204595632,9/20/2017,19557,240,19317,10908,8409,7478,931,630,301,18386,12440,13070
TJN_MAR_023_Marshalls 2H Digital_F18,NinthDecimal,PJPSRW_TJN_MAR_023_Mobile_NINTHDECIMAL_DST_SV1_MAP_DIR_RCH_TRG_RON_BTG_PXT_DVY_LOCATION GRAPH: TJX FAMILY LOYALISTS_Run of Network_Behavioral_F25-54_320 x 50_Click and View_NV_NA,204541739,9/21/2017,48405,1103,47302,16685,30617,180,30437,29426,1011,16865,16305,45731
TJN_TJX_TJMaxx 2H DIG_FY18,Hulu,PK3CXN_TJN_TJX_027_Content_HULU_BAF_BS2_CTV_DIR_CUS_SPN_CHS_CTG_CTG_DVY_FALL TV SPONSORSHIP: PREMIUM SLATE - CONNECTED TV_FEP_Contextual_F25-54_1920 x 1080_Standard_NV_NA,205725861,10/11/2017,124248,396,123852,123852,0,0,0,0,0,123852,80813,80813
TJN_TJX_TJMaxx 2H DIG_FY18,PlaceIQ,PJMFPZ_TJN_TJX_028_Mobile_PLACEIQ INC_CANCELLED_Run of Network_Behavioral_F25-54_320 x 50_Click and View_NV_NA,204447272,9/5/2017,2,2,0,0,0,0,0,0,0,0,0,0
TJN_TJX_TJMaxx 2H DIG_FY18,Viant,"PJSPBX_TJN_TJC_031_Data_VIANT INC_PUR_ROI_TWB_DIR_DSP_TRG_RON_BTG_MKT_DVY_DETERMINSTIC LAL OF ECOM CONVERTERS, CROSS DEVICE DISPLAY_Fixed Placement_Behavioral_F25-54_728 x 90_Click_NV_NA",204716188,10/11/2017,1531,30,1501,0,1501,239,1262,667,595,239,126,793
TJN_TJX_TJMaxx 2H DIG_FY18,Viant,"PK2X7K_TJN_TJX_028_Data_VIANT INC_DSI_SV1_DSK_DIR_RCH_TRG_INT_BTG_CTG_DVY_PHASE 1_VIANT IMP, W25-54 STRATEGIC SAVERS, CONTOBOX - Honeycomb_Fixed Placement_Behavioral_F25-54_160 x 600_Click and View_NV_NA",205726917,9/28/2017,1,0,1,0,1,0,1,1,0,0,0,1
TJN_TJX_TJMaxx 2H DIG_FY18,Viant,"PJNSH6_TJN_TJX_028_Data_VIANT INC_DSI_SV1_TWB_DIR_DSP_TRG_RON_BTG_CTG_DVY_PHASE 1_VIANT DIRECT MATCH RETAIL, COMPETITIVE CONQUESTING, DISPLAY_Fixed Placement_Behavioral_F25-54_160 x 600_Standard_NV_NA",204483604,9/22/2017,43,0,43,0,43,6,37,8,29,6,1,9
TJN_TJX_TJMaxx 2H DIG_FY18,xAd Inc.,PKF499_TJN_TJX_028_Mobile_GROUND TRUTH FKA XAD_DST_SV1_MAP_DIR_DSP_TRG_RON_BTG_BTG_DVY_PHASE 1_BEHAVIORAL AUDIENCE TRENDSETTERS PLACEMENT - STANDARD BANNER - Booties_Run of Network_Behavioral_F25-54_300 x 250_Click and View_NV_NA,206832846,10/21/2017,3786,45,3741,2721,1020,0,1020,977,43,2721,2606,3583
TJN_TJX_TJMaxx 2H DIG_FY18,xAd Inc.,PJMTN5_TJN_TJX_028_Mobile_GROUND TRUTH FKA XAD_DST_SV1_MAP_DIR_RCH_TRG_RON_BTG_BTG_DVY_PHASE 1_BEHAVIORAL AUDIENCE TRENDSETTERS PLACEMENT - RICH MEDIA STORE LOCATOR - TJ Maxx_Run of Network_Behavioral_F25-54_320 x 50_Click and View_NV_NA,204442936,10/5/2017,10,3,7,4,3,2,1,1,0,6,6,7
TJN_TJX_TJMaxx 2H DIG_FY18,Viant,"PJSPCK_TJN_TJC_031_Data_VIANT INC_PUR_ROI_MWB_DIR_DSP_TRG_RON_BTG_MKT_DVY_W25-54 + ONLINE SHOPPERS, CROSS DEVICE DISPLAY_Fixed Placement_Behavioral_F25-54_160 x 600_Click_NV_NA",204733041,10/13/2017,2428,147,2281,0,2281,162,2119,611,1508,162,47,658
TJN_TJX_TJMaxx 2H DIG_FY18,xAd Inc.,PJYDBR_TJN_TJX_028_Mobile_GROUND TRUTH FKA XAD_DST_SV1_MAP_DIR_RCH_TRG_RON_BTG_BTG_DVY_PHASE 1_BEHAVIORAL AUDIENCE TRENDSETTERS PLACEMENT - RICH MEDIA STORE LOCATOR - Maxx You Maxx Life_Run of Network_Behavioral_F25-54_320 x 50_Click and View_NV_NA,205145234,10/14/2017,7326,58,7268,3338,3930,141,3789,3286,503,3479,3017,6303
TJN_TJX_TJMaxx 2H DIG_FY18,Hulu,PK3CXN_TJN_TJX_027_Content_HULU_BAF_BS2_CTV_DIR_CUS_SPN_CHS_CTG_CTG_DVY_FALL TV SPONSORSHIP: PREMIUM SLATE - CONNECTED TV_FEP_Contextual_F25-54_1920 x 1080_Standard_NV_NA,205725861,9/26/2017,1,0,1,1,0,0,0,0,0,1,1,1
TJN_TJX_TJMaxx 2H DIG_FY18,Conversant Inc.,PJNPML_TJN_TJC_031_Audience_CONVERSANT_PUR_ROI_DSK_NET_DSP_TRG_RON_BTG_BTG_DVY_DESKTOP MEDIUM RECTANGLE- STRATEGIC SAVERS_Run of Site_Other_P18+_300 x 250_Standard_NV_NA,204443407,10/21/2017,1469,54,1415,0,1415,278,1137,388,749,278,95,483
TJN_MAR_023_Marshalls 2H Digital_F18,NinthDecimal,PJPSRX_TJN_MAR_023_Mobile_NINTHDECIMAL_DST_SV1_MAP_DIR_RCH_TRG_RON_BTG_PXT_DVY_LOCATION GRAPH: COMPETITIVE CONQUESTING_Run of Network_Behavioral_F25-54_320 x 50_Click and View_NV_NA,204542879,10/21/2017,38744,498,38246,17447,20799,102,20697,20208,489,17549,17134,37342
TJN_TJX_TJMaxx 2H DIG_FY18,xAd Inc.,PJMTMR_TJN_TJX_028_Mobile_GROUND TRUTH FKA XAD_DST_SV1_MAP_DIR_RCH_TRG_RON_PXT_PXT_DVY_PHASE 1_PROXIMITY LOYALTY PLACEMENT - RICH MEDIA STORE LOCATOR - Fall Handbag_Run of Network_Geo_F25-54_300 x 250_Click and View_NV_NA,204442093,9/21/2017,31394,612,30782,15399,15383,244,15139,14267,872,15643,14742,29009
TJN_MAR_023_Marshalls 2H Digital_F18,NinthDecimal,PJPSRV_TJN_MAR_023_Mobile_NINTHDECIMAL_DST_SV1_MAP_DIR_RCH_TRG_RON_BTG_PXT_DVY_LOCATION GRAPH: MARSHALLS LOYALISTS_Run of Network_Behavioral_F25-54_320 x 50_Click and View_NV_NA,204555232,9/27/2017,18543,272,18271,6516,11755,57,11698,11218,480,6573,6303,17521
TJN_MAR_023_Marshalls 2H Digital_F18,NinthDecimal,PJPSRZ_TJN_MAR_023_Mobile_NINTHDECIMAL_DST_SV1_MAP_DIR_RCH_TRG_RON_BTG_DMA_DVY_CONSUMER JOURNEY: BARGAIN HUNTERS_Run of Network_Behavioral_F25-54_320 x 50_Click and View_NV_NA,204542873,9/27/2017,26639,534,26105,9869,16236,93,16143,15555,588,9962,9599,25154
TJN_TJX_TJMaxx 2H DIG_FY18,Conversant Inc.,PJPTLJ_TJN_TJC_031_Audience_CONVERSANT_PUR_ROI_TAP_NET_DSP_TRG_RON_BTG_BTG_DVY_TABLET MEDIUM RECTANGLE - TRENDSETTERS_Run of Site_Other_P18+_300 x 250_Standard_NV_NA,204447266,10/16/2017,1170,10,1160,0,1160,183,977,583,394,183,109,692
TJN_MAR_023_Marshalls 2H Digital_F18,xAd Inc.,PJQ0YM_TJN_MAR_023_Mobile_GROUND TRUTH FKA XAD_DST_SV1_MAP_DIR_DSP_TRG_RON_BTG_PXT_DVY_COMPETITOR SHOPPERS - DYNAMIC DISTANCE_Run of Network_Geo_F25-54_300 x 250_Click and View_NV_NA,204555259,9/15/2017,3355,133,3222,3222,0,0,0,0,0,3222,3222,3222
TJN_TJX_TJMaxx 2H DIG_FY18,PlaceIQ,PK19Z0_TJN_TJX_028_Mobile_PLACEIQ INC_DST_SV1_MAP_DIR_RCH_TRG_RON_BTG_PTG_DVY_PHASE 1_RICH MEDIA_STRATEGIC SAVERS_APPAREL OR FURNISHINGS DISCRETIONARY SPEND+IMPULSE BUYER SHOPPERS_Run of Network_Behavioral_F25-54_320 x 50_Click and View_NV_NA,205563158,10/6/2017,98305,2338,95967,39417,56550,1877,54673,53383,1290,41294,40320,93703
TJN_TJX_TJMaxx 2H DIG_FY18,Viant,"PJNSGW_TJN_TJX_028_Data_VIANT INC_DSI_SV1_DSK_DIR_DSP_TRG_RON_BTG_CTG_DVY_PHASE 1_VIANT DIRECT MATCH RETAIL, TJX PORFOLIO LOYALISTS, DISPLAY_Fixed Placement_Behavioral_F25-54_300 x 250_Standard_NV_NA",204478514,10/10/2017,6248,279,5969,0,5969,343,5626,3348,2278,343,204,3552
TJN_TJX_TJMaxx 2H DIG_FY18,Foursquare,"PJPSSZ_TJN_TJX_028_Audience_FOURSQUARE LABS, INC_DST_SV1_MAP_PRO_RCH_TRG_RON_PXT_BTG_DVY_PHASE 1_MOBILE RICH MEDIA COMPETITIVE CONQUESTING - Fall Handbag_Run of Network_Geo_F25-54_300 x 250_Standard_NV_NA",204478073,10/1/2017,5022,507,4515,2095,2420,119,2301,1010,1291,2214,972,1982
TJN_TJX_TJMaxx 2H DIG_FY18,Viant,"PJNSGQ_TJN_TJX_028_Data_VIANT INC_DSI_SV1_MWB_DIR_DSP_TRG_RON_BTG_CTG_DVY_PHASE 1_VIANT DIRECT MATCH RETAIL, TJX PORFOLIO LOYALISTS, DISPLAY_Fixed Placement_Behavioral_F25-54_300 x 250_Standard_NV_NA",204482395,9/30/2017,9,2,7,0,7,2,5,1,4,2,0,1
TJN_MAR_023_Marshalls 2H Digital_F18,NinthDecimal,PJPSRX_TJN_MAR_023_Mobile_NINTHDECIMAL_DST_SV1_MAP_DIR_RCH_TRG_RON_BTG_PXT_DVY_LOCATION GRAPH: COMPETITIVE CONQUESTING_Run of Network_Behavioral_F25-54_320 x 50_Click and View_NV_NA,204542879,9/9/2017,7164,95,7069,1732,5337,64,5273,5141,132,1796,1751,6892
TJN_TJX_TJMaxx 2H DIG_FY18,xAd Inc.,PJYDBW_TJN_TJX_028_Mobile_GROUND TRUTH FKA XAD_DST_SV1_MAP_DIR_RCH_TRG_RON_BTG_BTG_DVY_PHASE 1_BEHAVIORAL AUDIENCE STRATEGIC SAVERS PLACEMENT - RICH MEDIA STORE LOCATOR - Fall Hero_Run of Network_Behavioral_F25-54_300 x 250_Click and View_NV_NA,205207030,10/21/2017,2,1,1,1,0,0,0,0,0,1,1,1
TJN_TJX_TJMaxx 2H DIG_FY18,Foursquare,"PJPQKZ_TJN_TJX_028_Audience_FOURSQUARE LABS, INC_DST_SV1_MAP_PRO_DSP_TRG_RON_PXT_BTG_DVY_PHASE 1_PINPOINT TRENDSETTERS_Run of Network_Geo_F25-54_300 x 250_Standard_NV_NA",204481813,9/11/2017,33493,2684,30809,4750,26059,2205,23854,5521,18333,6955,1610,7131
TJN_TJX_TJMaxx 2H DIG_FY18,xAd Inc.,PJMTN1_TJN_TJX_028_Mobile_GROUND TRUTH FKA XAD_DST_SV1_MAP_DIR_DSP_TRG_RON_DMA_DMA_DVY_PHASE 1_ADDED VALUE DMA TARGETING STANDALONE: STANDARD BANNER - Maxx You Maxx Life_Run of Network_Geo_F25-54_320 x 50_Click and View_NV_NA,204443461,9/6/2017,43796,581,43215,33857,9358,1867,7491,7217,274,35724,31620,38837
TJN_TJX_TJMaxx 2H DIG_FY18,Conversant Inc.,PJPWPH_TJN_TJX_028_Audience_CONVERSANT_DST_SV1_MAP_NET_DSP_TRG_RON_BTG_BTG_DVY_PHASE 1_ SMARTPHONE MEDIUM RECTANGLE  - CONVERSANT SHOPPERS AV_Run of Site_Behavioral_P18+_300 x 250_Standard_NV_NA,204442060,10/1/2017,243,1,242,0,242,35,207,94,113,35,16,110
TJN_TJX_TJMaxx 2H DIG_FY18,Viant,"PK2V4V_TJN_TJX_028_Data_VIANT INC_DSI_SV1_TWB_DIR_RCH_TRG_INT_BTG_CTG_DVY_PHASE 1_VIANT IMP, W25-54 STRATEGIC SAVERS, CONTOBOX - Fall Homes_Fixed Placement_Behavioral_F25-54_728 x 90_Click and View_NV_NA",205725966,10/6/2017,7060,122,6938,6,6932,695,6237,1536,4701,701,173,1709
TJN_TJX_TJMaxx 2H DIG_FY18,Viant,"PJSPBT_TJN_TJC_031_Data_VIANT INC_PUR_ROI_MWB_DIR_DSP_TRG_RON_BTG_MKT_DVY_DETERMINSTIC LAL OF ECOM CONVERTERS, CROSS DEVICE DISPLAY_Fixed Placement_Behavioral_F25-54_300 x 250_Click_NV_NA",204732642,10/14/2017,410,13,397,0,397,49,348,141,207,49,20,161
TJN_MAR_023_Marshalls 2H Digital_F18,NinthDecimal,PJPSRT_TJN_MAR_023_Mobile_NINTHDECIMAL_DST_SV1_MAP_DIR_RCH_TRG_RON_PXT_DMA_DVY_GEOFENCE: 15-20-MILE RADIUS AROUND RURAL STORES_Run of Network_Geo_F25-54_320 x 50_Click and View_NV_NA,204542885,10/15/2017,39129,576,38553,14727,23826,117,23709,23186,523,14844,14517,37703
TJN_TJX_TJMaxx 2H DIG_FY18,Foursquare,"PJPSSX_TJN_TJX_028_Audience_FOURSQUARE LABS, INC_DST_SV1_MAP_PRO_RCH_TRG_RON_PXT_BTG_DVY_PHASE 1_MOBILE RICH MEDIA TRENDSETTERS - Fall Handbag_Run of Network_Geo_F25-54_300 x 250_Standard_NV_NA",204525354,9/19/2017,9484,443,9041,1384,7657,571,7086,1479,5607,1955,408,1887
TJN_TJX_TJMaxx 2H DIG_FY18,Foursquare,"PJPRVC_TJN_TJX_028_Audience_FOURSQUARE LABS, INC_DST_SV1_MAP_PRO_DSP_TRG_RON_PXT_BTG_DVY_PHASE 1_PINPOINT TRENDSETTERS AV_Run of Network_Geo_F25-54_320 x 50_Standard_NV_NA",204527421,9/8/2017,3110,160,2950,1194,1756,73,1683,933,750,1267,702,1635
TJN_MAR_023_Marshalls 2H Digital_F18,xAd Inc.,PJQ0Y6_TJN_MAR_023_Mobile_GROUND TRUTH FKA XAD_DST_SV1_MAP_DIR_DSP_TRG_RON_PXT_BTG_DVY_PROXIMITY LOYALTY - DYNAMIC DISTANCE_Run of Network_Geo_F25-54_320 x 50_Click and View_NV_NA,204556888,9/25/2017,154462,2913,151549,123761,27788,4191,23597,21434,2163,127952,104852,126286
TJN_TJX_TJMaxx 2H DIG_FY18,xAd Inc.,PJPXJQ_TJN_TJX_028_Mobile_GROUND TRUTH FKA XAD_DST_SV1_MAP_DIR_DSP_TRG_RON_RTG_RTG_DVY_PHASE 1_LOCATION AUDIENCE TJX SHOPPERS PLACEMENT - STANDARD BANNER - TJMaxx_Run of Network_Retarget_F25-54_320 x 50_Click and View_NV_NA,204447839,10/7/2017,9623,96,9527,5135,4392,214,4178,3242,936,5349,4018,7260
TJN_TJX_TJMaxx 2H DIG_FY18,xAd Inc.,PKF5KK_TJN_TJX_028_Mobile_GROUND TRUTH FKA XAD_DST_SV1_MAP_DIR_DSP_TRG_RON_RTG_RTG_DVY_PHASE 1_LOCATION AUDIENCE TJX SHOPPERS PLACEMENT - STANDARD BANNER - Booties_Run of Network_Retarget_F25-54_300 x 250_Click and View_NV_NA,206813071,10/17/2017,2349,57,2292,2292,0,0,0,0,0,2292,2292,2292
TJN_TJX_TJMaxx 2H DIG_FY18,Conversant Inc.,PJPTLL_TJN_TJC_031_Audience_CONVERSANT_PUR_ROI_DSK_NET_DSP_TRG_RON_BTG_BTG_DVY_DESKTOP WIDE SKYSCRAPER- TRENDSETTERS_Run of Site_Other_P18+_160 x 600_Standard_NV_NA,204447269,10/21/2017,1012,37,975,0,975,186,789,171,618,186,40,211
TJN_TJX_TJMaxx 2H DIG_FY18,xAd Inc.,PKF4ND_TJN_TJX_028_Mobile_GROUND TRUTH FKA XAD_DST_SV1_MAP_DIR_RCH_TRG_RON_BTG_BTG_DVY_PHASE 1_BEHAVIORAL AUDIENCE TRENDSETTERS PLACEMENT - RICH MEDIA STORE LOCATOR - Dresses_Run of Network_Behavioral_F25-54_300 x 250_Click and View_NV_NA,206812747,10/18/2017,1253,15,1238,5,1233,6,1227,1173,54,11,11,1184
TJN_TJX_TJMaxx 2H DIG_FY18,Conversant Inc.,PJNPLV_TJN_TJX_028_Audience_CONVERSANT_DST_SV1_DSK_NET_DSP_TRG_RON_BTG_BTG_DVY_PHASE 1_ DESKTOP LEADERBOARD - CJ CONVERTERS LAL MODELING_Run of Site_Behavioral_P18+_728 x 90_Standard_NV_NA,204483933,10/18/2017,607,82,525,0,525,57,468,195,273,57,24,219
TJN_TJX_TJMaxx 2H DIG_FY18,Conversant Inc.,PJPWPD_TJN_TJX_028_Audience_CONVERSANT_DST_SV1_MAP_NET_DSP_TRG_RON_BTG_BTG_DVY_PHASE 1_ SMARTPHONE SMALL BANNER  - CONVERSANT SHOPPERS AV_Run of Site_Behavioral_P18+_320 x 50_Standard_NV_NA,204447251,9/16/2017,953,20,933,0,933,236,697,427,270,236,145,572
TJN_TJX_TJMaxx 2H DIG_FY18,xAd Inc.,PJPXK0_TJN_TJX_028_Mobile_GROUND TRUTH FKA XAD_DST_SV1_MAP_DIR_DSP_TRG_RON_BTG_BTG_DVY_PHASE 1_BEHAVIORAL AUDIENCE TRENDSETTERS PLACEMENT - STANDARD BANNER - TJMaxx_Run of Network_Behavioral_F25-54_320 x 50_Click and View_NV_NA,204483993,10/20/2017,3,3,0,0,0,0,0,0,0,0,0,0
TJN_TJX_TJMaxx 2H DIG_FY18,xAd Inc.,PJPXJQ_TJN_TJX_028_Mobile_GROUND TRUTH FKA XAD_DST_SV1_MAP_DIR_DSP_TRG_RON_RTG_RTG_DVY_PHASE 1_LOCATION AUDIENCE TJX SHOPPERS PLACEMENT - STANDARD BANNER - TJMaxx_Run of Network_Retarget_F25-54_320 x 50_Click and View_NV_NA,204447839,9/8/2017,38074,650,37424,934,36490,31160,5330,3843,1487,32094,23140,26983
TJN_TJX_TJMaxx 2H DIG_FY18,Conversant Inc.,PJPWPH_TJN_TJX_028_Audience_CONVERSANT_DST_SV1_MAP_NET_DSP_TRG_RON_BTG_BTG_DVY_PHASE 1_ SMARTPHONE MEDIUM RECTANGLE  - CONVERSANT SHOPPERS AV_Run of Site_Behavioral_P18+_300 x 250_Standard_NV_NA,204442060,9/23/2017,357,3,354,0,354,73,281,80,201,73,21,101
TJN_MAR_023_Marshalls 2H Digital_F18,xAd Inc.,PJQ0YD_TJN_MAR_023_Mobile_GROUND TRUTH FKA XAD_DST_SV1_MAP_DIR_RCH_TRG_RON_WEA_PXT_DVY_PROXIMITY CONQUESTING - WEATHER LOCATOR UNIT_Run of Network_Weather_F25-54_320 x 50_Click and View_NV_NA,204541553,9/9/2017,12356,354,12002,5826,6176,123,6053,5761,292,5949,5662,11423
TJN_TJX_TJMaxx 2H DIG_FY18,Foursquare,"PJPRVC_TJN_TJX_028_Audience_FOURSQUARE LABS, INC_DST_SV1_MAP_PRO_DSP_TRG_RON_PXT_BTG_DVY_PHASE 1_PINPOINT TRENDSETTERS AV_Run of Network_Geo_F25-54_320 x 50_Standard_NV_NA",204527421,10/7/2017,4125,42,4083,889,3194,154,3040,2390,650,1043,820,3210
TJN_TJX_TJMaxx 2H DIG_FY18,NBC Universal Media,PK3H7F_TJN_TJX_028_Content_NBCUNI.COM_BAF_BS2_DSK_DIR_DSP_SPN_HPT_CTG_CTG_DCM_100% SOV NBC HOMEPAGE ROADBLOCK 10/10 - 300X50 MOBILE_HP Takeover_Contextual_F25-54_300 x 50_Standard_NV_NA,205634588,10/9/2017,3,0,3,0,3,0,3,3,0,0,0,3
TJN_TJX_TJMaxx 2H DIG_FY18,Viant,"PK2X7D_TJN_TJX_028_Data_VIANT INC_DSI_SV1_TWB_DIR_RCH_TRG_INT_BTG_CTG_DVY_PHASE 1_VIANT IMP, W25-54 STRATEGIC SAVERS, CONTOBOX - Honeycomb_Fixed Placement_Behavioral_F25-54_728 x 90_Click and View_NV_NA",205727832,9/26/2017,5002,51,4951,5,4946,542,4404,1696,2708,547,211,1907
TJN_TJX_TJMaxx 2H DIG_FY18,Hulu,PK3CXJ_TJN_TJX_027_Content_HULU_BAF_BS2_MAP_DIR_CUS_SPN_CHS_CTG_CTG_DVY_FALL TV SPONSORSHIP: PREMIUM SLATE - MOBILE IN APP_FEP_Contextual_F25-54_1920 x 1080_Standard_NV_NA,205683919,9/27/2017,1,0,1,1,0,0,0,0,0,1,1,1
TJN_TJX_TJMaxx 2H DIG_FY18,Viant,"PK2V4V_TJN_TJX_028_Data_VIANT INC_DSI_SV1_TWB_DIR_RCH_TRG_INT_BTG_CTG_DVY_PHASE 1_VIANT IMP, W25-54 STRATEGIC SAVERS, CONTOBOX - Fall Homes_Fixed Placement_Behavioral_F25-54_728 x 90_Click and View_NV_NA",205725966,10/11/2017,44,5,39,5,34,1,33,10,23,6,2,12
TJN_MAR_023_Marshalls 2H Digital_F18,xAd Inc.,PJQ0YC_TJN_MAR_023_Mobile_GROUND TRUTH FKA XAD_DST_SV1_MAP_DIR_DSP_TRG_RON_PXT_BTG_DVY_PROXIMITY CONQUESTING - DYNAMIC DISTANCE_Run of Network_Geo_F25-54_300 x 250_Click and View_NV_NA,204595923,9/7/2017,8586,90,8496,8496,0,0,0,0,0,8496,6797,6797
TJN_MAR_023_Marshalls 2H Digital_F18,xAd Inc.,PJQ0YD_TJN_MAR_023_Mobile_GROUND TRUTH FKA XAD_DST_SV1_MAP_DIR_RCH_TRG_RON_WEA_PXT_DVY_PROXIMITY CONQUESTING - WEATHER LOCATOR UNIT_Run of Network_Weather_F25-54_320 x 50_Click and View_NV_NA,204541553,10/21/2017,78908,1449,77459,30713,46746,486,46260,44969,1291,31199,30328,75297
TJN_TJX_TJMaxx 2H DIG_FY18,xAd Inc.,PJMTMQ_TJN_TJX_028_Mobile_GROUND TRUTH FKA XAD_DST_SV1_MAP_DIR_RCH_TRG_RON_PXT_PXT_DVY_PHASE 1_PROXIMITY LOYALTY PLACEMENT - RICH MEDIA STORE LOCATOR - TJ Maxx_Run of Network_Geo_F25-54_320 x 50_Click and View_NV_NA,204442090,10/17/2017,2,1,1,1,0,0,0,0,0,1,1,1
TJN_TJX_TJMaxx 2H DIG_FY18,xAd Inc.,PJMTNQ_TJN_TJX_028_Mobile_GROUND TRUTH FKA XAD_DST_SV1_MAP_DIR_RCH_TRG_RON_BTG_BTG_DVY_PHASE 1_BEHAVIORAL AUDIENCE STRATEGIC SAVERS PLACEMENT - RICH MEDIA STORE LOCATOR - TJ Maxx_Run of Network_Behavioral_F25-54_320 x 50_Click and View_NV_NA,204447845,9/12/2017,13,2,11,10,1,1,0,0,0,11,9,9
TJN_TJX_TJMaxx 2H DIG_FY18,xAd Inc.,PJMTNC_TJN_TJX_028_Mobile_GROUND TRUTH FKA XAD_DST_SV1_MAP_DIR_DSP_TRG_RON_BTG_BTG_DVY_PHASE 1_BEHAVIORAL AUDIENCE TRENDSETTERS PLACEMENT - STANDARD BANNER - Maxx You Maxx Life_Run of Network_Behavioral_F25-54_320 x 50_Click and View_NV_NA,204447830,10/20/2017,3,0,3,3,0,0,0,0,0,3,2,2
TJN_TJX_TJMaxx 2H DIG_FY18,Foursquare,"PJPRQH_TJN_TJX_028_Audience_FOURSQUARE LABS, INC_DST_SV1_MAP_PRO_DSP_TRG_RON_PXT_BTG_DVY_PHASE 1_PINPOINT STRATEGIC SAVERS AV_Run of Network_Geo_F25-54_300 x 250_Standard_NV_NA",204481807,9/15/2017,833,55,778,141,637,111,526,170,356,252,81,251
TJN_TJX_TJMaxx 2H DIG_FY18,Foursquare,"PJMQ2D_TJN_TJX_028_Audience_FOURSQUARE LABS, INC_DST_SV1_MAP_PRO_DSP_TRG_RON_PXT_BTG_DVY_PHASE 1_PINPOINT STRATEGIC SAVERS_Run of Network_Geo_F25-54_300 x 250_Standard_NV_NA",204483457,10/9/2017,8573,899,7674,3346,4328,224,4104,2141,1963,3570,1862,4003
TJN_TJX_TJMaxx 2H DIG_FY18,Conversant Inc.,PJPWPH_TJN_TJX_028_Audience_CONVERSANT_DST_SV1_MAP_NET_DSP_TRG_RON_BTG_BTG_DVY_PHASE 1_ SMARTPHONE MEDIUM RECTANGLE  - CONVERSANT SHOPPERS AV_Run of Site_Behavioral_P18+_300 x 250_Standard_NV_NA,204442060,10/2/2017,351,1,350,0,350,50,300,141,159,50,24,165
TJN_MAR_023_Marshalls 2H Digital_F18,NinthDecimal,PJPSRW_TJN_MAR_023_Mobile_NINTHDECIMAL_DST_SV1_MAP_DIR_RCH_TRG_RON_BTG_PXT_DVY_LOCATION GRAPH: TJX FAMILY LOYALISTS_Run of Network_Behavioral_F25-54_320 x 50_Click and View_NV_NA,204541739,9/11/2017,40825,508,40317,15002,25315,112,25203,24427,776,15114,14649,39076
TJN_TJX_TJMaxx 2H DIG_FY18,xAd Inc.,PJPXJX_TJN_TJX_028_Mobile_GROUND TRUTH FKA XAD_DST_SV1_MAP_DIR_DSP_TRG_RON_BTG_BTG_DVY_PHASE 1_BEHAVIORAL AUDIENCE STRATEGIC SAVERS PLACEMENT - STANDARD BANNER - TJMaxx_Run of Network_Behavioral_F25-54_320 x 50_Click and View_NV_NA,204447848,9/12/2017,23731,229,23502,3979,19523,357,19166,17494,1672,4336,3958,21452
TJN_MAR_023_Marshalls 2H Digital_F18,NinthDecimal,"PJPSS1_TJN_MAR_023_Mobile_NINTHDECIMAL_DST_SV1_MAP_DIR_RCH_TRG_RON_BTG_DMA_DVY_TV TARGETING: PEOPLE WHO WATCH BRAVO, TLC, HGTV, A&E, LIFETIME, DISCOVERY_Run of Network_Behavioral_F25-54_320 x 50_Click and View_NV_NA",204541508,9/12/2017,42046,878,41168,11304,29864,198,29666,28606,1060,11502,11091,39697
TJN_TJX_TJMaxx 2H DIG_FY18,Foursquare,"PJPSSZ_TJN_TJX_028_Audience_FOURSQUARE LABS, INC_DST_SV1_MAP_PRO_RCH_TRG_RON_PXT_BTG_DVY_PHASE 1_MOBILE RICH MEDIA COMPETITIVE CONQUESTING - Fall Handbag_Run of Network_Geo_F25-54_300 x 250_Standard_NV_NA",204478073,10/2/2017,1067,66,1001,330,671,19,652,424,228,349,227,651
TJN_TJX_TJMaxx 2H DIG_FY18,xAd Inc.,PJMTN4_TJN_TJX_028_Mobile_GROUND TRUTH FKA XAD_DST_SV1_MAP_DIR_RCH_TRG_RON_BTG_BTG_DVY_PHASE 1_BEHAVIORAL AUDIENCE TRENDSETTERS PLACEMENT - RICH MEDIA STORE LOCATOR - Fall Handbag_Run of Network_Behavioral_F25-54_300 x 250_Click and View_NV_NA,204447281,10/18/2017,1192,10,1182,9,1173,1,1172,1118,54,10,10,1128
TJN_TJX_TJMaxx 2H DIG_FY18,Foursquare,"PK0H84_TJN_TJX_028_Audience_FOURSQUARE LABS, INC_DST_SV1_MAP_PRO_RCH_TRG_RON_PXT_BTG_DVY_PHASE 1_MOBILE RICH MEDIA COMPETITIVE CONQUESTING - Find A Store_Run of Network_Geo_F25-54_320 x 50_Standard_NV_NA",205427847,10/21/2017,1,0,1,1,0,0,0,0,0,1,1,1
TJN_TJX_TJMaxx 2H DIG_FY18,Foursquare,"PJPSSX_TJN_TJX_028_Audience_FOURSQUARE LABS, INC_DST_SV1_MAP_PRO_RCH_TRG_RON_PXT_BTG_DVY_PHASE 1_MOBILE RICH MEDIA TRENDSETTERS - Fall Handbag_Run of Network_Geo_F25-54_300 x 250_Standard_NV_NA",204525354,10/13/2017,5647,67,5580,1150,4430,347,4083,1092,2991,1497,400,1492
TJN_TJX_TJMaxx 2H DIG_FY18,PlaceIQ,PK19Z0_TJN_TJX_028_Mobile_PLACEIQ INC_DST_SV1_MAP_DIR_RCH_TRG_RON_BTG_PTG_DVY_PHASE 1_RICH MEDIA_STRATEGIC SAVERS_APPAREL OR FURNISHINGS DISCRETIONARY SPEND+IMPULSE BUYER SHOPPERS_Run of Network_Behavioral_F25-54_320 x 50_Click and View_NV_NA,205563158,10/11/2017,34929,1316,33613,10749,22864,518,22346,21870,476,11267,11027,32897
TJN_MAR_023_Marshalls 2H Digital_F18,NinthDecimal,PJPSRS_TJN_MAR_023_Mobile_NINTHDECIMAL_DST_SV1_MAP_DIR_RCH_TRG_RON_PXT_DMA_DVY_GEOFENCE: 5-10-MILE RADIUS AROUND SUBURBAN STORES_Run of Network_Geo_F25-54_320 x 50_Click and View_NV_NA,204541748,9/5/2017,17034,397,16637,7328,9309,66,9243,9021,222,7394,7216,16237
TJN_TJX_TJMaxx 2H DIG_FY18,PlaceIQ,PK18PW_TJN_TJX_028_Mobile_PLACEIQ INC_DST_SV1_MAP_DIR_DSP_TRG_RON_BTG_PXT_DVY_PHASE 1_STANDARD BANNER_TRENDSTTERS_SOCIAL MEDIA INFLUENCER PLUS NEARBY TJMAXX - Maxx You Maxx Life_Run of Network_Behavioral_F25-54_320 x 50_Click and View_NV_NA,205566944,10/20/2017,17619,980,16639,8994,7645,82,7563,7419,144,9076,8903,16322
TJN_TJX_TJMaxx 2H DIG_FY18,Conversant Inc.,PJNPLZ_TJN_TJX_028_Audience_CONVERSANT_DST_SV1_MAP_NET_DSP_TRG_RON_BTG_BTG_DVY_PHASE 1_ SMARTPHONE SMALL BANNER  - CJ CONVERTERS LAL MODELING_Run of Site_Behavioral_P18+_320 x 50_Standard_NV_NA,204442891,10/21/2017,452,9,443,1,442,63,379,213,166,64,36,249
TJN_TJX_TJMaxx 2H DIG_FY18,Conversant Inc.,PJNPMK_TJN_TJC_031_Audience_CONVERSANT_PUR_ROI_DSK_NET_DSP_TRG_RON_BTG_BTG_DVY_DESKTOP LEADERBOARD- STRATEGIC SAVERS_Run of Site_Other_P18+_728 x 90_Standard_NV_NA,204447263,10/8/2017,15486,540,14946,0,14946,3269,11677,7584,4093,3269,2123,9707
TJN_TJX_TJMaxx 2H DIG_FY18,Foursquare,"PJPSSZ_TJN_TJX_028_Audience_FOURSQUARE LABS, INC_DST_SV1_MAP_PRO_RCH_TRG_RON_PXT_BTG_DVY_PHASE 1_MOBILE RICH MEDIA COMPETITIVE CONQUESTING - Fall Handbag_Run of Network_Geo_F25-54_300 x 250_Standard_NV_NA",204478073,9/23/2017,2724,212,2512,1109,1403,79,1324,564,760,1188,506,1070
TJN_TJX_TJMaxx 2H DIG_FY18,Viant,"PJNSH7_TJN_TJX_028_Data_VIANT INC_DSI_SV1_MWB_DIR_DSP_TRG_RON_BTG_CTG_DVY_PHASE 1_VIANT DIRECT MATCH RETAIL, COMPETITIVE CONQUESTING, DISPLAY_Fixed Placement_Behavioral_F25-54_320 x 50_Standard_NV_NA",204477565,9/18/2017,5122,36,5086,0,5086,244,4842,3858,984,244,194,4052
TJN_MAR_023_Marshalls 2H Digital_F18,xAd Inc.,PJQ0YH_TJN_MAR_023_Mobile_GROUND TRUTH FKA XAD_DST_SV1_MAP_DIR_DSP_TRG_RON_BTG_DMA_DVY_BEHAVIORAL - FASHION SHOPPER - DYNAMIC DISTANCE_Run of Network_Behavioral_F25-54_300 x 250_Click and View_NV_NA,204543443,9/23/2017,13403,325,13078,12958,120,9,111,91,20,12967,10631,10722
TJN_MAR_023_Marshalls 2H Digital_F18,xAd Inc.,PJQ0Y9_TJN_MAR_023_Mobile_GROUND TRUTH FKA XAD_DST_SV1_MAP_DIR_RCH_TRG_RON_WEA_PXT_DVY_PROXIMITY LOYALTY - WEATHER LOCATOR UNIT_Run of Network_Weather_F25-54_300 x 250_Click and View_NV_NA,204541757,10/4/2017,1,0,1,1,0,0,0,0,0,1,1,1
TJN_MAR_023_Marshalls 2H Digital_F18,xAd Inc.,PJQ0YG_TJN_MAR_023_Mobile_GROUND TRUTH FKA XAD_DST_SV1_MAP_DIR_DSP_TRG_RON_BTG_DMA_DVY_BEHAVIORAL - FASHION SHOPPER - DYNAMIC DISTANCE_Run of Network_Behavioral_F25-54_320 x 50_Click and View_NV_NA,204557581,9/6/2017,40183,793,39390,26137,13253,7163,6090,5167,923,33300,27322,32489
TJN_TJX_TJMaxx 2H DIG_FY18,xAd Inc.,PJMTND_TJN_TJX_028_Mobile_GROUND TRUTH FKA XAD_DST_SV1_MAP_DIR_DSP_TRG_RON_PXT_PXT_DVY_PHASE 1_PROXIMITY LOYALTY PLACEMENT - STANDARD BANNER - Maxx You Maxx Life_Run of Network_Geo_F25-54_320 x 50_Click and View_NV_NA,204442096,10/3/2017,2,0,2,1,1,1,0,0,0,2,1,1
TJN_TJX_TJMaxx 2H DIG_FY18,Hulu,PK3CRZ_TJN_TJX_027_Content_HULU_BAF_BS2_DSK_DIR_VID_SPN_CHS_CTG_CTG_DVY_FALL TV SPONSORSHIP: VIDEO COMMERCIAL - DESKTOP_FEP_Contextual_F25-54_1920 x 1080_Standard_NV_NA,205727706,10/12/2017,19093,413,18680,18680,0,0,0,0,0,18680,12598,12598
TJN_TJX_TJMaxx 2H DIG_FY18,Viant,"PJNSHC_TJN_TJX_028_Data_VIANT INC_DSI_SV1_DSK_DIR_DSP_TRG_RON_BTG_CTG_DVY_PHASE 1_VIANT DIRECT MATCH RETAIL, COMPETITIVE CONQUESTING, DISPLAY_Fixed Placement_Behavioral_F25-54_300 x 250_Standard_NV_NA",204478655,10/6/2017,9909,467,9442,0,9442,529,8913,6274,2639,529,372,6646
TJN_TJX_TJMaxx 2H DIG_FY18,Viant,"PJSPBX_TJN_TJC_031_Data_VIANT INC_PUR_ROI_TWB_DIR_DSP_TRG_RON_BTG_MKT_DVY_DETERMINSTIC LAL OF ECOM CONVERTERS, CROSS DEVICE DISPLAY_Fixed Placement_Behavioral_F25-54_728 x 90_Click_NV_NA",204716188,10/9/2017,721,12,709,0,709,120,589,323,266,120,66,389
TJN_TJX_TJMaxx 2H DIG_FY18,Foursquare,"PJPST0_TJN_TJX_028_Audience_FOURSQUARE LABS, INC_DST_SV1_MAP_PRO_RCH_TRG_RON_PXT_BTG_DVY_PHASE 1_MOBILE RICH MEDIA COMPETITIVE CONQUESTING - Find A TJ Maxx Store_Run of Network_Geo_F25-54_320 x 50_Standard_NV_NA",204525348,10/21/2017,3,1,2,1,1,0,1,1,0,1,1,2
TJN_TJX_TJMaxx 2H DIG_FY18,Viant,"PJNSGN_TJN_TJX_028_Data_VIANT INC_DSI_SV1_TWB_DIR_DSP_TRG_RON_BTG_CTG_DVY_PHASE 1_VIANT DIRECT MATCH RETAIL, TJX PORFOLIO LOYALISTS, DISPLAY_Fixed Placement_Behavioral_F25-54_300 x 250_Standard_NV_NA",204526347,9/24/2017,918,4,914,0,914,58,856,589,267,58,40,629
TJN_TJX_TJMaxx 2H DIG_FY18,Viant,"PK2X7G_TJN_TJX_028_Data_VIANT INC_DSI_SV1_DSK_DIR_RCH_TRG_INT_BTG_CTG_DVY_PHASE 1_VIANT IMP, W25-54 STRATEGIC SAVERS, CONTOBOX - Honeycomb_Fixed Placement_Behavioral_F25-54_300 x 250_Click and View_NV_NA",205688467,9/22/2017,299,20,279,1,278,19,259,58,201,20,4,62
TJN_TJX_TJMaxx 2H DIG_FY18,Viant,"PK2V4S_TJN_TJX_028_Data_VIANT INC_DSI_SV1_TWB_DIR_RCH_TRG_INT_BTG_CTG_DVY_PHASE 1_VIANT IMP, W25-54 STRATEGIC SAVERS, CONTOBOX - Fall Homes_Fixed Placement_Behavioral_F25-54_300 x 250_Click and View_NV_NA",205687927,10/6/2017,2054,57,1997,5,1992,287,1705,1014,691,292,174,1188
TJN_TJX_TJMaxx 2H DIG_FY18,xAd Inc.,PJYDBR_TJN_TJX_028_Mobile_GROUND TRUTH FKA XAD_DST_SV1_MAP_DIR_RCH_TRG_RON_BTG_BTG_DVY_PHASE 1_BEHAVIORAL AUDIENCE TRENDSETTERS PLACEMENT - RICH MEDIA STORE LOCATOR - Maxx You Maxx Life_Run of Network_Behavioral_F25-54_320 x 50_Click and View_NV_NA,205145234,9/28/2017,16869,236,16633,9497,7136,289,6847,5216,1631,9786,7455,12671
TJN_TJX_TJMaxx 2H DIG_FY18,NBC Universal Media,PK2KJL_TJN_TJX_028_Content_NBCUNI.COM_BAF_BS2_MAP_DIR_VID_SPN_ROS_BTG_CTG_MOA_THIS IS US SPONSORSHIP: MOBILE - VIGNETTE 2_Run of Site_Behavioral_F25-54_1920 x 1080_Click and View_NV_NA,205563473,10/6/2017,30680,230,30450,30450,0,0,0,0,0,30450,21782,21782
TJN_TJX_TJMaxx 2H DIG_FY18,Viant,PJPXKR_TJN_TJX_028_Data_VIANT INC_DSI_SV1_DSK_DIR_DSP_TRG_RON_BTG_CTG_DVY_PHASE 1_DESKTOP DISPLAY VIANT IMP TARGETING - STRATEGIC SAVERS AV_Fixed Placement_Demo_F25-54_300 x 250_Standard_NV_NA,204475841,9/18/2017,154,92,62,0,62,10,52,34,18,10,7,41
TJN_MAR_023_Marshalls 2H Digital_F18,xAd Inc.,PJQ0YK_TJN_MAR_023_Mobile_GROUND TRUTH FKA XAD_DST_SV1_MAP_DIR_DSP_TRG_RON_BTG_PXT_DVY_MARSHALLS SHOPPERS - DYNAMIC DISTANCE_Run of Network_Geo_F25-54_300 x 250_Click and View_NV_NA,204543440,9/6/2017,3071,89,2982,2982,0,0,0,0,0,2982,2982,2982
TJN_TJX_TJMaxx 2H DIG_FY18,xAd Inc.,PJMTN3_TJN_TJX_028_Mobile_GROUND TRUTH FKA XAD_DST_SV1_MAP_DIR_DSP_TRG_RON_RTG_RTG_DVY_PHASE 1_LOCATION AUDIENCE COMPETITIVE CONQUESTING PLACEMENT - STANDARD BANNER - Maxx You Maxx Life_Run of Network_Retarget_F25-54_320 x 50_Click and View_NV_NA,204442933,10/12/2017,9515,116,9399,2420,6979,76,6903,5104,1799,2496,1846,6950
TJN_TJX_TJMaxx 2H DIG_FY18,Conversant Inc.,PJPWPD_TJN_TJX_028_Audience_CONVERSANT_DST_SV1_MAP_NET_DSP_TRG_RON_BTG_BTG_DVY_PHASE 1_ SMARTPHONE SMALL BANNER  - CONVERSANT SHOPPERS AV_Run of Site_Behavioral_P18+_320 x 50_Standard_NV_NA,204447251,9/13/2017,479,6,473,0,473,99,374,170,204,99,45,215
TJN_TJX_TJMaxx 2H DIG_FY18,PlaceIQ,PK18VC_TJN_TJX_028_Mobile_PLACEIQ INC_DST_SV1_MAP_DIR_RCH_TRG_RON_BTG_PXT_DVY_PHASE 1_RICH MEDIA_TJX PORTFOLIO LOYALISTS_Run of Network_Behavioral_F25-54_320 x 50_Click and View_NV_NA,205568912,10/16/2017,28549,637,27912,8756,19156,511,18645,18298,347,9267,9095,27393
TJN_TJX_TJMaxx 2H DIG_FY18,Viant,"PJNSGP_TJN_TJX_028_Data_VIANT INC_DSI_SV1_MWB_DIR_DSP_TRG_RON_BTG_CTG_DVY_PHASE 1_VIANT DIRECT MATCH RETAIL, TJX PORFOLIO LOYALISTS, DISPLAY_Fixed Placement_Behavioral_F25-54_300 x 50_Standard_NV_NA",204525579,9/12/2017,448,1,447,0,447,68,379,263,116,68,47,310
TJN_TJX_TJMaxx 2H DIG_FY18,Viant,"PJSPBY_TJN_TJC_031_Data_VIANT INC_PUR_ROI_TWB_DIR_DSP_TRG_RON_BTG_MKT_DVY_DETERMINSTIC LAL OF ECOM CONVERTERS, CROSS DEVICE DISPLAY_Fixed Placement_Behavioral_F25-54_300 x 250_Click_NV_NA",204715651,10/7/2017,824,17,807,0,807,123,684,340,344,123,61,401
TJN_TJX_TJMaxx 2H DIG_FY18,xAd Inc.,PKF473_TJN_TJX_028_Mobile_GROUND TRUTH FKA XAD_DST_SV1_MAP_DIR_DSP_TRG_RON_PXT_PXT_DVY_PHASE 1_PROXIMITY LOYALTY PLACEMENT - STANDARD BANNER - Find A Store V1_Run of Network_Geo_F25-54_320 x 50_Click and View_NV_NA,206813098,10/16/2017,3953,161,3792,511,3281,35,3246,2258,988,546,380,2638
TJN_MAR_023_Marshalls 2H Digital_F18,NinthDecimal,PJPSRW_TJN_MAR_023_Mobile_NINTHDECIMAL_DST_SV1_MAP_DIR_RCH_TRG_RON_BTG_PXT_DVY_LOCATION GRAPH: TJX FAMILY LOYALISTS_Run of Network_Behavioral_F25-54_320 x 50_Click and View_NV_NA,204541739,10/19/2017,171763,2810,168953,48180,120773,644,120129,116086,4043,48824,47181,163267
TJN_TJX_TJMaxx 2H DIG_FY18,Foursquare,"PJPSSY_TJN_TJX_028_Audience_FOURSQUARE LABS, INC_DST_SV1_MAP_PRO_RCH_TRG_RON_PXT_BTG_DVY_PHASE 1_MOBILE RICH MEDIA TRENDSETTERS - Find A TJ Maxx Store_Run of Network_Geo_F25-54_320 x 50_Standard_NV_NA",204527598,10/20/2017,3,0,3,3,0,0,0,0,0,3,2,2
TJN_MAR_023_Marshalls 2H Digital_F18,xAd Inc.,PJQ0YS_TJN_MAR_023_Mobile_GROUND TRUTH FKA XAD_DST_SV1_MAP_DIR_DSP_TRG_RON_DMA_BTG_DVY_AV DMA TARGETING_Run of Network_Geo_F25-54_300 x 250_Click and View_NV_NA,204558337,9/18/2017,50088,1009,49079,3319,45760,3415,42345,32150,10195,6734,5112,37262
TJN_TJX_TJMaxx 2H DIG_FY18,Viant,"PJNSGS_TJN_TJX_028_Data_VIANT INC_DSI_SV1_MWB_DIR_DSP_TRG_RON_BTG_CTG_DVY_PHASE 1_VIANT DIRECT MATCH RETAIL, TJX PORFOLIO LOYALISTS, DISPLAY_Fixed Placement_Behavioral_F25-54_320 x 50_Standard_NV_NA",204524922,10/18/2017,16807,109,16698,0,16698,1006,15692,12216,3476,1006,783,12999
TJN_MAR_023_Marshalls 2H Digital_F18,xAd Inc.,PJQ0YR_TJN_MAR_023_Mobile_GROUND TRUTH FKA XAD_DST_SV1_MAP_DIR_DSP_TRG_RON_PXT_BTG_DVY_GEOBLOCKS CONQUESTING - DYNAMIC DISTANCE_Run of Network_Geo_F25-54_300 x 250_Click and View_NV_NA,204555244,10/16/2017,9054,414,8640,8640,0,0,0,0,0,8640,0,0
TJN_TJX_TJMaxx 2H DIG_FY18,Foursquare,"PJPQL0_TJN_TJX_028_Audience_FOURSQUARE LABS, INC_DST_SV1_MAP_PRO_DSP_TRG_RON_PXT_BTG_DVY_PHASE 1_PINPOINT TRENDSETTERS_Run of Network_Geo_F25-54_320 x 50_Standard_NV_NA",204478094,9/24/2017,184578,5895,178683,77416,101267,4977,96290,73122,23168,82393,62569,135691
TJN_TJX_TJMaxx 2H DIG_FY18,Hulu,PK3F7J_TJN_TJX_027_Content_HULU_BAF_BS2_TAP_DIR_CUS_SPN_CHS_CTG_CTG_DVY_HULU ROS: PREMIUM SLATE - TABLET IN APP_FEP_Contextual_F25-54_1920 x 1080_Standard_NV_NA,205725864,10/7/2017,3,2,1,1,0,0,0,0,0,1,1,1
TJN_TJX_TJMaxx 2H DIG_FY18,Conversant Inc.,PJPWPD_TJN_TJX_028_Audience_CONVERSANT_DST_SV1_MAP_NET_DSP_TRG_RON_BTG_BTG_DVY_PHASE 1_ SMARTPHONE SMALL BANNER  - CONVERSANT SHOPPERS AV_Run of Site_Behavioral_P18+_320 x 50_Standard_NV_NA,204447251,10/13/2017,294,12,282,0,282,62,220,189,31,62,53,242
TJN_TJX_TJMaxx 2H DIG_FY18,Viant,PJPXKV_TJN_TJX_028_Data_VIANT INC_DSI_SV1_DSK_DIR_DSP_TRG_RON_BTG_CTG_DVY_PHASE 1_DESKTOP DISPLAY VIANT IMP TARGETING - STRATEGIC SAVERS AV_Fixed Placement_Demo_F25-54_728 x 90_Standard_NV_NA,204526986,9/25/2017,12018,866,11152,3,11149,737,10412,3477,6935,740,247,3724
TJN_MAR_023_Marshalls 2H Digital_F18,NinthDecimal,PJPSRR_TJN_MAR_023_Mobile_NINTHDECIMAL_DST_SV1_MAP_DIR_RCH_TRG_RON_PXT_DMA_DVY_GEOFENCE: 2-MILE RADIUS AROUND URBAN STORES_Run of Network_Geo_F25-54_320 x 50_Click and View_NV_NA,204541523,10/21/2017,46788,1029,45759,18696,27063,136,26927,26202,725,18832,18325,44527
TJN_TJX_TJMaxx 2H DIG_FY18,PlaceIQ,PK19YY_TJN_TJX_028_Mobile_PLACEIQ INC_DST_SV1_MAP_DIR_RCH_TRG_RON_BTG_PTG_DVY_PHASE 1_RICH MEDIA_STRATEGIC SAVERS_FREQUENT WOMEN'S APPAREL SHOPPER+DISCRETIONARY SPEND SHOPPERS_Run of Network_Behavioral_F25-54_320 x 50_Click and View_NV_NA,205568681,10/4/2017,28781,618,28163,14134,14029,677,13352,12927,425,14811,14340,27267
TJN_TJX_TJMaxx 2H DIG_FY18,Foursquare,"PK0H83_TJN_TJX_028_Audience_FOURSQUARE LABS, INC_DST_SV1_MAP_PRO_RCH_TRG_RON_PXT_BTG_DVY_PHASE 1_MOBILE RICH MEDIA COMPETITIVE CONQUESTING - Fall Honeycomb_Run of Network_Geo_F25-54_300 x 250_Standard_NV_NA",205344161,10/8/2017,644,38,606,264,342,20,322,103,219,284,91,194
TJN_TJX_TJMaxx 2H DIG_FY18,Viant,"PK2V50_TJN_TJX_028_Data_VIANT INC_DSI_SV1_DSK_DIR_RCH_TRG_INT_BTG_CTG_DVY_PHASE 1_VIANT IMP, W25-54 STRATEGIC SAVERS, CONTOBOX - Fall Homes_Fixed Placement_Behavioral_F25-54_160 x 600_Click and View_NV_NA",205726908,10/19/2017,9,4,5,4,1,0,1,1,0,4,4,5
TJN_TJX_TJMaxx 2H DIG_FY18,NBC Universal Media,PK3H7Q_TJN_TJX_028_Content_NBCUNI.COM_BAF_BS2_DSK_DIR_DSP_SPN_HPT_CTG_CTG_DCM_100% SOV NBC THIS IS US ROADBLOCK 10/17 - 728X90 MOBILE_HP Takeover_Contextual_F25-54_728 x 90_Standard_NV_NA,205685944,10/16/2017,1,0,1,0,1,0,1,1,0,0,0,1
TJN_TJX_TJMaxx 2H DIG_FY18,Foursquare,"PJPQKZ_TJN_TJX_028_Audience_FOURSQUARE LABS, INC_DST_SV1_MAP_PRO_DSP_TRG_RON_PXT_BTG_DVY_PHASE 1_PINPOINT TRENDSETTERS_Run of Network_Geo_F25-54_300 x 250_Standard_NV_NA",204481813,10/19/2017,8895,73,8822,7775,1047,257,790,456,334,8032,4636,5092
TJN_TJX_TJMaxx 2H DIG_FY18,Conversant Inc.,PJPTLN_TJN_TJC_031_Audience_CONVERSANT_PUR_ROI_MAP_NET_DSP_TRG_RON_BTG_BTG_DVY_SMARTPHONE MEDIUM RECTANGLE - TRENDSETTERS_Run of Site_Other_P18+_300 x 250_Standard_NV_NA,204446141,9/29/2017,1,0,1,0,1,0,1,1,0,0,0,1
TJN_TJX_TJMaxx 2H DIG_FY18,Viant,"PJNSGN_TJN_TJX_028_Data_VIANT INC_DSI_SV1_TWB_DIR_DSP_TRG_RON_BTG_CTG_DVY_PHASE 1_VIANT DIRECT MATCH RETAIL, TJX PORFOLIO LOYALISTS, DISPLAY_Fixed Placement_Behavioral_F25-54_300 x 250_Standard_NV_NA",204526347,9/22/2017,1026,7,1019,0,1019,101,918,547,371,101,60,607
TJN_TJX_TJMaxx 2H DIG_FY18,Foursquare,"PJMQ2D_TJN_TJX_028_Audience_FOURSQUARE LABS, INC_DST_SV1_MAP_PRO_DSP_TRG_RON_PXT_BTG_DVY_PHASE 1_PINPOINT STRATEGIC SAVERS_Run of Network_Geo_F25-54_300 x 250_Standard_NV_NA",204483457,9/26/2017,14169,1796,12373,3934,8439,625,7814,3512,4302,4559,2049,5561
TJN_TJX_TJMaxx 2H DIG_FY18,Viant,"PK2X7D_TJN_TJX_028_Data_VIANT INC_DSI_SV1_TWB_DIR_RCH_TRG_INT_BTG_CTG_DVY_PHASE 1_VIANT IMP, W25-54 STRATEGIC SAVERS, CONTOBOX - Honeycomb_Fixed Placement_Behavioral_F25-54_728 x 90_Click and View_NV_NA",205727832,10/9/2017,8341,100,8241,17,8224,670,7554,2437,5117,687,222,2659
TJN_TJX_TJMaxx 2H DIG_FY18,Foursquare,"PK0H80_TJN_TJX_028_Audience_FOURSQUARE LABS, INC_DST_SV1_MAP_PRO_RCH_TRG_RON_PXT_BTG_DVY_PHASE 1_MOBILE RICH MEDIA STRATEGIC SAVERS - Find A Store_Run of Network_Geo_F25-54_320 x 50_Standard_NV_NA",205394974,10/21/2017,4,1,3,1,2,1,1,1,0,2,2,3
TJN_TJX_TJMaxx 2H DIG_FY18,xAd Inc.,PJMTMQ_TJN_TJX_028_Mobile_GROUND TRUTH FKA XAD_DST_SV1_MAP_DIR_RCH_TRG_RON_PXT_PXT_DVY_PHASE 1_PROXIMITY LOYALTY PLACEMENT - RICH MEDIA STORE LOCATOR - TJ Maxx_Run of Network_Geo_F25-54_320 x 50_Click and View_NV_NA,204442090,10/5/2017,6,3,3,1,2,1,1,1,0,2,2,3
TJN_MAR_023_Marshalls 2H Digital_F18,NinthDecimal,PJPSRR_TJN_MAR_023_Mobile_NINTHDECIMAL_DST_SV1_MAP_DIR_RCH_TRG_RON_PXT_DMA_DVY_GEOFENCE: 2-MILE RADIUS AROUND URBAN STORES_Run of Network_Geo_F25-54_320 x 50_Click and View_NV_NA,204541523,9/9/2017,16094,596,15498,7413,8085,34,8051,7859,192,7447,7269,15128
TJN_TJX_TJMaxx 2H DIG_FY18,Viant,"PJNSGM_TJN_TJX_028_Data_VIANT INC_DSI_SV1_TWB_DIR_DSP_TRG_RON_BTG_CTG_DVY_PHASE 1_VIANT DIRECT MATCH RETAIL, TJX PORFOLIO LOYALISTS, DISPLAY_Fixed Placement_Behavioral_F25-54_728 x 90_Standard_NV_NA",204526722,10/16/2017,13411,53,13358,0,13358,977,12381,8857,3524,977,699,9556
TJN_TJX_TJMaxx 2H DIG_FY18,Viant,"PK2X7G_TJN_TJX_028_Data_VIANT INC_DSI_SV1_DSK_DIR_RCH_TRG_INT_BTG_CTG_DVY_PHASE 1_VIANT IMP, W25-54 STRATEGIC SAVERS, CONTOBOX - Honeycomb_Fixed Placement_Behavioral_F25-54_300 x 250_Click and View_NV_NA",205688467,9/24/2017,6811,20,6791,1,6790,740,6050,1110,4940,741,136,1246
TJN_MAR_023_Marshalls 2H Digital_F18,xAd Inc.,PJQ0YP_TJN_MAR_023_Mobile_GROUND TRUTH FKA XAD_DST_SV1_MAP_DIR_DSP_TRG_RON_PXT_BTG_DVY_GEOBLOCKS LOYALTY - DYNAMIC DISTANCE_Run of Network_Geo_F25-54_300 x 250_Click and View_NV_NA,204537983,9/5/2017,5424,134,5290,5267,23,2,21,12,9,5269,3011,3023
TJN_TJX_TJMaxx 2H DIG_FY18,Viant,"PJNSHD_TJN_TJX_028_Data_VIANT INC_DSI_SV1_DSK_DIR_DSP_TRG_RON_BTG_CTG_DVY_PHASE 1_VIANT DIRECT MATCH RETAIL, COMPETITIVE CONQUESTING, DISPLAY_Fixed Placement_Behavioral_F25-54_160 x 600_Standard_NV_NA",204477281,10/10/2017,10464,482,9982,6,9976,765,9211,6646,2565,771,556,7202
TJN_TJX_TJMaxx 2H DIG_FY18,NBC Universal Media,PK2LF3_TJN_TJX_028_Content_NBCUNI.COM_BAF_BS2_DSK_DIR_DSP_SPN_HPT_CTG_CTG_DCM_100% SOV NBC HOMEPAGE ROADBLOCK 9/26 - 300X250 DESKTOP_HP Takeover_Contextual_F25-54_300 x 250_Standard_NV_NA,205613773,9/26/2017,62873,1251,61622,7,61615,2618,58997,24846,34151,2625,1105,25951
TJN_TJX_TJMaxx 2H DIG_FY18,Conversant Inc.,PJPWPD_TJN_TJX_028_Audience_CONVERSANT_DST_SV1_MAP_NET_DSP_TRG_RON_BTG_BTG_DVY_PHASE 1_ SMARTPHONE SMALL BANNER  - CONVERSANT SHOPPERS AV_Run of Site_Behavioral_P18+_320 x 50_Standard_NV_NA,204447251,9/19/2017,1519,23,1496,0,1496,325,1171,897,274,325,249,1146
TJN_TJX_TJMaxx 2H DIG_FY18,Viant,"PK2V4S_TJN_TJX_028_Data_VIANT INC_DSI_SV1_TWB_DIR_RCH_TRG_INT_BTG_CTG_DVY_PHASE 1_VIANT IMP, W25-54 STRATEGIC SAVERS, CONTOBOX - Fall Homes_Fixed Placement_Behavioral_F25-54_300 x 250_Click and View_NV_NA",205687927,10/11/2017,968,57,911,6,905,240,665,466,199,246,172,638
TJN_TJX_TJMaxx 2H DIG_FY18,Viant,"PJNSHC_TJN_TJX_028_Data_VIANT INC_DSI_SV1_DSK_DIR_DSP_TRG_RON_BTG_CTG_DVY_PHASE 1_VIANT DIRECT MATCH RETAIL, COMPETITIVE CONQUESTING, DISPLAY_Fixed Placement_Behavioral_F25-54_300 x 250_Standard_NV_NA",204478655,10/11/2017,20171,785,19386,2,19384,1566,17818,9650,8168,1568,849,10499
TJN_TJX_TJMaxx 2H DIG_FY18,xAd Inc.,PJPXK2_TJN_TJX_028_Mobile_GROUND TRUTH FKA XAD_DST_SV1_MAP_DIR_DSP_TRG_RON_PXT_PXT_DVY_PHASE 1_PROXIMITY LOYALTY PLACEMENT - STANDARD BANNER - Fall Hero_Run of Network_Geo_F25-54_300 x 250_Click and View_NV_NA,204442945,9/7/2017,4434,88,4346,3318,1028,11,1017,980,37,3329,3210,4190
TJN_TJX_TJMaxx 2H DIG_FY18,Foursquare,"PJPQL0_TJN_TJX_028_Audience_FOURSQUARE LABS, INC_DST_SV1_MAP_PRO_DSP_TRG_RON_PXT_BTG_DVY_PHASE 1_PINPOINT TRENDSETTERS_Run of Network_Geo_F25-54_320 x 50_Standard_NV_NA",204478094,9/22/2017,180186,10854,169332,110762,58570,1979,56591,48291,8300,112741,96206,144497
TJN_TJX_TJMaxx 2H DIG_FY18,Foursquare,"PK0H84_TJN_TJX_028_Audience_FOURSQUARE LABS, INC_DST_SV1_MAP_PRO_RCH_TRG_RON_PXT_BTG_DVY_PHASE 1_MOBILE RICH MEDIA COMPETITIVE CONQUESTING - Find A Store_Run of Network_Geo_F25-54_320 x 50_Standard_NV_NA",205427847,10/4/2017,49766,4520,45246,31839,13407,1611,11796,9003,2793,33450,25530,34533
TJN_TJX_TJMaxx 2H DIG_FY18,NBC Universal Media,PK3H7L_TJN_TJX_028_Content_NBCUNI.COM_BAF_BS2_DSK_DIR_DSP_SPN_HPT_CTG_CTG_DCM_100% SOV NBC THIS IS US ROADBLOCK 10/3 - 728X90 MOBILE_HP Takeover_Contextual_F25-54_728 x 90_Standard_NV_NA,205727721,10/5/2017,1,0,1,0,1,0,1,1,0,0,0,1
TJN_MAR_023_Marshalls 2H Digital_F18,xAd Inc.,PJQ0Y9_TJN_MAR_023_Mobile_GROUND TRUTH FKA XAD_DST_SV1_MAP_DIR_RCH_TRG_RON_WEA_PXT_DVY_PROXIMITY LOYALTY - WEATHER LOCATOR UNIT_Run of Network_Weather_F25-54_300 x 250_Click and View_NV_NA,204541757,9/9/2017,652,10,642,38,604,4,600,565,35,42,40,605
TJN_MAR_023_Marshalls 2H Digital_F18,NinthDecimal,PJPSRY_TJN_MAR_023_Mobile_NINTHDECIMAL_DST_SV1_MAP_DIR_RCH_TRG_RON_BTG_PXT_DVY_LOCATION GRAPH: LABOR DAY SALES SHOPPERS_Run of Network_Behavioral_F25-54_320 x 50_Click and View_NV_NA,204542876,9/24/2017,3,1,2,2,0,0,0,0,0,2,2,2
TJN_TJX_TJMaxx 2H DIG_FY18,Conversant Inc.,PJPWBV_TJN_TJX_028_Audience_CONVERSANT_DST_SV1_DSK_NET_DSP_TRG_RON_BTG_BTG_DVY_PHASE 1_ DESKTOP MEDIUM RECTANGLE - CJ INTERACTORS LAL MODELING_Run of Site_Behavioral_P18+_300 x 250_Standard_NV_NA,204447743,10/7/2017,30287,1351,28936,0,28936,2645,26291,13798,12493,2645,1388,15186
TJN_TJX_TJMaxx 2H DIG_FY18,xAd Inc.,PKF446_TJN_TJX_028_Mobile_GROUND TRUTH FKA XAD_DST_SV1_MAP_DIR_RCH_TRG_RON_BTG_BTG_DVY_PHASE 1_BEHAVIORAL AUDIENCE STRATEGIC SAVERS PLACEMENT - RICH MEDIA STORE LOCATOR - Sweaters_Run of Network_Behavioral_F25-54_300 x 250_Click and View_NV_NA,206772560,10/18/2017,2673,31,2642,942,1700,84,1616,746,870,1026,474,1220
TJN_TJX_TJMaxx 2H DIG_FY18,xAd Inc.,PJMTN9_TJN_TJX_028_Mobile_GROUND TRUTH FKA XAD_DST_SV1_MAP_DIR_DSP_TRG_RON_BTG_BTG_DVY_PHASE 1_BEHAVIORAL AUDIENCE STRATEGIC SAVERS PLACEMENT - STANDARD BANNER - Fall Handbag_Run of Network_Behavioral_F25-54_300 x 250_Click and View_NV_NA,204447293,10/21/2017,7531,85,7446,7446,0,0,0,0,0,7446,5892,5892
TJN_TJX_TJMaxx 2H DIG_FY18,PlaceIQ,PK18VC_TJN_TJX_028_Mobile_PLACEIQ INC_DST_SV1_MAP_DIR_RCH_TRG_RON_BTG_PXT_DVY_PHASE 1_RICH MEDIA_TJX PORTFOLIO LOYALISTS_Run of Network_Behavioral_F25-54_320 x 50_Click and View_NV_NA,205568912,9/30/2017,313241,6083,307158,203714,103444,5099,98345,97193,1152,208813,206367,303560
TJN_TJX_TJMaxx 2H DIG_FY18,Conversant Inc.,PJNPLZ_TJN_TJX_028_Audience_CONVERSANT_DST_SV1_MAP_NET_DSP_TRG_RON_BTG_BTG_DVY_PHASE 1_ SMARTPHONE SMALL BANNER  - CJ CONVERTERS LAL MODELING_Run of Site_Behavioral_P18+_320 x 50_Standard_NV_NA,204442891,10/4/2017,3219,58,3161,1,3160,742,2418,1287,1131,743,395,1682
TJN_TJX_TJMaxx 2H DIG_FY18,Foursquare,"PJMQ2D_TJN_TJX_028_Audience_FOURSQUARE LABS, INC_DST_SV1_MAP_PRO_DSP_TRG_RON_PXT_BTG_DVY_PHASE 1_PINPOINT STRATEGIC SAVERS_Run of Network_Geo_F25-54_300 x 250_Standard_NV_NA",204483457,9/11/2017,42303,3252,39051,5061,33990,3622,30368,7072,23296,8683,2022,9094
TJN_TJX_TJMaxx 2H DIG_FY18,xAd Inc.,PKF8WH_TJN_TJX_028_Mobile_GROUND TRUTH FKA XAD_DST_SV1_MAP_DIR_RCH_TRG_RON_PXT_PXT_DVY_PHASE 1_PROXIMITY LOYALTY PLACEMENT - RICH MEDIA STORE LOCATOR - Find A Store V2_Run of Network_Geo_F25-54_320 x 50_Click and View_NV_NA,206834115,10/17/2017,9978,94,9884,2765,7119,26,7093,6687,406,2791,2631,9318
TJN_TJX_TJMaxx 2H DIG_FY18,Viant,"PK2X7C_TJN_TJX_028_Data_VIANT INC_DSI_SV1_TWB_DIR_RCH_TRG_INT_BTG_CTG_DVY_PHASE 1_VIANT IMP, W25-54 STRATEGIC SAVERS, CONTOBOX - Honeycomb_Fixed Placement_Behavioral_F25-54_160 x 600_Click and View_NV_NA",205685992,10/11/2017,5,2,3,2,1,0,1,0,1,2,0,0
TJN_MAR_023_Marshalls 2H Digital_F18,NinthDecimal,PJPSRW_TJN_MAR_023_Mobile_NINTHDECIMAL_DST_SV1_MAP_DIR_RCH_TRG_RON_BTG_PXT_DVY_LOCATION GRAPH: TJX FAMILY LOYALISTS_Run of Network_Behavioral_F25-54_320 x 50_Click and View_NV_NA,204541739,10/9/2017,36179,378,35801,11808,23993,115,23878,23005,873,11923,11487,34492
TJN_TJX_TJMaxx 2H DIG_FY18,xAd Inc.,PJMTN9_TJN_TJX_028_Mobile_GROUND TRUTH FKA XAD_DST_SV1_MAP_DIR_DSP_TRG_RON_BTG_BTG_DVY_PHASE 1_BEHAVIORAL AUDIENCE STRATEGIC SAVERS PLACEMENT - STANDARD BANNER - Fall Handbag_Run of Network_Behavioral_F25-54_300 x 250_Click and View_NV_NA,204447293,9/9/2017,10771,203,10568,10503,65,6,59,26,33,10509,4631,4657
TJN_MAR_023_Marshalls 2H Digital_F18,xAd Inc.,PJQ0YR_TJN_MAR_023_Mobile_GROUND TRUTH FKA XAD_DST_SV1_MAP_DIR_DSP_TRG_RON_PXT_BTG_DVY_GEOBLOCKS CONQUESTING - DYNAMIC DISTANCE_Run of Network_Geo_F25-54_300 x 250_Click and View_NV_NA,204555244,9/30/2017,5446,978,4468,4457,11,1,10,1,9,4458,446,447
TJN_TJX_TJMaxx 2H DIG_FY18,Viant,"PJSPCJ_TJN_TJC_031_Data_VIANT INC_PUR_ROI_MWB_DIR_DSP_TRG_RON_BTG_MKT_DVY_W25-54 + ONLINE SHOPPERS, CROSS DEVICE DISPLAY_Fixed Placement_Behavioral_F25-54_300 x 250_Click_NV_NA",204733038,10/10/2017,7,1,6,0,6,1,5,2,3,1,0,2
TJN_MAR_023_Marshalls 2H Digital_F18,xAd Inc.,PJQ0Y8_TJN_MAR_023_Mobile_GROUND TRUTH FKA XAD_DST_SV1_MAP_DIR_RCH_TRG_RON_WEA_PXT_DVY_PROXIMITY LOYALTY - WEATHER LOCATOR UNIT_Run of Network_Weather_F25-54_320 x 50_Click and View_NV_NA,204556189,9/18/2017,20328,507,19821,10654,9167,144,9023,8483,540,10798,10152,18635
TJN_MAR_023_Marshalls 2H Digital_F18,xAd Inc.,PJQ0Y9_TJN_MAR_023_Mobile_GROUND TRUTH FKA XAD_DST_SV1_MAP_DIR_RCH_TRG_RON_WEA_PXT_DVY_PROXIMITY LOYALTY - WEATHER LOCATOR UNIT_Run of Network_Weather_F25-54_300 x 250_Click and View_NV_NA,204541757,10/21/2017,197455,3507,193948,98403,95545,1280,94265,85715,8550,99683,90642,176357
TJN_TJX_TJMaxx 2H DIG_FY18,NBC Universal Media,PK2HF7_TJN_TJX_028_Content_NBCUNI.COM_BAF_BS2_DSK_DIR_VID_SPN_ROS_BTG_CTG_MOA_THIS IS US SPONSORSHIP: MOBILE - VIGNETTE 1_Run of Site_Behavioral_F25-54_1920 x 1080_Click and View_NV_NA,205568879,9/28/2017,786,5,781,781,0,0,0,0,0,781,594,594
TJN_TJX_TJMaxx 2H DIG_FY18,xAd Inc.,PJMTND_TJN_TJX_028_Mobile_GROUND TRUTH FKA XAD_DST_SV1_MAP_DIR_DSP_TRG_RON_PXT_PXT_DVY_PHASE 1_PROXIMITY LOYALTY PLACEMENT - STANDARD BANNER - Maxx You Maxx Life_Run of Network_Geo_F25-54_320 x 50_Click and View_NV_NA,204442096,9/23/2017,40398,662,39736,19930,19806,7053,12753,10662,2091,26983,21698,32360
TJN_TJX_TJMaxx 2H DIG_FY18,Hulu,PK3CXH_TJN_TJX_027_Content_HULU_BAF_BS2_DSK_DIR_CUS_SPN_CHS_CTG_CTG_DVY_FALL TV SPONSORSHIP: PREMIUM SLATE - DESKTOP_FEP_Contextual_F25-54_1920 x 1080_Standard_NV_NA,205683922,10/10/2017,1,0,1,1,0,0,0,0,0,1,1,1
TJN_TJX_TJMaxx 2H DIG_FY18,xAd Inc.,PJMTNB_TJN_TJX_028_Mobile_GROUND TRUTH FKA XAD_DST_SV1_MAP_DIR_DSP_TRG_RON_BTG_BTG_DVY_PHASE 1_BEHAVIORAL AUDIENCE TRENDSETTERS PLACEMENT - STANDARD BANNER - Fall Handbag_Run of Network_Behavioral_F25-54_300 x 250_Click and View_NV_NA,204447833,9/23/2017,10884,187,10697,10681,16,4,12,4,8,10685,3562,3566
TJN_TJX_TJMaxx 2H DIG_FY18,PlaceIQ,PK18VB_TJN_TJX_028_Mobile_PLACEIQ INC_DST_SV1_MAP_DIR_DSP_TRG_RON_BTG_PXT_DVY_PHASE 1_STANDARD BANNER_TJX PROXIMITY LOYALISTS_WORK BY TJMAXX - Maxx You Maxx Life_Run of Network_Behavioral_F25-54_320 x 50_Click and View_NV_NA,205563149,10/16/2017,27797,566,27231,14305,12926,128,12798,12642,156,14433,14257,26899
TJN_TJX_TJMaxx 2H DIG_FY18,Viant,"PJSPBX_TJN_TJC_031_Data_VIANT INC_PUR_ROI_TWB_DIR_DSP_TRG_RON_BTG_MKT_DVY_DETERMINSTIC LAL OF ECOM CONVERTERS, CROSS DEVICE DISPLAY_Fixed Placement_Behavioral_F25-54_728 x 90_Click_NV_NA",204716188,10/19/2017,141,4,137,0,137,26,111,65,46,26,15,80
TJN_TJX_TJMaxx 2H DIG_FY18,Viant,"PJNSHB_TJN_TJX_028_Data_VIANT INC_DSI_SV1_MWB_DIR_DSP_TRG_RON_BTG_CTG_DVY_PHASE 1_VIANT DIRECT MATCH RETAIL, COMPETITIVE CONQUESTING, DISPLAY_Fixed Placement_Behavioral_F25-54_300 x 50_Standard_NV_NA",204478658,9/22/2017,9665,179,9486,0,9486,557,8929,4650,4279,557,290,4940
TJN_MAR_023_Marshalls 2H Digital_F18,xAd Inc.,PJQ0YD_TJN_MAR_023_Mobile_GROUND TRUTH FKA XAD_DST_SV1_MAP_DIR_RCH_TRG_RON_WEA_PXT_DVY_PROXIMITY CONQUESTING - WEATHER LOCATOR UNIT_Run of Network_Weather_F25-54_320 x 50_Click and View_NV_NA,204541553,10/4/2017,4,0,4,2,2,1,1,1,0,3,3,4
TJN_TJX_TJMaxx 2H DIG_FY18,Hulu,PK3CXN_TJN_TJX_027_Content_HULU_BAF_BS2_CTV_DIR_CUS_SPN_CHS_CTG_CTG_DVY_FALL TV SPONSORSHIP: PREMIUM SLATE - CONNECTED TV_FEP_Contextual_F25-54_1920 x 1080_Standard_NV_NA,205725861,10/19/2017,352,3,349,349,0,0,0,0,0,349,274,274
TJN_MAR_023_Marshalls 2H Digital_F18,xAd Inc.,PJQ0YB_TJN_MAR_023_Mobile_GROUND TRUTH FKA XAD_DST_SV1_MAP_DIR_DSP_TRG_RON_PXT_BTG_DVY_PROXIMITY CONQUESTING - DYNAMIC DISTANCE_Run of Network_Geo_F25-54_320 x 50_Click and View_NV_NA,204541799,9/27/2017,45046,1015,44031,38180,5851,844,5007,4480,527,39024,27933,32413
TJN_TJX_TJMaxx 2H DIG_FY18,xAd Inc.,PJMTND_TJN_TJX_028_Mobile_GROUND TRUTH FKA XAD_DST_SV1_MAP_DIR_DSP_TRG_RON_PXT_PXT_DVY_PHASE 1_PROXIMITY LOYALTY PLACEMENT - STANDARD BANNER - Maxx You Maxx Life_Run of Network_Geo_F25-54_320 x 50_Click and View_NV_NA,204442096,10/2/2017,1,0,1,1,0,0,0,0,0,1,1,1
TJN_TJX_TJMaxx 2H DIG_FY18,Viant,"PJNSGR_TJN_TJX_028_Data_VIANT INC_DSI_SV1_TWB_DIR_DSP_TRG_RON_BTG_CTG_DVY_PHASE 1_VIANT DIRECT MATCH RETAIL, TJX PORFOLIO LOYALISTS, DISPLAY_Fixed Placement_Behavioral_F25-54_160 x 600_Standard_NV_NA",204478520,9/29/2017,249,1,248,0,248,25,223,14,209,25,2,16
TJN_TJX_TJMaxx 2H DIG_FY18,xAd Inc.,PJMTND_TJN_TJX_028_Mobile_GROUND TRUTH FKA XAD_DST_SV1_MAP_DIR_DSP_TRG_RON_PXT_PXT_DVY_PHASE 1_PROXIMITY LOYALTY PLACEMENT - STANDARD BANNER - Maxx You Maxx Life_Run of Network_Geo_F25-54_320 x 50_Click and View_NV_NA,204442096,10/1/2017,4,0,4,2,2,1,1,1,0,3,3,4
TJN_MAR_023_Marshalls 2H Digital_F18,NinthDecimal,PJPSRY_TJN_MAR_023_Mobile_NINTHDECIMAL_DST_SV1_MAP_DIR_RCH_TRG_RON_BTG_PXT_DVY_LOCATION GRAPH: LABOR DAY SALES SHOPPERS_Run of Network_Behavioral_F25-54_320 x 50_Click and View_NV_NA,204542876,9/22/2017,3,1,2,2,0,0,0,0,0,2,2,2
TJN_TJX_TJMaxx 2H DIG_FY18,Conversant Inc.,PJPWBX_TJN_TJX_028_Audience_CONVERSANT_DST_SV1_DSK_NET_DSP_TRG_RON_BTG_BTG_DVY_PHASE 1_ DESKTOP WIDE SKYSCRAPER - CJ INTERACTORS LAL MODELING_Run of Site_Behavioral_P18+_160 x 600_Standard_NV_NA,204442033,10/10/2017,13151,968,12183,4,12179,1894,10285,3593,6692,1898,663,4256
TJN_TJX_TJMaxx 2H DIG_FY18,Foursquare,"PJPRVG_TJN_TJX_028_Audience_FOURSQUARE LABS, INC_DST_SV1_MAP_PRO_DSP_TRG_RON_PXT_BTG_DVY_PHASE 1_PINPOINT COMPETITIVE CONQUESTING AV_Run of Network_Geo_F25-54_300 x 250_Standard_NV_NA",204527412,10/12/2017,85,4,81,34,47,1,46,36,10,35,27,63
TJN_TJX_TJMaxx 2H DIG_FY18,Viant,"PJSPCM_TJN_TJC_031_Data_VIANT INC_PUR_ROI_TWB_DIR_DSP_TRG_RON_BTG_MKT_DVY_W25-54 + ONLINE SHOPPERS, CROSS DEVICE DISPLAY_Fixed Placement_Behavioral_F25-54_300 x 250_Click_NV_NA",204733512,10/16/2017,67591,805,66786,5,66781,3714,63067,45885,17182,3719,2706,48591
TJN_MAR_023_Marshalls 2H Digital_F18,NinthDecimal,PJPSRS_TJN_MAR_023_Mobile_NINTHDECIMAL_DST_SV1_MAP_DIR_RCH_TRG_RON_PXT_DMA_DVY_GEOFENCE: 5-10-MILE RADIUS AROUND SUBURBAN STORES_Run of Network_Geo_F25-54_320 x 50_Click and View_NV_NA,204541748,9/28/2017,62085,1738,60347,22366,37981,187,37794,36807,987,22553,21964,58771
TJN_TJX_TJMaxx 2H DIG_FY18,xAd Inc.,PKF46H_TJN_TJX_028_Mobile_GROUND TRUTH FKA XAD_DST_SV1_MAP_DIR_DSP_TRG_RON_PXT_PXT_DVY_PHASE 1_PROXIMITY LOYALTY PLACEMENT - STANDARD BANNER - Sweaters_Run of Network_Geo_F25-54_300 x 250_Click and View_NV_NA,206772605,10/21/2017,3296,42,3254,3252,2,0,2,2,0,3252,3252,3254
TJN_TJX_TJMaxx 2H DIG_FY18,xAd Inc.,PKF5TF_TJN_TJX_028_Mobile_GROUND TRUTH FKA XAD_DST_SV1_MAP_DIR_DSP_TRG_RON_RTG_RTG_DVY_PHASE 1_LOCATION AUDIENCE TJX SHOPPERS PLACEMENT - STANDARD BANNER - Find A Store V2_Run of Network_Retarget_F25-54_320 x 50_Click and View_NV_NA,206765393,10/19/2017,5049,55,4994,2488,2506,30,2476,1948,528,2518,1981,3929
TJN_MAR_023_Marshalls 2H Digital_F18,Spotify USA Inc.,PK0HN8_TJN_MAR_023_Audience_SPOTIFY USA INC_DST_SV2_MAP_DIR_DSP_TRG_ROS_DMA_PXT_DVY_MOBILE OVERLAY 630X920_Run of Site_Geo_F25-54_630 x 920_Click and View_NV_NA,205561904,10/7/2017,50819,479,50340,50340,0,0,0,0,0,50340,44942,44942
TJN_MAR_023_Marshalls 2H Digital_F18,NinthDecimal,PJPSS0_TJN_MAR_023_Mobile_NINTHDECIMAL_DST_SV1_MAP_DIR_RCH_TRG_RON_BTG_DMA_DVY_3RD PARTY: SURPRISE CHOOSERS_Run of Network_Behavioral_F25-54_320 x 50_Click and View_NV_NA,204595875,9/20/2017,8558,163,8395,2947,5448,51,5397,5222,175,2998,2901,8123
TJN_MAR_023_Marshalls 2H Digital_F18,xAd Inc.,PJQ0YP_TJN_MAR_023_Mobile_GROUND TRUTH FKA XAD_DST_SV1_MAP_DIR_DSP_TRG_RON_PXT_BTG_DVY_GEOBLOCKS LOYALTY - DYNAMIC DISTANCE_Run of Network_Geo_F25-54_300 x 250_Click and View_NV_NA,204537983,9/14/2017,5897,177,5720,5695,25,2,23,3,20,5697,743,746
TJN_TJX_TJMaxx 2H DIG_FY18,xAd Inc.,PJMTN2_TJN_TJX_028_Mobile_GROUND TRUTH FKA XAD_DST_SV1_MAP_DIR_DSP_TRG_RON_RTG_RTG_DVY_PHASE 1_LOCATION AUDIENCE COMPETITIVE CONQUESTING PLACEMENT - STANDARD BANNER - Fall Handbag_Run of Network_Retarget_F25-54_300 x 250_Click and View_NV_NA,204447824,9/18/2017,13636,390,13246,13238,8,1,7,2,5,13239,3783,3785
TJN_TJX_TJMaxx 2H DIG_FY18,Conversant Inc.,PJPTML_TJN_TJC_031_Audience_CONVERSANT_PUR_ROI_DSK_NET_DSP_TRG_RON_BTG_BTG_DVY_DESKTOP WIDE SKYSCRAPER- COMPETITIVE CONQUESTING_Run of Site_Other_P18+_160 x 600_Standard_NV_NA,204447224,10/16/2017,8563,709,7854,0,7854,620,7234,5251,1983,620,450,5701
TJN_TJX_TJMaxx 2H DIG_FY18,Viant,"PK2V4W_TJN_TJX_028_Data_VIANT INC_DSI_SV1_DSK_DIR_RCH_TRG_INT_BTG_CTG_DVY_PHASE 1_VIANT IMP, W25-54 STRATEGIC SAVERS, CONTOBOX - Fall Homes_Fixed Placement_Behavioral_F25-54_728 x 90_Click and View_NV_NA",205687309,10/18/2017,1054,35,1019,6,1013,81,932,823,109,87,77,900
TJN_TJX_TJMaxx 2H DIG_FY18,xAd Inc.,PJPXJS_TJN_TJX_028_Mobile_GROUND TRUTH FKA XAD_DST_SV1_MAP_DIR_DSP_TRG_RON_RTG_RTG_DVY_PHASE 1_LOCATION AUDIENCE COMPETITIVE CONQUESTING PLACEMENT - STANDARD BANNER - Fall Hero_Run of Network_Retarget_F25-54_300 x 250_Click and View_NV_NA,204446153,10/8/2017,3513,71,3442,2553,889,11,878,828,50,2564,2418,3246
TJN_TJX_TJMaxx 2H DIG_FY18,Conversant Inc.,PJPTLQ_TJN_TJC_031_Audience_CONVERSANT_PUR_ROI_DSK_NET_DSP_TRG_RON_BTG_BTG_DVY_DESKTOP MEDIUM RECTANGLE- TRENDSETTERS_Run of Site_Other_P18+_300 x 250_Standard_NV_NA,204446138,10/20/2017,1415,83,1332,0,1332,220,1112,419,693,220,83,502
TJN_TJX_TJMaxx 2H DIG_FY18,xAd Inc.,PJMTN1_TJN_TJX_028_Mobile_GROUND TRUTH FKA XAD_DST_SV1_MAP_DIR_DSP_TRG_RON_DMA_DMA_DVY_PHASE 1_ADDED VALUE DMA TARGETING STANDALONE: STANDARD BANNER - Maxx You Maxx Life_Run of Network_Geo_F25-54_320 x 50_Click and View_NV_NA,204443461,9/17/2017,29603,747,28856,1033,27823,8966,18857,15291,3566,9999,8108,23399
TJN_TJX_TJMaxx 2H DIG_FY18,Conversant Inc.,PJPTLL_TJN_TJC_031_Audience_CONVERSANT_PUR_ROI_DSK_NET_DSP_TRG_RON_BTG_BTG_DVY_DESKTOP WIDE SKYSCRAPER- TRENDSETTERS_Run of Site_Other_P18+_160 x 600_Standard_NV_NA,204447269,10/4/2017,1351,36,1315,0,1315,345,970,251,719,345,89,340
TJN_MAR_023_Marshalls 2H Digital_F18,xAd Inc.,PJQ0YP_TJN_MAR_023_Mobile_GROUND TRUTH FKA XAD_DST_SV1_MAP_DIR_DSP_TRG_RON_PXT_BTG_DVY_GEOBLOCKS LOYALTY - DYNAMIC DISTANCE_Run of Network_Geo_F25-54_300 x 250_Click and View_NV_NA,204537983,10/14/2017,7655,180,7475,7475,0,0,0,0,0,7475,1843,1843
TJN_TJX_TJMaxx 2H DIG_FY18,Conversant Inc.,PJNPMD_TJN_TJC_031_Audience_CONVERSANT_PUR_ROI_TAP_NET_DSP_TRG_RON_BTG_BTG_DVY_TABLET MEDIUM RECTANGLE - STRATEGIC SAVERS_Run of Site_Other_P18+_300 x 250_Standard_NV_NA,204483960,10/13/2017,529,11,518,0,518,84,434,357,77,84,69,426
TJN_TJX_TJMaxx 2H DIG_FY18,Viant,"PJNSGV_TJN_TJX_028_Data_VIANT INC_DSI_SV1_DSK_DIR_DSP_TRG_RON_BTG_CTG_DVY_PHASE 1_VIANT DIRECT MATCH RETAIL, TJX PORFOLIO LOYALISTS, DISPLAY_Fixed Placement_Behavioral_F25-54_728 x 90_Standard_NV_NA",204478511,10/8/2017,6859,114,6745,0,6745,243,6502,4872,1630,243,182,5054
TJN_TJX_TJMaxx 2H DIG_FY18,Conversant Inc.,PJNPML_TJN_TJC_031_Audience_CONVERSANT_PUR_ROI_DSK_NET_DSP_TRG_RON_BTG_BTG_DVY_DESKTOP MEDIUM RECTANGLE- STRATEGIC SAVERS_Run of Site_Other_P18+_300 x 250_Standard_NV_NA,204443407,10/4/2017,5583,180,5403,0,5403,780,4623,1841,2782,780,311,2152
TJN_TJX_TJMaxx 2H DIG_FY18,Viant,"PK2X7D_TJN_TJX_028_Data_VIANT INC_DSI_SV1_TWB_DIR_RCH_TRG_INT_BTG_CTG_DVY_PHASE 1_VIANT IMP, W25-54 STRATEGIC SAVERS, CONTOBOX - Honeycomb_Fixed Placement_Behavioral_F25-54_728 x 90_Click and View_NV_NA",205727832,10/19/2017,6,2,4,2,2,0,2,2,0,2,2,4
TJN_MAR_023_Marshalls 2H Digital_F18,NinthDecimal,PJPSRX_TJN_MAR_023_Mobile_NINTHDECIMAL_DST_SV1_MAP_DIR_RCH_TRG_RON_BTG_PXT_DVY_LOCATION GRAPH: COMPETITIVE CONQUESTING_Run of Network_Behavioral_F25-54_320 x 50_Click and View_NV_NA,204542879,10/4/2017,9813,224,9589,4574,5015,49,4966,4748,218,4623,4420,9168
TJN_MAR_023_Marshalls 2H Digital_F18,xAd Inc.,PJQ0YL_TJN_MAR_023_Mobile_GROUND TRUTH FKA XAD_DST_SV1_MAP_DIR_DSP_TRG_RON_BTG_PXT_DVY_COMPETITOR SHOPPERS - DYNAMIC DISTANCE_Run of Network_Geo_F25-54_320 x 50_Click and View_NV_NA,204595638,9/18/2017,8317,170,8147,5541,2606,890,1716,1559,157,6431,5509,7068
TJN_TJX_TJMaxx 2H DIG_FY18,Foursquare,"PJPQKZ_TJN_TJX_028_Audience_FOURSQUARE LABS, INC_DST_SV1_MAP_PRO_DSP_TRG_RON_PXT_BTG_DVY_PHASE 1_PINPOINT TRENDSETTERS_Run of Network_Geo_F25-54_300 x 250_Standard_NV_NA",204481813,10/9/2017,6773,565,6208,2541,3667,155,3512,1991,1521,2696,1528,3519
TJN_TJX_TJMaxx 2H DIG_FY18,xAd Inc.,PJPXK1_TJN_TJX_028_Mobile_GROUND TRUTH FKA XAD_DST_SV1_MAP_DIR_DSP_TRG_RON_PXT_PXT_DVY_PHASE 1_PROXIMITY LOYALTY PLACEMENT - STANDARD BANNER - TJMaxx_Run of Network_Geo_F25-54_320 x 50_Click and View_NV_NA,204483996,10/20/2017,8514,168,8346,1621,6725,55,6670,4787,1883,1676,1203,5990
TJN_TJX_TJMaxx 2H DIG_FY18,Viant,"PJNSHB_TJN_TJX_028_Data_VIANT INC_DSI_SV1_MWB_DIR_DSP_TRG_RON_BTG_CTG_DVY_PHASE 1_VIANT DIRECT MATCH RETAIL, COMPETITIVE CONQUESTING, DISPLAY_Fixed Placement_Behavioral_F25-54_300 x 50_Standard_NV_NA",204478658,9/24/2017,6399,50,6349,0,6349,402,5947,3494,2453,402,236,3730
TJN_TJX_TJMaxx 2H DIG_FY18,Viant,"PK2V50_TJN_TJX_028_Data_VIANT INC_DSI_SV1_DSK_DIR_RCH_TRG_INT_BTG_CTG_DVY_PHASE 1_VIANT IMP, W25-54 STRATEGIC SAVERS, CONTOBOX - Fall Homes_Fixed Placement_Behavioral_F25-54_160 x 600_Click and View_NV_NA",205726908,10/9/2017,38,5,33,0,33,0,33,16,17,0,0,16
TJN_TJX_TJMaxx 2H DIG_FY18,Viant,"PJNSGM_TJN_TJX_028_Data_VIANT INC_DSI_SV1_TWB_DIR_DSP_TRG_RON_BTG_CTG_DVY_PHASE 1_VIANT DIRECT MATCH RETAIL, TJX PORFOLIO LOYALISTS, DISPLAY_Fixed Placement_Behavioral_F25-54_728 x 90_Standard_NV_NA",204526722,9/30/2017,3236,22,3214,0,3214,577,2637,1491,1146,577,326,1817
TJN_TJX_TJMaxx 2H DIG_FY18,Viant,"PJNSHC_TJN_TJX_028_Data_VIANT INC_DSI_SV1_DSK_DIR_DSP_TRG_RON_BTG_CTG_DVY_PHASE 1_VIANT DIRECT MATCH RETAIL, COMPETITIVE CONQUESTING, DISPLAY_Fixed Placement_Behavioral_F25-54_300 x 250_Standard_NV_NA",204478655,9/21/2017,64784,3355,61429,0,61429,6822,54607,44321,10286,6822,5537,49858
TJN_TJX_TJMaxx 2H DIG_FY18,Conversant Inc.,PJPTMP_TJN_TJC_031_Audience_CONVERSANT_PUR_ROI_DSK_NET_DSP_TRG_RON_BTG_BTG_DVY_DESKTOP LEADERBOARD- COMPETITIVE CONQUESTING_Run of Site_Other_P18+_728 x 90_Standard_NV_NA,204443389,10/20/2017,1910,77,1833,0,1833,346,1487,560,927,346,130,690
TJN_TJX_TJMaxx 2H DIG_FY18,Viant,"PK2X7C_TJN_TJX_028_Data_VIANT INC_DSI_SV1_TWB_DIR_RCH_TRG_INT_BTG_CTG_DVY_PHASE 1_VIANT IMP, W25-54 STRATEGIC SAVERS, CONTOBOX - Honeycomb_Fixed Placement_Behavioral_F25-54_160 x 600_Click and View_NV_NA",205685992,10/6/2017,51,3,48,1,47,2,45,6,39,3,0,6
TJN_TJX_TJMaxx 2H DIG_FY18,xAd Inc.,PJYDBW_TJN_TJX_028_Mobile_GROUND TRUTH FKA XAD_DST_SV1_MAP_DIR_RCH_TRG_RON_BTG_BTG_DVY_PHASE 1_BEHAVIORAL AUDIENCE STRATEGIC SAVERS PLACEMENT - RICH MEDIA STORE LOCATOR - Fall Hero_Run of Network_Behavioral_F25-54_300 x 250_Click and View_NV_NA,205207030,10/4/2017,5,0,5,3,2,2,0,0,0,5,2,2
TJN_TJX_TJMaxx 2H DIG_FY18,Viant,"PJNSHF_TJN_TJX_028_Data_VIANT INC_DSI_SV1_MWB_DIR_DSP_TRG_RON_BTG_CTG_DVY_PHASE 1_VIANT DIRECT MATCH RETAIL, COMPETITIVE CONQUESTING, DISPLAY_Fixed Placement_Behavioral_F25-54_300 x 250_Standard_NV_NA",204483016,9/27/2017,4,0,4,0,4,0,4,4,0,0,0,4
TJN_TJX_TJMaxx 2H DIG_FY18,Conversant Inc.,PJPWC1_TJN_TJX_028_Audience_CONVERSANT_DST_SV1_MAP_NET_DSP_TRG_RON_BTG_BTG_DVY_PHASE 1_ SMARTPHONE MEDIUM RECTANGLE  - CJ INTERACTORS LAL MODELING_Run of Site_Behavioral_P18+_300 x 250_Standard_NV_NA,204483942,10/11/2017,18805,242,18563,32,18531,3025,15506,3271,12235,3057,645,3916
TJN_MAR_023_Marshalls 2H Digital_F18,NinthDecimal,PJPSRW_TJN_MAR_023_Mobile_NINTHDECIMAL_DST_SV1_MAP_DIR_RCH_TRG_RON_BTG_PXT_DVY_LOCATION GRAPH: TJX FAMILY LOYALISTS_Run of Network_Behavioral_F25-54_320 x 50_Click and View_NV_NA,204541739,9/26/2017,16723,382,16341,6363,9978,27,9951,9633,318,6390,6186,15819
TJN_TJX_TJMaxx 2H DIG_FY18,xAd Inc.,PJMTNR_TJN_TJX_028_Mobile_GROUND TRUTH FKA XAD_DST_SV1_MAP_DIR_RCH_TRG_RON_BTG_BTG_DVY_PHASE 1_BEHAVIORAL AUDIENCE STRATEGIC SAVERS PLACEMENT - RICH MEDIA STORE LOCATOR - Fall Handbag_Run of Network_Behavioral_F25-54_300 x 250_Click and View_NV_NA,204442108,9/6/2017,16525,298,16227,14482,1745,39,1706,1188,518,14521,10112,11300
TJN_MAR_023_Marshalls 2H Digital_F18,xAd Inc.,PJQ0YJ_TJN_MAR_023_Mobile_GROUND TRUTH FKA XAD_DST_SV1_MAP_DIR_DSP_TRG_RON_BTG_PXT_DVY_MARSHALLS SHOPPERS - DYNAMIC DISTANCE_Run of Network_Geo_F25-54_320 x 50_Click and View_NV_NA,204595911,9/7/2017,12171,373,11798,4365,7433,429,7004,5294,1710,4794,3560,8854
TJN_MAR_023_Marshalls 2H Digital_F18,xAd Inc.,PJQ0Y7_TJN_MAR_023_Mobile_GROUND TRUTH FKA XAD_DST_SV1_MAP_DIR_DSP_TRG_RON_PXT_BTG_DVY_PROXIMITY LOYALTY - DYNAMIC DISTANCE_Run of Network_Geo_F25-54_300 x 250_Click and View_NV_NA,204541754,9/27/2017,43532,11352,32180,32152,28,1,27,9,18,32153,10718,10727
TJN_TJX_TJMaxx 2H DIG_FY18,xAd Inc.,PJPXJY_TJN_TJX_028_Mobile_GROUND TRUTH FKA XAD_DST_SV1_MAP_DIR_DSP_TRG_RON_BTG_BTG_DVY_PHASE 1_BEHAVIORAL AUDIENCE STRATEGIC SAVERS PLACEMENT - STANDARD BANNER - Fall Hero_Run of Network_Behavioral_F25-54_300 x 250_Click and View_NV_NA,204484017,9/10/2017,10751,136,10615,10528,87,12,75,33,42,10540,4638,4671
TJN_TJX_TJMaxx 2H DIG_FY18,Conversant Inc.,PJPWPG_TJN_TJX_028_Audience_CONVERSANT_DST_SV1_TAP_NET_DSP_TRG_RON_BTG_BTG_DVY_PHASE 1_ TABLET MEDIUM RECTANGLE  - CONVERSANT SHOPPERS AV_Run of Site_Behavioral_P18+_300 x 250_Standard_NV_NA,204446129,10/18/2017,1239,11,1228,0,1228,203,1025,505,520,203,100,605
TJN_TJX_TJMaxx 2H DIG_FY18,xAd Inc.,PJMTMR_TJN_TJX_028_Mobile_GROUND TRUTH FKA XAD_DST_SV1_MAP_DIR_RCH_TRG_RON_PXT_PXT_DVY_PHASE 1_PROXIMITY LOYALTY PLACEMENT - RICH MEDIA STORE LOCATOR - Fall Handbag_Run of Network_Geo_F25-54_300 x 250_Click and View_NV_NA,204442093,10/11/2017,17704,197,17507,2592,14915,70,14845,14145,700,2662,2536,16681
TJN_TJX_TJMaxx 2H DIG_FY18,Foursquare,"PKFMKZ_TJN_TJX_028_Audience_FOURSQUARE LABS, INC_DST_SV1_MAP_PRO_RCH_TRG_RON_PXT_BTG_DVY_PHASE 1_MOBILE RICH MEDIA TRENDSETTERS - Dresses_Run of Network_Geo_F25-54_300 x 250_Standard_NV_NA",206771852,10/16/2017,5714,76,5638,639,4999,307,4692,1230,3462,946,248,1478
TJN_TJX_TJMaxx 2H DIG_FY18,Viant,"PJSPBS_TJN_TJC_031_Data_VIANT INC_PUR_ROI_DSK_DIR_DSP_TRG_RON_BTG_MKT_DVY_DETERMINSTIC LAL OF ECOM CONVERTERS, CROSS DEVICE DISPLAY_Fixed Placement_Behavioral_F25-54_728 x 90_Click_NV_NA",204733518,10/13/2017,37737,2998,34739,1,34738,1442,33296,26675,6621,1443,1156,27831
TJN_TJX_TJMaxx 2H DIG_FY18,xAd Inc.,PJYDBQ_TJN_TJX_028_Mobile_GROUND TRUTH FKA XAD_DST_SV1_MAP_DIR_RCH_TRG_RON_BTG_BTG_DVY_PHASE 1_BEHAVIORAL AUDIENCE TRENDSETTERS PLACEMENT - RICH MEDIA STORE LOCATOR - Fall Hero_Run of Network_Behavioral_F25-54_300 x 250_Click and View_NV_NA,205145231,10/7/2017,1989,23,1966,76,1890,16,1874,1805,69,92,89,1894
TJN_MAR_023_Marshalls 2H Digital_F18,Bustle,PK5G3Z_TJN_MAR_023_Content_BUSTLE_RON - Bustle & Elite Daily 3rd Party Data Targeted & Keyword Targeted - Panoramic_Run of Network_Contextual_F25-54_1 x 1_Click and View_NV_NA,206333610,10/11/2017,83572,1820,81752,1915,79837,3128,76709,54416,22293,5043,3577,57993
TJN_TJX_TJMaxx 2H DIG_FY18,Foursquare,"PKFMLR_TJN_TJX_028_Audience_FOURSQUARE LABS, INC_DST_SV1_MAP_PRO_RCH_TRG_RON_PXT_BTG_DVY_PHASE 1_MOBILE RICH MEDIA STRATEGIC SAVERS - Find A Store V2_Run of Network_Geo_F25-54_320 x 50_Standard_NV_NA",206832741,10/13/2017,3,0,3,0,3,1,2,2,0,1,1,3
TJN_TJX_TJMaxx 2H DIG_FY18,Viant,"PKGK68_TJN_TJX_028_Data_VIANT INC_DSI_SV1_MWB_DIR_CUS_TRG_NAT_BTG_CTG_DVY_PHASE 1_VIANT LIFESTYLE, TRENDSETTERS NATIVE- Booties_Fixed Placement_Contextual_F25-54_0 x 0_Click and View_NV_NA",206772389,10/16/2017,142,4,138,138,0,0,0,0,0,138,90,90
TJN_TJX_TJMaxx 2H DIG_FY18,Viant,"PJNSGR_TJN_TJX_028_Data_VIANT INC_DSI_SV1_TWB_DIR_DSP_TRG_RON_BTG_CTG_DVY_PHASE 1_VIANT DIRECT MATCH RETAIL, TJX PORFOLIO LOYALISTS, DISPLAY_Fixed Placement_Behavioral_F25-54_160 x 600_Standard_NV_NA",204478520,9/10/2017,537,6,531,0,531,38,493,319,174,38,25,344
TJN_TJX_TJMaxx 2H DIG_FY18,Conversant Inc.,PJPTLH_TJN_TJC_031_Audience_CONVERSANT_PUR_ROI_TAP_NET_DSP_TRG_RON_BTG_BTG_DVY_TABLET LEADERBOARD- TRENDSETTERS_Run of Site_Other_P18+_728 x 90_Standard_NV_NA,204447779,10/7/2017,487,6,481,0,481,83,398,219,179,83,46,265
TJN_MAR_023_Marshalls 2H Digital_F18,NinthDecimal,PJPSRR_TJN_MAR_023_Mobile_NINTHDECIMAL_DST_SV1_MAP_DIR_RCH_TRG_RON_PXT_DMA_DVY_GEOFENCE: 2-MILE RADIUS AROUND URBAN STORES_Run of Network_Geo_F25-54_320 x 50_Click and View_NV_NA,204541523,10/4/2017,12822,363,12459,6855,5604,36,5568,5368,200,6891,6643,12011
TJN_TJX_TJMaxx 2H DIG_FY18,PlaceIQ,PK19YY_TJN_TJX_028_Mobile_PLACEIQ INC_DST_SV1_MAP_DIR_RCH_TRG_RON_BTG_PTG_DVY_PHASE 1_RICH MEDIA_STRATEGIC SAVERS_FREQUENT WOMEN'S APPAREL SHOPPER+DISCRETIONARY SPEND SHOPPERS_Run of Network_Behavioral_F25-54_320 x 50_Click and View_NV_NA,205568681,10/21/2017,7,7,0,0,0,0,0,0,0,0,0,0
TJN_TJX_TJMaxx 2H DIG_FY18,xAd Inc.,PKF8WD_TJN_TJX_028_Mobile_GROUND TRUTH FKA XAD_DST_SV1_MAP_DIR_RCH_TRG_RON_PXT_PXT_DVY_PHASE 1_PROXIMITY LOYALTY PLACEMENT - RICH MEDIA STORE LOCATOR - Find A Store V1_Run of Network_Geo_F25-54_320 x 50_Click and View_NV_NA,206772065,10/21/2017,8951,112,8839,2701,6138,25,6113,5816,297,2726,2594,8410
TJN_TJX_TJMaxx 2H DIG_FY18,Foursquare,"PJPSSW_TJN_TJX_028_Audience_FOURSQUARE LABS, INC_DST_SV1_MAP_PRO_RCH_TRG_RON_PXT_BTG_DVY_PHASE 1_MOBILE RICH MEDIA STRATEGIC SAVERS - Find A TJ Maxx Store_Run of Network_Geo_F25-54_320 x 50_Standard_NV_NA",204525357,9/19/2017,40265,1733,38532,17119,21413,3631,17782,10992,6790,20750,12826,23818
TJN_TJX_TJMaxx 2H DIG_FY18,xAd Inc.,PKF465_TJN_TJX_028_Mobile_GROUND TRUTH FKA XAD_DST_SV1_MAP_DIR_DSP_TRG_RON_PXT_PXT_DVY_PHASE 1_PROXIMITY LOYALTY PLACEMENT - STANDARD BANNER - Dresses_Run of Network_Geo_F25-54_300 x 250_Click and View_NV_NA,206813101,10/21/2017,3424,45,3379,3376,3,0,3,1,2,3376,1125,1126
TJN_TJX_TJMaxx 2H DIG_FY18,Foursquare,"PJMQ2K_TJN_TJX_028_Audience_FOURSQUARE LABS, INC_DST_SV1_MAP_PRO_DSP_TRG_RON_PXT_BTG_DVY_PHASE 1_PINPOINT STRATEGIC SAVERS_Run of Network_Geo_F25-54_320 x 50_Standard_NV_NA",204483454,10/7/2017,100856,2662,98194,43953,54241,2316,51925,40725,11200,46269,36289,77014
TJN_TJX_TJMaxx 2H DIG_FY18,Conversant Inc.,PJNPMH_TJN_TJC_031_Audience_CONVERSANT_PUR_ROI_MAP_NET_DSP_TRG_RON_BTG_BTG_DVY_SMARTPHONE SMALL BANNER - STRATEGIC SAVERS_Run of Site_Other_P18+_320 x 50_Standard_NV_NA,204442066,10/13/2017,36743,427,36316,1,36315,2869,33446,29589,3857,2870,2539,32128
TJN_TJX_TJMaxx 2H DIG_FY18,Conversant Inc.,PJPWBW_TJN_TJX_028_Audience_CONVERSANT_DST_SV1_DSK_NET_DSP_TRG_RON_BTG_BTG_DVY_PHASE 1_ DESKTOP RECTANGLE - CJ INTERACTORS LAL MODELING_Run of Site_Behavioral_P18+_300 x 600_Standard_NV_NA,204447740,10/18/2017,2295,172,2123,0,2123,265,1858,543,1315,265,77,620
TJN_TJX_TJMaxx 2H DIG_FY18,NBC Universal Media,PK2KJN_TJN_TJX_028_Content_NBCUNI.COM_BAF_BS2_TAP_DIR_VID_SPN_ROS_BTG_CTG_MOA_THIS IS US SPONSORSHIP: TABLET - VIGNETTE 2_Run of Site_Behavioral_F25-54_1920 x 1080_Click and View_NV_NA,205569482,10/9/2017,16206,66,16140,16140,0,0,0,0,0,16140,10523,10523
TJN_TJX_TJMaxx 2H DIG_FY18,Viant,"PJSPCF_TJN_TJC_031_Data_VIANT INC_PUR_ROI_DSK_DIR_DSP_TRG_RON_BTG_MKT_DVY_W25-54 + ONLINE SHOPPERS, CROSS DEVICE DISPLAY_Fixed Placement_Behavioral_F25-54_320 x 50_Click_NV_NA",204715639,10/15/2017,6088,97,5991,1,5990,730,5260,4505,755,731,626,5131
TJN_TJX_TJMaxx 2H DIG_FY18,Viant,"PJNSGT_TJN_TJX_028_Data_VIANT INC_DSI_SV1_DSK_DIR_DSP_TRG_RON_BTG_CTG_DVY_PHASE 1_VIANT DIRECT MATCH RETAIL, TJX PORFOLIO LOYALISTS, DISPLAY_Fixed Placement_Behavioral_F25-54_160 x 600_Standard_NV_NA",204483025,10/10/2017,7442,540,6902,12,6890,437,6453,4438,2015,449,309,4747
TJN_TJX_TJMaxx 2H DIG_FY18,Conversant Inc.,PJNPM2_TJN_TJX_028_Audience_CONVERSANT_DST_SV1_MAP_NET_DSP_TRG_RON_BTG_BTG_DVY_PHASE 1_ SMARTPHONE MEDIUM RECTANGLE  - CJ CONVERTERS LAL MODELING_Run of Site_Behavioral_P18+_300 x 250_Standard_NV_NA,204442021,10/16/2017,32214,568,31646,98,31548,4534,27014,7740,19274,4632,1327,9067
TJN_TJX_TJMaxx 2H DIG_FY18,Viant,"PJNSGQ_TJN_TJX_028_Data_VIANT INC_DSI_SV1_MWB_DIR_DSP_TRG_RON_BTG_CTG_DVY_PHASE 1_VIANT DIRECT MATCH RETAIL, TJX PORFOLIO LOYALISTS, DISPLAY_Fixed Placement_Behavioral_F25-54_300 x 250_Standard_NV_NA",204482395,10/16/2017,11530,42,11488,0,11488,2170,9318,7100,2218,2170,1653,8753
TJN_TJX_TJMaxx 2H DIG_FY18,Foursquare,"PK0H80_TJN_TJX_028_Audience_FOURSQUARE LABS, INC_DST_SV1_MAP_PRO_RCH_TRG_RON_PXT_BTG_DVY_PHASE 1_MOBILE RICH MEDIA STRATEGIC SAVERS - Find A Store_Run of Network_Geo_F25-54_320 x 50_Standard_NV_NA",205394974,10/4/2017,49655,1410,48245,25916,22329,2630,19699,12540,7159,28546,18172,30712
TJN_TJX_TJMaxx 2H DIG_FY18,Foursquare,"PK0H82_TJN_TJX_028_Audience_FOURSQUARE LABS, INC_DST_SV1_MAP_PRO_RCH_TRG_RON_PXT_BTG_DVY_PHASE 1_MOBILE RICH MEDIA TRENDSETTERS - Find A Store_Run of Network_Geo_F25-54_320 x 50_Standard_NV_NA",205394971,9/22/2017,55903,1531,54372,43272,11100,1193,9907,7737,2170,44465,34726,42463
TJN_TJX_TJMaxx 2H DIG_FY18,NBC Universal Media,PK2KJV_TJN_TJX_028_Content_NBCUNI.COM_BAF_BS2_OTT_DIR_VID_SPN_ROS_BTG_CTG_MOA_THIS IS US SPONSORSHIP: OTT - VIGNETTE 2_Run of Site_Behavioral_F25-54_1920 x 1080_Click and View_NV_NA,205613677,10/7/2017,169629,271,169358,169358,0,0,0,0,0,169358,116944,116944
TJN_MAR_023_Marshalls 2H Digital_F18,xAd Inc.,PJQ0YP_TJN_MAR_023_Mobile_GROUND TRUTH FKA XAD_DST_SV1_MAP_DIR_DSP_TRG_RON_PXT_BTG_DVY_GEOBLOCKS LOYALTY - DYNAMIC DISTANCE_Run of Network_Geo_F25-54_300 x 250_Click and View_NV_NA,204537983,9/28/2017,7583,486,7097,7029,68,3,65,19,46,7032,2054,2073
TJN_TJX_TJMaxx 2H DIG_FY18,Foursquare,"PJMQ2K_TJN_TJX_028_Audience_FOURSQUARE LABS, INC_DST_SV1_MAP_PRO_DSP_TRG_RON_PXT_BTG_DVY_PHASE 1_PINPOINT STRATEGIC SAVERS_Run of Network_Geo_F25-54_320 x 50_Standard_NV_NA",204483454,9/8/2017,72704,4937,67767,27140,40627,1747,38880,21370,17510,28887,15877,37247
TJN_MAR_023_Marshalls 2H Digital_F18,NinthDecimal,PJPSRS_TJN_MAR_023_Mobile_NINTHDECIMAL_DST_SV1_MAP_DIR_RCH_TRG_RON_PXT_DMA_DVY_GEOFENCE: 5-10-MILE RADIUS AROUND SUBURBAN STORES_Run of Network_Geo_F25-54_320 x 50_Click and View_NV_NA,204541748,9/14/2017,26855,811,26044,11101,14943,96,14847,14493,354,11197,10930,25423
TJN_TJX_TJMaxx 2H DIG_FY18,Viant,"PK2V4Z_TJN_TJX_028_Data_VIANT INC_DSI_SV1_MWB_DIR_RCH_TRG_INT_BTG_CTG_DVY_PHASE 1_VIANT IMP, W25-54 STRATEGIC SAVERS, CONTOBOX - Fall Homes_Fixed Placement_Behavioral_F25-54_300 x 250_Click and View_NV_NA",205726911,10/13/2017,7,1,6,2,4,0,4,3,1,2,2,5
TJN_MAR_023_Marshalls 2H Digital_F18,Spotify USA Inc.,PK0HLF_TJN_MAR_023_Audience_SPOTIFY USA INC_DST_SV2_MAP_DIR_DSP_TRG_CMP_DMA_PXT_DVY_MOBILE AUDIO COMPANION BANNER 640X640_Run of Site_Geo_F25-54_640 x 640_Click and View_NV_NA,205566308,9/29/2017,156597,2198,154399,154399,0,0,0,0,0,154399,143566,143566
TJN_MAR_023_Marshalls 2H Digital_F18,NinthDecimal,PJPSRS_TJN_MAR_023_Mobile_NINTHDECIMAL_DST_SV1_MAP_DIR_RCH_TRG_RON_PXT_DMA_DVY_GEOFENCE: 5-10-MILE RADIUS AROUND SUBURBAN STORES_Run of Network_Geo_F25-54_320 x 50_Click and View_NV_NA,204541748,10/14/2017,36546,795,35751,13742,22009,116,21893,21369,524,13858,13526,34895
TJN_TJX_TJMaxx 2H DIG_FY18,Foursquare,"PK0H7Z_TJN_TJX_028_Audience_FOURSQUARE LABS, INC_DST_SV1_MAP_PRO_RCH_TRG_RON_PXT_BTG_DVY_PHASE 1_MOBILE RICH MEDIA STRATEGIC SAVERS - Fall Honeycomb_Run of Network_Geo_F25-54_300 x 250_Standard_NV_NA",205341980,10/10/2017,4739,322,4417,1123,3294,255,3039,728,2311,1378,330,1058
TJN_TJX_TJMaxx 2H DIG_FY18,Viant,"PKGJ73_TJN_TJC_031_Data_VIANT INC_PUR_ROI_MWB_DIR_CUS_TRG_NAT_BTG_MKT_DVY_W25-54 + KEYWORD TARGETING, CROSS DEVICE NATIVE - Dresses_Fixed Placement_Contextual_F25-54_0 x 0_Click_NV_NA",206772485,10/20/2017,19608,286,19322,19322,0,0,0,0,0,19322,11502,11502
TJN_TJX_TJMaxx 2H DIG_FY18,Foursquare,"PJPSSZ_TJN_TJX_028_Audience_FOURSQUARE LABS, INC_DST_SV1_MAP_PRO_RCH_TRG_RON_PXT_BTG_DVY_PHASE 1_MOBILE RICH MEDIA COMPETITIVE CONQUESTING - Fall Handbag_Run of Network_Geo_F25-54_300 x 250_Standard_NV_NA",204478073,10/3/2017,6566,415,6151,3363,2788,139,2649,1001,1648,3502,1323,2324
TJN_TJX_TJMaxx 2H DIG_FY18,Conversant Inc.,PJPWPH_TJN_TJX_028_Audience_CONVERSANT_DST_SV1_MAP_NET_DSP_TRG_RON_BTG_BTG_DVY_PHASE 1_ SMARTPHONE MEDIUM RECTANGLE  - CONVERSANT SHOPPERS AV_Run of Site_Behavioral_P18+_300 x 250_Standard_NV_NA,204442060,10/3/2017,313,6,307,0,307,48,259,138,121,48,26,164
TJN_TJX_TJMaxx 2H DIG_FY18,xAd Inc.,PJMTNF_TJN_TJX_028_Mobile_GROUND TRUTH FKA XAD_DST_SV1_MAP_DIR_DSP_TRG_RON_PXT_PXT_DVY_PHASE 1_PROXIMITY LOYALTY PLACEMENT - STANDARD BANNER - Fall Handbag_Run of Network_Geo_F25-54_300 x 250_Click and View_NV_NA,204446159,10/12/2017,9472,115,9357,9356,1,0,1,1,0,9356,9356,9357
TJN_MAR_023_Marshalls 2H Digital_F18,xAd Inc.,PJQ0YK_TJN_MAR_023_Mobile_GROUND TRUTH FKA XAD_DST_SV1_MAP_DIR_DSP_TRG_RON_BTG_PXT_DVY_MARSHALLS SHOPPERS - DYNAMIC DISTANCE_Run of Network_Geo_F25-54_300 x 250_Click and View_NV_NA,204543440,9/17/2017,3237,136,3101,3101,0,0,0,0,0,3101,3101,3101
TJN_TJX_TJMaxx 2H DIG_FY18,PlaceIQ,PK19Z0_TJN_TJX_028_Mobile_PLACEIQ INC_DST_SV1_MAP_DIR_RCH_TRG_RON_BTG_PTG_DVY_PHASE 1_RICH MEDIA_STRATEGIC SAVERS_APPAREL OR FURNISHINGS DISCRETIONARY SPEND+IMPULSE BUYER SHOPPERS_Run of Network_Behavioral_F25-54_320 x 50_Click and View_NV_NA,205563158,9/21/2017,4,3,1,0,1,1,0,0,0,1,1,1
TJN_TJX_TJMaxx 2H DIG_FY18,Foursquare,"PJMQ2D_TJN_TJX_028_Audience_FOURSQUARE LABS, INC_DST_SV1_MAP_PRO_DSP_TRG_RON_PXT_BTG_DVY_PHASE 1_PINPOINT STRATEGIC SAVERS_Run of Network_Geo_F25-54_300 x 250_Standard_NV_NA",204483457,10/19/2017,16769,275,16494,14912,1582,392,1190,387,803,15304,4977,5364
TJN_TJX_TJMaxx 2H DIG_FY18,Foursquare,"PJPSSV_TJN_TJX_028_Audience_FOURSQUARE LABS, INC_DST_SV1_MAP_PRO_RCH_TRG_RON_PXT_BTG_DVY_PHASE 1_MOBILE RICH MEDIA STRATEGIC SAVERS - Fall Handbag_Run of Network_Geo_F25-54_300 x 250_Standard_NV_NA",204525360,10/18/2017,2,1,1,0,1,0,1,1,0,0,0,1
TJN_TJX_TJMaxx 2H DIG_FY18,Foursquare,"PJPST0_TJN_TJX_028_Audience_FOURSQUARE LABS, INC_DST_SV1_MAP_PRO_RCH_TRG_RON_PXT_BTG_DVY_PHASE 1_MOBILE RICH MEDIA COMPETITIVE CONQUESTING - Find A TJ Maxx Store_Run of Network_Geo_F25-54_320 x 50_Standard_NV_NA",204525348,10/4/2017,72034,4848,67186,54037,13149,1831,11318,8576,2742,55868,42333,50909
TJN_TJX_TJMaxx 2H DIG_FY18,xAd Inc.,PKF5JT_TJN_TJX_028_Mobile_GROUND TRUTH FKA XAD_DST_SV1_MAP_DIR_DSP_TRG_RON_RTG_RTG_DVY_PHASE 1_LOCATION AUDIENCE COMPETITIVE CONQUESTING PLACEMENT - STANDARD BANNER - Find A Store V1_Run of Network_Retarget_F25-54_320 x 50_Click and View_NV_NA,206813083,10/16/2017,4138,61,4077,831,3246,32,3214,2407,807,863,646,3053
TJN_TJX_TJMaxx 2H DIG_FY18,xAd Inc.,PJYDBM_TJN_TJX_028_Mobile_GROUND TRUTH FKA XAD_DST_SV1_MAP_DIR_RCH_TRG_RON_PXT_PXT_DVY_PHASE 1_PROXIMITY LOYALTY PLACEMENT - RICH MEDIA STORE LOCATOR - Fall Hero_Run of Network_Geo_F25-54_300 x 250_Click and View_NV_NA,205209355,9/20/2017,8104,74,8030,1037,6993,41,6952,6779,173,1078,1051,7830
TJN_TJX_TJMaxx 2H DIG_FY18,Conversant Inc.,PJPWC1_TJN_TJX_028_Audience_CONVERSANT_DST_SV1_MAP_NET_DSP_TRG_RON_BTG_BTG_DVY_PHASE 1_ SMARTPHONE MEDIUM RECTANGLE  - CJ INTERACTORS LAL MODELING_Run of Site_Behavioral_P18+_300 x 250_Standard_NV_NA,204483942,10/6/2017,11065,171,10894,70,10824,1580,9244,2802,6442,1650,500,3302
TJN_TJX_TJMaxx 2H DIG_FY18,NBC Universal Media,PK2JQY_TJN_TJX_028_Content_NBCUNI.COM_BAF_BS2_OTT_DIR_VID_SPN_ROS_BTG_CTG_MOA_THIS IS US SPONSORSHIP: OTT - VIGNETTE 1_Run of Site_Behavioral_F25-54_1920 x 1080_Click and View_NV_NA,205566374,9/30/2017,1212,11,1201,1201,0,0,0,0,0,1201,979,979
TJN_TJX_TJMaxx 2H DIG_FY18,Foursquare,"PK0H82_TJN_TJX_028_Audience_FOURSQUARE LABS, INC_DST_SV1_MAP_PRO_RCH_TRG_RON_PXT_BTG_DVY_PHASE 1_MOBILE RICH MEDIA TRENDSETTERS - Find A Store_Run of Network_Geo_F25-54_320 x 50_Standard_NV_NA",205394971,9/24/2017,70881,1632,69249,47196,22053,1685,20368,14250,6118,48881,34198,48448
TJN_MAR_023_Marshalls 2H Digital_F18,xAd Inc.,PJQ0YG_TJN_MAR_023_Mobile_GROUND TRUTH FKA XAD_DST_SV1_MAP_DIR_DSP_TRG_RON_BTG_DMA_DVY_BEHAVIORAL - FASHION SHOPPER - DYNAMIC DISTANCE_Run of Network_Behavioral_F25-54_320 x 50_Click and View_NV_NA,204557581,9/17/2017,34324,598,33726,25729,7997,3346,4651,4346,305,29075,24345,28691
TJN_TJX_TJMaxx 2H DIG_FY18,Foursquare,"PJPQKZ_TJN_TJX_028_Audience_FOURSQUARE LABS, INC_DST_SV1_MAP_PRO_DSP_TRG_RON_PXT_BTG_DVY_PHASE 1_PINPOINT TRENDSETTERS_Run of Network_Geo_F25-54_300 x 250_Standard_NV_NA",204481813,9/26/2017,5557,720,4837,2283,2554,125,2429,1316,1113,2408,1305,2621
TJN_TJX_TJMaxx 2H DIG_FY18,Viant,"PJNSH6_TJN_TJX_028_Data_VIANT INC_DSI_SV1_TWB_DIR_DSP_TRG_RON_BTG_CTG_DVY_PHASE 1_VIANT DIRECT MATCH RETAIL, COMPETITIVE CONQUESTING, DISPLAY_Fixed Placement_Behavioral_F25-54_160 x 600_Standard_NV_NA",204483604,9/25/2017,7,0,7,0,7,0,7,1,6,0,0,1
TJN_TJX_TJMaxx 2H DIG_FY18,xAd Inc.,PJMTMR_TJN_TJX_028_Mobile_GROUND TRUTH FKA XAD_DST_SV1_MAP_DIR_RCH_TRG_RON_PXT_PXT_DVY_PHASE 1_PROXIMITY LOYALTY PLACEMENT - RICH MEDIA STORE LOCATOR - Fall Handbag_Run of Network_Geo_F25-54_300 x 250_Click and View_NV_NA,204442093,10/6/2017,34244,478,33766,16118,17648,233,17415,16658,757,16351,15640,32298
TJN_TJX_TJMaxx 2H DIG_FY18,Viant,"PK2V50_TJN_TJX_028_Data_VIANT INC_DSI_SV1_DSK_DIR_RCH_TRG_INT_BTG_CTG_DVY_PHASE 1_VIANT IMP, W25-54 STRATEGIC SAVERS, CONTOBOX - Fall Homes_Fixed Placement_Behavioral_F25-54_160 x 600_Click and View_NV_NA",205726908,9/26/2017,84,5,79,0,79,7,72,18,54,7,2,20
TJN_TJX_TJMaxx 2H DIG_FY18,Foursquare,"PJPSSW_TJN_TJX_028_Audience_FOURSQUARE LABS, INC_DST_SV1_MAP_PRO_RCH_TRG_RON_PXT_BTG_DVY_PHASE 1_MOBILE RICH MEDIA STRATEGIC SAVERS - Find A TJ Maxx Store_Run of Network_Geo_F25-54_320 x 50_Standard_NV_NA",204525357,10/13/2017,23604,331,23273,5939,17334,1301,16033,8488,7545,7240,3833,12321
TJN_MAR_023_Marshalls 2H Digital_F18,NinthDecimal,PJPSRW_TJN_MAR_023_Mobile_NINTHDECIMAL_DST_SV1_MAP_DIR_RCH_TRG_RON_BTG_PXT_DVY_LOCATION GRAPH: TJX FAMILY LOYALISTS_Run of Network_Behavioral_F25-54_320 x 50_Click and View_NV_NA,204541739,10/3/2017,3235,51,3184,1426,1758,13,1745,1698,47,1439,1400,3098
TJN_TJX_TJMaxx 2H DIG_FY18,Conversant Inc.,PJPTLN_TJN_TJC_031_Audience_CONVERSANT_PUR_ROI_MAP_NET_DSP_TRG_RON_BTG_BTG_DVY_SMARTPHONE MEDIUM RECTANGLE - TRENDSETTERS_Run of Site_Other_P18+_300 x 250_Standard_NV_NA,204446141,10/17/2017,356,8,348,0,348,49,299,198,101,49,32,230
TJN_TJX_TJMaxx 2H DIG_FY18,Conversant Inc.,PJPWPF_TJN_TJX_028_Audience_CONVERSANT_DST_SV1_TAP_NET_DSP_TRG_RON_BTG_BTG_DVY_PHASE 1_ TABLET LEADERBOARD - CONVERSANT SHOPPERS AV_Run of Site_Behavioral_P18+_728 x 90_Standard_NV_NA,204442915,9/19/2017,77,6,71,0,71,15,56,22,34,15,6,28
TJN_TJX_TJMaxx 2H DIG_FY18,Foursquare,"PJPQL0_TJN_TJX_028_Audience_FOURSQUARE LABS, INC_DST_SV1_MAP_PRO_DSP_TRG_RON_PXT_BTG_DVY_PHASE 1_PINPOINT TRENDSETTERS_Run of Network_Geo_F25-54_320 x 50_Standard_NV_NA",204478094,9/30/2017,260942,9965,250977,133169,117808,3753,114055,96321,17734,136922,115632,211953
TJN_TJX_TJMaxx 2H DIG_FY18,xAd Inc.,PKF4CN_TJN_TJX_028_Mobile_GROUND TRUTH FKA XAD_DST_SV1_MAP_DIR_DSP_TRG_RON_BTG_BTG_DVY_PHASE 1_BEHAVIORAL AUDIENCE STRATEGIC SAVERS PLACEMENT - STANDARD BANNER - Booties_Run of Network_Behavioral_F25-54_300 x 250_Click and View_NV_NA,206833614,10/21/2017,3465,42,3423,3423,0,0,0,0,0,3423,2598,2598
TJN_TJX_TJMaxx 2H DIG_FY18,Conversant Inc.,PJNPLY_TJN_TJX_028_Audience_CONVERSANT_DST_SV1_DSK_NET_DSP_TRG_RON_BTG_BTG_DVY_PHASE 1_ DESKTOP WIDE SKYSCRAPER - CJ CONVERTERS LAL MODELING_Run of Site_Behavioral_P18+_160 x 600_Standard_NV_NA,204443386,10/15/2017,36690,1936,34754,14,34740,4775,29965,11438,18527,4789,1828,13266
TJN_TJX_TJMaxx 2H DIG_FY18,Viant,"PJSPBV_TJN_TJC_031_Data_VIANT INC_PUR_ROI_MWB_DIR_DSP_TRG_RON_BTG_MKT_DVY_DETERMINSTIC LAL OF ECOM CONVERTERS, CROSS DEVICE DISPLAY_Fixed Placement_Behavioral_F25-54_160 x 600_Click_NV_NA",204733791,10/18/2017,14145,546,13599,3,13596,1173,12423,7822,4601,1176,740,8562
TJN_TJX_TJMaxx 2H DIG_FY18,Viant,"PK2X7D_TJN_TJX_028_Data_VIANT INC_DSI_SV1_TWB_DIR_RCH_TRG_INT_BTG_CTG_DVY_PHASE 1_VIANT IMP, W25-54 STRATEGIC SAVERS, CONTOBOX - Honeycomb_Fixed Placement_Behavioral_F25-54_728 x 90_Click and View_NV_NA",205727832,10/1/2017,8255,108,8147,6,8141,737,7404,2916,4488,743,293,3209
TJN_TJX_TJMaxx 2H DIG_FY18,Conversant Inc.,PJNPMK_TJN_TJC_031_Audience_CONVERSANT_PUR_ROI_DSK_NET_DSP_TRG_RON_BTG_BTG_DVY_DESKTOP LEADERBOARD- STRATEGIC SAVERS_Run of Site_Other_P18+_728 x 90_Standard_NV_NA,204447263,10/7/2017,12334,402,11932,0,11932,2164,9768,6262,3506,2164,1387,7649
TJN_TJX_TJMaxx 2H DIG_FY18,PlaceIQ,PK18PW_TJN_TJX_028_Mobile_PLACEIQ INC_DST_SV1_MAP_DIR_DSP_TRG_RON_BTG_PXT_DVY_PHASE 1_STANDARD BANNER_TRENDSTTERS_SOCIAL MEDIA INFLUENCER PLUS NEARBY TJMAXX - Maxx You Maxx Life_Run of Network_Behavioral_F25-54_320 x 50_Click and View_NV_NA,205566944,10/14/2017,35661,882,34779,22184,12595,168,12427,12090,337,22352,21746,33836
TJN_TJX_TJMaxx 2H DIG_FY18,Viant,"PJNSGT_TJN_TJX_028_Data_VIANT INC_DSI_SV1_DSK_DIR_DSP_TRG_RON_BTG_CTG_DVY_PHASE 1_VIANT DIRECT MATCH RETAIL, TJX PORFOLIO LOYALISTS, DISPLAY_Fixed Placement_Behavioral_F25-54_160 x 600_Standard_NV_NA",204483025,10/12/2017,10923,741,10182,0,10182,683,9499,5803,3696,683,417,6220
TJN_TJX_TJMaxx 2H DIG_FY18,xAd Inc.,PJMTNC_TJN_TJX_028_Mobile_GROUND TRUTH FKA XAD_DST_SV1_MAP_DIR_DSP_TRG_RON_BTG_BTG_DVY_PHASE 1_BEHAVIORAL AUDIENCE TRENDSETTERS PLACEMENT - STANDARD BANNER - Maxx You Maxx Life_Run of Network_Behavioral_F25-54_320 x 50_Click and View_NV_NA,204447830,10/14/2017,13533,131,13402,5385,8017,102,7915,5549,2366,5487,3847,9396
TJN_TJX_TJMaxx 2H DIG_FY18,Viant,PJPXKS_TJN_TJX_028_Data_VIANT INC_DSI_SV1_DSK_DIR_DSP_TRG_RON_BTG_CTG_DVY_PHASE 1_DESKTOP DISPLAY VIANT IMP TARGETING - STRATEGIC SAVERS AV_Fixed Placement_Demo_F25-54_160 x 600_Standard_NV_NA,204477475,10/4/2017,5,0,5,0,5,0,5,0,5,0,0,0
TJN_TJX_TJMaxx 2H DIG_FY18,Viant,"PJNSHG_TJN_TJX_028_Data_VIANT INC_DSI_SV1_DSK_DIR_DSP_TRG_RON_BTG_CTG_DVY_PHASE 1_VIANT DIRECT MATCH RETAIL, COMPETITIVE CONQUESTING, DISPLAY_Fixed Placement_Behavioral_F25-54_728 x 90_Standard_NV_NA",204478490,10/4/2017,268,0,268,0,268,28,240,149,91,28,17,166
TJN_TJX_TJMaxx 2H DIG_FY18,xAd Inc.,PJMTMQ_TJN_TJX_028_Mobile_GROUND TRUTH FKA XAD_DST_SV1_MAP_DIR_RCH_TRG_RON_PXT_PXT_DVY_PHASE 1_PROXIMITY LOYALTY PLACEMENT - RICH MEDIA STORE LOCATOR - TJ Maxx_Run of Network_Geo_F25-54_320 x 50_Click and View_NV_NA,204442090,9/10/2017,9,1,8,6,2,2,0,0,0,8,7,7
TJN_TJX_TJMaxx 2H DIG_FY18,xAd Inc.,PJMTNB_TJN_TJX_028_Mobile_GROUND TRUTH FKA XAD_DST_SV1_MAP_DIR_DSP_TRG_RON_BTG_BTG_DVY_PHASE 1_BEHAVIORAL AUDIENCE TRENDSETTERS PLACEMENT - STANDARD BANNER - Fall Handbag_Run of Network_Behavioral_F25-54_300 x 250_Click and View_NV_NA,204447833,10/19/2017,8412,133,8279,8279,0,0,0,0,0,8279,7086,7086
TJN_TJX_TJMaxx 2H DIG_FY18,Viant,"PJNSGN_TJN_TJX_028_Data_VIANT INC_DSI_SV1_TWB_DIR_DSP_TRG_RON_BTG_CTG_DVY_PHASE 1_VIANT DIRECT MATCH RETAIL, TJX PORFOLIO LOYALISTS, DISPLAY_Fixed Placement_Behavioral_F25-54_300 x 250_Standard_NV_NA",204526347,9/30/2017,1480,18,1462,0,1462,90,1372,1007,365,90,66,1073
TJN_TJX_TJMaxx 2H DIG_FY18,xAd Inc.,PJPXK0_TJN_TJX_028_Mobile_GROUND TRUTH FKA XAD_DST_SV1_MAP_DIR_DSP_TRG_RON_BTG_BTG_DVY_PHASE 1_BEHAVIORAL AUDIENCE TRENDSETTERS PLACEMENT - STANDARD BANNER - TJMaxx_Run of Network_Behavioral_F25-54_320 x 50_Click and View_NV_NA,204483993,9/14/2017,21377,211,21166,4188,16978,2481,14497,12338,2159,6669,5598,17936
TJN_MAR_023_Marshalls 2H Digital_F18,xAd Inc.,PJQ0YN_TJN_MAR_023_Mobile_GROUND TRUTH FKA XAD_DST_SV1_MAP_DIR_DSP_TRG_RON_PXT_BTG_DVY_GEOBLOCKS LOYALTY - DYNAMIC DISTANCE_Run of Network_Geo_F25-54_320 x 50_Click and View_NV_NA,204558328,9/19/2017,21283,601,20682,19529,1153,670,483,392,91,20199,3699,4091
TJN_TJX_TJMaxx 2H DIG_FY18,Viant,"PK2V4S_TJN_TJX_028_Data_VIANT INC_DSI_SV1_TWB_DIR_RCH_TRG_INT_BTG_CTG_DVY_PHASE 1_VIANT IMP, W25-54 STRATEGIC SAVERS, CONTOBOX - Fall Homes_Fixed Placement_Behavioral_F25-54_300 x 250_Click and View_NV_NA",205687927,9/27/2017,3625,41,3584,4,3580,480,3100,712,2388,484,111,823
TJN_TJX_TJMaxx 2H DIG_FY18,Foursquare,"PJPRVC_TJN_TJX_028_Audience_FOURSQUARE LABS, INC_DST_SV1_MAP_PRO_DSP_TRG_RON_PXT_BTG_DVY_PHASE 1_PINPOINT TRENDSETTERS AV_Run of Network_Geo_F25-54_320 x 50_Standard_NV_NA",204527421,10/8/2017,3900,56,3844,685,3159,115,3044,2416,628,800,635,3051
TJN_TJX_TJMaxx 2H DIG_FY18,xAd Inc.,PJMTNC_TJN_TJX_028_Mobile_GROUND TRUTH FKA XAD_DST_SV1_MAP_DIR_DSP_TRG_RON_BTG_BTG_DVY_PHASE 1_BEHAVIORAL AUDIENCE TRENDSETTERS PLACEMENT - STANDARD BANNER - Maxx You Maxx Life_Run of Network_Behavioral_F25-54_320 x 50_Click and View_NV_NA,204447830,9/14/2017,20560,198,20362,4406,15956,2559,13397,11021,2376,6965,5666,16687
TJN_TJX_TJMaxx 2H DIG_FY18,Hulu,PK3CXN_TJN_TJX_027_Content_HULU_BAF_BS2_CTV_DIR_CUS_SPN_CHS_CTG_CTG_DVY_FALL TV SPONSORSHIP: PREMIUM SLATE - CONNECTED TV_FEP_Contextual_F25-54_1920 x 1080_Standard_NV_NA,205725861,10/2/2017,4,0,4,4,0,0,0,0,0,4,3,3
TJN_MAR_023_Marshalls 2H Digital_F18,NinthDecimal,PJPSRX_TJN_MAR_023_Mobile_NINTHDECIMAL_DST_SV1_MAP_DIR_RCH_TRG_RON_BTG_PXT_DVY_LOCATION GRAPH: COMPETITIVE CONQUESTING_Run of Network_Behavioral_F25-54_320 x 50_Click and View_NV_NA,204542879,9/7/2017,10807,191,10616,5130,5486,50,5436,5278,158,5180,5029,10307
TJN_TJX_TJMaxx 2H DIG_FY18,Conversant Inc.,PJNPLW_TJN_TJX_028_Audience_CONVERSANT_DST_SV1_DSK_NET_DSP_TRG_RON_BTG_BTG_DVY_PHASE 1_ DESKTOP MEDIUM RECTANGLE - CJ CONVERTERS LAL MODELING_Run of Site_Behavioral_P18+_300 x 250_Standard_NV_NA,204442024,10/15/2017,140908,6005,134903,39,134864,13672,121192,63502,57690,13711,7184,70686
TJN_TJX_TJMaxx 2H DIG_FY18,Viant,"PJSPBX_TJN_TJC_031_Data_VIANT INC_PUR_ROI_TWB_DIR_DSP_TRG_RON_BTG_MKT_DVY_DETERMINSTIC LAL OF ECOM CONVERTERS, CROSS DEVICE DISPLAY_Fixed Placement_Behavioral_F25-54_728 x 90_Click_NV_NA",204716188,10/2/2017,186,1,185,0,185,22,163,83,80,22,11,94
TJN_TJX_TJMaxx 2H DIG_FY18,Viant,"PJNSHC_TJN_TJX_028_Data_VIANT INC_DSI_SV1_DSK_DIR_DSP_TRG_RON_BTG_CTG_DVY_PHASE 1_VIANT DIRECT MATCH RETAIL, COMPETITIVE CONQUESTING, DISPLAY_Fixed Placement_Behavioral_F25-54_300 x 250_Standard_NV_NA",204478655,9/27/2017,599,52,547,0,547,31,516,315,201,31,19,334
TJN_TJX_TJMaxx 2H DIG_FY18,xAd Inc.,PJMTN5_TJN_TJX_028_Mobile_GROUND TRUTH FKA XAD_DST_SV1_MAP_DIR_RCH_TRG_RON_BTG_BTG_DVY_PHASE 1_BEHAVIORAL AUDIENCE TRENDSETTERS PLACEMENT - RICH MEDIA STORE LOCATOR - TJ Maxx_Run of Network_Behavioral_F25-54_320 x 50_Click and View_NV_NA,204442936,9/19/2017,1,0,1,1,0,0,0,0,0,1,1,1
TJN_TJX_TJMaxx 2H DIG_FY18,Hulu,PK3CXN_TJN_TJX_027_Content_HULU_BAF_BS2_CTV_DIR_CUS_SPN_CHS_CTG_CTG_DVY_FALL TV SPONSORSHIP: PREMIUM SLATE - CONNECTED TV_FEP_Contextual_F25-54_1920 x 1080_Standard_NV_NA,205725861,10/1/2017,1,0,1,1,0,0,0,0,0,1,1,1
TJN_TJX_TJMaxx 2H DIG_FY18,Viant,"PJSPBX_TJN_TJC_031_Data_VIANT INC_PUR_ROI_TWB_DIR_DSP_TRG_RON_BTG_MKT_DVY_DETERMINSTIC LAL OF ECOM CONVERTERS, CROSS DEVICE DISPLAY_Fixed Placement_Behavioral_F25-54_728 x 90_Click_NV_NA",204716188,10/1/2017,248,4,244,0,244,38,206,94,112,38,17,111
TJN_TJX_TJMaxx 2H DIG_FY18,Conversant Inc.,PJPWP8_TJN_TJX_028_Audience_CONVERSANT_DST_SV1_DSK_NET_DSP_TRG_RON_BTG_BTG_DVY_PHASE 1_ DESKTOP LEADERBOARD - CONVERSANT SHOPPERS AV_Run of Site_Behavioral_P18+_728 x 90_Standard_NV_NA,204446132,9/16/2017,795,70,725,0,725,170,555,342,213,170,105,447
TJN_TJX_TJMaxx 2H DIG_FY18,xAd Inc.,PJMTNF_TJN_TJX_028_Mobile_GROUND TRUTH FKA XAD_DST_SV1_MAP_DIR_DSP_TRG_RON_PXT_PXT_DVY_PHASE 1_PROXIMITY LOYALTY PLACEMENT - STANDARD BANNER - Fall Handbag_Run of Network_Geo_F25-54_300 x 250_Click and View_NV_NA,204446159,10/10/2017,8512,55,8457,8456,1,0,1,0,1,8456,0,0
TJN_TJX_TJMaxx 2H DIG_FY18,Conversant Inc.,PJPWPF_TJN_TJX_028_Audience_CONVERSANT_DST_SV1_TAP_NET_DSP_TRG_RON_BTG_BTG_DVY_PHASE 1_ TABLET LEADERBOARD - CONVERSANT SHOPPERS AV_Run of Site_Behavioral_P18+_728 x 90_Standard_NV_NA,204442915,9/13/2017,31,1,30,0,30,6,24,4,20,6,1,5
TJN_TJX_TJMaxx 2H DIG_FY18,Foursquare,"PJPSSY_TJN_TJX_028_Audience_FOURSQUARE LABS, INC_DST_SV1_MAP_PRO_RCH_TRG_RON_PXT_BTG_DVY_PHASE 1_MOBILE RICH MEDIA TRENDSETTERS - Find A TJ Maxx Store_Run of Network_Geo_F25-54_320 x 50_Standard_NV_NA",204527598,9/28/2017,45240,1100,44140,33858,10282,838,9444,6264,3180,34696,23013,29277
TJN_TJX_TJMaxx 2H DIG_FY18,xAd Inc.,PKF8TR_TJN_TJX_028_Mobile_GROUND TRUTH FKA XAD_DST_SV1_MAP_DIR_RCH_TRG_RON_PXT_PXT_DVY_PHASE 1_PROXIMITY LOYALTY PLACEMENT - RICH MEDIA STORE LOCATOR - Booties_Run of Network_Geo_F25-54_300 x 250_Click and View_NV_NA,206832813,10/20/2017,5299,59,5240,58,5182,14,5168,4916,252,72,68,4984
TJN_TJX_TJMaxx 2H DIG_FY18,Conversant Inc.,PJPWPF_TJN_TJX_028_Audience_CONVERSANT_DST_SV1_TAP_NET_DSP_TRG_RON_BTG_BTG_DVY_PHASE 1_ TABLET LEADERBOARD - CONVERSANT SHOPPERS AV_Run of Site_Behavioral_P18+_728 x 90_Standard_NV_NA,204442915,10/13/2017,9,1,8,0,8,0,8,7,1,0,0,7
TJN_TJX_TJMaxx 2H DIG_FY18,xAd Inc.,PJPXJQ_TJN_TJX_028_Mobile_GROUND TRUTH FKA XAD_DST_SV1_MAP_DIR_DSP_TRG_RON_RTG_RTG_DVY_PHASE 1_LOCATION AUDIENCE TJX SHOPPERS PLACEMENT - STANDARD BANNER - TJMaxx_Run of Network_Retarget_F25-54_320 x 50_Click and View_NV_NA,204447839,10/8/2017,9587,91,9496,5443,4053,49,4004,3026,978,5492,4151,7177
TJN_TJX_TJMaxx 2H DIG_FY18,Hulu,PK3F7G_TJN_TJX_027_Content_HULU_BAF_BS2_MAP_DIR_CUS_SPN_CHS_CTG_CTG_DVY_HULU ROS: PREMIUM SLATE - MOBILE IN APP_FEP_Contextual_F25-54_1920 x 1080_Standard_NV_NA,205634552,9/30/2017,31,0,31,31,0,0,0,0,0,31,25,25
TJN_MAR_023_Marshalls 2H Digital_F18,xAd Inc.,PJQ0YH_TJN_MAR_023_Mobile_GROUND TRUTH FKA XAD_DST_SV1_MAP_DIR_DSP_TRG_RON_BTG_DMA_DVY_BEHAVIORAL - FASHION SHOPPER - DYNAMIC DISTANCE_Run of Network_Behavioral_F25-54_300 x 250_Click and View_NV_NA,204543443,9/26/2017,20292,4724,15568,15343,225,9,216,187,29,15352,13289,13476
TJN_TJX_TJMaxx 2H DIG_FY18,Viant,"PJSPBT_TJN_TJC_031_Data_VIANT INC_PUR_ROI_MWB_DIR_DSP_TRG_RON_BTG_MKT_DVY_DETERMINSTIC LAL OF ECOM CONVERTERS, CROSS DEVICE DISPLAY_Fixed Placement_Behavioral_F25-54_300 x 250_Click_NV_NA",204732642,10/20/2017,14,3,11,0,11,2,9,8,1,2,2,10
TJN_TJX_TJMaxx 2H DIG_FY18,Viant,"PJNSGS_TJN_TJX_028_Data_VIANT INC_DSI_SV1_MWB_DIR_DSP_TRG_RON_BTG_CTG_DVY_PHASE 1_VIANT DIRECT MATCH RETAIL, TJX PORFOLIO LOYALISTS, DISPLAY_Fixed Placement_Behavioral_F25-54_320 x 50_Standard_NV_NA",204524922,9/20/2017,1262,4,1258,0,1258,92,1166,699,467,92,55,754
TJN_TJX_TJMaxx 2H DIG_FY18,Foursquare,"PJPSSZ_TJN_TJX_028_Audience_FOURSQUARE LABS, INC_DST_SV1_MAP_PRO_RCH_TRG_RON_PXT_BTG_DVY_PHASE 1_MOBILE RICH MEDIA COMPETITIVE CONQUESTING - Fall Handbag_Run of Network_Geo_F25-54_300 x 250_Standard_NV_NA",204478073,9/26/2017,1479,78,1401,565,836,62,774,299,475,627,242,541
TJN_TJX_TJMaxx 2H DIG_FY18,Conversant Inc.,PJPWPH_TJN_TJX_028_Audience_CONVERSANT_DST_SV1_MAP_NET_DSP_TRG_RON_BTG_BTG_DVY_PHASE 1_ SMARTPHONE MEDIUM RECTANGLE  - CONVERSANT SHOPPERS AV_Run of Site_Behavioral_P18+_300 x 250_Standard_NV_NA,204442060,9/26/2017,230,3,227,0,227,42,185,78,107,42,18,96
TJN_TJX_TJMaxx 2H DIG_FY18,Viant,"PJNSHB_TJN_TJX_028_Data_VIANT INC_DSI_SV1_MWB_DIR_DSP_TRG_RON_BTG_CTG_DVY_PHASE 1_VIANT DIRECT MATCH RETAIL, COMPETITIVE CONQUESTING, DISPLAY_Fixed Placement_Behavioral_F25-54_300 x 50_Standard_NV_NA",204478658,10/16/2017,12,0,12,0,12,6,6,5,1,6,5,10
TJN_MAR_023_Marshalls 2H Digital_F18,xAd Inc.,PJQ0YN_TJN_MAR_023_Mobile_GROUND TRUTH FKA XAD_DST_SV1_MAP_DIR_DSP_TRG_RON_PXT_BTG_DVY_GEOBLOCKS LOYALTY - DYNAMIC DISTANCE_Run of Network_Geo_F25-54_320 x 50_Click and View_NV_NA,204558328,9/13/2017,18394,366,18028,11892,6136,967,5169,4759,410,12859,7980,12739
TJN_TJX_TJMaxx 2H DIG_FY18,Viant,"PK2X7G_TJN_TJX_028_Data_VIANT INC_DSI_SV1_DSK_DIR_RCH_TRG_INT_BTG_CTG_DVY_PHASE 1_VIANT IMP, W25-54 STRATEGIC SAVERS, CONTOBOX - Honeycomb_Fixed Placement_Behavioral_F25-54_300 x 250_Click and View_NV_NA",205688467,9/30/2017,9210,73,9137,4,9133,2338,6795,4567,2228,2342,1574,6141
TJN_MAR_023_Marshalls 2H Digital_F18,xAd Inc.,PJQ0YD_TJN_MAR_023_Mobile_GROUND TRUTH FKA XAD_DST_SV1_MAP_DIR_RCH_TRG_RON_WEA_PXT_DVY_PROXIMITY CONQUESTING - WEATHER LOCATOR UNIT_Run of Network_Weather_F25-54_320 x 50_Click and View_NV_NA,204541553,9/7/2017,17341,253,17088,11856,5232,110,5122,4864,258,11966,11363,16227
TJN_TJX_TJMaxx 2H DIG_FY18,Viant,"PK2X7D_TJN_TJX_028_Data_VIANT INC_DSI_SV1_TWB_DIR_RCH_TRG_INT_BTG_CTG_DVY_PHASE 1_VIANT IMP, W25-54 STRATEGIC SAVERS, CONTOBOX - Honeycomb_Fixed Placement_Behavioral_F25-54_728 x 90_Click and View_NV_NA",205727832,10/2/2017,21,9,12,5,7,1,6,6,0,6,6,12
TJN_TJX_TJMaxx 2H DIG_FY18,Viant,"PJSPCK_TJN_TJC_031_Data_VIANT INC_PUR_ROI_MWB_DIR_DSP_TRG_RON_BTG_MKT_DVY_W25-54 + ONLINE SHOPPERS, CROSS DEVICE DISPLAY_Fixed Placement_Behavioral_F25-54_160 x 600_Click_NV_NA",204733041,10/5/2017,56,9,47,0,47,3,44,19,25,3,1,20
TJN_MAR_023_Marshalls 2H Digital_F18,xAd Inc.,PJQ0YC_TJN_MAR_023_Mobile_GROUND TRUTH FKA XAD_DST_SV1_MAP_DIR_DSP_TRG_RON_PXT_BTG_DVY_PROXIMITY CONQUESTING - DYNAMIC DISTANCE_Run of Network_Geo_F25-54_300 x 250_Click and View_NV_NA,204595923,10/21/2017,93534,4614,88920,88893,27,0,27,25,2,88893,82307,82332
TJN_TJX_TJMaxx 2H DIG_FY18,xAd Inc.,PJMTN5_TJN_TJX_028_Mobile_GROUND TRUTH FKA XAD_DST_SV1_MAP_DIR_RCH_TRG_RON_BTG_BTG_DVY_PHASE 1_BEHAVIORAL AUDIENCE TRENDSETTERS PLACEMENT - RICH MEDIA STORE LOCATOR - TJ Maxx_Run of Network_Behavioral_F25-54_320 x 50_Click and View_NV_NA,204442936,10/13/2017,7694,89,7605,3106,4499,139,4360,3544,816,3245,2638,6182
TJN_MAR_023_Marshalls 2H Digital_F18,xAd Inc.,PJQ0YC_TJN_MAR_023_Mobile_GROUND TRUTH FKA XAD_DST_SV1_MAP_DIR_DSP_TRG_RON_PXT_BTG_DVY_PROXIMITY CONQUESTING - DYNAMIC DISTANCE_Run of Network_Geo_F25-54_300 x 250_Click and View_NV_NA,204595923,9/9/2017,8790,112,8678,8678,0,0,0,0,0,8678,6942,6942
TJN_MAR_023_Marshalls 2H Digital_F18,xAd Inc.,PJQ0YB_TJN_MAR_023_Mobile_GROUND TRUTH FKA XAD_DST_SV1_MAP_DIR_DSP_TRG_RON_PXT_BTG_DVY_PROXIMITY CONQUESTING - DYNAMIC DISTANCE_Run of Network_Geo_F25-54_320 x 50_Click and View_NV_NA,204541799,9/21/2017,18406,362,18044,13539,4505,1997,2508,2281,227,15536,11490,13771
TJN_TJX_TJMaxx 2H DIG_FY18,xAd Inc.,PJMTN5_TJN_TJX_028_Mobile_GROUND TRUTH FKA XAD_DST_SV1_MAP_DIR_RCH_TRG_RON_BTG_BTG_DVY_PHASE 1_BEHAVIORAL AUDIENCE TRENDSETTERS PLACEMENT - RICH MEDIA STORE LOCATOR - TJ Maxx_Run of Network_Behavioral_F25-54_320 x 50_Click and View_NV_NA,204442936,9/13/2017,5,3,2,0,2,1,1,1,0,1,1,2
TJN_TJX_TJMaxx 2H DIG_FY18,Foursquare,"PK0H7Z_TJN_TJX_028_Audience_FOURSQUARE LABS, INC_DST_SV1_MAP_PRO_RCH_TRG_RON_PXT_BTG_DVY_PHASE 1_MOBILE RICH MEDIA STRATEGIC SAVERS - Fall Honeycomb_Run of Network_Geo_F25-54_300 x 250_Standard_NV_NA",205341980,10/12/2017,4781,39,4742,1184,3558,278,3280,935,2345,1462,417,1352
TJN_TJX_TJMaxx 2H DIG_FY18,Foursquare,"PJPRQJ_TJN_TJX_028_Audience_FOURSQUARE LABS, INC_DST_SV1_MAP_PRO_DSP_TRG_RON_PXT_BTG_DVY_PHASE 1_PINPOINT STRATEGIC SAVERS AV_Run of Network_Geo_F25-54_320 x 50_Standard_NV_NA",204525369,9/25/2017,2389,288,2101,436,1665,79,1586,1192,394,515,387,1579
TJN_TJX_TJMaxx 2H DIG_FY18,xAd Inc.,PJYDBR_TJN_TJX_028_Mobile_GROUND TRUTH FKA XAD_DST_SV1_MAP_DIR_RCH_TRG_RON_BTG_BTG_DVY_PHASE 1_BEHAVIORAL AUDIENCE TRENDSETTERS PLACEMENT - RICH MEDIA STORE LOCATOR - Maxx You Maxx Life_Run of Network_Behavioral_F25-54_320 x 50_Click and View_NV_NA,205145234,10/20/2017,5,2,3,3,0,0,0,0,0,3,3,3
TJN_MAR_023_Marshalls 2H Digital_F18,xAd Inc.,PJQ0YN_TJN_MAR_023_Mobile_GROUND TRUTH FKA XAD_DST_SV1_MAP_DIR_DSP_TRG_RON_PXT_BTG_DVY_GEOBLOCKS LOYALTY - DYNAMIC DISTANCE_Run of Network_Geo_F25-54_320 x 50_Click and View_NV_NA,204558328,10/13/2017,10555,146,10409,7965,2444,401,2043,1769,274,8366,6454,8223
TJN_TJX_TJMaxx 2H DIG_FY18,Viant,"PK2V50_TJN_TJX_028_Data_VIANT INC_DSI_SV1_DSK_DIR_RCH_TRG_INT_BTG_CTG_DVY_PHASE 1_VIANT IMP, W25-54 STRATEGIC SAVERS, CONTOBOX - Fall Homes_Fixed Placement_Behavioral_F25-54_160 x 600_Click and View_NV_NA",205726908,10/3/2017,2119,51,2068,2,2066,108,1958,956,1002,110,54,1010
TJN_TJX_TJMaxx 2H DIG_FY18,Foursquare,"PJPQKZ_TJN_TJX_028_Audience_FOURSQUARE LABS, INC_DST_SV1_MAP_PRO_DSP_TRG_RON_PXT_BTG_DVY_PHASE 1_PINPOINT TRENDSETTERS_Run of Network_Geo_F25-54_300 x 250_Standard_NV_NA",204481813,10/3/2017,10878,576,10302,2375,7927,335,7592,3438,4154,2710,1227,4665
TJN_TJX_TJMaxx 2H DIG_FY18,Viant,"PK2X7D_TJN_TJX_028_Data_VIANT INC_DSI_SV1_TWB_DIR_RCH_TRG_INT_BTG_CTG_DVY_PHASE 1_VIANT IMP, W25-54 STRATEGIC SAVERS, CONTOBOX - Honeycomb_Fixed Placement_Behavioral_F25-54_728 x 90_Click and View_NV_NA",205727832,9/23/2017,2422,16,2406,1,2405,184,2221,593,1628,185,49,642
TJN_MAR_023_Marshalls 2H Digital_F18,xAd Inc.,PJQ0YN_TJN_MAR_023_Mobile_GROUND TRUTH FKA XAD_DST_SV1_MAP_DIR_DSP_TRG_RON_PXT_BTG_DVY_GEOBLOCKS LOYALTY - DYNAMIC DISTANCE_Run of Network_Geo_F25-54_320 x 50_Click and View_NV_NA,204558328,9/16/2017,18123,330,17793,11220,6573,4398,2175,2040,135,15618,10808,12848
TJN_TJX_TJMaxx 2H DIG_FY18,xAd Inc.,PJMTMQ_TJN_TJX_028_Mobile_GROUND TRUTH FKA XAD_DST_SV1_MAP_DIR_RCH_TRG_RON_PXT_PXT_DVY_PHASE 1_PROXIMITY LOYALTY PLACEMENT - RICH MEDIA STORE LOCATOR - TJ Maxx_Run of Network_Geo_F25-54_320 x 50_Click and View_NV_NA,204442090,9/29/2017,26380,512,25868,9657,16211,170,16041,15076,965,9827,9236,24312
TJN_TJX_TJMaxx 2H DIG_FY18,xAd Inc.,PJMTN4_TJN_TJX_028_Mobile_GROUND TRUTH FKA XAD_DST_SV1_MAP_DIR_RCH_TRG_RON_BTG_BTG_DVY_PHASE 1_BEHAVIORAL AUDIENCE TRENDSETTERS PLACEMENT - RICH MEDIA STORE LOCATOR - Fall Handbag_Run of Network_Behavioral_F25-54_300 x 250_Click and View_NV_NA,204447281,9/20/2017,3773,48,3725,714,3011,58,2953,2797,156,772,731,3528
TJN_TJX_TJMaxx 2H DIG_FY18,Conversant Inc.,PJPTLN_TJN_TJC_031_Audience_CONVERSANT_PUR_ROI_MAP_NET_DSP_TRG_RON_BTG_BTG_DVY_SMARTPHONE MEDIUM RECTANGLE - TRENDSETTERS_Run of Site_Other_P18+_300 x 250_Standard_NV_NA,204446141,10/5/2017,12306,187,12119,0,12119,1727,10392,4461,5931,1727,741,5202
TJN_TJX_TJMaxx 2H DIG_FY18,Viant,"PK2V4V_TJN_TJX_028_Data_VIANT INC_DSI_SV1_TWB_DIR_RCH_TRG_INT_BTG_CTG_DVY_PHASE 1_VIANT IMP, W25-54 STRATEGIC SAVERS, CONTOBOX - Fall Homes_Fixed Placement_Behavioral_F25-54_728 x 90_Click and View_NV_NA",205725966,9/27/2017,5649,37,5612,4,5608,794,4814,1418,3396,798,235,1653
TJN_TJX_TJMaxx 2H DIG_FY18,Hulu,PK3CXJ_TJN_TJX_027_Content_HULU_BAF_BS2_MAP_DIR_CUS_SPN_CHS_CTG_CTG_DVY_FALL TV SPONSORSHIP: PREMIUM SLATE - MOBILE IN APP_FEP_Contextual_F25-54_1920 x 1080_Standard_NV_NA,205683919,10/11/2017,20316,200,20116,20116,0,0,0,0,0,20116,13126,13126
TJN_TJX_TJMaxx 2H DIG_FY18,Foursquare,"PJMQ2D_TJN_TJX_028_Audience_FOURSQUARE LABS, INC_DST_SV1_MAP_PRO_DSP_TRG_RON_PXT_BTG_DVY_PHASE 1_PINPOINT STRATEGIC SAVERS_Run of Network_Geo_F25-54_300 x 250_Standard_NV_NA",204483457,10/1/2017,8299,1650,6649,1888,4761,375,4386,2390,1996,2263,1233,3623
TJN_TJX_TJMaxx 2H DIG_FY18,Hulu,PK3CXH_TJN_TJX_027_Content_HULU_BAF_BS2_DSK_DIR_CUS_SPN_CHS_CTG_CTG_DVY_FALL TV SPONSORSHIP: PREMIUM SLATE - DESKTOP_FEP_Contextual_F25-54_1920 x 1080_Standard_NV_NA,205683922,10/12/2017,12,0,12,12,0,0,0,0,0,12,8,8
TJN_TJX_TJMaxx 2H DIG_FY18,NBC Universal Media,PK2KL1_TJN_TJX_028_Content_NBCUNI.COM_BAF_BS2_OTT_DIR_VID_SPN_ROS_BTG_CTG_MOA_THIS IS US SPONSORSHIP: OTT - VIGNETTE 3_Run of Site_Behavioral_F25-54_1920 x 1080_Click and View_NV_NA,205614505,10/16/2017,76590,117,76473,76473,0,0,0,0,0,76473,49694,49694
TJN_TJX_TJMaxx 2H DIG_FY18,NBC Universal Media,PK2KL9_TJN_TJX_028_Content_NBCUNI.COM_BAF_BS2_DSK_DIR_VID_SPN_ROS_BTG_CTG_MOA_THIS IS US SPONSORSHIP: DESKTOP - VIGNETTE 4_Run of Site_Behavioral_F25-54_1920 x 1080_Click and View_NV_NA,205568894,10/19/2017,60706,1310,59396,59396,0,0,0,0,0,59396,46591,46591
TJN_TJX_TJMaxx 2H DIG_FY18,Conversant Inc.,PJPWBY_TJN_TJX_028_Audience_CONVERSANT_DST_SV1_MAP_NET_DSP_TRG_RON_BTG_BTG_DVY_PHASE 1_ SMARTPHONE SMALL BANNER  - CJ INTERACTORS LAL MODELING_Run of Site_Behavioral_P18+_320 x 50_Standard_NV_NA,204442030,10/16/2017,71936,1155,70781,213,70568,9128,61440,35077,26363,9341,5333,40410
TJN_TJX_TJMaxx 2H DIG_FY18,PlaceIQ,PK19Z0_TJN_TJX_028_Mobile_PLACEIQ INC_DST_SV1_MAP_DIR_RCH_TRG_RON_BTG_PTG_DVY_PHASE 1_RICH MEDIA_STRATEGIC SAVERS_APPAREL OR FURNISHINGS DISCRETIONARY SPEND+IMPULSE BUYER SHOPPERS_Run of Network_Behavioral_F25-54_320 x 50_Click and View_NV_NA,205563158,9/27/2017,57064,5215,51849,29452,22397,950,21447,19788,1659,30402,28050,47838
TJN_TJX_TJMaxx 2H DIG_FY18,xAd Inc.,PKF4NT_TJN_TJX_028_Mobile_GROUND TRUTH FKA XAD_DST_SV1_MAP_DIR_RCH_TRG_RON_BTG_BTG_DVY_PHASE 1_BEHAVIORAL AUDIENCE TRENDSETTERS PLACEMENT - RICH MEDIA STORE LOCATOR - Sweaters_Run of Network_Behavioral_F25-54_300 x 250_Click and View_NV_NA,206813092,10/13/2017,408,11,397,0,397,1,396,372,24,1,1,373
TJN_TJX_TJMaxx 2H DIG_FY18,Viant,"PJNSGQ_TJN_TJX_028_Data_VIANT INC_DSI_SV1_MWB_DIR_DSP_TRG_RON_BTG_CTG_DVY_PHASE 1_VIANT DIRECT MATCH RETAIL, TJX PORFOLIO LOYALISTS, DISPLAY_Fixed Placement_Behavioral_F25-54_300 x 250_Standard_NV_NA",204482395,9/24/2017,128,1,127,0,127,10,117,2,115,10,0,2
TJN_TJX_TJMaxx 2H DIG_FY18,xAd Inc.,PJPXK0_TJN_TJX_028_Mobile_GROUND TRUTH FKA XAD_DST_SV1_MAP_DIR_DSP_TRG_RON_BTG_BTG_DVY_PHASE 1_BEHAVIORAL AUDIENCE TRENDSETTERS PLACEMENT - STANDARD BANNER - TJMaxx_Run of Network_Behavioral_F25-54_320 x 50_Click and View_NV_NA,204483993,9/28/2017,5,1,4,2,2,1,1,1,0,3,3,4
TJN_MAR_023_Marshalls 2H Digital_F18,NinthDecimal,PJPSRZ_TJN_MAR_023_Mobile_NINTHDECIMAL_DST_SV1_MAP_DIR_RCH_TRG_RON_BTG_DMA_DVY_CONSUMER JOURNEY: BARGAIN HUNTERS_Run of Network_Behavioral_F25-54_320 x 50_Click and View_NV_NA,204542873,10/6/2017,44812,817,43995,15350,28645,188,28457,27261,1196,15538,14885,42146
TJN_TJX_TJMaxx 2H DIG_FY18,xAd Inc.,PJPXJZ_TJN_TJX_028_Mobile_GROUND TRUTH FKA XAD_DST_SV1_MAP_DIR_DSP_TRG_RON_BTG_BTG_DVY_PHASE 1_BEHAVIORAL AUDIENCE TRENDSETTERS PLACEMENT - STANDARD BANNER - Fall Hero_Run of Network_Behavioral_F25-54_300 x 250_Click and View_NV_NA,204446156,9/15/2017,11273,264,11009,10990,19,5,14,8,6,10995,6283,6291
TJN_TJX_TJMaxx 2H DIG_FY18,Conversant Inc.,PJPTLK_TJN_TJC_031_Audience_CONVERSANT_PUR_ROI_DSK_NET_DSP_TRG_RON_BTG_BTG_DVY_DESKTOP RECTANGLE- TRENDSETTERS_Run of Site_Other_P18+_300 x 600_Standard_NV_NA,204483963,9/21/2017,8,6,2,0,2,0,2,0,2,0,0,0
TJN_TJX_TJMaxx 2H DIG_FY18,Foursquare,"PJYHWD_TJN_TJX_028_Audience_FOURSQUARE LABS, INC_DST_SV1_MAP_PRO_DSP_TRG_RON_PXT_BTG_DVY_PHASE 1_PINPOINT COMPETITIVE CONQUESTING_Run of Network_Geo_F25-54_300 x 250_Standard_NV_NA",205235284,10/4/2017,7292,550,6742,2794,3948,181,3767,2183,1584,2975,1724,3907
TJN_TJX_TJMaxx 2H DIG_FY18,Foursquare,"PK0H83_TJN_TJX_028_Audience_FOURSQUARE LABS, INC_DST_SV1_MAP_PRO_RCH_TRG_RON_PXT_BTG_DVY_PHASE 1_MOBILE RICH MEDIA COMPETITIVE CONQUESTING - Fall Honeycomb_Run of Network_Geo_F25-54_300 x 250_Standard_NV_NA",205344161,10/7/2017,295,14,281,109,172,12,160,66,94,121,50,116
TJN_TJX_TJMaxx 2H DIG_FY18,Conversant Inc.,PJPWPB_TJN_TJX_028_Audience_CONVERSANT_DST_SV1_DSK_NET_DSP_TRG_RON_BTG_BTG_DVY_PHASE 1_ DESKTOP RECTANGLE - CONVERSANT SHOPPERS AV_Run of Site_Behavioral_P18+_300 x 600_Standard_NV_NA,204447254,10/21/2017,311,10,301,0,301,13,288,99,189,13,4,103
TJN_TJX_TJMaxx 2H DIG_FY18,Conversant Inc.,PJPWPF_TJN_TJX_028_Audience_CONVERSANT_DST_SV1_TAP_NET_DSP_TRG_RON_BTG_BTG_DVY_PHASE 1_ TABLET LEADERBOARD - CONVERSANT SHOPPERS AV_Run of Site_Behavioral_P18+_728 x 90_Standard_NV_NA,204442915,9/16/2017,104,1,103,0,103,30,73,8,65,30,3,11
TJN_TJX_TJMaxx 2H DIG_FY18,Conversant Inc.,PJPWP8_TJN_TJX_028_Audience_CONVERSANT_DST_SV1_DSK_NET_DSP_TRG_RON_BTG_BTG_DVY_PHASE 1_ DESKTOP LEADERBOARD - CONVERSANT SHOPPERS AV_Run of Site_Behavioral_P18+_728 x 90_Standard_NV_NA,204446132,9/13/2017,642,71,571,0,571,68,503,335,168,68,45,380
TJN_TJX_TJMaxx 2H DIG_FY18,Conversant Inc.,PJPWP8_TJN_TJX_028_Audience_CONVERSANT_DST_SV1_DSK_NET_DSP_TRG_RON_BTG_BTG_DVY_PHASE 1_ DESKTOP LEADERBOARD - CONVERSANT SHOPPERS AV_Run of Site_Behavioral_P18+_728 x 90_Standard_NV_NA,204446132,10/13/2017,2332,193,2139,0,2139,110,2029,1420,609,110,77,1497
TJN_MAR_023_Marshalls 2H Digital_F18,NinthDecimal,PJPSRV_TJN_MAR_023_Mobile_NINTHDECIMAL_DST_SV1_MAP_DIR_RCH_TRG_RON_BTG_PXT_DVY_LOCATION GRAPH: MARSHALLS LOYALISTS_Run of Network_Behavioral_F25-54_320 x 50_Click and View_NV_NA,204555232,10/6/2017,65556,1316,64240,25583,38657,231,38426,37102,1324,25814,24925,62027
TJN_TJX_TJMaxx 2H DIG_FY18,Viant,"PJSPCJ_TJN_TJC_031_Data_VIANT INC_PUR_ROI_MWB_DIR_DSP_TRG_RON_BTG_MKT_DVY_W25-54 + ONLINE SHOPPERS, CROSS DEVICE DISPLAY_Fixed Placement_Behavioral_F25-54_300 x 250_Click_NV_NA",204733038,10/12/2017,7,0,7,0,7,0,7,0,7,0,0,0
TJN_TJX_TJMaxx 2H DIG_FY18,NBC Universal Media,PK2KJN_TJN_TJX_028_Content_NBCUNI.COM_BAF_BS2_TAP_DIR_VID_SPN_ROS_BTG_CTG_MOA_THIS IS US SPONSORSHIP: TABLET - VIGNETTE 2_Run of Site_Behavioral_F25-54_1920 x 1080_Click and View_NV_NA,205569482,10/3/2017,3139,11,3128,3128,0,0,0,0,0,3128,1976,1976
TJN_TJX_TJMaxx 2H DIG_FY18,xAd Inc.,PJMTNC_TJN_TJX_028_Mobile_GROUND TRUTH FKA XAD_DST_SV1_MAP_DIR_DSP_TRG_RON_BTG_BTG_DVY_PHASE 1_BEHAVIORAL AUDIENCE TRENDSETTERS PLACEMENT - STANDARD BANNER - Maxx You Maxx Life_Run of Network_Behavioral_F25-54_320 x 50_Click and View_NV_NA,204447830,9/28/2017,4,1,3,0,3,2,1,1,0,2,2,3
TJN_TJX_TJMaxx 2H DIG_FY18,PlaceIQ,PKFQPZ_TJN_TJX_028_Mobile_PLACEIQ INC_DST_SV1_MAP_DIR_DSP_TRG_RON_BTG_PXT_DVY_PHASE 1_STANDARD BANNER_TJX PROXIMITY LOYALISTS_LIVE BY TJMAXX - Sweaters_Run of Network_Behavioral_F25-54_300 x 250_Click and View_NV_NA,206831778,10/21/2017,500,41,459,253,206,0,206,203,3,253,249,452
TJN_MAR_023_Marshalls 2H Digital_F18,xAd Inc.,PJQ0Y7_TJN_MAR_023_Mobile_GROUND TRUTH FKA XAD_DST_SV1_MAP_DIR_DSP_TRG_RON_PXT_BTG_DVY_PROXIMITY LOYALTY - DYNAMIC DISTANCE_Run of Network_Geo_F25-54_300 x 250_Click and View_NV_NA,204541754,9/21/2017,32984,1746,31238,31211,27,3,24,9,15,31214,11703,11712
TJN_TJX_TJMaxx 2H DIG_FY18,Conversant Inc.,PJPTMN_TJN_TJC_031_Audience_CONVERSANT_PUR_ROI_MAP_NET_DSP_TRG_RON_BTG_BTG_DVY_SMARTPHONE MEDIUM RECTANGLE - COMPETITIVE CONQUESTING_Run of Site_Other_P18+_300 x 250_Standard_NV_NA,204447221,10/18/2017,314,5,309,0,309,57,252,80,172,57,18,98
TJN_TJX_TJMaxx 2H DIG_FY18,Viant,"PJNSHF_TJN_TJX_028_Data_VIANT INC_DSI_SV1_MWB_DIR_DSP_TRG_RON_BTG_CTG_DVY_PHASE 1_VIANT DIRECT MATCH RETAIL, COMPETITIVE CONQUESTING, DISPLAY_Fixed Placement_Behavioral_F25-54_300 x 250_Standard_NV_NA",204483016,9/21/2017,23,0,23,0,23,2,21,2,19,2,0,2
TJN_TJX_TJMaxx 2H DIG_FY18,xAd Inc.,PJMTNB_TJN_TJX_028_Mobile_GROUND TRUTH FKA XAD_DST_SV1_MAP_DIR_DSP_TRG_RON_BTG_BTG_DVY_PHASE 1_BEHAVIORAL AUDIENCE TRENDSETTERS PLACEMENT - STANDARD BANNER - Fall Handbag_Run of Network_Behavioral_F25-54_300 x 250_Click and View_NV_NA,204447833,9/11/2017,10436,147,10289,10270,19,1,18,8,10,10271,4565,4573
TJN_TJX_TJMaxx 2H DIG_FY18,Foursquare,"PJPSSY_TJN_TJX_028_Audience_FOURSQUARE LABS, INC_DST_SV1_MAP_PRO_RCH_TRG_RON_PXT_BTG_DVY_PHASE 1_MOBILE RICH MEDIA TRENDSETTERS - Find A TJ Maxx Store_Run of Network_Geo_F25-54_320 x 50_Standard_NV_NA",204527598,10/14/2017,30382,362,30020,11689,18331,1286,17045,9365,7680,12975,7129,16494
TJN_MAR_023_Marshalls 2H Digital_F18,NinthDecimal,PJPSRV_TJN_MAR_023_Mobile_NINTHDECIMAL_DST_SV1_MAP_DIR_RCH_TRG_RON_BTG_PXT_DVY_LOCATION GRAPH: MARSHALLS LOYALISTS_Run of Network_Behavioral_F25-54_320 x 50_Click and View_NV_NA,204555232,10/11/2017,71706,1021,70685,23106,47579,232,47347,45741,1606,23338,22546,68287
TJN_TJX_TJMaxx 2H DIG_FY18,Viant,"PJSPBY_TJN_TJC_031_Data_VIANT INC_PUR_ROI_TWB_DIR_DSP_TRG_RON_BTG_MKT_DVY_DETERMINSTIC LAL OF ECOM CONVERTERS, CROSS DEVICE DISPLAY_Fixed Placement_Behavioral_F25-54_300 x 250_Click_NV_NA",204715651,10/8/2017,1515,28,1487,0,1487,233,1254,615,639,233,114,729
TJN_MAR_023_Marshalls 2H Digital_F18,xAd Inc.,PJQ0YH_TJN_MAR_023_Mobile_GROUND TRUTH FKA XAD_DST_SV1_MAP_DIR_DSP_TRG_RON_BTG_DMA_DVY_BEHAVIORAL - FASHION SHOPPER - DYNAMIC DISTANCE_Run of Network_Behavioral_F25-54_300 x 250_Click and View_NV_NA,204543443,10/9/2017,61494,2130,59364,59363,1,0,1,1,0,59363,59363,59364
TJN_TJX_TJMaxx 2H DIG_FY18,Foursquare,"PJPSSZ_TJN_TJX_028_Audience_FOURSQUARE LABS, INC_DST_SV1_MAP_PRO_RCH_TRG_RON_PXT_BTG_DVY_PHASE 1_MOBILE RICH MEDIA COMPETITIVE CONQUESTING - Fall Handbag_Run of Network_Geo_F25-54_300 x 250_Standard_NV_NA",204478073,10/9/2017,2211,188,2023,898,1125,64,1061,372,689,962,337,709
TJN_MAR_023_Marshalls 2H Digital_F18,NinthDecimal,PJPSRZ_TJN_MAR_023_Mobile_NINTHDECIMAL_DST_SV1_MAP_DIR_RCH_TRG_RON_BTG_DMA_DVY_CONSUMER JOURNEY: BARGAIN HUNTERS_Run of Network_Behavioral_F25-54_320 x 50_Click and View_NV_NA,204542873,10/11/2017,69582,1152,68430,20359,48071,264,47807,45846,1961,20623,19777,65623
TJN_TJX_TJMaxx 2H DIG_FY18,xAd Inc.,PJMTND_TJN_TJX_028_Mobile_GROUND TRUTH FKA XAD_DST_SV1_MAP_DIR_DSP_TRG_RON_PXT_PXT_DVY_PHASE 1_PROXIMITY LOYALTY PLACEMENT - STANDARD BANNER - Maxx You Maxx Life_Run of Network_Geo_F25-54_320 x 50_Click and View_NV_NA,204442096,9/11/2017,51072,798,50274,10129,40145,10107,30038,18632,11406,20236,12460,31092
TJN_MAR_023_Marshalls 2H Digital_F18,xAd Inc.,PJQ0YJ_TJN_MAR_023_Mobile_GROUND TRUTH FKA XAD_DST_SV1_MAP_DIR_DSP_TRG_RON_BTG_PXT_DVY_MARSHALLS SHOPPERS - DYNAMIC DISTANCE_Run of Network_Geo_F25-54_320 x 50_Click and View_NV_NA,204595911,10/4/2017,6,1,5,3,2,1,1,1,0,4,4,5
TJN_TJX_TJMaxx 2H DIG_FY18,Hulu,PK3F7J_TJN_TJX_027_Content_HULU_BAF_BS2_TAP_DIR_CUS_SPN_CHS_CTG_CTG_DVY_HULU ROS: PREMIUM SLATE - TABLET IN APP_FEP_Contextual_F25-54_1920 x 1080_Standard_NV_NA,205725864,10/8/2017,2,0,2,2,0,0,0,0,0,2,1,1
TJN_TJX_TJMaxx 2H DIG_FY18,xAd Inc.,PJPXK2_TJN_TJX_028_Mobile_GROUND TRUTH FKA XAD_DST_SV1_MAP_DIR_DSP_TRG_RON_PXT_PXT_DVY_PHASE 1_PROXIMITY LOYALTY PLACEMENT - STANDARD BANNER - Fall Hero_Run of Network_Geo_F25-54_300 x 250_Click and View_NV_NA,204442945,9/9/2017,10447,133,10314,10191,123,14,109,37,72,10205,3464,3501
TJN_TJX_TJMaxx 2H DIG_FY18,Viant,"PJNSGQ_TJN_TJX_028_Data_VIANT INC_DSI_SV1_MWB_DIR_DSP_TRG_RON_BTG_CTG_DVY_PHASE 1_VIANT DIRECT MATCH RETAIL, TJX PORFOLIO LOYALISTS, DISPLAY_Fixed Placement_Behavioral_F25-54_300 x 250_Standard_NV_NA",204482395,9/22/2017,258,1,257,0,257,33,224,47,177,33,7,54
TJN_TJX_TJMaxx 2H DIG_FY18,Viant,"PJSPCK_TJN_TJC_031_Data_VIANT INC_PUR_ROI_MWB_DIR_DSP_TRG_RON_BTG_MKT_DVY_W25-54 + ONLINE SHOPPERS, CROSS DEVICE DISPLAY_Fixed Placement_Behavioral_F25-54_160 x 600_Click_NV_NA",204733041,10/17/2017,2616,159,2457,0,2457,251,2206,835,1371,251,95,930
TJN_TJX_TJMaxx 2H DIG_FY18,Conversant Inc.,PJPWP8_TJN_TJX_028_Audience_CONVERSANT_DST_SV1_DSK_NET_DSP_TRG_RON_BTG_BTG_DVY_PHASE 1_ DESKTOP LEADERBOARD - CONVERSANT SHOPPERS AV_Run of Site_Behavioral_P18+_728 x 90_Standard_NV_NA,204446132,9/19/2017,387,32,355,0,355,43,312,198,114,43,27,225
TJN_TJX_TJMaxx 2H DIG_FY18,Viant,"PJSPBR_TJN_TJC_031_Data_VIANT INC_PUR_ROI_DSK_DIR_DSP_TRG_RON_BTG_MKT_DVY_DETERMINSTIC LAL OF ECOM CONVERTERS, CROSS DEVICE DISPLAY_Fixed Placement_Behavioral_F25-54_300 x 250_Click_NV_NA",204715645,10/16/2017,146623,12466,134157,6,134151,8207,125944,98788,27156,8213,6442,105230
TJN_TJX_TJMaxx 2H DIG_FY18,Foursquare,"PJPRVG_TJN_TJX_028_Audience_FOURSQUARE LABS, INC_DST_SV1_MAP_PRO_DSP_TRG_RON_PXT_BTG_DVY_PHASE 1_PINPOINT COMPETITIVE CONQUESTING AV_Run of Network_Geo_F25-54_300 x 250_Standard_NV_NA",204527412,10/10/2017,169,1,168,57,111,13,98,60,38,70,43,103
TJN_TJX_TJMaxx 2H DIG_FY18,Conversant Inc.,PJPWBX_TJN_TJX_028_Audience_CONVERSANT_DST_SV1_DSK_NET_DSP_TRG_RON_BTG_BTG_DVY_PHASE 1_ DESKTOP WIDE SKYSCRAPER - CJ INTERACTORS LAL MODELING_Run of Site_Behavioral_P18+_160 x 600_Standard_NV_NA,204442033,10/12/2017,35428,2557,32871,7,32864,4579,28285,10446,17839,4586,1694,12140
TJN_TJX_TJMaxx 2H DIG_FY18,Foursquare,"PJMQ2D_TJN_TJX_028_Audience_FOURSQUARE LABS, INC_DST_SV1_MAP_PRO_DSP_TRG_RON_PXT_BTG_DVY_PHASE 1_PINPOINT STRATEGIC SAVERS_Run of Network_Geo_F25-54_300 x 250_Standard_NV_NA",204483457,10/2/2017,973,229,744,352,392,48,344,183,161,400,213,396
TJN_TJX_TJMaxx 2H DIG_FY18,Foursquare,"PK0H82_TJN_TJX_028_Audience_FOURSQUARE LABS, INC_DST_SV1_MAP_PRO_RCH_TRG_RON_PXT_BTG_DVY_PHASE 1_MOBILE RICH MEDIA TRENDSETTERS - Find A Store_Run of Network_Geo_F25-54_320 x 50_Standard_NV_NA",205394971,10/16/2017,9,5,4,4,0,0,0,0,0,4,2,2
TJN_TJX_TJMaxx 2H DIG_FY18,Conversant Inc.,PJPWPH_TJN_TJX_028_Audience_CONVERSANT_DST_SV1_MAP_NET_DSP_TRG_RON_BTG_BTG_DVY_PHASE 1_ SMARTPHONE MEDIUM RECTANGLE  - CONVERSANT SHOPPERS AV_Run of Site_Behavioral_P18+_300 x 250_Standard_NV_NA,204442060,10/9/2017,83,0,83,0,83,18,65,28,37,18,8,36
TJN_TJX_TJMaxx 2H DIG_FY18,Conversant Inc.,PJPTMM_TJN_TJC_031_Audience_CONVERSANT_PUR_ROI_MAP_NET_DSP_TRG_RON_BTG_BTG_DVY_SMARTPHONE SMALL BANNER - COMPETITIVE CONQUESTING_Run of Site_Other_P18+_320 x 50_Standard_NV_NA,204483939,10/15/2017,46945,449,46496,5,46491,3633,42858,33389,9469,3638,2834,36223
TJN_TJX_TJMaxx 2H DIG_FY18,Foursquare,"PKFMKJ_TJN_TJX_028_Audience_FOURSQUARE LABS, INC_DST_SV1_MAP_PRO_RCH_TRG_RON_PXT_BTG_DVY_PHASE 1_MOBILE RICH MEDIA TRENDSETTERS - Find A Store V2_Run of Network_Geo_F25-54_320 x 50_Standard_NV_NA",206812600,10/17/2017,16571,293,16278,6954,9324,599,8725,5354,3371,7553,4635,9989
TJN_TJX_TJMaxx 2H DIG_FY18,Conversant Inc.,PJPTLP_TJN_TJC_031_Audience_CONVERSANT_PUR_ROI_DSK_NET_DSP_TRG_RON_BTG_BTG_DVY_DESKTOP LEADERBOARD- TRENDSETTERS_Run of Site_Other_P18+_728 x 90_Standard_NV_NA,204447782,9/21/2017,7,6,1,0,1,0,1,1,0,0,0,1
TJN_TJX_TJMaxx 2H DIG_FY18,Foursquare,"PJMQ2D_TJN_TJX_028_Audience_FOURSQUARE LABS, INC_DST_SV1_MAP_PRO_DSP_TRG_RON_PXT_BTG_DVY_PHASE 1_PINPOINT STRATEGIC SAVERS_Run of Network_Geo_F25-54_300 x 250_Standard_NV_NA",204483457,9/23/2017,19294,1667,17627,4749,12878,938,11940,4150,7790,5687,1977,6127
TJN_MAR_023_Marshalls 2H Digital_F18,NinthDecimal,PJPSRR_TJN_MAR_023_Mobile_NINTHDECIMAL_DST_SV1_MAP_DIR_RCH_TRG_RON_PXT_DMA_DVY_GEOFENCE: 2-MILE RADIUS AROUND URBAN STORES_Run of Network_Geo_F25-54_320 x 50_Click and View_NV_NA,204541523,9/7/2017,15470,661,14809,7123,7686,36,7650,7472,178,7159,6992,14464
TJN_TJX_TJMaxx 2H DIG_FY18,Foursquare,"PJPRVH_TJN_TJX_028_Audience_FOURSQUARE LABS, INC_DST_SV1_MAP_PRO_DSP_TRG_RON_PXT_BTG_DVY_PHASE 1_PINPOINT COMPETITIVE CONQUESTING AV_Run of Network_Geo_F25-54_320 x 50_Standard_NV_NA",204478088,9/18/2017,2757,144,2613,1850,763,28,735,587,148,1878,1500,2087
TJN_TJX_TJMaxx 2H DIG_FY18,xAd Inc.,PKF429_TJN_TJX_028_Mobile_GROUND TRUTH FKA XAD_DST_SV1_MAP_DIR_RCH_TRG_RON_BTG_BTG_DVY_PHASE 1_BEHAVIORAL AUDIENCE STRATEGIC SAVERS PLACEMENT - RICH MEDIA STORE LOCATOR - Booties_Run of Network_Behavioral_F25-54_300 x 250_Click and View_NV_NA,206833602,10/18/2017,2778,21,2757,880,1877,100,1777,831,946,980,458,1289
TJN_TJX_TJMaxx 2H DIG_FY18,Foursquare,"PJPSSV_TJN_TJX_028_Audience_FOURSQUARE LABS, INC_DST_SV1_MAP_PRO_RCH_TRG_RON_PXT_BTG_DVY_PHASE 1_MOBILE RICH MEDIA STRATEGIC SAVERS - Fall Handbag_Run of Network_Geo_F25-54_300 x 250_Standard_NV_NA",204525360,9/20/2017,6525,450,6075,1220,4855,399,4456,1033,3423,1619,375,1408
TJN_TJX_TJMaxx 2H DIG_FY18,Viant,"PJNSGV_TJN_TJX_028_Data_VIANT INC_DSI_SV1_DSK_DIR_DSP_TRG_RON_BTG_CTG_DVY_PHASE 1_VIANT DIRECT MATCH RETAIL, TJX PORFOLIO LOYALISTS, DISPLAY_Fixed Placement_Behavioral_F25-54_728 x 90_Standard_NV_NA",204478511,10/7/2017,11954,205,11749,0,11749,243,11506,8451,3055,243,178,8629
TJN_MAR_023_Marshalls 2H Digital_F18,xAd Inc.,PJQ0YF_TJN_MAR_023_Mobile_GROUND TRUTH FKA XAD_DST_SV1_MAP_DIR_RCH_TRG_RON_WEA_PXT_DVY_PROXIMITY CONQUESTING - WEATHER LOCATOR UNIT_Run of Network_Weather_F25-54_300 x 250_Click and View_NV_NA,204596913,9/18/2017,779,12,767,182,585,21,564,535,29,203,193,728
TJN_TJX_TJMaxx 2H DIG_FY18,xAd Inc.,PJMTND_TJN_TJX_028_Mobile_GROUND TRUTH FKA XAD_DST_SV1_MAP_DIR_DSP_TRG_RON_PXT_PXT_DVY_PHASE 1_PROXIMITY LOYALTY PLACEMENT - STANDARD BANNER - Maxx You Maxx Life_Run of Network_Geo_F25-54_320 x 50_Click and View_NV_NA,204442096,9/26/2017,37100,513,36587,19885,16702,3721,12981,9797,3184,23606,15601,25398
TJN_TJX_TJMaxx 2H DIG_FY18,Conversant Inc.,PJPTMP_TJN_TJC_031_Audience_CONVERSANT_PUR_ROI_DSK_NET_DSP_TRG_RON_BTG_BTG_DVY_DESKTOP LEADERBOARD- COMPETITIVE CONQUESTING_Run of Site_Other_P18+_728 x 90_Standard_NV_NA,204443389,10/14/2017,12561,1797,10764,2,10762,1230,9532,7288,2244,1232,942,8230
TJN_MAR_023_Marshalls 2H Digital_F18,Spotify USA Inc.,PK0HLF_TJN_MAR_023_Audience_SPOTIFY USA INC_DST_SV2_MAP_DIR_DSP_TRG_CMP_DMA_PXT_DVY_MOBILE AUDIO COMPANION BANNER 640X640_Run of Site_Geo_F25-54_640 x 640_Click and View_NV_NA,205566308,10/17/2017,149149,2307,146842,146842,0,0,0,0,0,146842,125529,125529
TJN_TJX_TJMaxx 2H DIG_FY18,Conversant Inc.,PJPTLP_TJN_TJC_031_Audience_CONVERSANT_PUR_ROI_DSK_NET_DSP_TRG_RON_BTG_BTG_DVY_DESKTOP LEADERBOARD- TRENDSETTERS_Run of Site_Other_P18+_728 x 90_Standard_NV_NA,204447782,10/6/2017,10039,512,9527,0,9527,1761,7766,4074,3692,1761,924,4998
TJN_TJX_TJMaxx 2H DIG_FY18,xAd Inc.,PJMTN3_TJN_TJX_028_Mobile_GROUND TRUTH FKA XAD_DST_SV1_MAP_DIR_DSP_TRG_RON_RTG_RTG_DVY_PHASE 1_LOCATION AUDIENCE COMPETITIVE CONQUESTING PLACEMENT - STANDARD BANNER - Maxx You Maxx Life_Run of Network_Retarget_F25-54_320 x 50_Click and View_NV_NA,204442933,10/10/2017,8539,64,8475,2450,6025,67,5958,4592,1366,2517,1940,6532
TJN_TJX_TJMaxx 2H DIG_FY18,xAd Inc.,PJPXK1_TJN_TJX_028_Mobile_GROUND TRUTH FKA XAD_DST_SV1_MAP_DIR_DSP_TRG_RON_PXT_PXT_DVY_PHASE 1_PROXIMITY LOYALTY PLACEMENT - STANDARD BANNER - TJMaxx_Run of Network_Geo_F25-54_320 x 50_Click and View_NV_NA,204483996,10/14/2017,9279,429,8850,1871,6979,91,6888,4166,2722,1962,1187,5353
TJN_TJX_TJMaxx 2H DIG_FY18,Viant,"PKGJV2_TJN_TJX_028_Data_VIANT INC_DSI_SV1_DSK_DIR_RCH_TRG_INT_BTG_CTG_DVY_PHASE 1_VIANT IMP, W25-54 STRATEGIC SAVERS, CONTOBOX - Booties_Fixed Placement_Behavioral_F25-54_160 x 600_Click and View_NV_NA",206833935,10/19/2017,5481,5167,314,0,314,11,303,126,177,11,5,131
TJN_MAR_023_Marshalls 2H Digital_F18,xAd Inc.,PJQ0YQ_TJN_MAR_023_Mobile_GROUND TRUTH FKA XAD_DST_SV1_MAP_DIR_DSP_TRG_RON_PXT_BTG_DVY_GEOBLOCKS CONQUESTING - DYNAMIC DISTANCE_Run of Network_Geo_F25-54_320 x 50_Click and View_NV_NA,204595632,9/12/2017,35859,774,35085,23676,11409,2638,8771,7581,1190,26314,20108,27689
TJN_TJX_TJMaxx 2H DIG_FY18,Viant,"PKGK9X_TJN_TJX_028_Data_VIANT INC_DSI_SV1_TWB_DIR_CUS_TRG_NAT_BTG_CTG_DVY_PHASE 1_VIANT LIFESTYLE, TRENDSETTERS NATIVE- Booties_Fixed Placement_Contextual_F25-54_0 x 0_Click and View_NV_NA",206833284,10/19/2017,48359,880,47479,47479,0,0,0,0,0,47479,37245,37245
TJN_TJX_TJMaxx 2H DIG_FY18,Foursquare,"PKFMM6_TJN_TJX_028_Audience_FOURSQUARE LABS, INC_DST_SV1_MAP_PRO_RCH_TRG_RON_PXT_BTG_DVY_PHASE 1_MOBILE RICH MEDIA STRATEGIC SAVERS - Dresses_Run of Network_Geo_F25-54_300 x 250_Standard_NV_NA",206772518,10/16/2017,115,2,113,20,93,2,91,22,69,22,5,27
TJN_TJX_TJMaxx 2H DIG_FY18,xAd Inc.,PJPXK1_TJN_TJX_028_Mobile_GROUND TRUTH FKA XAD_DST_SV1_MAP_DIR_DSP_TRG_RON_PXT_PXT_DVY_PHASE 1_PROXIMITY LOYALTY PLACEMENT - STANDARD BANNER - TJMaxx_Run of Network_Geo_F25-54_320 x 50_Click and View_NV_NA,204483996,9/14/2017,44998,794,44204,9488,34716,21164,13552,10488,3064,30652,22660,33148
TJN_TJX_TJMaxx 2H DIG_FY18,NBC Universal Media,PK2LGS_TJN_TJX_028_Content_NBCUNI.COM_BAF_BS2_DSK_DIR_DSP_SPN_HPT_CTG_CTG_DCM_100% SOV NBC THIS IS US ROADBLOCK 9/26 - 970X66 DESKTOP_HP Takeover_Contextual_F25-54_970 x 66_Standard_NV_NA,205661835,9/28/2017,36,2,34,0,34,0,34,26,8,0,0,26
TJN_TJX_TJMaxx 2H DIG_FY18,Conversant Inc.,PJPWP9_TJN_TJX_028_Audience_CONVERSANT_DST_SV1_DSK_NET_DSP_TRG_RON_BTG_BTG_DVY_PHASE 1_ DESKTOP MEDIUM RECTANGLE - CONVERSANT SHOPPERS AV_Run of Site_Behavioral_P18+_300 x 250_Standard_NV_NA,204483957,9/15/2017,1317,139,1178,0,1178,216,962,264,698,216,59,323
TJN_TJX_TJMaxx 2H DIG_FY18,Hulu,PK3CRZ_TJN_TJX_027_Content_HULU_BAF_BS2_DSK_DIR_VID_SPN_CHS_CTG_CTG_DVY_FALL TV SPONSORSHIP: VIDEO COMMERCIAL - DESKTOP_FEP_Contextual_F25-54_1920 x 1080_Standard_NV_NA,205727706,10/10/2017,4088,78,4010,4010,0,0,0,0,0,4010,2593,2593
TJN_MAR_023_Marshalls 2H Digital_F18,xAd Inc.,PJQ0Y9_TJN_MAR_023_Mobile_GROUND TRUTH FKA XAD_DST_SV1_MAP_DIR_RCH_TRG_RON_WEA_PXT_DVY_PROXIMITY LOYALTY - WEATHER LOCATOR UNIT_Run of Network_Weather_F25-54_300 x 250_Click and View_NV_NA,204541757,9/7/2017,1115,11,1104,334,770,3,767,744,23,337,327,1071
TJN_MAR_023_Marshalls 2H Digital_F18,xAd Inc.,PJQ0YP_TJN_MAR_023_Mobile_GROUND TRUTH FKA XAD_DST_SV1_MAP_DIR_DSP_TRG_RON_PXT_BTG_DVY_GEOBLOCKS LOYALTY - DYNAMIC DISTANCE_Run of Network_Geo_F25-54_300 x 250_Click and View_NV_NA,204537983,10/20/2017,65086,1713,63373,63357,16,1,15,15,0,63358,63350,63365
TJN_TJX_TJMaxx 2H DIG_FY18,xAd Inc.,PKF4TV_TJN_TJX_028_Mobile_GROUND TRUTH FKA XAD_DST_SV1_MAP_DIR_DSP_TRG_RON_RTG_RTG_DVY_PHASE 1_LOCATION AUDIENCE COMPETITIVE CONQUESTING PLACEMENT - STANDARD BANNER - Sweaters_Run of Network_Retarget_F25-54_300 x 250_Click and View_NV_NA,206833632,10/17/2017,2553,24,2529,2529,0,0,0,0,0,2529,1689,1689
TJN_TJX_TJMaxx 2H DIG_FY18,Hulu,PK3CXL_TJN_TJX_027_Content_HULU_BAF_BS2_TAP_DIR_CUS_SPN_CHS_CTG_CTG_DVY_FALL TV SPONSORSHIP: PREMIUM SLATE - TABLET IN APP_FEP_Contextual_F25-54_1920 x 1080_Standard_NV_NA,205726818,10/18/2017,3,0,3,3,0,0,0,0,0,3,2,2
TJN_TJX_TJMaxx 2H DIG_FY18,Conversant Inc.,PJPTLK_TJN_TJC_031_Audience_CONVERSANT_PUR_ROI_DSK_NET_DSP_TRG_RON_BTG_BTG_DVY_DESKTOP RECTANGLE- TRENDSETTERS_Run of Site_Other_P18+_300 x 600_Standard_NV_NA,204483963,10/11/2017,6587,366,6221,0,6221,1323,4898,895,4003,1323,242,1137
TJN_TJX_TJMaxx 2H DIG_FY18,xAd Inc.,PKF5JX_TJN_TJX_028_Mobile_GROUND TRUTH FKA XAD_DST_SV1_MAP_DIR_DSP_TRG_RON_RTG_RTG_DVY_PHASE 1_LOCATION AUDIENCE COMPETITIVE CONQUESTING PLACEMENT - STANDARD BANNER - Find A Store V2_Run of Network_Retarget_F25-54_320 x 50_Click and View_NV_NA,206833629,10/17/2017,4146,37,4109,634,3475,25,3450,2628,822,659,502,3130
TJN_TJX_TJMaxx 2H DIG_FY18,Foursquare,"PJYHWF_TJN_TJX_028_Audience_FOURSQUARE LABS, INC_DST_SV1_MAP_PRO_DSP_TRG_RON_PXT_BTG_DVY_PHASE 1_PINPOINT COMPETITIVE CONQUESTING_Run of Network_Geo_F25-54_320 x 50_Standard_NV_NA",205183220,9/13/2017,151986,6731,145255,96821,48434,2783,45651,33761,11890,99604,73662,107423
TJN_MAR_023_Marshalls 2H Digital_F18,Spotify USA Inc.,PK0HN8_TJN_MAR_023_Audience_SPOTIFY USA INC_DST_SV2_MAP_DIR_DSP_TRG_ROS_DMA_PXT_DVY_MOBILE OVERLAY 630X920_Run of Site_Geo_F25-54_630 x 920_Click and View_NV_NA,205561904,10/8/2017,46268,490,45778,45778,0,0,0,0,0,45778,40534,40534
TJN_TJX_TJMaxx 2H DIG_FY18,Conversant Inc.,PJPTLQ_TJN_TJC_031_Audience_CONVERSANT_PUR_ROI_DSK_NET_DSP_TRG_RON_BTG_BTG_DVY_DESKTOP MEDIUM RECTANGLE- TRENDSETTERS_Run of Site_Other_P18+_300 x 250_Standard_NV_NA,204446138,10/14/2017,11230,2050,9180,4,9176,1022,8154,5290,2864,1026,666,5956
TJN_TJX_TJMaxx 2H DIG_FY18,xAd Inc.,PKF5T8_TJN_TJX_028_Mobile_GROUND TRUTH FKA XAD_DST_SV1_MAP_DIR_DSP_TRG_RON_RTG_RTG_DVY_PHASE 1_LOCATION AUDIENCE TJX SHOPPERS PLACEMENT - STANDARD BANNER - Find A Store V1_Run of Network_Retarget_F25-54_320 x 50_Click and View_NV_NA,206772554,10/21/2017,3736,41,3695,1296,2399,26,2373,1636,737,1322,911,2547
TJN_TJX_TJMaxx 2H DIG_FY18,xAd Inc.,PJMTN9_TJN_TJX_028_Mobile_GROUND TRUTH FKA XAD_DST_SV1_MAP_DIR_DSP_TRG_RON_BTG_BTG_DVY_PHASE 1_BEHAVIORAL AUDIENCE STRATEGIC SAVERS PLACEMENT - STANDARD BANNER - Fall Handbag_Run of Network_Behavioral_F25-54_300 x 250_Click and View_NV_NA,204447293,9/7/2017,2257,57,2200,1609,591,6,585,559,26,1615,1544,2103
TJN_TJX_TJMaxx 2H DIG_FY18,Viant,"PJNSHF_TJN_TJX_028_Data_VIANT INC_DSI_SV1_MWB_DIR_DSP_TRG_RON_BTG_CTG_DVY_PHASE 1_VIANT DIRECT MATCH RETAIL, COMPETITIVE CONQUESTING, DISPLAY_Fixed Placement_Behavioral_F25-54_300 x 250_Standard_NV_NA",204483016,10/6/2017,19,1,18,0,18,4,14,7,7,4,2,9
TJN_TJX_TJMaxx 2H DIG_FY18,Foursquare,"PJYHWF_TJN_TJX_028_Audience_FOURSQUARE LABS, INC_DST_SV1_MAP_PRO_DSP_TRG_RON_PXT_BTG_DVY_PHASE 1_PINPOINT COMPETITIVE CONQUESTING_Run of Network_Geo_F25-54_320 x 50_Standard_NV_NA",205183220,10/13/2017,146019,3129,142890,111893,30997,998,29999,26790,3209,112891,100815,127605
TJN_TJX_TJMaxx 2H DIG_FY18,Foursquare,"PK0H82_TJN_TJX_028_Audience_FOURSQUARE LABS, INC_DST_SV1_MAP_PRO_RCH_TRG_RON_PXT_BTG_DVY_PHASE 1_MOBILE RICH MEDIA TRENDSETTERS - Find A Store_Run of Network_Geo_F25-54_320 x 50_Standard_NV_NA",205394971,9/30/2017,94181,2668,91513,59500,32013,2064,29949,21636,8313,61564,44476,66112
TJN_TJX_TJMaxx 2H DIG_FY18,Viant,"PJNSHF_TJN_TJX_028_Data_VIANT INC_DSI_SV1_MWB_DIR_DSP_TRG_RON_BTG_CTG_DVY_PHASE 1_VIANT DIRECT MATCH RETAIL, COMPETITIVE CONQUESTING, DISPLAY_Fixed Placement_Behavioral_F25-54_300 x 250_Standard_NV_NA",204483016,10/11/2017,6,0,6,0,6,1,5,2,3,1,0,2
TJN_TJX_TJMaxx 2H DIG_FY18,Viant,PJPXKS_TJN_TJX_028_Data_VIANT INC_DSI_SV1_DSK_DIR_DSP_TRG_RON_BTG_CTG_DVY_PHASE 1_DESKTOP DISPLAY VIANT IMP TARGETING - STRATEGIC SAVERS AV_Fixed Placement_Demo_F25-54_160 x 600_Standard_NV_NA,204477475,10/21/2017,4131,3368,763,2,761,106,655,210,445,108,35,245
TJN_TJX_TJMaxx 2H DIG_FY18,Viant,"PJNSHG_TJN_TJX_028_Data_VIANT INC_DSI_SV1_DSK_DIR_DSP_TRG_RON_BTG_CTG_DVY_PHASE 1_VIANT DIRECT MATCH RETAIL, COMPETITIVE CONQUESTING, DISPLAY_Fixed Placement_Behavioral_F25-54_728 x 90_Standard_NV_NA",204478490,10/21/2017,17517,405,17112,1,17111,1287,15824,8647,7177,1288,704,9351
TJN_TJX_TJMaxx 2H DIG_FY18,Conversant Inc.,PJPTLJ_TJN_TJC_031_Audience_CONVERSANT_PUR_ROI_TAP_NET_DSP_TRG_RON_BTG_BTG_DVY_TABLET MEDIUM RECTANGLE - TRENDSETTERS_Run of Site_Other_P18+_300 x 250_Standard_NV_NA,204447266,9/22/2017,1,0,1,0,1,0,1,1,0,0,0,1
TJN_TJX_TJMaxx 2H DIG_FY18,xAd Inc.,PJMTMR_TJN_TJX_028_Mobile_GROUND TRUTH FKA XAD_DST_SV1_MAP_DIR_RCH_TRG_RON_PXT_PXT_DVY_PHASE 1_PROXIMITY LOYALTY PLACEMENT - RICH MEDIA STORE LOCATOR - Fall Handbag_Run of Network_Geo_F25-54_300 x 250_Click and View_NV_NA,204442093,9/27/2017,33825,582,33243,10296,22947,230,22717,21598,1119,10526,10008,31606
TJN_TJX_TJMaxx 2H DIG_FY18,xAd Inc.,PJPXJS_TJN_TJX_028_Mobile_GROUND TRUTH FKA XAD_DST_SV1_MAP_DIR_DSP_TRG_RON_RTG_RTG_DVY_PHASE 1_LOCATION AUDIENCE COMPETITIVE CONQUESTING PLACEMENT - STANDARD BANNER - Fall Hero_Run of Network_Retarget_F25-54_300 x 250_Click and View_NV_NA,204446153,9/8/2017,12539,549,11990,11951,39,0,39,25,14,11951,7661,7686
TJN_MAR_023_Marshalls 2H Digital_F18,NinthDecimal,PJPSRV_TJN_MAR_023_Mobile_NINTHDECIMAL_DST_SV1_MAP_DIR_RCH_TRG_RON_BTG_PXT_DVY_LOCATION GRAPH: MARSHALLS LOYALISTS_Run of Network_Behavioral_F25-54_320 x 50_Click and View_NV_NA,204555232,9/21/2017,25480,428,25052,7287,17765,82,17683,17010,673,7369,7089,24099
TJN_TJX_TJMaxx 2H DIG_FY18,xAd Inc.,PJMTMZ_TJN_TJX_028_Mobile_GROUND TRUTH FKA XAD_DST_SV1_MAP_DIR_DSP_TRG_RON_RTG_RTG_DVY_PHASE 1_LOCATION AUDIENCE TJX SHOPPERS PLACEMENT - STANDARD BANNER - Maxx You Maxx Life_Run of Network_Retarget_F25-54_320 x 50_Click and View_NV_NA,204484011,9/12/2017,38281,800,37481,4545,32936,23833,9103,7440,1663,28378,22753,30193
TJN_TJX_TJMaxx 2H DIG_FY18,NBC Universal Media,PK2KJK_TJN_TJX_028_Content_NBCUNI.COM_BAF_BS2_DSK_DIR_VID_SPN_ROS_BTG_CTG_MOA_THIS IS US SPONSORSHIP: DESKTOP - VIGNETTE 2_Run of Site_Behavioral_F25-54_1920 x 1080_Click and View_NV_NA,205568882,10/17/2017,1,0,1,1,0,0,0,0,0,1,1,1
TJN_TJX_TJMaxx 2H DIG_FY18,Viant,"PJSPBR_TJN_TJC_031_Data_VIANT INC_PUR_ROI_DSK_DIR_DSP_TRG_RON_BTG_MKT_DVY_DETERMINSTIC LAL OF ECOM CONVERTERS, CROSS DEVICE DISPLAY_Fixed Placement_Behavioral_F25-54_300 x 250_Click_NV_NA",204715645,9/30/2017,345,22,323,0,323,17,306,214,92,17,12,226
TJN_TJX_TJMaxx 2H DIG_FY18,Viant,"PJNSHD_TJN_TJX_028_Data_VIANT INC_DSI_SV1_DSK_DIR_DSP_TRG_RON_BTG_CTG_DVY_PHASE 1_VIANT DIRECT MATCH RETAIL, COMPETITIVE CONQUESTING, DISPLAY_Fixed Placement_Behavioral_F25-54_160 x 600_Standard_NV_NA",204477281,10/12/2017,10107,459,9648,0,9648,702,8946,6000,2946,702,471,6471
TJN_TJX_TJMaxx 2H DIG_FY18,Viant,"PKGK06_TJN_TJX_028_Data_VIANT INC_DSI_SV1_TWB_DIR_RCH_TRG_INT_BTG_CTG_DVY_PHASE 1_VIANT IMP, W25-54 STRATEGIC SAVERS, CONTOBOX - Booties_Fixed Placement_Behavioral_F25-54_728 x 90_Click and View_NV_NA",206772470,10/18/2017,10,3,7,2,5,0,5,5,0,2,2,7
TJN_TJX_TJMaxx 2H DIG_FY18,Conversant Inc.,PJPWPH_TJN_TJX_028_Audience_CONVERSANT_DST_SV1_MAP_NET_DSP_TRG_RON_BTG_BTG_DVY_PHASE 1_ SMARTPHONE MEDIUM RECTANGLE  - CONVERSANT SHOPPERS AV_Run of Site_Behavioral_P18+_300 x 250_Standard_NV_NA,204442060,10/19/2017,851,10,841,0,841,168,673,263,410,168,66,329
TJN_MAR_023_Marshalls 2H Digital_F18,NinthDecimal,PJPSRZ_TJN_MAR_023_Mobile_NINTHDECIMAL_DST_SV1_MAP_DIR_RCH_TRG_RON_BTG_DMA_DVY_CONSUMER JOURNEY: BARGAIN HUNTERS_Run of Network_Behavioral_F25-54_320 x 50_Click and View_NV_NA,204542873,9/21/2017,62514,1347,61167,21070,40097,329,39768,38248,1520,21399,20581,58829
TJN_TJX_TJMaxx 2H DIG_FY18,Foursquare,"PJMQ2D_TJN_TJX_028_Audience_FOURSQUARE LABS, INC_DST_SV1_MAP_PRO_DSP_TRG_RON_PXT_BTG_DVY_PHASE 1_PINPOINT STRATEGIC SAVERS_Run of Network_Geo_F25-54_300 x 250_Standard_NV_NA",204483457,10/3/2017,12970,588,12382,1778,10604,463,10141,4489,5652,2241,992,5481
TJN_TJX_TJMaxx 2H DIG_FY18,Conversant Inc.,PJPTLK_TJN_TJC_031_Audience_CONVERSANT_PUR_ROI_DSK_NET_DSP_TRG_RON_BTG_BTG_DVY_DESKTOP RECTANGLE- TRENDSETTERS_Run of Site_Other_P18+_300 x 600_Standard_NV_NA,204483963,10/6/2017,3346,186,3160,0,3160,508,2652,642,2010,508,123,765
TJN_TJX_TJMaxx 2H DIG_FY18,xAd Inc.,PKF49Y_TJN_TJX_028_Mobile_GROUND TRUTH FKA XAD_DST_SV1_MAP_DIR_DSP_TRG_RON_BTG_BTG_DVY_PHASE 1_BEHAVIORAL AUDIENCE TRENDSETTERS PLACEMENT - STANDARD BANNER - Find A Store V1_Run of Network_Behavioral_F25-54_320 x 50_Click and View_NV_NA,206812693,10/15/2017,7534,120,7414,2882,4532,497,4035,3152,883,3379,2494,5646
TJN_TJX_TJMaxx 2H DIG_FY18,xAd Inc.,PJMTN0_TJN_TJX_028_Mobile_GROUND TRUTH FKA XAD_DST_SV1_MAP_DIR_DSP_TRG_RON_RTG_RTG_DVY_PHASE 1_LOCATION AUDIENCE TJX SHOPPERS PLACEMENT - STANDARD BANNER - Fall Handbag_Run of Network_Retarget_F25-54_300 x 250_Click and View_NV_NA,204447842,9/12/2017,13183,656,12527,12501,26,6,20,16,4,12507,10006,10022
TJN_TJX_TJMaxx 2H DIG_FY18,Viant,"PJNSH8_TJN_TJX_028_Data_VIANT INC_DSI_SV1_TWB_DIR_DSP_TRG_RON_BTG_CTG_DVY_PHASE 1_VIANT DIRECT MATCH RETAIL, COMPETITIVE CONQUESTING, DISPLAY_Fixed Placement_Behavioral_F25-54_728 x 90_Standard_NV_NA",204483019,9/12/2017,1368,129,1239,0,1239,127,1112,996,116,127,114,1110
TJN_TJX_TJMaxx 2H DIG_FY18,Viant,PJPXKV_TJN_TJX_028_Data_VIANT INC_DSI_SV1_DSK_DIR_DSP_TRG_RON_BTG_CTG_DVY_PHASE 1_DESKTOP DISPLAY VIANT IMP TARGETING - STRATEGIC SAVERS AV_Fixed Placement_Demo_F25-54_728 x 90_Standard_NV_NA,204526986,10/15/2017,6158,1151,5007,0,5007,285,4722,3065,1657,285,185,3250
TJN_TJX_TJMaxx 2H DIG_FY18,Viant,"PJNSGR_TJN_TJX_028_Data_VIANT INC_DSI_SV1_TWB_DIR_DSP_TRG_RON_BTG_CTG_DVY_PHASE 1_VIANT DIRECT MATCH RETAIL, TJX PORFOLIO LOYALISTS, DISPLAY_Fixed Placement_Behavioral_F25-54_160 x 600_Standard_NV_NA",204478520,10/5/2017,647,6,641,0,641,70,571,116,455,70,14,130
TJN_TJX_TJMaxx 2H DIG_FY18,Conversant Inc.,PJPWPG_TJN_TJX_028_Audience_CONVERSANT_DST_SV1_TAP_NET_DSP_TRG_RON_BTG_BTG_DVY_PHASE 1_ TABLET MEDIUM RECTANGLE  - CONVERSANT SHOPPERS AV_Run of Site_Behavioral_P18+_300 x 250_Standard_NV_NA,204446129,9/20/2017,68,0,68,0,68,18,50,6,44,18,2,8
TJN_TJX_TJMaxx 2H DIG_FY18,Foursquare,"PJYHWF_TJN_TJX_028_Audience_FOURSQUARE LABS, INC_DST_SV1_MAP_PRO_DSP_TRG_RON_PXT_BTG_DVY_PHASE 1_PINPOINT COMPETITIVE CONQUESTING_Run of Network_Geo_F25-54_320 x 50_Standard_NV_NA",205183220,9/19/2017,123447,4556,118891,89645,29246,1078,28168,23579,4589,90723,75943,99522
TJN_TJX_TJMaxx 2H DIG_FY18,xAd Inc.,PKF4PH_TJN_TJX_028_Mobile_GROUND TRUTH FKA XAD_DST_SV1_MAP_DIR_RCH_TRG_RON_BTG_BTG_DVY_PHASE 1_BEHAVIORAL AUDIENCE TRENDSETTERS PLACEMENT - RICH MEDIA STORE LOCATOR - Find A Store V2_Run of Network_Behavioral_F25-54_320 x 50_Click and View_NV_NA,206812750,10/18/2017,4142,13,4129,699,3430,102,3328,2976,352,801,716,3692
TJN_TJX_TJMaxx 2H DIG_FY18,Conversant Inc.,PJPWBV_TJN_TJX_028_Audience_CONVERSANT_DST_SV1_DSK_NET_DSP_TRG_RON_BTG_BTG_DVY_PHASE 1_ DESKTOP MEDIUM RECTANGLE - CJ INTERACTORS LAL MODELING_Run of Site_Behavioral_P18+_300 x 250_Standard_NV_NA,204447743,10/8/2017,35966,1455,34511,0,34511,3526,30985,16164,14821,3526,1839,18003
TJN_TJX_TJMaxx 2H DIG_FY18,Viant,"PKGJ4T_TJN_TJC_031_Data_VIANT INC_PUR_ROI_DSK_DIR_CUS_TRG_NAT_BTG_MKT_DVY_W25-54 + KEYWORD TARGETING, CROSS DEVICE NATIVE - Booties_Fixed Placement_Contextual_F25-54_1 x 1_Click_NV_NA",206771945,10/19/2017,18868,1373,17495,17495,0,0,0,0,0,17495,13724,13724
TJN_TJX_TJMaxx 2H DIG_FY18,NBC Universal Media,PK3H7G_TJN_TJX_028_Content_NBCUNI.COM_BAF_BS2_DSK_DIR_DSP_SPN_HPT_CTG_CTG_DCM_100% SOV NBC HOMEPAGE ROADBLOCK 10/17 - 728X90 MOBILE_HP Takeover_Contextual_F25-54_728 x 90_Standard_NV_NA,205725924,10/11/2017,3,0,3,0,3,0,3,2,1,0,0,2
TJN_MAR_023_Marshalls 2H Digital_F18,xAd Inc.,PJQ0YH_TJN_MAR_023_Mobile_GROUND TRUTH FKA XAD_DST_SV1_MAP_DIR_DSP_TRG_RON_BTG_DMA_DVY_BEHAVIORAL - FASHION SHOPPER - DYNAMIC DISTANCE_Run of Network_Behavioral_F25-54_300 x 250_Click and View_NV_NA,204543443,10/19/2017,61168,1757,59411,59411,0,0,0,0,0,59411,53281,53281
TJN_TJX_TJMaxx 2H DIG_FY18,xAd Inc.,PKF8V1_TJN_TJX_028_Mobile_GROUND TRUTH FKA XAD_DST_SV1_MAP_DIR_RCH_TRG_RON_PXT_PXT_DVY_PHASE 1_PROXIMITY LOYALTY PLACEMENT - RICH MEDIA STORE LOCATOR - Sweaters_Run of Network_Geo_F25-54_300 x 250_Click and View_NV_NA,206834118,10/21/2017,5294,24,5270,76,5194,13,5181,4925,256,89,85,5010
TJN_TJX_TJMaxx 2H DIG_FY18,Viant,"PKGJV4_TJN_TJX_028_Data_VIANT INC_DSI_SV1_DSK_DIR_RCH_TRG_INT_BTG_CTG_DVY_PHASE 1_VIANT IMP, W25-54 STRATEGIC SAVERS, CONTOBOX - Dresses_Fixed Placement_Behavioral_F25-54_160 x 600_Click and View_NV_NA",206833287,10/20/2017,110,72,38,2,36,1,35,10,25,3,1,11
TJN_TJX_TJMaxx 2H DIG_FY18,Conversant Inc.,PJPTLP_TJN_TJC_031_Audience_CONVERSANT_PUR_ROI_DSK_NET_DSP_TRG_RON_BTG_BTG_DVY_DESKTOP LEADERBOARD- TRENDSETTERS_Run of Site_Other_P18+_728 x 90_Standard_NV_NA,204447782,10/11/2017,24055,1122,22933,1,22932,4497,18435,12379,6056,4498,3020,15399
TJN_TJX_TJMaxx 2H DIG_FY18,NBC Universal Media,PK2LFR_TJN_TJX_028_Content_NBCUNI.COM_BAF_BS2_DSK_DIR_DSP_SPN_HPT_CTG_CTG_DCM_100% SOV NBC HOMEPAGE ROADBLOCK 10/10 - 300X250 DESKTOP_HP Takeover_Contextual_F25-54_300 x 250_Standard_NV_NA,205614535,10/11/2017,79024,4635,74389,164,74225,3152,71073,33367,37706,3316,1557,34924
TJN_TJX_TJMaxx 2H DIG_FY18,xAd Inc.,PJYDBV_TJN_TJX_028_Mobile_GROUND TRUTH FKA XAD_DST_SV1_MAP_DIR_RCH_TRG_RON_BTG_BTG_DVY_PHASE 1_BEHAVIORAL AUDIENCE STRATEGIC SAVERS PLACEMENT - RICH MEDIA STORE LOCATOR - Maxx You Maxx Life_Run of Network_Behavioral_F25-54_320 x 50_Click and View_NV_NA,205148243,10/13/2017,8637,125,8512,3228,5284,156,5128,4113,1015,3384,2714,6827
TJN_MAR_023_Marshalls 2H Digital_F18,xAd Inc.,PJQ0YH_TJN_MAR_023_Mobile_GROUND TRUTH FKA XAD_DST_SV1_MAP_DIR_DSP_TRG_RON_BTG_DMA_DVY_BEHAVIORAL - FASHION SHOPPER - DYNAMIC DISTANCE_Run of Network_Behavioral_F25-54_300 x 250_Click and View_NV_NA,204543443,9/11/2017,11897,243,11654,11649,5,0,5,1,4,11649,2330,2331
TJN_MAR_023_Marshalls 2H Digital_F18,xAd Inc.,PJQ0YB_TJN_MAR_023_Mobile_GROUND TRUTH FKA XAD_DST_SV1_MAP_DIR_DSP_TRG_RON_PXT_BTG_DVY_PROXIMITY CONQUESTING - DYNAMIC DISTANCE_Run of Network_Geo_F25-54_320 x 50_Click and View_NV_NA,204541799,10/6/2017,5938,84,5854,4685,1169,90,1079,771,308,4775,3313,4084
TJN_TJX_TJMaxx 2H DIG_FY18,Viant,"PJNSGN_TJN_TJX_028_Data_VIANT INC_DSI_SV1_TWB_DIR_DSP_TRG_RON_BTG_CTG_DVY_PHASE 1_VIANT DIRECT MATCH RETAIL, TJX PORFOLIO LOYALISTS, DISPLAY_Fixed Placement_Behavioral_F25-54_300 x 250_Standard_NV_NA",204526347,10/16/2017,261,7,254,0,254,23,231,155,76,23,15,170
TJN_MAR_023_Marshalls 2H Digital_F18,Spotify USA Inc.,PK0HLF_TJN_MAR_023_Audience_SPOTIFY USA INC_DST_SV2_MAP_DIR_DSP_TRG_CMP_DMA_PXT_DVY_MOBILE AUDIO COMPANION BANNER 640X640_Run of Site_Geo_F25-54_640 x 640_Click and View_NV_NA,205566308,10/5/2017,155730,2156,153574,153574,0,0,0,0,0,153574,134918,134918
TJN_TJX_TJMaxx 2H DIG_FY18,Viant,"PJSPBX_TJN_TJC_031_Data_VIANT INC_PUR_ROI_TWB_DIR_DSP_TRG_RON_BTG_MKT_DVY_DETERMINSTIC LAL OF ECOM CONVERTERS, CROSS DEVICE DISPLAY_Fixed Placement_Behavioral_F25-54_728 x 90_Click_NV_NA",204716188,10/3/2017,94,1,93,0,93,12,81,37,44,12,5,42
TJN_TJX_TJMaxx 2H DIG_FY18,Viant,"PJNSGM_TJN_TJX_028_Data_VIANT INC_DSI_SV1_TWB_DIR_DSP_TRG_RON_BTG_CTG_DVY_PHASE 1_VIANT DIRECT MATCH RETAIL, TJX PORFOLIO LOYALISTS, DISPLAY_Fixed Placement_Behavioral_F25-54_728 x 90_Standard_NV_NA",204526722,9/22/2017,5807,46,5761,0,5761,911,4850,2272,2578,911,427,2699
TJN_MAR_023_Marshalls 2H Digital_F18,NinthDecimal,PJPSRT_TJN_MAR_023_Mobile_NINTHDECIMAL_DST_SV1_MAP_DIR_RCH_TRG_RON_PXT_DMA_DVY_GEOFENCE: 15-20-MILE RADIUS AROUND RURAL STORES_Run of Network_Geo_F25-54_320 x 50_Click and View_NV_NA,204542885,9/25/2017,70786,1752,69034,32709,36325,164,36161,35240,921,32873,32036,67276
TJN_TJX_TJMaxx 2H DIG_FY18,xAd Inc.,PJMTND_TJN_TJX_028_Mobile_GROUND TRUTH FKA XAD_DST_SV1_MAP_DIR_DSP_TRG_RON_PXT_PXT_DVY_PHASE 1_PROXIMITY LOYALTY PLACEMENT - STANDARD BANNER - Maxx You Maxx Life_Run of Network_Geo_F25-54_320 x 50_Click and View_NV_NA,204442096,10/9/2017,10478,171,10307,1605,8702,113,8589,5944,2645,1718,1189,7133
TJN_TJX_TJMaxx 2H DIG_FY18,xAd Inc.,PJPXK1_TJN_TJX_028_Mobile_GROUND TRUTH FKA XAD_DST_SV1_MAP_DIR_DSP_TRG_RON_PXT_PXT_DVY_PHASE 1_PROXIMITY LOYALTY PLACEMENT - STANDARD BANNER - TJMaxx_Run of Network_Geo_F25-54_320 x 50_Click and View_NV_NA,204483996,9/28/2017,43217,760,42457,25892,16565,4820,11745,6980,4765,30712,15531,22511
TJN_TJX_TJMaxx 2H DIG_FY18,xAd Inc.,PJMTNB_TJN_TJX_028_Mobile_GROUND TRUTH FKA XAD_DST_SV1_MAP_DIR_DSP_TRG_RON_BTG_BTG_DVY_PHASE 1_BEHAVIORAL AUDIENCE TRENDSETTERS PLACEMENT - STANDARD BANNER - Fall Handbag_Run of Network_Behavioral_F25-54_300 x 250_Click and View_NV_NA,204447833,10/9/2017,8201,106,8095,8080,15,2,13,11,2,8082,6839,6850
TJN_MAR_023_Marshalls 2H Digital_F18,xAd Inc.,PJQ0Y6_TJN_MAR_023_Mobile_GROUND TRUTH FKA XAD_DST_SV1_MAP_DIR_DSP_TRG_RON_PXT_BTG_DVY_PROXIMITY LOYALTY - DYNAMIC DISTANCE_Run of Network_Geo_F25-54_320 x 50_Click and View_NV_NA,204556888,10/15/2017,45168,1154,44014,36241,7773,2505,5268,4781,487,38746,33633,38414
TJN_TJX_TJMaxx 2H DIG_FY18,NBC Universal Media,PK2KJV_TJN_TJX_028_Content_NBCUNI.COM_BAF_BS2_OTT_DIR_VID_SPN_ROS_BTG_CTG_MOA_THIS IS US SPONSORSHIP: OTT - VIGNETTE 2_Run of Site_Behavioral_F25-54_1920 x 1080_Click and View_NV_NA,205613677,10/8/2017,173327,253,173074,173074,0,0,0,0,0,173074,117305,117305
TJN_MAR_023_Marshalls 2H Digital_F18,xAd Inc.,PJQ0YJ_TJN_MAR_023_Mobile_GROUND TRUTH FKA XAD_DST_SV1_MAP_DIR_DSP_TRG_RON_BTG_PXT_DVY_MARSHALLS SHOPPERS - DYNAMIC DISTANCE_Run of Network_Geo_F25-54_320 x 50_Click and View_NV_NA,204595911,9/9/2017,10111,248,9863,3884,5979,881,5098,3936,1162,4765,3526,7462
TJN_TJX_TJMaxx 2H DIG_FY18,Foursquare,"PKFMJ7_TJN_TJX_028_Audience_FOURSQUARE LABS, INC_DST_SV1_MAP_PRO_RCH_TRG_RON_PXT_BTG_DVY_PHASE 1_MOBILE RICH MEDIA COMPETITIVE CONQUESTING - Find A Store V1_Run of Network_Geo_F25-54_320 x 50_Standard_NV_NA",206812597,10/21/2017,3684,49,3635,2872,763,163,600,565,35,3035,2858,3423
TJN_MAR_023_Marshalls 2H Digital_F18,NinthDecimal,PJPSRS_TJN_MAR_023_Mobile_NINTHDECIMAL_DST_SV1_MAP_DIR_RCH_TRG_RON_PXT_DMA_DVY_GEOFENCE: 5-10-MILE RADIUS AROUND SUBURBAN STORES_Run of Network_Geo_F25-54_320 x 50_Click and View_NV_NA,204541748,10/20/2017,58349,1290,57059,23025,34034,152,33882,33050,832,23177,22608,55658
TJN_MAR_023_Marshalls 2H Digital_F18,NinthDecimal,PJPSS0_TJN_MAR_023_Mobile_NINTHDECIMAL_DST_SV1_MAP_DIR_RCH_TRG_RON_BTG_DMA_DVY_3RD PARTY: SURPRISE CHOOSERS_Run of Network_Behavioral_F25-54_320 x 50_Click and View_NV_NA,204595875,10/18/2017,42549,639,41910,9971,31939,206,31733,30532,1201,10177,9792,40324
TJN_MAR_023_Marshalls 2H Digital_F18,NinthDecimal,PJPSRW_TJN_MAR_023_Mobile_NINTHDECIMAL_DST_SV1_MAP_DIR_RCH_TRG_RON_BTG_PXT_DVY_LOCATION GRAPH: TJX FAMILY LOYALISTS_Run of Network_Behavioral_F25-54_320 x 50_Click and View_NV_NA,204541739,9/23/2017,17697,344,17353,6927,10426,58,10368,9984,384,6985,6726,16710
TJN_MAR_023_Marshalls 2H Digital_F18,xAd Inc.,PJQ0YR_TJN_MAR_023_Mobile_GROUND TRUTH FKA XAD_DST_SV1_MAP_DIR_DSP_TRG_RON_PXT_BTG_DVY_GEOBLOCKS CONQUESTING - DYNAMIC DISTANCE_Run of Network_Geo_F25-54_300 x 250_Click and View_NV_NA,204555244,9/24/2017,5448,111,5337,5316,21,1,20,3,17,5317,798,801
TJN_TJX_TJMaxx 2H DIG_FY18,Foursquare,"PJPQL0_TJN_TJX_028_Audience_FOURSQUARE LABS, INC_DST_SV1_MAP_PRO_DSP_TRG_RON_PXT_BTG_DVY_PHASE 1_PINPOINT TRENDSETTERS_Run of Network_Geo_F25-54_320 x 50_Standard_NV_NA",204478094,10/16/2017,111774,1780,109994,73220,36774,1491,35283,29266,6017,74711,61970,91236
TJN_TJX_TJMaxx 2H DIG_FY18,PlaceIQ,PK18VC_TJN_TJX_028_Mobile_PLACEIQ INC_DST_SV1_MAP_DIR_RCH_TRG_RON_BTG_PXT_DVY_PHASE 1_RICH MEDIA_TJX PORTFOLIO LOYALISTS_Run of Network_Behavioral_F25-54_320 x 50_Click and View_NV_NA,205568912,9/24/2017,69539,7223,62316,28121,34195,1052,33143,32760,383,29173,28836,61596
TJN_TJX_TJMaxx 2H DIG_FY18,Viant,"PKGJ3N_TJN_TJC_031_Data_VIANT INC_PUR_ROI_TWB_DIR_CUS_TRG_NAT_BTG_MKT_DVY_W25-54 + KEYWORD TARGETING, CROSS DEVICE NATIVE - Booties_Fixed Placement_Contextual_F25-54_1 x 1_Click_NV_NA",206833311,10/20/2017,8561,94,8467,8467,0,0,0,0,0,8467,5040,5040
TJN_TJX_TJMaxx 2H DIG_FY18,Foursquare,"PJPRV8_TJN_TJX_028_Audience_FOURSQUARE LABS, INC_DST_SV1_MAP_PRO_DSP_TRG_RON_PXT_BTG_DVY_PHASE 1_PINPOINT TRENDSETTERS AV_Run of Network_Geo_F25-54_300 x 250_Standard_NV_NA",204527100,9/12/2017,774,27,747,184,563,46,517,132,385,230,59,191
TJN_TJX_TJMaxx 2H DIG_FY18,Foursquare,"PJPQKZ_TJN_TJX_028_Audience_FOURSQUARE LABS, INC_DST_SV1_MAP_PRO_DSP_TRG_RON_PXT_BTG_DVY_PHASE 1_PINPOINT TRENDSETTERS_Run of Network_Geo_F25-54_300 x 250_Standard_NV_NA",204481813,10/1/2017,20759,4090,16669,5500,11169,681,10488,6052,4436,6181,3567,9619
TJN_TJX_TJMaxx 2H DIG_FY18,Viant,"PK2V50_TJN_TJX_028_Data_VIANT INC_DSI_SV1_DSK_DIR_RCH_TRG_INT_BTG_CTG_DVY_PHASE 1_VIANT IMP, W25-54 STRATEGIC SAVERS, CONTOBOX - Fall Homes_Fixed Placement_Behavioral_F25-54_160 x 600_Click and View_NV_NA",205726908,10/1/2017,2921,44,2877,1,2876,199,2677,1305,1372,200,97,1402
TJN_MAR_023_Marshalls 2H Digital_F18,xAd Inc.,PJQ0YJ_TJN_MAR_023_Mobile_GROUND TRUTH FKA XAD_DST_SV1_MAP_DIR_DSP_TRG_RON_BTG_PXT_DVY_MARSHALLS SHOPPERS - DYNAMIC DISTANCE_Run of Network_Geo_F25-54_320 x 50_Click and View_NV_NA,204595911,10/21/2017,27867,343,27524,19864,7660,197,7463,5073,2390,20061,13786,18859
TJN_TJX_TJMaxx 2H DIG_FY18,Conversant Inc.,PJPWPH_TJN_TJX_028_Audience_CONVERSANT_DST_SV1_MAP_NET_DSP_TRG_RON_BTG_BTG_DVY_PHASE 1_ SMARTPHONE MEDIUM RECTANGLE  - CONVERSANT SHOPPERS AV_Run of Site_Behavioral_P18+_300 x 250_Standard_NV_NA,204442060,9/11/2017,10,6,4,0,4,0,4,1,3,0,0,1
TJN_TJX_TJMaxx 2H DIG_FY18,Viant,"PJNSGW_TJN_TJX_028_Data_VIANT INC_DSI_SV1_DSK_DIR_DSP_TRG_RON_BTG_CTG_DVY_PHASE 1_VIANT DIRECT MATCH RETAIL, TJX PORFOLIO LOYALISTS, DISPLAY_Fixed Placement_Behavioral_F25-54_300 x 250_Standard_NV_NA",204478514,10/12/2017,24787,1447,23340,0,23340,1148,22192,9871,12321,1148,511,10382
TJN_MAR_023_Marshalls 2H Digital_F18,NinthDecimal,PJPSRW_TJN_MAR_023_Mobile_NINTHDECIMAL_DST_SV1_MAP_DIR_RCH_TRG_RON_BTG_PXT_DVY_LOCATION GRAPH: TJX FAMILY LOYALISTS_Run of Network_Behavioral_F25-54_320 x 50_Click and View_NV_NA,204541739,10/2/2017,28553,546,28007,12244,15763,73,15690,15142,548,12317,11887,27029
TJN_TJX_TJMaxx 2H DIG_FY18,NBC Universal Media,PK3H7P_TJN_TJX_028_Content_NBCUNI.COM_BAF_BS2_DSK_DIR_DSP_SPN_HPT_CTG_CTG_DCM_100% SOV NBC THIS IS US ROADBLOCK 10/10 - 300X50 MOBILE_HP Takeover_Contextual_F25-54_300 x 50_Standard_NV_NA,205687852,10/13/2017,1,1,0,0,0,0,0,0,0,0,0,0
TJN_TJX_TJMaxx 2H DIG_FY18,Foursquare,"PJPQKZ_TJN_TJX_028_Audience_FOURSQUARE LABS, INC_DST_SV1_MAP_PRO_DSP_TRG_RON_PXT_BTG_DVY_PHASE 1_PINPOINT TRENDSETTERS_Run of Network_Geo_F25-54_300 x 250_Standard_NV_NA",204481813,10/2/2017,2516,346,2170,865,1305,69,1236,754,482,934,570,1324
TJN_TJX_TJMaxx 2H DIG_FY18,NBC Universal Media,PK2KJK_TJN_TJX_028_Content_NBCUNI.COM_BAF_BS2_DSK_DIR_VID_SPN_ROS_BTG_CTG_MOA_THIS IS US SPONSORSHIP: DESKTOP - VIGNETTE 2_Run of Site_Behavioral_F25-54_1920 x 1080_Click and View_NV_NA,205568882,10/5/2017,95558,1849,93709,93709,0,0,0,0,0,93709,56183,56183
TJN_TJX_TJMaxx 2H DIG_FY18,Conversant Inc.,PJPTLH_TJN_TJC_031_Audience_CONVERSANT_PUR_ROI_TAP_NET_DSP_TRG_RON_BTG_BTG_DVY_TABLET LEADERBOARD- TRENDSETTERS_Run of Site_Other_P18+_728 x 90_Standard_NV_NA,204447779,10/8/2017,573,1,572,0,572,73,499,268,231,73,39,307
TJN_TJX_TJMaxx 2H DIG_FY18,Viant,"PK2V50_TJN_TJX_028_Data_VIANT INC_DSI_SV1_DSK_DIR_RCH_TRG_INT_BTG_CTG_DVY_PHASE 1_VIANT IMP, W25-54 STRATEGIC SAVERS, CONTOBOX - Fall Homes_Fixed Placement_Behavioral_F25-54_160 x 600_Click and View_NV_NA",205726908,10/2/2017,734,22,712,1,711,60,651,337,314,61,32,369
TJN_MAR_023_Marshalls 2H Digital_F18,NinthDecimal,PJPSRW_TJN_MAR_023_Mobile_NINTHDECIMAL_DST_SV1_MAP_DIR_RCH_TRG_RON_BTG_PXT_DVY_LOCATION GRAPH: TJX FAMILY LOYALISTS_Run of Network_Behavioral_F25-54_320 x 50_Click and View_NV_NA,204541739,10/1/2017,65613,1012,64601,29803,34798,173,34625,33409,1216,29976,28923,62332
TJN_TJX_TJMaxx 2H DIG_FY18,Viant,"PK2X7C_TJN_TJX_028_Data_VIANT INC_DSI_SV1_TWB_DIR_RCH_TRG_INT_BTG_CTG_DVY_PHASE 1_VIANT IMP, W25-54 STRATEGIC SAVERS, CONTOBOX - Honeycomb_Fixed Placement_Behavioral_F25-54_160 x 600_Click and View_NV_NA",205685992,9/27/2017,16,0,16,1,15,1,14,6,8,2,1,7
TJN_TJX_TJMaxx 2H DIG_FY18,Viant,"PJNSHB_TJN_TJX_028_Data_VIANT INC_DSI_SV1_MWB_DIR_DSP_TRG_RON_BTG_CTG_DVY_PHASE 1_VIANT DIRECT MATCH RETAIL, COMPETITIVE CONQUESTING, DISPLAY_Fixed Placement_Behavioral_F25-54_300 x 50_Standard_NV_NA",204478658,9/30/2017,114,0,114,0,114,5,109,91,18,5,4,95
TJN_TJX_TJMaxx 2H DIG_FY18,Foursquare,"PJYHWD_TJN_TJX_028_Audience_FOURSQUARE LABS, INC_DST_SV1_MAP_PRO_DSP_TRG_RON_PXT_BTG_DVY_PHASE 1_PINPOINT COMPETITIVE CONQUESTING_Run of Network_Geo_F25-54_300 x 250_Standard_NV_NA",205235284,10/21/2017,798,21,777,659,118,49,69,35,34,708,359,394
TJN_TJX_TJMaxx 2H DIG_FY18,Foursquare,"PJYHWF_TJN_TJX_028_Audience_FOURSQUARE LABS, INC_DST_SV1_MAP_PRO_DSP_TRG_RON_PXT_BTG_DVY_PHASE 1_PINPOINT COMPETITIVE CONQUESTING_Run of Network_Geo_F25-54_320 x 50_Standard_NV_NA",205183220,9/16/2017,114445,3594,110851,89606,21245,1555,19690,17279,2411,91161,79999,97278
TJN_TJX_TJMaxx 2H DIG_FY18,PlaceIQ,PKFS31_TJN_TJX_028_Mobile_PLACEIQ INC_DST_SV1_MAP_DIR_DSP_TRG_RON_BTG_PTG_DVY_PHASE 1_STANDARD BANNER_TRENDSETTERS_ONLINE SHOPPER+TJMAXX SHOPPERS - Sweaters_Run of Network_Behavioral_F25-54_300 x 250_Click and View_NV_NA,206771780,10/20/2017,204,42,162,97,65,0,65,64,1,97,96,160
TJN_TJX_TJMaxx 2H DIG_FY18,Conversant Inc.,PJPWPB_TJN_TJX_028_Audience_CONVERSANT_DST_SV1_DSK_NET_DSP_TRG_RON_BTG_BTG_DVY_PHASE 1_ DESKTOP RECTANGLE - CONVERSANT SHOPPERS AV_Run of Site_Behavioral_P18+_300 x 600_Standard_NV_NA,204447254,10/4/2017,238,9,229,0,229,81,148,48,100,81,26,74
TJN_TJX_TJMaxx 2H DIG_FY18,Viant,"PK2X7G_TJN_TJX_028_Data_VIANT INC_DSI_SV1_DSK_DIR_RCH_TRG_INT_BTG_CTG_DVY_PHASE 1_VIANT IMP, W25-54 STRATEGIC SAVERS, CONTOBOX - Honeycomb_Fixed Placement_Behavioral_F25-54_300 x 250_Click and View_NV_NA",205688467,10/16/2017,4160,76,4084,9,4075,631,3444,1441,2003,640,268,1709
TJN_TJX_TJMaxx 2H DIG_FY18,Viant,"PJNSGM_TJN_TJX_028_Data_VIANT INC_DSI_SV1_TWB_DIR_DSP_TRG_RON_BTG_CTG_DVY_PHASE 1_VIANT DIRECT MATCH RETAIL, TJX PORFOLIO LOYALISTS, DISPLAY_Fixed Placement_Behavioral_F25-54_728 x 90_Standard_NV_NA",204526722,9/24/2017,3051,16,3035,0,3035,451,2584,1978,606,451,345,2323
TJN_TJX_TJMaxx 2H DIG_FY18,Foursquare,"PJMQ2K_TJN_TJX_028_Audience_FOURSQUARE LABS, INC_DST_SV1_MAP_PRO_DSP_TRG_RON_PXT_BTG_DVY_PHASE 1_PINPOINT STRATEGIC SAVERS_Run of Network_Geo_F25-54_320 x 50_Standard_NV_NA",204483454,10/8/2017,100411,2313,98098,47661,50437,2182,48255,38540,9715,49843,39808,78348
TJN_TJX_TJMaxx 2H DIG_FY18,PlaceIQ,PK18V9_TJN_TJX_028_Mobile_PLACEIQ INC_DST_SV1_MAP_DIR_DSP_TRG_RON_BTG_PXT_DVY_PHASE 1_STANDARD BANNER_TJX PROXIMITY LOYALISTS_LIVE BY TJMAXX - Maxx You Maxx Life_Run of Network_Behavioral_F25-54_320 x 50_Click and View_NV_NA,205661862,10/11/2017,12707,138,12569,6953,5616,56,5560,5397,163,7009,6804,12201
TJN_TJX_TJMaxx 2H DIG_FY18,Viant,"PK2V50_TJN_TJX_028_Data_VIANT INC_DSI_SV1_DSK_DIR_RCH_TRG_INT_BTG_CTG_DVY_PHASE 1_VIANT IMP, W25-54 STRATEGIC SAVERS, CONTOBOX - Fall Homes_Fixed Placement_Behavioral_F25-54_160 x 600_Click and View_NV_NA",205726908,9/23/2017,114,1,113,0,113,4,109,33,76,4,1,34
TJN_TJX_TJMaxx 2H DIG_FY18,Viant,"PK2X7D_TJN_TJX_028_Data_VIANT INC_DSI_SV1_TWB_DIR_RCH_TRG_INT_BTG_CTG_DVY_PHASE 1_VIANT IMP, W25-54 STRATEGIC SAVERS, CONTOBOX - Honeycomb_Fixed Placement_Behavioral_F25-54_728 x 90_Click and View_NV_NA",205727832,10/3/2017,15028,144,14884,11,14873,1534,13339,5273,8066,1545,611,5884
TJN_TJX_TJMaxx 2H DIG_FY18,Foursquare,"PJPQKZ_TJN_TJX_028_Audience_FOURSQUARE LABS, INC_DST_SV1_MAP_PRO_DSP_TRG_RON_PXT_BTG_DVY_PHASE 1_PINPOINT TRENDSETTERS_Run of Network_Geo_F25-54_300 x 250_Standard_NV_NA",204481813,9/23/2017,9997,1009,8988,3361,5627,374,5253,2300,2953,3735,1635,3935
TJN_TJX_TJMaxx 2H DIG_FY18,PlaceIQ,PK1YGY_TJN_TJX_028_Mobile_PLACEIQ INC_DST_SV1_MAP_DIR_DSP_TRG_RON_BTG_PTG_DVY_PHASE 1_STANDARD BANNER_TRENDSETTERS_ONLINE SHOPPER+TJMAXX SHOPPERS - TJ Maxx_Run of Network_Behavioral_F25-54_320 x 50_Click and View_NV_NA,205661871,10/15/2017,30792,517,30275,14661,15614,172,15442,15035,407,14833,14442,29477
TJN_TJX_TJMaxx 2H DIG_FY18,Viant,"PJNSGR_TJN_TJX_028_Data_VIANT INC_DSI_SV1_TWB_DIR_DSP_TRG_RON_BTG_CTG_DVY_PHASE 1_VIANT DIRECT MATCH RETAIL, TJX PORFOLIO LOYALISTS, DISPLAY_Fixed Placement_Behavioral_F25-54_160 x 600_Standard_NV_NA",204478520,10/17/2017,49,1,48,0,48,5,43,36,7,5,4,40
TJN_TJX_TJMaxx 2H DIG_FY18,Viant,"PKGJ6C_TJN_TJC_031_Data_VIANT INC_PUR_ROI_TWB_DIR_CUS_TRG_NAT_BTG_MKT_DVY_W25-54 + KEYWORD TARGETING, CROSS DEVICE NATIVE - Booties_Fixed Placement_Contextual_F25-54_0 x 0_Click_NV_NA",206833314,10/21/2017,9164,95,9069,9069,0,0,0,0,0,9069,6883,6883
TJN_MAR_023_Marshalls 2H Digital_F18,xAd Inc.,PJQ0YR_TJN_MAR_023_Mobile_GROUND TRUTH FKA XAD_DST_SV1_MAP_DIR_DSP_TRG_RON_PXT_BTG_DVY_GEOBLOCKS CONQUESTING - DYNAMIC DISTANCE_Run of Network_Geo_F25-54_300 x 250_Click and View_NV_NA,204555244,9/22/2017,4103,46,4057,4049,8,0,8,2,6,4049,1012,1014
TJN_TJX_TJMaxx 2H DIG_FY18,Hulu,PK3F7G_TJN_TJX_027_Content_HULU_BAF_BS2_MAP_DIR_CUS_SPN_CHS_CTG_CTG_DVY_HULU ROS: PREMIUM SLATE - MOBILE IN APP_FEP_Contextual_F25-54_1920 x 1080_Standard_NV_NA,205634552,10/16/2017,4126,26,4100,4100,0,0,0,0,0,4100,2664,2664
TJN_MAR_023_Marshalls 2H Digital_F18,xAd Inc.,PJQ0YB_TJN_MAR_023_Mobile_GROUND TRUTH FKA XAD_DST_SV1_MAP_DIR_DSP_TRG_RON_PXT_BTG_DVY_PROXIMITY CONQUESTING - DYNAMIC DISTANCE_Run of Network_Geo_F25-54_320 x 50_Click and View_NV_NA,204541799,10/11/2017,6686,102,6584,5573,1011,100,911,787,124,5673,4719,5506
TJN_TJX_TJMaxx 2H DIG_FY18,xAd Inc.,PJYDBQ_TJN_TJX_028_Mobile_GROUND TRUTH FKA XAD_DST_SV1_MAP_DIR_RCH_TRG_RON_BTG_BTG_DVY_PHASE 1_BEHAVIORAL AUDIENCE TRENDSETTERS PLACEMENT - RICH MEDIA STORE LOCATOR - Fall Hero_Run of Network_Behavioral_F25-54_300 x 250_Click and View_NV_NA,205145231,10/8/2017,2424,22,2402,49,2353,19,2334,2286,48,68,67,2353
TJN_TJX_TJMaxx 2H DIG_FY18,PlaceIQ,PK18VC_TJN_TJX_028_Mobile_PLACEIQ INC_DST_SV1_MAP_DIR_RCH_TRG_RON_BTG_PXT_DVY_PHASE 1_RICH MEDIA_TJX PORTFOLIO LOYALISTS_Run of Network_Behavioral_F25-54_320 x 50_Click and View_NV_NA,205568912,9/22/2017,17430,471,16959,11386,5573,224,5349,5288,61,11610,11478,16766
TJN_TJX_TJMaxx 2H DIG_FY18,Viant,"PKGK24_TJN_TJX_028_Data_VIANT INC_DSI_SV1_TWB_DIR_RCH_TRG_INT_BTG_CTG_DVY_PHASE 1_VIANT IMP, W25-54 STRATEGIC SAVERS, CONTOBOX - Dresses_Fixed Placement_Behavioral_F25-54_300 x 250_Click and View_NV_NA",206833482,10/19/2017,1,1,0,0,0,0,0,0,0,0,0,0
TJN_TJX_TJMaxx 2H DIG_FY18,Viant,"PJNSHB_TJN_TJX_028_Data_VIANT INC_DSI_SV1_MWB_DIR_DSP_TRG_RON_BTG_CTG_DVY_PHASE 1_VIANT DIRECT MATCH RETAIL, COMPETITIVE CONQUESTING, DISPLAY_Fixed Placement_Behavioral_F25-54_300 x 50_Standard_NV_NA",204478658,9/17/2017,7409,8,7401,0,7401,2304,5097,3851,1246,2304,1741,5592
TJN_TJX_TJMaxx 2H DIG_FY18,Foursquare,"PJPSSV_TJN_TJX_028_Audience_FOURSQUARE LABS, INC_DST_SV1_MAP_PRO_RCH_TRG_RON_PXT_BTG_DVY_PHASE 1_MOBILE RICH MEDIA STRATEGIC SAVERS - Fall Handbag_Run of Network_Geo_F25-54_300 x 250_Standard_NV_NA",204525360,10/19/2017,1,0,1,1,0,0,0,0,0,1,0,0
TJN_TJX_TJMaxx 2H DIG_FY18,Foursquare,"PJMQ2D_TJN_TJX_028_Audience_FOURSQUARE LABS, INC_DST_SV1_MAP_PRO_DSP_TRG_RON_PXT_BTG_DVY_PHASE 1_PINPOINT STRATEGIC SAVERS_Run of Network_Geo_F25-54_300 x 250_Standard_NV_NA",204483457,10/18/2017,5935,135,5800,4687,1113,217,896,397,499,4904,2173,2570
TJN_TJX_TJMaxx 2H DIG_FY18,xAd Inc.,PJMTN5_TJN_TJX_028_Mobile_GROUND TRUTH FKA XAD_DST_SV1_MAP_DIR_RCH_TRG_RON_BTG_BTG_DVY_PHASE 1_BEHAVIORAL AUDIENCE TRENDSETTERS PLACEMENT - RICH MEDIA STORE LOCATOR - TJ Maxx_Run of Network_Behavioral_F25-54_320 x 50_Click and View_NV_NA,204442936,10/10/2017,5997,8,5989,2284,3705,108,3597,2942,655,2392,1956,4898
TJN_TJX_TJMaxx 2H DIG_FY18,Viant,"PJNSGP_TJN_TJX_028_Data_VIANT INC_DSI_SV1_MWB_DIR_DSP_TRG_RON_BTG_CTG_DVY_PHASE 1_VIANT DIRECT MATCH RETAIL, TJX PORFOLIO LOYALISTS, DISPLAY_Fixed Placement_Behavioral_F25-54_300 x 50_Standard_NV_NA",204525579,9/21/2017,5540,168,5372,0,5372,1055,4317,2655,1662,1055,649,3304
TJN_TJX_TJMaxx 2H DIG_FY18,Foursquare,"PK0H81_TJN_TJX_028_Audience_FOURSQUARE LABS, INC_DST_SV1_MAP_PRO_RCH_TRG_RON_PXT_BTG_DVY_PHASE 1_MOBILE RICH MEDIA TRENDSETTERS - Fall Honeycomb_Run of Network_Geo_F25-54_300 x 250_Standard_NV_NA",205337093,9/22/2017,2901,258,2643,1093,1550,81,1469,477,992,1174,381,858
TJN_MAR_023_Marshalls 2H Digital_F18,xAd Inc.,PJQ0Y6_TJN_MAR_023_Mobile_GROUND TRUTH FKA XAD_DST_SV1_MAP_DIR_DSP_TRG_RON_PXT_BTG_DVY_PROXIMITY LOYALTY - DYNAMIC DISTANCE_Run of Network_Geo_F25-54_320 x 50_Click and View_NV_NA,204556888,10/4/2017,4,1,3,2,1,0,1,1,0,2,2,3
TJN_TJX_TJMaxx 2H DIG_FY18,Viant,"PK2V4Z_TJN_TJX_028_Data_VIANT INC_DSI_SV1_MWB_DIR_RCH_TRG_INT_BTG_CTG_DVY_PHASE 1_VIANT IMP, W25-54 STRATEGIC SAVERS, CONTOBOX - Fall Homes_Fixed Placement_Behavioral_F25-54_300 x 250_Click and View_NV_NA",205726911,10/12/2017,12,4,8,2,6,2,4,4,0,4,4,8
TJN_TJX_TJMaxx 2H DIG_FY18,Conversant Inc.,PJNPLV_TJN_TJX_028_Audience_CONVERSANT_DST_SV1_DSK_NET_DSP_TRG_RON_BTG_BTG_DVY_PHASE 1_ DESKTOP LEADERBOARD - CJ CONVERTERS LAL MODELING_Run of Site_Behavioral_P18+_728 x 90_Standard_NV_NA,204483933,10/9/2017,30263,1917,28346,0,28346,2751,25595,12286,13309,2751,1321,13607
TJN_TJX_TJMaxx 2H DIG_FY18,Conversant Inc.,PJPTMM_TJN_TJC_031_Audience_CONVERSANT_PUR_ROI_MAP_NET_DSP_TRG_RON_BTG_BTG_DVY_SMARTPHONE SMALL BANNER - COMPETITIVE CONQUESTING_Run of Site_Other_P18+_320 x 50_Standard_NV_NA,204483939,10/21/2017,1720,28,1692,0,1692,337,1355,664,691,337,165,829
TJN_MAR_023_Marshalls 2H Digital_F18,xAd Inc.,PJQ0YN_TJN_MAR_023_Mobile_GROUND TRUTH FKA XAD_DST_SV1_MAP_DIR_DSP_TRG_RON_PXT_BTG_DVY_GEOBLOCKS LOYALTY - DYNAMIC DISTANCE_Run of Network_Geo_F25-54_320 x 50_Click and View_NV_NA,204558328,10/10/2017,9205,73,9132,7728,1404,126,1278,1108,170,7854,6704,7812
TJN_TJX_TJMaxx 2H DIG_FY18,xAd Inc.,PJPXK2_TJN_TJX_028_Mobile_GROUND TRUTH FKA XAD_DST_SV1_MAP_DIR_DSP_TRG_RON_PXT_PXT_DVY_PHASE 1_PROXIMITY LOYALTY PLACEMENT - STANDARD BANNER - Fall Hero_Run of Network_Geo_F25-54_300 x 250_Click and View_NV_NA,204442945,10/15/2017,12820,248,12572,12134,438,3,435,378,57,12137,10547,10925
TJN_TJX_TJMaxx 2H DIG_FY18,Conversant Inc.,PJNPMF_TJN_TJC_031_Audience_CONVERSANT_PUR_ROI_DSK_NET_DSP_TRG_RON_BTG_BTG_DVY_DESKTOP RECTANGLE- STRATEGIC SAVERS_Run of Site_Other_P18+_300 x 600_Standard_NV_NA,204442069,10/5/2017,3513,133,3380,0,3380,394,2986,716,2270,394,94,810
TJN_TJX_TJMaxx 2H DIG_FY18,Conversant Inc.,PJPTMN_TJN_TJC_031_Audience_CONVERSANT_PUR_ROI_MAP_NET_DSP_TRG_RON_BTG_BTG_DVY_SMARTPHONE MEDIUM RECTANGLE - COMPETITIVE CONQUESTING_Run of Site_Other_P18+_300 x 250_Standard_NV_NA,204447221,10/2/2017,4110,74,4036,0,4036,727,3309,1219,2090,727,268,1487
TJN_TJX_TJMaxx 2H DIG_FY18,xAd Inc.,PJMTNF_TJN_TJX_028_Mobile_GROUND TRUTH FKA XAD_DST_SV1_MAP_DIR_DSP_TRG_RON_PXT_PXT_DVY_PHASE 1_PROXIMITY LOYALTY PLACEMENT - STANDARD BANNER - Fall Handbag_Run of Network_Geo_F25-54_300 x 250_Click and View_NV_NA,204446159,10/13/2017,9670,145,9525,9402,123,1,122,104,18,9403,8016,8120
TJN_MAR_023_Marshalls 2H Digital_F18,Bustle,PKGB7T_TJN_MAR_023_Content_BUSTLE_Custom Content Roadblock Custom Shot Feature 1 - 300x250_Roadblock_Contextual_F25-54_300 x 250_Click and View_NV_NA,206751412,10/20/2017,7571,177,7394,5,7389,6784,605,442,163,6789,4960,5402
TJN_TJX_TJMaxx 2H DIG_FY18,Conversant Inc.,PJNPMG_TJN_TJC_031_Audience_CONVERSANT_PUR_ROI_DSK_NET_DSP_TRG_RON_BTG_BTG_DVY_DESKTOP WIDE SKYSCRAPER- STRATEGIC SAVERS_Run of Site_Other_P18+_160 x 600_Standard_NV_NA,204443410,9/29/2017,9,0,9,0,9,0,9,1,8,0,0,1
TJN_TJX_TJMaxx 2H DIG_FY18,Conversant Inc.,PJPTLM_TJN_TJC_031_Audience_CONVERSANT_PUR_ROI_MAP_NET_DSP_TRG_RON_BTG_BTG_DVY_SMARTPHONE SMALL BANNER - TRENDSETTERS_Run of Site_Other_P18+_320 x 50_Standard_NV_NA,204447785,10/11/2017,59834,860,58974,12,58962,6673,52289,40647,11642,6685,5197,45844
TJN_TJX_TJMaxx 2H DIG_FY18,xAd Inc.,PJMTN1_TJN_TJX_028_Mobile_GROUND TRUTH FKA XAD_DST_SV1_MAP_DIR_DSP_TRG_RON_DMA_DMA_DVY_PHASE 1_ADDED VALUE DMA TARGETING STANDALONE: STANDARD BANNER - Maxx You Maxx Life_Run of Network_Geo_F25-54_320 x 50_Click and View_NV_NA,204443461,9/24/2017,60200,980,59220,30866,28354,545,27809,19064,8745,31411,21533,40597
TJN_TJX_TJMaxx 2H DIG_FY18,xAd Inc.,PJMTN4_TJN_TJX_028_Mobile_GROUND TRUTH FKA XAD_DST_SV1_MAP_DIR_RCH_TRG_RON_BTG_BTG_DVY_PHASE 1_BEHAVIORAL AUDIENCE TRENDSETTERS PLACEMENT - RICH MEDIA STORE LOCATOR - Fall Handbag_Run of Network_Behavioral_F25-54_300 x 250_Click and View_NV_NA,204447281,10/9/2017,2823,30,2793,66,2727,21,2706,2587,119,87,83,2670
TJN_TJX_TJMaxx 2H DIG_FY18,Foursquare,"PJPSSW_TJN_TJX_028_Audience_FOURSQUARE LABS, INC_DST_SV1_MAP_PRO_RCH_TRG_RON_PXT_BTG_DVY_PHASE 1_MOBILE RICH MEDIA STRATEGIC SAVERS - Find A TJ Maxx Store_Run of Network_Geo_F25-54_320 x 50_Standard_NV_NA",204525357,10/12/2017,35146,514,34632,9894,24738,1728,23010,12265,10745,11622,6195,18460
TJN_TJX_TJMaxx 2H DIG_FY18,xAd Inc.,PJMTNF_TJN_TJX_028_Mobile_GROUND TRUTH FKA XAD_DST_SV1_MAP_DIR_DSP_TRG_RON_PXT_PXT_DVY_PHASE 1_PROXIMITY LOYALTY PLACEMENT - STANDARD BANNER - Fall Handbag_Run of Network_Geo_F25-54_300 x 250_Click and View_NV_NA,204446159,9/13/2017,11468,260,11208,11143,65,17,48,10,38,11160,2325,2335
TJN_TJX_TJMaxx 2H DIG_FY18,xAd Inc.,PJPXJZ_TJN_TJX_028_Mobile_GROUND TRUTH FKA XAD_DST_SV1_MAP_DIR_DSP_TRG_RON_BTG_BTG_DVY_PHASE 1_BEHAVIORAL AUDIENCE TRENDSETTERS PLACEMENT - STANDARD BANNER - Fall Hero_Run of Network_Behavioral_F25-54_300 x 250_Click and View_NV_NA,204446156,9/8/2017,7902,237,7665,6782,883,9,874,811,63,6791,6301,7112
TJN_TJX_TJMaxx 2H DIG_FY18,Conversant Inc.,PJPWPF_TJN_TJX_028_Audience_CONVERSANT_DST_SV1_TAP_NET_DSP_TRG_RON_BTG_BTG_DVY_PHASE 1_ TABLET LEADERBOARD - CONVERSANT SHOPPERS AV_Run of Site_Behavioral_P18+_728 x 90_Standard_NV_NA,204442915,10/10/2017,31,0,31,0,31,8,23,12,11,8,4,16
TJN_TJX_TJMaxx 2H DIG_FY18,Viant,"PJNSH7_TJN_TJX_028_Data_VIANT INC_DSI_SV1_MWB_DIR_DSP_TRG_RON_BTG_CTG_DVY_PHASE 1_VIANT DIRECT MATCH RETAIL, COMPETITIVE CONQUESTING, DISPLAY_Fixed Placement_Behavioral_F25-54_320 x 50_Standard_NV_NA",204477565,9/29/2017,876,230,646,0,646,198,448,407,41,198,180,587
TJN_TJX_TJMaxx 2H DIG_FY18,xAd Inc.,PJPXJZ_TJN_TJX_028_Mobile_GROUND TRUTH FKA XAD_DST_SV1_MAP_DIR_DSP_TRG_RON_BTG_BTG_DVY_PHASE 1_BEHAVIORAL AUDIENCE TRENDSETTERS PLACEMENT - STANDARD BANNER - Fall Hero_Run of Network_Behavioral_F25-54_300 x 250_Click and View_NV_NA,204446156,10/7/2017,5520,117,5403,4549,854,16,838,763,75,4565,4156,4919
TJN_TJX_TJMaxx 2H DIG_FY18,Conversant Inc.,PJPWPB_TJN_TJX_028_Audience_CONVERSANT_DST_SV1_DSK_NET_DSP_TRG_RON_BTG_BTG_DVY_PHASE 1_ DESKTOP RECTANGLE - CONVERSANT SHOPPERS AV_Run of Site_Behavioral_P18+_300 x 600_Standard_NV_NA,204447254,10/15/2017,42,1,41,0,41,8,33,17,16,8,4,21
TJN_TJX_TJMaxx 2H DIG_FY18,Foursquare,"PK0H81_TJN_TJX_028_Audience_FOURSQUARE LABS, INC_DST_SV1_MAP_PRO_RCH_TRG_RON_PXT_BTG_DVY_PHASE 1_MOBILE RICH MEDIA TRENDSETTERS - Fall Honeycomb_Run of Network_Geo_F25-54_300 x 250_Standard_NV_NA",205337093,9/24/2017,2791,204,2587,803,1784,105,1679,573,1106,908,310,883
TJN_TJX_TJMaxx 2H DIG_FY18,Hulu,PK3F7L_TJN_TJX_027_Content_HULU_BAF_BS2_CTV_DIR_CUS_SPN_CHS_CTG_CTG_DVY_HULU ROS: PREMIUM SLATE - CONNECTED TV_FEP_Contextual_F25-54_1920 x 1080_Standard_NV_NA,205685923,9/27/2017,68632,242,68390,68390,0,0,0,0,0,68390,48635,48635
TJN_TJX_TJMaxx 2H DIG_FY18,xAd Inc.,PJMTN9_TJN_TJX_028_Mobile_GROUND TRUTH FKA XAD_DST_SV1_MAP_DIR_DSP_TRG_RON_BTG_BTG_DVY_PHASE 1_BEHAVIORAL AUDIENCE STRATEGIC SAVERS PLACEMENT - STANDARD BANNER - Fall Handbag_Run of Network_Behavioral_F25-54_300 x 250_Click and View_NV_NA,204447293,9/25/2017,4931,81,4850,4841,9,4,5,0,5,4845,0,0
TJN_TJX_TJMaxx 2H DIG_FY18,NBC Universal Media,PK2LH8_TJN_TJX_028_Content_NBCUNI.COM_BAF_BS2_DSK_DIR_DSP_SPN_HPT_CTG_CTG_DCM_100% SOV NBC THIS IS US ROADBLOCK 10/3 - 970X66 DESKTOP_HP Takeover_Contextual_F25-54_970 x 66_Standard_NV_NA,205566356,10/5/2017,1,0,1,0,1,0,1,1,0,0,0,1
TJN_TJX_TJMaxx 2H DIG_FY18,Conversant Inc.,PJPWPH_TJN_TJX_028_Audience_CONVERSANT_DST_SV1_MAP_NET_DSP_TRG_RON_BTG_BTG_DVY_PHASE 1_ SMARTPHONE MEDIUM RECTANGLE  - CONVERSANT SHOPPERS AV_Run of Site_Behavioral_P18+_300 x 250_Standard_NV_NA,204442060,9/20/2017,61,0,61,0,61,17,44,7,37,17,3,10
TJN_TJX_TJMaxx 2H DIG_FY18,Viant,"PJSPBS_TJN_TJC_031_Data_VIANT INC_PUR_ROI_DSK_DIR_DSP_TRG_RON_BTG_MKT_DVY_DETERMINSTIC LAL OF ECOM CONVERTERS, CROSS DEVICE DISPLAY_Fixed Placement_Behavioral_F25-54_728 x 90_Click_NV_NA",204733518,10/12/2017,38636,2792,35844,2,35842,1341,34501,28025,6476,1343,1091,29116
TJN_MAR_023_Marshalls 2H Digital_F18,xAd Inc.,PJQ0Y9_TJN_MAR_023_Mobile_GROUND TRUTH FKA XAD_DST_SV1_MAP_DIR_RCH_TRG_RON_WEA_PXT_DVY_PROXIMITY LOYALTY - WEATHER LOCATOR UNIT_Run of Network_Weather_F25-54_300 x 250_Click and View_NV_NA,204541757,9/25/2017,26519,550,25969,12940,13029,368,12661,11141,1520,13308,11710,22851
TJN_TJX_TJMaxx 2H DIG_FY18,Foursquare,"PJPRV8_TJN_TJX_028_Audience_FOURSQUARE LABS, INC_DST_SV1_MAP_PRO_DSP_TRG_RON_PXT_BTG_DVY_PHASE 1_PINPOINT TRENDSETTERS AV_Run of Network_Geo_F25-54_300 x 250_Standard_NV_NA",204527100,9/27/2017,211,5,206,66,140,8,132,64,68,74,36,100
TJN_TJX_TJMaxx 2H DIG_FY18,Conversant Inc.,PJPTMN_TJN_TJC_031_Audience_CONVERSANT_PUR_ROI_MAP_NET_DSP_TRG_RON_BTG_BTG_DVY_SMARTPHONE MEDIUM RECTANGLE - COMPETITIVE CONQUESTING_Run of Site_Other_P18+_300 x 250_Standard_NV_NA,204447221,10/1/2017,637,8,629,0,629,112,517,229,288,112,50,279
TJN_MAR_023_Marshalls 2H Digital_F18,xAd Inc.,PJQ0YS_TJN_MAR_023_Mobile_GROUND TRUTH FKA XAD_DST_SV1_MAP_DIR_DSP_TRG_RON_DMA_BTG_DVY_AV DMA TARGETING_Run of Network_Geo_F25-54_300 x 250_Click and View_NV_NA,204558337,9/10/2017,48247,968,47279,6303,40976,3753,37223,29918,7305,10056,8083,38001
TJN_TJX_TJMaxx 2H DIG_FY18,Conversant Inc.,PJPWBW_TJN_TJX_028_Audience_CONVERSANT_DST_SV1_DSK_NET_DSP_TRG_RON_BTG_BTG_DVY_PHASE 1_ DESKTOP RECTANGLE - CJ INTERACTORS LAL MODELING_Run of Site_Behavioral_P18+_300 x 600_Standard_NV_NA,204447740,10/19/2017,862,71,791,1,790,103,687,171,516,104,26,197
TJN_TJX_TJMaxx 2H DIG_FY18,Conversant Inc.,PJPTLM_TJN_TJC_031_Audience_CONVERSANT_PUR_ROI_MAP_NET_DSP_TRG_RON_BTG_BTG_DVY_SMARTPHONE SMALL BANNER - TRENDSETTERS_Run of Site_Other_P18+_320 x 50_Standard_NV_NA,204447785,10/6/2017,23483,447,23036,0,23036,4256,18780,12396,6384,4256,2809,15205
TJN_TJX_TJMaxx 2H DIG_FY18,Foursquare,"PJPRVH_TJN_TJX_028_Audience_FOURSQUARE LABS, INC_DST_SV1_MAP_PRO_DSP_TRG_RON_PXT_BTG_DVY_PHASE 1_PINPOINT COMPETITIVE CONQUESTING AV_Run of Network_Geo_F25-54_320 x 50_Standard_NV_NA",204478088,10/17/2017,3041,80,2961,1824,1137,50,1087,988,99,1874,1703,2691
TJN_TJX_TJMaxx 2H DIG_FY18,Conversant Inc.,PJPWPG_TJN_TJX_028_Audience_CONVERSANT_DST_SV1_TAP_NET_DSP_TRG_RON_BTG_BTG_DVY_PHASE 1_ TABLET MEDIUM RECTANGLE  - CONVERSANT SHOPPERS AV_Run of Site_Behavioral_P18+_300 x 250_Standard_NV_NA,204446129,10/19/2017,785,15,770,0,770,158,612,264,348,158,68,332
TJN_TJX_TJMaxx 2H DIG_FY18,xAd Inc.,PJMTN1_TJN_TJX_028_Mobile_GROUND TRUTH FKA XAD_DST_SV1_MAP_DIR_DSP_TRG_RON_DMA_DMA_DVY_PHASE 1_ADDED VALUE DMA TARGETING STANDALONE: STANDARD BANNER - Maxx You Maxx Life_Run of Network_Geo_F25-54_320 x 50_Click and View_NV_NA,204443461,9/22/2017,75742,1836,73906,13568,60338,715,59623,52657,6966,14283,12614,65271
TJN_TJX_TJMaxx 2H DIG_FY18,Foursquare,"PJPSSZ_TJN_TJX_028_Audience_FOURSQUARE LABS, INC_DST_SV1_MAP_PRO_RCH_TRG_RON_PXT_BTG_DVY_PHASE 1_MOBILE RICH MEDIA COMPETITIVE CONQUESTING - Fall Handbag_Run of Network_Geo_F25-54_300 x 250_Standard_NV_NA",204478073,9/20/2017,2599,163,2436,973,1463,108,1355,449,906,1081,358,807
TJN_TJX_TJMaxx 2H DIG_FY18,Viant,"PJNSGS_TJN_TJX_028_Data_VIANT INC_DSI_SV1_MWB_DIR_DSP_TRG_RON_BTG_CTG_DVY_PHASE 1_VIANT DIRECT MATCH RETAIL, TJX PORFOLIO LOYALISTS, DISPLAY_Fixed Placement_Behavioral_F25-54_320 x 50_Standard_NV_NA",204524922,9/26/2017,14819,209,14610,0,14610,1128,13482,10399,3083,1128,870,11269
TJN_MAR_023_Marshalls 2H Digital_F18,xAd Inc.,PJQ0YH_TJN_MAR_023_Mobile_GROUND TRUTH FKA XAD_DST_SV1_MAP_DIR_DSP_TRG_RON_BTG_DMA_DVY_BEHAVIORAL - FASHION SHOPPER - DYNAMIC DISTANCE_Run of Network_Behavioral_F25-54_300 x 250_Click and View_NV_NA,204543443,9/20/2017,12656,517,12139,12113,26,0,26,25,1,12113,11647,11672
TJN_MAR_023_Marshalls 2H Digital_F18,NinthDecimal,PJPSRY_TJN_MAR_023_Mobile_NINTHDECIMAL_DST_SV1_MAP_DIR_RCH_TRG_RON_BTG_PXT_DVY_LOCATION GRAPH: LABOR DAY SALES SHOPPERS_Run of Network_Behavioral_F25-54_320 x 50_Click and View_NV_NA,204542876,9/17/2017,1051,8,1043,184,859,3,856,833,23,187,182,1015
TJN_TJX_TJMaxx 2H DIG_FY18,Foursquare,"PJPRVG_TJN_TJX_028_Audience_FOURSQUARE LABS, INC_DST_SV1_MAP_PRO_DSP_TRG_RON_PXT_BTG_DVY_PHASE 1_PINPOINT COMPETITIVE CONQUESTING AV_Run of Network_Geo_F25-54_300 x 250_Standard_NV_NA",204527412,9/16/2017,416,29,387,112,275,70,205,88,117,182,78,166
TJN_TJX_TJMaxx 2H DIG_FY18,Conversant Inc.,PJNPMH_TJN_TJC_031_Audience_CONVERSANT_PUR_ROI_MAP_NET_DSP_TRG_RON_BTG_BTG_DVY_SMARTPHONE SMALL BANNER - STRATEGIC SAVERS_Run of Site_Other_P18+_320 x 50_Standard_NV_NA,204442066,10/12/2017,69770,780,68990,5,68985,5580,63405,52825,10580,5585,4653,57478
TJN_TJX_TJMaxx 2H DIG_FY18,xAd Inc.,PJMTNF_TJN_TJX_028_Mobile_GROUND TRUTH FKA XAD_DST_SV1_MAP_DIR_DSP_TRG_RON_PXT_PXT_DVY_PHASE 1_PROXIMITY LOYALTY PLACEMENT - STANDARD BANNER - Fall Handbag_Run of Network_Geo_F25-54_300 x 250_Click and View_NV_NA,204446159,9/19/2017,12316,276,12040,11924,116,39,77,2,75,11963,311,313
TJN_TJX_TJMaxx 2H DIG_FY18,Viant,"PK2X7H_TJN_TJX_028_Data_VIANT INC_DSI_SV1_MWB_DIR_RCH_TRG_INT_BTG_CTG_DVY_PHASE 1_VIANT IMP, W25-54 STRATEGIC SAVERS, CONTOBOX - Honeycomb_Fixed Placement_Behavioral_F25-54_320 x 50_Click and View_NV_NA",205725975,10/20/2017,48,4,44,3,41,7,34,16,18,10,5,21
TJN_TJX_TJMaxx 2H DIG_FY18,Conversant Inc.,PJPWPG_TJN_TJX_028_Audience_CONVERSANT_DST_SV1_TAP_NET_DSP_TRG_RON_BTG_BTG_DVY_PHASE 1_ TABLET MEDIUM RECTANGLE  - CONVERSANT SHOPPERS AV_Run of Site_Behavioral_P18+_300 x 250_Standard_NV_NA,204446129,9/11/2017,8,6,2,0,2,1,1,1,0,1,1,2
TJN_TJX_TJMaxx 2H DIG_FY18,Foursquare,"PJPRVG_TJN_TJX_028_Audience_FOURSQUARE LABS, INC_DST_SV1_MAP_PRO_DSP_TRG_RON_PXT_BTG_DVY_PHASE 1_PINPOINT COMPETITIVE CONQUESTING AV_Run of Network_Geo_F25-54_300 x 250_Standard_NV_NA",204527412,10/13/2017,3,1,2,1,1,0,1,1,0,1,1,2
TJN_TJX_TJMaxx 2H DIG_FY18,Viant,"PK2X7D_TJN_TJX_028_Data_VIANT INC_DSI_SV1_TWB_DIR_RCH_TRG_INT_BTG_CTG_DVY_PHASE 1_VIANT IMP, W25-54 STRATEGIC SAVERS, CONTOBOX - Honeycomb_Fixed Placement_Behavioral_F25-54_728 x 90_Click and View_NV_NA",205727832,10/18/2017,9,2,7,5,2,0,2,1,1,5,3,4
TJN_MAR_023_Marshalls 2H Digital_F18,xAd Inc.,PJQ0YC_TJN_MAR_023_Mobile_GROUND TRUTH FKA XAD_DST_SV1_MAP_DIR_DSP_TRG_RON_PXT_BTG_DVY_PROXIMITY CONQUESTING - DYNAMIC DISTANCE_Run of Network_Geo_F25-54_300 x 250_Click and View_NV_NA,204595923,10/15/2017,13823,419,13404,13404,0,0,0,0,0,13404,13404,13404
TJN_MAR_023_Marshalls 2H Digital_F18,xAd Inc.,PJQ0YG_TJN_MAR_023_Mobile_GROUND TRUTH FKA XAD_DST_SV1_MAP_DIR_DSP_TRG_RON_BTG_DMA_DVY_BEHAVIORAL - FASHION SHOPPER - DYNAMIC DISTANCE_Run of Network_Behavioral_F25-54_320 x 50_Click and View_NV_NA,204557581,9/24/2017,37229,601,36628,30343,6285,1374,4911,4552,359,31717,26928,31480
TJN_TJX_TJMaxx 2H DIG_FY18,xAd Inc.,PKF477_TJN_TJX_028_Mobile_GROUND TRUTH FKA XAD_DST_SV1_MAP_DIR_DSP_TRG_RON_PXT_PXT_DVY_PHASE 1_PROXIMITY LOYALTY PLACEMENT - STANDARD BANNER - Find A Store V2_Run of Network_Geo_F25-54_320 x 50_Click and View_NV_NA,206772098,10/16/2017,4182,116,4066,549,3517,36,3481,2425,1056,585,408,2833
TJN_MAR_023_Marshalls 2H Digital_F18,xAd Inc.,PJQ0YK_TJN_MAR_023_Mobile_GROUND TRUTH FKA XAD_DST_SV1_MAP_DIR_DSP_TRG_RON_BTG_PXT_DVY_MARSHALLS SHOPPERS - DYNAMIC DISTANCE_Run of Network_Geo_F25-54_300 x 250_Click and View_NV_NA,204543440,9/24/2017,3161,71,3090,3090,0,0,0,0,0,3090,3090,3090
TJN_TJX_TJMaxx 2H DIG_FY18,Conversant Inc.,PJNPMC_TJN_TJC_031_Audience_CONVERSANT_PUR_ROI_TAP_NET_DSP_TRG_RON_BTG_BTG_DVY_TABLET LEADERBOARD- STRATEGIC SAVERS_Run of Site_Other_P18+_728 x 90_Standard_NV_NA,204442918,9/22/2017,1,0,1,0,1,0,1,1,0,0,0,1
TJN_TJX_TJMaxx 2H DIG_FY18,Viant,"PJSPBV_TJN_TJC_031_Data_VIANT INC_PUR_ROI_MWB_DIR_DSP_TRG_RON_BTG_MKT_DVY_DETERMINSTIC LAL OF ECOM CONVERTERS, CROSS DEVICE DISPLAY_Fixed Placement_Behavioral_F25-54_160 x 600_Click_NV_NA",204733791,10/1/2017,152,7,145,0,145,13,132,67,65,13,7,74
TJN_TJX_TJMaxx 2H DIG_FY18,Foursquare,"PJPRVG_TJN_TJX_028_Audience_FOURSQUARE LABS, INC_DST_SV1_MAP_PRO_DSP_TRG_RON_PXT_BTG_DVY_PHASE 1_PINPOINT COMPETITIVE CONQUESTING AV_Run of Network_Geo_F25-54_300 x 250_Standard_NV_NA",204527412,9/13/2017,563,34,529,193,336,72,264,113,151,265,113,226
TJN_MAR_023_Marshalls 2H Digital_F18,xAd Inc.,PJQ0YM_TJN_MAR_023_Mobile_GROUND TRUTH FKA XAD_DST_SV1_MAP_DIR_DSP_TRG_RON_BTG_PXT_DVY_COMPETITOR SHOPPERS - DYNAMIC DISTANCE_Run of Network_Geo_F25-54_300 x 250_Click and View_NV_NA,204555259,10/8/2017,5216,332,4884,4884,0,0,0,0,0,4884,2155,2155
TJN_TJX_TJMaxx 2H DIG_FY18,Viant,"PJSPBZ_TJN_TJC_031_Data_VIANT INC_PUR_ROI_TWB_DIR_DSP_TRG_RON_BTG_MKT_DVY_DETERMINSTIC LAL OF ECOM CONVERTERS, CROSS DEVICE DISPLAY_Fixed Placement_Behavioral_F25-54_160 x 600_Click_NV_NA",204716194,10/11/2017,198,6,192,0,192,31,161,43,118,31,8,51
TJN_TJX_TJMaxx 2H DIG_FY18,Viant,"PJNSGN_TJN_TJX_028_Data_VIANT INC_DSI_SV1_TWB_DIR_DSP_TRG_RON_BTG_CTG_DVY_PHASE 1_VIANT DIRECT MATCH RETAIL, TJX PORFOLIO LOYALISTS, DISPLAY_Fixed Placement_Behavioral_F25-54_300 x 250_Standard_NV_NA",204526347,9/6/2017,459,92,367,0,367,148,219,146,73,148,99,245
TJN_TJX_TJMaxx 2H DIG_FY18,Viant,"PJNSH6_TJN_TJX_028_Data_VIANT INC_DSI_SV1_TWB_DIR_DSP_TRG_RON_BTG_CTG_DVY_PHASE 1_VIANT DIRECT MATCH RETAIL, COMPETITIVE CONQUESTING, DISPLAY_Fixed Placement_Behavioral_F25-54_160 x 600_Standard_NV_NA",204483604,9/9/2017,344,16,328,0,328,78,250,167,83,78,52,219
TJN_TJX_TJMaxx 2H DIG_FY18,xAd Inc.,PKF5TF_TJN_TJX_028_Mobile_GROUND TRUTH FKA XAD_DST_SV1_MAP_DIR_DSP_TRG_RON_RTG_RTG_DVY_PHASE 1_LOCATION AUDIENCE TJX SHOPPERS PLACEMENT - STANDARD BANNER - Find A Store V2_Run of Network_Retarget_F25-54_320 x 50_Click and View_NV_NA,206765393,10/18/2017,5307,60,5247,2013,3234,32,3202,2563,639,2045,1637,4200
TJN_TJX_TJMaxx 2H DIG_FY18,xAd Inc.,PJMTMZ_TJN_TJX_028_Mobile_GROUND TRUTH FKA XAD_DST_SV1_MAP_DIR_DSP_TRG_RON_RTG_RTG_DVY_PHASE 1_LOCATION AUDIENCE TJX SHOPPERS PLACEMENT - STANDARD BANNER - Maxx You Maxx Life_Run of Network_Retarget_F25-54_320 x 50_Click and View_NV_NA,204484011,9/27/2017,43278,625,42653,17128,25525,17333,8192,7180,1012,34461,29098,36278
TJN_TJX_TJMaxx 2H DIG_FY18,Conversant Inc.,PJNPMD_TJN_TJC_031_Audience_CONVERSANT_PUR_ROI_TAP_NET_DSP_TRG_RON_BTG_BTG_DVY_TABLET MEDIUM RECTANGLE - STRATEGIC SAVERS_Run of Site_Other_P18+_300 x 250_Standard_NV_NA,204483960,10/12/2017,1063,10,1053,0,1053,152,901,610,291,152,103,713
TJN_TJX_TJMaxx 2H DIG_FY18,Conversant Inc.,PJNPMF_TJN_TJC_031_Audience_CONVERSANT_PUR_ROI_DSK_NET_DSP_TRG_RON_BTG_BTG_DVY_DESKTOP RECTANGLE- STRATEGIC SAVERS_Run of Site_Other_P18+_300 x 600_Standard_NV_NA,204442069,10/17/2017,722,53,669,0,669,134,535,235,300,134,59,294
TJN_TJX_TJMaxx 2H DIG_FY18,NBC Universal Media,PK2KK7_TJN_TJX_028_Content_NBCUNI.COM_BAF_BS2_TAP_DIR_VID_SPN_ROS_BTG_CTG_MOA_THIS IS US SPONSORSHIP: TABLET - VIGNETTE 3_Run of Site_Behavioral_F25-54_1920 x 1080_Click and View_NV_NA,205569476,10/14/2017,11482,108,11374,11374,0,0,0,0,0,11374,8140,8140
TJN_TJX_TJMaxx 2H DIG_FY18,Foursquare,"PJPQL0_TJN_TJX_028_Audience_FOURSQUARE LABS, INC_DST_SV1_MAP_PRO_DSP_TRG_RON_PXT_BTG_DVY_PHASE 1_PINPOINT TRENDSETTERS_Run of Network_Geo_F25-54_320 x 50_Standard_NV_NA",204478094,9/6/2017,185592,10800,174792,147393,27399,610,26789,23069,3720,148003,127451,150520
TJN_TJX_TJMaxx 2H DIG_FY18,xAd Inc.,PJMTN0_TJN_TJX_028_Mobile_GROUND TRUTH FKA XAD_DST_SV1_MAP_DIR_DSP_TRG_RON_RTG_RTG_DVY_PHASE 1_LOCATION AUDIENCE TJX SHOPPERS PLACEMENT - STANDARD BANNER - Fall Handbag_Run of Network_Retarget_F25-54_300 x 250_Click and View_NV_NA,204447842,9/27/2017,22965,584,22381,22049,332,10,322,302,20,22059,20689,20991
TJN_TJX_TJMaxx 2H DIG_FY18,Viant,"PJNSH8_TJN_TJX_028_Data_VIANT INC_DSI_SV1_TWB_DIR_DSP_TRG_RON_BTG_CTG_DVY_PHASE 1_VIANT DIRECT MATCH RETAIL, COMPETITIVE CONQUESTING, DISPLAY_Fixed Placement_Behavioral_F25-54_728 x 90_Standard_NV_NA",204483019,9/27/2017,9,2,7,0,7,1,6,6,0,1,1,7
TJN_TJX_TJMaxx 2H DIG_FY18,Viant,"PK2V4W_TJN_TJX_028_Data_VIANT INC_DSI_SV1_DSK_DIR_RCH_TRG_INT_BTG_CTG_DVY_PHASE 1_VIANT IMP, W25-54 STRATEGIC SAVERS, CONTOBOX - Fall Homes_Fixed Placement_Behavioral_F25-54_728 x 90_Click and View_NV_NA",205687309,10/19/2017,14,2,12,5,7,2,5,5,0,7,7,12
TJN_TJX_TJMaxx 2H DIG_FY18,xAd Inc.,PJMTN4_TJN_TJX_028_Mobile_GROUND TRUTH FKA XAD_DST_SV1_MAP_DIR_RCH_TRG_RON_BTG_BTG_DVY_PHASE 1_BEHAVIORAL AUDIENCE TRENDSETTERS PLACEMENT - RICH MEDIA STORE LOCATOR - Fall Handbag_Run of Network_Behavioral_F25-54_300 x 250_Click and View_NV_NA,204447281,9/26/2017,2927,34,2893,27,2866,18,2848,2721,127,45,43,2764
TJN_MAR_023_Marshalls 2H Digital_F18,xAd Inc.,PJQ0YG_TJN_MAR_023_Mobile_GROUND TRUTH FKA XAD_DST_SV1_MAP_DIR_DSP_TRG_RON_BTG_DMA_DVY_BEHAVIORAL - FASHION SHOPPER - DYNAMIC DISTANCE_Run of Network_Behavioral_F25-54_320 x 50_Click and View_NV_NA,204557581,9/22/2017,35420,758,34662,27373,7289,2506,4783,4341,442,29879,23754,28095
TJN_TJX_TJMaxx 2H DIG_FY18,Hulu,PK3F7F_TJN_TJX_027_Content_HULU_BAF_BS2_DSK_DIR_CUS_SPN_CHS_CTG_CTG_DVY_HULU ROS: PREMIUM SLATE - DESKTOP_FEP_Contextual_F25-54_1920 x 1080_Standard_NV_NA,205683925,9/29/2017,398,8,390,390,0,0,0,0,0,390,289,289
TJN_TJX_TJMaxx 2H DIG_FY18,Conversant Inc.,PJPWP8_TJN_TJX_028_Audience_CONVERSANT_DST_SV1_DSK_NET_DSP_TRG_RON_BTG_BTG_DVY_PHASE 1_ DESKTOP LEADERBOARD - CONVERSANT SHOPPERS AV_Run of Site_Behavioral_P18+_728 x 90_Standard_NV_NA,204446132,10/10/2017,872,71,801,0,801,81,720,466,254,81,52,518
TJN_TJX_TJMaxx 2H DIG_FY18,xAd Inc.,PJMTNF_TJN_TJX_028_Mobile_GROUND TRUTH FKA XAD_DST_SV1_MAP_DIR_DSP_TRG_RON_PXT_PXT_DVY_PHASE 1_PROXIMITY LOYALTY PLACEMENT - STANDARD BANNER - Fall Handbag_Run of Network_Geo_F25-54_300 x 250_Click and View_NV_NA,204446159,9/16/2017,10488,229,10259,10194,65,18,47,2,45,10212,435,437
TJN_TJX_TJMaxx 2H DIG_FY18,Viant,PJPXKR_TJN_TJX_028_Data_VIANT INC_DSI_SV1_DSK_DIR_DSP_TRG_RON_BTG_CTG_DVY_PHASE 1_DESKTOP DISPLAY VIANT IMP TARGETING - STRATEGIC SAVERS AV_Fixed Placement_Demo_F25-54_300 x 250_Standard_NV_NA,204475841,9/29/2017,572,47,525,1,524,37,487,152,335,38,12,164
TJN_TJX_TJMaxx 2H DIG_FY18,Foursquare,"PJPRQH_TJN_TJX_028_Audience_FOURSQUARE LABS, INC_DST_SV1_MAP_PRO_DSP_TRG_RON_PXT_BTG_DVY_PHASE 1_PINPOINT STRATEGIC SAVERS AV_Run of Network_Geo_F25-54_300 x 250_Standard_NV_NA",204481807,10/8/2017,123,3,120,44,76,4,72,35,37,48,23,58
TJN_MAR_023_Marshalls 2H Digital_F18,xAd Inc.,PJQ0YK_TJN_MAR_023_Mobile_GROUND TRUTH FKA XAD_DST_SV1_MAP_DIR_DSP_TRG_RON_BTG_PXT_DVY_MARSHALLS SHOPPERS - DYNAMIC DISTANCE_Run of Network_Geo_F25-54_300 x 250_Click and View_NV_NA,204543440,9/22/2017,2694,102,2592,2592,0,0,0,0,0,2592,2592,2592
TJN_TJX_TJMaxx 2H DIG_FY18,Hulu,PK3CXN_TJN_TJX_027_Content_HULU_BAF_BS2_CTV_DIR_CUS_SPN_CHS_CTG_CTG_DVY_FALL TV SPONSORSHIP: PREMIUM SLATE - CONNECTED TV_FEP_Contextual_F25-54_1920 x 1080_Standard_NV_NA,205725861,10/18/2017,9,0,9,9,0,0,0,0,0,9,7,7
TJN_MAR_023_Marshalls 2H Digital_F18,Bustle,PK5G42_TJN_MAR_023_Content_BUSTLE_Custom Content Roadblock Standard Feature 1 - 300x250_Roadblock_Contextual_F25-54_300 x 250_Click and View_NV_NA,206309158,10/20/2017,14942,228,14714,14,14700,211,14489,12475,2014,225,194,12669
TJN_TJX_TJMaxx 2H DIG_FY18,Viant,"PJSPBX_TJN_TJC_031_Data_VIANT INC_PUR_ROI_TWB_DIR_DSP_TRG_RON_BTG_MKT_DVY_DETERMINSTIC LAL OF ECOM CONVERTERS, CROSS DEVICE DISPLAY_Fixed Placement_Behavioral_F25-54_728 x 90_Click_NV_NA",204716188,10/18/2017,839,11,828,0,828,145,683,445,238,145,94,539
TJN_TJX_TJMaxx 2H DIG_FY18,Foursquare,"PJPRVG_TJN_TJX_028_Audience_FOURSQUARE LABS, INC_DST_SV1_MAP_PRO_DSP_TRG_RON_PXT_BTG_DVY_PHASE 1_PINPOINT COMPETITIVE CONQUESTING AV_Run of Network_Geo_F25-54_300 x 250_Standard_NV_NA",204527412,9/19/2017,105,11,94,34,60,3,57,29,28,37,19,48
TJN_TJX_TJMaxx 2H DIG_FY18,Conversant Inc.,PJNPLW_TJN_TJX_028_Audience_CONVERSANT_DST_SV1_DSK_NET_DSP_TRG_RON_BTG_BTG_DVY_PHASE 1_ DESKTOP MEDIUM RECTANGLE - CJ CONVERTERS LAL MODELING_Run of Site_Behavioral_P18+_300 x 250_Standard_NV_NA,204442024,10/21/2017,558,31,527,0,527,174,353,144,209,174,71,215
TJN_TJX_TJMaxx 2H DIG_FY18,PlaceIQ,PK19YY_TJN_TJX_028_Mobile_PLACEIQ INC_DST_SV1_MAP_DIR_RCH_TRG_RON_BTG_PTG_DVY_PHASE 1_RICH MEDIA_STRATEGIC SAVERS_FREQUENT WOMEN'S APPAREL SHOPPER+DISCRETIONARY SPEND SHOPPERS_Run of Network_Behavioral_F25-54_320 x 50_Click and View_NV_NA,205568681,9/25/2017,138713,8151,130562,67209,63353,2387,60966,56619,4347,69596,64634,121253
TJN_TJX_TJMaxx 2H DIG_FY18,Viant,"PJNSGS_TJN_TJX_028_Data_VIANT INC_DSI_SV1_MWB_DIR_DSP_TRG_RON_BTG_CTG_DVY_PHASE 1_VIANT DIRECT MATCH RETAIL, TJX PORFOLIO LOYALISTS, DISPLAY_Fixed Placement_Behavioral_F25-54_320 x 50_Standard_NV_NA",204524922,10/9/2017,32,0,32,0,32,4,28,11,17,4,2,13
TJN_TJX_TJMaxx 2H DIG_FY18,Viant,PJPXKV_TJN_TJX_028_Data_VIANT INC_DSI_SV1_DSK_DIR_DSP_TRG_RON_BTG_CTG_DVY_PHASE 1_DESKTOP DISPLAY VIANT IMP TARGETING - STRATEGIC SAVERS AV_Fixed Placement_Demo_F25-54_728 x 90_Standard_NV_NA,204526986,10/4/2017,458,109,349,0,349,130,219,137,82,130,81,218
TJN_TJX_TJMaxx 2H DIG_FY18,Hulu,PK3DG3_TJN_TJX_027_Content_HULU_BAF_BS2_PKG_DIR_VID_SPN_CHS_CTG_CTG_DVY_FALL TV SPONSORSHIP:MASTHEAD BRAND - DESKTOP_FEP_Contextual_F25-54_1 x 1_Standard_NV_NA,205685902,9/30/2017,69,1,68,68,0,0,0,0,0,68,55,55
TJN_TJX_TJMaxx 2H DIG_FY18,xAd Inc.,PKF446_TJN_TJX_028_Mobile_GROUND TRUTH FKA XAD_DST_SV1_MAP_DIR_RCH_TRG_RON_BTG_BTG_DVY_PHASE 1_BEHAVIORAL AUDIENCE STRATEGIC SAVERS PLACEMENT - RICH MEDIA STORE LOCATOR - Sweaters_Run of Network_Behavioral_F25-54_300 x 250_Click and View_NV_NA,206772560,10/19/2017,2667,41,2626,1086,1540,81,1459,648,811,1167,518,1166
TJN_TJX_TJMaxx 2H DIG_FY18,Foursquare,"PJPRVH_TJN_TJX_028_Audience_FOURSQUARE LABS, INC_DST_SV1_MAP_PRO_DSP_TRG_RON_PXT_BTG_DVY_PHASE 1_PINPOINT COMPETITIVE CONQUESTING AV_Run of Network_Geo_F25-54_320 x 50_Standard_NV_NA",204478088,10/5/2017,4221,820,3401,1711,1690,63,1627,1311,316,1774,1429,2740
TJN_TJX_TJMaxx 2H DIG_FY18,Conversant Inc.,PJNPLY_TJN_TJX_028_Audience_CONVERSANT_DST_SV1_DSK_NET_DSP_TRG_RON_BTG_BTG_DVY_PHASE 1_ DESKTOP WIDE SKYSCRAPER - CJ CONVERTERS LAL MODELING_Run of Site_Behavioral_P18+_160 x 600_Standard_NV_NA,204443386,10/21/2017,114,8,106,0,106,22,84,25,59,22,7,32
TJN_TJX_TJMaxx 2H DIG_FY18,Viant,"PJSPBV_TJN_TJC_031_Data_VIANT INC_PUR_ROI_MWB_DIR_DSP_TRG_RON_BTG_MKT_DVY_DETERMINSTIC LAL OF ECOM CONVERTERS, CROSS DEVICE DISPLAY_Fixed Placement_Behavioral_F25-54_160 x 600_Click_NV_NA",204733791,10/2/2017,176,7,169,0,169,9,160,91,69,9,5,96
TJN_TJX_TJMaxx 2H DIG_FY18,Viant,"PJSPBZ_TJN_TJC_031_Data_VIANT INC_PUR_ROI_TWB_DIR_DSP_TRG_RON_BTG_MKT_DVY_DETERMINSTIC LAL OF ECOM CONVERTERS, CROSS DEVICE DISPLAY_Fixed Placement_Behavioral_F25-54_160 x 600_Click_NV_NA",204716194,10/6/2017,173,7,166,0,166,32,134,21,113,32,5,26
TJN_TJX_TJMaxx 2H DIG_FY18,xAd Inc.,PJMTNQ_TJN_TJX_028_Mobile_GROUND TRUTH FKA XAD_DST_SV1_MAP_DIR_RCH_TRG_RON_BTG_BTG_DVY_PHASE 1_BEHAVIORAL AUDIENCE STRATEGIC SAVERS PLACEMENT - RICH MEDIA STORE LOCATOR - TJ Maxx_Run of Network_Behavioral_F25-54_320 x 50_Click and View_NV_NA,204447845,9/21/2017,18736,185,18551,5111,13440,151,13289,12636,653,5262,5003,17639
TJN_MAR_023_Marshalls 2H Digital_F18,NinthDecimal,PJPSRT_TJN_MAR_023_Mobile_NINTHDECIMAL_DST_SV1_MAP_DIR_RCH_TRG_RON_PXT_DMA_DVY_GEOFENCE: 15-20-MILE RADIUS AROUND RURAL STORES_Run of Network_Geo_F25-54_320 x 50_Click and View_NV_NA,204542885,9/7/2017,15465,322,15143,6340,8803,32,8771,8621,150,6372,6263,14884
TJN_TJX_TJMaxx 2H DIG_FY18,xAd Inc.,PJPXJX_TJN_TJX_028_Mobile_GROUND TRUTH FKA XAD_DST_SV1_MAP_DIR_DSP_TRG_RON_BTG_BTG_DVY_PHASE 1_BEHAVIORAL AUDIENCE STRATEGIC SAVERS PLACEMENT - STANDARD BANNER - TJMaxx_Run of Network_Behavioral_F25-54_320 x 50_Click and View_NV_NA,204447848,9/21/2017,19100,226,18874,3136,15738,124,15614,14900,714,3260,3111,18011
TJN_MAR_023_Marshalls 2H Digital_F18,NinthDecimal,"PJPSS1_TJN_MAR_023_Mobile_NINTHDECIMAL_DST_SV1_MAP_DIR_RCH_TRG_RON_BTG_DMA_DVY_TV TARGETING: PEOPLE WHO WATCH BRAVO, TLC, HGTV, A&E, LIFETIME, DISCOVERY_Run of Network_Behavioral_F25-54_320 x 50_Click and View_NV_NA",204541508,9/21/2017,9164,140,9024,2519,6505,41,6464,6227,237,2560,2466,8693
TJN_MAR_023_Marshalls 2H Digital_F18,NinthDecimal,PJPSS0_TJN_MAR_023_Mobile_NINTHDECIMAL_DST_SV1_MAP_DIR_RCH_TRG_RON_BTG_DMA_DVY_3RD PARTY: SURPRISE CHOOSERS_Run of Network_Behavioral_F25-54_320 x 50_Click and View_NV_NA,204595875,10/3/2017,2659,48,2611,980,1631,11,1620,1581,39,991,967,2548
TJN_MAR_023_Marshalls 2H Digital_F18,xAd Inc.,PJQ0YQ_TJN_MAR_023_Mobile_GROUND TRUTH FKA XAD_DST_SV1_MAP_DIR_DSP_TRG_RON_PXT_BTG_DVY_GEOBLOCKS CONQUESTING - DYNAMIC DISTANCE_Run of Network_Geo_F25-54_320 x 50_Click and View_NV_NA,204595632,9/27/2017,16534,425,16109,12118,3991,1509,2482,1925,557,13627,10024,11949
TJN_MAR_023_Marshalls 2H Digital_F18,xAd Inc.,PJQ0YS_TJN_MAR_023_Mobile_GROUND TRUTH FKA XAD_DST_SV1_MAP_DIR_DSP_TRG_RON_DMA_BTG_DVY_AV DMA TARGETING_Run of Network_Geo_F25-54_300 x 250_Click and View_NV_NA,204558337,9/29/2017,48689,1060,47629,19720,27909,840,27069,18804,8265,20560,14030,32834
TJN_TJX_TJMaxx 2H DIG_FY18,Foursquare,"PJPRQJ_TJN_TJX_028_Audience_FOURSQUARE LABS, INC_DST_SV1_MAP_PRO_DSP_TRG_RON_PXT_BTG_DVY_PHASE 1_PINPOINT STRATEGIC SAVERS AV_Run of Network_Geo_F25-54_320 x 50_Standard_NV_NA",204525369,9/7/2017,1541,242,1299,639,660,20,640,438,202,659,451,889
TJN_TJX_TJMaxx 2H DIG_FY18,xAd Inc.,PJMTNQ_TJN_TJX_028_Mobile_GROUND TRUTH FKA XAD_DST_SV1_MAP_DIR_RCH_TRG_RON_BTG_BTG_DVY_PHASE 1_BEHAVIORAL AUDIENCE STRATEGIC SAVERS PLACEMENT - RICH MEDIA STORE LOCATOR - TJ Maxx_Run of Network_Behavioral_F25-54_320 x 50_Click and View_NV_NA,204447845,10/6/2017,13946,125,13821,9461,4360,170,4190,2963,1227,9631,6811,9774
TJN_TJX_TJMaxx 2H DIG_FY18,xAd Inc.,PJPXJX_TJN_TJX_028_Mobile_GROUND TRUTH FKA XAD_DST_SV1_MAP_DIR_DSP_TRG_RON_BTG_BTG_DVY_PHASE 1_BEHAVIORAL AUDIENCE STRATEGIC SAVERS PLACEMENT - STANDARD BANNER - TJMaxx_Run of Network_Behavioral_F25-54_320 x 50_Click and View_NV_NA,204447848,10/6/2017,32065,584,31481,15892,15589,2018,13571,13023,548,17910,17229,30252
TJN_TJX_TJMaxx 2H DIG_FY18,Viant,"PK2V4W_TJN_TJX_028_Data_VIANT INC_DSI_SV1_DSK_DIR_RCH_TRG_INT_BTG_CTG_DVY_PHASE 1_VIANT IMP, W25-54 STRATEGIC SAVERS, CONTOBOX - Fall Homes_Fixed Placement_Behavioral_F25-54_728 x 90_Click and View_NV_NA",205687309,10/9/2017,6887,103,6784,7,6777,530,6247,2087,4160,537,179,2266
TJN_MAR_023_Marshalls 2H Digital_F18,NinthDecimal,"PJPSS1_TJN_MAR_023_Mobile_NINTHDECIMAL_DST_SV1_MAP_DIR_RCH_TRG_RON_BTG_DMA_DVY_TV TARGETING: PEOPLE WHO WATCH BRAVO, TLC, HGTV, A&E, LIFETIME, DISCOVERY_Run of Network_Behavioral_F25-54_320 x 50_Click and View_NV_NA",204541508,10/6/2017,42496,771,41725,11504,30221,185,30036,28646,1390,11689,11148,39794
TJN_TJX_TJMaxx 2H DIG_FY18,Viant,"PJSPCL_TJN_TJC_031_Data_VIANT INC_PUR_ROI_TWB_DIR_DSP_TRG_RON_BTG_MKT_DVY_W25-54 + ONLINE SHOPPERS, CROSS DEVICE DISPLAY_Fixed Placement_Behavioral_F25-54_728 x 90_Click_NV_NA",204715987,10/20/2017,1203,150,1053,0,1053,47,1006,690,316,47,32,722
TJN_TJX_TJMaxx 2H DIG_FY18,Conversant Inc.,PJNPMJ_TJN_TJC_031_Audience_CONVERSANT_PUR_ROI_MAP_NET_DSP_TRG_RON_BTG_BTG_DVY_SMARTPHONE MEDIUM RECTANGLE - STRATEGIC SAVERS_Run of Site_Other_P18+_300 x 250_Standard_NV_NA,204442063,9/29/2017,2,0,2,0,2,0,2,1,1,0,0,1
TJN_MAR_023_Marshalls 2H Digital_F18,NinthDecimal,PJPSRY_TJN_MAR_023_Mobile_NINTHDECIMAL_DST_SV1_MAP_DIR_RCH_TRG_RON_BTG_PXT_DVY_LOCATION GRAPH: LABOR DAY SALES SHOPPERS_Run of Network_Behavioral_F25-54_320 x 50_Click and View_NV_NA,204542876,9/6/2017,162,1,161,36,125,2,123,116,7,38,36,152
TJN_TJX_TJMaxx 2H DIG_FY18,Viant,"PK2X7J_TJN_TJX_028_Data_VIANT INC_DSI_SV1_MWB_DIR_RCH_TRG_INT_BTG_CTG_DVY_PHASE 1_VIANT IMP, W25-54 STRATEGIC SAVERS, CONTOBOX - Honeycomb_Fixed Placement_Behavioral_F25-54_300 x 250_Click and View_NV_NA",205688479,9/22/2017,3157,74,3083,0,3083,256,2827,442,2385,256,40,482
TJN_MAR_023_Marshalls 2H Digital_F18,xAd Inc.,PJQ0YD_TJN_MAR_023_Mobile_GROUND TRUTH FKA XAD_DST_SV1_MAP_DIR_RCH_TRG_RON_WEA_PXT_DVY_PROXIMITY CONQUESTING - WEATHER LOCATOR UNIT_Run of Network_Weather_F25-54_320 x 50_Click and View_NV_NA,204541553,9/25/2017,23593,501,23092,12488,10604,207,10397,9633,764,12695,11762,21395
TJN_TJX_TJMaxx 2H DIG_FY18,xAd Inc.,PJMTN2_TJN_TJX_028_Mobile_GROUND TRUTH FKA XAD_DST_SV1_MAP_DIR_DSP_TRG_RON_RTG_RTG_DVY_PHASE 1_LOCATION AUDIENCE COMPETITIVE CONQUESTING PLACEMENT - STANDARD BANNER - Fall Handbag_Run of Network_Retarget_F25-54_300 x 250_Click and View_NV_NA,204447824,9/29/2017,24034,960,23074,23026,48,0,48,43,5,23026,20627,20670
TJN_TJX_TJMaxx 2H DIG_FY18,xAd Inc.,PJYDBV_TJN_TJX_028_Mobile_GROUND TRUTH FKA XAD_DST_SV1_MAP_DIR_RCH_TRG_RON_BTG_BTG_DVY_PHASE 1_BEHAVIORAL AUDIENCE STRATEGIC SAVERS PLACEMENT - RICH MEDIA STORE LOCATOR - Maxx You Maxx Life_Run of Network_Behavioral_F25-54_320 x 50_Click and View_NV_NA,205148243,10/10/2017,6199,18,6181,2000,4181,126,4055,3305,750,2126,1733,5038
TJN_TJX_TJMaxx 2H DIG_FY18,Foursquare,"PJPQKZ_TJN_TJX_028_Audience_FOURSQUARE LABS, INC_DST_SV1_MAP_PRO_DSP_TRG_RON_PXT_BTG_DVY_PHASE 1_PINPOINT TRENDSETTERS_Run of Network_Geo_F25-54_300 x 250_Standard_NV_NA",204481813,10/18/2017,3899,89,3810,2838,972,147,825,519,306,2985,1878,2397
TJN_TJX_TJMaxx 2H DIG_FY18,Viant,"PK2V50_TJN_TJX_028_Data_VIANT INC_DSI_SV1_DSK_DIR_RCH_TRG_INT_BTG_CTG_DVY_PHASE 1_VIANT IMP, W25-54 STRATEGIC SAVERS, CONTOBOX - Fall Homes_Fixed Placement_Behavioral_F25-54_160 x 600_Click and View_NV_NA",205726908,10/18/2017,9823,8295,1528,5,1523,32,1491,598,893,37,15,613
TJN_MAR_023_Marshalls 2H Digital_F18,xAd Inc.,PJQ0YL_TJN_MAR_023_Mobile_GROUND TRUTH FKA XAD_DST_SV1_MAP_DIR_DSP_TRG_RON_BTG_PXT_DVY_COMPETITOR SHOPPERS - DYNAMIC DISTANCE_Run of Network_Geo_F25-54_320 x 50_Click and View_NV_NA,204595638,9/29/2017,7268,119,7149,6494,655,22,633,471,162,6516,4655,5126
TJN_TJX_TJMaxx 2H DIG_FY18,Foursquare,"PK0H84_TJN_TJX_028_Audience_FOURSQUARE LABS, INC_DST_SV1_MAP_PRO_RCH_TRG_RON_PXT_BTG_DVY_PHASE 1_MOBILE RICH MEDIA COMPETITIVE CONQUESTING - Find A Store_Run of Network_Geo_F25-54_320 x 50_Standard_NV_NA",205427847,9/25/2017,61901,1702,60199,49572,10627,1001,9626,7433,2193,50573,39051,46484
TJN_TJX_TJMaxx 2H DIG_FY18,xAd Inc.,PJMTNB_TJN_TJX_028_Mobile_GROUND TRUTH FKA XAD_DST_SV1_MAP_DIR_DSP_TRG_RON_BTG_BTG_DVY_PHASE 1_BEHAVIORAL AUDIENCE TRENDSETTERS PLACEMENT - STANDARD BANNER - Fall Handbag_Run of Network_Behavioral_F25-54_300 x 250_Click and View_NV_NA,204447833,9/20/2017,20061,534,19527,19518,9,0,9,5,4,19518,10843,10848
TJN_TJX_TJMaxx 2H DIG_FY18,Foursquare,"PJYHWD_TJN_TJX_028_Audience_FOURSQUARE LABS, INC_DST_SV1_MAP_PRO_DSP_TRG_RON_PXT_BTG_DVY_PHASE 1_PINPOINT COMPETITIVE CONQUESTING_Run of Network_Geo_F25-54_300 x 250_Standard_NV_NA",205235284,10/15/2017,1021,17,1004,600,404,38,366,187,179,638,326,513
TJN_TJX_TJMaxx 2H DIG_FY18,Viant,"PKGJ6Z_TJN_TJC_031_Data_VIANT INC_PUR_ROI_MWB_DIR_CUS_TRG_NAT_BTG_MKT_DVY_W25-54 + KEYWORD TARGETING, CROSS DEVICE NATIVE - Booties_Fixed Placement_Contextual_F25-54_0 x 0_Click_NV_NA",206833521,10/16/2017,9,6,3,3,0,0,0,0,0,3,2,2
TJN_TJX_TJMaxx 2H DIG_FY18,xAd Inc.,PJMTND_TJN_TJX_028_Mobile_GROUND TRUTH FKA XAD_DST_SV1_MAP_DIR_DSP_TRG_RON_PXT_PXT_DVY_PHASE 1_PROXIMITY LOYALTY PLACEMENT - STANDARD BANNER - Maxx You Maxx Life_Run of Network_Geo_F25-54_320 x 50_Click and View_NV_NA,204442096,9/20/2017,87602,1744,85858,19433,66425,44828,21597,18321,3276,64261,53329,71650
TJN_TJX_TJMaxx 2H DIG_FY18,Foursquare,"PJPSSV_TJN_TJX_028_Audience_FOURSQUARE LABS, INC_DST_SV1_MAP_PRO_RCH_TRG_RON_PXT_BTG_DVY_PHASE 1_MOBILE RICH MEDIA STRATEGIC SAVERS - Fall Handbag_Run of Network_Geo_F25-54_300 x 250_Standard_NV_NA",204525360,9/26/2017,2883,216,2667,688,1979,116,1863,501,1362,804,216,717
TJN_TJX_TJMaxx 2H DIG_FY18,Viant,"PK2V4X_TJN_TJX_028_Data_VIANT INC_DSI_SV1_DSK_DIR_RCH_TRG_INT_BTG_CTG_DVY_PHASE 1_VIANT IMP, W25-54 STRATEGIC SAVERS, CONTOBOX - Fall Homes_Fixed Placement_Behavioral_F25-54_300 x 250_Click and View_NV_NA",205688458,9/24/2017,6903,24,6879,1,6878,711,6167,1176,4991,712,136,1312
TJN_TJX_TJMaxx 2H DIG_FY18,PlaceIQ,PK19YZ_TJN_TJX_028_Mobile_PLACEIQ INC_DST_SV1_MAP_DIR_RCH_TRG_RON_BTG_PTG_DVY_PHASE 1_RICH MEDIA_STRATEGIC SAVERS_INFORMER CONSUMER SHOPPERS+TOP TIER APPAREL SHOPPER_Run of Network_Behavioral_F25-54_320 x 50_Click and View_NV_NA,205563548,9/22/2017,10328,277,10051,5972,4079,138,3941,3883,58,6110,6020,9903
TJN_TJX_TJMaxx 2H DIG_FY18,xAd Inc.,PJMTN3_TJN_TJX_028_Mobile_GROUND TRUTH FKA XAD_DST_SV1_MAP_DIR_DSP_TRG_RON_RTG_RTG_DVY_PHASE 1_LOCATION AUDIENCE COMPETITIVE CONQUESTING PLACEMENT - STANDARD BANNER - Maxx You Maxx Life_Run of Network_Retarget_F25-54_320 x 50_Click and View_NV_NA,204442933,9/19/2017,32132,404,31728,5935,25793,272,25521,21915,3606,6207,5268,27183
TJN_MAR_023_Marshalls 2H Digital_F18,NinthDecimal,PJPSS0_TJN_MAR_023_Mobile_NINTHDECIMAL_DST_SV1_MAP_DIR_RCH_TRG_RON_BTG_DMA_DVY_3RD PARTY: SURPRISE CHOOSERS_Run of Network_Behavioral_F25-54_320 x 50_Click and View_NV_NA,204595875,10/1/2017,30890,586,30304,9256,21048,82,20966,20294,672,9338,9039,29333
TJN_MAR_023_Marshalls 2H Digital_F18,NinthDecimal,PJPSRX_TJN_MAR_023_Mobile_NINTHDECIMAL_DST_SV1_MAP_DIR_RCH_TRG_RON_BTG_PXT_DVY_LOCATION GRAPH: COMPETITIVE CONQUESTING_Run of Network_Behavioral_F25-54_320 x 50_Click and View_NV_NA,204542879,9/25/2017,17415,369,17046,7603,9443,44,9399,9104,295,7647,7407,16511
TJN_TJX_TJMaxx 2H DIG_FY18,Hulu,PK3CRZ_TJN_TJX_027_Content_HULU_BAF_BS2_DSK_DIR_VID_SPN_CHS_CTG_CTG_DVY_FALL TV SPONSORSHIP: VIDEO COMMERCIAL - DESKTOP_FEP_Contextual_F25-54_1920 x 1080_Standard_NV_NA,205727706,10/13/2017,27862,577,27285,27285,0,0,0,0,0,27285,18700,18700
TJN_MAR_023_Marshalls 2H Digital_F18,NinthDecimal,PJPSS0_TJN_MAR_023_Mobile_NINTHDECIMAL_DST_SV1_MAP_DIR_RCH_TRG_RON_BTG_DMA_DVY_3RD PARTY: SURPRISE CHOOSERS_Run of Network_Behavioral_F25-54_320 x 50_Click and View_NV_NA,204595875,10/2/2017,13998,234,13764,4597,9167,38,9129,8764,365,4635,4450,13214
TJN_TJX_TJMaxx 2H DIG_FY18,xAd Inc.,PJMTN8_TJN_TJX_028_Mobile_GROUND TRUTH FKA XAD_DST_SV1_MAP_DIR_DSP_TRG_RON_BTG_BTG_DVY_PHASE 1_BEHAVIORAL AUDIENCE STRATEGIC SAVERS PLACEMENT - STANDARD BANNER - Maxx You Maxx Life_Run of Network_Behavioral_F25-54_320 x 50_Click and View_NV_NA,204447851,9/28/2017,3,0,3,2,1,0,1,1,0,2,2,3
TJN_TJX_TJMaxx 2H DIG_FY18,NBC Universal Media,PK3H7C_TJN_TJX_028_Content_NBCUNI.COM_BAF_BS2_DSK_DIR_DSP_SPN_HPT_CTG_CTG_DCM_100% SOV NBC HOMEPAGE ROADBLOCK 10/3 - 300X50 MOBILE_HP Takeover_Contextual_F25-54_300 x 50_Standard_NV_NA,205634579,10/4/2017,18606,402,18204,4,18200,1392,16808,12975,3833,1396,1078,14053
TJN_MAR_023_Marshalls 2H Digital_F18,xAd Inc.,PJQ0Y8_TJN_MAR_023_Mobile_GROUND TRUTH FKA XAD_DST_SV1_MAP_DIR_RCH_TRG_RON_WEA_PXT_DVY_PROXIMITY LOYALTY - WEATHER LOCATOR UNIT_Run of Network_Weather_F25-54_320 x 50_Click and View_NV_NA,204556189,9/29/2017,46903,1626,45277,12815,32462,563,31899,24625,7274,13378,10327,34952
TJN_MAR_023_Marshalls 2H Digital_F18,NinthDecimal,PJPSS0_TJN_MAR_023_Mobile_NINTHDECIMAL_DST_SV1_MAP_DIR_RCH_TRG_RON_BTG_DMA_DVY_3RD PARTY: SURPRISE CHOOSERS_Run of Network_Behavioral_F25-54_320 x 50_Click and View_NV_NA,204595875,9/23/2017,19574,449,19125,6425,12700,105,12595,12078,517,6530,6262,18340
TJN_TJX_TJMaxx 2H DIG_FY18,Viant,"PJSPBV_TJN_TJC_031_Data_VIANT INC_PUR_ROI_MWB_DIR_DSP_TRG_RON_BTG_MKT_DVY_DETERMINSTIC LAL OF ECOM CONVERTERS, CROSS DEVICE DISPLAY_Fixed Placement_Behavioral_F25-54_160 x 600_Click_NV_NA",204733791,10/3/2017,5229,387,4842,0,4842,294,4548,2935,1613,294,190,3125
TJN_TJX_TJMaxx 2H DIG_FY18,Conversant Inc.,PJPWPG_TJN_TJX_028_Audience_CONVERSANT_DST_SV1_TAP_NET_DSP_TRG_RON_BTG_BTG_DVY_PHASE 1_ TABLET MEDIUM RECTANGLE  - CONVERSANT SHOPPERS AV_Run of Site_Behavioral_P18+_300 x 250_Standard_NV_NA,204446129,9/26/2017,255,1,254,0,254,69,185,72,113,69,27,99
TJN_TJX_TJMaxx 2H DIG_FY18,Viant,"PK2X7J_TJN_TJX_028_Data_VIANT INC_DSI_SV1_MWB_DIR_RCH_TRG_INT_BTG_CTG_DVY_PHASE 1_VIANT IMP, W25-54 STRATEGIC SAVERS, CONTOBOX - Honeycomb_Fixed Placement_Behavioral_F25-54_300 x 250_Click and View_NV_NA",205688479,9/24/2017,1726,30,1696,2,1694,79,1615,277,1338,81,14,291
TJN_TJX_TJMaxx 2H DIG_FY18,NBC Universal Media,PK2HF5_TJN_TJX_028_Content_NBCUNI.COM_BAF_BS2_MAP_DIR_VID_SPN_ROS_BTG_CTG_MOA_THIS IS US SPONSORSHIP: DESKTOP - VIGNETTE 1_Run of Site_Behavioral_F25-54_1920 x 1080_Click and View_NV_NA,205566893,9/29/2017,568,22,546,546,0,0,0,0,0,546,405,405
TJN_TJX_TJMaxx 2H DIG_FY18,Foursquare,"PJYHWF_TJN_TJX_028_Audience_FOURSQUARE LABS, INC_DST_SV1_MAP_PRO_DSP_TRG_RON_PXT_BTG_DVY_PHASE 1_PINPOINT COMPETITIVE CONQUESTING_Run of Network_Geo_F25-54_320 x 50_Standard_NV_NA",205183220,10/10/2017,119624,2191,117433,92403,25030,871,24159,20788,3371,93274,80259,101047
TJN_TJX_TJMaxx 2H DIG_FY18,xAd Inc.,PJYDBW_TJN_TJX_028_Mobile_GROUND TRUTH FKA XAD_DST_SV1_MAP_DIR_RCH_TRG_RON_BTG_BTG_DVY_PHASE 1_BEHAVIORAL AUDIENCE STRATEGIC SAVERS PLACEMENT - RICH MEDIA STORE LOCATOR - Fall Hero_Run of Network_Behavioral_F25-54_300 x 250_Click and View_NV_NA,205207030,9/25/2017,7927,110,7817,3156,4661,170,4491,1562,2929,3326,1157,2719
TJN_TJX_TJMaxx 2H DIG_FY18,Viant,"PJNSGS_TJN_TJX_028_Data_VIANT INC_DSI_SV1_MWB_DIR_DSP_TRG_RON_BTG_CTG_DVY_PHASE 1_VIANT DIRECT MATCH RETAIL, TJX PORFOLIO LOYALISTS, DISPLAY_Fixed Placement_Behavioral_F25-54_320 x 50_Standard_NV_NA",204524922,10/19/2017,17942,92,17850,6,17844,942,16902,12747,4155,948,715,13462
TJN_MAR_023_Marshalls 2H Digital_F18,xAd Inc.,PJQ0YJ_TJN_MAR_023_Mobile_GROUND TRUTH FKA XAD_DST_SV1_MAP_DIR_DSP_TRG_RON_BTG_PXT_DVY_MARSHALLS SHOPPERS - DYNAMIC DISTANCE_Run of Network_Geo_F25-54_320 x 50_Click and View_NV_NA,204595911,10/15/2017,6296,85,6211,3569,2642,90,2552,2162,390,3659,3103,5265
TJN_MAR_023_Marshalls 2H Digital_F18,NinthDecimal,PJPSRW_TJN_MAR_023_Mobile_NINTHDECIMAL_DST_SV1_MAP_DIR_RCH_TRG_RON_BTG_PXT_DVY_LOCATION GRAPH: TJX FAMILY LOYALISTS_Run of Network_Behavioral_F25-54_320 x 50_Click and View_NV_NA,204541739,10/18/2017,85496,1234,84262,24287,59975,331,59644,57876,1768,24618,23888,81764
TJN_TJX_TJMaxx 2H DIG_FY18,Viant,"PK2X7F_TJN_TJX_028_Data_VIANT INC_DSI_SV1_DSK_DIR_RCH_TRG_INT_BTG_CTG_DVY_PHASE 1_VIANT IMP, W25-54 STRATEGIC SAVERS, CONTOBOX - Honeycomb_Fixed Placement_Behavioral_F25-54_728 x 90_Click and View_NV_NA",205727841,9/27/2017,1573,24,1549,2,1547,124,1423,505,918,126,45,550
TJN_TJX_TJMaxx 2H DIG_FY18,Viant,"PK2V4Y_TJN_TJX_028_Data_VIANT INC_DSI_SV1_MWB_DIR_RCH_TRG_INT_BTG_CTG_DVY_PHASE 1_VIANT IMP, W25-54 STRATEGIC SAVERS, CONTOBOX - Fall Homes_Fixed Placement_Behavioral_F25-54_320 x 50_Click and View_NV_NA",205685980,10/14/2017,450,12,438,13,425,79,346,173,173,92,46,219
TJN_TJX_TJMaxx 2H DIG_FY18,xAd Inc.,PJPXJR_TJN_TJX_028_Mobile_GROUND TRUTH FKA XAD_DST_SV1_MAP_DIR_DSP_TRG_RON_RTG_RTG_DVY_PHASE 1_LOCATION AUDIENCE TJX SHOPPERS PLACEMENT - STANDARD BANNER - Fall Hero_Run of Network_Retarget_F25-54_300 x 250_Click and View_NV_NA,204442105,10/14/2017,7078,145,6933,6927,6,0,6,4,2,6927,4618,4622
TJN_MAR_023_Marshalls 2H Digital_F18,xAd Inc.,PJQ0Y6_TJN_MAR_023_Mobile_GROUND TRUTH FKA XAD_DST_SV1_MAP_DIR_DSP_TRG_RON_PXT_BTG_DVY_PROXIMITY LOYALTY - DYNAMIC DISTANCE_Run of Network_Geo_F25-54_320 x 50_Click and View_NV_NA,204556888,9/9/2017,91890,1908,89982,61405,28577,7894,20683,17058,3625,69299,49874,66932
TJN_TJX_TJMaxx 2H DIG_FY18,xAd Inc.,PJMTN3_TJN_TJX_028_Mobile_GROUND TRUTH FKA XAD_DST_SV1_MAP_DIR_DSP_TRG_RON_RTG_RTG_DVY_PHASE 1_LOCATION AUDIENCE COMPETITIVE CONQUESTING PLACEMENT - STANDARD BANNER - Maxx You Maxx Life_Run of Network_Retarget_F25-54_320 x 50_Click and View_NV_NA,204442933,10/13/2017,11721,141,11580,3628,7952,692,7260,5259,2001,4320,2740,7999
TJN_TJX_TJMaxx 2H DIG_FY18,xAd Inc.,PJPXJY_TJN_TJX_028_Mobile_GROUND TRUTH FKA XAD_DST_SV1_MAP_DIR_DSP_TRG_RON_BTG_BTG_DVY_PHASE 1_BEHAVIORAL AUDIENCE STRATEGIC SAVERS PLACEMENT - STANDARD BANNER - Fall Hero_Run of Network_Behavioral_F25-54_300 x 250_Click and View_NV_NA,204484017,9/18/2017,11283,226,11057,11050,7,1,6,3,3,11051,5526,5529
TJN_TJX_TJMaxx 2H DIG_FY18,xAd Inc.,PJMTNQ_TJN_TJX_028_Mobile_GROUND TRUTH FKA XAD_DST_SV1_MAP_DIR_RCH_TRG_RON_BTG_BTG_DVY_PHASE 1_BEHAVIORAL AUDIENCE STRATEGIC SAVERS PLACEMENT - RICH MEDIA STORE LOCATOR - TJ Maxx_Run of Network_Behavioral_F25-54_320 x 50_Click and View_NV_NA,204447845,10/11/2017,7619,83,7536,2974,4562,141,4421,3681,740,3115,2594,6275
TJN_MAR_023_Marshalls 2H Digital_F18,xAd Inc.,PJQ0Y6_TJN_MAR_023_Mobile_GROUND TRUTH FKA XAD_DST_SV1_MAP_DIR_DSP_TRG_RON_PXT_BTG_DVY_PROXIMITY LOYALTY - DYNAMIC DISTANCE_Run of Network_Geo_F25-54_320 x 50_Click and View_NV_NA,204556888,10/21/2017,106838,1886,104952,98340,6612,763,5849,5588,261,99103,86724,92312
TJN_TJX_TJMaxx 2H DIG_FY18,PlaceIQ,PK19YZ_TJN_TJX_028_Mobile_PLACEIQ INC_DST_SV1_MAP_DIR_RCH_TRG_RON_BTG_PTG_DVY_PHASE 1_RICH MEDIA_STRATEGIC SAVERS_INFORMER CONSUMER SHOPPERS+TOP TIER APPAREL SHOPPER_Run of Network_Behavioral_F25-54_320 x 50_Click and View_NV_NA,205563548,9/24/2017,98535,4399,94136,56849,37287,1993,35294,34238,1056,58842,57081,91319
TJN_TJX_TJMaxx 2H DIG_FY18,Viant,"PK2V4X_TJN_TJX_028_Data_VIANT INC_DSI_SV1_DSK_DIR_RCH_TRG_INT_BTG_CTG_DVY_PHASE 1_VIANT IMP, W25-54 STRATEGIC SAVERS, CONTOBOX - Fall Homes_Fixed Placement_Behavioral_F25-54_300 x 250_Click and View_NV_NA",205688458,9/22/2017,372,17,355,5,350,42,308,50,258,47,8,58
TJN_TJX_TJMaxx 2H DIG_FY18,xAd Inc.,PJMTN3_TJN_TJX_028_Mobile_GROUND TRUTH FKA XAD_DST_SV1_MAP_DIR_DSP_TRG_RON_RTG_RTG_DVY_PHASE 1_LOCATION AUDIENCE COMPETITIVE CONQUESTING PLACEMENT - STANDARD BANNER - Maxx You Maxx Life_Run of Network_Retarget_F25-54_320 x 50_Click and View_NV_NA,204442933,9/13/2017,34305,445,33860,4706,29154,3106,26048,21421,4627,7812,6384,27805
TJN_TJX_TJMaxx 2H DIG_FY18,Conversant Inc.,PJPTMM_TJN_TJC_031_Audience_CONVERSANT_PUR_ROI_MAP_NET_DSP_TRG_RON_BTG_BTG_DVY_SMARTPHONE SMALL BANNER - COMPETITIVE CONQUESTING_Run of Site_Other_P18+_320 x 50_Standard_NV_NA,204483939,10/4/2017,18005,316,17689,0,17689,3826,13863,10387,3476,3826,2867,13254
TJN_TJX_TJMaxx 2H DIG_FY18,xAd Inc.,PJPXJR_TJN_TJX_028_Mobile_GROUND TRUTH FKA XAD_DST_SV1_MAP_DIR_DSP_TRG_RON_RTG_RTG_DVY_PHASE 1_LOCATION AUDIENCE TJX SHOPPERS PLACEMENT - STANDARD BANNER - Fall Hero_Run of Network_Retarget_F25-54_300 x 250_Click and View_NV_NA,204442105,9/14/2017,12386,928,11458,11440,18,1,17,14,3,11441,9422,9436
TJN_TJX_TJMaxx 2H DIG_FY18,NBC Universal Media,PK2JQT_TJN_TJX_028_Content_NBCUNI.COM_BAF_BS2_TAP_DIR_VID_SPN_ROS_BTG_CTG_MOA_THIS IS US SPONSORSHIP: TABLET - VIGNETTE 1_Run of Site_Behavioral_F25-54_1920 x 1080_Click and View_NV_NA,205563488,9/29/2017,1001,5,996,996,0,0,0,0,0,996,738,738
TJN_TJX_TJMaxx 2H DIG_FY18,Conversant Inc.,PJPWPD_TJN_TJX_028_Audience_CONVERSANT_DST_SV1_MAP_NET_DSP_TRG_RON_BTG_BTG_DVY_PHASE 1_ SMARTPHONE SMALL BANNER  - CONVERSANT SHOPPERS AV_Run of Site_Behavioral_P18+_320 x 50_Standard_NV_NA,204447251,10/12/2017,473,13,460,0,460,38,422,346,76,38,31,377
TJN_TJX_TJMaxx 2H DIG_FY18,PlaceIQ,PK1YHC_TJN_TJX_028_Mobile_PLACEIQ INC_DST_SV1_MAP_DIR_RCH_TRG_RON_BTG_PXT_DVY_PHASE 1_RICH MEDIA_TJX PROXIMITY LOYALISTS_DRIVE BY_Run of Network_Behavioral_F25-54_320 x 50_Click and View_NV_NA,205613803,10/17/2017,24853,528,24325,12270,12055,722,11333,11159,174,12992,12793,23952
TJN_TJX_TJMaxx 2H DIG_FY18,Viant,"PJNSGR_TJN_TJX_028_Data_VIANT INC_DSI_SV1_TWB_DIR_DSP_TRG_RON_BTG_CTG_DVY_PHASE 1_VIANT DIRECT MATCH RETAIL, TJX PORFOLIO LOYALISTS, DISPLAY_Fixed Placement_Behavioral_F25-54_160 x 600_Standard_NV_NA",204478520,9/18/2017,5468,4582,886,0,886,130,756,371,385,130,64,435
TJN_TJX_TJMaxx 2H DIG_FY18,xAd Inc.,PJPXJX_TJN_TJX_028_Mobile_GROUND TRUTH FKA XAD_DST_SV1_MAP_DIR_DSP_TRG_RON_BTG_BTG_DVY_PHASE 1_BEHAVIORAL AUDIENCE STRATEGIC SAVERS PLACEMENT - STANDARD BANNER - TJMaxx_Run of Network_Behavioral_F25-54_320 x 50_Click and View_NV_NA,204447848,10/11/2017,14229,141,14088,4435,9653,117,9536,7555,1981,4552,3606,11161
TJN_MAR_023_Marshalls 2H Digital_F18,NinthDecimal,"PJPSS1_TJN_MAR_023_Mobile_NINTHDECIMAL_DST_SV1_MAP_DIR_RCH_TRG_RON_BTG_DMA_DVY_TV TARGETING: PEOPLE WHO WATCH BRAVO, TLC, HGTV, A&E, LIFETIME, DISCOVERY_Run of Network_Behavioral_F25-54_320 x 50_Click and View_NV_NA",204541508,10/11/2017,49826,710,49116,11183,37933,231,37702,36123,1579,11414,10936,47059
TJN_TJX_TJMaxx 2H DIG_FY18,Viant,"PJNSH9_TJN_TJX_028_Data_VIANT INC_DSI_SV1_TWB_DIR_DSP_TRG_RON_BTG_CTG_DVY_PHASE 1_VIANT DIRECT MATCH RETAIL, COMPETITIVE CONQUESTING, DISPLAY_Fixed Placement_Behavioral_F25-54_300 x 250_Standard_NV_NA",204526701,9/28/2017,7,0,7,0,7,0,7,6,1,0,0,6
TJN_TJX_TJMaxx 2H DIG_FY18,Foursquare,"PKFMJ8_TJN_TJX_028_Audience_FOURSQUARE LABS, INC_DST_SV1_MAP_PRO_RCH_TRG_RON_PXT_BTG_DVY_PHASE 1_MOBILE RICH MEDIA COMPETITIVE CONQUESTING - Find A Store V2_Run of Network_Geo_F25-54_320 x 50_Standard_NV_NA",206812588,10/20/2017,3453,52,3401,2607,794,147,647,602,45,2754,2562,3164
TJN_TJX_TJMaxx 2H DIG_FY18,NBC Universal Media,PK2KJZ_TJN_TJX_028_Content_NBCUNI.COM_BAF_BS2_MAP_DIR_VID_SPN_ROS_BTG_CTG_MOA_THIS IS US SPONSORSHIP: MOBILE - VIGNETTE 3_Run of Site_Behavioral_F25-54_1920 x 1080_Click and View_NV_NA,205568891,10/16/2017,12222,62,12160,12160,0,0,0,0,0,12160,7902,7902
TJN_TJX_TJMaxx 2H DIG_FY18,Viant,"PKGK94_TJN_TJX_028_Data_VIANT INC_DSI_SV1_MWB_DIR_CUS_TRG_NAT_BTG_CTG_DVY_PHASE 1_VIANT LIFESTYLE, TRENDSETTERS NATIVE- Dresses_Fixed Placement_Contextual_F25-54_0 x 0_Click and View_NV_NA",206772386,10/21/2017,48462,474,47988,47988,0,0,0,0,0,47988,36419,36419
TJN_MAR_023_Marshalls 2H Digital_F18,NinthDecimal,PJPSRR_TJN_MAR_023_Mobile_NINTHDECIMAL_DST_SV1_MAP_DIR_RCH_TRG_RON_PXT_DMA_DVY_GEOFENCE: 2-MILE RADIUS AROUND URBAN STORES_Run of Network_Geo_F25-54_320 x 50_Click and View_NV_NA,204541523,9/25/2017,72751,2097,70654,33814,36840,212,36628,35641,987,34026,33109,68750
TJN_MAR_023_Marshalls 2H Digital_F18,xAd Inc.,PJQ0YL_TJN_MAR_023_Mobile_GROUND TRUTH FKA XAD_DST_SV1_MAP_DIR_DSP_TRG_RON_BTG_PXT_DVY_COMPETITOR SHOPPERS - DYNAMIC DISTANCE_Run of Network_Geo_F25-54_320 x 50_Click and View_NV_NA,204595638,9/10/2017,10133,116,10017,5785,4232,868,3364,3170,194,6653,6030,9200
TJN_TJX_TJMaxx 2H DIG_FY18,Viant,PJPXKV_TJN_TJX_028_Data_VIANT INC_DSI_SV1_DSK_DIR_DSP_TRG_RON_BTG_CTG_DVY_PHASE 1_DESKTOP DISPLAY VIANT IMP TARGETING - STRATEGIC SAVERS AV_Fixed Placement_Demo_F25-54_728 x 90_Standard_NV_NA,204526986,10/21/2017,8467,7648,819,4,815,49,766,336,430,53,23,359
TJN_TJX_TJMaxx 2H DIG_FY18,Viant,"PK2V4W_TJN_TJX_028_Data_VIANT INC_DSI_SV1_DSK_DIR_RCH_TRG_INT_BTG_CTG_DVY_PHASE 1_VIANT IMP, W25-54 STRATEGIC SAVERS, CONTOBOX - Fall Homes_Fixed Placement_Behavioral_F25-54_728 x 90_Click and View_NV_NA",205687309,9/26/2017,4016,60,3956,3,3953,190,3763,1826,1937,193,94,1920
TJN_TJX_TJMaxx 2H DIG_FY18,Conversant Inc.,PJNPLY_TJN_TJX_028_Audience_CONVERSANT_DST_SV1_DSK_NET_DSP_TRG_RON_BTG_BTG_DVY_PHASE 1_ DESKTOP WIDE SKYSCRAPER - CJ CONVERTERS LAL MODELING_Run of Site_Behavioral_P18+_160 x 600_Standard_NV_NA,204443386,10/4/2017,2971,153,2818,0,2818,398,2420,607,1813,398,100,707
TJN_TJX_TJMaxx 2H DIG_FY18,Viant,"PJNSGP_TJN_TJX_028_Data_VIANT INC_DSI_SV1_MWB_DIR_DSP_TRG_RON_BTG_CTG_DVY_PHASE 1_VIANT DIRECT MATCH RETAIL, TJX PORFOLIO LOYALISTS, DISPLAY_Fixed Placement_Behavioral_F25-54_300 x 50_Standard_NV_NA",204525579,10/11/2017,9,0,9,0,9,1,8,8,0,1,1,9
TJN_TJX_TJMaxx 2H DIG_FY18,xAd Inc.,PJMTN4_TJN_TJX_028_Mobile_GROUND TRUTH FKA XAD_DST_SV1_MAP_DIR_RCH_TRG_RON_BTG_BTG_DVY_PHASE 1_BEHAVIORAL AUDIENCE TRENDSETTERS PLACEMENT - RICH MEDIA STORE LOCATOR - Fall Handbag_Run of Network_Behavioral_F25-54_300 x 250_Click and View_NV_NA,204447281,10/19/2017,1122,19,1103,11,1092,3,1089,1033,56,14,13,1046
TJN_TJX_TJMaxx 2H DIG_FY18,xAd Inc.,PJMTNR_TJN_TJX_028_Mobile_GROUND TRUTH FKA XAD_DST_SV1_MAP_DIR_RCH_TRG_RON_BTG_BTG_DVY_PHASE 1_BEHAVIORAL AUDIENCE STRATEGIC SAVERS PLACEMENT - RICH MEDIA STORE LOCATOR - Fall Handbag_Run of Network_Behavioral_F25-54_300 x 250_Click and View_NV_NA,204442108,9/24/2017,6271,35,6236,1479,4757,183,4574,1811,2763,1662,658,2469
TJN_TJX_TJMaxx 2H DIG_FY18,xAd Inc.,PJMTN3_TJN_TJX_028_Mobile_GROUND TRUTH FKA XAD_DST_SV1_MAP_DIR_DSP_TRG_RON_RTG_RTG_DVY_PHASE 1_LOCATION AUDIENCE COMPETITIVE CONQUESTING PLACEMENT - STANDARD BANNER - Maxx You Maxx Life_Run of Network_Retarget_F25-54_320 x 50_Click and View_NV_NA,204442933,9/16/2017,33668,264,33404,4775,28629,14815,13814,12508,1306,19590,17738,30246
TJN_TJX_TJMaxx 2H DIG_FY18,Conversant Inc.,PJPWBT_TJN_TJX_028_Audience_CONVERSANT_DST_SV1_DSK_NET_DSP_TRG_RON_BTG_BTG_DVY_PHASE 1_ DESKTOP LEADERBOARD - CJ INTERACTORS LAL MODELING_Run of Site_Behavioral_P18+_728 x 90_Standard_NV_NA,204446096,10/7/2017,16797,1247,15550,0,15550,1394,14156,7801,6355,1394,768,8569
TJN_TJX_TJMaxx 2H DIG_FY18,Conversant Inc.,PJPTMH_TJN_TJC_031_Audience_CONVERSANT_PUR_ROI_TAP_NET_DSP_TRG_RON_BTG_BTG_DVY_TABLET LEADERBOARD- COMPETITIVE CONQUESTING_Run of Site_Other_P18+_728 x 90_Standard_NV_NA,204483936,10/14/2017,299,3,296,95,201,31,170,155,15,126,115,270
TJN_TJX_TJMaxx 2H DIG_FY18,xAd Inc.,PKF4B4_TJN_TJX_028_Mobile_GROUND TRUTH FKA XAD_DST_SV1_MAP_DIR_DSP_TRG_RON_BTG_BTG_DVY_PHASE 1_BEHAVIORAL AUDIENCE TRENDSETTERS PLACEMENT - STANDARD BANNER - Find A Store V2_Run of Network_Behavioral_F25-54_320 x 50_Click and View_NV_NA,206832834,10/20/2017,5465,60,5405,1885,3520,40,3480,2448,1032,1925,1354,3802
TJN_TJX_TJMaxx 2H DIG_FY18,Conversant Inc.,PJPTMN_TJN_TJC_031_Audience_CONVERSANT_PUR_ROI_MAP_NET_DSP_TRG_RON_BTG_BTG_DVY_SMARTPHONE MEDIUM RECTANGLE - COMPETITIVE CONQUESTING_Run of Site_Other_P18+_300 x 250_Standard_NV_NA,204447221,10/3/2017,9090,144,8946,0,8946,1796,7150,2413,4737,1796,606,3019
TJN_TJX_TJMaxx 2H DIG_FY18,Foursquare,"PK0H80_TJN_TJX_028_Audience_FOURSQUARE LABS, INC_DST_SV1_MAP_PRO_RCH_TRG_RON_PXT_BTG_DVY_PHASE 1_MOBILE RICH MEDIA STRATEGIC SAVERS - Find A Store_Run of Network_Geo_F25-54_320 x 50_Standard_NV_NA",205394974,9/25/2017,49665,3102,46563,28179,18384,2201,16183,11778,4405,30380,22111,33889
TJN_TJX_TJMaxx 2H DIG_FY18,Viant,"PJSPCD_TJN_TJC_031_Data_VIANT INC_PUR_ROI_DSK_DIR_DSP_TRG_RON_BTG_MKT_DVY_W25-54 + ONLINE SHOPPERS, CROSS DEVICE DISPLAY_Fixed Placement_Behavioral_F25-54_728 x 90_Click_NV_NA",204733044,10/6/2017,898,16,882,0,882,13,869,770,99,13,12,782
TJN_MAR_023_Marshalls 2H Digital_F18,xAd Inc.,PJQ0YF_TJN_MAR_023_Mobile_GROUND TRUTH FKA XAD_DST_SV1_MAP_DIR_RCH_TRG_RON_WEA_PXT_DVY_PROXIMITY CONQUESTING - WEATHER LOCATOR UNIT_Run of Network_Weather_F25-54_300 x 250_Click and View_NV_NA,204596913,10/17/2017,514,2,512,0,512,10,502,481,21,10,10,491
TJN_TJX_TJMaxx 2H DIG_FY18,Viant,PJPXKS_TJN_TJX_028_Data_VIANT INC_DSI_SV1_DSK_DIR_DSP_TRG_RON_BTG_CTG_DVY_PHASE 1_DESKTOP DISPLAY VIANT IMP TARGETING - STRATEGIC SAVERS AV_Fixed Placement_Demo_F25-54_160 x 600_Standard_NV_NA,204477475,10/15/2017,1,0,1,1,0,0,0,0,0,1,0,0
TJN_TJX_TJMaxx 2H DIG_FY18,Viant,"PJNSHG_TJN_TJX_028_Data_VIANT INC_DSI_SV1_DSK_DIR_DSP_TRG_RON_BTG_CTG_DVY_PHASE 1_VIANT DIRECT MATCH RETAIL, COMPETITIVE CONQUESTING, DISPLAY_Fixed Placement_Behavioral_F25-54_728 x 90_Standard_NV_NA",204478490,10/15/2017,7023,240,6783,0,6783,868,5915,3066,2849,868,450,3516
TJN_TJX_TJMaxx 2H DIG_FY18,Viant,"PK2X7K_TJN_TJX_028_Data_VIANT INC_DSI_SV1_DSK_DIR_RCH_TRG_INT_BTG_CTG_DVY_PHASE 1_VIANT IMP, W25-54 STRATEGIC SAVERS, CONTOBOX - Honeycomb_Fixed Placement_Behavioral_F25-54_160 x 600_Click and View_NV_NA",205726917,10/8/2017,59,4,55,3,52,2,50,31,19,5,3,34
TJN_TJX_TJMaxx 2H DIG_FY18,Conversant Inc.,PJPTLM_TJN_TJC_031_Audience_CONVERSANT_PUR_ROI_MAP_NET_DSP_TRG_RON_BTG_BTG_DVY_SMARTPHONE SMALL BANNER - TRENDSETTERS_Run of Site_Other_P18+_320 x 50_Standard_NV_NA,204447785,9/21/2017,6,6,0,0,0,0,0,0,0,0,0,0
TJN_TJX_TJMaxx 2H DIG_FY18,Conversant Inc.,PJNPLV_TJN_TJX_028_Audience_CONVERSANT_DST_SV1_DSK_NET_DSP_TRG_RON_BTG_BTG_DVY_PHASE 1_ DESKTOP LEADERBOARD - CJ CONVERTERS LAL MODELING_Run of Site_Behavioral_P18+_728 x 90_Standard_NV_NA,204483933,10/19/2017,10,0,10,0,10,2,8,5,3,2,1,6
TJN_TJX_TJMaxx 2H DIG_FY18,Foursquare,"PJPSSX_TJN_TJX_028_Audience_FOURSQUARE LABS, INC_DST_SV1_MAP_PRO_RCH_TRG_RON_PXT_BTG_DVY_PHASE 1_MOBILE RICH MEDIA TRENDSETTERS - Fall Handbag_Run of Network_Geo_F25-54_300 x 250_Standard_NV_NA",204525354,10/12/2017,4945,78,4867,1341,3526,246,3280,944,2336,1587,457,1401
TJN_TJX_TJMaxx 2H DIG_FY18,xAd Inc.,PKF49Y_TJN_TJX_028_Mobile_GROUND TRUTH FKA XAD_DST_SV1_MAP_DIR_DSP_TRG_RON_BTG_BTG_DVY_PHASE 1_BEHAVIORAL AUDIENCE TRENDSETTERS PLACEMENT - STANDARD BANNER - Find A Store V1_Run of Network_Behavioral_F25-54_320 x 50_Click and View_NV_NA,206812693,10/21/2017,6201,48,6153,2736,3417,37,3380,2613,767,2773,2144,4757
TJN_TJX_TJMaxx 2H DIG_FY18,Viant,"PK2V4T_TJN_TJX_028_Data_VIANT INC_DSI_SV1_TWB_DIR_RCH_TRG_INT_BTG_CTG_DVY_PHASE 1_VIANT IMP, W25-54 STRATEGIC SAVERS, CONTOBOX - Fall Homes_Fixed Placement_Behavioral_F25-54_160 x 600_Click and View_NV_NA",205687933,9/22/2017,198,9,189,2,187,9,178,21,157,11,1,22
TJN_MAR_023_Marshalls 2H Digital_F18,Bustle,PK5G41_TJN_MAR_023_Content_BUSTLE_Custom Content Roadblock Standard Feature 1 - Panoramic_Roadblock_Contextual_F25-54_1 x 1_Click and View_NV_NA,206335290,10/20/2017,3139,33,3106,4,3102,219,2883,2173,710,223,168,2341
TJN_TJX_TJMaxx 2H DIG_FY18,xAd Inc.,PJMTN2_TJN_TJX_028_Mobile_GROUND TRUTH FKA XAD_DST_SV1_MAP_DIR_DSP_TRG_RON_RTG_RTG_DVY_PHASE 1_LOCATION AUDIENCE COMPETITIVE CONQUESTING PLACEMENT - STANDARD BANNER - Fall Handbag_Run of Network_Retarget_F25-54_300 x 250_Click and View_NV_NA,204447824,9/10/2017,12605,216,12389,12376,13,2,11,7,4,12378,7877,7884
TJN_TJX_TJMaxx 2H DIG_FY18,Foursquare,"PJPSSV_TJN_TJX_028_Audience_FOURSQUARE LABS, INC_DST_SV1_MAP_PRO_RCH_TRG_RON_PXT_BTG_DVY_PHASE 1_MOBILE RICH MEDIA STRATEGIC SAVERS - Fall Handbag_Run of Network_Geo_F25-54_300 x 250_Standard_NV_NA",204525360,10/9/2017,5019,533,4486,1140,3346,224,3122,833,2289,1364,364,1197
TJN_TJX_TJMaxx 2H DIG_FY18,Conversant Inc.,PJNPLW_TJN_TJX_028_Audience_CONVERSANT_DST_SV1_DSK_NET_DSP_TRG_RON_BTG_BTG_DVY_PHASE 1_ DESKTOP MEDIUM RECTANGLE - CJ CONVERTERS LAL MODELING_Run of Site_Behavioral_P18+_300 x 250_Standard_NV_NA,204442024,10/4/2017,12019,883,11136,0,11136,1797,9339,3025,6314,1797,582,3607
TJN_MAR_023_Marshalls 2H Digital_F18,Bustle,PK5G3V_TJN_MAR_023_Content_BUSTLE_Native Content Module - Fall Fashion Finds Topics Page_Run of Site_Contextual_F25-54_1 x 1_Click and View_NV_NA,206334768,10/17/2017,51296,1309,49987,18,49969,45894,4075,2559,1516,45912,28832,31391
TJN_TJX_TJMaxx 2H DIG_FY18,xAd Inc.,PJMTN8_TJN_TJX_028_Mobile_GROUND TRUTH FKA XAD_DST_SV1_MAP_DIR_DSP_TRG_RON_BTG_BTG_DVY_PHASE 1_BEHAVIORAL AUDIENCE STRATEGIC SAVERS PLACEMENT - STANDARD BANNER - Maxx You Maxx Life_Run of Network_Behavioral_F25-54_320 x 50_Click and View_NV_NA,204447851,9/14/2017,21967,222,21745,3787,17958,3171,14787,12958,1829,6958,6065,19023
TJN_TJX_TJMaxx 2H DIG_FY18,Foursquare,"PJPQL0_TJN_TJX_028_Audience_FOURSQUARE LABS, INC_DST_SV1_MAP_PRO_DSP_TRG_RON_PXT_BTG_DVY_PHASE 1_PINPOINT TRENDSETTERS_Run of Network_Geo_F25-54_320 x 50_Standard_NV_NA",204478094,9/17/2017,201614,9044,192570,105012,87558,4451,83107,65308,17799,109463,86019,151327
TJN_TJX_TJMaxx 2H DIG_FY18,xAd Inc.,PJMTNR_TJN_TJX_028_Mobile_GROUND TRUTH FKA XAD_DST_SV1_MAP_DIR_RCH_TRG_RON_BTG_BTG_DVY_PHASE 1_BEHAVIORAL AUDIENCE STRATEGIC SAVERS PLACEMENT - RICH MEDIA STORE LOCATOR - Fall Handbag_Run of Network_Behavioral_F25-54_300 x 250_Click and View_NV_NA,204442108,9/22/2017,5199,90,5109,1417,3692,98,3594,1508,2086,1515,636,2144
TJN_TJX_TJMaxx 2H DIG_FY18,Foursquare,"PJPST0_TJN_TJX_028_Audience_FOURSQUARE LABS, INC_DST_SV1_MAP_PRO_RCH_TRG_RON_PXT_BTG_DVY_PHASE 1_MOBILE RICH MEDIA COMPETITIVE CONQUESTING - Find A TJ Maxx Store_Run of Network_Geo_F25-54_320 x 50_Standard_NV_NA",204525348,9/25/2017,64225,1729,62496,52441,10055,915,9140,7242,1898,53356,42276,49518
TJN_TJX_TJMaxx 2H DIG_FY18,Conversant Inc.,PJPWP9_TJN_TJX_028_Audience_CONVERSANT_DST_SV1_DSK_NET_DSP_TRG_RON_BTG_BTG_DVY_PHASE 1_ DESKTOP MEDIUM RECTANGLE - CONVERSANT SHOPPERS AV_Run of Site_Behavioral_P18+_300 x 250_Standard_NV_NA,204483957,10/7/2017,973,50,923,0,923,300,623,340,283,300,164,504
TJN_TJX_TJMaxx 2H DIG_FY18,Viant,"PJNSHC_TJN_TJX_028_Data_VIANT INC_DSI_SV1_DSK_DIR_DSP_TRG_RON_BTG_CTG_DVY_PHASE 1_VIANT DIRECT MATCH RETAIL, COMPETITIVE CONQUESTING, DISPLAY_Fixed Placement_Behavioral_F25-54_300 x 250_Standard_NV_NA",204478655,9/12/2017,2,0,2,0,2,0,2,2,0,0,0,2
TJN_TJX_TJMaxx 2H DIG_FY18,xAd Inc.,PKF4ND_TJN_TJX_028_Mobile_GROUND TRUTH FKA XAD_DST_SV1_MAP_DIR_RCH_TRG_RON_BTG_BTG_DVY_PHASE 1_BEHAVIORAL AUDIENCE TRENDSETTERS PLACEMENT - RICH MEDIA STORE LOCATOR - Dresses_Run of Network_Behavioral_F25-54_300 x 250_Click and View_NV_NA,206812747,10/19/2017,1268,20,1248,10,1238,4,1234,1154,80,14,13,1167
TJN_TJX_TJMaxx 2H DIG_FY18,xAd Inc.,PKF5T8_TJN_TJX_028_Mobile_GROUND TRUTH FKA XAD_DST_SV1_MAP_DIR_DSP_TRG_RON_RTG_RTG_DVY_PHASE 1_LOCATION AUDIENCE TJX SHOPPERS PLACEMENT - STANDARD BANNER - Find A Store V1_Run of Network_Retarget_F25-54_320 x 50_Click and View_NV_NA,206772554,10/15/2017,5260,55,5205,2230,2975,933,2042,1598,444,3163,2350,3948
TJN_TJX_TJMaxx 2H DIG_FY18,xAd Inc.,PJMTN8_TJN_TJX_028_Mobile_GROUND TRUTH FKA XAD_DST_SV1_MAP_DIR_DSP_TRG_RON_BTG_BTG_DVY_PHASE 1_BEHAVIORAL AUDIENCE STRATEGIC SAVERS PLACEMENT - STANDARD BANNER - Maxx You Maxx Life_Run of Network_Behavioral_F25-54_320 x 50_Click and View_NV_NA,204447851,10/14/2017,12717,182,12535,4722,7813,120,7693,5765,1928,4842,3629,9394
TJN_TJX_TJMaxx 2H DIG_FY18,xAd Inc.,PJPXJS_TJN_TJX_028_Mobile_GROUND TRUTH FKA XAD_DST_SV1_MAP_DIR_DSP_TRG_RON_RTG_RTG_DVY_PHASE 1_LOCATION AUDIENCE COMPETITIVE CONQUESTING PLACEMENT - STANDARD BANNER - Fall Hero_Run of Network_Retarget_F25-54_300 x 250_Click and View_NV_NA,204446153,9/15/2017,11535,247,11288,11281,7,1,6,3,3,11282,5641,5644
TJN_TJX_TJMaxx 2H DIG_FY18,Conversant Inc.,PJPWPG_TJN_TJX_028_Audience_CONVERSANT_DST_SV1_TAP_NET_DSP_TRG_RON_BTG_BTG_DVY_PHASE 1_ TABLET MEDIUM RECTANGLE  - CONVERSANT SHOPPERS AV_Run of Site_Behavioral_P18+_300 x 250_Standard_NV_NA,204446129,10/9/2017,89,1,88,0,88,13,75,26,49,13,5,31
TJN_TJX_TJMaxx 2H DIG_FY18,Viant,"PK2X7B_TJN_TJX_028_Data_VIANT INC_DSI_SV1_TWB_DIR_RCH_TRG_INT_BTG_CTG_DVY_PHASE 1_VIANT IMP, W25-54 STRATEGIC SAVERS, CONTOBOX - Honeycomb_Fixed Placement_Behavioral_F25-54_300 x 250_Click and View_NV_NA",205687939,9/29/2017,9076,75,9001,4,8997,1991,7006,3546,3460,1995,1010,4556
TJN_TJX_TJMaxx 2H DIG_FY18,NBC Universal Media,PK3H7P_TJN_TJX_028_Content_NBCUNI.COM_BAF_BS2_DSK_DIR_DSP_SPN_HPT_CTG_CTG_DCM_100% SOV NBC THIS IS US ROADBLOCK 10/10 - 300X50 MOBILE_HP Takeover_Contextual_F25-54_300 x 50_Standard_NV_NA,205687852,10/10/2017,14348,90,14258,0,14258,828,13430,10351,3079,828,638,10989
TJN_TJX_TJMaxx 2H DIG_FY18,Viant,"PJNSH9_TJN_TJX_028_Data_VIANT INC_DSI_SV1_TWB_DIR_DSP_TRG_RON_BTG_CTG_DVY_PHASE 1_VIANT DIRECT MATCH RETAIL, COMPETITIVE CONQUESTING, DISPLAY_Fixed Placement_Behavioral_F25-54_300 x 250_Standard_NV_NA",204526701,10/14/2017,13501,74,13427,0,13427,3062,10365,8426,1939,3062,2489,10915
TJN_TJX_TJMaxx 2H DIG_FY18,Conversant Inc.,PJPWBW_TJN_TJX_028_Audience_CONVERSANT_DST_SV1_DSK_NET_DSP_TRG_RON_BTG_BTG_DVY_PHASE 1_ DESKTOP RECTANGLE - CJ INTERACTORS LAL MODELING_Run of Site_Behavioral_P18+_300 x 600_Standard_NV_NA,204447740,10/9/2017,5929,380,5549,0,5549,720,4829,1587,3242,720,237,1824
TJN_TJX_TJMaxx 2H DIG_FY18,Viant,"PJNSGN_TJN_TJX_028_Data_VIANT INC_DSI_SV1_TWB_DIR_DSP_TRG_RON_BTG_CTG_DVY_PHASE 1_VIANT DIRECT MATCH RETAIL, TJX PORFOLIO LOYALISTS, DISPLAY_Fixed Placement_Behavioral_F25-54_300 x 250_Standard_NV_NA",204526347,9/17/2017,3175,968,2207,0,2207,139,2068,1267,801,139,85,1352
TJN_TJX_TJMaxx 2H DIG_FY18,Viant,"PJNSGV_TJN_TJX_028_Data_VIANT INC_DSI_SV1_DSK_DIR_DSP_TRG_RON_BTG_CTG_DVY_PHASE 1_VIANT DIRECT MATCH RETAIL, TJX PORFOLIO LOYALISTS, DISPLAY_Fixed Placement_Behavioral_F25-54_728 x 90_Standard_NV_NA",204478511,9/15/2017,1201,57,1144,0,1144,224,920,804,116,224,196,1000
TJN_TJX_TJMaxx 2H DIG_FY18,Viant,"PJSPCD_TJN_TJC_031_Data_VIANT INC_PUR_ROI_DSK_DIR_DSP_TRG_RON_BTG_MKT_DVY_W25-54 + ONLINE SHOPPERS, CROSS DEVICE DISPLAY_Fixed Placement_Behavioral_F25-54_728 x 90_Click_NV_NA",204733044,10/11/2017,6675,83,6592,0,6592,141,6451,5504,947,141,120,5624
TJN_TJX_TJMaxx 2H DIG_FY18,xAd Inc.,PJYDBM_TJN_TJX_028_Mobile_GROUND TRUTH FKA XAD_DST_SV1_MAP_DIR_RCH_TRG_RON_PXT_PXT_DVY_PHASE 1_PROXIMITY LOYALTY PLACEMENT - RICH MEDIA STORE LOCATOR - Fall Hero_Run of Network_Geo_F25-54_300 x 250_Click and View_NV_NA,205209355,9/23/2017,4178,61,4117,140,3977,16,3961,3731,230,156,147,3878
TJN_MAR_023_Marshalls 2H Digital_F18,xAd Inc.,PJQ0Y8_TJN_MAR_023_Mobile_GROUND TRUTH FKA XAD_DST_SV1_MAP_DIR_RCH_TRG_RON_WEA_PXT_DVY_PROXIMITY LOYALTY - WEATHER LOCATOR UNIT_Run of Network_Weather_F25-54_320 x 50_Click and View_NV_NA,204556189,9/10/2017,26279,489,25790,16731,9059,112,8947,8593,354,16843,16177,24770
TJN_TJX_TJMaxx 2H DIG_FY18,Viant,"PK2V4T_TJN_TJX_028_Data_VIANT INC_DSI_SV1_TWB_DIR_RCH_TRG_INT_BTG_CTG_DVY_PHASE 1_VIANT IMP, W25-54 STRATEGIC SAVERS, CONTOBOX - Fall Homes_Fixed Placement_Behavioral_F25-54_160 x 600_Click and View_NV_NA",205687933,9/24/2017,188,1,187,1,186,8,178,34,144,9,2,36
TJN_TJX_TJMaxx 2H DIG_FY18,Viant,"PK2V4Y_TJN_TJX_028_Data_VIANT INC_DSI_SV1_MWB_DIR_RCH_TRG_INT_BTG_CTG_DVY_PHASE 1_VIANT IMP, W25-54 STRATEGIC SAVERS, CONTOBOX - Fall Homes_Fixed Placement_Behavioral_F25-54_320 x 50_Click and View_NV_NA",205685980,9/28/2017,15,5,10,3,7,2,5,5,0,5,5,10
TJN_TJX_TJMaxx 2H DIG_FY18,Conversant Inc.,PJPTMQ_TJN_TJC_031_Audience_CONVERSANT_PUR_ROI_DSK_NET_DSP_TRG_RON_BTG_BTG_DVY_DESKTOP MEDIUM RECTANGLE- COMPETITIVE CONQUESTING_Run of Site_Other_P18+_300 x 250_Standard_NV_NA,204447218,10/20/2017,2114,96,2018,0,2018,342,1676,679,997,342,139,818
TJN_TJX_TJMaxx 2H DIG_FY18,Viant,"PJNSGP_TJN_TJX_028_Data_VIANT INC_DSI_SV1_MWB_DIR_DSP_TRG_RON_BTG_CTG_DVY_PHASE 1_VIANT DIRECT MATCH RETAIL, TJX PORFOLIO LOYALISTS, DISPLAY_Fixed Placement_Behavioral_F25-54_300 x 50_Standard_NV_NA",204525579,10/6/2017,178,2,176,0,176,47,129,90,39,47,33,123
TJN_TJX_TJMaxx 2H DIG_FY18,xAd Inc.,PJPXJR_TJN_TJX_028_Mobile_GROUND TRUTH FKA XAD_DST_SV1_MAP_DIR_DSP_TRG_RON_RTG_RTG_DVY_PHASE 1_LOCATION AUDIENCE TJX SHOPPERS PLACEMENT - STANDARD BANNER - Fall Hero_Run of Network_Retarget_F25-54_300 x 250_Click and View_NV_NA,204442105,9/28/2017,21784,641,21143,20875,268,10,258,241,17,20885,19509,19750
TJN_TJX_TJMaxx 2H DIG_FY18,Viant,"PJNSHG_TJN_TJX_028_Data_VIANT INC_DSI_SV1_DSK_DIR_DSP_TRG_RON_BTG_CTG_DVY_PHASE 1_VIANT DIRECT MATCH RETAIL, COMPETITIVE CONQUESTING, DISPLAY_Fixed Placement_Behavioral_F25-54_728 x 90_Standard_NV_NA",204478490,9/25/2017,13316,568,12748,0,12748,805,11943,7558,4385,805,509,8067
TJN_TJX_TJMaxx 2H DIG_FY18,Hulu,PK3F7F_TJN_TJX_027_Content_HULU_BAF_BS2_DSK_DIR_CUS_SPN_CHS_CTG_CTG_DVY_HULU ROS: PREMIUM SLATE - DESKTOP_FEP_Contextual_F25-54_1920 x 1080_Standard_NV_NA,205683925,10/17/2017,25,0,25,25,0,0,0,0,0,25,17,17
TJN_TJX_TJMaxx 2H DIG_FY18,xAd Inc.,PJMTN0_TJN_TJX_028_Mobile_GROUND TRUTH FKA XAD_DST_SV1_MAP_DIR_DSP_TRG_RON_RTG_RTG_DVY_PHASE 1_LOCATION AUDIENCE TJX SHOPPERS PLACEMENT - STANDARD BANNER - Fall Handbag_Run of Network_Retarget_F25-54_300 x 250_Click and View_NV_NA,204447842,10/6/2017,12336,387,11949,11025,924,7,917,879,38,11032,10567,11446
TJN_TJX_TJMaxx 2H DIG_FY18,Viant,"PJNSH8_TJN_TJX_028_Data_VIANT INC_DSI_SV1_TWB_DIR_DSP_TRG_RON_BTG_CTG_DVY_PHASE 1_VIANT DIRECT MATCH RETAIL, COMPETITIVE CONQUESTING, DISPLAY_Fixed Placement_Behavioral_F25-54_728 x 90_Standard_NV_NA",204483019,10/6/2017,58,0,58,0,58,4,54,45,9,4,3,48
TJN_TJX_TJMaxx 2H DIG_FY18,Viant,PJPXKS_TJN_TJX_028_Data_VIANT INC_DSI_SV1_DSK_DIR_DSP_TRG_RON_BTG_CTG_DVY_PHASE 1_DESKTOP DISPLAY VIANT IMP TARGETING - STRATEGIC SAVERS AV_Fixed Placement_Demo_F25-54_160 x 600_Standard_NV_NA,204477475,9/25/2017,2904,195,2709,1,2708,410,2298,741,1557,411,133,874
TJN_TJX_TJMaxx 2H DIG_FY18,Foursquare,"PJPSSX_TJN_TJX_028_Audience_FOURSQUARE LABS, INC_DST_SV1_MAP_PRO_RCH_TRG_RON_PXT_BTG_DVY_PHASE 1_MOBILE RICH MEDIA TRENDSETTERS - Fall Handbag_Run of Network_Geo_F25-54_300 x 250_Standard_NV_NA",204525354,10/10/2017,3462,177,3285,1134,2151,131,2020,482,1538,1265,302,784
TJN_TJX_TJMaxx 2H DIG_FY18,Viant,PJPXKR_TJN_TJX_028_Data_VIANT INC_DSI_SV1_DSK_DIR_DSP_TRG_RON_BTG_CTG_DVY_PHASE 1_DESKTOP DISPLAY VIANT IMP TARGETING - STRATEGIC SAVERS AV_Fixed Placement_Demo_F25-54_300 x 250_Standard_NV_NA,204475841,10/17/2017,9455,2709,6746,11,6735,575,6160,2609,3551,586,248,2857
TJN_TJX_TJMaxx 2H DIG_FY18,xAd Inc.,PKF4G3_TJN_TJX_028_Mobile_GROUND TRUTH FKA XAD_DST_SV1_MAP_DIR_DSP_TRG_RON_BTG_BTG_DVY_PHASE 1_BEHAVIORAL AUDIENCE STRATEGIC SAVERS PLACEMENT - STANDARD BANNER - Find A Store V2_Run of Network_Behavioral_F25-54_320 x 50_Click and View_NV_NA,206772056,10/13/2017,2544,31,2513,460,2053,30,2023,1311,712,490,318,1629
TJN_TJX_TJMaxx 2H DIG_FY18,Viant,"PK2V4W_TJN_TJX_028_Data_VIANT INC_DSI_SV1_DSK_DIR_RCH_TRG_INT_BTG_CTG_DVY_PHASE 1_VIANT IMP, W25-54 STRATEGIC SAVERS, CONTOBOX - Fall Homes_Fixed Placement_Behavioral_F25-54_728 x 90_Click and View_NV_NA",205687309,10/3/2017,10933,110,10823,5,10818,762,10056,3602,6454,767,275,3877
TJN_TJX_TJMaxx 2H DIG_FY18,Viant,"PKGK24_TJN_TJX_028_Data_VIANT INC_DSI_SV1_TWB_DIR_RCH_TRG_INT_BTG_CTG_DVY_PHASE 1_VIANT IMP, W25-54 STRATEGIC SAVERS, CONTOBOX - Dresses_Fixed Placement_Behavioral_F25-54_300 x 250_Click and View_NV_NA",206833482,10/18/2017,10,6,4,1,3,1,2,2,0,2,2,4
TJN_TJX_TJMaxx 2H DIG_FY18,xAd Inc.,PJMTMZ_TJN_TJX_028_Mobile_GROUND TRUTH FKA XAD_DST_SV1_MAP_DIR_DSP_TRG_RON_RTG_RTG_DVY_PHASE 1_LOCATION AUDIENCE TJX SHOPPERS PLACEMENT - STANDARD BANNER - Maxx You Maxx Life_Run of Network_Retarget_F25-54_320 x 50_Click and View_NV_NA,204484011,10/6/2017,18297,352,17945,10305,7640,1977,5663,5378,285,12282,11231,16609
TJN_TJX_TJMaxx 2H DIG_FY18,Foursquare,"PJPRVH_TJN_TJX_028_Audience_FOURSQUARE LABS, INC_DST_SV1_MAP_PRO_DSP_TRG_RON_PXT_BTG_DVY_PHASE 1_PINPOINT COMPETITIVE CONQUESTING AV_Run of Network_Geo_F25-54_320 x 50_Standard_NV_NA",204478088,9/10/2017,1568,78,1490,1091,399,33,366,237,129,1124,728,965
TJN_MAR_023_Marshalls 2H Digital_F18,Bustle,PKLNMK_TJN_MAR_023_Content_BUSTLE_HPTO - Panoramic Unit 10/17_Run of Site_Contextual_F25-54_1 x 1_Click and View_NV_NA,207144356,10/16/2017,18,2,16,0,16,0,16,15,1,0,0,15
TJN_TJX_TJMaxx 2H DIG_FY18,Viant,"PJNSGW_TJN_TJX_028_Data_VIANT INC_DSI_SV1_DSK_DIR_DSP_TRG_RON_BTG_CTG_DVY_PHASE 1_VIANT DIRECT MATCH RETAIL, TJX PORFOLIO LOYALISTS, DISPLAY_Fixed Placement_Behavioral_F25-54_300 x 250_Standard_NV_NA",204478514,9/19/2017,9495,2301,7194,0,7194,503,6691,4468,2223,503,336,4804
TJN_TJX_TJMaxx 2H DIG_FY18,NBC Universal Media,PK3H7J_TJN_TJX_028_Content_NBCUNI.COM_BAF_BS2_DSK_DIR_DSP_SPN_HPT_CTG_CTG_DCM_100% SOV NBC THIS IS US ROADBLOCK 9/26 - 728X90 MOBILE_HP Takeover_Contextual_F25-54_728 x 90_Standard_NV_NA,205727727,9/29/2017,1,0,1,0,1,0,1,1,0,0,0,1
TJN_MAR_023_Marshalls 2H Digital_F18,NinthDecimal,PJPSRR_TJN_MAR_023_Mobile_NINTHDECIMAL_DST_SV1_MAP_DIR_RCH_TRG_RON_PXT_DMA_DVY_GEOFENCE: 2-MILE RADIUS AROUND URBAN STORES_Run of Network_Geo_F25-54_320 x 50_Click and View_NV_NA,204541523,10/15/2017,29556,734,28822,12390,16432,87,16345,15888,457,12477,12128,28016
TJN_TJX_TJMaxx 2H DIG_FY18,Viant,"PK2V4X_TJN_TJX_028_Data_VIANT INC_DSI_SV1_DSK_DIR_RCH_TRG_INT_BTG_CTG_DVY_PHASE 1_VIANT IMP, W25-54 STRATEGIC SAVERS, CONTOBOX - Fall Homes_Fixed Placement_Behavioral_F25-54_300 x 250_Click and View_NV_NA",205688458,10/16/2017,4125,75,4050,5,4045,606,3439,1468,1971,611,261,1729
TJN_MAR_023_Marshalls 2H Digital_F18,xAd Inc.,PJQ0YK_TJN_MAR_023_Mobile_GROUND TRUTH FKA XAD_DST_SV1_MAP_DIR_DSP_TRG_RON_BTG_PXT_DVY_MARSHALLS SHOPPERS - DYNAMIC DISTANCE_Run of Network_Geo_F25-54_300 x 250_Click and View_NV_NA,204543440,9/30/2017,2059,60,1999,1999,0,0,0,0,0,1999,1999,1999
TJN_TJX_TJMaxx 2H DIG_FY18,xAd Inc.,PJPXJZ_TJN_TJX_028_Mobile_GROUND TRUTH FKA XAD_DST_SV1_MAP_DIR_DSP_TRG_RON_BTG_BTG_DVY_PHASE 1_BEHAVIORAL AUDIENCE TRENDSETTERS PLACEMENT - STANDARD BANNER - Fall Hero_Run of Network_Behavioral_F25-54_300 x 250_Click and View_NV_NA,204446156,10/8/2017,7926,106,7820,7808,12,0,12,6,6,7808,3904,3910
TJN_TJX_TJMaxx 2H DIG_FY18,NBC Universal Media,PK3H7K_TJN_TJX_028_Content_NBCUNI.COM_BAF_BS2_DSK_DIR_DSP_SPN_HPT_CTG_CTG_DCM_100% SOV NBC THIS IS US ROADBLOCK 9/26 - 300X50 MOBILE_HP Takeover_Contextual_F25-54_300 x 50_Standard_NV_NA,205726845,9/27/2017,57373,616,56757,47,56710,4634,52076,39320,12756,4681,3534,42854
TJN_MAR_023_Marshalls 2H Digital_F18,xAd Inc.,PJQ0YS_TJN_MAR_023_Mobile_GROUND TRUTH FKA XAD_DST_SV1_MAP_DIR_DSP_TRG_RON_DMA_BTG_DVY_AV DMA TARGETING_Run of Network_Geo_F25-54_300 x 250_Click and View_NV_NA,204558337,10/17/2017,47105,1028,46077,21305,24772,493,24279,19858,4421,21798,17226,37084
TJN_TJX_TJMaxx 2H DIG_FY18,Viant,"PJNSGS_TJN_TJX_028_Data_VIANT INC_DSI_SV1_MWB_DIR_DSP_TRG_RON_BTG_CTG_DVY_PHASE 1_VIANT DIRECT MATCH RETAIL, TJX PORFOLIO LOYALISTS, DISPLAY_Fixed Placement_Behavioral_F25-54_320 x 50_Standard_NV_NA",204524922,10/1/2017,28948,267,28681,0,28681,1458,27223,23361,3862,1458,1251,24612
TJN_TJX_TJMaxx 2H DIG_FY18,Viant,"PJSPCF_TJN_TJC_031_Data_VIANT INC_PUR_ROI_DSK_DIR_DSP_TRG_RON_BTG_MKT_DVY_W25-54 + ONLINE SHOPPERS, CROSS DEVICE DISPLAY_Fixed Placement_Behavioral_F25-54_320 x 50_Click_NV_NA",204715639,10/4/2017,344,22,322,0,322,93,229,164,65,93,67,231
TJN_MAR_023_Marshalls 2H Digital_F18,xAd Inc.,PJQ0YG_TJN_MAR_023_Mobile_GROUND TRUTH FKA XAD_DST_SV1_MAP_DIR_DSP_TRG_RON_BTG_DMA_DVY_BEHAVIORAL - FASHION SHOPPER - DYNAMIC DISTANCE_Run of Network_Behavioral_F25-54_320 x 50_Click and View_NV_NA,204557581,9/30/2017,21133,341,20792,19256,1536,79,1457,1184,273,19335,15106,16290
TJN_MAR_023_Marshalls 2H Digital_F18,xAd Inc.,PJQ0YQ_TJN_MAR_023_Mobile_GROUND TRUTH FKA XAD_DST_SV1_MAP_DIR_DSP_TRG_RON_PXT_BTG_DVY_GEOBLOCKS CONQUESTING - DYNAMIC DISTANCE_Run of Network_Geo_F25-54_320 x 50_Click and View_NV_NA,204595632,10/11/2017,11370,257,11113,8315,2798,1507,1291,832,459,9822,6330,7162
TJN_TJX_TJMaxx 2H DIG_FY18,Foursquare,"PK0H80_TJN_TJX_028_Audience_FOURSQUARE LABS, INC_DST_SV1_MAP_PRO_RCH_TRG_RON_PXT_BTG_DVY_PHASE 1_MOBILE RICH MEDIA STRATEGIC SAVERS - Find A Store_Run of Network_Geo_F25-54_320 x 50_Standard_NV_NA",205394974,10/15/2017,31039,327,30712,7139,23573,1571,22002,12331,9671,8710,4882,17213
TJN_TJX_TJMaxx 2H DIG_FY18,Viant,"PJNSGS_TJN_TJX_028_Data_VIANT INC_DSI_SV1_MWB_DIR_DSP_TRG_RON_BTG_CTG_DVY_PHASE 1_VIANT DIRECT MATCH RETAIL, TJX PORFOLIO LOYALISTS, DISPLAY_Fixed Placement_Behavioral_F25-54_320 x 50_Standard_NV_NA",204524922,9/23/2017,19289,304,18985,3,18982,992,17990,13670,4320,995,756,14426
TJN_TJX_TJMaxx 2H DIG_FY18,Viant,"PK2X7J_TJN_TJX_028_Data_VIANT INC_DSI_SV1_MWB_DIR_RCH_TRG_INT_BTG_CTG_DVY_PHASE 1_VIANT IMP, W25-54 STRATEGIC SAVERS, CONTOBOX - Honeycomb_Fixed Placement_Behavioral_F25-54_300 x 250_Click and View_NV_NA",205688479,10/16/2017,486,12,474,18,456,28,428,224,204,46,24,248
TJN_MAR_023_Marshalls 2H Digital_F18,xAd Inc.,PJQ0YQ_TJN_MAR_023_Mobile_GROUND TRUTH FKA XAD_DST_SV1_MAP_DIR_DSP_TRG_RON_PXT_BTG_DVY_GEOBLOCKS CONQUESTING - DYNAMIC DISTANCE_Run of Network_Geo_F25-54_320 x 50_Click and View_NV_NA,204595632,10/6/2017,9161,209,8952,6465,2487,40,2447,989,1458,6505,2629,3618
TJN_MAR_023_Marshalls 2H Digital_F18,NinthDecimal,PJPSS0_TJN_MAR_023_Mobile_NINTHDECIMAL_DST_SV1_MAP_DIR_RCH_TRG_RON_BTG_DMA_DVY_3RD PARTY: SURPRISE CHOOSERS_Run of Network_Behavioral_F25-54_320 x 50_Click and View_NV_NA,204595875,10/19/2017,82417,1078,81339,18455,62884,435,62449,60197,2252,18890,18209,78406
TJN_TJX_TJMaxx 2H DIG_FY18,Foursquare,"PKFMJQ_TJN_TJX_028_Audience_FOURSQUARE LABS, INC_DST_SV1_MAP_PRO_RCH_TRG_RON_PXT_BTG_DVY_PHASE 1_MOBILE RICH MEDIA COMPETITIVE CONQUESTING - Dresses_Run of Network_Geo_F25-54_300 x 250_Standard_NV_NA",206834001,10/17/2017,1562,25,1537,521,1016,76,940,265,675,597,168,433
TJN_MAR_023_Marshalls 2H Digital_F18,Bustle,PKGB7T_TJN_MAR_023_Content_BUSTLE_Custom Content Roadblock Custom Shot Feature 1 - 300x250_Roadblock_Contextual_F25-54_300 x 250_Click and View_NV_NA,206751412,10/14/2017,787,9,778,0,778,719,59,27,32,719,329,356
TJN_TJX_TJMaxx 2H DIG_FY18,Viant,"PJNSGS_TJN_TJX_028_Data_VIANT INC_DSI_SV1_MWB_DIR_DSP_TRG_RON_BTG_CTG_DVY_PHASE 1_VIANT DIRECT MATCH RETAIL, TJX PORFOLIO LOYALISTS, DISPLAY_Fixed Placement_Behavioral_F25-54_320 x 50_Standard_NV_NA",204524922,10/2/2017,28818,284,28534,8,28526,1354,27172,21343,5829,1362,1070,22413
TJN_TJX_TJMaxx 2H DIG_FY18,Viant,"PJSPBV_TJN_TJC_031_Data_VIANT INC_PUR_ROI_MWB_DIR_DSP_TRG_RON_BTG_MKT_DVY_DETERMINSTIC LAL OF ECOM CONVERTERS, CROSS DEVICE DISPLAY_Fixed Placement_Behavioral_F25-54_160 x 600_Click_NV_NA",204733791,10/9/2017,11238,1100,10138,1,10137,337,9800,6306,3494,338,217,6523
TJN_TJX_TJMaxx 2H DIG_FY18,Foursquare,"PJPRQJ_TJN_TJX_028_Audience_FOURSQUARE LABS, INC_DST_SV1_MAP_PRO_DSP_TRG_RON_PXT_BTG_DVY_PHASE 1_PINPOINT STRATEGIC SAVERS AV_Run of Network_Geo_F25-54_320 x 50_Standard_NV_NA",204525369,10/4/2017,3235,44,3191,573,2618,115,2503,1925,578,688,529,2454
TJN_TJX_TJMaxx 2H DIG_FY18,Viant,"PK2X7H_TJN_TJX_028_Data_VIANT INC_DSI_SV1_MWB_DIR_RCH_TRG_INT_BTG_CTG_DVY_PHASE 1_VIANT IMP, W25-54 STRATEGIC SAVERS, CONTOBOX - Honeycomb_Fixed Placement_Behavioral_F25-54_320 x 50_Click and View_NV_NA",205725975,9/28/2017,13,5,8,3,5,1,4,4,0,4,4,8
TJN_TJX_TJMaxx 2H DIG_FY18,Viant,"PJNSH7_TJN_TJX_028_Data_VIANT INC_DSI_SV1_MWB_DIR_DSP_TRG_RON_BTG_CTG_DVY_PHASE 1_VIANT DIRECT MATCH RETAIL, COMPETITIVE CONQUESTING, DISPLAY_Fixed Placement_Behavioral_F25-54_320 x 50_Standard_NV_NA",204477565,10/5/2017,2016,201,1815,0,1815,274,1541,1209,332,274,215,1424
TJN_TJX_TJMaxx 2H DIG_FY18,xAd Inc.,PJMTMZ_TJN_TJX_028_Mobile_GROUND TRUTH FKA XAD_DST_SV1_MAP_DIR_DSP_TRG_RON_RTG_RTG_DVY_PHASE 1_LOCATION AUDIENCE TJX SHOPPERS PLACEMENT - STANDARD BANNER - Maxx You Maxx Life_Run of Network_Retarget_F25-54_320 x 50_Click and View_NV_NA,204484011,10/11/2017,10681,87,10594,4326,6268,64,6204,5021,1183,4390,3553,8574
TJN_TJX_TJMaxx 2H DIG_FY18,PlaceIQ,PK19YZ_TJN_TJX_028_Mobile_PLACEIQ INC_DST_SV1_MAP_DIR_RCH_TRG_RON_BTG_PTG_DVY_PHASE 1_RICH MEDIA_STRATEGIC SAVERS_INFORMER CONSUMER SHOPPERS+TOP TIER APPAREL SHOPPER_Run of Network_Behavioral_F25-54_320 x 50_Click and View_NV_NA,205563548,10/16/2017,30620,1029,29591,7732,21859,824,21035,20736,299,8556,8434,29170
TJN_MAR_023_Marshalls 2H Digital_F18,xAd Inc.,PJQ0Y7_TJN_MAR_023_Mobile_GROUND TRUTH FKA XAD_DST_SV1_MAP_DIR_DSP_TRG_RON_PXT_BTG_DVY_PROXIMITY LOYALTY - DYNAMIC DISTANCE_Run of Network_Geo_F25-54_300 x 250_Click and View_NV_NA,204541754,9/12/2017,61196,3627,57569,57463,106,5,101,66,35,57468,37095,37161
TJN_TJX_TJMaxx 2H DIG_FY18,Viant,"PJNSGW_TJN_TJX_028_Data_VIANT INC_DSI_SV1_DSK_DIR_DSP_TRG_RON_BTG_CTG_DVY_PHASE 1_VIANT DIRECT MATCH RETAIL, TJX PORFOLIO LOYALISTS, DISPLAY_Fixed Placement_Behavioral_F25-54_300 x 250_Standard_NV_NA",204478514,9/13/2017,800,34,766,0,766,71,695,502,193,71,51,553
TJN_TJX_TJMaxx 2H DIG_FY18,Viant,"PJNSHF_TJN_TJX_028_Data_VIANT INC_DSI_SV1_MWB_DIR_DSP_TRG_RON_BTG_CTG_DVY_PHASE 1_VIANT DIRECT MATCH RETAIL, COMPETITIVE CONQUESTING, DISPLAY_Fixed Placement_Behavioral_F25-54_300 x 250_Standard_NV_NA",204483016,9/12/2017,2,0,2,0,2,0,2,2,0,0,0,2
TJN_TJX_TJMaxx 2H DIG_FY18,Foursquare,"PJPST0_TJN_TJX_028_Audience_FOURSQUARE LABS, INC_DST_SV1_MAP_PRO_RCH_TRG_RON_PXT_BTG_DVY_PHASE 1_MOBILE RICH MEDIA COMPETITIVE CONQUESTING - Find A TJ Maxx Store_Run of Network_Geo_F25-54_320 x 50_Standard_NV_NA",204525348,10/15/2017,16946,280,16666,11048,5618,311,5307,3635,1672,11359,7780,11415
TJN_TJX_TJMaxx 2H DIG_FY18,xAd Inc.,PJMTN0_TJN_TJX_028_Mobile_GROUND TRUTH FKA XAD_DST_SV1_MAP_DIR_DSP_TRG_RON_RTG_RTG_DVY_PHASE 1_LOCATION AUDIENCE TJX SHOPPERS PLACEMENT - STANDARD BANNER - Fall Handbag_Run of Network_Retarget_F25-54_300 x 250_Click and View_NV_NA,204447842,10/11/2017,8004,207,7797,7759,38,2,36,31,5,7761,6683,6714
TJN_TJX_TJMaxx 2H DIG_FY18,NBC Universal Media,PK3H78_TJN_TJX_028_Content_NBCUNI.COM_BAF_BS2_DSK_DIR_DSP_SPN_HPT_CTG_CTG_DCM_100% SOV NBC HOMEPAGE ROADBLOCK 9/26 - 728X90 MOBILE_HP Takeover_Contextual_F25-54_728 x 90_Standard_NV_NA,205634573,9/30/2017,1,0,1,0,1,0,1,1,0,0,0,1
TJN_TJX_TJMaxx 2H DIG_FY18,Viant,"PJNSGW_TJN_TJX_028_Data_VIANT INC_DSI_SV1_DSK_DIR_DSP_TRG_RON_BTG_CTG_DVY_PHASE 1_VIANT DIRECT MATCH RETAIL, TJX PORFOLIO LOYALISTS, DISPLAY_Fixed Placement_Behavioral_F25-54_300 x 250_Standard_NV_NA",204478514,10/13/2017,11387,372,11015,0,11015,372,10643,6374,4269,372,223,6597
TJN_TJX_TJMaxx 2H DIG_FY18,Conversant Inc.,PJNPMG_TJN_TJC_031_Audience_CONVERSANT_PUR_ROI_DSK_NET_DSP_TRG_RON_BTG_BTG_DVY_DESKTOP WIDE SKYSCRAPER- STRATEGIC SAVERS_Run of Site_Other_P18+_160 x 600_Standard_NV_NA,204443410,10/5/2017,3806,179,3627,0,3627,756,2871,680,2191,756,179,859
TJN_TJX_TJMaxx 2H DIG_FY18,Viant,"PJSPBW_TJN_TJC_031_Data_VIANT INC_PUR_ROI_MWB_DIR_DSP_TRG_RON_BTG_MKT_DVY_DETERMINSTIC LAL OF ECOM CONVERTERS, CROSS DEVICE DISPLAY_Fixed Placement_Behavioral_F25-54_300 x 50_Click_NV_NA",204733524,10/16/2017,6619,109,6510,0,6510,693,5817,4145,1672,693,494,4639
TJN_TJX_TJMaxx 2H DIG_FY18,Viant,"PJNSHD_TJN_TJX_028_Data_VIANT INC_DSI_SV1_DSK_DIR_DSP_TRG_RON_BTG_CTG_DVY_PHASE 1_VIANT DIRECT MATCH RETAIL, COMPETITIVE CONQUESTING, DISPLAY_Fixed Placement_Behavioral_F25-54_160 x 600_Standard_NV_NA",204477281,9/16/2017,71,3,68,0,68,0,68,45,23,0,0,45
TJN_TJX_TJMaxx 2H DIG_FY18,NBC Universal Media,PK3H7R_TJN_TJX_028_Content_NBCUNI.COM_BAF_BS2_DSK_DIR_DSP_SPN_HPT_CTG_CTG_DCM_100% SOV NBC THIS IS US ROADBLOCK 10/17 - 300X50 MOBILE_HP Takeover_Contextual_F25-54_300 x 50_Standard_NV_NA,205726857,10/18/2017,3418,36,3382,1,3381,242,3139,2385,754,243,185,2570
TJN_TJX_TJMaxx 2H DIG_FY18,Conversant Inc.,PJNPMF_TJN_TJC_031_Audience_CONVERSANT_PUR_ROI_DSK_NET_DSP_TRG_RON_BTG_BTG_DVY_DESKTOP RECTANGLE- STRATEGIC SAVERS_Run of Site_Other_P18+_300 x 600_Standard_NV_NA,204442069,9/29/2017,6,0,6,0,6,0,6,1,5,0,0,1
TJN_MAR_023_Marshalls 2H Digital_F18,xAd Inc.,PJQ0YH_TJN_MAR_023_Mobile_GROUND TRUTH FKA XAD_DST_SV1_MAP_DIR_DSP_TRG_RON_BTG_DMA_DVY_BEHAVIORAL - FASHION SHOPPER - DYNAMIC DISTANCE_Run of Network_Behavioral_F25-54_300 x 250_Click and View_NV_NA,204543443,10/18/2017,61865,1570,60295,60295,0,0,0,0,0,60295,54074,54074
TJN_TJX_TJMaxx 2H DIG_FY18,Foursquare,"PK0H84_TJN_TJX_028_Audience_FOURSQUARE LABS, INC_DST_SV1_MAP_PRO_RCH_TRG_RON_PXT_BTG_DVY_PHASE 1_MOBILE RICH MEDIA COMPETITIVE CONQUESTING - Find A Store_Run of Network_Geo_F25-54_320 x 50_Standard_NV_NA",205427847,10/15/2017,28772,391,28381,21285,7096,361,6735,4585,2150,21646,14736,19321
TJN_TJX_TJMaxx 2H DIG_FY18,Viant,"PJNSHD_TJN_TJX_028_Data_VIANT INC_DSI_SV1_DSK_DIR_DSP_TRG_RON_BTG_CTG_DVY_PHASE 1_VIANT DIRECT MATCH RETAIL, COMPETITIVE CONQUESTING, DISPLAY_Fixed Placement_Behavioral_F25-54_160 x 600_Standard_NV_NA",204477281,10/13/2017,8872,595,8277,0,8277,542,7735,5192,2543,542,364,5556
TJN_MAR_023_Marshalls 2H Digital_F18,xAd Inc.,PJQ0YM_TJN_MAR_023_Mobile_GROUND TRUTH FKA XAD_DST_SV1_MAP_DIR_DSP_TRG_RON_BTG_PXT_DVY_COMPETITOR SHOPPERS - DYNAMIC DISTANCE_Run of Network_Geo_F25-54_300 x 250_Click and View_NV_NA,204555259,9/8/2017,3537,45,3492,3492,0,0,0,0,0,3492,3492,3492
TJN_TJX_TJMaxx 2H DIG_FY18,Viant,"PKGJ4T_TJN_TJC_031_Data_VIANT INC_PUR_ROI_DSK_DIR_CUS_TRG_NAT_BTG_MKT_DVY_W25-54 + KEYWORD TARGETING, CROSS DEVICE NATIVE - Booties_Fixed Placement_Contextual_F25-54_1 x 1_Click_NV_NA",206771945,10/18/2017,5068,261,4807,4807,0,0,0,0,0,4807,3705,3705
TJN_TJX_TJMaxx 2H DIG_FY18,Viant,"PJNSH6_TJN_TJX_028_Data_VIANT INC_DSI_SV1_TWB_DIR_DSP_TRG_RON_BTG_CTG_DVY_PHASE 1_VIANT DIRECT MATCH RETAIL, COMPETITIVE CONQUESTING, DISPLAY_Fixed Placement_Behavioral_F25-54_160 x 600_Standard_NV_NA",204483604,9/7/2017,448,80,368,0,368,164,204,110,94,164,88,198
TJN_TJX_TJMaxx 2H DIG_FY18,Viant,PJPXKR_TJN_TJX_028_Data_VIANT INC_DSI_SV1_DSK_DIR_DSP_TRG_RON_BTG_CTG_DVY_PHASE 1_DESKTOP DISPLAY VIANT IMP TARGETING - STRATEGIC SAVERS AV_Fixed Placement_Demo_F25-54_300 x 250_Standard_NV_NA,204475841,10/5/2017,607,197,410,0,410,50,360,139,221,50,19,158
TJN_TJX_TJMaxx 2H DIG_FY18,xAd Inc.,PKF4PH_TJN_TJX_028_Mobile_GROUND TRUTH FKA XAD_DST_SV1_MAP_DIR_RCH_TRG_RON_BTG_BTG_DVY_PHASE 1_BEHAVIORAL AUDIENCE TRENDSETTERS PLACEMENT - RICH MEDIA STORE LOCATOR - Find A Store V2_Run of Network_Behavioral_F25-54_320 x 50_Click and View_NV_NA,206812750,10/19/2017,1869,17,1852,407,1445,36,1409,1169,240,443,368,1537
TJN_TJX_TJMaxx 2H DIG_FY18,Viant,"PJNSGW_TJN_TJX_028_Data_VIANT INC_DSI_SV1_DSK_DIR_DSP_TRG_RON_BTG_CTG_DVY_PHASE 1_VIANT DIRECT MATCH RETAIL, TJX PORFOLIO LOYALISTS, DISPLAY_Fixed Placement_Behavioral_F25-54_300 x 250_Standard_NV_NA",204478514,9/16/2017,95,10,85,0,85,3,82,57,25,3,2,59
TJN_TJX_TJMaxx 2H DIG_FY18,Conversant Inc.,PJNPLZ_TJN_TJX_028_Audience_CONVERSANT_DST_SV1_MAP_NET_DSP_TRG_RON_BTG_BTG_DVY_PHASE 1_ SMARTPHONE SMALL BANNER  - CJ CONVERTERS LAL MODELING_Run of Site_Behavioral_P18+_320 x 50_Standard_NV_NA,204442891,10/15/2017,116789,1437,115352,332,115020,15426,99594,59357,40237,15758,9392,68749
TJN_TJX_TJMaxx 2H DIG_FY18,Foursquare,"PJYHWD_TJN_TJX_028_Audience_FOURSQUARE LABS, INC_DST_SV1_MAP_PRO_DSP_TRG_RON_PXT_BTG_DVY_PHASE 1_PINPOINT COMPETITIVE CONQUESTING_Run of Network_Geo_F25-54_300 x 250_Standard_NV_NA",205235284,9/25/2017,8201,789,7412,3582,3830,227,3603,2010,1593,3809,2125,4135
TJN_TJX_TJMaxx 2H DIG_FY18,Hulu,PK3F7L_TJN_TJX_027_Content_HULU_BAF_BS2_CTV_DIR_CUS_SPN_CHS_CTG_CTG_DVY_HULU ROS: PREMIUM SLATE - CONNECTED TV_FEP_Contextual_F25-54_1920 x 1080_Standard_NV_NA,205685923,10/11/2017,5004,15,4989,4989,0,0,0,0,0,4989,3255,3255
TJN_TJX_TJMaxx 2H DIG_FY18,Conversant Inc.,PJPTMN_TJN_TJC_031_Audience_CONVERSANT_PUR_ROI_MAP_NET_DSP_TRG_RON_BTG_BTG_DVY_SMARTPHONE MEDIUM RECTANGLE - COMPETITIVE CONQUESTING_Run of Site_Other_P18+_300 x 250_Standard_NV_NA,204447221,10/9/2017,8917,51,8866,0,8866,1375,7491,3879,3612,1375,712,4591
TJN_TJX_TJMaxx 2H DIG_FY18,xAd Inc.,PJMTN4_TJN_TJX_028_Mobile_GROUND TRUTH FKA XAD_DST_SV1_MAP_DIR_RCH_TRG_RON_BTG_BTG_DVY_PHASE 1_BEHAVIORAL AUDIENCE TRENDSETTERS PLACEMENT - RICH MEDIA STORE LOCATOR - Fall Handbag_Run of Network_Behavioral_F25-54_300 x 250_Click and View_NV_NA,204447281,9/23/2017,3023,39,2984,131,2853,13,2840,2660,180,144,135,2795
TJN_TJX_TJMaxx 2H DIG_FY18,xAd Inc.,PJMTN1_TJN_TJX_028_Mobile_GROUND TRUTH FKA XAD_DST_SV1_MAP_DIR_DSP_TRG_RON_DMA_DMA_DVY_PHASE 1_ADDED VALUE DMA TARGETING STANDALONE: STANDARD BANNER - Maxx You Maxx Life_Run of Network_Geo_F25-54_320 x 50_Click and View_NV_NA,204443461,9/30/2017,55587,883,54704,16126,38578,377,38201,31769,6432,16503,13724,45493
TJN_TJX_TJMaxx 2H DIG_FY18,Viant,"PJNSHD_TJN_TJX_028_Data_VIANT INC_DSI_SV1_DSK_DIR_DSP_TRG_RON_BTG_CTG_DVY_PHASE 1_VIANT DIRECT MATCH RETAIL, COMPETITIVE CONQUESTING, DISPLAY_Fixed Placement_Behavioral_F25-54_160 x 600_Standard_NV_NA",204477281,9/13/2017,218,3,215,0,215,20,195,135,60,20,14,149
TJN_TJX_TJMaxx 2H DIG_FY18,Foursquare,"PJPRV8_TJN_TJX_028_Audience_FOURSQUARE LABS, INC_DST_SV1_MAP_PRO_DSP_TRG_RON_PXT_BTG_DVY_PHASE 1_PINPOINT TRENDSETTERS AV_Run of Network_Geo_F25-54_300 x 250_Standard_NV_NA",204527100,10/11/2017,89,2,87,26,61,4,57,32,25,30,17,49
TJN_TJX_TJMaxx 2H DIG_FY18,xAd Inc.,PJMTNR_TJN_TJX_028_Mobile_GROUND TRUTH FKA XAD_DST_SV1_MAP_DIR_RCH_TRG_RON_BTG_BTG_DVY_PHASE 1_BEHAVIORAL AUDIENCE STRATEGIC SAVERS PLACEMENT - RICH MEDIA STORE LOCATOR - Fall Handbag_Run of Network_Behavioral_F25-54_300 x 250_Click and View_NV_NA,204442108,10/16/2017,1537,30,1507,824,683,27,656,320,336,851,415,735
TJN_MAR_023_Marshalls 2H Digital_F18,xAd Inc.,PJQ0YS_TJN_MAR_023_Mobile_GROUND TRUTH FKA XAD_DST_SV1_MAP_DIR_DSP_TRG_RON_DMA_BTG_DVY_AV DMA TARGETING_Run of Network_Geo_F25-54_300 x 250_Click and View_NV_NA,204558337,10/5/2017,82262,1339,80923,52576,28347,689,27658,21663,5995,53265,39379,61042
TJN_TJX_TJMaxx 2H DIG_FY18,Foursquare,"PJPRVC_TJN_TJX_028_Audience_FOURSQUARE LABS, INC_DST_SV1_MAP_PRO_DSP_TRG_RON_PXT_BTG_DVY_PHASE 1_PINPOINT TRENDSETTERS AV_Run of Network_Geo_F25-54_320 x 50_Standard_NV_NA",204527421,9/15/2017,2716,312,2404,915,1489,51,1438,1083,355,966,728,1811
TJN_TJX_TJMaxx 2H DIG_FY18,PlaceIQ,PKFS8T_TJN_TJX_028_Mobile_PLACEIQ INC_DST_SV1_MAP_DIR_DSP_TRG_RON_BTG_PTG_DVY_PHASE 1_STANDARD BANNER_TRENDSETTERS_ONLINE SHOPPER+TJMAXX SHOPPERS - Find a Store V2_Run of Network_Behavioral_F25-54_320 x 50_Click and View_NV_NA,206833467,10/20/2017,5151,164,4987,2873,2114,20,2094,2060,34,2893,2846,4906
TJN_TJX_TJMaxx 2H DIG_FY18,Conversant Inc.,PJNPLV_TJN_TJX_028_Audience_CONVERSANT_DST_SV1_DSK_NET_DSP_TRG_RON_BTG_BTG_DVY_PHASE 1_ DESKTOP LEADERBOARD - CJ CONVERTERS LAL MODELING_Run of Site_Behavioral_P18+_728 x 90_Standard_NV_NA,204483933,10/2/2017,1356,79,1277,0,1277,264,1013,333,680,264,87,420
TJN_MAR_023_Marshalls 2H Digital_F18,Bustle,PK5G42_TJN_MAR_023_Content_BUSTLE_Custom Content Roadblock Standard Feature 1 - 300x250_Roadblock_Contextual_F25-54_300 x 250_Click and View_NV_NA,206309158,10/14/2017,1200,22,1178,0,1178,20,1158,1027,131,20,18,1045
TJN_MAR_023_Marshalls 2H Digital_F18,NinthDecimal,PJPSS0_TJN_MAR_023_Mobile_NINTHDECIMAL_DST_SV1_MAP_DIR_RCH_TRG_RON_BTG_DMA_DVY_3RD PARTY: SURPRISE CHOOSERS_Run of Network_Behavioral_F25-54_320 x 50_Click and View_NV_NA,204595875,9/11/2017,5598,96,5502,1051,4451,41,4410,4270,140,1092,1057,5327
TJN_MAR_023_Marshalls 2H Digital_F18,Bustle,PK5G43_TJN_MAR_023_Content_BUSTLE_RON - Bustle & Elite Daily - Panoramic Unit_Run of Network_Contextual_F25-54_1 x 1_Click and View_NV_NA,206309983,10/17/2017,100118,2147,97971,1919,96052,87788,8264,3064,5200,89707,33260,36324
TJN_MAR_023_Marshalls 2H Digital_F18,xAd Inc.,PJQ0YD_TJN_MAR_023_Mobile_GROUND TRUTH FKA XAD_DST_SV1_MAP_DIR_RCH_TRG_RON_WEA_PXT_DVY_PROXIMITY CONQUESTING - WEATHER LOCATOR UNIT_Run of Network_Weather_F25-54_320 x 50_Click and View_NV_NA,204541553,10/15/2017,10877,201,10676,5631,5045,88,4957,4600,357,5719,5307,9907
TJN_TJX_TJMaxx 2H DIG_FY18,Foursquare,"PJPRQH_TJN_TJX_028_Audience_FOURSQUARE LABS, INC_DST_SV1_MAP_PRO_DSP_TRG_RON_PXT_BTG_DVY_PHASE 1_PINPOINT STRATEGIC SAVERS AV_Run of Network_Geo_F25-54_300 x 250_Standard_NV_NA",204481807,10/7/2017,115,6,109,42,67,6,61,30,31,48,24,54
TJN_TJX_TJMaxx 2H DIG_FY18,Foursquare,"PJPSSV_TJN_TJX_028_Audience_FOURSQUARE LABS, INC_DST_SV1_MAP_PRO_RCH_TRG_RON_PXT_BTG_DVY_PHASE 1_MOBILE RICH MEDIA STRATEGIC SAVERS - Fall Handbag_Run of Network_Geo_F25-54_300 x 250_Standard_NV_NA",204525360,10/3/2017,14412,955,13457,5906,7551,381,7170,1772,5398,6287,1554,3326
TJN_TJX_TJMaxx 2H DIG_FY18,xAd Inc.,PJYDBV_TJN_TJX_028_Mobile_GROUND TRUTH FKA XAD_DST_SV1_MAP_DIR_RCH_TRG_RON_BTG_BTG_DVY_PHASE 1_BEHAVIORAL AUDIENCE STRATEGIC SAVERS PLACEMENT - RICH MEDIA STORE LOCATOR - Maxx You Maxx Life_Run of Network_Behavioral_F25-54_320 x 50_Click and View_NV_NA,205148243,10/12/2017,6983,102,6881,2870,4011,154,3857,3142,715,3024,2463,5605
TJN_TJX_TJMaxx 2H DIG_FY18,Foursquare,"PJPRVH_TJN_TJX_028_Audience_FOURSQUARE LABS, INC_DST_SV1_MAP_PRO_DSP_TRG_RON_PXT_BTG_DVY_PHASE 1_PINPOINT COMPETITIVE CONQUESTING AV_Run of Network_Geo_F25-54_320 x 50_Standard_NV_NA",204478088,9/29/2017,2641,62,2579,1481,1098,41,1057,870,187,1522,1253,2123
TJN_TJX_TJMaxx 2H DIG_FY18,Viant,"PJNSGM_TJN_TJX_028_Data_VIANT INC_DSI_SV1_TWB_DIR_DSP_TRG_RON_BTG_CTG_DVY_PHASE 1_VIANT DIRECT MATCH RETAIL, TJX PORFOLIO LOYALISTS, DISPLAY_Fixed Placement_Behavioral_F25-54_728 x 90_Standard_NV_NA",204526722,9/17/2017,9132,1443,7689,0,7689,601,7088,5561,1527,601,472,6033
TJN_TJX_TJMaxx 2H DIG_FY18,Conversant Inc.,PJPWPH_TJN_TJX_028_Audience_CONVERSANT_DST_SV1_MAP_NET_DSP_TRG_RON_BTG_BTG_DVY_PHASE 1_ SMARTPHONE MEDIUM RECTANGLE  - CONVERSANT SHOPPERS AV_Run of Site_Behavioral_P18+_300 x 250_Standard_NV_NA,204442060,10/18/2017,1263,22,1241,0,1241,200,1041,533,508,200,102,635
TJN_TJX_TJMaxx 2H DIG_FY18,Viant,"PKGK06_TJN_TJX_028_Data_VIANT INC_DSI_SV1_TWB_DIR_RCH_TRG_INT_BTG_CTG_DVY_PHASE 1_VIANT IMP, W25-54 STRATEGIC SAVERS, CONTOBOX - Booties_Fixed Placement_Behavioral_F25-54_728 x 90_Click and View_NV_NA",206772470,10/19/2017,1,0,1,0,1,0,1,0,1,0,0,0
TJN_TJX_TJMaxx 2H DIG_FY18,Hulu,PK3CXL_TJN_TJX_027_Content_HULU_BAF_BS2_TAP_DIR_CUS_SPN_CHS_CTG_CTG_DVY_FALL TV SPONSORSHIP: PREMIUM SLATE - TABLET IN APP_FEP_Contextual_F25-54_1920 x 1080_Standard_NV_NA,205726818,10/19/2017,3,0,3,3,0,0,0,0,0,3,2,2
TJN_TJX_TJMaxx 2H DIG_FY18,Foursquare,"PJPRQH_TJN_TJX_028_Audience_FOURSQUARE LABS, INC_DST_SV1_MAP_PRO_DSP_TRG_RON_PXT_BTG_DVY_PHASE 1_PINPOINT STRATEGIC SAVERS AV_Run of Network_Geo_F25-54_300 x 250_Standard_NV_NA",204481807,9/8/2017,765,23,742,87,655,66,589,157,432,153,41,198
TJN_MAR_023_Marshalls 2H Digital_F18,NinthDecimal,PJPSRT_TJN_MAR_023_Mobile_NINTHDECIMAL_DST_SV1_MAP_DIR_RCH_TRG_RON_PXT_DMA_DVY_GEOFENCE: 15-20-MILE RADIUS AROUND RURAL STORES_Run of Network_Geo_F25-54_320 x 50_Click and View_NV_NA,204542885,10/21/2017,47698,782,46916,19804,27112,169,26943,26332,611,19973,19520,45852
TJN_TJX_TJMaxx 2H DIG_FY18,Viant,"PJNSHD_TJN_TJX_028_Data_VIANT INC_DSI_SV1_DSK_DIR_DSP_TRG_RON_BTG_CTG_DVY_PHASE 1_VIANT DIRECT MATCH RETAIL, COMPETITIVE CONQUESTING, DISPLAY_Fixed Placement_Behavioral_F25-54_160 x 600_Standard_NV_NA",204477281,9/19/2017,6060,224,5836,0,5836,356,5480,2296,3184,356,149,2445
TJN_TJX_TJMaxx 2H DIG_FY18,Conversant Inc.,PJPWPG_TJN_TJX_028_Audience_CONVERSANT_DST_SV1_TAP_NET_DSP_TRG_RON_BTG_BTG_DVY_PHASE 1_ TABLET MEDIUM RECTANGLE  - CONVERSANT SHOPPERS AV_Run of Site_Behavioral_P18+_300 x 250_Standard_NV_NA,204446129,10/3/2017,319,1,318,0,318,55,263,113,150,55,24,137
TJN_MAR_023_Marshalls 2H Digital_F18,NinthDecimal,PJPSRT_TJN_MAR_023_Mobile_NINTHDECIMAL_DST_SV1_MAP_DIR_RCH_TRG_RON_PXT_DMA_DVY_GEOFENCE: 15-20-MILE RADIUS AROUND RURAL STORES_Run of Network_Geo_F25-54_320 x 50_Click and View_NV_NA,204542885,9/9/2017,16707,316,16391,6031,10360,33,10327,10108,219,6064,5935,16043
TJN_TJX_TJMaxx 2H DIG_FY18,xAd Inc.,PJPXJQ_TJN_TJX_028_Mobile_GROUND TRUTH FKA XAD_DST_SV1_MAP_DIR_DSP_TRG_RON_RTG_RTG_DVY_PHASE 1_LOCATION AUDIENCE TJX SHOPPERS PLACEMENT - STANDARD BANNER - TJMaxx_Run of Network_Retarget_F25-54_320 x 50_Click and View_NV_NA,204447839,9/15/2017,38040,464,37576,9999,27577,18085,9492,7625,1867,28084,21973,29598
TJN_TJX_TJMaxx 2H DIG_FY18,Conversant Inc.,PJPTLL_TJN_TJC_031_Audience_CONVERSANT_PUR_ROI_DSK_NET_DSP_TRG_RON_BTG_BTG_DVY_DESKTOP WIDE SKYSCRAPER- TRENDSETTERS_Run of Site_Other_P18+_160 x 600_Standard_NV_NA,204447269,10/15/2017,17638,4354,13284,1,13283,1002,12281,8261,4020,1003,675,8936
TJN_MAR_023_Marshalls 2H Digital_F18,xAd Inc.,PJQ0YB_TJN_MAR_023_Mobile_GROUND TRUTH FKA XAD_DST_SV1_MAP_DIR_DSP_TRG_RON_PXT_BTG_DVY_PROXIMITY CONQUESTING - DYNAMIC DISTANCE_Run of Network_Geo_F25-54_320 x 50_Click and View_NV_NA,204541799,9/12/2017,50015,679,49336,41353,7983,2028,5955,5180,775,43381,20052,25232
TJN_MAR_023_Marshalls 2H Digital_F18,xAd Inc.,PJQ0YR_TJN_MAR_023_Mobile_GROUND TRUTH FKA XAD_DST_SV1_MAP_DIR_DSP_TRG_RON_PXT_BTG_DVY_GEOBLOCKS CONQUESTING - DYNAMIC DISTANCE_Run of Network_Geo_F25-54_300 x 250_Click and View_NV_NA,204555244,9/17/2017,6162,245,5917,5896,21,2,19,4,15,5898,1242,1246
TJN_TJX_TJMaxx 2H DIG_FY18,Conversant Inc.,PJPWPD_TJN_TJX_028_Audience_CONVERSANT_DST_SV1_MAP_NET_DSP_TRG_RON_BTG_BTG_DVY_PHASE 1_ SMARTPHONE SMALL BANNER  - CONVERSANT SHOPPERS AV_Run of Site_Behavioral_P18+_320 x 50_Standard_NV_NA,204447251,10/10/2017,666,8,658,0,658,79,579,446,133,79,61,507
TJN_TJX_TJMaxx 2H DIG_FY18,Foursquare,"PJMQ2D_TJN_TJX_028_Audience_FOURSQUARE LABS, INC_DST_SV1_MAP_PRO_DSP_TRG_RON_PXT_BTG_DVY_PHASE 1_PINPOINT STRATEGIC SAVERS_Run of Network_Geo_F25-54_300 x 250_Standard_NV_NA",204483457,9/20/2017,29307,3414,25893,4970,20923,1548,19375,5685,13690,6518,1913,7598
TJN_MAR_023_Marshalls 2H Digital_F18,NinthDecimal,PJPSRX_TJN_MAR_023_Mobile_NINTHDECIMAL_DST_SV1_MAP_DIR_RCH_TRG_RON_BTG_PXT_DVY_LOCATION GRAPH: COMPETITIVE CONQUESTING_Run of Network_Behavioral_F25-54_320 x 50_Click and View_NV_NA,204542879,10/15/2017,25416,414,25002,10481,14521,77,14444,14057,387,10558,10275,24332
TJN_TJX_TJMaxx 2H DIG_FY18,Viant,"PK2V4T_TJN_TJX_028_Data_VIANT INC_DSI_SV1_TWB_DIR_RCH_TRG_INT_BTG_CTG_DVY_PHASE 1_VIANT IMP, W25-54 STRATEGIC SAVERS, CONTOBOX - Fall Homes_Fixed Placement_Behavioral_F25-54_160 x 600_Click and View_NV_NA",205687933,10/16/2017,3,1,2,1,1,0,1,1,0,1,1,2
TJN_TJX_TJMaxx 2H DIG_FY18,Viant,"PKGJV2_TJN_TJX_028_Data_VIANT INC_DSI_SV1_DSK_DIR_RCH_TRG_INT_BTG_CTG_DVY_PHASE 1_VIANT IMP, W25-54 STRATEGIC SAVERS, CONTOBOX - Booties_Fixed Placement_Behavioral_F25-54_160 x 600_Click and View_NV_NA",206833935,10/18/2017,11,5,6,2,4,0,4,4,0,2,2,6
TJN_TJX_TJMaxx 2H DIG_FY18,Conversant Inc.,PJNPML_TJN_TJC_031_Audience_CONVERSANT_PUR_ROI_DSK_NET_DSP_TRG_RON_BTG_BTG_DVY_DESKTOP MEDIUM RECTANGLE- STRATEGIC SAVERS_Run of Site_Other_P18+_300 x 250_Standard_NV_NA,204443407,10/15/2017,9649,463,9186,0,9186,1321,7865,4653,3212,1321,782,5435
TJN_TJX_TJMaxx 2H DIG_FY18,NBC Universal Media,PK2LHG_TJN_TJX_028_Content_NBCUNI.COM_BAF_BS2_DSK_DIR_DSP_SPN_HPT_CTG_CTG_DCM_100% SOV NBC THIS IS US ROADBLOCK 10/10 - 970X66 DESKTOP_HP Takeover_Contextual_F25-54_970 x 66_Standard_NV_NA,205568267,10/9/2017,8,1,7,0,7,0,7,7,0,0,0,7
TJN_TJX_TJMaxx 2H DIG_FY18,Conversant Inc.,PJPWBW_TJN_TJX_028_Audience_CONVERSANT_DST_SV1_DSK_NET_DSP_TRG_RON_BTG_BTG_DVY_PHASE 1_ DESKTOP RECTANGLE - CJ INTERACTORS LAL MODELING_Run of Site_Behavioral_P18+_300 x 600_Standard_NV_NA,204447740,10/3/2017,538,25,513,0,513,89,424,96,328,89,20,116
TJN_TJX_TJMaxx 2H DIG_FY18,Viant,"PKGK0F_TJN_TJX_028_Data_VIANT INC_DSI_SV1_TWB_DIR_RCH_TRG_INT_BTG_CTG_DVY_PHASE 1_VIANT IMP, W25-54 STRATEGIC SAVERS, CONTOBOX - Dresses_Fixed Placement_Behavioral_F25-54_728 x 90_Click and View_NV_NA",206833488,10/18/2017,13,6,7,4,3,0,3,3,0,4,4,7
TJN_TJX_TJMaxx 2H DIG_FY18,Foursquare,"PJPRV8_TJN_TJX_028_Audience_FOURSQUARE LABS, INC_DST_SV1_MAP_PRO_DSP_TRG_RON_PXT_BTG_DVY_PHASE 1_PINPOINT TRENDSETTERS AV_Run of Network_Geo_F25-54_300 x 250_Standard_NV_NA",204527100,10/6/2017,152,8,144,50,94,3,91,54,37,53,31,85
TJN_TJX_TJMaxx 2H DIG_FY18,Viant,"PJNSH7_TJN_TJX_028_Data_VIANT INC_DSI_SV1_MWB_DIR_DSP_TRG_RON_BTG_CTG_DVY_PHASE 1_VIANT DIRECT MATCH RETAIL, COMPETITIVE CONQUESTING, DISPLAY_Fixed Placement_Behavioral_F25-54_320 x 50_Standard_NV_NA",204477565,10/17/2017,19744,151,19593,1,19592,1101,18491,13971,4520,1102,833,14804
TJN_TJX_TJMaxx 2H DIG_FY18,Foursquare,"PK0H81_TJN_TJX_028_Audience_FOURSQUARE LABS, INC_DST_SV1_MAP_PRO_RCH_TRG_RON_PXT_BTG_DVY_PHASE 1_MOBILE RICH MEDIA TRENDSETTERS - Fall Honeycomb_Run of Network_Geo_F25-54_300 x 250_Standard_NV_NA",205337093,9/30/2017,1621,85,1536,376,1160,28,1132,511,621,404,182,693
TJN_MAR_023_Marshalls 2H Digital_F18,xAd Inc.,PJQ0YM_TJN_MAR_023_Mobile_GROUND TRUTH FKA XAD_DST_SV1_MAP_DIR_DSP_TRG_RON_BTG_PXT_DVY_COMPETITOR SHOPPERS - DYNAMIC DISTANCE_Run of Network_Geo_F25-54_300 x 250_Click and View_NV_NA,204555259,10/7/2017,4790,263,4527,4527,0,0,0,0,0,4527,1997,1997
TJN_TJX_TJMaxx 2H DIG_FY18,Viant,"PK2X7H_TJN_TJX_028_Data_VIANT INC_DSI_SV1_MWB_DIR_RCH_TRG_INT_BTG_CTG_DVY_PHASE 1_VIANT IMP, W25-54 STRATEGIC SAVERS, CONTOBOX - Honeycomb_Fixed Placement_Behavioral_F25-54_320 x 50_Click and View_NV_NA",205725975,10/14/2017,77,7,70,9,61,6,55,33,22,15,9,42
TJN_TJX_TJMaxx 2H DIG_FY18,xAd Inc.,PJYDBW_TJN_TJX_028_Mobile_GROUND TRUTH FKA XAD_DST_SV1_MAP_DIR_RCH_TRG_RON_BTG_BTG_DVY_PHASE 1_BEHAVIORAL AUDIENCE STRATEGIC SAVERS PLACEMENT - RICH MEDIA STORE LOCATOR - Fall Hero_Run of Network_Behavioral_F25-54_300 x 250_Click and View_NV_NA,205207030,10/15/2017,4160,32,4128,2702,1426,73,1353,712,641,2775,1460,2172
TJN_TJX_TJMaxx 2H DIG_FY18,Conversant Inc.,PJNPMG_TJN_TJC_031_Audience_CONVERSANT_PUR_ROI_DSK_NET_DSP_TRG_RON_BTG_BTG_DVY_DESKTOP WIDE SKYSCRAPER- STRATEGIC SAVERS_Run of Site_Other_P18+_160 x 600_Standard_NV_NA,204443410,10/17/2017,3151,132,3019,0,3019,267,2752,1990,762,267,193,2183
TJN_TJX_TJMaxx 2H DIG_FY18,Viant,"PKGK9X_TJN_TJX_028_Data_VIANT INC_DSI_SV1_TWB_DIR_CUS_TRG_NAT_BTG_CTG_DVY_PHASE 1_VIANT LIFESTYLE, TRENDSETTERS NATIVE- Booties_Fixed Placement_Contextual_F25-54_0 x 0_Click and View_NV_NA",206833284,10/18/2017,7199,138,7061,7061,0,0,0,0,0,7061,5442,5442
TJN_MAR_023_Marshalls 2H Digital_F18,xAd Inc.,PJQ0YJ_TJN_MAR_023_Mobile_GROUND TRUTH FKA XAD_DST_SV1_MAP_DIR_DSP_TRG_RON_BTG_PXT_DVY_MARSHALLS SHOPPERS - DYNAMIC DISTANCE_Run of Network_Geo_F25-54_320 x 50_Click and View_NV_NA,204595911,9/25/2017,19581,333,19248,14491,4757,207,4550,3969,581,14698,12434,16403
TJN_TJX_TJMaxx 2H DIG_FY18,Foursquare,"PJYHWF_TJN_TJX_028_Audience_FOURSQUARE LABS, INC_DST_SV1_MAP_PRO_DSP_TRG_RON_PXT_BTG_DVY_PHASE 1_PINPOINT COMPETITIVE CONQUESTING_Run of Network_Geo_F25-54_320 x 50_Standard_NV_NA",205183220,10/12/2017,158181,3599,154582,118458,36124,1199,34925,30892,4033,119657,105839,136731
TJN_TJX_TJMaxx 2H DIG_FY18,Viant,"PJSPCG_TJN_TJC_031_Data_VIANT INC_PUR_ROI_DSK_DIR_DSP_TRG_RON_BTG_MKT_DVY_W25-54 + ONLINE SHOPPERS, CROSS DEVICE DISPLAY_Fixed Placement_Behavioral_F25-54_300 x 50_Click_NV_NA",204716182,10/6/2017,215,2,213,0,213,55,158,105,53,55,37,142
TJN_TJX_TJMaxx 2H DIG_FY18,Conversant Inc.,PJNPMD_TJN_TJC_031_Audience_CONVERSANT_PUR_ROI_TAP_NET_DSP_TRG_RON_BTG_BTG_DVY_TABLET MEDIUM RECTANGLE - STRATEGIC SAVERS_Run of Site_Other_P18+_300 x 250_Standard_NV_NA,204483960,10/10/2017,7755,50,7705,4,7701,1222,6479,2899,3580,1226,549,3448
TJN_TJX_TJMaxx 2H DIG_FY18,Foursquare,"PJPSSV_TJN_TJX_028_Audience_FOURSQUARE LABS, INC_DST_SV1_MAP_PRO_RCH_TRG_RON_PXT_BTG_DVY_PHASE 1_MOBILE RICH MEDIA STRATEGIC SAVERS - Fall Handbag_Run of Network_Geo_F25-54_300 x 250_Standard_NV_NA",204525360,10/2/2017,2156,368,1788,462,1326,72,1254,464,790,534,198,662
TJN_TJX_TJMaxx 2H DIG_FY18,NBC Universal Media,PK2HF5_TJN_TJX_028_Content_NBCUNI.COM_BAF_BS2_MAP_DIR_VID_SPN_ROS_BTG_CTG_MOA_THIS IS US SPONSORSHIP: DESKTOP - VIGNETTE 1_Run of Site_Behavioral_F25-54_1920 x 1080_Click and View_NV_NA,205566893,10/5/2017,1,0,1,1,0,0,0,0,0,1,1,1
TJN_MAR_023_Marshalls 2H Digital_F18,xAd Inc.,PJQ0Y8_TJN_MAR_023_Mobile_GROUND TRUTH FKA XAD_DST_SV1_MAP_DIR_RCH_TRG_RON_WEA_PXT_DVY_PROXIMITY LOYALTY - WEATHER LOCATOR UNIT_Run of Network_Weather_F25-54_320 x 50_Click and View_NV_NA,204556189,10/5/2017,85539,2317,83222,47326,35896,690,35206,31449,3757,48016,42892,74341
TJN_TJX_TJMaxx 2H DIG_FY18,Viant,"PK2X7B_TJN_TJX_028_Data_VIANT INC_DSI_SV1_TWB_DIR_RCH_TRG_INT_BTG_CTG_DVY_PHASE 1_VIANT IMP, W25-54 STRATEGIC SAVERS, CONTOBOX - Honeycomb_Fixed Placement_Behavioral_F25-54_300 x 250_Click and View_NV_NA",205687939,10/17/2017,75,3,72,2,70,5,65,30,35,7,3,33
TJN_TJX_TJMaxx 2H DIG_FY18,Conversant Inc.,PJPWPG_TJN_TJX_028_Audience_CONVERSANT_DST_SV1_TAP_NET_DSP_TRG_RON_BTG_BTG_DVY_PHASE 1_ TABLET MEDIUM RECTANGLE  - CONVERSANT SHOPPERS AV_Run of Site_Behavioral_P18+_300 x 250_Standard_NV_NA,204446129,10/1/2017,239,8,231,0,231,52,179,93,86,52,27,120
TJN_TJX_TJMaxx 2H DIG_FY18,xAd Inc.,PKF429_TJN_TJX_028_Mobile_GROUND TRUTH FKA XAD_DST_SV1_MAP_DIR_RCH_TRG_RON_BTG_BTG_DVY_PHASE 1_BEHAVIORAL AUDIENCE STRATEGIC SAVERS PLACEMENT - RICH MEDIA STORE LOCATOR - Booties_Run of Network_Behavioral_F25-54_300 x 250_Click and View_NV_NA,206833602,10/19/2017,2658,40,2618,1033,1585,77,1508,708,800,1110,521,1229
TJN_TJX_TJMaxx 2H DIG_FY18,Conversant Inc.,PJNPLX_TJN_TJX_028_Audience_CONVERSANT_DST_SV1_DSK_NET_DSP_TRG_RON_BTG_BTG_DVY_PHASE 1_ DESKTOP RECTANGLE - CJ CONVERTERS LAL MODELING_Run of Site_Behavioral_P18+_300 x 600_Standard_NV_NA,204442894,10/17/2017,11431,1021,10410,0,10410,1211,9199,2972,6227,1211,391,3363
TJN_TJX_TJMaxx 2H DIG_FY18,Conversant Inc.,PJNPLV_TJN_TJX_028_Audience_CONVERSANT_DST_SV1_DSK_NET_DSP_TRG_RON_BTG_BTG_DVY_PHASE 1_ DESKTOP LEADERBOARD - CJ CONVERTERS LAL MODELING_Run of Site_Behavioral_P18+_728 x 90_Standard_NV_NA,204483933,10/3/2017,8219,497,7722,0,7722,1612,6110,2479,3631,1612,654,3133
TJN_TJX_TJMaxx 2H DIG_FY18,Foursquare,"PJPRV8_TJN_TJX_028_Audience_FOURSQUARE LABS, INC_DST_SV1_MAP_PRO_DSP_TRG_RON_PXT_BTG_DVY_PHASE 1_PINPOINT TRENDSETTERS AV_Run of Network_Geo_F25-54_300 x 250_Standard_NV_NA",204527100,9/21/2017,239,26,213,47,166,11,155,52,103,58,19,71
TJN_TJX_TJMaxx 2H DIG_FY18,Foursquare,"PJPSSV_TJN_TJX_028_Audience_FOURSQUARE LABS, INC_DST_SV1_MAP_PRO_RCH_TRG_RON_PXT_BTG_DVY_PHASE 1_MOBILE RICH MEDIA STRATEGIC SAVERS - Fall Handbag_Run of Network_Geo_F25-54_300 x 250_Standard_NV_NA",204525360,9/23/2017,5488,632,4856,1470,3386,283,3103,941,2162,1753,532,1473
TJN_TJX_TJMaxx 2H DIG_FY18,Viant,"PK2V4Y_TJN_TJX_028_Data_VIANT INC_DSI_SV1_MWB_DIR_RCH_TRG_INT_BTG_CTG_DVY_PHASE 1_VIANT IMP, W25-54 STRATEGIC SAVERS, CONTOBOX - Fall Homes_Fixed Placement_Behavioral_F25-54_320 x 50_Click and View_NV_NA",205685980,10/20/2017,12,4,8,5,3,1,2,2,0,6,6,8
TJN_MAR_023_Marshalls 2H Digital_F18,xAd Inc.,PJQ0YN_TJN_MAR_023_Mobile_GROUND TRUTH FKA XAD_DST_SV1_MAP_DIR_DSP_TRG_RON_PXT_BTG_DVY_GEOBLOCKS LOYALTY - DYNAMIC DISTANCE_Run of Network_Geo_F25-54_320 x 50_Click and View_NV_NA,204558328,9/4/2017,3,0,3,0,3,0,3,3,0,0,0,3
TJN_TJX_TJMaxx 2H DIG_FY18,Conversant Inc.,PJPWBX_TJN_TJX_028_Audience_CONVERSANT_DST_SV1_DSK_NET_DSP_TRG_RON_BTG_BTG_DVY_PHASE 1_ DESKTOP WIDE SKYSCRAPER - CJ INTERACTORS LAL MODELING_Run of Site_Behavioral_P18+_160 x 600_Standard_NV_NA,204442033,10/13/2017,29525,2262,27263,11,27252,3827,23425,9223,14202,3838,1511,10734
TJN_TJX_TJMaxx 2H DIG_FY18,Foursquare,"PJPRQJ_TJN_TJX_028_Audience_FOURSQUARE LABS, INC_DST_SV1_MAP_PRO_DSP_TRG_RON_PXT_BTG_DVY_PHASE 1_PINPOINT STRATEGIC SAVERS AV_Run of Network_Geo_F25-54_320 x 50_Standard_NV_NA",204525369,9/9/2017,1321,104,1217,258,959,42,917,482,435,300,158,640
TJN_TJX_TJMaxx 2H DIG_FY18,Conversant Inc.,PJPTMN_TJN_TJC_031_Audience_CONVERSANT_PUR_ROI_MAP_NET_DSP_TRG_RON_BTG_BTG_DVY_SMARTPHONE MEDIUM RECTANGLE - COMPETITIVE CONQUESTING_Run of Site_Other_P18+_300 x 250_Standard_NV_NA,204447221,10/19/2017,926,21,905,2,903,174,729,183,546,176,44,227
TJN_TJX_TJMaxx 2H DIG_FY18,Viant,"PJNSGT_TJN_TJX_028_Data_VIANT INC_DSI_SV1_DSK_DIR_DSP_TRG_RON_BTG_CTG_DVY_PHASE 1_VIANT DIRECT MATCH RETAIL, TJX PORFOLIO LOYALISTS, DISPLAY_Fixed Placement_Behavioral_F25-54_160 x 600_Standard_NV_NA",204483025,9/16/2017,28,2,26,0,26,0,26,20,6,0,0,20
TJN_MAR_023_Marshalls 2H Digital_F18,xAd Inc.,PJQ0YC_TJN_MAR_023_Mobile_GROUND TRUTH FKA XAD_DST_SV1_MAP_DIR_DSP_TRG_RON_PXT_BTG_DVY_PROXIMITY CONQUESTING - DYNAMIC DISTANCE_Run of Network_Geo_F25-54_300 x 250_Click and View_NV_NA,204595923,9/25/2017,15956,2757,13199,13161,38,2,36,29,7,13163,10604,10633
TJN_TJX_TJMaxx 2H DIG_FY18,xAd Inc.,PJMTNR_TJN_TJX_028_Mobile_GROUND TRUTH FKA XAD_DST_SV1_MAP_DIR_RCH_TRG_RON_BTG_BTG_DVY_PHASE 1_BEHAVIORAL AUDIENCE STRATEGIC SAVERS PLACEMENT - RICH MEDIA STORE LOCATOR - Fall Handbag_Run of Network_Behavioral_F25-54_300 x 250_Click and View_NV_NA,204442108,9/30/2017,4643,68,4575,2511,2064,50,2014,1029,985,2561,1308,2337
TJN_TJX_TJMaxx 2H DIG_FY18,Foursquare,"PJPRQJ_TJN_TJX_028_Audience_FOURSQUARE LABS, INC_DST_SV1_MAP_PRO_DSP_TRG_RON_PXT_BTG_DVY_PHASE 1_PINPOINT STRATEGIC SAVERS AV_Run of Network_Geo_F25-54_320 x 50_Standard_NV_NA",204525369,10/21/2017,960,18,942,461,481,22,459,412,47,483,434,846
TJN_TJX_TJMaxx 2H DIG_FY18,NBC Universal Media,PK3H7H_TJN_TJX_028_Content_NBCUNI.COM_BAF_BS2_DSK_DIR_DSP_SPN_HPT_CTG_CTG_DCM_100% SOV NBC HOMEPAGE ROADBLOCK 10/17 - 300X50 MOBILE_HP Takeover_Contextual_F25-54_300 x 50_Standard_NV_NA,205687864,10/11/2017,4,0,4,0,4,0,4,4,0,0,0,4
TJN_TJX_TJMaxx 2H DIG_FY18,PlaceIQ,PK19YY_TJN_TJX_028_Mobile_PLACEIQ INC_DST_SV1_MAP_DIR_RCH_TRG_RON_BTG_PTG_DVY_PHASE 1_RICH MEDIA_STRATEGIC SAVERS_FREQUENT WOMEN'S APPAREL SHOPPER+DISCRETIONARY SPEND SHOPPERS_Run of Network_Behavioral_F25-54_320 x 50_Click and View_NV_NA,205568681,10/15/2017,32179,432,31747,15267,16480,719,15761,15370,391,15986,15589,30959
TJN_TJX_TJMaxx 2H DIG_FY18,Viant,"PJNSGP_TJN_TJX_028_Data_VIANT INC_DSI_SV1_MWB_DIR_DSP_TRG_RON_BTG_CTG_DVY_PHASE 1_VIANT DIRECT MATCH RETAIL, TJX PORFOLIO LOYALISTS, DISPLAY_Fixed Placement_Behavioral_F25-54_300 x 50_Standard_NV_NA",204525579,9/27/2017,7,0,7,0,7,0,7,7,0,0,0,7
TJN_TJX_TJMaxx 2H DIG_FY18,xAd Inc.,PJYDBM_TJN_TJX_028_Mobile_GROUND TRUTH FKA XAD_DST_SV1_MAP_DIR_RCH_TRG_RON_PXT_PXT_DVY_PHASE 1_PROXIMITY LOYALTY PLACEMENT - RICH MEDIA STORE LOCATOR - Fall Hero_Run of Network_Geo_F25-54_300 x 250_Click and View_NV_NA,205209355,10/9/2017,5096,44,5052,89,4963,33,4930,4710,220,122,117,4827
TJN_TJX_TJMaxx 2H DIG_FY18,Viant,"PK2V4T_TJN_TJX_028_Data_VIANT INC_DSI_SV1_TWB_DIR_RCH_TRG_INT_BTG_CTG_DVY_PHASE 1_VIANT IMP, W25-54 STRATEGIC SAVERS, CONTOBOX - Fall Homes_Fixed Placement_Behavioral_F25-54_160 x 600_Click and View_NV_NA",205687933,9/30/2017,4,4,0,0,0,0,0,0,0,0,0,0
TJN_MAR_023_Marshalls 2H Digital_F18,xAd Inc.,PJQ0YF_TJN_MAR_023_Mobile_GROUND TRUTH FKA XAD_DST_SV1_MAP_DIR_RCH_TRG_RON_WEA_PXT_DVY_PROXIMITY CONQUESTING - WEATHER LOCATOR UNIT_Run of Network_Weather_F25-54_300 x 250_Click and View_NV_NA,204596913,9/29/2017,1136,80,1056,24,1032,10,1022,792,230,34,26,818
TJN_MAR_023_Marshalls 2H Digital_F18,xAd Inc.,PJQ0Y6_TJN_MAR_023_Mobile_GROUND TRUTH FKA XAD_DST_SV1_MAP_DIR_DSP_TRG_RON_PXT_BTG_DVY_PROXIMITY LOYALTY - DYNAMIC DISTANCE_Run of Network_Geo_F25-54_320 x 50_Click and View_NV_NA,204556888,9/7/2017,124662,2878,121784,81888,39896,5577,34319,28204,6115,87465,69350,97554
TJN_TJX_TJMaxx 2H DIG_FY18,Hulu,PK3CXH_TJN_TJX_027_Content_HULU_BAF_BS2_DSK_DIR_CUS_SPN_CHS_CTG_CTG_DVY_FALL TV SPONSORSHIP: PREMIUM SLATE - DESKTOP_FEP_Contextual_F25-54_1920 x 1080_Standard_NV_NA,205683922,10/13/2017,28318,475,27843,27843,0,0,0,0,0,27843,19082,19082
TJN_TJX_TJMaxx 2H DIG_FY18,Conversant Inc.,PJPWBW_TJN_TJX_028_Audience_CONVERSANT_DST_SV1_DSK_NET_DSP_TRG_RON_BTG_BTG_DVY_PHASE 1_ DESKTOP RECTANGLE - CJ INTERACTORS LAL MODELING_Run of Site_Behavioral_P18+_300 x 600_Standard_NV_NA,204447740,10/2/2017,149,13,136,0,136,19,117,33,84,19,5,38
TJN_TJX_TJMaxx 2H DIG_FY18,xAd Inc.,PKF5KT_TJN_TJX_028_Mobile_GROUND TRUTH FKA XAD_DST_SV1_MAP_DIR_DSP_TRG_RON_RTG_RTG_DVY_PHASE 1_LOCATION AUDIENCE TJX SHOPPERS PLACEMENT - STANDARD BANNER - Dresses_Run of Network_Retarget_F25-54_300 x 250_Click and View_NV_NA,206832789,10/21/2017,2325,20,2305,2302,3,0,3,2,1,2302,1535,1537
TJN_TJX_TJMaxx 2H DIG_FY18,Viant,"PJSPCF_TJN_TJC_031_Data_VIANT INC_PUR_ROI_DSK_DIR_DSP_TRG_RON_BTG_MKT_DVY_W25-54 + ONLINE SHOPPERS, CROSS DEVICE DISPLAY_Fixed Placement_Behavioral_F25-54_320 x 50_Click_NV_NA",204715639,10/21/2017,5996,88,5908,2,5906,490,5416,4091,1325,492,372,4463
TJN_TJX_TJMaxx 2H DIG_FY18,Conversant Inc.,PJNPMJ_TJN_TJC_031_Audience_CONVERSANT_PUR_ROI_MAP_NET_DSP_TRG_RON_BTG_BTG_DVY_SMARTPHONE MEDIUM RECTANGLE - STRATEGIC SAVERS_Run of Site_Other_P18+_300 x 250_Standard_NV_NA,204442063,10/5/2017,9824,159,9665,0,9665,1581,8084,3113,4971,1581,609,3722
TJN_TJX_TJMaxx 2H DIG_FY18,PlaceIQ,PKFS8P_TJN_TJX_028_Mobile_PLACEIQ INC_DST_SV1_MAP_DIR_DSP_TRG_RON_BTG_PTG_DVY_PHASE 1_STANDARD BANNER_TRENDSETTERS_ONLINE SHOPPER+TJMAXX SHOPPERS - Dresses_Run of Network_Behavioral_F25-54_300 x 250_Click and View_NV_NA,206812534,10/21/2017,1739,173,1566,722,844,3,841,826,15,725,712,1538
TJN_TJX_TJMaxx 2H DIG_FY18,Foursquare,"PK0H81_TJN_TJX_028_Audience_FOURSQUARE LABS, INC_DST_SV1_MAP_PRO_RCH_TRG_RON_PXT_BTG_DVY_PHASE 1_MOBILE RICH MEDIA TRENDSETTERS - Fall Honeycomb_Run of Network_Geo_F25-54_300 x 250_Standard_NV_NA",205337093,10/16/2017,3,3,0,0,0,0,0,0,0,0,0,0
TJN_TJX_TJMaxx 2H DIG_FY18,Foursquare,"PJMQ2K_TJN_TJX_028_Audience_FOURSQUARE LABS, INC_DST_SV1_MAP_PRO_DSP_TRG_RON_PXT_BTG_DVY_PHASE 1_PINPOINT STRATEGIC SAVERS_Run of Network_Geo_F25-54_320 x 50_Standard_NV_NA",204483454,9/15/2017,99578,5932,93646,49478,44168,3107,41061,29026,12035,52585,37172,66198
TJN_TJX_TJMaxx 2H DIG_FY18,Conversant Inc.,PJPWPG_TJN_TJX_028_Audience_CONVERSANT_DST_SV1_TAP_NET_DSP_TRG_RON_BTG_BTG_DVY_PHASE 1_ TABLET MEDIUM RECTANGLE  - CONVERSANT SHOPPERS AV_Run of Site_Behavioral_P18+_300 x 250_Standard_NV_NA,204446129,10/2/2017,318,4,314,0,314,51,263,120,143,51,23,143
TJN_TJX_TJMaxx 2H DIG_FY18,Viant,"PJSPCG_TJN_TJC_031_Data_VIANT INC_PUR_ROI_DSK_DIR_DSP_TRG_RON_BTG_MKT_DVY_W25-54 + ONLINE SHOPPERS, CROSS DEVICE DISPLAY_Fixed Placement_Behavioral_F25-54_300 x 50_Click_NV_NA",204716182,10/11/2017,3,0,3,0,3,0,3,3,0,0,0,3
TJN_TJX_TJMaxx 2H DIG_FY18,Foursquare,"PJPSSV_TJN_TJX_028_Audience_FOURSQUARE LABS, INC_DST_SV1_MAP_PRO_RCH_TRG_RON_PXT_BTG_DVY_PHASE 1_MOBILE RICH MEDIA STRATEGIC SAVERS - Fall Handbag_Run of Network_Geo_F25-54_300 x 250_Standard_NV_NA",204525360,10/1/2017,14760,2047,12713,1847,10866,856,10010,2398,7612,2703,648,3046
TJN_TJX_TJMaxx 2H DIG_FY18,NBC Universal Media,PK2KL9_TJN_TJX_028_Content_NBCUNI.COM_BAF_BS2_DSK_DIR_VID_SPN_ROS_BTG_CTG_MOA_THIS IS US SPONSORSHIP: DESKTOP - VIGNETTE 4_Run of Site_Behavioral_F25-54_1920 x 1080_Click and View_NV_NA,205568894,10/18/2017,99393,2177,97216,97216,0,0,0,0,0,97216,74927,74927
TJN_TJX_TJMaxx 2H DIG_FY18,Viant,"PJSPCL_TJN_TJC_031_Data_VIANT INC_PUR_ROI_TWB_DIR_DSP_TRG_RON_BTG_MKT_DVY_W25-54 + ONLINE SHOPPERS, CROSS DEVICE DISPLAY_Fixed Placement_Behavioral_F25-54_728 x 90_Click_NV_NA",204715987,10/14/2017,882,33,849,0,849,35,814,596,218,35,26,622
TJN_TJX_TJMaxx 2H DIG_FY18,Viant,"PJSPCJ_TJN_TJC_031_Data_VIANT INC_PUR_ROI_MWB_DIR_DSP_TRG_RON_BTG_MKT_DVY_W25-54 + ONLINE SHOPPERS, CROSS DEVICE DISPLAY_Fixed Placement_Behavioral_F25-54_300 x 250_Click_NV_NA",204733038,10/13/2017,53,2,51,1,50,4,46,23,23,5,3,26
TJN_TJX_TJMaxx 2H DIG_FY18,Conversant Inc.,PJPWBX_TJN_TJX_028_Audience_CONVERSANT_DST_SV1_DSK_NET_DSP_TRG_RON_BTG_BTG_DVY_PHASE 1_ DESKTOP WIDE SKYSCRAPER - CJ INTERACTORS LAL MODELING_Run of Site_Behavioral_P18+_160 x 600_Standard_NV_NA,204442033,9/19/2017,6,6,0,0,0,0,0,0,0,0,0,0
TJN_TJX_TJMaxx 2H DIG_FY18,PlaceIQ,PK1YGX_TJN_TJX_028_Mobile_PLACEIQ INC_DST_SV1_MAP_DIR_DSP_TRG_RON_BTG_PXT_DVY_PHASE 1_STANDARD BANNER_TRENDSETTERS_APPROVAL SEEKING SHOPPERS+LIVE OR WORK BY TJMAXX - TJ Maxx_Run of Network_Behavioral_F25-54_320 x 50_Click and View_NV_NA,205563545,10/16/2017,30827,587,30240,11778,18462,219,18243,18040,203,11997,11864,29904
TJN_TJX_TJMaxx 2H DIG_FY18,Conversant Inc.,PJPWP8_TJN_TJX_028_Audience_CONVERSANT_DST_SV1_DSK_NET_DSP_TRG_RON_BTG_BTG_DVY_PHASE 1_ DESKTOP LEADERBOARD - CONVERSANT SHOPPERS AV_Run of Site_Behavioral_P18+_728 x 90_Standard_NV_NA,204446132,10/12/2017,2066,195,1871,0,1871,77,1794,1302,492,77,56,1358
TJN_MAR_023_Marshalls 2H Digital_F18,xAd Inc.,PJQ0YL_TJN_MAR_023_Mobile_GROUND TRUTH FKA XAD_DST_SV1_MAP_DIR_DSP_TRG_RON_BTG_PXT_DVY_COMPETITOR SHOPPERS - DYNAMIC DISTANCE_Run of Network_Geo_F25-54_320 x 50_Click and View_NV_NA,204595638,10/5/2017,10776,123,10653,8704,1949,54,1895,1527,368,8758,6843,8370
TJN_MAR_023_Marshalls 2H Digital_F18,NinthDecimal,PJPSS0_TJN_MAR_023_Mobile_NINTHDECIMAL_DST_SV1_MAP_DIR_RCH_TRG_RON_BTG_DMA_DVY_3RD PARTY: SURPRISE CHOOSERS_Run of Network_Behavioral_F25-54_320 x 50_Click and View_NV_NA,204595875,9/26/2017,16235,386,15849,5633,10216,67,10149,9786,363,5700,5496,15282
TJN_TJX_TJMaxx 2H DIG_FY18,Conversant Inc.,PJPWPG_TJN_TJX_028_Audience_CONVERSANT_DST_SV1_TAP_NET_DSP_TRG_RON_BTG_BTG_DVY_PHASE 1_ TABLET MEDIUM RECTANGLE  - CONVERSANT SHOPPERS AV_Run of Site_Behavioral_P18+_300 x 250_Standard_NV_NA,204446129,9/23/2017,351,6,345,0,345,74,271,80,191,74,22,102
TJN_TJX_TJMaxx 2H DIG_FY18,xAd Inc.,PJPXK2_TJN_TJX_028_Mobile_GROUND TRUTH FKA XAD_DST_SV1_MAP_DIR_DSP_TRG_RON_PXT_PXT_DVY_PHASE 1_PROXIMITY LOYALTY PLACEMENT - STANDARD BANNER - Fall Hero_Run of Network_Geo_F25-54_300 x 250_Click and View_NV_NA,204442945,9/25/2017,28513,697,27816,27614,202,45,157,45,112,27659,7928,7973
TJN_TJX_TJMaxx 2H DIG_FY18,Viant,"PJNSGT_TJN_TJX_028_Data_VIANT INC_DSI_SV1_DSK_DIR_DSP_TRG_RON_BTG_CTG_DVY_PHASE 1_VIANT DIRECT MATCH RETAIL, TJX PORFOLIO LOYALISTS, DISPLAY_Fixed Placement_Behavioral_F25-54_160 x 600_Standard_NV_NA",204483025,9/19/2017,7611,428,7183,0,7183,475,6708,3369,3339,475,239,3608
TJN_TJX_TJMaxx 2H DIG_FY18,Viant,"PK2X7B_TJN_TJX_028_Data_VIANT INC_DSI_SV1_TWB_DIR_RCH_TRG_INT_BTG_CTG_DVY_PHASE 1_VIANT IMP, W25-54 STRATEGIC SAVERS, CONTOBOX - Honeycomb_Fixed Placement_Behavioral_F25-54_300 x 250_Click and View_NV_NA",205687939,10/5/2017,2784,87,2697,3,2694,339,2355,1303,1052,342,189,1492
TJN_MAR_023_Marshalls 2H Digital_F18,xAd Inc.,PJQ0YK_TJN_MAR_023_Mobile_GROUND TRUTH FKA XAD_DST_SV1_MAP_DIR_DSP_TRG_RON_BTG_PXT_DVY_MARSHALLS SHOPPERS - DYNAMIC DISTANCE_Run of Network_Geo_F25-54_300 x 250_Click and View_NV_NA,204543440,10/16/2017,4386,57,4329,4329,0,0,0,0,0,4329,4329,4329
TJN_MAR_023_Marshalls 2H Digital_F18,xAd Inc.,PJQ0Y8_TJN_MAR_023_Mobile_GROUND TRUTH FKA XAD_DST_SV1_MAP_DIR_RCH_TRG_RON_WEA_PXT_DVY_PROXIMITY LOYALTY - WEATHER LOCATOR UNIT_Run of Network_Weather_F25-54_320 x 50_Click and View_NV_NA,204556189,10/17/2017,161735,4880,156855,73947,82908,1139,81769,73596,8173,75086,67581,141177
TJN_TJX_TJMaxx 2H DIG_FY18,Conversant Inc.,PJPTMQ_TJN_TJC_031_Audience_CONVERSANT_PUR_ROI_DSK_NET_DSP_TRG_RON_BTG_BTG_DVY_DESKTOP MEDIUM RECTANGLE- COMPETITIVE CONQUESTING_Run of Site_Other_P18+_300 x 250_Standard_NV_NA,204447218,10/14/2017,9507,531,8976,2,8974,1055,7919,5626,2293,1057,751,6377
TJN_TJX_TJMaxx 2H DIG_FY18,Viant,"PK2V4X_TJN_TJX_028_Data_VIANT INC_DSI_SV1_DSK_DIR_RCH_TRG_INT_BTG_CTG_DVY_PHASE 1_VIANT IMP, W25-54 STRATEGIC SAVERS, CONTOBOX - Fall Homes_Fixed Placement_Behavioral_F25-54_300 x 250_Click and View_NV_NA",205688458,9/30/2017,9296,80,9216,5,9211,2352,6859,4618,2241,2357,1587,6205
TJN_TJX_TJMaxx 2H DIG_FY18,Conversant Inc.,PJNPLX_TJN_TJX_028_Audience_CONVERSANT_DST_SV1_DSK_NET_DSP_TRG_RON_BTG_BTG_DVY_PHASE 1_ DESKTOP RECTANGLE - CJ CONVERTERS LAL MODELING_Run of Site_Behavioral_P18+_300 x 600_Standard_NV_NA,204442894,10/5/2017,1444,129,1315,0,1315,203,1112,331,781,203,60,391
TJN_TJX_TJMaxx 2H DIG_FY18,xAd Inc.,PKF8TX_TJN_TJX_028_Mobile_GROUND TRUTH FKA XAD_DST_SV1_MAP_DIR_RCH_TRG_RON_PXT_PXT_DVY_PHASE 1_PROXIMITY LOYALTY PLACEMENT - RICH MEDIA STORE LOCATOR - Dresses_Run of Network_Geo_F25-54_300 x 250_Click and View_NV_NA,206772077,10/16/2017,3144,85,3059,54,3005,6,2999,2871,128,60,57,2928
TJN_TJX_TJMaxx 2H DIG_FY18,Viant,"PJNSH9_TJN_TJX_028_Data_VIANT INC_DSI_SV1_TWB_DIR_DSP_TRG_RON_BTG_CTG_DVY_PHASE 1_VIANT DIRECT MATCH RETAIL, COMPETITIVE CONQUESTING, DISPLAY_Fixed Placement_Behavioral_F25-54_300 x 250_Standard_NV_NA",204526701,10/20/2017,12,1,11,0,11,1,10,7,3,1,1,8
TJN_TJX_TJMaxx 2H DIG_FY18,Conversant Inc.,PJPWPF_TJN_TJX_028_Audience_CONVERSANT_DST_SV1_TAP_NET_DSP_TRG_RON_BTG_BTG_DVY_PHASE 1_ TABLET LEADERBOARD - CONVERSANT SHOPPERS AV_Run of Site_Behavioral_P18+_728 x 90_Standard_NV_NA,204442915,10/12/2017,28,0,28,0,28,7,21,13,8,7,4,17
TJN_MAR_023_Marshalls 2H Digital_F18,xAd Inc.,PJQ0YG_TJN_MAR_023_Mobile_GROUND TRUTH FKA XAD_DST_SV1_MAP_DIR_DSP_TRG_RON_BTG_DMA_DVY_BEHAVIORAL - FASHION SHOPPER - DYNAMIC DISTANCE_Run of Network_Behavioral_F25-54_320 x 50_Click and View_NV_NA,204557581,10/16/2017,59087,706,58381,48175,10206,441,9765,8341,1424,48616,41408,49749
TJN_TJX_TJMaxx 2H DIG_FY18,Foursquare,"PJPSSW_TJN_TJX_028_Audience_FOURSQUARE LABS, INC_DST_SV1_MAP_PRO_RCH_TRG_RON_PXT_BTG_DVY_PHASE 1_MOBILE RICH MEDIA STRATEGIC SAVERS - Find A TJ Maxx Store_Run of Network_Geo_F25-54_320 x 50_Standard_NV_NA",204525357,10/10/2017,21526,465,21061,8660,12401,860,11541,6832,4709,9520,5636,12468
TJN_TJX_TJMaxx 2H DIG_FY18,xAd Inc.,PJMTN5_TJN_TJX_028_Mobile_GROUND TRUTH FKA XAD_DST_SV1_MAP_DIR_RCH_TRG_RON_BTG_BTG_DVY_PHASE 1_BEHAVIORAL AUDIENCE TRENDSETTERS PLACEMENT - RICH MEDIA STORE LOCATOR - TJ Maxx_Run of Network_Behavioral_F25-54_320 x 50_Click and View_NV_NA,204442936,10/12/2017,7850,107,7743,3438,4305,151,4154,3407,747,3589,2944,6351
TJN_TJX_TJMaxx 2H DIG_FY18,Viant,"PK2V4W_TJN_TJX_028_Data_VIANT INC_DSI_SV1_DSK_DIR_RCH_TRG_INT_BTG_CTG_DVY_PHASE 1_VIANT IMP, W25-54 STRATEGIC SAVERS, CONTOBOX - Fall Homes_Fixed Placement_Behavioral_F25-54_728 x 90_Click and View_NV_NA",205687309,9/23/2017,1150,18,1132,0,1132,87,1045,425,620,87,35,460
TJN_TJX_TJMaxx 2H DIG_FY18,Viant,"PK2X7F_TJN_TJX_028_Data_VIANT INC_DSI_SV1_DSK_DIR_RCH_TRG_INT_BTG_CTG_DVY_PHASE 1_VIANT IMP, W25-54 STRATEGIC SAVERS, CONTOBOX - Honeycomb_Fixed Placement_Behavioral_F25-54_728 x 90_Click and View_NV_NA",205727841,10/11/2017,8824,970,7854,5,7849,416,7433,3749,3684,421,212,3961
TJN_MAR_023_Marshalls 2H Digital_F18,xAd Inc.,PJQ0YR_TJN_MAR_023_Mobile_GROUND TRUTH FKA XAD_DST_SV1_MAP_DIR_DSP_TRG_RON_PXT_BTG_DVY_GEOBLOCKS CONQUESTING - DYNAMIC DISTANCE_Run of Network_Geo_F25-54_300 x 250_Click and View_NV_NA,204555244,9/6/2017,6015,116,5899,5897,2,0,2,2,0,5897,5897,5899
TJN_TJX_TJMaxx 2H DIG_FY18,NBC Universal Media,PK2LHQ_TJN_TJX_028_Content_NBCUNI.COM_BAF_BS2_DSK_DIR_DSP_SPN_HPT_CTG_CTG_DCM_100% SOV NBC THIS IS US ROADBLOCK 10/17 - 300X250 DESKTOP_HP Takeover_Contextual_F25-54_300 x 250_Standard_NV_NA,205566398,10/11/2017,6,0,6,0,6,0,6,6,0,0,0,6
TJN_TJX_TJMaxx 2H DIG_FY18,xAd Inc.,PJMTN8_TJN_TJX_028_Mobile_GROUND TRUTH FKA XAD_DST_SV1_MAP_DIR_DSP_TRG_RON_BTG_BTG_DVY_PHASE 1_BEHAVIORAL AUDIENCE STRATEGIC SAVERS PLACEMENT - STANDARD BANNER - Maxx You Maxx Life_Run of Network_Behavioral_F25-54_320 x 50_Click and View_NV_NA,204447851,10/20/2017,10651,91,10560,2452,8108,101,8007,5472,2535,2553,1745,7217
TJN_MAR_023_Marshalls 2H Digital_F18,NinthDecimal,PJPSRT_TJN_MAR_023_Mobile_NINTHDECIMAL_DST_SV1_MAP_DIR_RCH_TRG_RON_PXT_DMA_DVY_GEOFENCE: 15-20-MILE RADIUS AROUND RURAL STORES_Run of Network_Geo_F25-54_320 x 50_Click and View_NV_NA,204542885,10/4/2017,10412,181,10231,5445,4786,30,4756,4639,117,5475,5340,9979
TJN_TJX_TJMaxx 2H DIG_FY18,Conversant Inc.,PJPWP9_TJN_TJX_028_Audience_CONVERSANT_DST_SV1_DSK_NET_DSP_TRG_RON_BTG_BTG_DVY_PHASE 1_ DESKTOP MEDIUM RECTANGLE - CONVERSANT SHOPPERS AV_Run of Site_Behavioral_P18+_300 x 250_Standard_NV_NA,204483957,10/8/2017,802,48,754,0,754,194,560,303,257,194,105,408
TJN_MAR_023_Marshalls 2H Digital_F18,xAd Inc.,PJQ0YN_TJN_MAR_023_Mobile_GROUND TRUTH FKA XAD_DST_SV1_MAP_DIR_DSP_TRG_RON_PXT_BTG_DVY_GEOBLOCKS LOYALTY - DYNAMIC DISTANCE_Run of Network_Geo_F25-54_320 x 50_Click and View_NV_NA,204558328,10/12/2017,10646,192,10454,7735,2719,538,2181,1988,193,8273,7357,9345
TJN_TJX_TJMaxx 2H DIG_FY18,xAd Inc.,PJPXJX_TJN_TJX_028_Mobile_GROUND TRUTH FKA XAD_DST_SV1_MAP_DIR_DSP_TRG_RON_BTG_BTG_DVY_PHASE 1_BEHAVIORAL AUDIENCE STRATEGIC SAVERS PLACEMENT - STANDARD BANNER - TJMaxx_Run of Network_Behavioral_F25-54_320 x 50_Click and View_NV_NA,204447848,9/27/2017,3,2,1,1,0,0,0,0,0,1,1,1
TJN_MAR_023_Marshalls 2H Digital_F18,NinthDecimal,"PJPSS1_TJN_MAR_023_Mobile_NINTHDECIMAL_DST_SV1_MAP_DIR_RCH_TRG_RON_BTG_DMA_DVY_TV TARGETING: PEOPLE WHO WATCH BRAVO, TLC, HGTV, A&E, LIFETIME, DISCOVERY_Run of Network_Behavioral_F25-54_320 x 50_Click and View_NV_NA",204541508,9/27/2017,14275,375,13900,5129,8771,51,8720,8371,349,5180,4973,13344
TJN_TJX_TJMaxx 2H DIG_FY18,xAd Inc.,PJMTNQ_TJN_TJX_028_Mobile_GROUND TRUTH FKA XAD_DST_SV1_MAP_DIR_RCH_TRG_RON_BTG_BTG_DVY_PHASE 1_BEHAVIORAL AUDIENCE STRATEGIC SAVERS PLACEMENT - RICH MEDIA STORE LOCATOR - TJ Maxx_Run of Network_Behavioral_F25-54_320 x 50_Click and View_NV_NA,204447845,9/27/2017,19466,279,19187,7328,11859,389,11470,9510,1960,7717,6398,15908
TJN_TJX_TJMaxx 2H DIG_FY18,Viant,"PK2V4W_TJN_TJX_028_Data_VIANT INC_DSI_SV1_DSK_DIR_RCH_TRG_INT_BTG_CTG_DVY_PHASE 1_VIANT IMP, W25-54 STRATEGIC SAVERS, CONTOBOX - Fall Homes_Fixed Placement_Behavioral_F25-54_728 x 90_Click and View_NV_NA",205687309,10/2/2017,11984,96,11888,6,11882,613,11269,4178,7091,619,229,4407
TJN_MAR_023_Marshalls 2H Digital_F18,NinthDecimal,PJPSRW_TJN_MAR_023_Mobile_NINTHDECIMAL_DST_SV1_MAP_DIR_RCH_TRG_RON_BTG_PXT_DVY_LOCATION GRAPH: TJX FAMILY LOYALISTS_Run of Network_Behavioral_F25-54_320 x 50_Click and View_NV_NA,204541739,9/20/2017,6938,176,6762,2570,4192,19,4173,4004,169,2589,2484,6488
TJN_TJX_TJMaxx 2H DIG_FY18,Viant,"PK2V4Z_TJN_TJX_028_Data_VIANT INC_DSI_SV1_MWB_DIR_RCH_TRG_INT_BTG_CTG_DVY_PHASE 1_VIANT IMP, W25-54 STRATEGIC SAVERS, CONTOBOX - Fall Homes_Fixed Placement_Behavioral_F25-54_300 x 250_Click and View_NV_NA",205726911,10/10/2017,39,10,29,6,23,5,18,10,8,11,6,16
TJN_MAR_023_Marshalls 2H Digital_F18,xAd Inc.,PJQ0YQ_TJN_MAR_023_Mobile_GROUND TRUTH FKA XAD_DST_SV1_MAP_DIR_DSP_TRG_RON_PXT_BTG_DVY_GEOBLOCKS CONQUESTING - DYNAMIC DISTANCE_Run of Network_Geo_F25-54_320 x 50_Click and View_NV_NA,204595632,9/21/2017,17886,303,17583,9547,8036,7339,697,474,223,16886,11482,11956
TJN_TJX_TJMaxx 2H DIG_FY18,Foursquare,"PK0H7Z_TJN_TJX_028_Audience_FOURSQUARE LABS, INC_DST_SV1_MAP_PRO_RCH_TRG_RON_PXT_BTG_DVY_PHASE 1_MOBILE RICH MEDIA STRATEGIC SAVERS - Fall Honeycomb_Run of Network_Geo_F25-54_300 x 250_Standard_NV_NA",205341980,10/13/2017,6320,69,6251,1070,5181,424,4757,1114,3643,1494,350,1464
TJN_TJX_TJMaxx 2H DIG_FY18,Conversant Inc.,PJNPMC_TJN_TJC_031_Audience_CONVERSANT_PUR_ROI_TAP_NET_DSP_TRG_RON_BTG_BTG_DVY_TABLET LEADERBOARD- STRATEGIC SAVERS_Run of Site_Other_P18+_728 x 90_Standard_NV_NA,204442918,10/16/2017,255,1,254,45,209,25,184,165,19,70,63,228
TJN_TJX_TJMaxx 2H DIG_FY18,Viant,"PJNSGM_TJN_TJX_028_Data_VIANT INC_DSI_SV1_TWB_DIR_DSP_TRG_RON_BTG_CTG_DVY_PHASE 1_VIANT DIRECT MATCH RETAIL, TJX PORFOLIO LOYALISTS, DISPLAY_Fixed Placement_Behavioral_F25-54_728 x 90_Standard_NV_NA",204526722,9/6/2017,990,153,837,0,837,339,498,306,192,339,208,514
TJN_TJX_TJMaxx 2H DIG_FY18,xAd Inc.,PJYDBM_TJN_TJX_028_Mobile_GROUND TRUTH FKA XAD_DST_SV1_MAP_DIR_RCH_TRG_RON_PXT_PXT_DVY_PHASE 1_PROXIMITY LOYALTY PLACEMENT - RICH MEDIA STORE LOCATOR - Fall Hero_Run of Network_Geo_F25-54_300 x 250_Click and View_NV_NA,205209355,9/26/2017,5143,71,5072,126,4946,27,4919,4707,212,153,146,4853
TJN_TJX_TJMaxx 2H DIG_FY18,xAd Inc.,PJMTNB_TJN_TJX_028_Mobile_GROUND TRUTH FKA XAD_DST_SV1_MAP_DIR_DSP_TRG_RON_BTG_BTG_DVY_PHASE 1_BEHAVIORAL AUDIENCE TRENDSETTERS PLACEMENT - STANDARD BANNER - Fall Handbag_Run of Network_Behavioral_F25-54_300 x 250_Click and View_NV_NA,204447833,10/18/2017,8478,95,8383,8383,0,0,0,0,0,8383,7195,7195
TJN_TJX_TJMaxx 2H DIG_FY18,PlaceIQ,PK19YZ_TJN_TJX_028_Mobile_PLACEIQ INC_DST_SV1_MAP_DIR_RCH_TRG_RON_BTG_PTG_DVY_PHASE 1_RICH MEDIA_STRATEGIC SAVERS_INFORMER CONSUMER SHOPPERS+TOP TIER APPAREL SHOPPER_Run of Network_Behavioral_F25-54_320 x 50_Click and View_NV_NA,205563548,9/30/2017,144717,2962,141755,89341,52414,2194,50220,49378,842,91535,90000,139378
TJN_TJX_TJMaxx 2H DIG_FY18,xAd Inc.,PJMTN2_TJN_TJX_028_Mobile_GROUND TRUTH FKA XAD_DST_SV1_MAP_DIR_DSP_TRG_RON_RTG_RTG_DVY_PHASE 1_LOCATION AUDIENCE COMPETITIVE CONQUESTING PLACEMENT - STANDARD BANNER - Fall Handbag_Run of Network_Retarget_F25-54_300 x 250_Click and View_NV_NA,204447824,10/17/2017,7136,91,7045,7045,0,0,0,0,0,7045,6151,6151
TJN_TJX_TJMaxx 2H DIG_FY18,Viant,"PK2X7K_TJN_TJX_028_Data_VIANT INC_DSI_SV1_DSK_DIR_RCH_TRG_INT_BTG_CTG_DVY_PHASE 1_VIANT IMP, W25-54 STRATEGIC SAVERS, CONTOBOX - Honeycomb_Fixed Placement_Behavioral_F25-54_160 x 600_Click and View_NV_NA",205726917,10/7/2017,374,8,366,2,364,25,339,102,237,27,8,110
TJN_TJX_TJMaxx 2H DIG_FY18,Viant,"PJNSGT_TJN_TJX_028_Data_VIANT INC_DSI_SV1_DSK_DIR_DSP_TRG_RON_BTG_CTG_DVY_PHASE 1_VIANT DIRECT MATCH RETAIL, TJX PORFOLIO LOYALISTS, DISPLAY_Fixed Placement_Behavioral_F25-54_160 x 600_Standard_NV_NA",204483025,9/13/2017,4,1,3,0,3,0,3,3,0,0,0,3
TJN_TJX_TJMaxx 2H DIG_FY18,Foursquare,"PJPQKZ_TJN_TJX_028_Audience_FOURSQUARE LABS, INC_DST_SV1_MAP_PRO_DSP_TRG_RON_PXT_BTG_DVY_PHASE 1_PINPOINT TRENDSETTERS_Run of Network_Geo_F25-54_300 x 250_Standard_NV_NA",204481813,9/20/2017,21034,2305,18729,5856,12873,700,12173,4327,7846,6556,2330,6657
TJN_TJX_TJMaxx 2H DIG_FY18,Viant,"PK2V4W_TJN_TJX_028_Data_VIANT INC_DSI_SV1_DSK_DIR_RCH_TRG_INT_BTG_CTG_DVY_PHASE 1_VIANT IMP, W25-54 STRATEGIC SAVERS, CONTOBOX - Fall Homes_Fixed Placement_Behavioral_F25-54_728 x 90_Click and View_NV_NA",205687309,10/1/2017,11490,125,11365,4,11361,629,10732,5255,5477,633,310,5565
TJN_MAR_023_Marshalls 2H Digital_F18,Bustle,PK5G41_TJN_MAR_023_Content_BUSTLE_Custom Content Roadblock Standard Feature 1 - Panoramic_Roadblock_Contextual_F25-54_1 x 1_Click and View_NV_NA,206335290,10/14/2017,1013,15,998,0,998,55,943,688,255,55,40,728
TJN_TJX_TJMaxx 2H DIG_FY18,Viant,"PJNSGQ_TJN_TJX_028_Data_VIANT INC_DSI_SV1_MWB_DIR_DSP_TRG_RON_BTG_CTG_DVY_PHASE 1_VIANT DIRECT MATCH RETAIL, TJX PORFOLIO LOYALISTS, DISPLAY_Fixed Placement_Behavioral_F25-54_300 x 250_Standard_NV_NA",204482395,9/17/2017,536,0,536,0,536,91,445,311,134,91,64,375
TJN_TJX_TJMaxx 2H DIG_FY18,Conversant Inc.,PJNPMH_TJN_TJC_031_Audience_CONVERSANT_PUR_ROI_MAP_NET_DSP_TRG_RON_BTG_BTG_DVY_SMARTPHONE SMALL BANNER - STRATEGIC SAVERS_Run of Site_Other_P18+_320 x 50_Standard_NV_NA,204442066,10/10/2017,56652,574,56078,25,56053,7177,48876,36549,12327,7202,5386,41935
TJN_TJX_TJMaxx 2H DIG_FY18,Viant,"PJNSGT_TJN_TJX_028_Data_VIANT INC_DSI_SV1_DSK_DIR_DSP_TRG_RON_BTG_CTG_DVY_PHASE 1_VIANT DIRECT MATCH RETAIL, TJX PORFOLIO LOYALISTS, DISPLAY_Fixed Placement_Behavioral_F25-54_160 x 600_Standard_NV_NA",204483025,10/13/2017,6488,614,5874,5,5869,357,5512,3546,1966,362,233,3779
TJN_TJX_TJMaxx 2H DIG_FY18,Viant,"PK2X7F_TJN_TJX_028_Data_VIANT INC_DSI_SV1_DSK_DIR_RCH_TRG_INT_BTG_CTG_DVY_PHASE 1_VIANT IMP, W25-54 STRATEGIC SAVERS, CONTOBOX - Honeycomb_Fixed Placement_Behavioral_F25-54_728 x 90_Click and View_NV_NA",205727841,10/6/2017,4247,50,4197,4,4193,430,3763,1801,1962,434,208,2009
TJN_TJX_TJMaxx 2H DIG_FY18,Conversant Inc.,PJNPMJ_TJN_TJC_031_Audience_CONVERSANT_PUR_ROI_MAP_NET_DSP_TRG_RON_BTG_BTG_DVY_SMARTPHONE MEDIUM RECTANGLE - STRATEGIC SAVERS_Run of Site_Other_P18+_300 x 250_Standard_NV_NA,204442063,10/17/2017,260,5,255,0,255,40,215,128,87,40,24,152
TJN_TJX_TJMaxx 2H DIG_FY18,Viant,"PJSPBW_TJN_TJC_031_Data_VIANT INC_PUR_ROI_MWB_DIR_DSP_TRG_RON_BTG_MKT_DVY_DETERMINSTIC LAL OF ECOM CONVERTERS, CROSS DEVICE DISPLAY_Fixed Placement_Behavioral_F25-54_300 x 50_Click_NV_NA",204733524,9/30/2017,543,5,538,0,538,90,448,371,77,90,75,446
TJN_MAR_023_Marshalls 2H Digital_F18,NinthDecimal,PJPSRV_TJN_MAR_023_Mobile_NINTHDECIMAL_DST_SV1_MAP_DIR_RCH_TRG_RON_BTG_PXT_DVY_LOCATION GRAPH: MARSHALLS LOYALISTS_Run of Network_Behavioral_F25-54_320 x 50_Click and View_NV_NA,204555232,9/12/2017,20637,355,20282,6842,13440,43,13397,12908,489,6885,6634,19542
TJN_TJX_TJMaxx 2H DIG_FY18,Viant,"PJSPBV_TJN_TJC_031_Data_VIANT INC_PUR_ROI_MWB_DIR_DSP_TRG_RON_BTG_MKT_DVY_DETERMINSTIC LAL OF ECOM CONVERTERS, CROSS DEVICE DISPLAY_Fixed Placement_Behavioral_F25-54_160 x 600_Click_NV_NA",204733791,10/19/2017,1052,55,997,1,996,125,871,558,313,126,81,639
TJN_TJX_TJMaxx 2H DIG_FY18,xAd Inc.,PJMTMZ_TJN_TJX_028_Mobile_GROUND TRUTH FKA XAD_DST_SV1_MAP_DIR_DSP_TRG_RON_RTG_RTG_DVY_PHASE 1_LOCATION AUDIENCE TJX SHOPPERS PLACEMENT - STANDARD BANNER - Maxx You Maxx Life_Run of Network_Retarget_F25-54_320 x 50_Click and View_NV_NA,204484011,9/21/2017,31657,520,31137,7613,23524,10340,13184,12418,766,17953,16353,28771
TJN_TJX_TJMaxx 2H DIG_FY18,xAd Inc.,PKF4B4_TJN_TJX_028_Mobile_GROUND TRUTH FKA XAD_DST_SV1_MAP_DIR_DSP_TRG_RON_BTG_BTG_DVY_PHASE 1_BEHAVIORAL AUDIENCE TRENDSETTERS PLACEMENT - STANDARD BANNER - Find A Store V2_Run of Network_Behavioral_F25-54_320 x 50_Click and View_NV_NA,206832834,10/14/2017,6577,96,6481,2453,4028,64,3964,3061,903,2517,1944,5005
TJN_TJX_TJMaxx 2H DIG_FY18,Viant,"PJNSGS_TJN_TJX_028_Data_VIANT INC_DSI_SV1_MWB_DIR_DSP_TRG_RON_BTG_CTG_DVY_PHASE 1_VIANT DIRECT MATCH RETAIL, TJX PORFOLIO LOYALISTS, DISPLAY_Fixed Placement_Behavioral_F25-54_320 x 50_Standard_NV_NA",204524922,10/3/2017,28172,192,27980,4,27976,1283,26693,20790,5903,1287,1002,21792
TJN_TJX_TJMaxx 2H DIG_FY18,Foursquare,"PK0H7Z_TJN_TJX_028_Audience_FOURSQUARE LABS, INC_DST_SV1_MAP_PRO_RCH_TRG_RON_PXT_BTG_DVY_PHASE 1_MOBILE RICH MEDIA STRATEGIC SAVERS - Fall Honeycomb_Run of Network_Geo_F25-54_300 x 250_Standard_NV_NA",205341980,9/19/2017,11442,627,10815,1831,8984,676,8308,1811,6497,2507,546,2357
TJN_TJX_TJMaxx 2H DIG_FY18,Conversant Inc.,PJPWPB_TJN_TJX_028_Audience_CONVERSANT_DST_SV1_DSK_NET_DSP_TRG_RON_BTG_BTG_DVY_PHASE 1_ DESKTOP RECTANGLE - CONVERSANT SHOPPERS AV_Run of Site_Behavioral_P18+_300 x 600_Standard_NV_NA,204447254,9/25/2017,187,9,178,0,178,58,120,37,83,58,18,55
TJN_TJX_TJMaxx 2H DIG_FY18,Conversant Inc.,PJPTMH_TJN_TJC_031_Audience_CONVERSANT_PUR_ROI_TAP_NET_DSP_TRG_RON_BTG_BTG_DVY_TABLET LEADERBOARD- COMPETITIVE CONQUESTING_Run of Site_Other_P18+_728 x 90_Standard_NV_NA,204483936,10/20/2017,88,0,88,0,88,15,73,17,56,15,3,20
TJN_TJX_TJMaxx 2H DIG_FY18,xAd Inc.,PKF499_TJN_TJX_028_Mobile_GROUND TRUTH FKA XAD_DST_SV1_MAP_DIR_DSP_TRG_RON_BTG_BTG_DVY_PHASE 1_BEHAVIORAL AUDIENCE TRENDSETTERS PLACEMENT - STANDARD BANNER - Booties_Run of Network_Behavioral_F25-54_300 x 250_Click and View_NV_NA,206832846,10/16/2017,4240,71,4169,2878,1291,2,1289,1224,65,2880,2735,3959
TJN_TJX_TJMaxx 2H DIG_FY18,xAd Inc.,PJMTN9_TJN_TJX_028_Mobile_GROUND TRUTH FKA XAD_DST_SV1_MAP_DIR_DSP_TRG_RON_BTG_BTG_DVY_PHASE 1_BEHAVIORAL AUDIENCE STRATEGIC SAVERS PLACEMENT - STANDARD BANNER - Fall Handbag_Run of Network_Behavioral_F25-54_300 x 250_Click and View_NV_NA,204447293,10/15/2017,9976,206,9770,9528,242,1,241,191,50,9529,7552,7743
TJN_TJX_TJMaxx 2H DIG_FY18,Viant,"PK2X7J_TJN_TJX_028_Data_VIANT INC_DSI_SV1_MWB_DIR_RCH_TRG_INT_BTG_CTG_DVY_PHASE 1_VIANT IMP, W25-54 STRATEGIC SAVERS, CONTOBOX - Honeycomb_Fixed Placement_Behavioral_F25-54_300 x 250_Click and View_NV_NA",205688479,9/30/2017,1493,27,1466,3,1463,137,1326,294,1032,140,31,325
TJN_MAR_023_Marshalls 2H Digital_F18,xAd Inc.,PJQ0YF_TJN_MAR_023_Mobile_GROUND TRUTH FKA XAD_DST_SV1_MAP_DIR_RCH_TRG_RON_WEA_PXT_DVY_PROXIMITY CONQUESTING - WEATHER LOCATOR UNIT_Run of Network_Weather_F25-54_300 x 250_Click and View_NV_NA,204596913,9/10/2017,500,7,493,123,370,2,368,334,34,125,113,447
TJN_TJX_TJMaxx 2H DIG_FY18,xAd Inc.,PJMTN0_TJN_TJX_028_Mobile_GROUND TRUTH FKA XAD_DST_SV1_MAP_DIR_DSP_TRG_RON_RTG_RTG_DVY_PHASE 1_LOCATION AUDIENCE TJX SHOPPERS PLACEMENT - STANDARD BANNER - Fall Handbag_Run of Network_Retarget_F25-54_300 x 250_Click and View_NV_NA,204447842,9/21/2017,11590,250,11340,11284,56,1,55,52,3,11285,10669,10721
TJN_TJX_TJMaxx 2H DIG_FY18,Conversant Inc.,PJPWBT_TJN_TJX_028_Audience_CONVERSANT_DST_SV1_DSK_NET_DSP_TRG_RON_BTG_BTG_DVY_PHASE 1_ DESKTOP LEADERBOARD - CJ INTERACTORS LAL MODELING_Run of Site_Behavioral_P18+_728 x 90_Standard_NV_NA,204446096,10/8/2017,19801,1372,18429,0,18429,1913,16516,9012,7504,1913,1044,10056
TJN_TJX_TJMaxx 2H DIG_FY18,Viant,"PJNSH8_TJN_TJX_028_Data_VIANT INC_DSI_SV1_TWB_DIR_DSP_TRG_RON_BTG_CTG_DVY_PHASE 1_VIANT DIRECT MATCH RETAIL, COMPETITIVE CONQUESTING, DISPLAY_Fixed Placement_Behavioral_F25-54_728 x 90_Standard_NV_NA",204483019,9/21/2017,149,0,149,0,149,9,140,82,58,9,5,87
TJN_TJX_TJMaxx 2H DIG_FY18,Viant,"PJSPBS_TJN_TJC_031_Data_VIANT INC_PUR_ROI_DSK_DIR_DSP_TRG_RON_BTG_MKT_DVY_DETERMINSTIC LAL OF ECOM CONVERTERS, CROSS DEVICE DISPLAY_Fixed Placement_Behavioral_F25-54_728 x 90_Click_NV_NA",204733518,10/10/2017,21432,1911,19521,13,19508,833,18675,15225,3450,846,690,15915
TJN_MAR_023_Marshalls 2H Digital_F18,NinthDecimal,PJPSS0_TJN_MAR_023_Mobile_NINTHDECIMAL_DST_SV1_MAP_DIR_RCH_TRG_RON_BTG_DMA_DVY_3RD PARTY: SURPRISE CHOOSERS_Run of Network_Behavioral_F25-54_320 x 50_Click and View_NV_NA,204595875,10/9/2017,20244,192,20052,4743,15309,110,15199,14529,670,4853,4639,19168
TJN_MAR_023_Marshalls 2H Digital_F18,xAd Inc.,PJQ0YL_TJN_MAR_023_Mobile_GROUND TRUTH FKA XAD_DST_SV1_MAP_DIR_DSP_TRG_RON_BTG_PXT_DVY_COMPETITOR SHOPPERS - DYNAMIC DISTANCE_Run of Network_Geo_F25-54_320 x 50_Click and View_NV_NA,204595638,10/17/2017,6436,72,6364,4053,2311,61,2250,2035,215,4114,3718,5753
TJN_TJX_TJMaxx 2H DIG_FY18,Hulu,PK3CXL_TJN_TJX_027_Content_HULU_BAF_BS2_TAP_DIR_CUS_SPN_CHS_CTG_CTG_DVY_FALL TV SPONSORSHIP: PREMIUM SLATE - TABLET IN APP_FEP_Contextual_F25-54_1920 x 1080_Standard_NV_NA,205726818,9/26/2017,1,0,1,1,0,0,0,0,0,1,1,1
TJN_MAR_023_Marshalls 2H Digital_F18,xAd Inc.,PJQ0Y9_TJN_MAR_023_Mobile_GROUND TRUTH FKA XAD_DST_SV1_MAP_DIR_RCH_TRG_RON_WEA_PXT_DVY_PROXIMITY LOYALTY - WEATHER LOCATOR UNIT_Run of Network_Weather_F25-54_300 x 250_Click and View_NV_NA,204541757,10/15/2017,138148,1720,136428,35200,101228,2377,98851,76569,22282,37577,29107,105676
TJN_MAR_023_Marshalls 2H Digital_F18,NinthDecimal,PJPSRZ_TJN_MAR_023_Mobile_NINTHDECIMAL_DST_SV1_MAP_DIR_RCH_TRG_RON_BTG_DMA_DVY_CONSUMER JOURNEY: BARGAIN HUNTERS_Run of Network_Behavioral_F25-54_320 x 50_Click and View_NV_NA,204542873,9/12/2017,32747,562,32185,11928,20257,128,20129,19612,517,12056,11746,31358
TJN_TJX_TJMaxx 2H DIG_FY18,Viant,"PJNSHB_TJN_TJX_028_Data_VIANT INC_DSI_SV1_MWB_DIR_DSP_TRG_RON_BTG_CTG_DVY_PHASE 1_VIANT DIRECT MATCH RETAIL, COMPETITIVE CONQUESTING, DISPLAY_Fixed Placement_Behavioral_F25-54_300 x 50_Standard_NV_NA",204478658,10/17/2017,64,1,63,0,63,9,54,47,7,9,8,55
TJN_TJX_TJMaxx 2H DIG_FY18,Foursquare,"PJPRQJ_TJN_TJX_028_Audience_FOURSQUARE LABS, INC_DST_SV1_MAP_PRO_DSP_TRG_RON_PXT_BTG_DVY_PHASE 1_PINPOINT STRATEGIC SAVERS AV_Run of Network_Geo_F25-54_320 x 50_Standard_NV_NA",204525369,9/19/2017,1378,116,1262,275,987,42,945,705,240,317,236,941
TJN_TJX_TJMaxx 2H DIG_FY18,xAd Inc.,PJMTNC_TJN_TJX_028_Mobile_GROUND TRUTH FKA XAD_DST_SV1_MAP_DIR_DSP_TRG_RON_BTG_BTG_DVY_PHASE 1_BEHAVIORAL AUDIENCE TRENDSETTERS PLACEMENT - STANDARD BANNER - Maxx You Maxx Life_Run of Network_Behavioral_F25-54_320 x 50_Click and View_NV_NA,204447830,9/20/2017,41617,779,40838,7595,33243,12944,20299,18783,1516,20539,18865,37648
TJN_TJX_TJMaxx 2H DIG_FY18,Foursquare,"PK0H82_TJN_TJX_028_Audience_FOURSQUARE LABS, INC_DST_SV1_MAP_PRO_RCH_TRG_RON_PXT_BTG_DVY_PHASE 1_MOBILE RICH MEDIA TRENDSETTERS - Find A Store_Run of Network_Geo_F25-54_320 x 50_Standard_NV_NA",205394971,10/5/2017,34731,943,33788,25345,8443,621,7822,5373,2449,25966,17836,23209
TJN_TJX_TJMaxx 2H DIG_FY18,xAd Inc.,PJMTN9_TJN_TJX_028_Mobile_GROUND TRUTH FKA XAD_DST_SV1_MAP_DIR_DSP_TRG_RON_BTG_BTG_DVY_PHASE 1_BEHAVIORAL AUDIENCE STRATEGIC SAVERS PLACEMENT - STANDARD BANNER - Fall Handbag_Run of Network_Behavioral_F25-54_300 x 250_Click and View_NV_NA,204447293,10/10/2017,7243,65,7178,7169,9,0,9,7,2,7169,5576,5583
TJN_TJX_TJMaxx 2H DIG_FY18,Viant,"PJSPBR_TJN_TJC_031_Data_VIANT INC_PUR_ROI_DSK_DIR_DSP_TRG_RON_BTG_MKT_DVY_DETERMINSTIC LAL OF ECOM CONVERTERS, CROSS DEVICE DISPLAY_Fixed Placement_Behavioral_F25-54_300 x 250_Click_NV_NA",204715645,10/5/2017,17585,1275,16310,0,16310,604,15706,10144,5562,604,390,10534
TJN_TJX_TJMaxx 2H DIG_FY18,Conversant Inc.,PJPWPB_TJN_TJX_028_Audience_CONVERSANT_DST_SV1_DSK_NET_DSP_TRG_RON_BTG_BTG_DVY_PHASE 1_ DESKTOP RECTANGLE - CONVERSANT SHOPPERS AV_Run of Site_Behavioral_P18+_300 x 600_Standard_NV_NA,204447254,10/12/2017,257,29,228,0,228,63,165,116,49,63,44,160
TJN_MAR_023_Marshalls 2H Digital_F18,xAd Inc.,PJQ0YR_TJN_MAR_023_Mobile_GROUND TRUTH FKA XAD_DST_SV1_MAP_DIR_DSP_TRG_RON_PXT_BTG_DVY_GEOBLOCKS CONQUESTING - DYNAMIC DISTANCE_Run of Network_Geo_F25-54_300 x 250_Click and View_NV_NA,204555244,9/29/2017,5414,787,4627,4611,16,1,15,2,13,4612,615,617
TJN_TJX_TJMaxx 2H DIG_FY18,xAd Inc.,PJYDBQ_TJN_TJX_028_Mobile_GROUND TRUTH FKA XAD_DST_SV1_MAP_DIR_RCH_TRG_RON_BTG_BTG_DVY_PHASE 1_BEHAVIORAL AUDIENCE TRENDSETTERS PLACEMENT - RICH MEDIA STORE LOCATOR - Fall Hero_Run of Network_Behavioral_F25-54_300 x 250_Click and View_NV_NA,205145231,9/27/2017,3315,29,3286,50,3236,24,3212,3070,142,74,71,3141
TJN_MAR_023_Marshalls 2H Digital_F18,xAd Inc.,PJQ0Y9_TJN_MAR_023_Mobile_GROUND TRUTH FKA XAD_DST_SV1_MAP_DIR_RCH_TRG_RON_WEA_PXT_DVY_PROXIMITY LOYALTY - WEATHER LOCATOR UNIT_Run of Network_Weather_F25-54_300 x 250_Click and View_NV_NA,204541757,10/10/2017,100640,498,100142,11196,88946,2543,86403,60307,26096,13739,9589,69896
TJN_TJX_TJMaxx 2H DIG_FY18,PlaceIQ,PK18VC_TJN_TJX_028_Mobile_PLACEIQ INC_DST_SV1_MAP_DIR_RCH_TRG_RON_BTG_PXT_DVY_PHASE 1_RICH MEDIA_TJX PORTFOLIO LOYALISTS_Run of Network_Behavioral_F25-54_320 x 50_Click and View_NV_NA,205568912,9/29/2017,81185,2167,79018,51027,27991,1152,26839,26509,330,52179,51537,78046
TJN_TJX_TJMaxx 2H DIG_FY18,xAd Inc.,PJMTN8_TJN_TJX_028_Mobile_GROUND TRUTH FKA XAD_DST_SV1_MAP_DIR_DSP_TRG_RON_BTG_BTG_DVY_PHASE 1_BEHAVIORAL AUDIENCE STRATEGIC SAVERS PLACEMENT - STANDARD BANNER - Maxx You Maxx Life_Run of Network_Behavioral_F25-54_320 x 50_Click and View_NV_NA,204447851,9/11/2017,21925,193,21732,3318,18414,476,17938,15283,2655,3794,3232,18515
TJN_TJX_TJMaxx 2H DIG_FY18,xAd Inc.,PJPXK0_TJN_TJX_028_Mobile_GROUND TRUTH FKA XAD_DST_SV1_MAP_DIR_DSP_TRG_RON_BTG_BTG_DVY_PHASE 1_BEHAVIORAL AUDIENCE TRENDSETTERS PLACEMENT - STANDARD BANNER - TJMaxx_Run of Network_Behavioral_F25-54_320 x 50_Click and View_NV_NA,204483993,9/20/2017,41980,768,41212,5949,35263,14448,20815,19810,1005,20397,19225,39035
TJN_TJX_TJMaxx 2H DIG_FY18,Viant,"PJSPBS_TJN_TJC_031_Data_VIANT INC_PUR_ROI_DSK_DIR_DSP_TRG_RON_BTG_MKT_DVY_DETERMINSTIC LAL OF ECOM CONVERTERS, CROSS DEVICE DISPLAY_Fixed Placement_Behavioral_F25-54_728 x 90_Click_NV_NA",204733518,10/15/2017,38228,1031,37197,3,37194,1779,35415,29220,6195,1782,1470,30690
TJN_TJX_TJMaxx 2H DIG_FY18,Viant,"PJSPCJ_TJN_TJC_031_Data_VIANT INC_PUR_ROI_MWB_DIR_DSP_TRG_RON_BTG_MKT_DVY_W25-54 + ONLINE SHOPPERS, CROSS DEVICE DISPLAY_Fixed Placement_Behavioral_F25-54_300 x 250_Click_NV_NA",204733038,10/21/2017,102,4,98,0,98,10,88,27,61,10,3,30
TJN_TJX_TJMaxx 2H DIG_FY18,xAd Inc.,PJPXJS_TJN_TJX_028_Mobile_GROUND TRUTH FKA XAD_DST_SV1_MAP_DIR_DSP_TRG_RON_RTG_RTG_DVY_PHASE 1_LOCATION AUDIENCE COMPETITIVE CONQUESTING PLACEMENT - STANDARD BANNER - Fall Hero_Run of Network_Retarget_F25-54_300 x 250_Click and View_NV_NA,204446153,10/6/2017,15978,487,15491,12733,2758,42,2716,2639,77,12775,12409,15048
TJN_TJX_TJMaxx 2H DIG_FY18,Viant,"PJNSHF_TJN_TJX_028_Data_VIANT INC_DSI_SV1_MWB_DIR_DSP_TRG_RON_BTG_CTG_DVY_PHASE 1_VIANT DIRECT MATCH RETAIL, COMPETITIVE CONQUESTING, DISPLAY_Fixed Placement_Behavioral_F25-54_300 x 250_Standard_NV_NA",204483016,10/7/2017,19,2,17,0,17,3,14,9,5,3,2,11
TJN_TJX_TJMaxx 2H DIG_FY18,Conversant Inc.,PJPTLP_TJN_TJC_031_Audience_CONVERSANT_PUR_ROI_DSK_NET_DSP_TRG_RON_BTG_BTG_DVY_DESKTOP LEADERBOARD- TRENDSETTERS_Run of Site_Other_P18+_728 x 90_Standard_NV_NA,204447782,10/7/2017,11782,429,11353,0,11353,2430,8923,5619,3304,2430,1530,7149
TJN_TJX_TJMaxx 2H DIG_FY18,Viant,"PJNSGR_TJN_TJX_028_Data_VIANT INC_DSI_SV1_TWB_DIR_DSP_TRG_RON_BTG_CTG_DVY_PHASE 1_VIANT DIRECT MATCH RETAIL, TJX PORFOLIO LOYALISTS, DISPLAY_Fixed Placement_Behavioral_F25-54_160 x 600_Standard_NV_NA",204478520,9/30/2017,767,9,758,0,758,76,682,94,588,76,10,104
TJN_TJX_TJMaxx 2H DIG_FY18,Viant,"PJNSH9_TJN_TJX_028_Data_VIANT INC_DSI_SV1_TWB_DIR_DSP_TRG_RON_BTG_CTG_DVY_PHASE 1_VIANT DIRECT MATCH RETAIL, COMPETITIVE CONQUESTING, DISPLAY_Fixed Placement_Behavioral_F25-54_300 x 250_Standard_NV_NA",204526701,9/11/2017,130,3,127,0,127,9,118,60,58,9,5,65
TJN_TJX_TJMaxx 2H DIG_FY18,Viant,"PJNSGV_TJN_TJX_028_Data_VIANT INC_DSI_SV1_DSK_DIR_DSP_TRG_RON_BTG_CTG_DVY_PHASE 1_VIANT DIRECT MATCH RETAIL, TJX PORFOLIO LOYALISTS, DISPLAY_Fixed Placement_Behavioral_F25-54_728 x 90_Standard_NV_NA",204478511,10/6/2017,35894,1300,34594,0,34594,1117,33477,25514,7963,1117,851,26365
TJN_TJX_TJMaxx 2H DIG_FY18,Foursquare,"PJMQ2K_TJN_TJX_028_Audience_FOURSQUARE LABS, INC_DST_SV1_MAP_PRO_DSP_TRG_RON_PXT_BTG_DVY_PHASE 1_PINPOINT STRATEGIC SAVERS_Run of Network_Geo_F25-54_320 x 50_Standard_NV_NA",204483454,9/27/2017,117927,8342,109585,51576,58009,2523,55486,44042,11444,54099,42941,86983
TJN_TJX_TJMaxx 2H DIG_FY18,xAd Inc.,PJMTN4_TJN_TJX_028_Mobile_GROUND TRUTH FKA XAD_DST_SV1_MAP_DIR_RCH_TRG_RON_BTG_BTG_DVY_PHASE 1_BEHAVIORAL AUDIENCE TRENDSETTERS PLACEMENT - RICH MEDIA STORE LOCATOR - Fall Handbag_Run of Network_Behavioral_F25-54_300 x 250_Click and View_NV_NA,204447281,9/28/2017,3571,39,3532,45,3487,13,3474,3357,117,58,56,3413
TJN_TJX_TJMaxx 2H DIG_FY18,Viant,"PK2X7C_TJN_TJX_028_Data_VIANT INC_DSI_SV1_TWB_DIR_RCH_TRG_INT_BTG_CTG_DVY_PHASE 1_VIANT IMP, W25-54 STRATEGIC SAVERS, CONTOBOX - Honeycomb_Fixed Placement_Behavioral_F25-54_160 x 600_Click and View_NV_NA",205685992,10/8/2017,22,0,22,0,22,1,21,2,19,1,0,2
TJN_TJX_TJMaxx 2H DIG_FY18,Conversant Inc.,PJNPMH_TJN_TJC_031_Audience_CONVERSANT_PUR_ROI_MAP_NET_DSP_TRG_RON_BTG_BTG_DVY_SMARTPHONE SMALL BANNER - STRATEGIC SAVERS_Run of Site_Other_P18+_320 x 50_Standard_NV_NA,204442066,10/15/2017,45913,503,45410,8,45402,3584,41818,31905,9913,3592,2741,34646
TJN_TJX_TJMaxx 2H DIG_FY18,xAd Inc.,PJMTN3_TJN_TJX_028_Mobile_GROUND TRUTH FKA XAD_DST_SV1_MAP_DIR_DSP_TRG_RON_RTG_RTG_DVY_PHASE 1_LOCATION AUDIENCE COMPETITIVE CONQUESTING PLACEMENT - STANDARD BANNER - Maxx You Maxx Life_Run of Network_Retarget_F25-54_320 x 50_Click and View_NV_NA,204442933,9/7/2017,28667,441,28226,5876,22350,2708,19642,15822,3820,8584,7025,22847
TJN_TJX_TJMaxx 2H DIG_FY18,Viant,"PJSPCF_TJN_TJC_031_Data_VIANT INC_PUR_ROI_DSK_DIR_DSP_TRG_RON_BTG_MKT_DVY_W25-54 + ONLINE SHOPPERS, CROSS DEVICE DISPLAY_Fixed Placement_Behavioral_F25-54_320 x 50_Click_NV_NA",204715639,10/13/2017,2891,53,2838,0,2838,368,2470,2013,457,368,300,2313
TJN_TJX_TJMaxx 2H DIG_FY18,Hulu,PK3CXH_TJN_TJX_027_Content_HULU_BAF_BS2_DSK_DIR_CUS_SPN_CHS_CTG_CTG_DVY_FALL TV SPONSORSHIP: PREMIUM SLATE - DESKTOP_FEP_Contextual_F25-54_1920 x 1080_Standard_NV_NA,205683922,10/21/2017,42982,590,42392,42392,0,0,0,0,0,42392,32171,32171
TJN_TJX_TJMaxx 2H DIG_FY18,xAd Inc.,PJMTN5_TJN_TJX_028_Mobile_GROUND TRUTH FKA XAD_DST_SV1_MAP_DIR_RCH_TRG_RON_BTG_BTG_DVY_PHASE 1_BEHAVIORAL AUDIENCE TRENDSETTERS PLACEMENT - RICH MEDIA STORE LOCATOR - TJ Maxx_Run of Network_Behavioral_F25-54_320 x 50_Click and View_NV_NA,204442936,9/25/2017,30531,450,30081,13185,16896,347,16549,15537,1012,13532,12704,28241
TJN_TJX_TJMaxx 2H DIG_FY18,Viant,"PK2V4Y_TJN_TJX_028_Data_VIANT INC_DSI_SV1_MWB_DIR_RCH_TRG_INT_BTG_CTG_DVY_PHASE 1_VIANT IMP, W25-54 STRATEGIC SAVERS, CONTOBOX - Fall Homes_Fixed Placement_Behavioral_F25-54_320 x 50_Click and View_NV_NA",205685980,10/19/2017,5,3,2,1,1,0,1,1,0,1,1,2
TJN_TJX_TJMaxx 2H DIG_FY18,xAd Inc.,PKF429_TJN_TJX_028_Mobile_GROUND TRUTH FKA XAD_DST_SV1_MAP_DIR_RCH_TRG_RON_BTG_BTG_DVY_PHASE 1_BEHAVIORAL AUDIENCE STRATEGIC SAVERS PLACEMENT - RICH MEDIA STORE LOCATOR - Booties_Run of Network_Behavioral_F25-54_300 x 250_Click and View_NV_NA,206833602,10/20/2017,2658,47,2611,1105,1506,66,1440,658,782,1171,535,1193
TJN_TJX_TJMaxx 2H DIG_FY18,Conversant Inc.,PJPWBX_TJN_TJX_028_Audience_CONVERSANT_DST_SV1_DSK_NET_DSP_TRG_RON_BTG_BTG_DVY_PHASE 1_ DESKTOP WIDE SKYSCRAPER - CJ INTERACTORS LAL MODELING_Run of Site_Behavioral_P18+_160 x 600_Standard_NV_NA,204442033,10/21/2017,1015,58,957,1,956,145,811,266,545,146,48,314
TJN_TJX_TJMaxx 2H DIG_FY18,Foursquare,"PJPRQJ_TJN_TJX_028_Audience_FOURSQUARE LABS, INC_DST_SV1_MAP_PRO_DSP_TRG_RON_PXT_BTG_DVY_PHASE 1_PINPOINT STRATEGIC SAVERS AV_Run of Network_Geo_F25-54_320 x 50_Standard_NV_NA",204525369,9/13/2017,1541,36,1505,319,1186,74,1112,728,384,393,257,985
TJN_TJX_TJMaxx 2H DIG_FY18,Conversant Inc.,PJPWBY_TJN_TJX_028_Audience_CONVERSANT_DST_SV1_MAP_NET_DSP_TRG_RON_BTG_BTG_DVY_PHASE 1_ SMARTPHONE SMALL BANNER  - CJ INTERACTORS LAL MODELING_Run of Site_Behavioral_P18+_320 x 50_Standard_NV_NA,204442030,10/5/2017,6044,66,5978,10,5968,888,5080,3112,1968,898,550,3662
TJN_TJX_TJMaxx 2H DIG_FY18,Foursquare,"PJPRQJ_TJN_TJX_028_Audience_FOURSQUARE LABS, INC_DST_SV1_MAP_PRO_DSP_TRG_RON_PXT_BTG_DVY_PHASE 1_PINPOINT STRATEGIC SAVERS AV_Run of Network_Geo_F25-54_320 x 50_Standard_NV_NA",204525369,10/13/2017,3,0,3,1,2,1,1,1,0,2,2,3
TJN_TJX_TJMaxx 2H DIG_FY18,Viant,"PK2V4Z_TJN_TJX_028_Data_VIANT INC_DSI_SV1_MWB_DIR_RCH_TRG_INT_BTG_CTG_DVY_PHASE 1_VIANT IMP, W25-54 STRATEGIC SAVERS, CONTOBOX - Fall Homes_Fixed Placement_Behavioral_F25-54_300 x 250_Click and View_NV_NA",205726911,10/15/2017,7,1,6,3,3,0,3,3,0,3,3,6
TJN_MAR_023_Marshalls 2H Digital_F18,xAd Inc.,PJQ0YN_TJN_MAR_023_Mobile_GROUND TRUTH FKA XAD_DST_SV1_MAP_DIR_DSP_TRG_RON_PXT_BTG_DVY_GEOBLOCKS LOYALTY - DYNAMIC DISTANCE_Run of Network_Geo_F25-54_320 x 50_Click and View_NV_NA,204558328,9/25/2017,26859,684,26175,19984,6191,550,5641,5215,426,20534,17540,22755
TJN_TJX_TJMaxx 2H DIG_FY18,Viant,"PJNSGV_TJN_TJX_028_Data_VIANT INC_DSI_SV1_DSK_DIR_DSP_TRG_RON_BTG_CTG_DVY_PHASE 1_VIANT DIRECT MATCH RETAIL, TJX PORFOLIO LOYALISTS, DISPLAY_Fixed Placement_Behavioral_F25-54_728 x 90_Standard_NV_NA",204478511,10/11/2017,29768,784,28984,0,28984,401,28583,23422,5161,401,329,23751
TJN_TJX_TJMaxx 2H DIG_FY18,Foursquare,"PJPRVH_TJN_TJX_028_Audience_FOURSQUARE LABS, INC_DST_SV1_MAP_PRO_DSP_TRG_RON_PXT_BTG_DVY_PHASE 1_PINPOINT COMPETITIVE CONQUESTING AV_Run of Network_Geo_F25-54_320 x 50_Standard_NV_NA",204478088,9/17/2017,5539,283,5256,3422,1834,104,1730,1362,368,3526,2776,4138
TJN_TJX_TJMaxx 2H DIG_FY18,xAd Inc.,PJPXK2_TJN_TJX_028_Mobile_GROUND TRUTH FKA XAD_DST_SV1_MAP_DIR_DSP_TRG_RON_PXT_PXT_DVY_PHASE 1_PROXIMITY LOYALTY PLACEMENT - STANDARD BANNER - Fall Hero_Run of Network_Geo_F25-54_300 x 250_Click and View_NV_NA,204442945,10/12/2017,9852,143,9709,9700,9,0,9,9,0,9700,9700,9709
TJN_TJX_TJMaxx 2H DIG_FY18,Conversant Inc.,PJPTLN_TJN_TJC_031_Audience_CONVERSANT_PUR_ROI_MAP_NET_DSP_TRG_RON_BTG_BTG_DVY_SMARTPHONE MEDIUM RECTANGLE - TRENDSETTERS_Run of Site_Other_P18+_300 x 250_Standard_NV_NA,204446141,10/16/2017,1168,8,1160,0,1160,179,981,587,394,179,107,694
TJN_MAR_023_Marshalls 2H Digital_F18,xAd Inc.,PJQ0Y7_TJN_MAR_023_Mobile_GROUND TRUTH FKA XAD_DST_SV1_MAP_DIR_DSP_TRG_RON_PXT_BTG_DVY_PROXIMITY LOYALTY - DYNAMIC DISTANCE_Run of Network_Geo_F25-54_300 x 250_Click and View_NV_NA,204541754,9/8/2017,30730,503,30227,30144,83,2,81,68,13,30146,25306,25374
TJN_TJX_TJMaxx 2H DIG_FY18,Viant,"PJNSGM_TJN_TJX_028_Data_VIANT INC_DSI_SV1_TWB_DIR_DSP_TRG_RON_BTG_CTG_DVY_PHASE 1_VIANT DIRECT MATCH RETAIL, TJX PORFOLIO LOYALISTS, DISPLAY_Fixed Placement_Behavioral_F25-54_728 x 90_Standard_NV_NA",204526722,9/29/2017,834,0,834,0,834,83,751,371,380,83,41,412
TJN_TJX_TJMaxx 2H DIG_FY18,xAd Inc.,PJPXJS_TJN_TJX_028_Mobile_GROUND TRUTH FKA XAD_DST_SV1_MAP_DIR_DSP_TRG_RON_RTG_RTG_DVY_PHASE 1_LOCATION AUDIENCE COMPETITIVE CONQUESTING PLACEMENT - STANDARD BANNER - Fall Hero_Run of Network_Retarget_F25-54_300 x 250_Click and View_NV_NA,204446153,10/11/2017,8544,181,8363,8344,19,0,19,11,8,8344,4831,4842
TJN_TJX_TJMaxx 2H DIG_FY18,Conversant Inc.,PJPTMN_TJN_TJC_031_Audience_CONVERSANT_PUR_ROI_MAP_NET_DSP_TRG_RON_BTG_BTG_DVY_SMARTPHONE MEDIUM RECTANGLE - COMPETITIVE CONQUESTING_Run of Site_Other_P18+_300 x 250_Standard_NV_NA,204447221,10/20/2017,1422,16,1406,0,1406,289,1117,182,935,289,47,229
TJN_TJX_TJMaxx 2H DIG_FY18,NBC Universal Media,PK3H7D_TJN_TJX_028_Content_NBCUNI.COM_BAF_BS2_DSK_DIR_DSP_SPN_HPT_CTG_CTG_DCM_100% SOV NBC HOMEPAGE ROADBLOCK 10/10 - 728X90 MOBILE_HP Takeover_Contextual_F25-54_728 x 90_Standard_NV_NA,205685938,10/10/2017,5780,160,5620,8,5612,205,5407,4478,929,213,176,4654
TJN_TJX_TJMaxx 2H DIG_FY18,Foursquare,"PJPSSW_TJN_TJX_028_Audience_FOURSQUARE LABS, INC_DST_SV1_MAP_PRO_RCH_TRG_RON_PXT_BTG_DVY_PHASE 1_MOBILE RICH MEDIA STRATEGIC SAVERS - Find A TJ Maxx Store_Run of Network_Geo_F25-54_320 x 50_Standard_NV_NA",204525357,10/15/2017,20429,240,20189,7598,12591,858,11733,6904,4829,8456,4976,11880
TJN_TJX_TJMaxx 2H DIG_FY18,Foursquare,"PK0H83_TJN_TJX_028_Audience_FOURSQUARE LABS, INC_DST_SV1_MAP_PRO_RCH_TRG_RON_PXT_BTG_DVY_PHASE 1_MOBILE RICH MEDIA COMPETITIVE CONQUESTING - Fall Honeycomb_Run of Network_Geo_F25-54_300 x 250_Standard_NV_NA",205344161,9/21/2017,3044,129,2915,1066,1849,132,1717,537,1180,1198,375,912
TJN_TJX_TJMaxx 2H DIG_FY18,Viant,"PJNSGW_TJN_TJX_028_Data_VIANT INC_DSI_SV1_DSK_DIR_DSP_TRG_RON_BTG_CTG_DVY_PHASE 1_VIANT DIRECT MATCH RETAIL, TJX PORFOLIO LOYALISTS, DISPLAY_Fixed Placement_Behavioral_F25-54_300 x 250_Standard_NV_NA",204478514,10/4/2017,12043,654,11389,0,11389,625,10764,7400,3364,625,430,7830
TJN_TJX_TJMaxx 2H DIG_FY18,Viant,"PJNSGS_TJN_TJX_028_Data_VIANT INC_DSI_SV1_MWB_DIR_DSP_TRG_RON_BTG_CTG_DVY_PHASE 1_VIANT DIRECT MATCH RETAIL, TJX PORFOLIO LOYALISTS, DISPLAY_Fixed Placement_Behavioral_F25-54_320 x 50_Standard_NV_NA",204524922,10/14/2017,18077,217,17860,2,17858,884,16974,13088,3886,886,683,13771
TJN_TJX_TJMaxx 2H DIG_FY18,Conversant Inc.,PJPTLK_TJN_TJC_031_Audience_CONVERSANT_PUR_ROI_DSK_NET_DSP_TRG_RON_BTG_BTG_DVY_DESKTOP RECTANGLE- TRENDSETTERS_Run of Site_Other_P18+_300 x 600_Standard_NV_NA,204483963,10/7/2017,3068,92,2976,0,2976,710,2266,478,1788,710,150,628
TJN_TJX_TJMaxx 2H DIG_FY18,Conversant Inc.,PJPWPF_TJN_TJX_028_Audience_CONVERSANT_DST_SV1_TAP_NET_DSP_TRG_RON_BTG_BTG_DVY_PHASE 1_ TABLET LEADERBOARD - CONVERSANT SHOPPERS AV_Run of Site_Behavioral_P18+_728 x 90_Standard_NV_NA,204442915,9/25/2017,42,0,42,0,42,9,33,10,23,9,3,13
TJN_TJX_TJMaxx 2H DIG_FY18,Viant,"PJSPBR_TJN_TJC_031_Data_VIANT INC_PUR_ROI_DSK_DIR_DSP_TRG_RON_BTG_MKT_DVY_DETERMINSTIC LAL OF ECOM CONVERTERS, CROSS DEVICE DISPLAY_Fixed Placement_Behavioral_F25-54_300 x 250_Click_NV_NA",204715645,10/17/2017,40800,1758,39042,0,39042,2670,36372,30044,6328,2670,2205,32249
TJN_TJX_TJMaxx 2H DIG_FY18,Viant,"PJSPCK_TJN_TJC_031_Data_VIANT INC_PUR_ROI_MWB_DIR_DSP_TRG_RON_BTG_MKT_DVY_W25-54 + ONLINE SHOPPERS, CROSS DEVICE DISPLAY_Fixed Placement_Behavioral_F25-54_160 x 600_Click_NV_NA",204733041,10/16/2017,2479,154,2325,0,2325,173,2152,679,1473,173,55,734
TJN_TJX_TJMaxx 2H DIG_FY18,Foursquare,"PK0H82_TJN_TJX_028_Audience_FOURSQUARE LABS, INC_DST_SV1_MAP_PRO_RCH_TRG_RON_PXT_BTG_DVY_PHASE 1_MOBILE RICH MEDIA TRENDSETTERS - Find A Store_Run of Network_Geo_F25-54_320 x 50_Standard_NV_NA",205394971,10/17/2017,3,3,0,0,0,0,0,0,0,0,0,0
TJN_TJX_TJMaxx 2H DIG_FY18,Viant,"PJNSHD_TJN_TJX_028_Data_VIANT INC_DSI_SV1_DSK_DIR_DSP_TRG_RON_BTG_CTG_DVY_PHASE 1_VIANT DIRECT MATCH RETAIL, COMPETITIVE CONQUESTING, DISPLAY_Fixed Placement_Behavioral_F25-54_160 x 600_Standard_NV_NA",204477281,10/4/2017,66,0,66,0,66,9,57,23,34,9,4,27
TJN_MAR_023_Marshalls 2H Digital_F18,xAd Inc.,PJQ0YM_TJN_MAR_023_Mobile_GROUND TRUTH FKA XAD_DST_SV1_MAP_DIR_DSP_TRG_RON_BTG_PXT_DVY_COMPETITOR SHOPPERS - DYNAMIC DISTANCE_Run of Network_Geo_F25-54_300 x 250_Click and View_NV_NA,204555259,9/12/2017,6200,137,6063,6056,7,0,7,7,0,6056,6044,6051
TJN_TJX_TJMaxx 2H DIG_FY18,Viant,"PJNSHB_TJN_TJX_028_Data_VIANT INC_DSI_SV1_MWB_DIR_DSP_TRG_RON_BTG_CTG_DVY_PHASE 1_VIANT DIRECT MATCH RETAIL, COMPETITIVE CONQUESTING, DISPLAY_Fixed Placement_Behavioral_F25-54_300 x 50_Standard_NV_NA",204478658,10/5/2017,13,0,13,0,13,6,7,1,6,6,1,2
TJN_TJX_TJMaxx 2H DIG_FY18,Conversant Inc.,PJNPLV_TJN_TJX_028_Audience_CONVERSANT_DST_SV1_DSK_NET_DSP_TRG_RON_BTG_BTG_DVY_PHASE 1_ DESKTOP LEADERBOARD - CJ CONVERTERS LAL MODELING_Run of Site_Behavioral_P18+_728 x 90_Standard_NV_NA,204483933,10/14/2017,13878,681,13197,5,13192,1450,11742,5796,5946,1455,718,6514
TJN_TJX_TJMaxx 2H DIG_FY18,xAd Inc.,PKF49C_TJN_TJX_028_Mobile_GROUND TRUTH FKA XAD_DST_SV1_MAP_DIR_DSP_TRG_RON_BTG_BTG_DVY_PHASE 1_BEHAVIORAL AUDIENCE TRENDSETTERS PLACEMENT - STANDARD BANNER - Dresses_Run of Network_Behavioral_F25-54_300 x 250_Click and View_NV_NA,206832825,10/21/2017,2841,41,2800,2800,0,0,0,0,0,2800,2800,2800
TJN_TJX_TJMaxx 2H DIG_FY18,Foursquare,"PKFMKJ_TJN_TJX_028_Audience_FOURSQUARE LABS, INC_DST_SV1_MAP_PRO_RCH_TRG_RON_PXT_BTG_DVY_PHASE 1_MOBILE RICH MEDIA TRENDSETTERS - Find A Store V2_Run of Network_Geo_F25-54_320 x 50_Standard_NV_NA",206812600,10/16/2017,21075,311,20764,9264,11500,740,10760,6555,4205,10004,6094,12649
TJN_TJX_TJMaxx 2H DIG_FY18,Conversant Inc.,PJPWP8_TJN_TJX_028_Audience_CONVERSANT_DST_SV1_DSK_NET_DSP_TRG_RON_BTG_BTG_DVY_PHASE 1_ DESKTOP LEADERBOARD - CONVERSANT SHOPPERS AV_Run of Site_Behavioral_P18+_728 x 90_Standard_NV_NA,204446132,9/25/2017,683,51,632,0,632,165,467,275,192,165,97,372
TJN_TJX_TJMaxx 2H DIG_FY18,Conversant Inc.,PJPTLJ_TJN_TJC_031_Audience_CONVERSANT_PUR_ROI_TAP_NET_DSP_TRG_RON_BTG_BTG_DVY_TABLET MEDIUM RECTANGLE - TRENDSETTERS_Run of Site_Other_P18+_300 x 250_Standard_NV_NA,204447266,9/29/2017,2,0,2,0,2,0,2,0,2,0,0,0
TJN_MAR_023_Marshalls 2H Digital_F18,xAd Inc.,PJQ0YR_TJN_MAR_023_Mobile_GROUND TRUTH FKA XAD_DST_SV1_MAP_DIR_DSP_TRG_RON_PXT_BTG_DVY_GEOBLOCKS CONQUESTING - DYNAMIC DISTANCE_Run of Network_Geo_F25-54_300 x 250_Click and View_NV_NA,204555244,9/10/2017,6028,95,5933,5908,25,2,23,11,12,5910,2827,2838
TJN_MAR_023_Marshalls 2H Digital_F18,xAd Inc.,PJQ0YB_TJN_MAR_023_Mobile_GROUND TRUTH FKA XAD_DST_SV1_MAP_DIR_DSP_TRG_RON_PXT_BTG_DVY_PROXIMITY CONQUESTING - DYNAMIC DISTANCE_Run of Network_Geo_F25-54_320 x 50_Click and View_NV_NA,204541799,10/7/2017,6631,81,6550,5401,1149,221,928,661,267,5622,3848,4509
TJN_TJX_TJMaxx 2H DIG_FY18,PlaceIQ,PK19YY_TJN_TJX_028_Mobile_PLACEIQ INC_DST_SV1_MAP_DIR_RCH_TRG_RON_BTG_PTG_DVY_PHASE 1_RICH MEDIA_STRATEGIC SAVERS_FREQUENT WOMEN'S APPAREL SHOPPER+DISCRETIONARY SPEND SHOPPERS_Run of Network_Behavioral_F25-54_320 x 50_Click and View_NV_NA,205568681,10/10/2017,36477,711,35766,14120,21646,673,20973,20584,389,14793,14519,35103
TJN_TJX_TJMaxx 2H DIG_FY18,xAd Inc.,PJPXJR_TJN_TJX_028_Mobile_GROUND TRUTH FKA XAD_DST_SV1_MAP_DIR_DSP_TRG_RON_RTG_RTG_DVY_PHASE 1_LOCATION AUDIENCE TJX SHOPPERS PLACEMENT - STANDARD BANNER - Fall Hero_Run of Network_Retarget_F25-54_300 x 250_Click and View_NV_NA,204442105,9/11/2017,11940,977,10963,10923,40,0,40,40,0,10923,10923,10963
TJN_TJX_TJMaxx 2H DIG_FY18,Foursquare,"PJPRQJ_TJN_TJX_028_Audience_FOURSQUARE LABS, INC_DST_SV1_MAP_PRO_DSP_TRG_RON_PXT_BTG_DVY_PHASE 1_PINPOINT STRATEGIC SAVERS AV_Run of Network_Geo_F25-54_320 x 50_Standard_NV_NA",204525369,9/16/2017,3494,306,3188,713,2475,129,2346,1658,688,842,595,2253
TJN_TJX_TJMaxx 2H DIG_FY18,Viant,"PK2X7H_TJN_TJX_028_Data_VIANT INC_DSI_SV1_MWB_DIR_RCH_TRG_INT_BTG_CTG_DVY_PHASE 1_VIANT IMP, W25-54 STRATEGIC SAVERS, CONTOBOX - Honeycomb_Fixed Placement_Behavioral_F25-54_320 x 50_Click and View_NV_NA",205725975,10/1/2017,25,10,15,6,9,2,7,7,0,8,8,15
TJN_TJX_TJMaxx 2H DIG_FY18,xAd Inc.,PJMTN4_TJN_TJX_028_Mobile_GROUND TRUTH FKA XAD_DST_SV1_MAP_DIR_RCH_TRG_RON_BTG_BTG_DVY_PHASE 1_BEHAVIORAL AUDIENCE TRENDSETTERS PLACEMENT - RICH MEDIA STORE LOCATOR - Fall Handbag_Run of Network_Behavioral_F25-54_300 x 250_Click and View_NV_NA,204447281,10/14/2017,1147,14,1133,16,1117,1,1116,1049,67,17,16,1065
TJN_TJX_TJMaxx 2H DIG_FY18,Conversant Inc.,PJPTMH_TJN_TJC_031_Audience_CONVERSANT_PUR_ROI_TAP_NET_DSP_TRG_RON_BTG_BTG_DVY_TABLET LEADERBOARD- COMPETITIVE CONQUESTING_Run of Site_Other_P18+_728 x 90_Standard_NV_NA,204483936,10/19/2017,302,4,298,1,297,61,236,70,166,62,18,88
TJN_TJX_TJMaxx 2H DIG_FY18,xAd Inc.,PJMTMR_TJN_TJX_028_Mobile_GROUND TRUTH FKA XAD_DST_SV1_MAP_DIR_RCH_TRG_RON_PXT_PXT_DVY_PHASE 1_PROXIMITY LOYALTY PLACEMENT - RICH MEDIA STORE LOCATOR - Fall Handbag_Run of Network_Geo_F25-54_300 x 250_Click and View_NV_NA,204442093,10/8/2017,14013,153,13860,2190,11670,121,11549,11013,536,2311,2204,13217
TJN_TJX_TJMaxx 2H DIG_FY18,Viant,"PJNSGT_TJN_TJX_028_Data_VIANT INC_DSI_SV1_DSK_DIR_DSP_TRG_RON_BTG_CTG_DVY_PHASE 1_VIANT DIRECT MATCH RETAIL, TJX PORFOLIO LOYALISTS, DISPLAY_Fixed Placement_Behavioral_F25-54_160 x 600_Standard_NV_NA",204483025,10/21/2017,8240,62,8178,48,8130,766,7364,4487,2877,814,496,4983
TJN_TJX_TJMaxx 2H DIG_FY18,Conversant Inc.,PJPWC1_TJN_TJX_028_Audience_CONVERSANT_DST_SV1_MAP_NET_DSP_TRG_RON_BTG_BTG_DVY_PHASE 1_ SMARTPHONE MEDIUM RECTANGLE  - CJ INTERACTORS LAL MODELING_Run of Site_Behavioral_P18+_300 x 250_Standard_NV_NA,204483942,10/8/2017,18182,232,17950,135,17815,2645,15170,4185,10985,2780,767,4952
TJN_TJX_TJMaxx 2H DIG_FY18,Viant,"PJSPBV_TJN_TJC_031_Data_VIANT INC_PUR_ROI_MWB_DIR_DSP_TRG_RON_BTG_MKT_DVY_DETERMINSTIC LAL OF ECOM CONVERTERS, CROSS DEVICE DISPLAY_Fixed Placement_Behavioral_F25-54_160 x 600_Click_NV_NA",204733791,10/20/2017,231,2,229,0,229,6,223,95,128,6,3,98
TJN_MAR_023_Marshalls 2H Digital_F18,Spotify USA Inc.,PK0HLF_TJN_MAR_023_Audience_SPOTIFY USA INC_DST_SV2_MAP_DIR_DSP_TRG_CMP_DMA_PXT_DVY_MOBILE AUDIO COMPANION BANNER 640X640_Run of Site_Geo_F25-54_640 x 640_Click and View_NV_NA,205566308,9/30/2017,135390,1383,134007,134007,0,0,0,0,0,134007,126102,126102
TJN_TJX_TJMaxx 2H DIG_FY18,Viant,"PJNSH9_TJN_TJX_028_Data_VIANT INC_DSI_SV1_TWB_DIR_DSP_TRG_RON_BTG_CTG_DVY_PHASE 1_VIANT DIRECT MATCH RETAIL, COMPETITIVE CONQUESTING, DISPLAY_Fixed Placement_Behavioral_F25-54_300 x 250_Standard_NV_NA",204526701,10/19/2017,12697,67,12630,1,12629,2525,10104,7543,2561,2526,1886,9429
TJN_MAR_023_Marshalls 2H Digital_F18,NinthDecimal,"PJPSS1_TJN_MAR_023_Mobile_NINTHDECIMAL_DST_SV1_MAP_DIR_RCH_TRG_RON_BTG_DMA_DVY_TV TARGETING: PEOPLE WHO WATCH BRAVO, TLC, HGTV, A&E, LIFETIME, DISCOVERY_Run of Network_Behavioral_F25-54_320 x 50_Click and View_NV_NA",204541508,9/15/2017,15556,330,15226,4582,10644,84,10560,10127,433,4666,4475,14602
TJN_TJX_TJMaxx 2H DIG_FY18,Conversant Inc.,PJPWBY_TJN_TJX_028_Audience_CONVERSANT_DST_SV1_MAP_NET_DSP_TRG_RON_BTG_BTG_DVY_PHASE 1_ SMARTPHONE SMALL BANNER  - CJ INTERACTORS LAL MODELING_Run of Site_Behavioral_P18+_320 x 50_Standard_NV_NA,204442030,10/17/2017,70942,1131,69811,204,69607,9409,60198,33801,26397,9613,5398,39199
TJN_TJX_TJMaxx 2H DIG_FY18,xAd Inc.,PJPXJX_TJN_TJX_028_Mobile_GROUND TRUTH FKA XAD_DST_SV1_MAP_DIR_DSP_TRG_RON_BTG_BTG_DVY_PHASE 1_BEHAVIORAL AUDIENCE STRATEGIC SAVERS PLACEMENT - STANDARD BANNER - TJMaxx_Run of Network_Behavioral_F25-54_320 x 50_Click and View_NV_NA,204447848,9/15/2017,20671,238,20433,3511,16922,9306,7616,6644,972,12817,11181,17825
TJN_TJX_TJMaxx 2H DIG_FY18,Viant,"PK2X7H_TJN_TJX_028_Data_VIANT INC_DSI_SV1_MWB_DIR_RCH_TRG_INT_BTG_CTG_DVY_PHASE 1_VIANT IMP, W25-54 STRATEGIC SAVERS, CONTOBOX - Honeycomb_Fixed Placement_Behavioral_F25-54_320 x 50_Click and View_NV_NA",205725975,9/23/2017,5719,38,5681,2,5679,516,5163,1230,3933,518,123,1353
TJN_TJX_TJMaxx 2H DIG_FY18,xAd Inc.,PJMTNQ_TJN_TJX_028_Mobile_GROUND TRUTH FKA XAD_DST_SV1_MAP_DIR_RCH_TRG_RON_BTG_BTG_DVY_PHASE 1_BEHAVIORAL AUDIENCE STRATEGIC SAVERS PLACEMENT - RICH MEDIA STORE LOCATOR - TJ Maxx_Run of Network_Behavioral_F25-54_320 x 50_Click and View_NV_NA,204447845,9/15/2017,4,1,3,3,0,0,0,0,0,3,2,2
TJN_TJX_TJMaxx 2H DIG_FY18,Foursquare,"PJPRQH_TJN_TJX_028_Audience_FOURSQUARE LABS, INC_DST_SV1_MAP_PRO_DSP_TRG_RON_PXT_BTG_DVY_PHASE 1_PINPOINT STRATEGIC SAVERS AV_Run of Network_Geo_F25-54_300 x 250_Standard_NV_NA",204481807,9/12/2017,930,58,872,186,686,68,618,164,454,254,67,231
TJN_MAR_023_Marshalls 2H Digital_F18,xAd Inc.,PJQ0YC_TJN_MAR_023_Mobile_GROUND TRUTH FKA XAD_DST_SV1_MAP_DIR_DSP_TRG_RON_PXT_BTG_DVY_PROXIMITY CONQUESTING - DYNAMIC DISTANCE_Run of Network_Geo_F25-54_300 x 250_Click and View_NV_NA,204595923,10/12/2017,11638,512,11126,11126,0,0,0,0,0,11126,1963,1963
TJN_TJX_TJMaxx 2H DIG_FY18,xAd Inc.,PJYDBR_TJN_TJX_028_Mobile_GROUND TRUTH FKA XAD_DST_SV1_MAP_DIR_RCH_TRG_RON_BTG_BTG_DVY_PHASE 1_BEHAVIORAL AUDIENCE TRENDSETTERS PLACEMENT - RICH MEDIA STORE LOCATOR - Maxx You Maxx Life_Run of Network_Behavioral_F25-54_320 x 50_Click and View_NV_NA,205145234,10/18/2017,4,0,4,4,0,0,0,0,0,4,3,3
TJN_TJX_TJMaxx 2H DIG_FY18,Viant,"PKGJ50_TJN_TJC_031_Data_VIANT INC_PUR_ROI_DSK_DIR_CUS_TRG_NAT_BTG_MKT_DVY_W25-54 + KEYWORD TARGETING, CROSS DEVICE NATIVE - Dresses_Fixed Placement_Contextual_F25-54_1 x 1_Click_NV_NA",206833302,10/21/2017,18369,966,17403,17403,0,0,0,0,0,17403,13207,13207
TJN_TJX_TJMaxx 2H DIG_FY18,Viant,"PJNSGM_TJN_TJX_028_Data_VIANT INC_DSI_SV1_TWB_DIR_DSP_TRG_RON_BTG_CTG_DVY_PHASE 1_VIANT DIRECT MATCH RETAIL, TJX PORFOLIO LOYALISTS, DISPLAY_Fixed Placement_Behavioral_F25-54_728 x 90_Standard_NV_NA",204526722,9/10/2017,824,66,758,0,758,193,565,414,151,193,141,555
TJN_TJX_TJMaxx 2H DIG_FY18,Conversant Inc.,PJNPMK_TJN_TJC_031_Audience_CONVERSANT_PUR_ROI_DSK_NET_DSP_TRG_RON_BTG_BTG_DVY_DESKTOP LEADERBOARD- STRATEGIC SAVERS_Run of Site_Other_P18+_728 x 90_Standard_NV_NA,204447263,9/21/2017,8,6,2,0,2,0,2,2,0,0,0,2
TJN_TJX_TJMaxx 2H DIG_FY18,Viant,"PK2X7H_TJN_TJX_028_Data_VIANT INC_DSI_SV1_MWB_DIR_RCH_TRG_INT_BTG_CTG_DVY_PHASE 1_VIANT IMP, W25-54 STRATEGIC SAVERS, CONTOBOX - Honeycomb_Fixed Placement_Behavioral_F25-54_320 x 50_Click and View_NV_NA",205725975,10/2/2017,26,10,16,6,10,4,6,6,0,10,10,16
TJN_MAR_023_Marshalls 2H Digital_F18,Spotify USA Inc.,PK0HN8_TJN_MAR_023_Audience_SPOTIFY USA INC_DST_SV2_MAP_DIR_DSP_TRG_ROS_DMA_PXT_DVY_MOBILE OVERLAY 630X920_Run of Site_Geo_F25-54_630 x 920_Click and View_NV_NA,205561904,9/27/2017,24980,395,24585,24585,0,0,0,0,0,24585,23055,23055
TJN_MAR_023_Marshalls 2H Digital_F18,xAd Inc.,PJQ0YB_TJN_MAR_023_Mobile_GROUND TRUTH FKA XAD_DST_SV1_MAP_DIR_DSP_TRG_RON_PXT_BTG_DVY_PROXIMITY CONQUESTING - DYNAMIC DISTANCE_Run of Network_Geo_F25-54_320 x 50_Click and View_NV_NA,204541799,9/8/2017,28054,471,27583,19014,8569,3482,5087,4605,482,22496,17470,22075
TJN_MAR_023_Marshalls 2H Digital_F18,xAd Inc.,PJQ0YF_TJN_MAR_023_Mobile_GROUND TRUTH FKA XAD_DST_SV1_MAP_DIR_RCH_TRG_RON_WEA_PXT_DVY_PROXIMITY CONQUESTING - WEATHER LOCATOR UNIT_Run of Network_Weather_F25-54_300 x 250_Click and View_NV_NA,204596913,9/6/2017,1077,13,1064,186,878,9,869,847,22,195,190,1037
TJN_TJX_TJMaxx 2H DIG_FY18,Viant,"PJSPCL_TJN_TJC_031_Data_VIANT INC_PUR_ROI_TWB_DIR_DSP_TRG_RON_BTG_MKT_DVY_W25-54 + ONLINE SHOPPERS, CROSS DEVICE DISPLAY_Fixed Placement_Behavioral_F25-54_728 x 90_Click_NV_NA",204715987,10/3/2017,61,12,49,0,49,3,46,35,11,3,2,37
TJN_TJX_TJMaxx 2H DIG_FY18,Viant,"PJNSGS_TJN_TJX_028_Data_VIANT INC_DSI_SV1_MWB_DIR_DSP_TRG_RON_BTG_CTG_DVY_PHASE 1_VIANT DIRECT MATCH RETAIL, TJX PORFOLIO LOYALISTS, DISPLAY_Fixed Placement_Behavioral_F25-54_320 x 50_Standard_NV_NA",204524922,9/28/2017,6,0,6,0,6,0,6,4,2,0,0,4
TJN_TJX_TJMaxx 2H DIG_FY18,xAd Inc.,PKF8TR_TJN_TJX_028_Mobile_GROUND TRUTH FKA XAD_DST_SV1_MAP_DIR_RCH_TRG_RON_PXT_PXT_DVY_PHASE 1_PROXIMITY LOYALTY PLACEMENT - RICH MEDIA STORE LOCATOR - Booties_Run of Network_Geo_F25-54_300 x 250_Click and View_NV_NA,206832813,10/18/2017,5453,61,5392,47,5345,15,5330,4939,391,62,57,4996
TJN_TJX_TJMaxx 2H DIG_FY18,Conversant Inc.,PJNPMD_TJN_TJC_031_Audience_CONVERSANT_PUR_ROI_TAP_NET_DSP_TRG_RON_BTG_BTG_DVY_TABLET MEDIUM RECTANGLE - STRATEGIC SAVERS_Run of Site_Other_P18+_300 x 250_Standard_NV_NA,204483960,10/15/2017,691,9,682,0,682,100,582,441,141,100,76,517
TJN_TJX_TJMaxx 2H DIG_FY18,Viant,"PJSPBT_TJN_TJC_031_Data_VIANT INC_PUR_ROI_MWB_DIR_DSP_TRG_RON_BTG_MKT_DVY_DETERMINSTIC LAL OF ECOM CONVERTERS, CROSS DEVICE DISPLAY_Fixed Placement_Behavioral_F25-54_300 x 250_Click_NV_NA",204732642,10/18/2017,711,11,700,2,698,87,611,338,273,89,49,387
TJN_TJX_TJMaxx 2H DIG_FY18,NBC Universal Media,PK2JQY_TJN_TJX_028_Content_NBCUNI.COM_BAF_BS2_OTT_DIR_VID_SPN_ROS_BTG_CTG_MOA_THIS IS US SPONSORSHIP: OTT - VIGNETTE 1_Run of Site_Behavioral_F25-54_1920 x 1080_Click and View_NV_NA,205566374,9/29/2017,1177,12,1165,1165,0,0,0,0,0,1165,863,863
TJN_TJX_TJMaxx 2H DIG_FY18,Foursquare,"PJPSSY_TJN_TJX_028_Audience_FOURSQUARE LABS, INC_DST_SV1_MAP_PRO_RCH_TRG_RON_PXT_BTG_DVY_PHASE 1_MOBILE RICH MEDIA TRENDSETTERS - Find A TJ Maxx Store_Run of Network_Geo_F25-54_320 x 50_Standard_NV_NA",204527598,9/20/2017,54590,1422,53168,38033,15135,1326,13809,9417,4392,39359,26841,36258
TJN_TJX_TJMaxx 2H DIG_FY18,xAd Inc.,PKF4ND_TJN_TJX_028_Mobile_GROUND TRUTH FKA XAD_DST_SV1_MAP_DIR_RCH_TRG_RON_BTG_BTG_DVY_PHASE 1_BEHAVIORAL AUDIENCE TRENDSETTERS PLACEMENT - RICH MEDIA STORE LOCATOR - Dresses_Run of Network_Behavioral_F25-54_300 x 250_Click and View_NV_NA,206812747,10/14/2017,1262,14,1248,24,1224,2,1222,1146,76,26,24,1170
TJN_TJX_TJMaxx 2H DIG_FY18,xAd Inc.,PJMTN8_TJN_TJX_028_Mobile_GROUND TRUTH FKA XAD_DST_SV1_MAP_DIR_DSP_TRG_RON_BTG_BTG_DVY_PHASE 1_BEHAVIORAL AUDIENCE STRATEGIC SAVERS PLACEMENT - STANDARD BANNER - Maxx You Maxx Life_Run of Network_Behavioral_F25-54_320 x 50_Click and View_NV_NA,204447851,10/19/2017,14819,135,14684,6788,7896,94,7802,5438,2364,6882,4797,10235
TJN_TJX_TJMaxx 2H DIG_FY18,NBC Universal Media,PK2KL1_TJN_TJX_028_Content_NBCUNI.COM_BAF_BS2_OTT_DIR_VID_SPN_ROS_BTG_CTG_MOA_THIS IS US SPONSORSHIP: OTT - VIGNETTE 3_Run of Site_Behavioral_F25-54_1920 x 1080_Click and View_NV_NA,205614505,10/17/2017,30829,45,30784,30784,0,0,0,0,0,30784,20563,20563
TJN_TJX_TJMaxx 2H DIG_FY18,Viant,"PK2V4W_TJN_TJX_028_Data_VIANT INC_DSI_SV1_DSK_DIR_RCH_TRG_INT_BTG_CTG_DVY_PHASE 1_VIANT IMP, W25-54 STRATEGIC SAVERS, CONTOBOX - Fall Homes_Fixed Placement_Behavioral_F25-54_728 x 90_Click and View_NV_NA",205687309,9/28/2017,9,3,6,1,5,2,3,3,0,3,3,6
TJN_TJX_TJMaxx 2H DIG_FY18,Viant,"PKGK55_TJN_TJX_028_Data_VIANT INC_DSI_SV1_DSK_DIR_CUS_TRG_NAT_BTG_CTG_DVY_PHASE 1_VIANT LIFESTYLE, TRENDSETTERS NATIVE- Dresses_Fixed Placement_Contextual_F25-54_0 x 0_Click and View_NV_NA",206833278,10/21/2017,38788,1990,36798,36798,0,0,0,0,0,36798,27925,27925
TJN_TJX_TJMaxx 2H DIG_FY18,Viant,"PKGJ3N_TJN_TJC_031_Data_VIANT INC_PUR_ROI_TWB_DIR_CUS_TRG_NAT_BTG_MKT_DVY_W25-54 + KEYWORD TARGETING, CROSS DEVICE NATIVE - Booties_Fixed Placement_Contextual_F25-54_1 x 1_Click_NV_NA",206833311,10/18/2017,2,1,1,1,0,0,0,0,0,1,1,1
TJN_TJX_TJMaxx 2H DIG_FY18,Viant,"PJNSGQ_TJN_TJX_028_Data_VIANT INC_DSI_SV1_MWB_DIR_DSP_TRG_RON_BTG_CTG_DVY_PHASE 1_VIANT DIRECT MATCH RETAIL, TJX PORFOLIO LOYALISTS, DISPLAY_Fixed Placement_Behavioral_F25-54_300 x 250_Standard_NV_NA",204482395,9/29/2017,6,3,3,0,3,0,3,1,2,0,0,1
TJN_TJX_TJMaxx 2H DIG_FY18,Conversant Inc.,PJNPM2_TJN_TJX_028_Audience_CONVERSANT_DST_SV1_MAP_NET_DSP_TRG_RON_BTG_BTG_DVY_PHASE 1_ SMARTPHONE MEDIUM RECTANGLE  - CJ CONVERTERS LAL MODELING_Run of Site_Behavioral_P18+_300 x 250_Standard_NV_NA,204442021,9/29/2017,12,0,12,0,12,0,12,12,0,0,0,12
TJN_MAR_023_Marshalls 2H Digital_F18,NinthDecimal,PJPSRX_TJN_MAR_023_Mobile_NINTHDECIMAL_DST_SV1_MAP_DIR_RCH_TRG_RON_BTG_PXT_DVY_LOCATION GRAPH: COMPETITIVE CONQUESTING_Run of Network_Behavioral_F25-54_320 x 50_Click and View_NV_NA,204542879,10/10/2017,17612,127,17485,6622,10863,67,10796,10454,342,6689,6477,16931
TJN_TJX_TJMaxx 2H DIG_FY18,Conversant Inc.,PJPTMH_TJN_TJC_031_Audience_CONVERSANT_PUR_ROI_TAP_NET_DSP_TRG_RON_BTG_BTG_DVY_TABLET LEADERBOARD- COMPETITIVE CONQUESTING_Run of Site_Other_P18+_728 x 90_Standard_NV_NA,204483936,10/9/2017,1119,9,1110,0,1110,193,917,552,365,193,116,668
TJN_TJX_TJMaxx 2H DIG_FY18,Conversant Inc.,PJNPML_TJN_TJC_031_Audience_CONVERSANT_PUR_ROI_DSK_NET_DSP_TRG_RON_BTG_BTG_DVY_DESKTOP MEDIUM RECTANGLE- STRATEGIC SAVERS_Run of Site_Other_P18+_300 x 250_Standard_NV_NA,204443407,10/10/2017,33158,2013,31145,6,31139,4964,26175,13457,12718,4970,2555,16012
TJN_TJX_TJMaxx 2H DIG_FY18,xAd Inc.,PJYDBW_TJN_TJX_028_Mobile_GROUND TRUTH FKA XAD_DST_SV1_MAP_DIR_RCH_TRG_RON_BTG_BTG_DVY_PHASE 1_BEHAVIORAL AUDIENCE STRATEGIC SAVERS PLACEMENT - RICH MEDIA STORE LOCATOR - Fall Hero_Run of Network_Behavioral_F25-54_300 x 250_Click and View_NV_NA,205207030,10/10/2017,4297,14,4283,1555,2728,83,2645,1260,1385,1638,780,2040
TJN_MAR_023_Marshalls 2H Digital_F18,NinthDecimal,PJPSS0_TJN_MAR_023_Mobile_NINTHDECIMAL_DST_SV1_MAP_DIR_RCH_TRG_RON_BTG_DMA_DVY_3RD PARTY: SURPRISE CHOOSERS_Run of Network_Behavioral_F25-54_320 x 50_Click and View_NV_NA,204595875,10/20/2017,77819,931,76888,18566,58322,389,57933,55672,2261,18955,18215,73887
TJN_MAR_023_Marshalls 2H Digital_F18,NinthDecimal,PJPSRS_TJN_MAR_023_Mobile_NINTHDECIMAL_DST_SV1_MAP_DIR_RCH_TRG_RON_PXT_DMA_DVY_GEOFENCE: 5-10-MILE RADIUS AROUND SUBURBAN STORES_Run of Network_Geo_F25-54_320 x 50_Click and View_NV_NA,204541748,10/18/2017,82359,1537,80822,33849,46973,324,46649,45466,1183,34173,33306,78772
TJN_TJX_TJMaxx 2H DIG_FY18,Viant,"PJNSGW_TJN_TJX_028_Data_VIANT INC_DSI_SV1_DSK_DIR_DSP_TRG_RON_BTG_CTG_DVY_PHASE 1_VIANT DIRECT MATCH RETAIL, TJX PORFOLIO LOYALISTS, DISPLAY_Fixed Placement_Behavioral_F25-54_300 x 250_Standard_NV_NA",204478514,10/21/2017,13260,91,13169,1,13168,785,12383,10102,2281,786,641,10743
TJN_TJX_TJMaxx 2H DIG_FY18,Foursquare,"PJPRVH_TJN_TJX_028_Audience_FOURSQUARE LABS, INC_DST_SV1_MAP_PRO_DSP_TRG_RON_PXT_BTG_DVY_PHASE 1_PINPOINT COMPETITIVE CONQUESTING AV_Run of Network_Geo_F25-54_320 x 50_Standard_NV_NA",204478088,9/6/2017,7804,444,7360,6102,1258,47,1211,952,259,6149,4834,5786
TJN_MAR_023_Marshalls 2H Digital_F18,xAd Inc.,PJQ0YJ_TJN_MAR_023_Mobile_GROUND TRUTH FKA XAD_DST_SV1_MAP_DIR_DSP_TRG_RON_BTG_PXT_DVY_MARSHALLS SHOPPERS - DYNAMIC DISTANCE_Run of Network_Geo_F25-54_320 x 50_Click and View_NV_NA,204595911,10/12/2017,9034,122,8912,2416,6496,120,6376,4499,1877,2536,1792,6291
TJN_TJX_TJMaxx 2H DIG_FY18,Hulu,PK3F7G_TJN_TJX_027_Content_HULU_BAF_BS2_MAP_DIR_CUS_SPN_CHS_CTG_CTG_DVY_HULU ROS: PREMIUM SLATE - MOBILE IN APP_FEP_Contextual_F25-54_1920 x 1080_Standard_NV_NA,205634552,10/5/2017,10,0,10,10,0,0,0,0,0,10,6,6
TJN_TJX_TJMaxx 2H DIG_FY18,Foursquare,"PJYHWF_TJN_TJX_028_Audience_FOURSQUARE LABS, INC_DST_SV1_MAP_PRO_DSP_TRG_RON_PXT_BTG_DVY_PHASE 1_PINPOINT COMPETITIVE CONQUESTING_Run of Network_Geo_F25-54_320 x 50_Standard_NV_NA",205183220,9/25/2017,209829,8506,201323,149442,51881,1308,50573,44389,6184,150750,132316,176705
TJN_TJX_TJMaxx 2H DIG_FY18,Viant,"PK2X7G_TJN_TJX_028_Data_VIANT INC_DSI_SV1_DSK_DIR_RCH_TRG_INT_BTG_CTG_DVY_PHASE 1_VIANT IMP, W25-54 STRATEGIC SAVERS, CONTOBOX - Honeycomb_Fixed Placement_Behavioral_F25-54_300 x 250_Click and View_NV_NA",205688467,10/5/2017,4310,99,4211,2,4209,445,3764,1503,2261,447,178,1681
TJN_TJX_TJMaxx 2H DIG_FY18,Hulu,PK3F7J_TJN_TJX_027_Content_HULU_BAF_BS2_TAP_DIR_CUS_SPN_CHS_CTG_CTG_DVY_HULU ROS: PREMIUM SLATE - TABLET IN APP_FEP_Contextual_F25-54_1920 x 1080_Standard_NV_NA,205725864,9/27/2017,6887,52,6835,6835,0,0,0,0,0,6835,4861,4861
TJN_TJX_TJMaxx 2H DIG_FY18,Foursquare,"PJPSSV_TJN_TJX_028_Audience_FOURSQUARE LABS, INC_DST_SV1_MAP_PRO_RCH_TRG_RON_PXT_BTG_DVY_PHASE 1_MOBILE RICH MEDIA STRATEGIC SAVERS - Fall Handbag_Run of Network_Geo_F25-54_300 x 250_Standard_NV_NA",204525360,10/14/2017,441,32,409,108,301,17,284,76,208,125,33,109
TJN_TJX_TJMaxx 2H DIG_FY18,xAd Inc.,PJMTMQ_TJN_TJX_028_Mobile_GROUND TRUTH FKA XAD_DST_SV1_MAP_DIR_RCH_TRG_RON_PXT_PXT_DVY_PHASE 1_PROXIMITY LOYALTY PLACEMENT - RICH MEDIA STORE LOCATOR - TJ Maxx_Run of Network_Geo_F25-54_320 x 50_Click and View_NV_NA,204442090,9/24/2017,26845,414,26431,13695,12736,227,12509,11766,743,13922,13095,24861
TJN_TJX_TJMaxx 2H DIG_FY18,xAd Inc.,PJPXK1_TJN_TJX_028_Mobile_GROUND TRUTH FKA XAD_DST_SV1_MAP_DIR_DSP_TRG_RON_PXT_PXT_DVY_PHASE 1_PROXIMITY LOYALTY PLACEMENT - STANDARD BANNER - TJMaxx_Run of Network_Geo_F25-54_320 x 50_Click and View_NV_NA,204483996,9/20/2017,90396,1807,88589,31975,56614,33331,23283,19187,4096,65306,45475,64662
TJN_TJX_TJMaxx 2H DIG_FY18,Conversant Inc.,PJPWBX_TJN_TJX_028_Audience_CONVERSANT_DST_SV1_DSK_NET_DSP_TRG_RON_BTG_BTG_DVY_PHASE 1_ DESKTOP WIDE SKYSCRAPER - CJ INTERACTORS LAL MODELING_Run of Site_Behavioral_P18+_160 x 600_Standard_NV_NA,204442033,10/4/2017,2994,159,2835,0,2835,401,2434,604,1830,401,100,704
TJN_TJX_TJMaxx 2H DIG_FY18,NBC Universal Media,PK2KJK_TJN_TJX_028_Content_NBCUNI.COM_BAF_BS2_DSK_DIR_VID_SPN_ROS_BTG_CTG_MOA_THIS IS US SPONSORSHIP: DESKTOP - VIGNETTE 2_Run of Site_Behavioral_F25-54_1920 x 1080_Click and View_NV_NA,205568882,10/16/2017,1,0,1,1,0,0,0,0,0,1,1,1
TJN_TJX_TJMaxx 2H DIG_FY18,Conversant Inc.,PJPTLL_TJN_TJC_031_Audience_CONVERSANT_PUR_ROI_DSK_NET_DSP_TRG_RON_BTG_BTG_DVY_DESKTOP WIDE SKYSCRAPER- TRENDSETTERS_Run of Site_Other_P18+_160 x 600_Standard_NV_NA,204447269,10/10/2017,11994,663,11331,0,11331,2890,8441,2573,5868,2890,881,3454
TJN_TJX_TJMaxx 2H DIG_FY18,Conversant Inc.,PJPWPD_TJN_TJX_028_Audience_CONVERSANT_DST_SV1_MAP_NET_DSP_TRG_RON_BTG_BTG_DVY_PHASE 1_ SMARTPHONE SMALL BANNER  - CONVERSANT SHOPPERS AV_Run of Site_Behavioral_P18+_320 x 50_Standard_NV_NA,204447251,10/15/2017,492,6,486,0,486,107,379,313,66,107,88,401
TJN_TJX_TJMaxx 2H DIG_FY18,Conversant Inc.,PJNPMK_TJN_TJC_031_Audience_CONVERSANT_PUR_ROI_DSK_NET_DSP_TRG_RON_BTG_BTG_DVY_DESKTOP LEADERBOARD- STRATEGIC SAVERS_Run of Site_Other_P18+_728 x 90_Standard_NV_NA,204447263,10/6/2017,10238,460,9778,0,9778,1599,8179,4491,3688,1599,878,5369
TJN_TJX_TJMaxx 2H DIG_FY18,Foursquare,"PJPQL0_TJN_TJX_028_Audience_FOURSQUARE LABS, INC_DST_SV1_MAP_PRO_DSP_TRG_RON_PXT_BTG_DVY_PHASE 1_PINPOINT TRENDSETTERS_Run of Network_Geo_F25-54_320 x 50_Standard_NV_NA",204478094,10/5/2017,94220,2333,91887,57421,34466,1484,32982,26720,6262,58905,47721,74441
TJN_TJX_TJMaxx 2H DIG_FY18,Conversant Inc.,PJPWPG_TJN_TJX_028_Audience_CONVERSANT_DST_SV1_TAP_NET_DSP_TRG_RON_BTG_BTG_DVY_PHASE 1_ TABLET MEDIUM RECTANGLE  - CONVERSANT SHOPPERS AV_Run of Site_Behavioral_P18+_300 x 250_Standard_NV_NA,204446129,10/14/2017,304,6,298,0,298,75,223,169,54,75,57,226
TJN_TJX_TJMaxx 2H DIG_FY18,xAd Inc.,PKF5JX_TJN_TJX_028_Mobile_GROUND TRUTH FKA XAD_DST_SV1_MAP_DIR_DSP_TRG_RON_RTG_RTG_DVY_PHASE 1_LOCATION AUDIENCE COMPETITIVE CONQUESTING PLACEMENT - STANDARD BANNER - Find A Store V2_Run of Network_Retarget_F25-54_320 x 50_Click and View_NV_NA,206833629,10/16/2017,3987,49,3938,804,3134,28,3106,2381,725,832,638,3019
TJN_TJX_TJMaxx 2H DIG_FY18,xAd Inc.,PKF4TV_TJN_TJX_028_Mobile_GROUND TRUTH FKA XAD_DST_SV1_MAP_DIR_DSP_TRG_RON_RTG_RTG_DVY_PHASE 1_LOCATION AUDIENCE COMPETITIVE CONQUESTING PLACEMENT - STANDARD BANNER - Sweaters_Run of Network_Retarget_F25-54_300 x 250_Click and View_NV_NA,206833632,10/16/2017,2292,33,2259,2259,0,0,0,0,0,2259,1468,1468
TJN_TJX_TJMaxx 2H DIG_FY18,xAd Inc.,PJMTN8_TJN_TJX_028_Mobile_GROUND TRUTH FKA XAD_DST_SV1_MAP_DIR_DSP_TRG_RON_BTG_BTG_DVY_PHASE 1_BEHAVIORAL AUDIENCE STRATEGIC SAVERS PLACEMENT - STANDARD BANNER - Maxx You Maxx Life_Run of Network_Behavioral_F25-54_320 x 50_Click and View_NV_NA,204447851,10/9/2017,13980,184,13796,3770,10026,154,9872,7681,2191,3924,3053,10734
TJN_TJX_TJMaxx 2H DIG_FY18,Conversant Inc.,PJNPMK_TJN_TJC_031_Audience_CONVERSANT_PUR_ROI_DSK_NET_DSP_TRG_RON_BTG_BTG_DVY_DESKTOP LEADERBOARD- STRATEGIC SAVERS_Run of Site_Other_P18+_728 x 90_Standard_NV_NA,204447263,10/11/2017,25711,1249,24462,2,24460,4771,19689,13198,6491,4773,3199,16397
TJN_TJX_TJMaxx 2H DIG_FY18,xAd Inc.,PJYDBV_TJN_TJX_028_Mobile_GROUND TRUTH FKA XAD_DST_SV1_MAP_DIR_RCH_TRG_RON_BTG_BTG_DVY_PHASE 1_BEHAVIORAL AUDIENCE STRATEGIC SAVERS PLACEMENT - RICH MEDIA STORE LOCATOR - Maxx You Maxx Life_Run of Network_Behavioral_F25-54_320 x 50_Click and View_NV_NA,205148243,9/25/2017,30843,439,30404,7091,23313,385,22928,21347,1581,7476,6960,28307
TJN_TJX_TJMaxx 2H DIG_FY18,Conversant Inc.,PJPWPG_TJN_TJX_028_Audience_CONVERSANT_DST_SV1_TAP_NET_DSP_TRG_RON_BTG_BTG_DVY_PHASE 1_ TABLET MEDIUM RECTANGLE  - CONVERSANT SHOPPERS AV_Run of Site_Behavioral_P18+_300 x 250_Standard_NV_NA,204446129,9/14/2017,704,13,691,0,691,159,532,157,375,159,47,204
TJN_MAR_023_Marshalls 2H Digital_F18,xAd Inc.,PJQ0YD_TJN_MAR_023_Mobile_GROUND TRUTH FKA XAD_DST_SV1_MAP_DIR_RCH_TRG_RON_WEA_PXT_DVY_PROXIMITY CONQUESTING - WEATHER LOCATOR UNIT_Run of Network_Weather_F25-54_320 x 50_Click and View_NV_NA,204541553,10/10/2017,8069,143,7926,3970,3956,66,3890,3572,318,4036,3706,7278
TJN_MAR_023_Marshalls 2H Digital_F18,NinthDecimal,PJPSRT_TJN_MAR_023_Mobile_NINTHDECIMAL_DST_SV1_MAP_DIR_RCH_TRG_RON_PXT_DMA_DVY_GEOFENCE: 15-20-MILE RADIUS AROUND RURAL STORES_Run of Network_Geo_F25-54_320 x 50_Click and View_NV_NA,204542885,9/16/2017,24367,553,23814,9218,14596,75,14521,14130,391,9293,9043,23173
TJN_TJX_TJMaxx 2H DIG_FY18,PlaceIQ,PK19Z0_TJN_TJX_028_Mobile_PLACEIQ INC_DST_SV1_MAP_DIR_RCH_TRG_RON_BTG_PTG_DVY_PHASE 1_RICH MEDIA_STRATEGIC SAVERS_APPAREL OR FURNISHINGS DISCRETIONARY SPEND+IMPULSE BUYER SHOPPERS_Run of Network_Behavioral_F25-54_320 x 50_Click and View_NV_NA,205563158,10/8/2017,34238,963,33275,14672,18603,503,18100,17762,338,15175,14892,32654
TJN_TJX_TJMaxx 2H DIG_FY18,xAd Inc.,PJMTMQ_TJN_TJX_028_Mobile_GROUND TRUTH FKA XAD_DST_SV1_MAP_DIR_RCH_TRG_RON_PXT_PXT_DVY_PHASE 1_PROXIMITY LOYALTY PLACEMENT - RICH MEDIA STORE LOCATOR - TJ Maxx_Run of Network_Geo_F25-54_320 x 50_Click and View_NV_NA,204442090,9/22/2017,34473,629,33844,20834,13010,247,12763,11853,910,21081,19578,31431
TJN_TJX_TJMaxx 2H DIG_FY18,Conversant Inc.,PJNPLZ_TJN_TJX_028_Audience_CONVERSANT_DST_SV1_MAP_NET_DSP_TRG_RON_BTG_BTG_DVY_PHASE 1_ SMARTPHONE SMALL BANNER  - CJ CONVERTERS LAL MODELING_Run of Site_Behavioral_P18+_320 x 50_Standard_NV_NA,204442891,10/10/2017,15517,291,15226,48,15178,2077,13101,7113,5988,2125,1154,8267
TJN_TJX_TJMaxx 2H DIG_FY18,xAd Inc.,PKF4G3_TJN_TJX_028_Mobile_GROUND TRUTH FKA XAD_DST_SV1_MAP_DIR_DSP_TRG_RON_BTG_BTG_DVY_PHASE 1_BEHAVIORAL AUDIENCE STRATEGIC SAVERS PLACEMENT - STANDARD BANNER - Find A Store V2_Run of Network_Behavioral_F25-54_320 x 50_Click and View_NV_NA,206772056,10/21/2017,9886,95,9791,2896,6895,91,6804,4962,1842,2987,2178,7140
TJN_TJX_TJMaxx 2H DIG_FY18,Viant,"PK2X7H_TJN_TJX_028_Data_VIANT INC_DSI_SV1_MWB_DIR_RCH_TRG_INT_BTG_CTG_DVY_PHASE 1_VIANT IMP, W25-54 STRATEGIC SAVERS, CONTOBOX - Honeycomb_Fixed Placement_Behavioral_F25-54_320 x 50_Click and View_NV_NA",205725975,10/3/2017,21162,359,20803,7,20796,3110,17686,9534,8152,3117,1680,11214
TJN_MAR_023_Marshalls 2H Digital_F18,Spotify USA Inc.,PK0HLF_TJN_MAR_023_Audience_SPOTIFY USA INC_DST_SV2_MAP_DIR_DSP_TRG_CMP_DMA_PXT_DVY_MOBILE AUDIO COMPANION BANNER 640X640_Run of Site_Geo_F25-54_640 x 640_Click and View_NV_NA,205566308,10/16/2017,150675,2312,148363,148363,0,0,0,0,0,148363,128669,128669
TJN_TJX_TJMaxx 2H DIG_FY18,Viant,"PJNSGN_TJN_TJX_028_Data_VIANT INC_DSI_SV1_TWB_DIR_DSP_TRG_RON_BTG_CTG_DVY_PHASE 1_VIANT DIRECT MATCH RETAIL, TJX PORFOLIO LOYALISTS, DISPLAY_Fixed Placement_Behavioral_F25-54_300 x 250_Standard_NV_NA",204526347,10/5/2017,827,28,799,0,799,80,719,499,220,80,56,555
TJN_TJX_TJMaxx 2H DIG_FY18,Foursquare,"PJYHWD_TJN_TJX_028_Audience_FOURSQUARE LABS, INC_DST_SV1_MAP_PRO_DSP_TRG_RON_PXT_BTG_DVY_PHASE 1_PINPOINT COMPETITIVE CONQUESTING_Run of Network_Geo_F25-54_300 x 250_Standard_NV_NA",205235284,10/12/2017,3948,75,3873,2698,1175,72,1103,702,401,2770,1763,2465
TJN_TJX_TJMaxx 2H DIG_FY18,Foursquare,"PK0H84_TJN_TJX_028_Audience_FOURSQUARE LABS, INC_DST_SV1_MAP_PRO_RCH_TRG_RON_PXT_BTG_DVY_PHASE 1_MOBILE RICH MEDIA COMPETITIVE CONQUESTING - Find A Store_Run of Network_Geo_F25-54_320 x 50_Standard_NV_NA",205427847,10/10/2017,19553,334,19219,15114,4105,222,3883,2831,1052,15336,11181,14012
TJN_TJX_TJMaxx 2H DIG_FY18,Viant,"PK2V4V_TJN_TJX_028_Data_VIANT INC_DSI_SV1_TWB_DIR_RCH_TRG_INT_BTG_CTG_DVY_PHASE 1_VIANT IMP, W25-54 STRATEGIC SAVERS, CONTOBOX - Fall Homes_Fixed Placement_Behavioral_F25-54_728 x 90_Click and View_NV_NA",205725966,10/8/2017,7199,83,7116,19,7097,606,6491,1885,4606,625,182,2067
TJN_TJX_TJMaxx 2H DIG_FY18,Viant,"PK2V4Y_TJN_TJX_028_Data_VIANT INC_DSI_SV1_MWB_DIR_RCH_TRG_INT_BTG_CTG_DVY_PHASE 1_VIANT IMP, W25-54 STRATEGIC SAVERS, CONTOBOX - Fall Homes_Fixed Placement_Behavioral_F25-54_320 x 50_Click and View_NV_NA",205685980,9/26/2017,8025,96,7929,6,7923,1607,6316,3344,2972,1613,854,4198
TJN_TJX_TJMaxx 2H DIG_FY18,Foursquare,"PKFMM6_TJN_TJX_028_Audience_FOURSQUARE LABS, INC_DST_SV1_MAP_PRO_RCH_TRG_RON_PXT_BTG_DVY_PHASE 1_MOBILE RICH MEDIA STRATEGIC SAVERS - Dresses_Run of Network_Geo_F25-54_300 x 250_Standard_NV_NA",206772518,10/17/2017,4504,61,4443,574,3869,250,3619,865,2754,824,197,1062
TJN_TJX_TJMaxx 2H DIG_FY18,xAd Inc.,PJPXJR_TJN_TJX_028_Mobile_GROUND TRUTH FKA XAD_DST_SV1_MAP_DIR_DSP_TRG_RON_RTG_RTG_DVY_PHASE 1_LOCATION AUDIENCE TJX SHOPPERS PLACEMENT - STANDARD BANNER - Fall Hero_Run of Network_Retarget_F25-54_300 x 250_Click and View_NV_NA,204442105,9/26/2017,19173,467,18706,18281,425,11,414,390,24,18292,17232,17622
TJN_TJX_TJMaxx 2H DIG_FY18,xAd Inc.,PJMTNF_TJN_TJX_028_Mobile_GROUND TRUTH FKA XAD_DST_SV1_MAP_DIR_DSP_TRG_RON_PXT_PXT_DVY_PHASE 1_PROXIMITY LOYALTY PLACEMENT - STANDARD BANNER - Fall Handbag_Run of Network_Geo_F25-54_300 x 250_Click and View_NV_NA,204446159,9/7/2017,4922,115,4807,3745,1062,12,1050,1006,44,3757,3602,4608
TJN_TJX_TJMaxx 2H DIG_FY18,Viant,"PJSPCJ_TJN_TJC_031_Data_VIANT INC_PUR_ROI_MWB_DIR_DSP_TRG_RON_BTG_MKT_DVY_W25-54 + ONLINE SHOPPERS, CROSS DEVICE DISPLAY_Fixed Placement_Behavioral_F25-54_300 x 250_Click_NV_NA",204733038,10/4/2017,88,0,88,0,88,28,60,16,44,28,7,23
TJN_TJX_TJMaxx 2H DIG_FY18,Viant,"PJNSH9_TJN_TJX_028_Data_VIANT INC_DSI_SV1_TWB_DIR_DSP_TRG_RON_BTG_CTG_DVY_PHASE 1_VIANT DIRECT MATCH RETAIL, COMPETITIVE CONQUESTING, DISPLAY_Fixed Placement_Behavioral_F25-54_300 x 250_Standard_NV_NA",204526701,10/9/2017,13296,6,13290,0,13290,3008,10282,8195,2087,3008,2397,10592
TJN_TJX_TJMaxx 2H DIG_FY18,Conversant Inc.,PJPWBW_TJN_TJX_028_Audience_CONVERSANT_DST_SV1_DSK_NET_DSP_TRG_RON_BTG_BTG_DVY_PHASE 1_ DESKTOP RECTANGLE - CJ INTERACTORS LAL MODELING_Run of Site_Behavioral_P18+_300 x 600_Standard_NV_NA,204447740,10/14/2017,6082,312,5770,9,5761,789,4972,1345,3627,798,216,1561
TJN_TJX_TJMaxx 2H DIG_FY18,Foursquare,"PJPST0_TJN_TJX_028_Audience_FOURSQUARE LABS, INC_DST_SV1_MAP_PRO_RCH_TRG_RON_PXT_BTG_DVY_PHASE 1_MOBILE RICH MEDIA COMPETITIVE CONQUESTING - Find A TJ Maxx Store_Run of Network_Geo_F25-54_320 x 50_Standard_NV_NA",204525348,10/10/2017,26316,382,25934,22020,3914,196,3718,2901,817,22216,17334,20235
TJN_TJX_TJMaxx 2H DIG_FY18,Foursquare,"PK0H83_TJN_TJX_028_Audience_FOURSQUARE LABS, INC_DST_SV1_MAP_PRO_RCH_TRG_RON_PXT_BTG_DVY_PHASE 1_MOBILE RICH MEDIA COMPETITIVE CONQUESTING - Fall Honeycomb_Run of Network_Geo_F25-54_300 x 250_Standard_NV_NA",205344161,10/6/2017,2047,109,1938,647,1291,91,1200,344,856,738,212,556
TJN_TJX_TJMaxx 2H DIG_FY18,NBC Universal Media,PK2KK7_TJN_TJX_028_Content_NBCUNI.COM_BAF_BS2_TAP_DIR_VID_SPN_ROS_BTG_CTG_MOA_THIS IS US SPONSORSHIP: TABLET - VIGNETTE 3_Run of Site_Behavioral_F25-54_1920 x 1080_Click and View_NV_NA,205569476,10/19/2017,1,0,1,1,0,0,0,0,0,1,1,1
TJN_TJX_TJMaxx 2H DIG_FY18,PlaceIQ,PKFS8C_TJN_TJX_028_Mobile_PLACEIQ INC_DST_SV1_MAP_DIR_DSP_TRG_RON_BTG_PXT_DVY_PHASE 1_STANDARD BANNER_TRENDSTTERS_SOCIAL MEDIA INFLUENCER PLUS NEARBY TJMAXX - TJ Maxx - Find a Store V1_Run of Network_Behavioral_F25-54_320 x 50_Click and View_NV_NA,206831811,10/20/2017,818,171,647,421,226,2,224,222,2,423,419,641
TJN_TJX_TJMaxx 2H DIG_FY18,Viant,"PJNSGR_TJN_TJX_028_Data_VIANT INC_DSI_SV1_TWB_DIR_DSP_TRG_RON_BTG_CTG_DVY_PHASE 1_VIANT DIRECT MATCH RETAIL, TJX PORFOLIO LOYALISTS, DISPLAY_Fixed Placement_Behavioral_F25-54_160 x 600_Standard_NV_NA",204478520,10/16/2017,127,1,126,0,126,3,123,89,34,3,2,91
TJN_MAR_023_Marshalls 2H Digital_F18,xAd Inc.,PJQ0YJ_TJN_MAR_023_Mobile_GROUND TRUTH FKA XAD_DST_SV1_MAP_DIR_DSP_TRG_RON_BTG_PXT_DVY_MARSHALLS SHOPPERS - DYNAMIC DISTANCE_Run of Network_Geo_F25-54_320 x 50_Click and View_NV_NA,204595911,9/4/2017,6,0,6,0,6,0,6,6,0,0,0,6
TJN_MAR_023_Marshalls 2H Digital_F18,NinthDecimal,PJPSRZ_TJN_MAR_023_Mobile_NINTHDECIMAL_DST_SV1_MAP_DIR_RCH_TRG_RON_BTG_DMA_DVY_CONSUMER JOURNEY: BARGAIN HUNTERS_Run of Network_Behavioral_F25-54_320 x 50_Click and View_NV_NA,204542873,10/7/2017,24201,361,23840,8594,15246,80,15166,14681,485,8674,8397,23078
TJN_MAR_023_Marshalls 2H Digital_F18,NinthDecimal,PJPSRV_TJN_MAR_023_Mobile_NINTHDECIMAL_DST_SV1_MAP_DIR_RCH_TRG_RON_BTG_PXT_DVY_LOCATION GRAPH: MARSHALLS LOYALISTS_Run of Network_Behavioral_F25-54_320 x 50_Click and View_NV_NA,204555232,10/7/2017,48061,1221,46840,16855,29985,126,29859,28752,1107,16981,16351,45103
TJN_TJX_TJMaxx 2H DIG_FY18,Hulu,PK3CXL_TJN_TJX_027_Content_HULU_BAF_BS2_TAP_DIR_CUS_SPN_CHS_CTG_CTG_DVY_FALL TV SPONSORSHIP: PREMIUM SLATE - TABLET IN APP_FEP_Contextual_F25-54_1920 x 1080_Standard_NV_NA,205726818,10/20/2017,4633,35,4598,4598,0,0,0,0,0,4598,2737,2737
TJN_TJX_TJMaxx 2H DIG_FY18,Hulu,PK3F7G_TJN_TJX_027_Content_HULU_BAF_BS2_MAP_DIR_CUS_SPN_CHS_CTG_CTG_DVY_HULU ROS: PREMIUM SLATE - MOBILE IN APP_FEP_Contextual_F25-54_1920 x 1080_Standard_NV_NA,205634552,10/17/2017,849,2,847,847,0,0,0,0,0,847,566,566
TJN_MAR_023_Marshalls 2H Digital_F18,xAd Inc.,PJQ0YP_TJN_MAR_023_Mobile_GROUND TRUTH FKA XAD_DST_SV1_MAP_DIR_DSP_TRG_RON_PXT_BTG_DVY_GEOBLOCKS LOYALTY - DYNAMIC DISTANCE_Run of Network_Geo_F25-54_300 x 250_Click and View_NV_NA,204537983,10/18/2017,9023,283,8740,8740,0,0,0,0,0,8740,2727,2727
TJN_TJX_TJMaxx 2H DIG_FY18,Viant,"PK2V4W_TJN_TJX_028_Data_VIANT INC_DSI_SV1_DSK_DIR_RCH_TRG_INT_BTG_CTG_DVY_PHASE 1_VIANT IMP, W25-54 STRATEGIC SAVERS, CONTOBOX - Fall Homes_Fixed Placement_Behavioral_F25-54_728 x 90_Click and View_NV_NA",205687309,10/14/2017,1096,45,1051,6,1045,71,974,883,91,77,70,953
TJN_MAR_023_Marshalls 2H Digital_F18,xAd Inc.,PJQ0YF_TJN_MAR_023_Mobile_GROUND TRUTH FKA XAD_DST_SV1_MAP_DIR_RCH_TRG_RON_WEA_PXT_DVY_PROXIMITY CONQUESTING - WEATHER LOCATOR UNIT_Run of Network_Weather_F25-54_300 x 250_Click and View_NV_NA,204596913,9/17/2017,1784,12,1772,1399,373,55,318,306,12,1454,1399,1705
TJN_MAR_023_Marshalls 2H Digital_F18,NinthDecimal,PJPSRT_TJN_MAR_023_Mobile_NINTHDECIMAL_DST_SV1_MAP_DIR_RCH_TRG_RON_PXT_DMA_DVY_GEOFENCE: 15-20-MILE RADIUS AROUND RURAL STORES_Run of Network_Geo_F25-54_320 x 50_Click and View_NV_NA,204542885,10/13/2017,44685,834,43851,15426,28425,136,28289,27577,712,15562,15170,42747
TJN_TJX_TJMaxx 2H DIG_FY18,xAd Inc.,PJPXJQ_TJN_TJX_028_Mobile_GROUND TRUTH FKA XAD_DST_SV1_MAP_DIR_DSP_TRG_RON_RTG_RTG_DVY_PHASE 1_LOCATION AUDIENCE TJX SHOPPERS PLACEMENT - STANDARD BANNER - TJMaxx_Run of Network_Retarget_F25-54_320 x 50_Click and View_NV_NA,204447839,9/27/2017,43835,605,43230,14381,28849,21082,7767,6764,1003,35463,27963,34727
TJN_TJX_TJMaxx 2H DIG_FY18,Conversant Inc.,PJPTMQ_TJN_TJC_031_Audience_CONVERSANT_PUR_ROI_DSK_NET_DSP_TRG_RON_BTG_BTG_DVY_DESKTOP MEDIUM RECTANGLE- COMPETITIVE CONQUESTING_Run of Site_Other_P18+_300 x 250_Standard_NV_NA,204447218,10/2/2017,3,0,3,0,3,0,3,0,3,0,0,0
TJN_TJX_TJMaxx 2H DIG_FY18,Viant,"PK2X7G_TJN_TJX_028_Data_VIANT INC_DSI_SV1_DSK_DIR_RCH_TRG_INT_BTG_CTG_DVY_PHASE 1_VIANT IMP, W25-54 STRATEGIC SAVERS, CONTOBOX - Honeycomb_Fixed Placement_Behavioral_F25-54_300 x 250_Click and View_NV_NA",205688467,10/17/2017,4110,71,4039,7,4032,738,3294,1501,1793,745,339,1840
TJN_TJX_TJMaxx 2H DIG_FY18,Foursquare,"PK0H7Z_TJN_TJX_028_Audience_FOURSQUARE LABS, INC_DST_SV1_MAP_PRO_RCH_TRG_RON_PXT_BTG_DVY_PHASE 1_MOBILE RICH MEDIA STRATEGIC SAVERS - Fall Honeycomb_Run of Network_Geo_F25-54_300 x 250_Standard_NV_NA",205341980,10/4/2017,7951,544,7407,2205,5202,352,4850,1335,3515,2557,704,2039
TJN_TJX_TJMaxx 2H DIG_FY18,Foursquare,"PJPSSV_TJN_TJX_028_Audience_FOURSQUARE LABS, INC_DST_SV1_MAP_PRO_RCH_TRG_RON_PXT_BTG_DVY_PHASE 1_MOBILE RICH MEDIA STRATEGIC SAVERS - Fall Handbag_Run of Network_Geo_F25-54_300 x 250_Standard_NV_NA",204525360,9/28/2017,3361,245,3116,647,2469,130,2339,483,1856,777,160,643
TJN_MAR_023_Marshalls 2H Digital_F18,NinthDecimal,PJPSRT_TJN_MAR_023_Mobile_NINTHDECIMAL_DST_SV1_MAP_DIR_RCH_TRG_RON_PXT_DMA_DVY_GEOFENCE: 15-20-MILE RADIUS AROUND RURAL STORES_Run of Network_Geo_F25-54_320 x 50_Click and View_NV_NA,204542885,9/13/2017,31127,691,30436,10104,20332,94,20238,19852,386,10198,10003,29855
TJN_TJX_TJMaxx 2H DIG_FY18,Viant,"PKGJV4_TJN_TJX_028_Data_VIANT INC_DSI_SV1_DSK_DIR_RCH_TRG_INT_BTG_CTG_DVY_PHASE 1_VIANT IMP, W25-54 STRATEGIC SAVERS, CONTOBOX - Dresses_Fixed Placement_Behavioral_F25-54_160 x 600_Click and View_NV_NA",206833287,10/18/2017,7,2,5,1,4,1,3,3,0,2,2,5
TJN_TJX_TJMaxx 2H DIG_FY18,Viant,"PJNSHC_TJN_TJX_028_Data_VIANT INC_DSI_SV1_DSK_DIR_DSP_TRG_RON_BTG_CTG_DVY_PHASE 1_VIANT DIRECT MATCH RETAIL, COMPETITIVE CONQUESTING, DISPLAY_Fixed Placement_Behavioral_F25-54_300 x 250_Standard_NV_NA",204478655,10/8/2017,5299,83,5216,0,5216,146,5070,3983,1087,146,115,4098
TJN_TJX_TJMaxx 2H DIG_FY18,xAd Inc.,PJMTN8_TJN_TJX_028_Mobile_GROUND TRUTH FKA XAD_DST_SV1_MAP_DIR_DSP_TRG_RON_BTG_BTG_DVY_PHASE 1_BEHAVIORAL AUDIENCE STRATEGIC SAVERS PLACEMENT - STANDARD BANNER - Maxx You Maxx Life_Run of Network_Behavioral_F25-54_320 x 50_Click and View_NV_NA,204447851,9/26/2017,3,0,3,2,1,1,0,0,0,3,3,3
TJN_TJX_TJMaxx 2H DIG_FY18,Hulu,PK3CXJ_TJN_TJX_027_Content_HULU_BAF_BS2_MAP_DIR_CUS_SPN_CHS_CTG_CTG_DVY_FALL TV SPONSORSHIP: PREMIUM SLATE - MOBILE IN APP_FEP_Contextual_F25-54_1920 x 1080_Standard_NV_NA,205683919,10/7/2017,2,0,2,2,0,0,0,0,0,2,1,1
TJN_TJX_TJMaxx 2H DIG_FY18,Foursquare,"PJPQL0_TJN_TJX_028_Audience_FOURSQUARE LABS, INC_DST_SV1_MAP_PRO_DSP_TRG_RON_PXT_BTG_DVY_PHASE 1_PINPOINT TRENDSETTERS_Run of Network_Geo_F25-54_320 x 50_Standard_NV_NA",204478094,10/17/2017,122054,2089,119965,91151,28814,922,27892,25144,2748,92073,83002,108146
TJN_MAR_023_Marshalls 2H Digital_F18,NinthDecimal,PJPSRR_TJN_MAR_023_Mobile_NINTHDECIMAL_DST_SV1_MAP_DIR_RCH_TRG_RON_PXT_DMA_DVY_GEOFENCE: 2-MILE RADIUS AROUND URBAN STORES_Run of Network_Geo_F25-54_320 x 50_Click and View_NV_NA,204541523,10/10/2017,20730,382,20348,8896,11452,60,11392,11096,296,8956,8723,19819
TJN_TJX_TJMaxx 2H DIG_FY18,NBC Universal Media,PK2LHH_TJN_TJX_028_Content_NBCUNI.COM_BAF_BS2_DSK_DIR_DSP_SPN_HPT_CTG_CTG_DCM_100% SOV NBC THIS IS US ROADBLOCK 10/10 - 300X250 DESKTOP_HP Takeover_Contextual_F25-54_300 x 250_Standard_NV_NA,205563515,10/9/2017,9,1,8,0,8,0,8,7,1,0,0,7
TJN_TJX_TJMaxx 2H DIG_FY18,Foursquare,"PJPRVC_TJN_TJX_028_Audience_FOURSQUARE LABS, INC_DST_SV1_MAP_PRO_DSP_TRG_RON_PXT_BTG_DVY_PHASE 1_PINPOINT TRENDSETTERS AV_Run of Network_Geo_F25-54_320 x 50_Standard_NV_NA",204527421,9/27/2017,2816,44,2772,916,1856,66,1790,1359,431,982,746,2105
TJN_TJX_TJMaxx 2H DIG_FY18,Viant,"PK2V4S_TJN_TJX_028_Data_VIANT INC_DSI_SV1_TWB_DIR_RCH_TRG_INT_BTG_CTG_DVY_PHASE 1_VIANT IMP, W25-54 STRATEGIC SAVERS, CONTOBOX - Fall Homes_Fixed Placement_Behavioral_F25-54_300 x 250_Click and View_NV_NA",205687927,10/8/2017,1922,40,1882,10,1872,265,1607,937,670,275,160,1097
TJN_TJX_TJMaxx 2H DIG_FY18,xAd Inc.,PKF462_TJN_TJX_028_Mobile_GROUND TRUTH FKA XAD_DST_SV1_MAP_DIR_DSP_TRG_RON_PXT_PXT_DVY_PHASE 1_PROXIMITY LOYALTY PLACEMENT - STANDARD BANNER - Booties_Run of Network_Geo_F25-54_300 x 250_Click and View_NV_NA,206812774,10/21/2017,3367,66,3301,3299,2,0,2,2,0,3299,3299,3301
TJN_TJX_TJMaxx 2H DIG_FY18,xAd Inc.,PKF4PH_TJN_TJX_028_Mobile_GROUND TRUTH FKA XAD_DST_SV1_MAP_DIR_RCH_TRG_RON_BTG_BTG_DVY_PHASE 1_BEHAVIORAL AUDIENCE TRENDSETTERS PLACEMENT - RICH MEDIA STORE LOCATOR - Find A Store V2_Run of Network_Behavioral_F25-54_320 x 50_Click and View_NV_NA,206812750,10/20/2017,2740,31,2709,760,1949,50,1899,1672,227,810,713,2385
TJN_TJX_TJMaxx 2H DIG_FY18,NBC Universal Media,PK2KJL_TJN_TJX_028_Content_NBCUNI.COM_BAF_BS2_MAP_DIR_VID_SPN_ROS_BTG_CTG_MOA_THIS IS US SPONSORSHIP: MOBILE - VIGNETTE 2_Run of Site_Behavioral_F25-54_1920 x 1080_Click and View_NV_NA,205563473,10/8/2017,23063,165,22898,22898,0,0,0,0,0,22898,15520,15520
TJN_TJX_TJMaxx 2H DIG_FY18,Foursquare,"PK0H80_TJN_TJX_028_Audience_FOURSQUARE LABS, INC_DST_SV1_MAP_PRO_RCH_TRG_RON_PXT_BTG_DVY_PHASE 1_MOBILE RICH MEDIA STRATEGIC SAVERS - Find A Store_Run of Network_Geo_F25-54_320 x 50_Standard_NV_NA",205394974,10/10/2017,18125,472,17653,11720,5933,399,5534,3764,1770,12119,8243,12007
TJN_TJX_TJMaxx 2H DIG_FY18,Foursquare,"PJPRVG_TJN_TJX_028_Audience_FOURSQUARE LABS, INC_DST_SV1_MAP_PRO_DSP_TRG_RON_PXT_BTG_DVY_PHASE 1_PINPOINT COMPETITIVE CONQUESTING AV_Run of Network_Geo_F25-54_300 x 250_Standard_NV_NA",204527412,9/7/2017,278,32,246,135,111,78,33,20,13,213,129,149
TJN_TJX_TJMaxx 2H DIG_FY18,Viant,"PJNSGT_TJN_TJX_028_Data_VIANT INC_DSI_SV1_DSK_DIR_DSP_TRG_RON_BTG_CTG_DVY_PHASE 1_VIANT DIRECT MATCH RETAIL, TJX PORFOLIO LOYALISTS, DISPLAY_Fixed Placement_Behavioral_F25-54_160 x 600_Standard_NV_NA",204483025,10/4/2017,10793,555,10238,0,10238,460,9778,5385,4393,460,253,5638
TJN_TJX_TJMaxx 2H DIG_FY18,Conversant Inc.,PJPWPG_TJN_TJX_028_Audience_CONVERSANT_DST_SV1_TAP_NET_DSP_TRG_RON_BTG_BTG_DVY_PHASE 1_ TABLET MEDIUM RECTANGLE  - CONVERSANT SHOPPERS AV_Run of Site_Behavioral_P18+_300 x 250_Standard_NV_NA,204446129,9/28/2017,479,4,475,0,475,110,365,124,241,110,37,161
TJN_TJX_TJMaxx 2H DIG_FY18,Viant,"PJNSGV_TJN_TJX_028_Data_VIANT INC_DSI_SV1_DSK_DIR_DSP_TRG_RON_BTG_CTG_DVY_PHASE 1_VIANT DIRECT MATCH RETAIL, TJX PORFOLIO LOYALISTS, DISPLAY_Fixed Placement_Behavioral_F25-54_728 x 90_Standard_NV_NA",204478511,9/21/2017,52904,4073,48831,0,48831,3362,45469,33777,11692,3362,2497,36274
TJN_TJX_TJMaxx 2H DIG_FY18,Viant,"PJNSHG_TJN_TJX_028_Data_VIANT INC_DSI_SV1_DSK_DIR_DSP_TRG_RON_BTG_CTG_DVY_PHASE 1_VIANT DIRECT MATCH RETAIL, COMPETITIVE CONQUESTING, DISPLAY_Fixed Placement_Behavioral_F25-54_728 x 90_Standard_NV_NA",204478490,10/12/2017,12624,672,11952,1,11951,1287,10664,5670,4994,1288,685,6355
TJN_TJX_TJMaxx 2H DIG_FY18,Viant,"PJNSGN_TJN_TJX_028_Data_VIANT INC_DSI_SV1_TWB_DIR_DSP_TRG_RON_BTG_CTG_DVY_PHASE 1_VIANT DIRECT MATCH RETAIL, TJX PORFOLIO LOYALISTS, DISPLAY_Fixed Placement_Behavioral_F25-54_300 x 250_Standard_NV_NA",204526347,10/17/2017,132,0,132,0,132,17,115,85,30,17,13,98
TJN_TJX_TJMaxx 2H DIG_FY18,Conversant Inc.,PJPTML_TJN_TJC_031_Audience_CONVERSANT_PUR_ROI_DSK_NET_DSP_TRG_RON_BTG_BTG_DVY_DESKTOP WIDE SKYSCRAPER- COMPETITIVE CONQUESTING_Run of Site_Other_P18+_160 x 600_Standard_NV_NA,204447224,9/29/2017,5,0,5,0,5,0,5,0,5,0,0,0
TJN_TJX_TJMaxx 2H DIG_FY18,Viant,"PJNSHD_TJN_TJX_028_Data_VIANT INC_DSI_SV1_DSK_DIR_DSP_TRG_RON_BTG_CTG_DVY_PHASE 1_VIANT DIRECT MATCH RETAIL, COMPETITIVE CONQUESTING, DISPLAY_Fixed Placement_Behavioral_F25-54_160 x 600_Standard_NV_NA",204477281,10/21/2017,5856,203,5653,0,5653,530,5123,2884,2239,530,298,3182
TJN_TJX_TJMaxx 2H DIG_FY18,xAd Inc.,PJPXJS_TJN_TJX_028_Mobile_GROUND TRUTH FKA XAD_DST_SV1_MAP_DIR_DSP_TRG_RON_RTG_RTG_DVY_PHASE 1_LOCATION AUDIENCE COMPETITIVE CONQUESTING PLACEMENT - STANDARD BANNER - Fall Hero_Run of Network_Retarget_F25-54_300 x 250_Click and View_NV_NA,204446153,9/21/2017,11445,264,11181,11163,18,1,17,6,11,11164,3940,3946
TJN_TJX_TJMaxx 2H DIG_FY18,Foursquare,"PJPSSX_TJN_TJX_028_Audience_FOURSQUARE LABS, INC_DST_SV1_MAP_PRO_RCH_TRG_RON_PXT_BTG_DVY_PHASE 1_MOBILE RICH MEDIA TRENDSETTERS - Fall Handbag_Run of Network_Geo_F25-54_300 x 250_Standard_NV_NA",204525354,10/15/2017,333,4,329,102,227,15,212,69,143,117,38,107
TJN_MAR_023_Marshalls 2H Digital_F18,NinthDecimal,PJPSRV_TJN_MAR_023_Mobile_NINTHDECIMAL_DST_SV1_MAP_DIR_RCH_TRG_RON_BTG_PXT_DVY_LOCATION GRAPH: MARSHALLS LOYALISTS_Run of Network_Behavioral_F25-54_320 x 50_Click and View_NV_NA,204555232,9/8/2017,387,9,378,132,246,1,245,234,11,133,127,361
TJN_TJX_TJMaxx 2H DIG_FY18,Viant,"PJNSH9_TJN_TJX_028_Data_VIANT INC_DSI_SV1_TWB_DIR_DSP_TRG_RON_BTG_CTG_DVY_PHASE 1_VIANT DIRECT MATCH RETAIL, COMPETITIVE CONQUESTING, DISPLAY_Fixed Placement_Behavioral_F25-54_300 x 250_Standard_NV_NA",204526701,9/26/2017,12699,159,12540,0,12540,2493,10047,7301,2746,2493,1812,9113
TJN_MAR_023_Marshalls 2H Digital_F18,NinthDecimal,PJPSRZ_TJN_MAR_023_Mobile_NINTHDECIMAL_DST_SV1_MAP_DIR_RCH_TRG_RON_BTG_DMA_DVY_CONSUMER JOURNEY: BARGAIN HUNTERS_Run of Network_Behavioral_F25-54_320 x 50_Click and View_NV_NA,204542873,9/8/2017,15455,306,15149,7181,7968,49,7919,7670,249,7230,7003,14673
TJN_MAR_023_Marshalls 2H Digital_F18,NinthDecimal,PJPSRT_TJN_MAR_023_Mobile_NINTHDECIMAL_DST_SV1_MAP_DIR_RCH_TRG_RON_PXT_DMA_DVY_GEOFENCE: 15-20-MILE RADIUS AROUND RURAL STORES_Run of Network_Geo_F25-54_320 x 50_Click and View_NV_NA,204542885,9/19/2017,69893,1514,68379,35355,33024,229,32795,31866,929,35584,34576,66442
TJN_TJX_TJMaxx 2H DIG_FY18,Foursquare,"PK0H83_TJN_TJX_028_Audience_FOURSQUARE LABS, INC_DST_SV1_MAP_PRO_RCH_TRG_RON_PXT_BTG_DVY_PHASE 1_MOBILE RICH MEDIA COMPETITIVE CONQUESTING - Fall Honeycomb_Run of Network_Geo_F25-54_300 x 250_Standard_NV_NA",205344161,10/11/2017,3331,287,3044,1229,1815,133,1682,510,1172,1362,413,923
TJN_TJX_TJMaxx 2H DIG_FY18,Viant,"PK2V4Y_TJN_TJX_028_Data_VIANT INC_DSI_SV1_MWB_DIR_RCH_TRG_INT_BTG_CTG_DVY_PHASE 1_VIANT IMP, W25-54 STRATEGIC SAVERS, CONTOBOX - Fall Homes_Fixed Placement_Behavioral_F25-54_320 x 50_Click and View_NV_NA",205685980,10/9/2017,5223,88,5135,9,5126,639,4487,2444,2043,648,353,2797
TJN_TJX_TJMaxx 2H DIG_FY18,xAd Inc.,PJPXJR_TJN_TJX_028_Mobile_GROUND TRUTH FKA XAD_DST_SV1_MAP_DIR_DSP_TRG_RON_RTG_RTG_DVY_PHASE 1_LOCATION AUDIENCE TJX SHOPPERS PLACEMENT - STANDARD BANNER - Fall Hero_Run of Network_Retarget_F25-54_300 x 250_Click and View_NV_NA,204442105,10/9/2017,7790,166,7624,7533,91,3,88,62,26,7536,5309,5371
TJN_MAR_023_Marshalls 2H Digital_F18,xAd Inc.,PJQ0Y6_TJN_MAR_023_Mobile_GROUND TRUTH FKA XAD_DST_SV1_MAP_DIR_DSP_TRG_RON_PXT_BTG_DVY_PROXIMITY LOYALTY - DYNAMIC DISTANCE_Run of Network_Geo_F25-54_320 x 50_Click and View_NV_NA,204556888,9/13/2017,95875,1994,93881,72672,21209,2047,19162,15966,3196,74719,37799,53765
TJN_TJX_TJMaxx 2H DIG_FY18,Viant,"PJNSGS_TJN_TJX_028_Data_VIANT INC_DSI_SV1_MWB_DIR_DSP_TRG_RON_BTG_CTG_DVY_PHASE 1_VIANT DIRECT MATCH RETAIL, TJX PORFOLIO LOYALISTS, DISPLAY_Fixed Placement_Behavioral_F25-54_320 x 50_Standard_NV_NA",204524922,10/20/2017,19955,197,19758,2,19756,1007,18749,14233,4516,1009,766,14999
TJN_TJX_TJMaxx 2H DIG_FY18,Viant,PJPXKR_TJN_TJX_028_Data_VIANT INC_DSI_SV1_DSK_DIR_DSP_TRG_RON_BTG_CTG_DVY_PHASE 1_DESKTOP DISPLAY VIANT IMP TARGETING - STRATEGIC SAVERS AV_Fixed Placement_Demo_F25-54_300 x 250_Standard_NV_NA,204475841,9/17/2017,311,306,5,0,5,2,3,2,1,2,1,3
TJN_MAR_023_Marshalls 2H Digital_F18,NinthDecimal,PJPSRY_TJN_MAR_023_Mobile_NINTHDECIMAL_DST_SV1_MAP_DIR_RCH_TRG_RON_BTG_PXT_DVY_LOCATION GRAPH: LABOR DAY SALES SHOPPERS_Run of Network_Behavioral_F25-54_320 x 50_Click and View_NV_NA,204542876,9/10/2017,145,4,141,23,118,1,117,114,3,24,23,137
TJN_TJX_TJMaxx 2H DIG_FY18,Conversant Inc.,PJPTMH_TJN_TJC_031_Audience_CONVERSANT_PUR_ROI_TAP_NET_DSP_TRG_RON_BTG_BTG_DVY_TABLET LEADERBOARD- COMPETITIVE CONQUESTING_Run of Site_Other_P18+_728 x 90_Standard_NV_NA,204483936,10/3/2017,642,6,636,0,636,117,519,221,298,117,50,271
TJN_TJX_TJMaxx 2H DIG_FY18,xAd Inc.,PJMTN3_TJN_TJX_028_Mobile_GROUND TRUTH FKA XAD_DST_SV1_MAP_DIR_DSP_TRG_RON_RTG_RTG_DVY_PHASE 1_LOCATION AUDIENCE COMPETITIVE CONQUESTING PLACEMENT - STANDARD BANNER - Maxx You Maxx Life_Run of Network_Retarget_F25-54_320 x 50_Click and View_NV_NA,204442933,10/21/2017,9130,123,9007,1501,7506,83,7423,5245,2178,1584,1119,6364
TJN_TJX_TJMaxx 2H DIG_FY18,Foursquare,"PJPSSY_TJN_TJX_028_Audience_FOURSQUARE LABS, INC_DST_SV1_MAP_PRO_RCH_TRG_RON_PXT_BTG_DVY_PHASE 1_MOBILE RICH MEDIA TRENDSETTERS - Find A TJ Maxx Store_Run of Network_Geo_F25-54_320 x 50_Standard_NV_NA",204527598,10/18/2017,4,3,1,1,0,0,0,0,0,1,1,1
TJN_TJX_TJMaxx 2H DIG_FY18,Conversant Inc.,PJPTMN_TJN_TJC_031_Audience_CONVERSANT_PUR_ROI_MAP_NET_DSP_TRG_RON_BTG_BTG_DVY_SMARTPHONE MEDIUM RECTANGLE - COMPETITIVE CONQUESTING_Run of Site_Other_P18+_300 x 250_Standard_NV_NA,204447221,10/14/2017,546,5,541,0,541,83,458,357,101,83,65,422
TJN_MAR_023_Marshalls 2H Digital_F18,Spotify USA Inc.,PK0HN8_TJN_MAR_023_Audience_SPOTIFY USA INC_DST_SV2_MAP_DIR_DSP_TRG_ROS_DMA_PXT_DVY_MOBILE OVERLAY 630X920_Run of Site_Geo_F25-54_630 x 920_Click and View_NV_NA,205561904,10/11/2017,45024,764,44260,44260,0,0,0,0,0,44260,37796,37796
TJN_TJX_TJMaxx 2H DIG_FY18,Viant,PJPXKV_TJN_TJX_028_Data_VIANT INC_DSI_SV1_DSK_DIR_DSP_TRG_RON_BTG_CTG_DVY_PHASE 1_DESKTOP DISPLAY VIANT IMP TARGETING - STRATEGIC SAVERS AV_Fixed Placement_Demo_F25-54_728 x 90_Standard_NV_NA,204526986,9/16/2017,7,2,5,0,5,2,3,2,1,2,1,3
TJN_TJX_TJMaxx 2H DIG_FY18,Conversant Inc.,PJPTLK_TJN_TJC_031_Audience_CONVERSANT_PUR_ROI_DSK_NET_DSP_TRG_RON_BTG_BTG_DVY_DESKTOP RECTANGLE- TRENDSETTERS_Run of Site_Other_P18+_300 x 600_Standard_NV_NA,204483963,10/8/2017,4140,147,3993,0,3993,1179,2814,598,2216,1179,251,849
TJN_TJX_TJMaxx 2H DIG_FY18,xAd Inc.,PJMTN3_TJN_TJX_028_Mobile_GROUND TRUTH FKA XAD_DST_SV1_MAP_DIR_DSP_TRG_RON_RTG_RTG_DVY_PHASE 1_LOCATION AUDIENCE COMPETITIVE CONQUESTING PLACEMENT - STANDARD BANNER - Maxx You Maxx Life_Run of Network_Retarget_F25-54_320 x 50_Click and View_NV_NA,204442933,9/9/2017,34025,319,33706,2866,30840,4440,26400,19442,6958,7306,5379,24821
TJN_MAR_023_Marshalls 2H Digital_F18,xAd Inc.,PJQ0Y6_TJN_MAR_023_Mobile_GROUND TRUTH FKA XAD_DST_SV1_MAP_DIR_DSP_TRG_RON_PXT_BTG_DVY_PROXIMITY LOYALTY - DYNAMIC DISTANCE_Run of Network_Geo_F25-54_320 x 50_Click and View_NV_NA,204556888,10/13/2017,57975,1876,56099,50581,5518,1412,4106,3690,416,51993,44735,48425
TJN_TJX_TJMaxx 2H DIG_FY18,Foursquare,"PKFMJ8_TJN_TJX_028_Audience_FOURSQUARE LABS, INC_DST_SV1_MAP_PRO_RCH_TRG_RON_PXT_BTG_DVY_PHASE 1_MOBILE RICH MEDIA COMPETITIVE CONQUESTING - Find A Store V2_Run of Network_Geo_F25-54_320 x 50_Standard_NV_NA",206812588,10/19/2017,3321,64,3257,2457,800,127,673,624,49,2584,2396,3020
TJN_TJX_TJMaxx 2H DIG_FY18,xAd Inc.,PJYDBR_TJN_TJX_028_Mobile_GROUND TRUTH FKA XAD_DST_SV1_MAP_DIR_RCH_TRG_RON_BTG_BTG_DVY_PHASE 1_BEHAVIORAL AUDIENCE TRENDSETTERS PLACEMENT - RICH MEDIA STORE LOCATOR - Maxx You Maxx Life_Run of Network_Behavioral_F25-54_320 x 50_Click and View_NV_NA,205145234,9/20/2017,39847,556,39291,19161,20130,192,19938,19299,639,19353,18732,38031
TJN_MAR_023_Marshalls 2H Digital_F18,xAd Inc.,PJQ0YS_TJN_MAR_023_Mobile_GROUND TRUTH FKA XAD_DST_SV1_MAP_DIR_DSP_TRG_RON_DMA_BTG_DVY_AV DMA TARGETING_Run of Network_Geo_F25-54_300 x 250_Click and View_NV_NA,204558337,9/17/2017,51025,913,50112,3972,46140,12453,33687,26827,6860,16425,13078,39905
TJN_TJX_TJMaxx 2H DIG_FY18,Hulu,PK3CRZ_TJN_TJX_027_Content_HULU_BAF_BS2_DSK_DIR_VID_SPN_CHS_CTG_CTG_DVY_FALL TV SPONSORSHIP: VIDEO COMMERCIAL - DESKTOP_FEP_Contextual_F25-54_1920 x 1080_Standard_NV_NA,205727706,10/21/2017,12503,170,12333,12333,0,0,0,0,0,12333,9359,9359
TJN_TJX_TJMaxx 2H DIG_FY18,Conversant Inc.,PJPWBV_TJN_TJX_028_Audience_CONVERSANT_DST_SV1_DSK_NET_DSP_TRG_RON_BTG_BTG_DVY_PHASE 1_ DESKTOP MEDIUM RECTANGLE - CJ INTERACTORS LAL MODELING_Run of Site_Behavioral_P18+_300 x 250_Standard_NV_NA,204447743,10/6/2017,58230,3712,54518,0,54518,3896,50622,31090,19532,3896,2393,33483
TJN_TJX_TJMaxx 2H DIG_FY18,Foursquare,"PJPST0_TJN_TJX_028_Audience_FOURSQUARE LABS, INC_DST_SV1_MAP_PRO_RCH_TRG_RON_PXT_BTG_DVY_PHASE 1_MOBILE RICH MEDIA COMPETITIVE CONQUESTING - Find A TJ Maxx Store_Run of Network_Geo_F25-54_320 x 50_Standard_NV_NA",204525348,10/12/2017,27462,727,26735,19874,6861,349,6512,4872,1640,20223,15130,20002
TJN_TJX_TJMaxx 2H DIG_FY18,Viant,"PJNSGM_TJN_TJX_028_Data_VIANT INC_DSI_SV1_TWB_DIR_DSP_TRG_RON_BTG_CTG_DVY_PHASE 1_VIANT DIRECT MATCH RETAIL, TJX PORFOLIO LOYALISTS, DISPLAY_Fixed Placement_Behavioral_F25-54_728 x 90_Standard_NV_NA",204526722,10/5/2017,10691,92,10599,1,10598,956,9642,6646,2996,957,660,7306
TJN_TJX_TJMaxx 2H DIG_FY18,Viant,"PKGJ3Y_TJN_TJC_031_Data_VIANT INC_PUR_ROI_TWB_DIR_CUS_TRG_NAT_BTG_MKT_DVY_W25-54 + KEYWORD TARGETING, CROSS DEVICE NATIVE - Dresses_Fixed Placement_Contextual_F25-54_1 x 1_Click_NV_NA",206771810,10/16/2017,7,1,6,6,0,0,0,0,0,6,4,4
TJN_TJX_TJMaxx 2H DIG_FY18,xAd Inc.,PJMTMQ_TJN_TJX_028_Mobile_GROUND TRUTH FKA XAD_DST_SV1_MAP_DIR_RCH_TRG_RON_PXT_PXT_DVY_PHASE 1_PROXIMITY LOYALTY PLACEMENT - RICH MEDIA STORE LOCATOR - TJ Maxx_Run of Network_Geo_F25-54_320 x 50_Click and View_NV_NA,204442090,10/16/2017,5,0,5,3,2,0,2,2,0,3,3,5
TJN_TJX_TJMaxx 2H DIG_FY18,PlaceIQ,PJMFQ9_TJN_TJX_028_Mobile_PLACEIQ INC_DST_SV1_MAP_DIR_DSP_TRG_RON_BTG_PTG_DVY_PHASE 1_ONLINE SHOPPER+TJMAXX SHOPPERS_Run of Network_Behavioral_P2+_320 x 50_Standard_NV_NA,204447278,9/19/2017,226917,4333,222584,122758,99826,1182,98644,96929,1715,123940,121785,218714
TJN_TJX_TJMaxx 2H DIG_FY18,xAd Inc.,PJPXJZ_TJN_TJX_028_Mobile_GROUND TRUTH FKA XAD_DST_SV1_MAP_DIR_DSP_TRG_RON_BTG_BTG_DVY_PHASE 1_BEHAVIORAL AUDIENCE TRENDSETTERS PLACEMENT - STANDARD BANNER - Fall Hero_Run of Network_Behavioral_F25-54_300 x 250_Click and View_NV_NA,204446156,9/12/2017,11707,210,11497,11469,28,2,26,10,16,11471,4412,4422
TJN_TJX_TJMaxx 2H DIG_FY18,Conversant Inc.,PJPTLP_TJN_TJC_031_Audience_CONVERSANT_PUR_ROI_DSK_NET_DSP_TRG_RON_BTG_BTG_DVY_DESKTOP LEADERBOARD- TRENDSETTERS_Run of Site_Other_P18+_728 x 90_Standard_NV_NA,204447782,10/8/2017,14414,507,13907,0,13907,3196,10711,6917,3794,3196,2064,8981
TJN_TJX_TJMaxx 2H DIG_FY18,xAd Inc.,PJMTN8_TJN_TJX_028_Mobile_GROUND TRUTH FKA XAD_DST_SV1_MAP_DIR_DSP_TRG_RON_BTG_BTG_DVY_PHASE 1_BEHAVIORAL AUDIENCE STRATEGIC SAVERS PLACEMENT - STANDARD BANNER - Maxx You Maxx Life_Run of Network_Behavioral_F25-54_320 x 50_Click and View_NV_NA,204447851,10/3/2017,2,1,1,1,0,0,0,0,0,1,1,1
TJN_TJX_TJMaxx 2H DIG_FY18,Viant,"PJNSHG_TJN_TJX_028_Data_VIANT INC_DSI_SV1_DSK_DIR_DSP_TRG_RON_BTG_CTG_DVY_PHASE 1_VIANT DIRECT MATCH RETAIL, COMPETITIVE CONQUESTING, DISPLAY_Fixed Placement_Behavioral_F25-54_728 x 90_Standard_NV_NA",204478490,10/10/2017,9992,515,9477,1,9476,1001,8475,4815,3660,1002,569,5384
TJN_MAR_023_Marshalls 2H Digital_F18,xAd Inc.,PJQ0Y6_TJN_MAR_023_Mobile_GROUND TRUTH FKA XAD_DST_SV1_MAP_DIR_DSP_TRG_RON_PXT_BTG_DVY_PROXIMITY LOYALTY - DYNAMIC DISTANCE_Run of Network_Geo_F25-54_320 x 50_Click and View_NV_NA,204556888,9/19/2017,80128,2147,77981,51854,26127,8818,17309,14416,2893,60672,45452,59868
TJN_TJX_TJMaxx 2H DIG_FY18,Viant,PJPXKS_TJN_TJX_028_Data_VIANT INC_DSI_SV1_DSK_DIR_DSP_TRG_RON_BTG_CTG_DVY_PHASE 1_DESKTOP DISPLAY VIANT IMP TARGETING - STRATEGIC SAVERS AV_Fixed Placement_Demo_F25-54_160 x 600_Standard_NV_NA,204477475,10/10/2017,4,0,4,0,4,0,4,3,1,0,0,3
TJN_TJX_TJMaxx 2H DIG_FY18,Foursquare,"PJPSSX_TJN_TJX_028_Audience_FOURSQUARE LABS, INC_DST_SV1_MAP_PRO_RCH_TRG_RON_PXT_BTG_DVY_PHASE 1_MOBILE RICH MEDIA TRENDSETTERS - Fall Handbag_Run of Network_Geo_F25-54_300 x 250_Standard_NV_NA",204525354,9/25/2017,3474,167,3307,973,2334,159,2175,520,1655,1132,271,791
TJN_TJX_TJMaxx 2H DIG_FY18,PlaceIQ,PK18VC_TJN_TJX_028_Mobile_PLACEIQ INC_DST_SV1_MAP_DIR_RCH_TRG_RON_BTG_PXT_DVY_PHASE 1_RICH MEDIA_TJX PORTFOLIO LOYALISTS_Run of Network_Behavioral_F25-54_320 x 50_Click and View_NV_NA,205568912,10/5/2017,25841,527,25314,16515,8799,592,8207,8089,118,17107,16861,24950
TJN_TJX_TJMaxx 2H DIG_FY18,Viant,"PJSPCL_TJN_TJC_031_Data_VIANT INC_PUR_ROI_TWB_DIR_DSP_TRG_RON_BTG_MKT_DVY_W25-54 + ONLINE SHOPPERS, CROSS DEVICE DISPLAY_Fixed Placement_Behavioral_F25-54_728 x 90_Click_NV_NA",204715987,10/19/2017,1888,94,1794,0,1794,77,1717,1054,663,77,47,1101
TJN_MAR_023_Marshalls 2H Digital_F18,xAd Inc.,PJQ0YR_TJN_MAR_023_Mobile_GROUND TRUTH FKA XAD_DST_SV1_MAP_DIR_DSP_TRG_RON_PXT_BTG_DVY_GEOBLOCKS CONQUESTING - DYNAMIC DISTANCE_Run of Network_Geo_F25-54_300 x 250_Click and View_NV_NA,204555244,10/5/2017,17813,1106,16707,16685,22,1,21,0,21,16686,0,0
TJN_TJX_TJMaxx 2H DIG_FY18,Viant,"PJSPBR_TJN_TJC_031_Data_VIANT INC_PUR_ROI_DSK_DIR_DSP_TRG_RON_BTG_MKT_DVY_DETERMINSTIC LAL OF ECOM CONVERTERS, CROSS DEVICE DISPLAY_Fixed Placement_Behavioral_F25-54_300 x 250_Click_NV_NA",204715645,9/29/2017,1,1,0,0,0,0,0,0,0,0,0,0
TJN_TJX_TJMaxx 2H DIG_FY18,Viant,"PK2X7C_TJN_TJX_028_Data_VIANT INC_DSI_SV1_TWB_DIR_RCH_TRG_INT_BTG_CTG_DVY_PHASE 1_VIANT IMP, W25-54 STRATEGIC SAVERS, CONTOBOX - Honeycomb_Fixed Placement_Behavioral_F25-54_160 x 600_Click and View_NV_NA",205685992,10/7/2017,85,6,79,0,79,4,75,19,56,4,1,20
TJN_TJX_TJMaxx 2H DIG_FY18,xAd Inc.,PKF5KK_TJN_TJX_028_Mobile_GROUND TRUTH FKA XAD_DST_SV1_MAP_DIR_DSP_TRG_RON_RTG_RTG_DVY_PHASE 1_LOCATION AUDIENCE TJX SHOPPERS PLACEMENT - STANDARD BANNER - Booties_Run of Network_Retarget_F25-54_300 x 250_Click and View_NV_NA,206813071,10/16/2017,2580,46,2534,2530,4,0,4,4,0,2530,2530,2534
TJN_TJX_TJMaxx 2H DIG_FY18,Foursquare,"PK0H82_TJN_TJX_028_Audience_FOURSQUARE LABS, INC_DST_SV1_MAP_PRO_RCH_TRG_RON_PXT_BTG_DVY_PHASE 1_MOBILE RICH MEDIA TRENDSETTERS - Find A Store_Run of Network_Geo_F25-54_320 x 50_Standard_NV_NA",205394971,9/29/2017,63260,2438,60822,41344,19478,1702,17776,12342,5434,43046,29887,42229
TJN_TJX_TJMaxx 2H DIG_FY18,Conversant Inc.,PJPWBV_TJN_TJX_028_Audience_CONVERSANT_DST_SV1_DSK_NET_DSP_TRG_RON_BTG_BTG_DVY_PHASE 1_ DESKTOP MEDIUM RECTANGLE - CJ INTERACTORS LAL MODELING_Run of Site_Behavioral_P18+_300 x 250_Standard_NV_NA,204447743,10/11/2017,104980,7032,97948,30,97918,9279,88639,46362,42277,9309,4869,51231
TJN_MAR_023_Marshalls 2H Digital_F18,Spotify USA Inc.,PK0HN8_TJN_MAR_023_Audience_SPOTIFY USA INC_DST_SV2_MAP_DIR_DSP_TRG_ROS_DMA_PXT_DVY_MOBILE OVERLAY 630X920_Run of Site_Geo_F25-54_630 x 920_Click and View_NV_NA,205561904,10/6/2017,42601,686,41915,41915,0,0,0,0,0,41915,37213,37213
TJN_TJX_TJMaxx 2H DIG_FY18,Viant,"PK2X7H_TJN_TJX_028_Data_VIANT INC_DSI_SV1_MWB_DIR_RCH_TRG_INT_BTG_CTG_DVY_PHASE 1_VIANT IMP, W25-54 STRATEGIC SAVERS, CONTOBOX - Honeycomb_Fixed Placement_Behavioral_F25-54_320 x 50_Click and View_NV_NA",205725975,10/9/2017,5183,99,5084,7,5077,713,4364,2198,2166,720,363,2561
TJN_MAR_023_Marshalls 2H Digital_F18,NinthDecimal,PJPSRR_TJN_MAR_023_Mobile_NINTHDECIMAL_DST_SV1_MAP_DIR_RCH_TRG_RON_PXT_DMA_DVY_GEOFENCE: 2-MILE RADIUS AROUND URBAN STORES_Run of Network_Geo_F25-54_320 x 50_Click and View_NV_NA,204541523,10/12/2017,67493,1693,65800,28133,37667,210,37457,35996,1461,28343,27237,63233
TJN_TJX_TJMaxx 2H DIG_FY18,PlaceIQ,PK1YGY_TJN_TJX_028_Mobile_PLACEIQ INC_DST_SV1_MAP_DIR_DSP_TRG_RON_BTG_PTG_DVY_PHASE 1_STANDARD BANNER_TRENDSETTERS_ONLINE SHOPPER+TJMAXX SHOPPERS - TJ Maxx_Run of Network_Behavioral_F25-54_320 x 50_Click and View_NV_NA,205661871,10/13/2017,32502,526,31976,13630,18346,195,18151,17675,476,13825,13462,31137
TJN_TJX_TJMaxx 2H DIG_FY18,Conversant Inc.,PJPTLJ_TJN_TJC_031_Audience_CONVERSANT_PUR_ROI_TAP_NET_DSP_TRG_RON_BTG_BTG_DVY_TABLET MEDIUM RECTANGLE - TRENDSETTERS_Run of Site_Other_P18+_300 x 250_Standard_NV_NA,204447266,10/17/2017,330,3,327,0,327,51,276,187,89,51,35,222
TJN_TJX_TJMaxx 2H DIG_FY18,Foursquare,"PK0H80_TJN_TJX_028_Audience_FOURSQUARE LABS, INC_DST_SV1_MAP_PRO_RCH_TRG_RON_PXT_BTG_DVY_PHASE 1_MOBILE RICH MEDIA STRATEGIC SAVERS - Find A Store_Run of Network_Geo_F25-54_320 x 50_Standard_NV_NA",205394974,10/12/2017,19520,382,19138,11400,7738,459,7279,4922,2357,11859,8019,12941
TJN_TJX_TJMaxx 2H DIG_FY18,PlaceIQ,PJMFQ9_TJN_TJX_028_Mobile_PLACEIQ INC_DST_SV1_MAP_DIR_DSP_TRG_RON_BTG_PTG_DVY_PHASE 1_ONLINE SHOPPER+TJMAXX SHOPPERS_Run of Network_Behavioral_P2+_320 x 50_Standard_NV_NA,204447278,9/13/2017,1247,29,1218,721,497,12,485,478,7,733,722,1200
TJN_TJX_TJMaxx 2H DIG_FY18,Conversant Inc.,PJNPM1_TJN_TJX_028_Audience_CONVERSANT_DST_SV1_TAP_NET_DSP_TRG_RON_BTG_BTG_DVY_PHASE 1_ TABLET MEDIUM RECTANGLE  - CJ CONVERTERS LAL MODELING_Run of Site_Behavioral_P18+_300 x 250_Standard_NV_NA,204483930,9/19/2017,6,6,0,0,0,0,0,0,0,0,0,0
TJN_TJX_TJMaxx 2H DIG_FY18,Viant,"PJNSHF_TJN_TJX_028_Data_VIANT INC_DSI_SV1_MWB_DIR_DSP_TRG_RON_BTG_CTG_DVY_PHASE 1_VIANT DIRECT MATCH RETAIL, COMPETITIVE CONQUESTING, DISPLAY_Fixed Placement_Behavioral_F25-54_300 x 250_Standard_NV_NA",204483016,10/8/2017,12,0,12,0,12,2,10,6,4,2,1,7
TJN_TJX_TJMaxx 2H DIG_FY18,Foursquare,"PJPRVG_TJN_TJX_028_Audience_FOURSQUARE LABS, INC_DST_SV1_MAP_PRO_DSP_TRG_RON_PXT_BTG_DVY_PHASE 1_PINPOINT COMPETITIVE CONQUESTING AV_Run of Network_Geo_F25-54_300 x 250_Standard_NV_NA",204527412,10/4/2017,169,4,165,56,109,4,105,80,25,60,46,126
TJN_TJX_TJMaxx 2H DIG_FY18,xAd Inc.,PJPXJY_TJN_TJX_028_Mobile_GROUND TRUTH FKA XAD_DST_SV1_MAP_DIR_DSP_TRG_RON_BTG_BTG_DVY_PHASE 1_BEHAVIORAL AUDIENCE STRATEGIC SAVERS PLACEMENT - STANDARD BANNER - Fall Hero_Run of Network_Behavioral_F25-54_300 x 250_Click and View_NV_NA,204484017,9/24/2017,10835,224,10611,10593,18,5,13,5,8,10598,4076,4081
TJN_TJX_TJMaxx 2H DIG_FY18,Conversant Inc.,PJPTLH_TJN_TJC_031_Audience_CONVERSANT_PUR_ROI_TAP_NET_DSP_TRG_RON_BTG_BTG_DVY_TABLET LEADERBOARD- TRENDSETTERS_Run of Site_Other_P18+_728 x 90_Standard_NV_NA,204447779,10/6/2017,543,5,538,0,538,69,469,200,269,69,29,229
TJN_TJX_TJMaxx 2H DIG_FY18,xAd Inc.,PKF4ND_TJN_TJX_028_Mobile_GROUND TRUTH FKA XAD_DST_SV1_MAP_DIR_RCH_TRG_RON_BTG_BTG_DVY_PHASE 1_BEHAVIORAL AUDIENCE TRENDSETTERS PLACEMENT - RICH MEDIA STORE LOCATOR - Dresses_Run of Network_Behavioral_F25-54_300 x 250_Click and View_NV_NA,206812747,10/20/2017,1144,15,1129,16,1113,2,1111,1066,45,18,17,1083
TJN_MAR_023_Marshalls 2H Digital_F18,xAd Inc.,PJQ0YL_TJN_MAR_023_Mobile_GROUND TRUTH FKA XAD_DST_SV1_MAP_DIR_DSP_TRG_RON_BTG_PXT_DVY_COMPETITOR SHOPPERS - DYNAMIC DISTANCE_Run of Network_Geo_F25-54_320 x 50_Click and View_NV_NA,204595638,9/6/2017,10386,254,10132,6921,3211,1770,1441,1174,267,8691,6920,8094
TJN_TJX_TJMaxx 2H DIG_FY18,Foursquare,"PJPRVC_TJN_TJX_028_Audience_FOURSQUARE LABS, INC_DST_SV1_MAP_PRO_DSP_TRG_RON_PXT_BTG_DVY_PHASE 1_PINPOINT TRENDSETTERS AV_Run of Network_Geo_F25-54_320 x 50_Standard_NV_NA",204527421,9/21/2017,2086,163,1923,734,1189,37,1152,853,299,771,571,1424
TJN_TJX_TJMaxx 2H DIG_FY18,Conversant Inc.,PJPWPD_TJN_TJX_028_Audience_CONVERSANT_DST_SV1_MAP_NET_DSP_TRG_RON_BTG_BTG_DVY_PHASE 1_ SMARTPHONE SMALL BANNER  - CONVERSANT SHOPPERS AV_Run of Site_Behavioral_P18+_320 x 50_Standard_NV_NA,204447251,9/25/2017,1068,27,1041,0,1041,197,844,574,270,197,134,708
TJN_TJX_TJMaxx 2H DIG_FY18,Foursquare,"PJMQ2K_TJN_TJX_028_Audience_FOURSQUARE LABS, INC_DST_SV1_MAP_PRO_DSP_TRG_RON_PXT_BTG_DVY_PHASE 1_PINPOINT STRATEGIC SAVERS_Run of Network_Geo_F25-54_320 x 50_Standard_NV_NA",204483454,10/6/2017,88763,2928,85835,44240,41595,1788,39807,31393,8414,46028,36299,67692
TJN_TJX_TJMaxx 2H DIG_FY18,Conversant Inc.,PJPTLL_TJN_TJC_031_Audience_CONVERSANT_PUR_ROI_DSK_NET_DSP_TRG_RON_BTG_BTG_DVY_DESKTOP WIDE SKYSCRAPER- TRENDSETTERS_Run of Site_Other_P18+_160 x 600_Standard_NV_NA,204447269,10/12/2017,15593,999,14594,4,14590,2153,12437,6802,5635,2157,1180,7982
TJN_TJX_TJMaxx 2H DIG_FY18,Viant,"PJNSGV_TJN_TJX_028_Data_VIANT INC_DSI_SV1_DSK_DIR_DSP_TRG_RON_BTG_CTG_DVY_PHASE 1_VIANT DIRECT MATCH RETAIL, TJX PORFOLIO LOYALISTS, DISPLAY_Fixed Placement_Behavioral_F25-54_728 x 90_Standard_NV_NA",204478511,9/27/2017,1165,55,1110,0,1110,30,1080,882,198,30,25,907
TJN_TJX_TJMaxx 2H DIG_FY18,NBC Universal Media,PK2KJV_TJN_TJX_028_Content_NBCUNI.COM_BAF_BS2_OTT_DIR_VID_SPN_ROS_BTG_CTG_MOA_THIS IS US SPONSORSHIP: OTT - VIGNETTE 2_Run of Site_Behavioral_F25-54_1920 x 1080_Click and View_NV_NA,205613677,10/11/2017,17,0,17,17,0,0,0,0,0,17,11,11
TJN_TJX_TJMaxx 2H DIG_FY18,Viant,"PJNSGR_TJN_TJX_028_Data_VIANT INC_DSI_SV1_TWB_DIR_DSP_TRG_RON_BTG_CTG_DVY_PHASE 1_VIANT DIRECT MATCH RETAIL, TJX PORFOLIO LOYALISTS, DISPLAY_Fixed Placement_Behavioral_F25-54_160 x 600_Standard_NV_NA",204478520,9/24/2017,749,2,747,0,747,76,671,118,553,76,13,131
TJN_TJX_TJMaxx 2H DIG_FY18,Conversant Inc.,PJNPML_TJN_TJC_031_Audience_CONVERSANT_PUR_ROI_DSK_NET_DSP_TRG_RON_BTG_BTG_DVY_DESKTOP MEDIUM RECTANGLE- STRATEGIC SAVERS_Run of Site_Other_P18+_300 x 250_Standard_NV_NA,204443407,10/12/2017,28408,1670,26738,1,26737,2700,24037,16614,7423,2701,1867,18481
TJN_MAR_023_Marshalls 2H Digital_F18,NinthDecimal,PJPSRX_TJN_MAR_023_Mobile_NINTHDECIMAL_DST_SV1_MAP_DIR_RCH_TRG_RON_BTG_PXT_DVY_LOCATION GRAPH: COMPETITIVE CONQUESTING_Run of Network_Behavioral_F25-54_320 x 50_Click and View_NV_NA,204542879,10/12/2017,54906,982,53924,21097,32827,165,32662,31401,1261,21262,20441,51842
TJN_TJX_TJMaxx 2H DIG_FY18,Conversant Inc.,PJPTMQ_TJN_TJC_031_Audience_CONVERSANT_PUR_ROI_DSK_NET_DSP_TRG_RON_BTG_BTG_DVY_DESKTOP MEDIUM RECTANGLE- COMPETITIVE CONQUESTING_Run of Site_Other_P18+_300 x 250_Standard_NV_NA,204447218,10/19/2017,2645,162,2483,0,2483,331,2152,1226,926,331,189,1415
TJN_TJX_TJMaxx 2H DIG_FY18,xAd Inc.,PJMTMR_TJN_TJX_028_Mobile_GROUND TRUTH FKA XAD_DST_SV1_MAP_DIR_RCH_TRG_RON_PXT_PXT_DVY_PHASE 1_PROXIMITY LOYALTY PLACEMENT - RICH MEDIA STORE LOCATOR - Fall Handbag_Run of Network_Geo_F25-54_300 x 250_Click and View_NV_NA,204442093,9/8/2017,673,10,663,110,553,6,547,526,21,116,112,638
TJN_TJX_TJMaxx 2H DIG_FY18,xAd Inc.,PJPXJS_TJN_TJX_028_Mobile_GROUND TRUTH FKA XAD_DST_SV1_MAP_DIR_DSP_TRG_RON_RTG_RTG_DVY_PHASE 1_LOCATION AUDIENCE COMPETITIVE CONQUESTING PLACEMENT - STANDARD BANNER - Fall Hero_Run of Network_Retarget_F25-54_300 x 250_Click and View_NV_NA,204446153,9/27/2017,25139,693,24446,24414,32,1,31,24,7,24415,18902,18926
TJN_TJX_TJMaxx 2H DIG_FY18,NBC Universal Media,PK3H7Q_TJN_TJX_028_Content_NBCUNI.COM_BAF_BS2_DSK_DIR_DSP_SPN_HPT_CTG_CTG_DCM_100% SOV NBC THIS IS US ROADBLOCK 10/17 - 728X90 MOBILE_HP Takeover_Contextual_F25-54_728 x 90_Standard_NV_NA,205685944,10/17/2017,1065,18,1047,0,1047,30,1017,756,261,30,22,778
TJN_MAR_023_Marshalls 2H Digital_F18,xAd Inc.,PJQ0YJ_TJN_MAR_023_Mobile_GROUND TRUTH FKA XAD_DST_SV1_MAP_DIR_DSP_TRG_RON_BTG_PXT_DVY_MARSHALLS SHOPPERS - DYNAMIC DISTANCE_Run of Network_Geo_F25-54_320 x 50_Click and View_NV_NA,204595911,10/10/2017,6885,23,6862,2881,3981,58,3923,2611,1312,2939,1959,4570
TJN_TJX_TJMaxx 2H DIG_FY18,xAd Inc.,PJMTN2_TJN_TJX_028_Mobile_GROUND TRUTH FKA XAD_DST_SV1_MAP_DIR_DSP_TRG_RON_RTG_RTG_DVY_PHASE 1_LOCATION AUDIENCE COMPETITIVE CONQUESTING PLACEMENT - STANDARD BANNER - Fall Handbag_Run of Network_Retarget_F25-54_300 x 250_Click and View_NV_NA,204447824,9/6/2017,18673,492,18181,14415,3766,33,3733,3614,119,14448,13869,17483
TJN_TJX_TJMaxx 2H DIG_FY18,xAd Inc.,PJYDBW_TJN_TJX_028_Mobile_GROUND TRUTH FKA XAD_DST_SV1_MAP_DIR_RCH_TRG_RON_BTG_BTG_DVY_PHASE 1_BEHAVIORAL AUDIENCE STRATEGIC SAVERS PLACEMENT - RICH MEDIA STORE LOCATOR - Fall Hero_Run of Network_Behavioral_F25-54_300 x 250_Click and View_NV_NA,205207030,10/12/2017,5068,58,5010,1237,3773,138,3635,1756,1879,1375,664,2420
TJN_TJX_TJMaxx 2H DIG_FY18,Viant,PJPXKV_TJN_TJX_028_Data_VIANT INC_DSI_SV1_DSK_DIR_DSP_TRG_RON_BTG_CTG_DVY_PHASE 1_DESKTOP DISPLAY VIANT IMP TARGETING - STRATEGIC SAVERS AV_Fixed Placement_Demo_F25-54_728 x 90_Standard_NV_NA,204526986,9/19/2017,581,480,101,0,101,86,15,11,4,86,63,74
TJN_TJX_TJMaxx 2H DIG_FY18,xAd Inc.,PJYDBQ_TJN_TJX_028_Mobile_GROUND TRUTH FKA XAD_DST_SV1_MAP_DIR_RCH_TRG_RON_BTG_BTG_DVY_PHASE 1_BEHAVIORAL AUDIENCE TRENDSETTERS PLACEMENT - RICH MEDIA STORE LOCATOR - Fall Hero_Run of Network_Behavioral_F25-54_300 x 250_Click and View_NV_NA,205145231,10/6/2017,3028,56,2972,206,2766,29,2737,2534,203,235,218,2752
TJN_TJX_TJMaxx 2H DIG_FY18,Foursquare,"PJYHWF_TJN_TJX_028_Audience_FOURSQUARE LABS, INC_DST_SV1_MAP_PRO_DSP_TRG_RON_PXT_BTG_DVY_PHASE 1_PINPOINT COMPETITIVE CONQUESTING_Run of Network_Geo_F25-54_320 x 50_Standard_NV_NA",205183220,10/15/2017,147437,2295,145142,101176,43966,1756,42210,35813,6397,102932,87332,123145
TJN_TJX_TJMaxx 2H DIG_FY18,Viant,"PJNSGM_TJN_TJX_028_Data_VIANT INC_DSI_SV1_TWB_DIR_DSP_TRG_RON_BTG_CTG_DVY_PHASE 1_VIANT DIRECT MATCH RETAIL, TJX PORFOLIO LOYALISTS, DISPLAY_Fixed Placement_Behavioral_F25-54_728 x 90_Standard_NV_NA",204526722,10/17/2017,7945,28,7917,0,7917,624,7293,4719,2574,624,404,5123
TJN_TJX_TJMaxx 2H DIG_FY18,xAd Inc.,PJPXJY_TJN_TJX_028_Mobile_GROUND TRUTH FKA XAD_DST_SV1_MAP_DIR_DSP_TRG_RON_BTG_BTG_DVY_PHASE 1_BEHAVIORAL AUDIENCE STRATEGIC SAVERS PLACEMENT - STANDARD BANNER - Fall Hero_Run of Network_Behavioral_F25-54_300 x 250_Click and View_NV_NA,204484017,9/22/2017,10906,188,10718,10707,11,2,9,2,7,10709,2380,2382
TJN_TJX_TJMaxx 2H DIG_FY18,PlaceIQ,PK18VC_TJN_TJX_028_Mobile_PLACEIQ INC_DST_SV1_MAP_DIR_RCH_TRG_RON_BTG_PXT_DVY_PHASE 1_RICH MEDIA_TJX PORTFOLIO LOYALISTS_Run of Network_Behavioral_F25-54_320 x 50_Click and View_NV_NA,205568912,10/17/2017,26155,708,25447,7860,17587,415,17172,16889,283,8275,8139,25028
TJN_TJX_TJMaxx 2H DIG_FY18,Viant,"PJSPBV_TJN_TJC_031_Data_VIANT INC_PUR_ROI_MWB_DIR_DSP_TRG_RON_BTG_MKT_DVY_DETERMINSTIC LAL OF ECOM CONVERTERS, CROSS DEVICE DISPLAY_Fixed Placement_Behavioral_F25-54_160 x 600_Click_NV_NA",204733791,10/14/2017,10605,527,10078,1,10077,451,9626,6096,3530,452,286,6382
TJN_TJX_TJMaxx 2H DIG_FY18,xAd Inc.,PKF4B4_TJN_TJX_028_Mobile_GROUND TRUTH FKA XAD_DST_SV1_MAP_DIR_DSP_TRG_RON_BTG_BTG_DVY_PHASE 1_BEHAVIORAL AUDIENCE TRENDSETTERS PLACEMENT - STANDARD BANNER - Find A Store V2_Run of Network_Behavioral_F25-54_320 x 50_Click and View_NV_NA,206832834,10/19/2017,6406,65,6341,3438,2903,34,2869,2033,836,3472,2460,4493
TJN_TJX_TJMaxx 2H DIG_FY18,Foursquare,"PK0H84_TJN_TJX_028_Audience_FOURSQUARE LABS, INC_DST_SV1_MAP_PRO_RCH_TRG_RON_PXT_BTG_DVY_PHASE 1_MOBILE RICH MEDIA COMPETITIVE CONQUESTING - Find A Store_Run of Network_Geo_F25-54_320 x 50_Standard_NV_NA",205427847,10/12/2017,28547,758,27789,19666,8123,404,7719,5523,2196,20070,14360,19883
TJN_TJX_TJMaxx 2H DIG_FY18,Foursquare,"PJYHWD_TJN_TJX_028_Audience_FOURSQUARE LABS, INC_DST_SV1_MAP_PRO_DSP_TRG_RON_PXT_BTG_DVY_PHASE 1_PINPOINT COMPETITIVE CONQUESTING_Run of Network_Geo_F25-54_300 x 250_Standard_NV_NA",205235284,10/10/2017,5181,371,4810,2862,1948,133,1815,1156,659,2995,1908,3064
TJN_MAR_023_Marshalls 2H Digital_F18,xAd Inc.,PJQ0YB_TJN_MAR_023_Mobile_GROUND TRUTH FKA XAD_DST_SV1_MAP_DIR_DSP_TRG_RON_PXT_BTG_DVY_PROXIMITY CONQUESTING - DYNAMIC DISTANCE_Run of Network_Geo_F25-54_320 x 50_Click and View_NV_NA,204541799,10/8/2017,5791,112,5679,4426,1253,181,1072,856,216,4607,3637,4493
TJN_TJX_TJMaxx 2H DIG_FY18,xAd Inc.,PKF473_TJN_TJX_028_Mobile_GROUND TRUTH FKA XAD_DST_SV1_MAP_DIR_DSP_TRG_RON_PXT_PXT_DVY_PHASE 1_PROXIMITY LOYALTY PLACEMENT - STANDARD BANNER - Find A Store V1_Run of Network_Geo_F25-54_320 x 50_Click and View_NV_NA,206813098,10/17/2017,4973,174,4799,335,4464,54,4410,3087,1323,389,272,3359
TJN_TJX_TJMaxx 2H DIG_FY18,xAd Inc.,PJYDBQ_TJN_TJX_028_Mobile_GROUND TRUTH FKA XAD_DST_SV1_MAP_DIR_RCH_TRG_RON_BTG_BTG_DVY_PHASE 1_BEHAVIORAL AUDIENCE TRENDSETTERS PLACEMENT - RICH MEDIA STORE LOCATOR - Fall Hero_Run of Network_Behavioral_F25-54_300 x 250_Click and View_NV_NA,205145231,10/11/2017,3370,35,3335,76,3259,9,3250,3122,128,85,82,3204
TJN_TJX_TJMaxx 2H DIG_FY18,Conversant Inc.,PJNPLZ_TJN_TJX_028_Audience_CONVERSANT_DST_SV1_MAP_NET_DSP_TRG_RON_BTG_BTG_DVY_PHASE 1_ SMARTPHONE SMALL BANNER  - CJ CONVERTERS LAL MODELING_Run of Site_Behavioral_P18+_320 x 50_Standard_NV_NA,204442891,10/12/2017,31863,553,31310,120,31190,4469,26721,15275,11446,4589,2623,17898
TJN_MAR_023_Marshalls 2H Digital_F18,NinthDecimal,PJPSS0_TJN_MAR_023_Mobile_NINTHDECIMAL_DST_SV1_MAP_DIR_RCH_TRG_RON_BTG_DMA_DVY_3RD PARTY: SURPRISE CHOOSERS_Run of Network_Behavioral_F25-54_320 x 50_Click and View_NV_NA,204595875,9/5/2017,15619,227,15392,7311,8081,79,8002,7765,237,7390,7171,14936
TJN_TJX_TJMaxx 2H DIG_FY18,PlaceIQ,PK18PW_TJN_TJX_028_Mobile_PLACEIQ INC_DST_SV1_MAP_DIR_DSP_TRG_RON_BTG_PXT_DVY_PHASE 1_STANDARD BANNER_TRENDSTTERS_SOCIAL MEDIA INFLUENCER PLUS NEARBY TJMAXX - Maxx You Maxx Life_Run of Network_Behavioral_F25-54_320 x 50_Click and View_NV_NA,205566944,10/18/2017,25402,1240,24162,11926,12236,90,12146,11889,257,12016,11762,23651
TJN_TJX_TJMaxx 2H DIG_FY18,Viant,"PJNSHB_TJN_TJX_028_Data_VIANT INC_DSI_SV1_MWB_DIR_DSP_TRG_RON_BTG_CTG_DVY_PHASE 1_VIANT DIRECT MATCH RETAIL, COMPETITIVE CONQUESTING, DISPLAY_Fixed Placement_Behavioral_F25-54_300 x 50_Standard_NV_NA",204478658,9/29/2017,4,1,3,0,3,0,3,3,0,0,0,3
TJN_TJX_TJMaxx 2H DIG_FY18,xAd Inc.,PJMTN4_TJN_TJX_028_Mobile_GROUND TRUTH FKA XAD_DST_SV1_MAP_DIR_RCH_TRG_RON_BTG_BTG_DVY_PHASE 1_BEHAVIORAL AUDIENCE TRENDSETTERS PLACEMENT - RICH MEDIA STORE LOCATOR - Fall Handbag_Run of Network_Behavioral_F25-54_300 x 250_Click and View_NV_NA,204447281,10/20/2017,1211,10,1201,15,1186,5,1181,1135,46,20,19,1154
TJN_TJX_TJMaxx 2H DIG_FY18,xAd Inc.,PJMTMR_TJN_TJX_028_Mobile_GROUND TRUTH FKA XAD_DST_SV1_MAP_DIR_RCH_TRG_RON_PXT_PXT_DVY_PHASE 1_PROXIMITY LOYALTY PLACEMENT - RICH MEDIA STORE LOCATOR - Fall Handbag_Run of Network_Geo_F25-54_300 x 250_Click and View_NV_NA,204442093,10/7/2017,14588,186,14402,2874,11528,81,11447,10870,577,2955,2806,13676
TJN_MAR_023_Marshalls 2H Digital_F18,xAd Inc.,PJQ0YR_TJN_MAR_023_Mobile_GROUND TRUTH FKA XAD_DST_SV1_MAP_DIR_DSP_TRG_RON_PXT_BTG_DVY_GEOBLOCKS CONQUESTING - DYNAMIC DISTANCE_Run of Network_Geo_F25-54_300 x 250_Click and View_NV_NA,204555244,10/17/2017,9240,486,8754,8754,0,0,0,0,0,8754,0,0
TJN_TJX_TJMaxx 2H DIG_FY18,Conversant Inc.,PJPWC1_TJN_TJX_028_Audience_CONVERSANT_DST_SV1_MAP_NET_DSP_TRG_RON_BTG_BTG_DVY_PHASE 1_ SMARTPHONE MEDIUM RECTANGLE  - CJ INTERACTORS LAL MODELING_Run of Site_Behavioral_P18+_300 x 250_Standard_NV_NA,204483942,10/7/2017,16959,285,16674,68,16606,2252,14354,4566,9788,2320,738,5304
TJN_TJX_TJMaxx 2H DIG_FY18,Viant,"PJNSGR_TJN_TJX_028_Data_VIANT INC_DSI_SV1_TWB_DIR_DSP_TRG_RON_BTG_CTG_DVY_PHASE 1_VIANT DIRECT MATCH RETAIL, TJX PORFOLIO LOYALISTS, DISPLAY_Fixed Placement_Behavioral_F25-54_160 x 600_Standard_NV_NA",204478520,9/22/2017,238,3,235,0,235,22,213,38,175,22,4,42
TJN_TJX_TJMaxx 2H DIG_FY18,xAd Inc.,PKF49Y_TJN_TJX_028_Mobile_GROUND TRUTH FKA XAD_DST_SV1_MAP_DIR_DSP_TRG_RON_BTG_BTG_DVY_PHASE 1_BEHAVIORAL AUDIENCE TRENDSETTERS PLACEMENT - STANDARD BANNER - Find A Store V1_Run of Network_Behavioral_F25-54_320 x 50_Click and View_NV_NA,206812693,10/13/2017,1063,21,1042,171,871,10,861,532,329,181,112,644
TJN_TJX_TJMaxx 2H DIG_FY18,Viant,"PKGK1G_TJN_TJX_028_Data_VIANT INC_DSI_SV1_TWB_DIR_RCH_TRG_INT_BTG_CTG_DVY_PHASE 1_VIANT IMP, W25-54 STRATEGIC SAVERS, CONTOBOX - Booties_Fixed Placement_Behavioral_F25-54_160 x 600_Click and View_NV_NA",206833950,10/18/2017,9,4,5,0,5,1,4,4,0,1,1,5
TJN_TJX_TJMaxx 2H DIG_FY18,xAd Inc.,PJPXJQ_TJN_TJX_028_Mobile_GROUND TRUTH FKA XAD_DST_SV1_MAP_DIR_DSP_TRG_RON_RTG_RTG_DVY_PHASE 1_LOCATION AUDIENCE TJX SHOPPERS PLACEMENT - STANDARD BANNER - TJMaxx_Run of Network_Retarget_F25-54_320 x 50_Click and View_NV_NA,204447839,9/21/2017,31313,523,30790,8518,22272,8635,13637,12812,825,17153,14652,27464
TJN_MAR_023_Marshalls 2H Digital_F18,xAd Inc.,PJQ0Y6_TJN_MAR_023_Mobile_GROUND TRUTH FKA XAD_DST_SV1_MAP_DIR_DSP_TRG_RON_PXT_BTG_DVY_PROXIMITY LOYALTY - DYNAMIC DISTANCE_Run of Network_Geo_F25-54_320 x 50_Click and View_NV_NA,204556888,9/16/2017,94115,1847,92268,63350,28918,15998,12920,10725,2195,79348,54524,65249
TJN_TJX_TJMaxx 2H DIG_FY18,Viant,"PJNSH7_TJN_TJX_028_Data_VIANT INC_DSI_SV1_MWB_DIR_DSP_TRG_RON_BTG_CTG_DVY_PHASE 1_VIANT DIRECT MATCH RETAIL, COMPETITIVE CONQUESTING, DISPLAY_Fixed Placement_Behavioral_F25-54_320 x 50_Standard_NV_NA",204477565,9/17/2017,4973,46,4927,0,4927,329,4598,3674,924,329,263,3937
TJN_TJX_TJMaxx 2H DIG_FY18,Viant,"PK2X7H_TJN_TJX_028_Data_VIANT INC_DSI_SV1_MWB_DIR_RCH_TRG_INT_BTG_CTG_DVY_PHASE 1_VIANT IMP, W25-54 STRATEGIC SAVERS, CONTOBOX - Honeycomb_Fixed Placement_Behavioral_F25-54_320 x 50_Click and View_NV_NA",205725975,9/26/2017,8025,129,7896,6,7890,1621,6269,3329,2940,1627,864,4193
TJN_TJX_TJMaxx 2H DIG_FY18,NBC Universal Media,PK2KJV_TJN_TJX_028_Content_NBCUNI.COM_BAF_BS2_OTT_DIR_VID_SPN_ROS_BTG_CTG_MOA_THIS IS US SPONSORSHIP: OTT - VIGNETTE 2_Run of Site_Behavioral_F25-54_1920 x 1080_Click and View_NV_NA,205613677,10/6/2017,184757,263,184494,184494,0,0,0,0,0,184494,131977,131977
TJN_TJX_TJMaxx 2H DIG_FY18,Viant,PJPXKV_TJN_TJX_028_Data_VIANT INC_DSI_SV1_DSK_DIR_DSP_TRG_RON_BTG_CTG_DVY_PHASE 1_DESKTOP DISPLAY VIANT IMP TARGETING - STRATEGIC SAVERS AV_Fixed Placement_Demo_F25-54_728 x 90_Standard_NV_NA,204526986,10/13/2017,8217,3659,4558,0,4558,524,4034,2197,1837,524,285,2482
TJN_TJX_TJMaxx 2H DIG_FY18,Foursquare,"PJMQ2K_TJN_TJX_028_Audience_FOURSQUARE LABS, INC_DST_SV1_MAP_PRO_DSP_TRG_RON_PXT_BTG_DVY_PHASE 1_PINPOINT STRATEGIC SAVERS_Run of Network_Geo_F25-54_320 x 50_Standard_NV_NA",204483454,10/11/2017,122353,3905,118448,62962,55486,2309,53177,42881,10296,65271,52633,95514
TJN_TJX_TJMaxx 2H DIG_FY18,xAd Inc.,PJMTNC_TJN_TJX_028_Mobile_GROUND TRUTH FKA XAD_DST_SV1_MAP_DIR_DSP_TRG_RON_BTG_BTG_DVY_PHASE 1_BEHAVIORAL AUDIENCE TRENDSETTERS PLACEMENT - STANDARD BANNER - Maxx You Maxx Life_Run of Network_Behavioral_F25-54_320 x 50_Click and View_NV_NA,204447830,10/18/2017,3,0,3,3,0,0,0,0,0,3,2,2
TJN_MAR_023_Marshalls 2H Digital_F18,Bustle,PK5G41_TJN_MAR_023_Content_BUSTLE_Custom Content Roadblock Standard Feature 1 - Panoramic_Roadblock_Contextual_F25-54_1 x 1_Click and View_NV_NA,206335290,10/19/2017,3116,38,3078,0,3078,209,2869,2216,653,209,161,2377
TJN_MAR_023_Marshalls 2H Digital_F18,xAd Inc.,PJQ0YD_TJN_MAR_023_Mobile_GROUND TRUTH FKA XAD_DST_SV1_MAP_DIR_RCH_TRG_RON_WEA_PXT_DVY_PROXIMITY CONQUESTING - WEATHER LOCATOR UNIT_Run of Network_Weather_F25-54_320 x 50_Click and View_NV_NA,204541553,10/12/2017,10976,273,10703,3369,7334,154,7180,6616,564,3523,3246,9862
TJN_TJX_TJMaxx 2H DIG_FY18,xAd Inc.,PJYDBV_TJN_TJX_028_Mobile_GROUND TRUTH FKA XAD_DST_SV1_MAP_DIR_RCH_TRG_RON_BTG_BTG_DVY_PHASE 1_BEHAVIORAL AUDIENCE STRATEGIC SAVERS PLACEMENT - RICH MEDIA STORE LOCATOR - Maxx You Maxx Life_Run of Network_Behavioral_F25-54_320 x 50_Click and View_NV_NA,205148243,10/15/2017,7249,94,7155,3648,3507,119,3388,3108,280,3767,3456,6564
TJN_TJX_TJMaxx 2H DIG_FY18,Conversant Inc.,PJNPLV_TJN_TJX_028_Audience_CONVERSANT_DST_SV1_DSK_NET_DSP_TRG_RON_BTG_BTG_DVY_PHASE 1_ DESKTOP LEADERBOARD - CJ CONVERTERS LAL MODELING_Run of Site_Behavioral_P18+_728 x 90_Standard_NV_NA,204483933,10/20/2017,94032,5978,88054,14,88040,9312,78728,30567,48161,9326,3621,34188
TJN_TJX_TJMaxx 2H DIG_FY18,Viant,"PK2V4Y_TJN_TJX_028_Data_VIANT INC_DSI_SV1_MWB_DIR_RCH_TRG_INT_BTG_CTG_DVY_PHASE 1_VIANT IMP, W25-54 STRATEGIC SAVERS, CONTOBOX - Fall Homes_Fixed Placement_Behavioral_F25-54_320 x 50_Click and View_NV_NA",205685980,10/3/2017,20999,371,20628,5,20623,3062,17561,9623,7938,3067,1681,11304
TJN_TJX_TJMaxx 2H DIG_FY18,Viant,PJPXKV_TJN_TJX_028_Data_VIANT INC_DSI_SV1_DSK_DIR_DSP_TRG_RON_BTG_CTG_DVY_PHASE 1_DESKTOP DISPLAY VIANT IMP TARGETING - STRATEGIC SAVERS AV_Fixed Placement_Demo_F25-54_728 x 90_Standard_NV_NA,204526986,9/13/2017,8,8,0,0,0,0,0,0,0,0,0,0
TJN_TJX_TJMaxx 2H DIG_FY18,Conversant Inc.,PJPTLH_TJN_TJC_031_Audience_CONVERSANT_PUR_ROI_TAP_NET_DSP_TRG_RON_BTG_BTG_DVY_TABLET LEADERBOARD- TRENDSETTERS_Run of Site_Other_P18+_728 x 90_Standard_NV_NA,204447779,10/11/2017,1870,23,1847,9,1838,221,1617,1114,503,230,158,1272
TJN_TJX_TJMaxx 2H DIG_FY18,Conversant Inc.,PJPTLJ_TJN_TJC_031_Audience_CONVERSANT_PUR_ROI_TAP_NET_DSP_TRG_RON_BTG_BTG_DVY_TABLET MEDIUM RECTANGLE - TRENDSETTERS_Run of Site_Other_P18+_300 x 250_Standard_NV_NA,204447266,10/5/2017,12332,195,12137,0,12137,1774,10363,4431,5932,1774,759,5190
TJN_MAR_023_Marshalls 2H Digital_F18,xAd Inc.,PJQ0Y8_TJN_MAR_023_Mobile_GROUND TRUTH FKA XAD_DST_SV1_MAP_DIR_RCH_TRG_RON_WEA_PXT_DVY_PROXIMITY LOYALTY - WEATHER LOCATOR UNIT_Run of Network_Weather_F25-54_320 x 50_Click and View_NV_NA,204556189,9/6/2017,38962,1028,37934,31427,6507,157,6350,5898,452,31584,29336,35234
TJN_TJX_TJMaxx 2H DIG_FY18,PlaceIQ,PK19YY_TJN_TJX_028_Mobile_PLACEIQ INC_DST_SV1_MAP_DIR_RCH_TRG_RON_BTG_PTG_DVY_PHASE 1_RICH MEDIA_STRATEGIC SAVERS_FREQUENT WOMEN'S APPAREL SHOPPER+DISCRETIONARY SPEND SHOPPERS_Run of Network_Behavioral_F25-54_320 x 50_Click and View_NV_NA,205568681,10/12/2017,35391,822,34569,13930,20639,684,19955,19560,395,14614,14325,33885
TJN_TJX_TJMaxx 2H DIG_FY18,Conversant Inc.,PJPWBW_TJN_TJX_028_Audience_CONVERSANT_DST_SV1_DSK_NET_DSP_TRG_RON_BTG_BTG_DVY_PHASE 1_ DESKTOP RECTANGLE - CJ INTERACTORS LAL MODELING_Run of Site_Behavioral_P18+_300 x 600_Standard_NV_NA,204447740,10/20/2017,7175,505,6670,3,6667,808,5859,1427,4432,811,198,1625
TJN_TJX_TJMaxx 2H DIG_FY18,Viant,"PK2V4V_TJN_TJX_028_Data_VIANT INC_DSI_SV1_TWB_DIR_RCH_TRG_INT_BTG_CTG_DVY_PHASE 1_VIANT IMP, W25-54 STRATEGIC SAVERS, CONTOBOX - Fall Homes_Fixed Placement_Behavioral_F25-54_728 x 90_Click and View_NV_NA",205725966,10/7/2017,6950,86,6864,38,6826,604,6222,1565,4657,642,161,1726
TJN_TJX_TJMaxx 2H DIG_FY18,xAd Inc.,PJPXJQ_TJN_TJX_028_Mobile_GROUND TRUTH FKA XAD_DST_SV1_MAP_DIR_DSP_TRG_RON_RTG_RTG_DVY_PHASE 1_LOCATION AUDIENCE TJX SHOPPERS PLACEMENT - STANDARD BANNER - TJMaxx_Run of Network_Retarget_F25-54_320 x 50_Click and View_NV_NA,204447839,10/6/2017,18231,302,17929,10657,7272,1398,5874,5563,311,12055,10602,16165
TJN_TJX_TJMaxx 2H DIG_FY18,Foursquare,"PJPRVC_TJN_TJX_028_Audience_FOURSQUARE LABS, INC_DST_SV1_MAP_PRO_DSP_TRG_RON_PXT_BTG_DVY_PHASE 1_PINPOINT TRENDSETTERS AV_Run of Network_Geo_F25-54_320 x 50_Standard_NV_NA",204527421,10/11/2017,2776,43,2733,1084,1649,83,1566,1296,270,1167,966,2262
TJN_TJX_TJMaxx 2H DIG_FY18,Conversant Inc.,PJPTMQ_TJN_TJC_031_Audience_CONVERSANT_PUR_ROI_DSK_NET_DSP_TRG_RON_BTG_BTG_DVY_DESKTOP MEDIUM RECTANGLE- COMPETITIVE CONQUESTING_Run of Site_Other_P18+_300 x 250_Standard_NV_NA,204447218,10/9/2017,21918,1075,20843,0,20843,2894,17949,11049,6900,2894,1781,12830
TJN_TJX_TJMaxx 2H DIG_FY18,Foursquare,"PJPQL0_TJN_TJX_028_Audience_FOURSQUARE LABS, INC_DST_SV1_MAP_PRO_DSP_TRG_RON_PXT_BTG_DVY_PHASE 1_PINPOINT TRENDSETTERS_Run of Network_Geo_F25-54_320 x 50_Standard_NV_NA",204478094,9/29/2017,161442,6008,155434,98793,56641,1999,54642,45200,9442,100792,83375,128575
TJN_TJX_TJMaxx 2H DIG_FY18,Viant,"PJSPCM_TJN_TJC_031_Data_VIANT INC_PUR_ROI_TWB_DIR_DSP_TRG_RON_BTG_MKT_DVY_W25-54 + ONLINE SHOPPERS, CROSS DEVICE DISPLAY_Fixed Placement_Behavioral_F25-54_300 x 250_Click_NV_NA",204733512,10/17/2017,59566,847,58719,0,58719,4239,54480,40975,13505,4239,3188,44163
TJN_TJX_TJMaxx 2H DIG_FY18,xAd Inc.,PKF4NT_TJN_TJX_028_Mobile_GROUND TRUTH FKA XAD_DST_SV1_MAP_DIR_RCH_TRG_RON_BTG_BTG_DVY_PHASE 1_BEHAVIORAL AUDIENCE TRENDSETTERS PLACEMENT - RICH MEDIA STORE LOCATOR - Sweaters_Run of Network_Behavioral_F25-54_300 x 250_Click and View_NV_NA,206813092,10/15/2017,1058,15,1043,13,1030,5,1025,953,72,18,17,970
TJN_TJX_TJMaxx 2H DIG_FY18,Foursquare,"PJPRV8_TJN_TJX_028_Audience_FOURSQUARE LABS, INC_DST_SV1_MAP_PRO_DSP_TRG_RON_PXT_BTG_DVY_PHASE 1_PINPOINT TRENDSETTERS AV_Run of Network_Geo_F25-54_300 x 250_Standard_NV_NA",204527100,9/15/2017,737,55,682,209,473,74,399,138,261,283,98,236
TJN_TJX_TJMaxx 2H DIG_FY18,Viant,"PK2V4Y_TJN_TJX_028_Data_VIANT INC_DSI_SV1_MWB_DIR_RCH_TRG_INT_BTG_CTG_DVY_PHASE 1_VIANT IMP, W25-54 STRATEGIC SAVERS, CONTOBOX - Fall Homes_Fixed Placement_Behavioral_F25-54_320 x 50_Click and View_NV_NA",205685980,10/1/2017,20,10,10,3,7,0,7,7,0,3,3,10
TJN_TJX_TJMaxx 2H DIG_FY18,Viant,"PJNSGN_TJN_TJX_028_Data_VIANT INC_DSI_SV1_TWB_DIR_DSP_TRG_RON_BTG_CTG_DVY_PHASE 1_VIANT DIRECT MATCH RETAIL, TJX PORFOLIO LOYALISTS, DISPLAY_Fixed Placement_Behavioral_F25-54_300 x 250_Standard_NV_NA",204526347,9/29/2017,573,2,571,0,571,28,543,394,149,28,20,414
TJN_TJX_TJMaxx 2H DIG_FY18,Foursquare,"PK0H83_TJN_TJX_028_Audience_FOURSQUARE LABS, INC_DST_SV1_MAP_PRO_RCH_TRG_RON_PXT_BTG_DVY_PHASE 1_MOBILE RICH MEDIA COMPETITIVE CONQUESTING - Fall Honeycomb_Run of Network_Geo_F25-54_300 x 250_Standard_NV_NA",205344161,9/27/2017,2272,121,2151,841,1310,89,1221,382,839,930,291,673
TJN_TJX_TJMaxx 2H DIG_FY18,Conversant Inc.,PJPTML_TJN_TJC_031_Audience_CONVERSANT_PUR_ROI_DSK_NET_DSP_TRG_RON_BTG_BTG_DVY_DESKTOP WIDE SKYSCRAPER- COMPETITIVE CONQUESTING_Run of Site_Other_P18+_160 x 600_Standard_NV_NA,204447224,10/17/2017,3155,148,3007,0,3007,194,2813,2060,753,194,142,2202
TJN_TJX_TJMaxx 2H DIG_FY18,Conversant Inc.,PJPWP8_TJN_TJX_028_Audience_CONVERSANT_DST_SV1_DSK_NET_DSP_TRG_RON_BTG_BTG_DVY_PHASE 1_ DESKTOP LEADERBOARD - CONVERSANT SHOPPERS AV_Run of Site_Behavioral_P18+_728 x 90_Standard_NV_NA,204446132,10/15/2017,2342,222,2120,0,2120,86,2034,1532,502,86,65,1597
TJN_TJX_TJMaxx 2H DIG_FY18,PlaceIQ,PK19Z0_TJN_TJX_028_Mobile_PLACEIQ INC_DST_SV1_MAP_DIR_RCH_TRG_RON_BTG_PTG_DVY_PHASE 1_RICH MEDIA_STRATEGIC SAVERS_APPAREL OR FURNISHINGS DISCRETIONARY SPEND+IMPULSE BUYER SHOPPERS_Run of Network_Behavioral_F25-54_320 x 50_Click and View_NV_NA,205563158,10/7/2017,47070,1115,45955,18731,27224,881,26343,25864,479,19612,19255,45119
TJN_TJX_TJMaxx 2H DIG_FY18,Conversant Inc.,PJPWPG_TJN_TJX_028_Audience_CONVERSANT_DST_SV1_TAP_NET_DSP_TRG_RON_BTG_BTG_DVY_PHASE 1_ TABLET MEDIUM RECTANGLE  - CONVERSANT SHOPPERS AV_Run of Site_Behavioral_P18+_300 x 250_Standard_NV_NA,204446129,10/20/2017,426,14,412,0,412,102,310,115,195,102,38,153
TJN_TJX_TJMaxx 2H DIG_FY18,Viant,"PJSPBQ_TJN_TJC_031_Data_VIANT INC_PUR_ROI_DSK_DIR_DSP_TRG_RON_BTG_MKT_DVY_DETERMINSTIC LAL OF ECOM CONVERTERS, CROSS DEVICE DISPLAY_Fixed Placement_Behavioral_F25-54_300 x 250_Click_NV_NA",204733788,10/13/2017,3,0,3,1,2,1,1,1,0,2,2,3
TJN_TJX_TJMaxx 2H DIG_FY18,Hulu,PK3F7G_TJN_TJX_027_Content_HULU_BAF_BS2_MAP_DIR_CUS_SPN_CHS_CTG_CTG_DVY_HULU ROS: PREMIUM SLATE - MOBILE IN APP_FEP_Contextual_F25-54_1920 x 1080_Standard_NV_NA,205634552,9/29/2017,1128,8,1120,1120,0,0,0,0,0,1120,830,830
TJN_TJX_TJMaxx 2H DIG_FY18,xAd Inc.,PJMTNF_TJN_TJX_028_Mobile_GROUND TRUTH FKA XAD_DST_SV1_MAP_DIR_DSP_TRG_RON_PXT_PXT_DVY_PHASE 1_PROXIMITY LOYALTY PLACEMENT - STANDARD BANNER - Fall Handbag_Run of Network_Geo_F25-54_300 x 250_Click and View_NV_NA,204446159,10/21/2017,9389,226,9163,9068,95,2,93,80,13,9070,7802,7882
TJN_TJX_TJMaxx 2H DIG_FY18,Viant,"PK2V4Y_TJN_TJX_028_Data_VIANT INC_DSI_SV1_MWB_DIR_RCH_TRG_INT_BTG_CTG_DVY_PHASE 1_VIANT IMP, W25-54 STRATEGIC SAVERS, CONTOBOX - Fall Homes_Fixed Placement_Behavioral_F25-54_320 x 50_Click and View_NV_NA",205685980,10/2/2017,31,17,14,3,11,0,11,11,0,3,3,14
TJN_TJX_TJMaxx 2H DIG_FY18,xAd Inc.,PJYDBM_TJN_TJX_028_Mobile_GROUND TRUTH FKA XAD_DST_SV1_MAP_DIR_RCH_TRG_RON_PXT_PXT_DVY_PHASE 1_PROXIMITY LOYALTY PLACEMENT - RICH MEDIA STORE LOCATOR - Fall Hero_Run of Network_Geo_F25-54_300 x 250_Click and View_NV_NA,205209355,9/28/2017,6022,71,5951,132,5819,30,5789,5507,282,162,154,5661
TJN_TJX_TJMaxx 2H DIG_FY18,Hulu,PK3CRZ_TJN_TJX_027_Content_HULU_BAF_BS2_DSK_DIR_VID_SPN_CHS_CTG_CTG_DVY_FALL TV SPONSORSHIP: VIDEO COMMERCIAL - DESKTOP_FEP_Contextual_F25-54_1920 x 1080_Standard_NV_NA,205727706,10/4/2017,16713,377,16336,16336,0,0,0,0,0,16336,9801,9801
TJN_TJX_TJMaxx 2H DIG_FY18,xAd Inc.,PJYDBQ_TJN_TJX_028_Mobile_GROUND TRUTH FKA XAD_DST_SV1_MAP_DIR_RCH_TRG_RON_BTG_BTG_DVY_PHASE 1_BEHAVIORAL AUDIENCE TRENDSETTERS PLACEMENT - RICH MEDIA STORE LOCATOR - Fall Hero_Run of Network_Behavioral_F25-54_300 x 250_Click and View_NV_NA,205145231,9/21/2017,806,13,793,144,649,15,634,598,36,159,150,748
TJN_TJX_TJMaxx 2H DIG_FY18,PlaceIQ,PK18VB_TJN_TJX_028_Mobile_PLACEIQ INC_DST_SV1_MAP_DIR_DSP_TRG_RON_BTG_PXT_DVY_PHASE 1_STANDARD BANNER_TJX PROXIMITY LOYALISTS_WORK BY TJMAXX - Maxx You Maxx Life_Run of Network_Behavioral_F25-54_320 x 50_Click and View_NV_NA,205563149,10/17/2017,25414,515,24899,12232,12667,141,12526,12371,155,12373,12220,24591
TJN_MAR_023_Marshalls 2H Digital_F18,xAd Inc.,PJQ0YS_TJN_MAR_023_Mobile_GROUND TRUTH FKA XAD_DST_SV1_MAP_DIR_DSP_TRG_RON_DMA_BTG_DVY_AV DMA TARGETING_Run of Network_Geo_F25-54_300 x 250_Click and View_NV_NA,204558337,9/6/2017,31409,447,30962,2488,28474,277,28197,24211,3986,2765,2374,26585
TJN_TJX_TJMaxx 2H DIG_FY18,Viant,"PJNSGQ_TJN_TJX_028_Data_VIANT INC_DSI_SV1_MWB_DIR_DSP_TRG_RON_BTG_CTG_DVY_PHASE 1_VIANT DIRECT MATCH RETAIL, TJX PORFOLIO LOYALISTS, DISPLAY_Fixed Placement_Behavioral_F25-54_300 x 250_Standard_NV_NA",204482395,10/5/2017,171,6,165,0,165,29,136,54,82,29,12,66
TJN_TJX_TJMaxx 2H DIG_FY18,Conversant Inc.,PJNPM2_TJN_TJX_028_Audience_CONVERSANT_DST_SV1_MAP_NET_DSP_TRG_RON_BTG_BTG_DVY_PHASE 1_ SMARTPHONE MEDIUM RECTANGLE  - CJ CONVERTERS LAL MODELING_Run of Site_Behavioral_P18+_300 x 250_Standard_NV_NA,204442021,10/5/2017,2496,27,2469,9,2460,457,2003,655,1348,466,152,807
TJN_TJX_TJMaxx 2H DIG_FY18,xAd Inc.,PJPXJR_TJN_TJX_028_Mobile_GROUND TRUTH FKA XAD_DST_SV1_MAP_DIR_DSP_TRG_RON_RTG_RTG_DVY_PHASE 1_LOCATION AUDIENCE TJX SHOPPERS PLACEMENT - STANDARD BANNER - Fall Hero_Run of Network_Retarget_F25-54_300 x 250_Click and View_NV_NA,204442105,9/23/2017,12610,235,12375,12361,14,3,11,4,7,12364,4496,4500
TJN_TJX_TJMaxx 2H DIG_FY18,Viant,"PK2V4Y_TJN_TJX_028_Data_VIANT INC_DSI_SV1_MWB_DIR_RCH_TRG_INT_BTG_CTG_DVY_PHASE 1_VIANT IMP, W25-54 STRATEGIC SAVERS, CONTOBOX - Fall Homes_Fixed Placement_Behavioral_F25-54_320 x 50_Click and View_NV_NA",205685980,9/23/2017,5756,46,5710,1,5709,530,5179,1238,3941,531,127,1365
TJN_TJX_TJMaxx 2H DIG_FY18,xAd Inc.,PJMTNF_TJN_TJX_028_Mobile_GROUND TRUTH FKA XAD_DST_SV1_MAP_DIR_DSP_TRG_RON_PXT_PXT_DVY_PHASE 1_PROXIMITY LOYALTY PLACEMENT - STANDARD BANNER - Fall Handbag_Run of Network_Geo_F25-54_300 x 250_Click and View_NV_NA,204446159,9/9/2017,10831,157,10674,10566,108,11,97,33,64,10577,3598,3631
TJN_TJX_TJMaxx 2H DIG_FY18,xAd Inc.,PJPXJQ_TJN_TJX_028_Mobile_GROUND TRUTH FKA XAD_DST_SV1_MAP_DIR_DSP_TRG_RON_RTG_RTG_DVY_PHASE 1_LOCATION AUDIENCE TJX SHOPPERS PLACEMENT - STANDARD BANNER - TJMaxx_Run of Network_Retarget_F25-54_320 x 50_Click and View_NV_NA,204447839,10/11/2017,11371,137,11234,4368,6866,81,6785,5417,1368,4449,3551,8968
TJN_MAR_023_Marshalls 2H Digital_F18,xAd Inc.,PJQ0YG_TJN_MAR_023_Mobile_GROUND TRUTH FKA XAD_DST_SV1_MAP_DIR_DSP_TRG_RON_BTG_DMA_DVY_BEHAVIORAL - FASHION SHOPPER - DYNAMIC DISTANCE_Run of Network_Behavioral_F25-54_320 x 50_Click and View_NV_NA,204557581,9/18/2017,32001,482,31519,23311,8208,2682,5526,5004,522,25993,21664,26668
TJN_TJX_TJMaxx 2H DIG_FY18,xAd Inc.,PJMTN3_TJN_TJX_028_Mobile_GROUND TRUTH FKA XAD_DST_SV1_MAP_DIR_DSP_TRG_RON_RTG_RTG_DVY_PHASE 1_LOCATION AUDIENCE COMPETITIVE CONQUESTING PLACEMENT - STANDARD BANNER - Maxx You Maxx Life_Run of Network_Retarget_F25-54_320 x 50_Click and View_NV_NA,204442933,10/4/2017,2,0,2,1,1,1,0,0,0,2,2,2
TJN_TJX_TJMaxx 2H DIG_FY18,Foursquare,"PJPRVC_TJN_TJX_028_Audience_FOURSQUARE LABS, INC_DST_SV1_MAP_PRO_DSP_TRG_RON_PXT_BTG_DVY_PHASE 1_PINPOINT TRENDSETTERS AV_Run of Network_Geo_F25-54_320 x 50_Standard_NV_NA",204527421,10/6/2017,3509,44,3465,1135,2330,92,2238,1784,454,1227,978,2762
TJN_MAR_023_Marshalls 2H Digital_F18,xAd Inc.,PJQ0YC_TJN_MAR_023_Mobile_GROUND TRUTH FKA XAD_DST_SV1_MAP_DIR_DSP_TRG_RON_PXT_BTG_DVY_PROXIMITY CONQUESTING - DYNAMIC DISTANCE_Run of Network_Geo_F25-54_300 x 250_Click and View_NV_NA,204595923,10/10/2017,10052,471,9581,9581,0,0,0,0,0,9581,1691,1691
TJN_TJX_TJMaxx 2H DIG_FY18,xAd Inc.,PKF8WH_TJN_TJX_028_Mobile_GROUND TRUTH FKA XAD_DST_SV1_MAP_DIR_RCH_TRG_RON_PXT_PXT_DVY_PHASE 1_PROXIMITY LOYALTY PLACEMENT - RICH MEDIA STORE LOCATOR - Find A Store V2_Run of Network_Geo_F25-54_320 x 50_Click and View_NV_NA,206834115,10/16/2017,11196,124,11072,2776,8296,32,8264,7759,505,2808,2636,10395
TJN_MAR_023_Marshalls 2H Digital_F18,NinthDecimal,PJPSS0_TJN_MAR_023_Mobile_NINTHDECIMAL_DST_SV1_MAP_DIR_RCH_TRG_RON_BTG_DMA_DVY_3RD PARTY: SURPRISE CHOOSERS_Run of Network_Behavioral_F25-54_320 x 50_Click and View_NV_NA,204595875,10/14/2017,27480,304,27176,6519,20657,109,20548,19706,842,6628,6356,26062
TJN_TJX_TJMaxx 2H DIG_FY18,Viant,"PKGJ73_TJN_TJC_031_Data_VIANT INC_PUR_ROI_MWB_DIR_CUS_TRG_NAT_BTG_MKT_DVY_W25-54 + KEYWORD TARGETING, CROSS DEVICE NATIVE - Dresses_Fixed Placement_Contextual_F25-54_0 x 0_Click_NV_NA",206772485,10/18/2017,1,1,0,0,0,0,0,0,0,0,0,0
TJN_TJX_TJMaxx 2H DIG_FY18,Foursquare,"PJMQ2K_TJN_TJX_028_Audience_FOURSQUARE LABS, INC_DST_SV1_MAP_PRO_DSP_TRG_RON_PXT_BTG_DVY_PHASE 1_PINPOINT STRATEGIC SAVERS_Run of Network_Geo_F25-54_320 x 50_Standard_NV_NA",204483454,9/21/2017,153480,9441,144039,63297,80742,3582,77160,58082,19078,66879,50343,108425
TJN_MAR_023_Marshalls 2H Digital_F18,Bustle,PKGB7T_TJN_MAR_023_Content_BUSTLE_Custom Content Roadblock Custom Shot Feature 1 - 300x250_Roadblock_Contextual_F25-54_300 x 250_Click and View_NV_NA,206751412,10/19/2017,6340,143,6197,0,6197,5707,490,355,135,5707,4135,4490
TJN_TJX_TJMaxx 2H DIG_FY18,Hulu,PK3CXL_TJN_TJX_027_Content_HULU_BAF_BS2_TAP_DIR_CUS_SPN_CHS_CTG_CTG_DVY_FALL TV SPONSORSHIP: PREMIUM SLATE - TABLET IN APP_FEP_Contextual_F25-54_1920 x 1080_Standard_NV_NA,205726818,9/28/2017,2,0,2,2,0,0,0,0,0,2,2,2
TJN_MAR_023_Marshalls 2H Digital_F18,NinthDecimal,PJPSS0_TJN_MAR_023_Mobile_NINTHDECIMAL_DST_SV1_MAP_DIR_RCH_TRG_RON_BTG_DMA_DVY_3RD PARTY: SURPRISE CHOOSERS_Run of Network_Behavioral_F25-54_320 x 50_Click and View_NV_NA,204595875,9/14/2017,15795,283,15512,4534,10978,67,10911,10498,413,4601,4427,14925
TJN_TJX_TJMaxx 2H DIG_FY18,Viant,PJPXKR_TJN_TJX_028_Data_VIANT INC_DSI_SV1_DSK_DIR_DSP_TRG_RON_BTG_CTG_DVY_PHASE 1_DESKTOP DISPLAY VIANT IMP TARGETING - STRATEGIC SAVERS AV_Fixed Placement_Demo_F25-54_300 x 250_Standard_NV_NA,204475841,9/6/2017,2,0,2,0,2,0,2,2,0,0,0,2
TJN_MAR_023_Marshalls 2H Digital_F18,xAd Inc.,PJQ0YP_TJN_MAR_023_Mobile_GROUND TRUTH FKA XAD_DST_SV1_MAP_DIR_DSP_TRG_RON_PXT_BTG_DVY_GEOBLOCKS LOYALTY - DYNAMIC DISTANCE_Run of Network_Geo_F25-54_300 x 250_Click and View_NV_NA,204537983,9/20/2017,5824,251,5573,5551,22,6,16,4,12,5557,1389,1393
TJN_TJX_TJMaxx 2H DIG_FY18,Conversant Inc.,PJPTLH_TJN_TJC_031_Audience_CONVERSANT_PUR_ROI_TAP_NET_DSP_TRG_RON_BTG_BTG_DVY_TABLET LEADERBOARD- TRENDSETTERS_Run of Site_Other_P18+_728 x 90_Standard_NV_NA,204447779,9/21/2017,6,6,0,0,0,0,0,0,0,0,0,0
TJN_MAR_023_Marshalls 2H Digital_F18,xAd Inc.,PJQ0YK_TJN_MAR_023_Mobile_GROUND TRUTH FKA XAD_DST_SV1_MAP_DIR_DSP_TRG_RON_BTG_PXT_DVY_MARSHALLS SHOPPERS - DYNAMIC DISTANCE_Run of Network_Geo_F25-54_300 x 250_Click and View_NV_NA,204543440,9/18/2017,3213,88,3125,3125,0,0,0,0,0,3125,3125,3125
TJN_TJX_TJMaxx 2H DIG_FY18,Conversant Inc.,PJPTMM_TJN_TJC_031_Audience_CONVERSANT_PUR_ROI_MAP_NET_DSP_TRG_RON_BTG_BTG_DVY_SMARTPHONE SMALL BANNER - COMPETITIVE CONQUESTING_Run of Site_Other_P18+_320 x 50_Standard_NV_NA,204483939,10/13/2017,37486,466,37020,1,37019,3072,33947,29977,3970,3073,2714,32691
TJN_TJX_TJMaxx 2H DIG_FY18,Viant,"PK2X7G_TJN_TJX_028_Data_VIANT INC_DSI_SV1_DSK_DIR_RCH_TRG_INT_BTG_CTG_DVY_PHASE 1_VIANT IMP, W25-54 STRATEGIC SAVERS, CONTOBOX - Honeycomb_Fixed Placement_Behavioral_F25-54_300 x 250_Click and View_NV_NA",205688467,9/29/2017,5102,46,5056,5,5051,545,4506,814,3692,550,99,913
TJN_TJX_TJMaxx 2H DIG_FY18,xAd Inc.,PJMTN8_TJN_TJX_028_Mobile_GROUND TRUTH FKA XAD_DST_SV1_MAP_DIR_DSP_TRG_RON_BTG_BTG_DVY_PHASE 1_BEHAVIORAL AUDIENCE STRATEGIC SAVERS PLACEMENT - STANDARD BANNER - Maxx You Maxx Life_Run of Network_Behavioral_F25-54_320 x 50_Click and View_NV_NA,204447851,10/1/2017,3,1,2,1,1,1,0,0,0,2,2,2
TJN_MAR_023_Marshalls 2H Digital_F18,Bustle,PK5G42_TJN_MAR_023_Content_BUSTLE_Custom Content Roadblock Standard Feature 1 - 300x250_Roadblock_Contextual_F25-54_300 x 250_Click and View_NV_NA,206309158,10/19/2017,13063,155,12908,2,12906,161,12745,11115,1630,163,142,11257
TJN_TJX_TJMaxx 2H DIG_FY18,Viant,"PJNSH6_TJN_TJX_028_Data_VIANT INC_DSI_SV1_TWB_DIR_DSP_TRG_RON_BTG_CTG_DVY_PHASE 1_VIANT DIRECT MATCH RETAIL, COMPETITIVE CONQUESTING, DISPLAY_Fixed Placement_Behavioral_F25-54_160 x 600_Standard_NV_NA",204483604,9/19/2017,64,0,64,0,64,9,55,20,35,9,3,23
TJN_TJX_TJMaxx 2H DIG_FY18,Viant,"PJSPBY_TJN_TJC_031_Data_VIANT INC_PUR_ROI_TWB_DIR_DSP_TRG_RON_BTG_MKT_DVY_DETERMINSTIC LAL OF ECOM CONVERTERS, CROSS DEVICE DISPLAY_Fixed Placement_Behavioral_F25-54_300 x 250_Click_NV_NA",204715651,10/6/2017,1335,29,1306,0,1306,225,1081,518,563,225,108,626
TJN_TJX_TJMaxx 2H DIG_FY18,Conversant Inc.,PJNPLY_TJN_TJX_028_Audience_CONVERSANT_DST_SV1_DSK_NET_DSP_TRG_RON_BTG_BTG_DVY_PHASE 1_ DESKTOP WIDE SKYSCRAPER - CJ CONVERTERS LAL MODELING_Run of Site_Behavioral_P18+_160 x 600_Standard_NV_NA,204443386,10/13/2017,22884,1881,21003,5,20998,2911,18087,7234,10853,2916,1166,8400
TJN_MAR_023_Marshalls 2H Digital_F18,xAd Inc.,PJQ0Y8_TJN_MAR_023_Mobile_GROUND TRUTH FKA XAD_DST_SV1_MAP_DIR_RCH_TRG_RON_WEA_PXT_DVY_PROXIMITY LOYALTY - WEATHER LOCATOR UNIT_Run of Network_Weather_F25-54_320 x 50_Click and View_NV_NA,204556189,9/17/2017,23029,485,22544,11599,10945,2566,8379,7923,456,14165,13394,21317
TJN_MAR_023_Marshalls 2H Digital_F18,xAd Inc.,PJQ0YQ_TJN_MAR_023_Mobile_GROUND TRUTH FKA XAD_DST_SV1_MAP_DIR_DSP_TRG_RON_PXT_BTG_DVY_GEOBLOCKS CONQUESTING - DYNAMIC DISTANCE_Run of Network_Geo_F25-54_320 x 50_Click and View_NV_NA,204595632,9/15/2017,19912,379,19533,13355,6178,4228,1950,1822,128,17583,16681,18503
TJN_TJX_TJMaxx 2H DIG_FY18,Viant,"PJNSGN_TJN_TJX_028_Data_VIANT INC_DSI_SV1_TWB_DIR_DSP_TRG_RON_BTG_CTG_DVY_PHASE 1_VIANT DIRECT MATCH RETAIL, TJX PORFOLIO LOYALISTS, DISPLAY_Fixed Placement_Behavioral_F25-54_300 x 250_Standard_NV_NA",204526347,9/10/2017,952,38,914,0,914,61,853,573,280,61,41,614
TJN_TJX_TJMaxx 2H DIG_FY18,xAd Inc.,PKF5JT_TJN_TJX_028_Mobile_GROUND TRUTH FKA XAD_DST_SV1_MAP_DIR_DSP_TRG_RON_RTG_RTG_DVY_PHASE 1_LOCATION AUDIENCE COMPETITIVE CONQUESTING PLACEMENT - STANDARD BANNER - Find A Store V1_Run of Network_Retarget_F25-54_320 x 50_Click and View_NV_NA,206813083,10/17/2017,4348,46,4302,728,3574,34,3540,2741,799,762,590,3331
TJN_TJX_TJMaxx 2H DIG_FY18,Hulu,PK3F7J_TJN_TJX_027_Content_HULU_BAF_BS2_TAP_DIR_CUS_SPN_CHS_CTG_CTG_DVY_HULU ROS: PREMIUM SLATE - TABLET IN APP_FEP_Contextual_F25-54_1920 x 1080_Standard_NV_NA,205725864,10/6/2017,4,2,2,2,0,0,0,0,0,2,1,1
TJN_TJX_TJMaxx 2H DIG_FY18,xAd Inc.,PJMTMQ_TJN_TJX_028_Mobile_GROUND TRUTH FKA XAD_DST_SV1_MAP_DIR_RCH_TRG_RON_PXT_PXT_DVY_PHASE 1_PROXIMITY LOYALTY PLACEMENT - RICH MEDIA STORE LOCATOR - TJ Maxx_Run of Network_Geo_F25-54_320 x 50_Click and View_NV_NA,204442090,9/30/2017,29445,416,29029,12260,16769,262,16507,14560,1947,12522,11045,25605
TJN_TJX_TJMaxx 2H DIG_FY18,Viant,"PJNSHC_TJN_TJX_028_Data_VIANT INC_DSI_SV1_DSK_DIR_DSP_TRG_RON_BTG_CTG_DVY_PHASE 1_VIANT DIRECT MATCH RETAIL, COMPETITIVE CONQUESTING, DISPLAY_Fixed Placement_Behavioral_F25-54_300 x 250_Standard_NV_NA",204478655,10/7/2017,10225,183,10042,0,10042,438,9604,6949,2655,438,317,7266
TJN_TJX_TJMaxx 2H DIG_FY18,Conversant Inc.,PJPWPB_TJN_TJX_028_Audience_CONVERSANT_DST_SV1_DSK_NET_DSP_TRG_RON_BTG_BTG_DVY_PHASE 1_ DESKTOP RECTANGLE - CONVERSANT SHOPPERS AV_Run of Site_Behavioral_P18+_300 x 600_Standard_NV_NA,204447254,10/10/2017,287,22,265,0,265,54,211,65,146,54,17,82
TJN_TJX_TJMaxx 2H DIG_FY18,Viant,"PJSPCM_TJN_TJC_031_Data_VIANT INC_PUR_ROI_TWB_DIR_DSP_TRG_RON_BTG_MKT_DVY_W25-54 + ONLINE SHOPPERS, CROSS DEVICE DISPLAY_Fixed Placement_Behavioral_F25-54_300 x 250_Click_NV_NA",204733512,10/5/2017,433,16,417,0,417,12,405,339,66,12,10,349
TJN_TJX_TJMaxx 2H DIG_FY18,xAd Inc.,PJMTN9_TJN_TJX_028_Mobile_GROUND TRUTH FKA XAD_DST_SV1_MAP_DIR_DSP_TRG_RON_BTG_BTG_DVY_PHASE 1_BEHAVIORAL AUDIENCE STRATEGIC SAVERS PLACEMENT - STANDARD BANNER - Fall Handbag_Run of Network_Behavioral_F25-54_300 x 250_Click and View_NV_NA,204447293,10/12/2017,8893,111,8782,8781,1,1,0,0,0,8782,8294,8294
TJN_TJX_TJMaxx 2H DIG_FY18,Viant,"PK2V4S_TJN_TJX_028_Data_VIANT INC_DSI_SV1_TWB_DIR_RCH_TRG_INT_BTG_CTG_DVY_PHASE 1_VIANT IMP, W25-54 STRATEGIC SAVERS, CONTOBOX - Fall Homes_Fixed Placement_Behavioral_F25-54_300 x 250_Click and View_NV_NA",205687927,10/7/2017,2064,48,2016,6,2010,398,1612,954,658,404,239,1193
TJN_TJX_TJMaxx 2H DIG_FY18,Conversant Inc.,PJNPLW_TJN_TJX_028_Audience_CONVERSANT_DST_SV1_DSK_NET_DSP_TRG_RON_BTG_BTG_DVY_PHASE 1_ DESKTOP MEDIUM RECTANGLE - CJ CONVERTERS LAL MODELING_Run of Site_Behavioral_P18+_300 x 250_Standard_NV_NA,204442024,10/13/2017,111099,8637,102462,15,102447,9364,93083,50819,42264,9379,5120,55939
TJN_TJX_TJMaxx 2H DIG_FY18,xAd Inc.,PKF446_TJN_TJX_028_Mobile_GROUND TRUTH FKA XAD_DST_SV1_MAP_DIR_RCH_TRG_RON_BTG_BTG_DVY_PHASE 1_BEHAVIORAL AUDIENCE STRATEGIC SAVERS PLACEMENT - RICH MEDIA STORE LOCATOR - Sweaters_Run of Network_Behavioral_F25-54_300 x 250_Click and View_NV_NA,206772560,10/20/2017,2572,33,2539,1134,1405,52,1353,605,748,1186,530,1135
TJN_TJX_TJMaxx 2H DIG_FY18,Viant,"PJNSH9_TJN_TJX_028_Data_VIANT INC_DSI_SV1_TWB_DIR_DSP_TRG_RON_BTG_CTG_DVY_PHASE 1_VIANT DIRECT MATCH RETAIL, COMPETITIVE CONQUESTING, DISPLAY_Fixed Placement_Behavioral_F25-54_300 x 250_Standard_NV_NA",204526701,10/1/2017,40,0,40,0,40,13,27,20,7,13,10,30
TJN_TJX_TJMaxx 2H DIG_FY18,NBC Universal Media,PK2KJL_TJN_TJX_028_Content_NBCUNI.COM_BAF_BS2_MAP_DIR_VID_SPN_ROS_BTG_CTG_MOA_THIS IS US SPONSORSHIP: MOBILE - VIGNETTE 2_Run of Site_Behavioral_F25-54_1920 x 1080_Click and View_NV_NA,205563473,10/7/2017,23986,193,23793,23793,0,0,0,0,0,23793,16429,16429
TJN_MAR_023_Marshalls 2H Digital_F18,xAd Inc.,PJQ0Y9_TJN_MAR_023_Mobile_GROUND TRUTH FKA XAD_DST_SV1_MAP_DIR_RCH_TRG_RON_WEA_PXT_DVY_PROXIMITY LOYALTY - WEATHER LOCATOR UNIT_Run of Network_Weather_F25-54_300 x 250_Click and View_NV_NA,204541757,10/12/2017,98158,1318,96840,12355,84485,3250,81235,48936,32299,15605,9400,58336
TJN_TJX_TJMaxx 2H DIG_FY18,Conversant Inc.,PJPTMH_TJN_TJC_031_Audience_CONVERSANT_PUR_ROI_TAP_NET_DSP_TRG_RON_BTG_BTG_DVY_TABLET LEADERBOARD- COMPETITIVE CONQUESTING_Run of Site_Other_P18+_728 x 90_Standard_NV_NA,204483936,10/2/2017,362,8,354,0,354,50,304,157,147,50,26,183
TJN_TJX_TJMaxx 2H DIG_FY18,Conversant Inc.,PJPTML_TJN_TJC_031_Audience_CONVERSANT_PUR_ROI_DSK_NET_DSP_TRG_RON_BTG_BTG_DVY_DESKTOP WIDE SKYSCRAPER- COMPETITIVE CONQUESTING_Run of Site_Other_P18+_160 x 600_Standard_NV_NA,204447224,10/5/2017,3703,182,3521,0,3521,753,2768,693,2075,753,189,882
TJN_TJX_TJMaxx 2H DIG_FY18,Conversant Inc.,PJPWP9_TJN_TJX_028_Audience_CONVERSANT_DST_SV1_DSK_NET_DSP_TRG_RON_BTG_BTG_DVY_PHASE 1_ DESKTOP MEDIUM RECTANGLE - CONVERSANT SHOPPERS AV_Run of Site_Behavioral_P18+_300 x 250_Standard_NV_NA,204483957,9/12/2017,1263,148,1115,0,1115,39,1076,575,501,39,21,596
TJN_TJX_TJMaxx 2H DIG_FY18,Foursquare,"PJPQL0_TJN_TJX_028_Audience_FOURSQUARE LABS, INC_DST_SV1_MAP_PRO_DSP_TRG_RON_PXT_BTG_DVY_PHASE 1_PINPOINT TRENDSETTERS_Run of Network_Geo_F25-54_320 x 50_Standard_NV_NA",204478094,9/10/2017,75743,3343,72400,48805,23595,1123,22472,14126,8346,49928,31385,45511
TJN_TJX_TJMaxx 2H DIG_FY18,Conversant Inc.,PJPTMH_TJN_TJC_031_Audience_CONVERSANT_PUR_ROI_TAP_NET_DSP_TRG_RON_BTG_BTG_DVY_TABLET LEADERBOARD- COMPETITIVE CONQUESTING_Run of Site_Other_P18+_728 x 90_Standard_NV_NA,204483936,10/1/2017,24,2,22,0,22,2,20,10,10,2,1,11
TJN_TJX_TJMaxx 2H DIG_FY18,Viant,"PJNSH8_TJN_TJX_028_Data_VIANT INC_DSI_SV1_TWB_DIR_DSP_TRG_RON_BTG_CTG_DVY_PHASE 1_VIANT DIRECT MATCH RETAIL, COMPETITIVE CONQUESTING, DISPLAY_Fixed Placement_Behavioral_F25-54_728 x 90_Standard_NV_NA",204483019,9/15/2017,29,0,29,0,29,3,26,17,9,3,2,19
TJN_TJX_TJMaxx 2H DIG_FY18,xAd Inc.,PJMTN1_TJN_TJX_028_Mobile_GROUND TRUTH FKA XAD_DST_SV1_MAP_DIR_DSP_TRG_RON_DMA_DMA_DVY_PHASE 1_ADDED VALUE DMA TARGETING STANDALONE: STANDARD BANNER - Maxx You Maxx Life_Run of Network_Geo_F25-54_320 x 50_Click and View_NV_NA,204443461,9/18/2017,24713,378,24335,715,23620,386,23234,18886,4348,1101,895,19781
TJN_TJX_TJMaxx 2H DIG_FY18,xAd Inc.,PJMTN0_TJN_TJX_028_Mobile_GROUND TRUTH FKA XAD_DST_SV1_MAP_DIR_DSP_TRG_RON_RTG_RTG_DVY_PHASE 1_LOCATION AUDIENCE TJX SHOPPERS PLACEMENT - STANDARD BANNER - Fall Handbag_Run of Network_Retarget_F25-54_300 x 250_Click and View_NV_NA,204447842,9/15/2017,12825,884,11941,11937,4,0,4,4,0,11937,11937,11941
TJN_TJX_TJMaxx 2H DIG_FY18,xAd Inc.,PJPXK1_TJN_TJX_028_Mobile_GROUND TRUTH FKA XAD_DST_SV1_MAP_DIR_DSP_TRG_RON_PXT_PXT_DVY_PHASE 1_PROXIMITY LOYALTY PLACEMENT - STANDARD BANNER - TJMaxx_Run of Network_Geo_F25-54_320 x 50_Click and View_NV_NA,204483996,10/18/2017,9683,172,9511,2447,7064,83,6981,5092,1889,2530,1845,6937
TJN_TJX_TJMaxx 2H DIG_FY18,Viant,"PJNSH6_TJN_TJX_028_Data_VIANT INC_DSI_SV1_TWB_DIR_DSP_TRG_RON_BTG_CTG_DVY_PHASE 1_VIANT DIRECT MATCH RETAIL, COMPETITIVE CONQUESTING, DISPLAY_Fixed Placement_Behavioral_F25-54_160 x 600_Standard_NV_NA",204483604,9/13/2017,366,25,341,0,341,69,272,184,88,69,47,231
TJN_TJX_TJMaxx 2H DIG_FY18,xAd Inc.,PJPXK2_TJN_TJX_028_Mobile_GROUND TRUTH FKA XAD_DST_SV1_MAP_DIR_DSP_TRG_RON_PXT_PXT_DVY_PHASE 1_PROXIMITY LOYALTY PLACEMENT - STANDARD BANNER - Fall Hero_Run of Network_Geo_F25-54_300 x 250_Click and View_NV_NA,204442945,10/10/2017,8014,43,7971,7965,6,0,6,5,1,7965,6637,6642
TJN_TJX_TJMaxx 2H DIG_FY18,Conversant Inc.,PJPTMP_TJN_TJC_031_Audience_CONVERSANT_PUR_ROI_DSK_NET_DSP_TRG_RON_BTG_BTG_DVY_DESKTOP LEADERBOARD- COMPETITIVE CONQUESTING_Run of Site_Other_P18+_728 x 90_Standard_NV_NA,204443389,10/18/2017,764,62,702,0,702,131,571,370,201,131,85,455
TJN_TJX_TJMaxx 2H DIG_FY18,xAd Inc.,PJMTN2_TJN_TJX_028_Mobile_GROUND TRUTH FKA XAD_DST_SV1_MAP_DIR_DSP_TRG_RON_RTG_RTG_DVY_PHASE 1_LOCATION AUDIENCE COMPETITIVE CONQUESTING PLACEMENT - STANDARD BANNER - Fall Handbag_Run of Network_Retarget_F25-54_300 x 250_Click and View_NV_NA,204447824,9/17/2017,11609,217,11392,11384,8,1,7,2,5,11385,3253,3255
TJN_TJX_TJMaxx 2H DIG_FY18,Conversant Inc.,PJNPLY_TJN_TJX_028_Audience_CONVERSANT_DST_SV1_DSK_NET_DSP_TRG_RON_BTG_BTG_DVY_PHASE 1_ DESKTOP WIDE SKYSCRAPER - CJ CONVERTERS LAL MODELING_Run of Site_Behavioral_P18+_160 x 600_Standard_NV_NA,204443386,9/19/2017,6,6,0,0,0,0,0,0,0,0,0,0
TJN_TJX_TJMaxx 2H DIG_FY18,Conversant Inc.,PJNPM2_TJN_TJX_028_Audience_CONVERSANT_DST_SV1_MAP_NET_DSP_TRG_RON_BTG_BTG_DVY_PHASE 1_ SMARTPHONE MEDIUM RECTANGLE  - CJ CONVERTERS LAL MODELING_Run of Site_Behavioral_P18+_300 x 250_Standard_NV_NA,204442021,10/17/2017,21316,427,20889,45,20844,3075,17769,5415,12354,3120,951,6366
TJN_TJX_TJMaxx 2H DIG_FY18,xAd Inc.,PJYDBM_TJN_TJX_028_Mobile_GROUND TRUTH FKA XAD_DST_SV1_MAP_DIR_RCH_TRG_RON_PXT_PXT_DVY_PHASE 1_PROXIMITY LOYALTY PLACEMENT - RICH MEDIA STORE LOCATOR - Fall Hero_Run of Network_Geo_F25-54_300 x 250_Click and View_NV_NA,205209355,10/14/2017,5102,38,5064,111,4953,12,4941,4605,336,123,115,4720
TJN_TJX_TJMaxx 2H DIG_FY18,Viant,"PJNSGQ_TJN_TJX_028_Data_VIANT INC_DSI_SV1_MWB_DIR_DSP_TRG_RON_BTG_CTG_DVY_PHASE 1_VIANT DIRECT MATCH RETAIL, TJX PORFOLIO LOYALISTS, DISPLAY_Fixed Placement_Behavioral_F25-54_300 x 250_Standard_NV_NA",204482395,10/17/2017,6923,91,6832,0,6832,811,6021,5090,931,811,686,5776
TJN_TJX_TJMaxx 2H DIG_FY18,Viant,"PJNSH6_TJN_TJX_028_Data_VIANT INC_DSI_SV1_TWB_DIR_DSP_TRG_RON_BTG_CTG_DVY_PHASE 1_VIANT DIRECT MATCH RETAIL, COMPETITIVE CONQUESTING, DISPLAY_Fixed Placement_Behavioral_F25-54_160 x 600_Standard_NV_NA",204483604,10/13/2017,5,0,5,0,5,0,5,2,3,0,0,2
TJN_TJX_TJMaxx 2H DIG_FY18,xAd Inc.,PJMTMZ_TJN_TJX_028_Mobile_GROUND TRUTH FKA XAD_DST_SV1_MAP_DIR_DSP_TRG_RON_RTG_RTG_DVY_PHASE 1_LOCATION AUDIENCE TJX SHOPPERS PLACEMENT - STANDARD BANNER - Maxx You Maxx Life_Run of Network_Retarget_F25-54_320 x 50_Click and View_NV_NA,204484011,9/15/2017,32506,431,32075,9108,22967,15993,6974,5570,1404,25101,19860,25430
TJN_TJX_TJMaxx 2H DIG_FY18,Foursquare,"PJPSSW_TJN_TJX_028_Audience_FOURSQUARE LABS, INC_DST_SV1_MAP_PRO_RCH_TRG_RON_PXT_BTG_DVY_PHASE 1_MOBILE RICH MEDIA STRATEGIC SAVERS - Find A TJ Maxx Store_Run of Network_Geo_F25-54_320 x 50_Standard_NV_NA",204525357,9/25/2017,65435,3251,62184,33622,28562,3097,25465,16592,8873,36719,23925,40517
TJN_TJX_TJMaxx 2H DIG_FY18,Viant,"PK2X7H_TJN_TJX_028_Data_VIANT INC_DSI_SV1_MWB_DIR_RCH_TRG_INT_BTG_CTG_DVY_PHASE 1_VIANT IMP, W25-54 STRATEGIC SAVERS, CONTOBOX - Honeycomb_Fixed Placement_Behavioral_F25-54_320 x 50_Click and View_NV_NA",205725975,10/19/2017,341,8,333,2,331,71,260,157,103,73,44,201
TJN_TJX_TJMaxx 2H DIG_FY18,Viant,"PJNSH9_TJN_TJX_028_Data_VIANT INC_DSI_SV1_TWB_DIR_DSP_TRG_RON_BTG_CTG_DVY_PHASE 1_VIANT DIRECT MATCH RETAIL, COMPETITIVE CONQUESTING, DISPLAY_Fixed Placement_Behavioral_F25-54_300 x 250_Standard_NV_NA",204526701,9/23/2017,1021,57,964,0,964,131,833,652,181,131,103,755
TJN_TJX_TJMaxx 2H DIG_FY18,Conversant Inc.,PJPWPF_TJN_TJX_028_Audience_CONVERSANT_DST_SV1_TAP_NET_DSP_TRG_RON_BTG_BTG_DVY_PHASE 1_ TABLET LEADERBOARD - CONVERSANT SHOPPERS AV_Run of Site_Behavioral_P18+_728 x 90_Standard_NV_NA,204442915,10/15/2017,5,0,5,0,5,1,4,3,1,1,1,4
TJN_TJX_TJMaxx 2H DIG_FY18,Conversant Inc.,PJPTLQ_TJN_TJC_031_Audience_CONVERSANT_PUR_ROI_DSK_NET_DSP_TRG_RON_BTG_BTG_DVY_DESKTOP MEDIUM RECTANGLE- TRENDSETTERS_Run of Site_Other_P18+_300 x 250_Standard_NV_NA,204446138,10/18/2017,4117,239,3878,0,3878,185,3693,2938,755,185,147,3085
TJN_TJX_TJMaxx 2H DIG_FY18,xAd Inc.,PJMTN5_TJN_TJX_028_Mobile_GROUND TRUTH FKA XAD_DST_SV1_MAP_DIR_RCH_TRG_RON_BTG_BTG_DVY_PHASE 1_BEHAVIORAL AUDIENCE TRENDSETTERS PLACEMENT - RICH MEDIA STORE LOCATOR - TJ Maxx_Run of Network_Behavioral_F25-54_320 x 50_Click and View_NV_NA,204442936,10/15/2017,5321,77,5244,2978,2266,93,2173,2041,132,3071,2884,4925
TJN_TJX_TJMaxx 2H DIG_FY18,Viant,"PK2V4W_TJN_TJX_028_Data_VIANT INC_DSI_SV1_DSK_DIR_RCH_TRG_INT_BTG_CTG_DVY_PHASE 1_VIANT IMP, W25-54 STRATEGIC SAVERS, CONTOBOX - Fall Homes_Fixed Placement_Behavioral_F25-54_728 x 90_Click and View_NV_NA",205687309,10/20/2017,17,9,8,4,4,0,4,4,0,4,4,8
TJN_TJX_TJMaxx 2H DIG_FY18,Conversant Inc.,PJNPLW_TJN_TJX_028_Audience_CONVERSANT_DST_SV1_DSK_NET_DSP_TRG_RON_BTG_BTG_DVY_PHASE 1_ DESKTOP MEDIUM RECTANGLE - CJ CONVERTERS LAL MODELING_Run of Site_Behavioral_P18+_300 x 250_Standard_NV_NA,204442024,9/19/2017,6,6,0,0,0,0,0,0,0,0,0,0
TJN_TJX_TJMaxx 2H DIG_FY18,Foursquare,"PJPRVG_TJN_TJX_028_Audience_FOURSQUARE LABS, INC_DST_SV1_MAP_PRO_DSP_TRG_RON_PXT_BTG_DVY_PHASE 1_PINPOINT COMPETITIVE CONQUESTING AV_Run of Network_Geo_F25-54_300 x 250_Standard_NV_NA",204527412,10/21/2017,35,2,33,27,6,0,6,5,1,27,22,27
TJN_TJX_TJMaxx 2H DIG_FY18,Hulu,PK3F7J_TJN_TJX_027_Content_HULU_BAF_BS2_TAP_DIR_CUS_SPN_CHS_CTG_CTG_DVY_HULU ROS: PREMIUM SLATE - TABLET IN APP_FEP_Contextual_F25-54_1920 x 1080_Standard_NV_NA,205725864,10/11/2017,698,11,687,687,0,0,0,0,0,687,448,448
TJN_TJX_TJMaxx 2H DIG_FY18,Hulu,PK3CXL_TJN_TJX_027_Content_HULU_BAF_BS2_TAP_DIR_CUS_SPN_CHS_CTG_CTG_DVY_FALL TV SPONSORSHIP: PREMIUM SLATE - TABLET IN APP_FEP_Contextual_F25-54_1920 x 1080_Standard_NV_NA,205726818,10/14/2017,13575,74,13501,13501,0,0,0,0,0,13501,9662,9662
TJN_TJX_TJMaxx 2H DIG_FY18,xAd Inc.,PJMTN8_TJN_TJX_028_Mobile_GROUND TRUTH FKA XAD_DST_SV1_MAP_DIR_DSP_TRG_RON_BTG_BTG_DVY_PHASE 1_BEHAVIORAL AUDIENCE STRATEGIC SAVERS PLACEMENT - STANDARD BANNER - Maxx You Maxx Life_Run of Network_Behavioral_F25-54_320 x 50_Click and View_NV_NA,204447851,9/23/2017,20992,217,20775,6107,14668,643,14025,13111,914,6750,6254,19365
TJN_TJX_TJMaxx 2H DIG_FY18,Viant,"PJSPCL_TJN_TJC_031_Data_VIANT INC_PUR_ROI_TWB_DIR_DSP_TRG_RON_BTG_MKT_DVY_W25-54 + ONLINE SHOPPERS, CROSS DEVICE DISPLAY_Fixed Placement_Behavioral_F25-54_728 x 90_Click_NV_NA",204715987,10/9/2017,2886,156,2730,0,2730,115,2615,2009,606,115,88,2097
TJN_MAR_023_Marshalls 2H Digital_F18,NinthDecimal,PJPSRZ_TJN_MAR_023_Mobile_NINTHDECIMAL_DST_SV1_MAP_DIR_RCH_TRG_RON_BTG_DMA_DVY_CONSUMER JOURNEY: BARGAIN HUNTERS_Run of Network_Behavioral_F25-54_320 x 50_Click and View_NV_NA,204542873,10/8/2017,22329,364,21965,7397,14568,95,14473,14002,471,7492,7248,21250
TJN_MAR_023_Marshalls 2H Digital_F18,NinthDecimal,PJPSRV_TJN_MAR_023_Mobile_NINTHDECIMAL_DST_SV1_MAP_DIR_RCH_TRG_RON_BTG_PXT_DVY_LOCATION GRAPH: MARSHALLS LOYALISTS_Run of Network_Behavioral_F25-54_320 x 50_Click and View_NV_NA,204555232,10/8/2017,42789,859,41930,14008,27922,142,27780,26949,831,14150,13727,40676
TJN_TJX_TJMaxx 2H DIG_FY18,Viant,"PK2V4Z_TJN_TJX_028_Data_VIANT INC_DSI_SV1_MWB_DIR_RCH_TRG_INT_BTG_CTG_DVY_PHASE 1_VIANT IMP, W25-54 STRATEGIC SAVERS, CONTOBOX - Fall Homes_Fixed Placement_Behavioral_F25-54_300 x 250_Click and View_NV_NA",205726911,9/25/2017,2487,68,2419,5,2414,176,2238,392,1846,181,32,424
TJN_TJX_TJMaxx 2H DIG_FY18,Viant,"PJSPBY_TJN_TJC_031_Data_VIANT INC_PUR_ROI_TWB_DIR_DSP_TRG_RON_BTG_MKT_DVY_DETERMINSTIC LAL OF ECOM CONVERTERS, CROSS DEVICE DISPLAY_Fixed Placement_Behavioral_F25-54_300 x 250_Click_NV_NA",204715651,10/11/2017,1166,18,1148,0,1148,179,969,497,472,179,92,589
TJN_MAR_023_Marshalls 2H Digital_F18,xAd Inc.,PJQ0YL_TJN_MAR_023_Mobile_GROUND TRUTH FKA XAD_DST_SV1_MAP_DIR_DSP_TRG_RON_BTG_PXT_DVY_COMPETITOR SHOPPERS - DYNAMIC DISTANCE_Run of Network_Geo_F25-54_320 x 50_Click and View_NV_NA,204595638,9/17/2017,10539,151,10388,6449,3939,1107,2832,2704,128,7556,6842,9546
TJN_MAR_023_Marshalls 2H Digital_F18,xAd Inc.,PJQ0YN_TJN_MAR_023_Mobile_GROUND TRUTH FKA XAD_DST_SV1_MAP_DIR_DSP_TRG_RON_PXT_BTG_DVY_GEOBLOCKS LOYALTY - DYNAMIC DISTANCE_Run of Network_Geo_F25-54_320 x 50_Click and View_NV_NA,204558328,10/15/2017,10202,104,10098,7114,2984,379,2605,2344,261,7493,6544,8888
TJN_TJX_TJMaxx 2H DIG_FY18,Foursquare,"PKFMKZ_TJN_TJX_028_Audience_FOURSQUARE LABS, INC_DST_SV1_MAP_PRO_RCH_TRG_RON_PXT_BTG_DVY_PHASE 1_MOBILE RICH MEDIA TRENDSETTERS - Dresses_Run of Network_Geo_F25-54_300 x 250_Standard_NV_NA",206771852,10/17/2017,3662,42,3620,570,3050,202,2848,687,2161,772,186,873
TJN_MAR_023_Marshalls 2H Digital_F18,NinthDecimal,PJPSS0_TJN_MAR_023_Mobile_NINTHDECIMAL_DST_SV1_MAP_DIR_RCH_TRG_RON_BTG_DMA_DVY_3RD PARTY: SURPRISE CHOOSERS_Run of Network_Behavioral_F25-54_320 x 50_Click and View_NV_NA,204595875,9/28/2017,11494,168,11326,3646,7680,44,7636,7380,256,3690,3566,10946
TJN_TJX_TJMaxx 2H DIG_FY18,xAd Inc.,PJMTN8_TJN_TJX_028_Mobile_GROUND TRUTH FKA XAD_DST_SV1_MAP_DIR_DSP_TRG_RON_BTG_BTG_DVY_PHASE 1_BEHAVIORAL AUDIENCE STRATEGIC SAVERS PLACEMENT - STANDARD BANNER - Maxx You Maxx Life_Run of Network_Behavioral_F25-54_320 x 50_Click and View_NV_NA,204447851,10/2/2017,1,0,1,1,0,0,0,0,0,1,1,1
TJN_MAR_023_Marshalls 2H Digital_F18,NinthDecimal,PJPSRS_TJN_MAR_023_Mobile_NINTHDECIMAL_DST_SV1_MAP_DIR_RCH_TRG_RON_PXT_DMA_DVY_GEOFENCE: 5-10-MILE RADIUS AROUND SUBURBAN STORES_Run of Network_Geo_F25-54_320 x 50_Click and View_NV_NA,204541748,9/20/2017,162846,4428,158418,78398,80020,564,79456,76820,2636,78962,76342,153162
TJN_TJX_TJMaxx 2H DIG_FY18,Foursquare,"PJPRVG_TJN_TJX_028_Audience_FOURSQUARE LABS, INC_DST_SV1_MAP_PRO_DSP_TRG_RON_PXT_BTG_DVY_PHASE 1_PINPOINT COMPETITIVE CONQUESTING AV_Run of Network_Geo_F25-54_300 x 250_Standard_NV_NA",204527412,9/9/2017,89,8,81,48,33,15,18,5,13,63,18,23
TJN_TJX_TJMaxx 2H DIG_FY18,Viant,"PKGK68_TJN_TJX_028_Data_VIANT INC_DSI_SV1_MWB_DIR_CUS_TRG_NAT_BTG_CTG_DVY_PHASE 1_VIANT LIFESTYLE, TRENDSETTERS NATIVE- Booties_Fixed Placement_Contextual_F25-54_0 x 0_Click and View_NV_NA",206772389,10/17/2017,9650,112,9538,9538,0,0,0,0,0,9538,6371,6371
TJN_TJX_TJMaxx 2H DIG_FY18,xAd Inc.,PJMTN2_TJN_TJX_028_Mobile_GROUND TRUTH FKA XAD_DST_SV1_MAP_DIR_DSP_TRG_RON_RTG_RTG_DVY_PHASE 1_LOCATION AUDIENCE COMPETITIVE CONQUESTING PLACEMENT - STANDARD BANNER - Fall Handbag_Run of Network_Retarget_F25-54_300 x 250_Click and View_NV_NA,204447824,9/30/2017,24149,794,23355,23328,27,0,27,27,0,23328,23328,23355
TJN_TJX_TJMaxx 2H DIG_FY18,PlaceIQ,PK19YZ_TJN_TJX_028_Mobile_PLACEIQ INC_DST_SV1_MAP_DIR_RCH_TRG_RON_BTG_PTG_DVY_PHASE 1_RICH MEDIA_STRATEGIC SAVERS_INFORMER CONSUMER SHOPPERS+TOP TIER APPAREL SHOPPER_Run of Network_Behavioral_F25-54_320 x 50_Click and View_NV_NA,205563548,10/17/2017,30565,640,29925,7972,21953,847,21106,20804,302,8819,8693,29497
TJN_TJX_TJMaxx 2H DIG_FY18,xAd Inc.,PJPXK0_TJN_TJX_028_Mobile_GROUND TRUTH FKA XAD_DST_SV1_MAP_DIR_DSP_TRG_RON_BTG_BTG_DVY_PHASE 1_BEHAVIORAL AUDIENCE TRENDSETTERS PLACEMENT - STANDARD BANNER - TJMaxx_Run of Network_Behavioral_F25-54_320 x 50_Click and View_NV_NA,204483993,9/23/2017,20961,201,20760,6606,14154,852,13302,12366,936,7458,6860,19226
TJN_TJX_TJMaxx 2H DIG_FY18,NBC Universal Media,PK3H7M_TJN_TJX_028_Content_NBCUNI.COM_BAF_BS2_DSK_DIR_DSP_SPN_HPT_CTG_CTG_DCM_100% SOV NBC THIS IS US ROADBLOCK 10/3 - 300X50 MOBILE_HP Takeover_Contextual_F25-54_300 x 50_Standard_NV_NA,205687846,10/3/2017,21284,152,21132,17,21115,1370,19745,15094,4651,1387,1060,16154
TJN_TJX_TJMaxx 2H DIG_FY18,Conversant Inc.,PJPWPH_TJN_TJX_028_Audience_CONVERSANT_DST_SV1_MAP_NET_DSP_TRG_RON_BTG_BTG_DVY_PHASE 1_ SMARTPHONE MEDIUM RECTANGLE  - CONVERSANT SHOPPERS AV_Run of Site_Behavioral_P18+_300 x 250_Standard_NV_NA,204442060,10/20/2017,480,8,472,0,472,117,355,129,226,117,43,172
TJN_TJX_TJMaxx 2H DIG_FY18,xAd Inc.,PJMTNC_TJN_TJX_028_Mobile_GROUND TRUTH FKA XAD_DST_SV1_MAP_DIR_DSP_TRG_RON_BTG_BTG_DVY_PHASE 1_BEHAVIORAL AUDIENCE TRENDSETTERS PLACEMENT - STANDARD BANNER - Maxx You Maxx Life_Run of Network_Behavioral_F25-54_320 x 50_Click and View_NV_NA,204447830,10/2/2017,3,0,3,2,1,1,0,0,0,3,3,3
TJN_TJX_TJMaxx 2H DIG_FY18,Viant,"PK2V4T_TJN_TJX_028_Data_VIANT INC_DSI_SV1_TWB_DIR_RCH_TRG_INT_BTG_CTG_DVY_PHASE 1_VIANT IMP, W25-54 STRATEGIC SAVERS, CONTOBOX - Fall Homes_Fixed Placement_Behavioral_F25-54_160 x 600_Click and View_NV_NA",205687933,10/5/2017,16,0,16,0,16,2,14,3,11,2,0,3
TJN_MAR_023_Marshalls 2H Digital_F18,NinthDecimal,PJPSRS_TJN_MAR_023_Mobile_NINTHDECIMAL_DST_SV1_MAP_DIR_RCH_TRG_RON_PXT_DMA_DVY_GEOFENCE: 5-10-MILE RADIUS AROUND SUBURBAN STORES_Run of Network_Geo_F25-54_320 x 50_Click and View_NV_NA,204541748,9/11/2017,47392,1150,46242,24029,22213,161,22052,21468,584,24190,23549,45017
TJN_TJX_TJMaxx 2H DIG_FY18,xAd Inc.,PJPXK0_TJN_TJX_028_Mobile_GROUND TRUTH FKA XAD_DST_SV1_MAP_DIR_DSP_TRG_RON_BTG_BTG_DVY_PHASE 1_BEHAVIORAL AUDIENCE TRENDSETTERS PLACEMENT - STANDARD BANNER - TJMaxx_Run of Network_Behavioral_F25-54_320 x 50_Click and View_NV_NA,204483993,10/2/2017,3,1,2,2,0,0,0,0,0,2,2,2
TJN_TJX_TJMaxx 2H DIG_FY18,xAd Inc.,PJYDBV_TJN_TJX_028_Mobile_GROUND TRUTH FKA XAD_DST_SV1_MAP_DIR_RCH_TRG_RON_BTG_BTG_DVY_PHASE 1_BEHAVIORAL AUDIENCE STRATEGIC SAVERS PLACEMENT - RICH MEDIA STORE LOCATOR - Maxx You Maxx Life_Run of Network_Behavioral_F25-54_320 x 50_Click and View_NV_NA,205148243,10/21/2017,4,1,3,3,0,0,0,0,0,3,3,3
TJN_TJX_TJMaxx 2H DIG_FY18,xAd Inc.,PJYDBR_TJN_TJX_028_Mobile_GROUND TRUTH FKA XAD_DST_SV1_MAP_DIR_RCH_TRG_RON_BTG_BTG_DVY_PHASE 1_BEHAVIORAL AUDIENCE TRENDSETTERS PLACEMENT - RICH MEDIA STORE LOCATOR - Maxx You Maxx Life_Run of Network_Behavioral_F25-54_320 x 50_Click and View_NV_NA,205145234,9/26/2017,15898,123,15775,5696,10079,227,9852,8903,949,5923,5352,14255
TJN_TJX_TJMaxx 2H DIG_FY18,Hulu,PK3CXN_TJN_TJX_027_Content_HULU_BAF_BS2_CTV_DIR_CUS_SPN_CHS_CTG_CTG_DVY_FALL TV SPONSORSHIP: PREMIUM SLATE - CONNECTED TV_FEP_Contextual_F25-54_1920 x 1080_Standard_NV_NA,205725861,10/14/2017,176161,437,175724,175724,0,0,0,0,0,175724,125755,125755
TJN_TJX_TJMaxx 2H DIG_FY18,Viant,"PJSPBW_TJN_TJC_031_Data_VIANT INC_PUR_ROI_MWB_DIR_DSP_TRG_RON_BTG_MKT_DVY_DETERMINSTIC LAL OF ECOM CONVERTERS, CROSS DEVICE DISPLAY_Fixed Placement_Behavioral_F25-54_300 x 50_Click_NV_NA",204733524,10/17/2017,6612,87,6525,0,6525,1274,5251,4540,711,1274,1101,5641
TJN_TJX_TJMaxx 2H DIG_FY18,Viant,"PJSPBX_TJN_TJC_031_Data_VIANT INC_PUR_ROI_TWB_DIR_DSP_TRG_RON_BTG_MKT_DVY_DETERMINSTIC LAL OF ECOM CONVERTERS, CROSS DEVICE DISPLAY_Fixed Placement_Behavioral_F25-54_728 x 90_Click_NV_NA",204716188,10/14/2017,722,16,706,0,706,78,628,331,297,78,41,372
TJN_TJX_TJMaxx 2H DIG_FY18,NBC Universal Media,PK2LGS_TJN_TJX_028_Content_NBCUNI.COM_BAF_BS2_DSK_DIR_DSP_SPN_HPT_CTG_CTG_DCM_100% SOV NBC THIS IS US ROADBLOCK 9/26 - 970X66 DESKTOP_HP Takeover_Contextual_F25-54_970 x 66_Standard_NV_NA,205661835,10/3/2017,1,0,1,0,1,0,1,0,1,0,0,0
TJN_TJX_TJMaxx 2H DIG_FY18,xAd Inc.,PJMTNC_TJN_TJX_028_Mobile_GROUND TRUTH FKA XAD_DST_SV1_MAP_DIR_DSP_TRG_RON_BTG_BTG_DVY_PHASE 1_BEHAVIORAL AUDIENCE TRENDSETTERS PLACEMENT - STANDARD BANNER - Maxx You Maxx Life_Run of Network_Behavioral_F25-54_320 x 50_Click and View_NV_NA,204447830,9/23/2017,21465,237,21228,7057,14171,572,13599,12474,1125,7629,6939,19413
TJN_MAR_023_Marshalls 2H Digital_F18,xAd Inc.,PJQ0YM_TJN_MAR_023_Mobile_GROUND TRUTH FKA XAD_DST_SV1_MAP_DIR_DSP_TRG_RON_BTG_PXT_DVY_COMPETITOR SHOPPERS - DYNAMIC DISTANCE_Run of Network_Geo_F25-54_300 x 250_Click and View_NV_NA,204555259,9/21/2017,3533,67,3466,3432,34,1,33,31,2,3433,3219,3250
TJN_TJX_TJMaxx 2H DIG_FY18,Viant,"PJNSGM_TJN_TJX_028_Data_VIANT INC_DSI_SV1_TWB_DIR_DSP_TRG_RON_BTG_CTG_DVY_PHASE 1_VIANT DIRECT MATCH RETAIL, TJX PORFOLIO LOYALISTS, DISPLAY_Fixed Placement_Behavioral_F25-54_728 x 90_Standard_NV_NA",204526722,9/18/2017,16278,5110,11168,0,11168,1576,9592,4831,4761,1576,794,5625
TJN_TJX_TJMaxx 2H DIG_FY18,Viant,"PK2X7J_TJN_TJX_028_Data_VIANT INC_DSI_SV1_MWB_DIR_RCH_TRG_INT_BTG_CTG_DVY_PHASE 1_VIANT IMP, W25-54 STRATEGIC SAVERS, CONTOBOX - Honeycomb_Fixed Placement_Behavioral_F25-54_300 x 250_Click and View_NV_NA",205688479,10/17/2017,470,11,459,2,457,27,430,205,225,29,14,219
TJN_MAR_023_Marshalls 2H Digital_F18,NinthDecimal,PJPSRW_TJN_MAR_023_Mobile_NINTHDECIMAL_DST_SV1_MAP_DIR_RCH_TRG_RON_BTG_PXT_DVY_LOCATION GRAPH: TJX FAMILY LOYALISTS_Run of Network_Behavioral_F25-54_320 x 50_Click and View_NV_NA,204541739,9/5/2017,1317,10,1307,254,1053,7,1046,1012,34,261,253,1265
TJN_TJX_TJMaxx 2H DIG_FY18,Viant,"PJNSHG_TJN_TJX_028_Data_VIANT INC_DSI_SV1_DSK_DIR_DSP_TRG_RON_BTG_CTG_DVY_PHASE 1_VIANT DIRECT MATCH RETAIL, COMPETITIVE CONQUESTING, DISPLAY_Fixed Placement_Behavioral_F25-54_728 x 90_Standard_NV_NA",204478490,10/13/2017,9690,504,9186,0,9186,948,8238,4124,4114,948,475,4599
TJN_TJX_TJMaxx 2H DIG_FY18,Viant,"PJSPCG_TJN_TJC_031_Data_VIANT INC_PUR_ROI_DSK_DIR_DSP_TRG_RON_BTG_MKT_DVY_W25-54 + ONLINE SHOPPERS, CROSS DEVICE DISPLAY_Fixed Placement_Behavioral_F25-54_300 x 50_Click_NV_NA",204716182,10/7/2017,112,6,106,0,106,13,93,58,35,13,8,66
TJN_TJX_TJMaxx 2H DIG_FY18,Conversant Inc.,PJPWPC_TJN_TJX_028_Audience_CONVERSANT_DST_SV1_DSK_NET_DSP_TRG_RON_BTG_BTG_DVY_PHASE 1_ DESKTOP WIDE SKYSCRAPER - CONVERSANT SHOPPERS AV_Run of Site_Behavioral_P18+_160 x 600_Standard_NV_NA,204443404,9/19/2017,6,6,0,0,0,0,0,0,0,0,0,0
TJN_TJX_TJMaxx 2H DIG_FY18,Viant,"PKGJV4_TJN_TJX_028_Data_VIANT INC_DSI_SV1_DSK_DIR_RCH_TRG_INT_BTG_CTG_DVY_PHASE 1_VIANT IMP, W25-54 STRATEGIC SAVERS, CONTOBOX - Dresses_Fixed Placement_Behavioral_F25-54_160 x 600_Click and View_NV_NA",206833287,10/19/2017,5451,5151,300,0,300,12,288,107,181,12,4,111
TJN_TJX_TJMaxx 2H DIG_FY18,Foursquare,"PKFMJQ_TJN_TJX_028_Audience_FOURSQUARE LABS, INC_DST_SV1_MAP_PRO_RCH_TRG_RON_PXT_BTG_DVY_PHASE 1_MOBILE RICH MEDIA COMPETITIVE CONQUESTING - Dresses_Run of Network_Geo_F25-54_300 x 250_Standard_NV_NA",206834001,10/16/2017,2361,39,2322,596,1726,105,1621,464,1157,701,201,665
TJN_MAR_023_Marshalls 2H Digital_F18,xAd Inc.,PJQ0YJ_TJN_MAR_023_Mobile_GROUND TRUTH FKA XAD_DST_SV1_MAP_DIR_DSP_TRG_RON_BTG_PXT_DVY_MARSHALLS SHOPPERS - DYNAMIC DISTANCE_Run of Network_Geo_F25-54_320 x 50_Click and View_NV_NA,204595911,9/16/2017,11126,293,10833,4777,6056,3976,2080,1645,435,8753,6595,8240
TJN_TJX_TJMaxx 2H DIG_FY18,Viant,"PKGJ4T_TJN_TJC_031_Data_VIANT INC_PUR_ROI_DSK_DIR_CUS_TRG_NAT_BTG_MKT_DVY_W25-54 + KEYWORD TARGETING, CROSS DEVICE NATIVE - Booties_Fixed Placement_Contextual_F25-54_1 x 1_Click_NV_NA",206771945,10/20/2017,18679,1207,17472,17472,0,0,0,0,0,17472,10400,10400
TJN_TJX_TJMaxx 2H DIG_FY18,Viant,"PJNSHG_TJN_TJX_028_Data_VIANT INC_DSI_SV1_DSK_DIR_DSP_TRG_RON_BTG_CTG_DVY_PHASE 1_VIANT DIRECT MATCH RETAIL, COMPETITIVE CONQUESTING, DISPLAY_Fixed Placement_Behavioral_F25-54_728 x 90_Standard_NV_NA",204478490,9/13/2017,151,0,151,0,151,3,148,122,26,3,2,124
TJN_TJX_TJMaxx 2H DIG_FY18,Viant,PJPXKS_TJN_TJX_028_Data_VIANT INC_DSI_SV1_DSK_DIR_DSP_TRG_RON_BTG_CTG_DVY_PHASE 1_DESKTOP DISPLAY VIANT IMP TARGETING - STRATEGIC SAVERS AV_Fixed Placement_Demo_F25-54_160 x 600_Standard_NV_NA,204477475,9/13/2017,14,7,7,0,7,0,7,5,2,0,0,5
TJN_MAR_023_Marshalls 2H Digital_F18,xAd Inc.,PJQ0YH_TJN_MAR_023_Mobile_GROUND TRUTH FKA XAD_DST_SV1_MAP_DIR_DSP_TRG_RON_BTG_DMA_DVY_BEHAVIORAL - FASHION SHOPPER - DYNAMIC DISTANCE_Run of Network_Behavioral_F25-54_300 x 250_Click and View_NV_NA,204543443,10/20/2017,63223,1263,61960,61960,0,0,0,0,0,61960,55567,55567
TJN_MAR_023_Marshalls 2H Digital_F18,xAd Inc.,PJQ0YL_TJN_MAR_023_Mobile_GROUND TRUTH FKA XAD_DST_SV1_MAP_DIR_DSP_TRG_RON_BTG_PXT_DVY_COMPETITOR SHOPPERS - DYNAMIC DISTANCE_Run of Network_Geo_F25-54_320 x 50_Click and View_NV_NA,204595638,9/30/2017,8526,131,8395,7588,807,58,749,575,174,7646,5692,6267
TJN_MAR_023_Marshalls 2H Digital_F18,xAd Inc.,PJQ0YR_TJN_MAR_023_Mobile_GROUND TRUTH FKA XAD_DST_SV1_MAP_DIR_DSP_TRG_RON_PXT_BTG_DVY_GEOBLOCKS CONQUESTING - DYNAMIC DISTANCE_Run of Network_Geo_F25-54_300 x 250_Click and View_NV_NA,204555244,9/18/2017,5930,227,5703,5694,9,0,9,2,7,5694,1265,1267
TJN_TJX_TJMaxx 2H DIG_FY18,Viant,"PK2V4X_TJN_TJX_028_Data_VIANT INC_DSI_SV1_DSK_DIR_RCH_TRG_INT_BTG_CTG_DVY_PHASE 1_VIANT IMP, W25-54 STRATEGIC SAVERS, CONTOBOX - Fall Homes_Fixed Placement_Behavioral_F25-54_300 x 250_Click and View_NV_NA",205688458,10/17/2017,4054,89,3965,6,3959,758,3201,1458,1743,764,348,1806
TJN_TJX_TJMaxx 2H DIG_FY18,Viant,"PK2X7D_TJN_TJX_028_Data_VIANT INC_DSI_SV1_TWB_DIR_RCH_TRG_INT_BTG_CTG_DVY_PHASE 1_VIANT IMP, W25-54 STRATEGIC SAVERS, CONTOBOX - Honeycomb_Fixed Placement_Behavioral_F25-54_728 x 90_Click and View_NV_NA",205727832,10/14/2017,444,8,436,14,422,63,359,82,277,77,18,100
TJN_MAR_023_Marshalls 2H Digital_F18,xAd Inc.,PJQ0Y8_TJN_MAR_023_Mobile_GROUND TRUTH FKA XAD_DST_SV1_MAP_DIR_RCH_TRG_RON_WEA_PXT_DVY_PROXIMITY LOYALTY - WEATHER LOCATOR UNIT_Run of Network_Weather_F25-54_320 x 50_Click and View_NV_NA,204556189,9/30/2017,40821,1358,39463,16414,23049,307,22742,18781,3961,16721,13809,32590
TJN_TJX_TJMaxx 2H DIG_FY18,Viant,"PKGK9X_TJN_TJX_028_Data_VIANT INC_DSI_SV1_TWB_DIR_CUS_TRG_NAT_BTG_CTG_DVY_PHASE 1_VIANT LIFESTYLE, TRENDSETTERS NATIVE- Booties_Fixed Placement_Contextual_F25-54_0 x 0_Click and View_NV_NA",206833284,10/20/2017,53607,990,52617,52617,0,0,0,0,0,52617,31321,31321
TJN_TJX_TJMaxx 2H DIG_FY18,xAd Inc.,PJMTNQ_TJN_TJX_028_Mobile_GROUND TRUTH FKA XAD_DST_SV1_MAP_DIR_RCH_TRG_RON_BTG_BTG_DVY_PHASE 1_BEHAVIORAL AUDIENCE STRATEGIC SAVERS PLACEMENT - RICH MEDIA STORE LOCATOR - TJ Maxx_Run of Network_Behavioral_F25-54_320 x 50_Click and View_NV_NA,204447845,10/8/2017,7216,66,7150,2437,4713,166,4547,3607,940,2603,2065,5672
TJN_TJX_TJMaxx 2H DIG_FY18,NBC Universal Media,PK2HF5_TJN_TJX_028_Content_NBCUNI.COM_BAF_BS2_MAP_DIR_VID_SPN_ROS_BTG_CTG_MOA_THIS IS US SPONSORSHIP: DESKTOP - VIGNETTE 1_Run of Site_Behavioral_F25-54_1920 x 1080_Click and View_NV_NA,205566893,9/30/2017,715,12,703,703,0,0,0,0,0,703,573,573
TJN_MAR_023_Marshalls 2H Digital_F18,NinthDecimal,"PJPSS1_TJN_MAR_023_Mobile_NINTHDECIMAL_DST_SV1_MAP_DIR_RCH_TRG_RON_BTG_DMA_DVY_TV TARGETING: PEOPLE WHO WATCH BRAVO, TLC, HGTV, A&E, LIFETIME, DISCOVERY_Run of Network_Behavioral_F25-54_320 x 50_Click and View_NV_NA",204541508,10/8/2017,18447,249,18198,5138,13060,76,12984,12518,466,5214,5027,17545
TJN_TJX_TJMaxx 2H DIG_FY18,xAd Inc.,PJPXJX_TJN_TJX_028_Mobile_GROUND TRUTH FKA XAD_DST_SV1_MAP_DIR_DSP_TRG_RON_BTG_BTG_DVY_PHASE 1_BEHAVIORAL AUDIENCE STRATEGIC SAVERS PLACEMENT - STANDARD BANNER - TJMaxx_Run of Network_Behavioral_F25-54_320 x 50_Click and View_NV_NA,204447848,10/8/2017,13323,122,13201,5654,7547,125,7422,6205,1217,5779,4831,11036
TJN_MAR_023_Marshalls 2H Digital_F18,xAd Inc.,PJQ0YS_TJN_MAR_023_Mobile_GROUND TRUTH FKA XAD_DST_SV1_MAP_DIR_DSP_TRG_RON_DMA_BTG_DVY_AV DMA TARGETING_Run of Network_Geo_F25-54_300 x 250_Click and View_NV_NA,204558337,10/16/2017,41005,737,40268,26749,13519,470,13049,10019,3030,27219,20899,30918
TJN_TJX_TJMaxx 2H DIG_FY18,Conversant Inc.,PJPWP9_TJN_TJX_028_Audience_CONVERSANT_DST_SV1_DSK_NET_DSP_TRG_RON_BTG_BTG_DVY_PHASE 1_ DESKTOP MEDIUM RECTANGLE - CONVERSANT SHOPPERS AV_Run of Site_Behavioral_P18+_300 x 250_Standard_NV_NA,204483957,9/27/2017,1227,77,1150,0,1150,240,910,518,392,240,137,655
TJN_TJX_TJMaxx 2H DIG_FY18,Foursquare,"PJPQKZ_TJN_TJX_028_Audience_FOURSQUARE LABS, INC_DST_SV1_MAP_PRO_DSP_TRG_RON_PXT_BTG_DVY_PHASE 1_PINPOINT TRENDSETTERS_Run of Network_Geo_F25-54_300 x 250_Standard_NV_NA",204481813,9/5/2017,16062,3281,12781,9267,3514,1401,2113,913,1200,10668,4610,5523
TJN_TJX_TJMaxx 2H DIG_FY18,Viant,"PKGJV2_TJN_TJX_028_Data_VIANT INC_DSI_SV1_DSK_DIR_RCH_TRG_INT_BTG_CTG_DVY_PHASE 1_VIANT IMP, W25-54 STRATEGIC SAVERS, CONTOBOX - Booties_Fixed Placement_Behavioral_F25-54_160 x 600_Click and View_NV_NA",206833935,10/20/2017,315,75,240,0,240,13,227,119,108,13,7,126
TJN_TJX_TJMaxx 2H DIG_FY18,Conversant Inc.,PJPWPF_TJN_TJX_028_Audience_CONVERSANT_DST_SV1_TAP_NET_DSP_TRG_RON_BTG_BTG_DVY_PHASE 1_ TABLET LEADERBOARD - CONVERSANT SHOPPERS AV_Run of Site_Behavioral_P18+_728 x 90_Standard_NV_NA,204442915,10/4/2017,54,2,52,0,52,14,38,15,23,14,6,21
TJN_TJX_TJMaxx 2H DIG_FY18,Foursquare,"PJYHWF_TJN_TJX_028_Audience_FOURSQUARE LABS, INC_DST_SV1_MAP_PRO_DSP_TRG_RON_PXT_BTG_DVY_PHASE 1_PINPOINT COMPETITIVE CONQUESTING_Run of Network_Geo_F25-54_320 x 50_Standard_NV_NA",205183220,10/21/2017,65257,922,64335,57879,6456,146,6310,5994,316,58025,55119,61113
TJN_TJX_TJMaxx 2H DIG_FY18,xAd Inc.,PKF5T8_TJN_TJX_028_Mobile_GROUND TRUTH FKA XAD_DST_SV1_MAP_DIR_DSP_TRG_RON_RTG_RTG_DVY_PHASE 1_LOCATION AUDIENCE TJX SHOPPERS PLACEMENT - STANDARD BANNER - Find A Store V1_Run of Network_Retarget_F25-54_320 x 50_Click and View_NV_NA,206772554,10/13/2017,857,1,856,292,564,10,554,375,179,302,204,579
TJN_TJX_TJMaxx 2H DIG_FY18,Foursquare,"PJYHWD_TJN_TJX_028_Audience_FOURSQUARE LABS, INC_DST_SV1_MAP_PRO_DSP_TRG_RON_PXT_BTG_DVY_PHASE 1_PINPOINT COMPETITIVE CONQUESTING_Run of Network_Geo_F25-54_300 x 250_Standard_NV_NA",205235284,9/16/2017,6542,848,5694,2493,3201,1542,1659,800,859,4035,1946,2746
TJN_TJX_TJMaxx 2H DIG_FY18,Viant,"PJNSGW_TJN_TJX_028_Data_VIANT INC_DSI_SV1_DSK_DIR_DSP_TRG_RON_BTG_CTG_DVY_PHASE 1_VIANT DIRECT MATCH RETAIL, TJX PORFOLIO LOYALISTS, DISPLAY_Fixed Placement_Behavioral_F25-54_300 x 250_Standard_NV_NA",204478514,9/25/2017,183510,20435,163075,0,163075,3732,159343,100510,58833,3732,2354,102864
TJN_TJX_TJMaxx 2H DIG_FY18,Foursquare,"PJMQ2D_TJN_TJX_028_Audience_FOURSQUARE LABS, INC_DST_SV1_MAP_PRO_DSP_TRG_RON_PXT_BTG_DVY_PHASE 1_PINPOINT STRATEGIC SAVERS_Run of Network_Geo_F25-54_300 x 250_Standard_NV_NA",204483457,9/28/2017,11441,1391,10050,2742,7308,500,6808,2406,4402,3242,1146,3552
TJN_TJX_TJMaxx 2H DIG_FY18,NBC Universal Media,PK2LF3_TJN_TJX_028_Content_NBCUNI.COM_BAF_BS2_DSK_DIR_DSP_SPN_HPT_CTG_CTG_DCM_100% SOV NBC HOMEPAGE ROADBLOCK 9/26 - 300X250 DESKTOP_HP Takeover_Contextual_F25-54_300 x 250_Standard_NV_NA,205613773,9/28/2017,57,0,57,0,57,1,56,23,33,1,0,23
TJN_TJX_TJMaxx 2H DIG_FY18,Hulu,PK3F7F_TJN_TJX_027_Content_HULU_BAF_BS2_DSK_DIR_CUS_SPN_CHS_CTG_CTG_DVY_HULU ROS: PREMIUM SLATE - DESKTOP_FEP_Contextual_F25-54_1920 x 1080_Standard_NV_NA,205683925,10/16/2017,3736,82,3654,3654,0,0,0,0,0,3654,2374,2374
TJN_TJX_TJMaxx 2H DIG_FY18,NBC Universal Media,PK2KK7_TJN_TJX_028_Content_NBCUNI.COM_BAF_BS2_TAP_DIR_VID_SPN_ROS_BTG_CTG_MOA_THIS IS US SPONSORSHIP: TABLET - VIGNETTE 3_Run of Site_Behavioral_F25-54_1920 x 1080_Click and View_NV_NA,205569476,10/18/2017,7,0,7,7,0,0,0,0,0,7,5,5
TJN_TJX_TJMaxx 2H DIG_FY18,xAd Inc.,PJMTN5_TJN_TJX_028_Mobile_GROUND TRUTH FKA XAD_DST_SV1_MAP_DIR_RCH_TRG_RON_BTG_BTG_DVY_PHASE 1_BEHAVIORAL AUDIENCE TRENDSETTERS PLACEMENT - RICH MEDIA STORE LOCATOR - TJ Maxx_Run of Network_Behavioral_F25-54_320 x 50_Click and View_NV_NA,204442936,10/4/2017,7,3,4,1,3,2,1,1,0,3,3,4
TJN_TJX_TJMaxx 2H DIG_FY18,Viant,PJPXKR_TJN_TJX_028_Data_VIANT INC_DSI_SV1_DSK_DIR_DSP_TRG_RON_BTG_CTG_DVY_PHASE 1_DESKTOP DISPLAY VIANT IMP TARGETING - STRATEGIC SAVERS AV_Fixed Placement_Demo_F25-54_300 x 250_Standard_NV_NA,204475841,10/16/2017,20359,1305,19054,4,19050,1414,17636,4229,13407,1418,340,4569
TJN_MAR_023_Marshalls 2H Digital_F18,NinthDecimal,PJPSRT_TJN_MAR_023_Mobile_NINTHDECIMAL_DST_SV1_MAP_DIR_RCH_TRG_RON_PXT_DMA_DVY_GEOFENCE: 15-20-MILE RADIUS AROUND RURAL STORES_Run of Network_Geo_F25-54_320 x 50_Click and View_NV_NA,204542885,10/12/2017,51429,975,50454,17345,33109,152,32957,32170,787,17497,17079,49249
TJN_TJX_TJMaxx 2H DIG_FY18,xAd Inc.,PKF5TF_TJN_TJX_028_Mobile_GROUND TRUTH FKA XAD_DST_SV1_MAP_DIR_DSP_TRG_RON_RTG_RTG_DVY_PHASE 1_LOCATION AUDIENCE TJX SHOPPERS PLACEMENT - STANDARD BANNER - Find A Store V2_Run of Network_Retarget_F25-54_320 x 50_Click and View_NV_NA,206765393,10/14/2017,5230,68,5162,2504,2658,37,2621,1948,673,2541,1889,3837
TJN_TJX_TJMaxx 2H DIG_FY18,xAd Inc.,PJPXK0_TJN_TJX_028_Mobile_GROUND TRUTH FKA XAD_DST_SV1_MAP_DIR_DSP_TRG_RON_BTG_BTG_DVY_PHASE 1_BEHAVIORAL AUDIENCE TRENDSETTERS PLACEMENT - STANDARD BANNER - TJMaxx_Run of Network_Behavioral_F25-54_320 x 50_Click and View_NV_NA,204483993,10/1/2017,3,2,1,0,1,1,0,0,0,1,1,1
TJN_TJX_TJMaxx 2H DIG_FY18,Foursquare,"PJPRQH_TJN_TJX_028_Audience_FOURSQUARE LABS, INC_DST_SV1_MAP_PRO_DSP_TRG_RON_PXT_BTG_DVY_PHASE 1_PINPOINT STRATEGIC SAVERS AV_Run of Network_Geo_F25-54_300 x 250_Standard_NV_NA",204481807,9/21/2017,243,18,225,57,168,9,159,53,106,66,22,75
TJN_TJX_TJMaxx 2H DIG_FY18,NBC Universal Media,PK2JQT_TJN_TJX_028_Content_NBCUNI.COM_BAF_BS2_TAP_DIR_VID_SPN_ROS_BTG_CTG_MOA_THIS IS US SPONSORSHIP: TABLET - VIGNETTE 1_Run of Site_Behavioral_F25-54_1920 x 1080_Click and View_NV_NA,205563488,9/30/2017,1622,15,1607,1607,0,0,0,0,0,1607,1310,1310
TJN_TJX_TJMaxx 2H DIG_FY18,xAd Inc.,PJMTNR_TJN_TJX_028_Mobile_GROUND TRUTH FKA XAD_DST_SV1_MAP_DIR_RCH_TRG_RON_BTG_BTG_DVY_PHASE 1_BEHAVIORAL AUDIENCE STRATEGIC SAVERS PLACEMENT - RICH MEDIA STORE LOCATOR - Fall Handbag_Run of Network_Behavioral_F25-54_300 x 250_Click and View_NV_NA,204442108,10/5/2017,4,1,3,1,2,1,1,1,0,2,2,3
TJN_MAR_023_Marshalls 2H Digital_F18,xAd Inc.,PJQ0YN_TJN_MAR_023_Mobile_GROUND TRUTH FKA XAD_DST_SV1_MAP_DIR_DSP_TRG_RON_PXT_BTG_DVY_GEOBLOCKS LOYALTY - DYNAMIC DISTANCE_Run of Network_Geo_F25-54_320 x 50_Click and View_NV_NA,204558328,10/4/2017,1,0,1,1,0,0,0,0,0,1,1,1
TJN_TJX_TJMaxx 2H DIG_FY18,xAd Inc.,PJMTNC_TJN_TJX_028_Mobile_GROUND TRUTH FKA XAD_DST_SV1_MAP_DIR_DSP_TRG_RON_BTG_BTG_DVY_PHASE 1_BEHAVIORAL AUDIENCE TRENDSETTERS PLACEMENT - STANDARD BANNER - Maxx You Maxx Life_Run of Network_Behavioral_F25-54_320 x 50_Click and View_NV_NA,204447830,10/1/2017,3,0,3,2,1,1,0,0,0,3,3,3
TJN_MAR_023_Marshalls 2H Digital_F18,Bustle,PKLNMK_TJN_MAR_023_Content_BUSTLE_HPTO - Panoramic Unit 10/17_Run of Site_Contextual_F25-54_1 x 1_Click and View_NV_NA,207144356,10/17/2017,191431,6871,184560,76,184484,19501,164983,130584,34399,19577,15495,146079
TJN_MAR_023_Marshalls 2H Digital_F18,xAd Inc.,PJQ0YP_TJN_MAR_023_Mobile_GROUND TRUTH FKA XAD_DST_SV1_MAP_DIR_DSP_TRG_RON_PXT_BTG_DVY_GEOBLOCKS LOYALTY - DYNAMIC DISTANCE_Run of Network_Geo_F25-54_300 x 250_Click and View_NV_NA,204537983,10/19/2017,9122,230,8892,8892,0,0,0,0,0,8892,2868,2868
TJN_TJX_TJMaxx 2H DIG_FY18,Viant,"PJNSHG_TJN_TJX_028_Data_VIANT INC_DSI_SV1_DSK_DIR_DSP_TRG_RON_BTG_CTG_DVY_PHASE 1_VIANT DIRECT MATCH RETAIL, COMPETITIVE CONQUESTING, DISPLAY_Fixed Placement_Behavioral_F25-54_728 x 90_Standard_NV_NA",204478490,9/19/2017,19727,2021,17706,0,17706,1009,16697,13473,3224,1009,814,14287
TJN_MAR_023_Marshalls 2H Digital_F18,xAd Inc.,PJQ0Y6_TJN_MAR_023_Mobile_GROUND TRUTH FKA XAD_DST_SV1_MAP_DIR_DSP_TRG_RON_PXT_BTG_DVY_PROXIMITY LOYALTY - DYNAMIC DISTANCE_Run of Network_Geo_F25-54_320 x 50_Click and View_NV_NA,204556888,10/10/2017,42463,553,41910,36788,5122,511,4611,4196,415,37299,32275,36471
TJN_TJX_TJMaxx 2H DIG_FY18,Viant,PJPXKS_TJN_TJX_028_Data_VIANT INC_DSI_SV1_DSK_DIR_DSP_TRG_RON_BTG_CTG_DVY_PHASE 1_DESKTOP DISPLAY VIANT IMP TARGETING - STRATEGIC SAVERS AV_Fixed Placement_Demo_F25-54_160 x 600_Standard_NV_NA,204477475,9/19/2017,630,536,94,0,94,27,67,32,35,27,13,45
TJN_MAR_023_Marshalls 2H Digital_F18,xAd Inc.,PJQ0YJ_TJN_MAR_023_Mobile_GROUND TRUTH FKA XAD_DST_SV1_MAP_DIR_DSP_TRG_RON_BTG_PXT_DVY_MARSHALLS SHOPPERS - DYNAMIC DISTANCE_Run of Network_Geo_F25-54_320 x 50_Click and View_NV_NA,204595911,9/19/2017,10550,207,10343,4934,5409,914,4495,3359,1136,5848,4142,7501
TJN_TJX_TJMaxx 2H DIG_FY18,Viant,"PK2V4T_TJN_TJX_028_Data_VIANT INC_DSI_SV1_TWB_DIR_RCH_TRG_INT_BTG_CTG_DVY_PHASE 1_VIANT IMP, W25-54 STRATEGIC SAVERS, CONTOBOX - Fall Homes_Fixed Placement_Behavioral_F25-54_160 x 600_Click and View_NV_NA",205687933,10/17/2017,1,1,0,0,0,0,0,0,0,0,0,0
TJN_TJX_TJMaxx 2H DIG_FY18,Viant,PJPXKV_TJN_TJX_028_Data_VIANT INC_DSI_SV1_DSK_DIR_DSP_TRG_RON_BTG_CTG_DVY_PHASE 1_DESKTOP DISPLAY VIANT IMP TARGETING - STRATEGIC SAVERS AV_Fixed Placement_Demo_F25-54_728 x 90_Standard_NV_NA,204526986,10/10/2017,208,71,137,0,137,22,115,46,69,22,9,55
TJN_TJX_TJMaxx 2H DIG_FY18,PlaceIQ,PK19YZ_TJN_TJX_028_Mobile_PLACEIQ INC_DST_SV1_MAP_DIR_RCH_TRG_RON_BTG_PTG_DVY_PHASE 1_RICH MEDIA_STRATEGIC SAVERS_INFORMER CONSUMER SHOPPERS+TOP TIER APPAREL SHOPPER_Run of Network_Behavioral_F25-54_320 x 50_Click and View_NV_NA,205563548,10/5/2017,27972,466,27506,18190,9316,486,8830,8677,153,18676,18352,27029
TJN_TJX_TJMaxx 2H DIG_FY18,Hulu,PK3CXN_TJN_TJX_027_Content_HULU_BAF_BS2_CTV_DIR_CUS_SPN_CHS_CTG_CTG_DVY_FALL TV SPONSORSHIP: PREMIUM SLATE - CONNECTED TV_FEP_Contextual_F25-54_1920 x 1080_Standard_NV_NA,205725861,9/28/2017,2,0,2,2,0,0,0,0,0,2,2,2
TJN_TJX_TJMaxx 2H DIG_FY18,Viant,"PJNSH7_TJN_TJX_028_Data_VIANT INC_DSI_SV1_MWB_DIR_DSP_TRG_RON_BTG_CTG_DVY_PHASE 1_VIANT DIRECT MATCH RETAIL, COMPETITIVE CONQUESTING, DISPLAY_Fixed Placement_Behavioral_F25-54_320 x 50_Standard_NV_NA",204477565,10/16/2017,19105,188,18917,4,18913,930,17983,13377,4606,934,695,14072
TJN_TJX_TJMaxx 2H DIG_FY18,Viant,"PK2X7K_TJN_TJX_028_Data_VIANT INC_DSI_SV1_DSK_DIR_RCH_TRG_INT_BTG_CTG_DVY_PHASE 1_VIANT IMP, W25-54 STRATEGIC SAVERS, CONTOBOX - Honeycomb_Fixed Placement_Behavioral_F25-54_160 x 600_Click and View_NV_NA",205726917,10/11/2017,8319,440,7879,1,7878,379,7499,3145,4354,380,159,3304
TJN_MAR_023_Marshalls 2H Digital_F18,xAd Inc.,PJQ0YP_TJN_MAR_023_Mobile_GROUND TRUTH FKA XAD_DST_SV1_MAP_DIR_DSP_TRG_RON_PXT_BTG_DVY_GEOBLOCKS LOYALTY - DYNAMIC DISTANCE_Run of Network_Geo_F25-54_300 x 250_Click and View_NV_NA,204537983,9/11/2017,5653,115,5538,5514,24,7,17,10,7,5521,3248,3258
TJN_TJX_TJMaxx 2H DIG_FY18,Viant,"PJSPBW_TJN_TJC_031_Data_VIANT INC_PUR_ROI_MWB_DIR_DSP_TRG_RON_BTG_MKT_DVY_DETERMINSTIC LAL OF ECOM CONVERTERS, CROSS DEVICE DISPLAY_Fixed Placement_Behavioral_F25-54_300 x 50_Click_NV_NA",204733524,10/5/2017,508,5,503,0,503,203,300,206,94,203,139,345
TJN_TJX_TJMaxx 2H DIG_FY18,Conversant Inc.,PJNPMG_TJN_TJC_031_Audience_CONVERSANT_PUR_ROI_DSK_NET_DSP_TRG_RON_BTG_BTG_DVY_DESKTOP WIDE SKYSCRAPER- STRATEGIC SAVERS_Run of Site_Other_P18+_160 x 600_Standard_NV_NA,204443410,10/16/2017,5784,470,5314,1,5313,614,4699,2934,1765,615,384,3318
TJN_TJX_TJMaxx 2H DIG_FY18,xAd Inc.,PJPXK1_TJN_TJX_028_Mobile_GROUND TRUTH FKA XAD_DST_SV1_MAP_DIR_DSP_TRG_RON_PXT_PXT_DVY_PHASE 1_PROXIMITY LOYALTY PLACEMENT - STANDARD BANNER - TJMaxx_Run of Network_Geo_F25-54_320 x 50_Click and View_NV_NA,204483996,10/3/2017,3,0,3,2,1,1,0,0,0,3,2,2
TJN_TJX_TJMaxx 2H DIG_FY18,Foursquare,"PJPSSY_TJN_TJX_028_Audience_FOURSQUARE LABS, INC_DST_SV1_MAP_PRO_RCH_TRG_RON_PXT_BTG_DVY_PHASE 1_MOBILE RICH MEDIA TRENDSETTERS - Find A TJ Maxx Store_Run of Network_Geo_F25-54_320 x 50_Standard_NV_NA",204527598,10/1/2017,82021,1948,80073,50495,29578,2057,27521,19885,7636,52552,37971,57856
TJN_TJX_TJMaxx 2H DIG_FY18,xAd Inc.,PJYDBR_TJN_TJX_028_Mobile_GROUND TRUTH FKA XAD_DST_SV1_MAP_DIR_RCH_TRG_RON_BTG_BTG_DVY_PHASE 1_BEHAVIORAL AUDIENCE TRENDSETTERS PLACEMENT - RICH MEDIA STORE LOCATOR - Maxx You Maxx Life_Run of Network_Behavioral_F25-54_320 x 50_Click and View_NV_NA,205145234,10/9/2017,6436,92,6344,2226,4118,134,3984,3154,830,2360,1868,5022
TJN_TJX_TJMaxx 2H DIG_FY18,NBC Universal Media,PK2LHP_TJN_TJX_028_Content_NBCUNI.COM_BAF_BS2_DSK_DIR_DSP_SPN_HPT_CTG_CTG_DCM_100% SOV NBC THIS IS US ROADBLOCK 10/17 - 970X66 DESKTOP_HP Takeover_Contextual_F25-54_970 x 66_Standard_NV_NA,205563524,10/11/2017,6,1,5,0,5,0,5,5,0,0,0,5
TJN_TJX_TJMaxx 2H DIG_FY18,Viant,"PKGK24_TJN_TJX_028_Data_VIANT INC_DSI_SV1_TWB_DIR_RCH_TRG_INT_BTG_CTG_DVY_PHASE 1_VIANT IMP, W25-54 STRATEGIC SAVERS, CONTOBOX - Dresses_Fixed Placement_Behavioral_F25-54_300 x 250_Click and View_NV_NA",206833482,10/20/2017,2,2,0,0,0,0,0,0,0,0,0,0
TJN_TJX_TJMaxx 2H DIG_FY18,Foursquare,"PJYHWD_TJN_TJX_028_Audience_FOURSQUARE LABS, INC_DST_SV1_MAP_PRO_DSP_TRG_RON_PXT_BTG_DVY_PHASE 1_PINPOINT COMPETITIVE CONQUESTING_Run of Network_Geo_F25-54_300 x 250_Standard_NV_NA",205235284,10/13/2017,3725,84,3641,2184,1457,70,1387,792,595,2254,1287,2079
TJN_MAR_023_Marshalls 2H Digital_F18,xAd Inc.,PJQ0YF_TJN_MAR_023_Mobile_GROUND TRUTH FKA XAD_DST_SV1_MAP_DIR_RCH_TRG_RON_WEA_PXT_DVY_PROXIMITY CONQUESTING - WEATHER LOCATOR UNIT_Run of Network_Weather_F25-54_300 x 250_Click and View_NV_NA,204596913,9/22/2017,494,16,478,12,466,57,409,396,13,69,67,463
TJN_TJX_TJMaxx 2H DIG_FY18,Viant,"PK2X7J_TJN_TJX_028_Data_VIANT INC_DSI_SV1_MWB_DIR_RCH_TRG_INT_BTG_CTG_DVY_PHASE 1_VIANT IMP, W25-54 STRATEGIC SAVERS, CONTOBOX - Honeycomb_Fixed Placement_Behavioral_F25-54_300 x 250_Click and View_NV_NA",205688479,10/5/2017,897,20,877,2,875,62,813,229,584,64,18,247
TJN_TJX_TJMaxx 2H DIG_FY18,Viant,"PJNSHD_TJN_TJX_028_Data_VIANT INC_DSI_SV1_DSK_DIR_DSP_TRG_RON_BTG_CTG_DVY_PHASE 1_VIANT DIRECT MATCH RETAIL, COMPETITIVE CONQUESTING, DISPLAY_Fixed Placement_Behavioral_F25-54_160 x 600_Standard_NV_NA",204477281,9/25/2017,4690,372,4318,0,4318,274,4044,2325,1719,274,158,2483
TJN_TJX_TJMaxx 2H DIG_FY18,PlaceIQ,PKF2L3_TJN_TJX_028_Mobile_PLACEIQ INC_DST_SV1_MAP_DIR_RCH_TRG_RON_BTG_PTG_DVY_PHASE 1_RICH MEDIA_STRATEGIC SAVERS_INFORMER CONSUMER SHOPPERS+TOP TIER APPAREL SHOPPER - Rich Media Version 2_Run of Network_Behavioral_F25-54_320 x 50_Click and View_NV_NA,206833476,10/20/2017,17669,306,17363,4866,12497,621,11876,11777,99,5487,5441,17218
TJN_TJX_TJMaxx 2H DIG_FY18,Viant,"PJNSGP_TJN_TJX_028_Data_VIANT INC_DSI_SV1_MWB_DIR_DSP_TRG_RON_BTG_CTG_DVY_PHASE 1_VIANT DIRECT MATCH RETAIL, TJX PORFOLIO LOYALISTS, DISPLAY_Fixed Placement_Behavioral_F25-54_300 x 50_Standard_NV_NA",204525579,10/8/2017,39,1,38,0,38,4,34,21,13,4,2,23
TJN_TJX_TJMaxx 2H DIG_FY18,Foursquare,"PJYHWD_TJN_TJX_028_Audience_FOURSQUARE LABS, INC_DST_SV1_MAP_PRO_DSP_TRG_RON_PXT_BTG_DVY_PHASE 1_PINPOINT COMPETITIVE CONQUESTING_Run of Network_Geo_F25-54_300 x 250_Standard_NV_NA",205235284,9/13/2017,2725,228,2497,914,1583,521,1062,412,650,1435,557,969
TJN_TJX_TJMaxx 2H DIG_FY18,Viant,"PJSPBT_TJN_TJC_031_Data_VIANT INC_PUR_ROI_MWB_DIR_DSP_TRG_RON_BTG_MKT_DVY_DETERMINSTIC LAL OF ECOM CONVERTERS, CROSS DEVICE DISPLAY_Fixed Placement_Behavioral_F25-54_300 x 250_Click_NV_NA",204732642,10/9/2017,858,15,843,2,841,107,734,389,345,109,58,447
TJN_TJX_TJMaxx 2H DIG_FY18,Conversant Inc.,PJPWP8_TJN_TJX_028_Audience_CONVERSANT_DST_SV1_DSK_NET_DSP_TRG_RON_BTG_BTG_DVY_PHASE 1_ DESKTOP LEADERBOARD - CONVERSANT SHOPPERS AV_Run of Site_Behavioral_P18+_728 x 90_Standard_NV_NA,204446132,10/4/2017,559,37,522,0,522,71,451,240,211,71,38,278
TJN_TJX_TJMaxx 2H DIG_FY18,Foursquare,"PJMQ2D_TJN_TJX_028_Audience_FOURSQUARE LABS, INC_DST_SV1_MAP_PRO_DSP_TRG_RON_PXT_BTG_DVY_PHASE 1_PINPOINT STRATEGIC SAVERS_Run of Network_Geo_F25-54_300 x 250_Standard_NV_NA",204483457,10/14/2017,2506,32,2474,1724,750,87,663,326,337,1811,890,1216
TJN_TJX_TJMaxx 2H DIG_FY18,NBC Universal Media,PK2KJY_TJN_TJX_028_Content_NBCUNI.COM_BAF_BS2_DSK_DIR_VID_SPN_ROS_BTG_CTG_MOA_THIS IS US SPONSORSHIP: DESKTOP - VIGNETTE 3_Run of Site_Behavioral_F25-54_1920 x 1080_Click and View_NV_NA,205659768,10/11/2017,273677,1971,271706,271706,0,0,0,0,0,271706,177288,177288
TJN_TJX_TJMaxx 2H DIG_FY18,Viant,"PK2X7B_TJN_TJX_028_Data_VIANT INC_DSI_SV1_TWB_DIR_RCH_TRG_INT_BTG_CTG_DVY_PHASE 1_VIANT IMP, W25-54 STRATEGIC SAVERS, CONTOBOX - Honeycomb_Fixed Placement_Behavioral_F25-54_300 x 250_Click and View_NV_NA",205687939,9/30/2017,17350,132,17218,4,17214,4046,13168,8606,4562,4050,2647,11253
TJN_TJX_TJMaxx 2H DIG_FY18,Viant,"PK2V4X_TJN_TJX_028_Data_VIANT INC_DSI_SV1_DSK_DIR_RCH_TRG_INT_BTG_CTG_DVY_PHASE 1_VIANT IMP, W25-54 STRATEGIC SAVERS, CONTOBOX - Fall Homes_Fixed Placement_Behavioral_F25-54_300 x 250_Click and View_NV_NA",205688458,10/5/2017,4328,57,4271,4,4267,443,3824,1562,2262,447,183,1745
TJN_MAR_023_Marshalls 2H Digital_F18,xAd Inc.,PJQ0YJ_TJN_MAR_023_Mobile_GROUND TRUTH FKA XAD_DST_SV1_MAP_DIR_DSP_TRG_RON_BTG_PXT_DVY_MARSHALLS SHOPPERS - DYNAMIC DISTANCE_Run of Network_Geo_F25-54_320 x 50_Click and View_NV_NA,204595911,9/13/2017,11620,174,11446,5223,6223,263,5960,4721,1239,5486,2680,7401
TJN_TJX_TJMaxx 2H DIG_FY18,Hulu,PK3CRZ_TJN_TJX_027_Content_HULU_BAF_BS2_DSK_DIR_VID_SPN_CHS_CTG_CTG_DVY_FALL TV SPONSORSHIP: VIDEO COMMERCIAL - DESKTOP_FEP_Contextual_F25-54_1920 x 1080_Standard_NV_NA,205727706,10/15/2017,10467,130,10337,10337,0,0,0,0,0,10337,6828,6828
TJN_MAR_023_Marshalls 2H Digital_F18,Bustle,PK5G43_TJN_MAR_023_Content_BUSTLE_RON - Bustle & Elite Daily - Panoramic Unit_Run of Network_Contextual_F25-54_1 x 1_Click and View_NV_NA,206309983,10/16/2017,101716,1906,99810,1295,98515,89895,8620,3128,5492,91190,33091,36219
TJN_TJX_TJMaxx 2H DIG_FY18,Viant,PJPXKS_TJN_TJX_028_Data_VIANT INC_DSI_SV1_DSK_DIR_DSP_TRG_RON_BTG_CTG_DVY_PHASE 1_DESKTOP DISPLAY VIANT IMP TARGETING - STRATEGIC SAVERS AV_Fixed Placement_Demo_F25-54_160 x 600_Standard_NV_NA,204477475,9/16/2017,5,3,2,0,2,1,1,1,0,1,1,2
TJN_TJX_TJMaxx 2H DIG_FY18,Viant,"PJNSHG_TJN_TJX_028_Data_VIANT INC_DSI_SV1_DSK_DIR_DSP_TRG_RON_BTG_CTG_DVY_PHASE 1_VIANT DIRECT MATCH RETAIL, COMPETITIVE CONQUESTING, DISPLAY_Fixed Placement_Behavioral_F25-54_728 x 90_Standard_NV_NA",204478490,9/16/2017,5467,13,5454,0,5454,195,5259,4747,512,195,176,4923
TJN_TJX_TJMaxx 2H DIG_FY18,Foursquare,"PJMQ2D_TJN_TJX_028_Audience_FOURSQUARE LABS, INC_DST_SV1_MAP_PRO_DSP_TRG_RON_PXT_BTG_DVY_PHASE 1_PINPOINT STRATEGIC SAVERS_Run of Network_Geo_F25-54_300 x 250_Standard_NV_NA",204483457,9/14/2017,27706,3754,23952,7050,16902,4559,12343,4468,7875,11609,4202,8670
TJN_MAR_023_Marshalls 2H Digital_F18,xAd Inc.,PJQ0YJ_TJN_MAR_023_Mobile_GROUND TRUTH FKA XAD_DST_SV1_MAP_DIR_DSP_TRG_RON_BTG_PXT_DVY_MARSHALLS SHOPPERS - DYNAMIC DISTANCE_Run of Network_Geo_F25-54_320 x 50_Click and View_NV_NA,204595911,10/13/2017,8369,120,8249,2967,5282,95,5187,3805,1382,3062,2250,6055
TJN_TJX_TJMaxx 2H DIG_FY18,Viant,"PJSPCD_TJN_TJC_031_Data_VIANT INC_PUR_ROI_DSK_DIR_DSP_TRG_RON_BTG_MKT_DVY_W25-54 + ONLINE SHOPPERS, CROSS DEVICE DISPLAY_Fixed Placement_Behavioral_F25-54_728 x 90_Click_NV_NA",204733044,10/8/2017,6025,50,5975,0,5975,134,5841,5138,703,134,118,5256
TJN_TJX_TJMaxx 2H DIG_FY18,Viant,"PK2X7D_TJN_TJX_028_Data_VIANT INC_DSI_SV1_TWB_DIR_RCH_TRG_INT_BTG_CTG_DVY_PHASE 1_VIANT IMP, W25-54 STRATEGIC SAVERS, CONTOBOX - Honeycomb_Fixed Placement_Behavioral_F25-54_728 x 90_Click and View_NV_NA",205727832,9/28/2017,15,8,7,3,4,0,4,4,0,3,3,7
TJN_TJX_TJMaxx 2H DIG_FY18,Viant,"PK2X7K_TJN_TJX_028_Data_VIANT INC_DSI_SV1_DSK_DIR_RCH_TRG_INT_BTG_CTG_DVY_PHASE 1_VIANT IMP, W25-54 STRATEGIC SAVERS, CONTOBOX - Honeycomb_Fixed Placement_Behavioral_F25-54_160 x 600_Click and View_NV_NA",205726917,10/6/2017,28,6,22,2,20,2,18,3,15,4,1,4
TJN_TJX_TJMaxx 2H DIG_FY18,xAd Inc.,PJMTN3_TJN_TJX_028_Mobile_GROUND TRUTH FKA XAD_DST_SV1_MAP_DIR_DSP_TRG_RON_RTG_RTG_DVY_PHASE 1_LOCATION AUDIENCE COMPETITIVE CONQUESTING PLACEMENT - STANDARD BANNER - Maxx You Maxx Life_Run of Network_Retarget_F25-54_320 x 50_Click and View_NV_NA,204442933,10/15/2017,7928,111,7817,2993,4824,1088,3736,2827,909,4081,2878,5705
TJN_TJX_TJMaxx 2H DIG_FY18,Foursquare,"PJPSSY_TJN_TJX_028_Audience_FOURSQUARE LABS, INC_DST_SV1_MAP_PRO_RCH_TRG_RON_PXT_BTG_DVY_PHASE 1_MOBILE RICH MEDIA TRENDSETTERS - Find A TJ Maxx Store_Run of Network_Geo_F25-54_320 x 50_Standard_NV_NA",204527598,10/2/2017,84964,1933,83031,57366,25665,2302,23363,16453,6910,59668,42020,58473
TJN_TJX_TJMaxx 2H DIG_FY18,Viant,"PKGJ3N_TJN_TJC_031_Data_VIANT INC_PUR_ROI_TWB_DIR_CUS_TRG_NAT_BTG_MKT_DVY_W25-54 + KEYWORD TARGETING, CROSS DEVICE NATIVE - Booties_Fixed Placement_Contextual_F25-54_1 x 1_Click_NV_NA",206833311,10/19/2017,8705,93,8612,8612,0,0,0,0,0,8612,6756,6756
TJN_MAR_023_Marshalls 2H Digital_F18,xAd Inc.,PJQ0YF_TJN_MAR_023_Mobile_GROUND TRUTH FKA XAD_DST_SV1_MAP_DIR_RCH_TRG_RON_WEA_PXT_DVY_PROXIMITY CONQUESTING - WEATHER LOCATOR UNIT_Run of Network_Weather_F25-54_300 x 250_Click and View_NV_NA,204596913,9/24/2017,257,2,255,5,250,79,171,163,8,84,80,243
TJN_TJX_TJMaxx 2H DIG_FY18,Foursquare,"PJYHWD_TJN_TJX_028_Audience_FOURSQUARE LABS, INC_DST_SV1_MAP_PRO_DSP_TRG_RON_PXT_BTG_DVY_PHASE 1_PINPOINT COMPETITIVE CONQUESTING_Run of Network_Geo_F25-54_300 x 250_Standard_NV_NA",205235284,9/19/2017,7162,822,6340,2632,3708,412,3296,1623,1673,3044,1499,3122
TJN_TJX_TJMaxx 2H DIG_FY18,Foursquare,"PJPSSY_TJN_TJX_028_Audience_FOURSQUARE LABS, INC_DST_SV1_MAP_PRO_RCH_TRG_RON_PXT_BTG_DVY_PHASE 1_MOBILE RICH MEDIA TRENDSETTERS - Find A TJ Maxx Store_Run of Network_Geo_F25-54_320 x 50_Standard_NV_NA",204527598,9/23/2017,66136,1517,64619,45431,19188,1761,17427,12672,4755,47192,34316,46988
TJN_TJX_TJMaxx 2H DIG_FY18,xAd Inc.,PJMTNR_TJN_TJX_028_Mobile_GROUND TRUTH FKA XAD_DST_SV1_MAP_DIR_RCH_TRG_RON_BTG_BTG_DVY_PHASE 1_BEHAVIORAL AUDIENCE STRATEGIC SAVERS PLACEMENT - RICH MEDIA STORE LOCATOR - Fall Handbag_Run of Network_Behavioral_F25-54_300 x 250_Click and View_NV_NA,204442108,10/17/2017,4,1,3,0,3,0,3,2,1,0,0,2
TJN_TJX_TJMaxx 2H DIG_FY18,Viant,"PK2X7F_TJN_TJX_028_Data_VIANT INC_DSI_SV1_DSK_DIR_RCH_TRG_INT_BTG_CTG_DVY_PHASE 1_VIANT IMP, W25-54 STRATEGIC SAVERS, CONTOBOX - Honeycomb_Fixed Placement_Behavioral_F25-54_728 x 90_Click and View_NV_NA",205727841,10/7/2017,6488,77,6411,2,6409,287,6122,1876,4246,289,89,1965
TJN_MAR_023_Marshalls 2H Digital_F18,NinthDecimal,PJPSRS_TJN_MAR_023_Mobile_NINTHDECIMAL_DST_SV1_MAP_DIR_RCH_TRG_RON_PXT_DMA_DVY_GEOFENCE: 5-10-MILE RADIUS AROUND SUBURBAN STORES_Run of Network_Geo_F25-54_320 x 50_Click and View_NV_NA,204541748,10/19/2017,181934,3762,178172,77484,100688,631,100057,97498,2559,78115,76117,173615
TJN_TJX_TJMaxx 2H DIG_FY18,Conversant Inc.,PJPTLQ_TJN_TJC_031_Audience_CONVERSANT_PUR_ROI_DSK_NET_DSP_TRG_RON_BTG_BTG_DVY_DESKTOP MEDIUM RECTANGLE- TRENDSETTERS_Run of Site_Other_P18+_300 x 250_Standard_NV_NA,204446138,10/2/2017,2,0,2,0,2,0,2,0,2,0,0,0
TJN_TJX_TJMaxx 2H DIG_FY18,xAd Inc.,PJMTN5_TJN_TJX_028_Mobile_GROUND TRUTH FKA XAD_DST_SV1_MAP_DIR_RCH_TRG_RON_BTG_BTG_DVY_PHASE 1_BEHAVIORAL AUDIENCE TRENDSETTERS PLACEMENT - RICH MEDIA STORE LOCATOR - TJ Maxx_Run of Network_Behavioral_F25-54_320 x 50_Click and View_NV_NA,204442936,10/21/2017,3,1,2,2,0,0,0,0,0,2,2,2
TJN_TJX_TJMaxx 2H DIG_FY18,Viant,"PJSPBT_TJN_TJC_031_Data_VIANT INC_PUR_ROI_MWB_DIR_DSP_TRG_RON_BTG_MKT_DVY_DETERMINSTIC LAL OF ECOM CONVERTERS, CROSS DEVICE DISPLAY_Fixed Placement_Behavioral_F25-54_300 x 250_Click_NV_NA",204732642,10/19/2017,24,11,13,0,13,1,12,8,4,1,1,9
TJN_MAR_023_Marshalls 2H Digital_F18,xAd Inc.,PJQ0YC_TJN_MAR_023_Mobile_GROUND TRUTH FKA XAD_DST_SV1_MAP_DIR_DSP_TRG_RON_PXT_BTG_DVY_PROXIMITY CONQUESTING - DYNAMIC DISTANCE_Run of Network_Geo_F25-54_300 x 250_Click and View_NV_NA,204595923,10/13/2017,14173,602,13571,13571,0,0,0,0,0,13571,3393,3393
TJN_MAR_023_Marshalls 2H Digital_F18,NinthDecimal,PJPSRW_TJN_MAR_023_Mobile_NINTHDECIMAL_DST_SV1_MAP_DIR_RCH_TRG_RON_BTG_PXT_DVY_LOCATION GRAPH: TJX FAMILY LOYALISTS_Run of Network_Behavioral_F25-54_320 x 50_Click and View_NV_NA,204541739,9/28/2017,15250,318,14932,6715,8217,27,8190,7936,254,6742,6533,14469
TJN_MAR_023_Marshalls 2H Digital_F18,xAd Inc.,PJQ0YN_TJN_MAR_023_Mobile_GROUND TRUTH FKA XAD_DST_SV1_MAP_DIR_DSP_TRG_RON_PXT_BTG_DVY_GEOBLOCKS LOYALTY - DYNAMIC DISTANCE_Run of Network_Geo_F25-54_320 x 50_Click and View_NV_NA,204558328,9/9/2017,19075,259,18816,9855,8961,4995,3966,2880,1086,14850,10341,13221
TJN_TJX_TJMaxx 2H DIG_FY18,xAd Inc.,PKF8TR_TJN_TJX_028_Mobile_GROUND TRUTH FKA XAD_DST_SV1_MAP_DIR_RCH_TRG_RON_PXT_PXT_DVY_PHASE 1_PROXIMITY LOYALTY PLACEMENT - RICH MEDIA STORE LOCATOR - Booties_Run of Network_Geo_F25-54_300 x 250_Click and View_NV_NA,206832813,10/19/2017,5400,66,5334,58,5276,14,5262,4930,332,72,67,4997
TJN_TJX_TJMaxx 2H DIG_FY18,Foursquare,"PJPRVH_TJN_TJX_028_Audience_FOURSQUARE LABS, INC_DST_SV1_MAP_PRO_DSP_TRG_RON_PXT_BTG_DVY_PHASE 1_PINPOINT COMPETITIVE CONQUESTING AV_Run of Network_Geo_F25-54_320 x 50_Standard_NV_NA",204478088,9/24/2017,3719,128,3591,2056,1535,51,1484,1198,286,2107,1701,2899
TJN_MAR_023_Marshalls 2H Digital_F18,xAd Inc.,PJQ0YN_TJN_MAR_023_Mobile_GROUND TRUTH FKA XAD_DST_SV1_MAP_DIR_DSP_TRG_RON_PXT_BTG_DVY_GEOBLOCKS LOYALTY - DYNAMIC DISTANCE_Run of Network_Geo_F25-54_320 x 50_Click and View_NV_NA,204558328,10/21/2017,31733,421,31312,29968,1344,330,1014,843,171,30298,23384,24227
TJN_TJX_TJMaxx 2H DIG_FY18,Conversant Inc.,PJPTLM_TJN_TJC_031_Audience_CONVERSANT_PUR_ROI_MAP_NET_DSP_TRG_RON_BTG_BTG_DVY_SMARTPHONE SMALL BANNER - TRENDSETTERS_Run of Site_Other_P18+_320 x 50_Standard_NV_NA,204447785,10/8/2017,23653,452,23201,0,23201,4466,18735,15065,3670,4466,3591,18656
TJN_TJX_TJMaxx 2H DIG_FY18,xAd Inc.,PJMTN8_TJN_TJX_028_Mobile_GROUND TRUTH FKA XAD_DST_SV1_MAP_DIR_DSP_TRG_RON_BTG_BTG_DVY_PHASE 1_BEHAVIORAL AUDIENCE STRATEGIC SAVERS PLACEMENT - STANDARD BANNER - Maxx You Maxx Life_Run of Network_Behavioral_F25-54_320 x 50_Click and View_NV_NA,204447851,10/18/2017,14137,142,13995,3378,10617,179,10438,7720,2718,3557,2631,10351
TJN_MAR_023_Marshalls 2H Digital_F18,xAd Inc.,PJQ0YC_TJN_MAR_023_Mobile_GROUND TRUTH FKA XAD_DST_SV1_MAP_DIR_DSP_TRG_RON_PXT_BTG_DVY_PROXIMITY CONQUESTING - DYNAMIC DISTANCE_Run of Network_Geo_F25-54_300 x 250_Click and View_NV_NA,204595923,9/13/2017,12287,1224,11063,11043,20,2,18,3,15,11045,1840,1843
TJN_TJX_TJMaxx 2H DIG_FY18,PlaceIQ,PK1YGX_TJN_TJX_028_Mobile_PLACEIQ INC_DST_SV1_MAP_DIR_DSP_TRG_RON_BTG_PXT_DVY_PHASE 1_STANDARD BANNER_TRENDSETTERS_APPROVAL SEEKING SHOPPERS+LIVE OR WORK BY TJMAXX - TJ Maxx_Run of Network_Behavioral_F25-54_320 x 50_Click and View_NV_NA,205563545,10/17/2017,28776,674,28102,11707,16395,202,16193,16035,158,11909,11793,27828
TJN_TJX_TJMaxx 2H DIG_FY18,Conversant Inc.,PJPTMM_TJN_TJC_031_Audience_CONVERSANT_PUR_ROI_MAP_NET_DSP_TRG_RON_BTG_BTG_DVY_SMARTPHONE SMALL BANNER - COMPETITIVE CONQUESTING_Run of Site_Other_P18+_320 x 50_Standard_NV_NA,204483939,10/10/2017,54277,706,53571,12,53559,6875,46684,35299,11385,6887,5207,40506
TJN_TJX_TJMaxx 2H DIG_FY18,xAd Inc.,PJMTN5_TJN_TJX_028_Mobile_GROUND TRUTH FKA XAD_DST_SV1_MAP_DIR_RCH_TRG_RON_BTG_BTG_DVY_PHASE 1_BEHAVIORAL AUDIENCE TRENDSETTERS PLACEMENT - RICH MEDIA STORE LOCATOR - TJ Maxx_Run of Network_Behavioral_F25-54_320 x 50_Click and View_NV_NA,204442936,9/9/2017,3,0,3,2,1,1,0,0,0,3,3,3
TJN_MAR_023_Marshalls 2H Digital_F18,xAd Inc.,PJQ0YQ_TJN_MAR_023_Mobile_GROUND TRUTH FKA XAD_DST_SV1_MAP_DIR_DSP_TRG_RON_PXT_BTG_DVY_GEOBLOCKS CONQUESTING - DYNAMIC DISTANCE_Run of Network_Geo_F25-54_320 x 50_Click and View_NV_NA,204595632,9/8/2017,18307,424,17883,12956,4927,3363,1564,1393,171,16319,8773,10166
TJN_TJX_TJMaxx 2H DIG_FY18,xAd Inc.,PJYDBR_TJN_TJX_028_Mobile_GROUND TRUTH FKA XAD_DST_SV1_MAP_DIR_RCH_TRG_RON_BTG_BTG_DVY_PHASE 1_BEHAVIORAL AUDIENCE TRENDSETTERS PLACEMENT - RICH MEDIA STORE LOCATOR - Maxx You Maxx Life_Run of Network_Behavioral_F25-54_320 x 50_Click and View_NV_NA,205145234,10/19/2017,10,3,7,5,2,0,2,2,0,5,5,7
TJN_TJX_TJMaxx 2H DIG_FY18,Viant,"PJNSH7_TJN_TJX_028_Data_VIANT INC_DSI_SV1_MWB_DIR_DSP_TRG_RON_BTG_CTG_DVY_PHASE 1_VIANT DIRECT MATCH RETAIL, COMPETITIVE CONQUESTING, DISPLAY_Fixed Placement_Behavioral_F25-54_320 x 50_Standard_NV_NA",204477565,9/30/2017,28497,425,28072,1,28071,1545,26526,22610,3916,1546,1318,23928
TJN_TJX_TJMaxx 2H DIG_FY18,xAd Inc.,PJPXK1_TJN_TJX_028_Mobile_GROUND TRUTH FKA XAD_DST_SV1_MAP_DIR_DSP_TRG_RON_PXT_PXT_DVY_PHASE 1_PROXIMITY LOYALTY PLACEMENT - STANDARD BANNER - TJMaxx_Run of Network_Geo_F25-54_320 x 50_Click and View_NV_NA,204483996,10/2/2017,2,0,2,2,0,0,0,0,0,2,1,1
TJN_TJX_TJMaxx 2H DIG_FY18,xAd Inc.,PJMTMQ_TJN_TJX_028_Mobile_GROUND TRUTH FKA XAD_DST_SV1_MAP_DIR_RCH_TRG_RON_PXT_PXT_DVY_PHASE 1_PROXIMITY LOYALTY PLACEMENT - RICH MEDIA STORE LOCATOR - TJ Maxx_Run of Network_Geo_F25-54_320 x 50_Click and View_NV_NA,204442090,9/6/2017,102172,1691,100481,67663,32818,456,32362,30977,1385,68119,65203,96180
TJN_TJX_TJMaxx 2H DIG_FY18,Conversant Inc.,PJPTMP_TJN_TJC_031_Audience_CONVERSANT_PUR_ROI_DSK_NET_DSP_TRG_RON_BTG_BTG_DVY_DESKTOP LEADERBOARD- COMPETITIVE CONQUESTING_Run of Site_Other_P18+_728 x 90_Standard_NV_NA,204443389,10/2/2017,3,0,3,0,3,0,3,2,1,0,0,2
TJN_TJX_TJMaxx 2H DIG_FY18,xAd Inc.,PJMTN0_TJN_TJX_028_Mobile_GROUND TRUTH FKA XAD_DST_SV1_MAP_DIR_DSP_TRG_RON_RTG_RTG_DVY_PHASE 1_LOCATION AUDIENCE TJX SHOPPERS PLACEMENT - STANDARD BANNER - Fall Handbag_Run of Network_Retarget_F25-54_300 x 250_Click and View_NV_NA,204447842,10/7/2017,5906,94,5812,5430,382,5,377,362,15,5435,5219,5581
TJN_TJX_TJMaxx 2H DIG_FY18,Viant,"PJNSH9_TJN_TJX_028_Data_VIANT INC_DSI_SV1_TWB_DIR_DSP_TRG_RON_BTG_CTG_DVY_PHASE 1_VIANT DIRECT MATCH RETAIL, COMPETITIVE CONQUESTING, DISPLAY_Fixed Placement_Behavioral_F25-54_300 x 250_Standard_NV_NA",204526701,10/18/2017,13048,52,12996,0,12996,2504,10492,7550,2942,2504,1802,9352
TJN_TJX_TJMaxx 2H DIG_FY18,Conversant Inc.,PJNPMC_TJN_TJC_031_Audience_CONVERSANT_PUR_ROI_TAP_NET_DSP_TRG_RON_BTG_BTG_DVY_TABLET LEADERBOARD- STRATEGIC SAVERS_Run of Site_Other_P18+_728 x 90_Standard_NV_NA,204442918,10/5/2017,1050,8,1042,0,1042,176,866,322,544,176,65,387
TJN_TJX_TJMaxx 2H DIG_FY18,xAd Inc.,PJPXK1_TJN_TJX_028_Mobile_GROUND TRUTH FKA XAD_DST_SV1_MAP_DIR_DSP_TRG_RON_PXT_PXT_DVY_PHASE 1_PROXIMITY LOYALTY PLACEMENT - STANDARD BANNER - TJMaxx_Run of Network_Geo_F25-54_320 x 50_Click and View_NV_NA,204483996,9/23/2017,43568,787,42781,21215,21566,7854,13712,10840,2872,29069,21659,32499
TJN_TJX_TJMaxx 2H DIG_FY18,Conversant Inc.,PJPWPB_TJN_TJX_028_Audience_CONVERSANT_DST_SV1_DSK_NET_DSP_TRG_RON_BTG_BTG_DVY_PHASE 1_ DESKTOP RECTANGLE - CONVERSANT SHOPPERS AV_Run of Site_Behavioral_P18+_300 x 600_Standard_NV_NA,204447254,9/16/2017,89,10,79,0,79,27,52,17,35,27,9,26
TJN_TJX_TJMaxx 2H DIG_FY18,Foursquare,"PJYHWF_TJN_TJX_028_Audience_FOURSQUARE LABS, INC_DST_SV1_MAP_PRO_DSP_TRG_RON_PXT_BTG_DVY_PHASE 1_PINPOINT COMPETITIVE CONQUESTING_Run of Network_Geo_F25-54_320 x 50_Standard_NV_NA",205183220,10/4/2017,111474,11272,100202,69517,30685,1206,29479,23936,5543,70723,57425,81361
TJN_TJX_TJMaxx 2H DIG_FY18,xAd Inc.,PJMTMZ_TJN_TJX_028_Mobile_GROUND TRUTH FKA XAD_DST_SV1_MAP_DIR_DSP_TRG_RON_RTG_RTG_DVY_PHASE 1_LOCATION AUDIENCE TJX SHOPPERS PLACEMENT - STANDARD BANNER - Maxx You Maxx Life_Run of Network_Retarget_F25-54_320 x 50_Click and View_NV_NA,204484011,10/7/2017,9565,86,9479,4980,4499,189,4310,3470,840,5169,4123,7593
TJN_TJX_TJMaxx 2H DIG_FY18,Conversant Inc.,PJPWPF_TJN_TJX_028_Audience_CONVERSANT_DST_SV1_TAP_NET_DSP_TRG_RON_BTG_BTG_DVY_PHASE 1_ TABLET LEADERBOARD - CONVERSANT SHOPPERS AV_Run of Site_Behavioral_P18+_728 x 90_Standard_NV_NA,204442915,10/21/2017,590,10,580,0,580,135,445,223,222,135,68,291
TJN_MAR_023_Marshalls 2H Digital_F18,NinthDecimal,PJPSRS_TJN_MAR_023_Mobile_NINTHDECIMAL_DST_SV1_MAP_DIR_RCH_TRG_RON_PXT_DMA_DVY_GEOFENCE: 5-10-MILE RADIUS AROUND SUBURBAN STORES_Run of Network_Geo_F25-54_320 x 50_Click and View_NV_NA,204541748,10/9/2017,34633,561,34072,12819,21253,117,21136,20655,481,12936,12642,33297
TJN_TJX_TJMaxx 2H DIG_FY18,xAd Inc.,PJPXJS_TJN_TJX_028_Mobile_GROUND TRUTH FKA XAD_DST_SV1_MAP_DIR_DSP_TRG_RON_RTG_RTG_DVY_PHASE 1_LOCATION AUDIENCE COMPETITIVE CONQUESTING PLACEMENT - STANDARD BANNER - Fall Hero_Run of Network_Retarget_F25-54_300 x 250_Click and View_NV_NA,204446153,9/12/2017,13029,219,12810,12799,11,0,11,5,6,12799,5818,5823
TJN_TJX_TJMaxx 2H DIG_FY18,xAd Inc.,PJMTMZ_TJN_TJX_028_Mobile_GROUND TRUTH FKA XAD_DST_SV1_MAP_DIR_DSP_TRG_RON_RTG_RTG_DVY_PHASE 1_LOCATION AUDIENCE TJX SHOPPERS PLACEMENT - STANDARD BANNER - Maxx You Maxx Life_Run of Network_Retarget_F25-54_320 x 50_Click and View_NV_NA,204484011,9/8/2017,37763,683,37080,2188,34892,28317,6575,5088,1487,30505,23579,28667
TJN_TJX_TJMaxx 2H DIG_FY18,Viant,"PJNSHC_TJN_TJX_028_Data_VIANT INC_DSI_SV1_DSK_DIR_DSP_TRG_RON_BTG_CTG_DVY_PHASE 1_VIANT DIRECT MATCH RETAIL, COMPETITIVE CONQUESTING, DISPLAY_Fixed Placement_Behavioral_F25-54_300 x 250_Standard_NV_NA",204478655,9/15/2017,1994,145,1849,0,1849,229,1620,1318,302,229,186,1504
TJN_MAR_023_Marshalls 2H Digital_F18,xAd Inc.,PJQ0YP_TJN_MAR_023_Mobile_GROUND TRUTH FKA XAD_DST_SV1_MAP_DIR_DSP_TRG_RON_PXT_BTG_DVY_GEOBLOCKS LOYALTY - DYNAMIC DISTANCE_Run of Network_Geo_F25-54_300 x 250_Click and View_NV_NA,204537983,9/26/2017,9404,1295,8109,8043,66,5,61,26,35,8048,3421,3447
TJN_TJX_TJMaxx 2H DIG_FY18,Viant,"PJNSGQ_TJN_TJX_028_Data_VIANT INC_DSI_SV1_MWB_DIR_DSP_TRG_RON_BTG_CTG_DVY_PHASE 1_VIANT DIRECT MATCH RETAIL, TJX PORFOLIO LOYALISTS, DISPLAY_Fixed Placement_Behavioral_F25-54_300 x 250_Standard_NV_NA",204482395,9/18/2017,1196,15,1181,0,1181,188,993,706,287,188,134,840
TJN_TJX_TJMaxx 2H DIG_FY18,xAd Inc.,PJPXK2_TJN_TJX_028_Mobile_GROUND TRUTH FKA XAD_DST_SV1_MAP_DIR_DSP_TRG_RON_PXT_PXT_DVY_PHASE 1_PROXIMITY LOYALTY PLACEMENT - STANDARD BANNER - Fall Hero_Run of Network_Geo_F25-54_300 x 250_Click and View_NV_NA,204442945,9/16/2017,10303,216,10087,10002,85,27,58,9,49,10029,1556,1565
TJN_MAR_023_Marshalls 2H Digital_F18,xAd Inc.,PJQ0YC_TJN_MAR_023_Mobile_GROUND TRUTH FKA XAD_DST_SV1_MAP_DIR_DSP_TRG_RON_PXT_BTG_DVY_PROXIMITY CONQUESTING - DYNAMIC DISTANCE_Run of Network_Geo_F25-54_300 x 250_Click and View_NV_NA,204595923,9/19/2017,7995,230,7765,7763,2,0,2,0,2,7763,0,0
TJN_TJX_TJMaxx 2H DIG_FY18,Foursquare,"PJPRVH_TJN_TJX_028_Audience_FOURSQUARE LABS, INC_DST_SV1_MAP_PRO_DSP_TRG_RON_PXT_BTG_DVY_PHASE 1_PINPOINT COMPETITIVE CONQUESTING AV_Run of Network_Geo_F25-54_320 x 50_Standard_NV_NA",204478088,9/22/2017,2517,157,2360,1643,717,21,696,600,96,1664,1434,2034
TJN_TJX_TJMaxx 2H DIG_FY18,Viant,"PJNSH8_TJN_TJX_028_Data_VIANT INC_DSI_SV1_TWB_DIR_DSP_TRG_RON_BTG_CTG_DVY_PHASE 1_VIANT DIRECT MATCH RETAIL, COMPETITIVE CONQUESTING, DISPLAY_Fixed Placement_Behavioral_F25-54_728 x 90_Standard_NV_NA",204483019,9/8/2017,245,54,191,0,191,28,163,142,21,28,24,166
TJN_TJX_TJMaxx 2H DIG_FY18,xAd Inc.,PJMTN0_TJN_TJX_028_Mobile_GROUND TRUTH FKA XAD_DST_SV1_MAP_DIR_DSP_TRG_RON_RTG_RTG_DVY_PHASE 1_LOCATION AUDIENCE TJX SHOPPERS PLACEMENT - STANDARD BANNER - Fall Handbag_Run of Network_Retarget_F25-54_300 x 250_Click and View_NV_NA,204447842,9/8/2017,12852,839,12013,11999,14,2,12,9,3,12001,9001,9010
TJN_TJX_TJMaxx 2H DIG_FY18,Foursquare,"PJPSSY_TJN_TJX_028_Audience_FOURSQUARE LABS, INC_DST_SV1_MAP_PRO_RCH_TRG_RON_PXT_BTG_DVY_PHASE 1_MOBILE RICH MEDIA TRENDSETTERS - Find A TJ Maxx Store_Run of Network_Geo_F25-54_320 x 50_Standard_NV_NA",204527598,10/3/2017,39519,1040,38479,29889,8590,1385,7205,5325,1880,31274,23114,28439
TJN_TJX_TJMaxx 2H DIG_FY18,NBC Universal Media,PK2LGT_TJN_TJX_028_Content_NBCUNI.COM_BAF_BS2_DSK_DIR_DSP_SPN_HPT_CTG_CTG_DCM_100% SOV NBC THIS IS US ROADBLOCK 9/26 - 300X250 DESKTOP_HP Takeover_Contextual_F25-54_300 x 250_Standard_NV_NA,205566905,9/25/2017,9,8,1,0,1,0,1,1,0,0,0,1
TJN_TJX_TJMaxx 2H DIG_FY18,Conversant Inc.,PJPTMH_TJN_TJC_031_Audience_CONVERSANT_PUR_ROI_TAP_NET_DSP_TRG_RON_BTG_BTG_DVY_TABLET LEADERBOARD- COMPETITIVE CONQUESTING_Run of Site_Other_P18+_728 x 90_Standard_NV_NA,204483936,10/18/2017,131,1,130,0,130,25,105,54,51,25,13,67
TJN_TJX_TJMaxx 2H DIG_FY18,xAd Inc.,PJPXK1_TJN_TJX_028_Mobile_GROUND TRUTH FKA XAD_DST_SV1_MAP_DIR_DSP_TRG_RON_PXT_PXT_DVY_PHASE 1_PROXIMITY LOYALTY PLACEMENT - STANDARD BANNER - TJMaxx_Run of Network_Geo_F25-54_320 x 50_Click and View_NV_NA,204483996,10/1/2017,2,0,2,2,0,0,0,0,0,2,1,1
TJN_TJX_TJMaxx 2H DIG_FY18,Foursquare,"PKFMKW_TJN_TJX_028_Audience_FOURSQUARE LABS, INC_DST_SV1_MAP_PRO_RCH_TRG_RON_PXT_BTG_DVY_PHASE 1_MOBILE RICH MEDIA TRENDSETTERS - Booties_Run of Network_Geo_F25-54_300 x 250_Standard_NV_NA",206833557,10/21/2017,335,3,332,250,82,21,61,25,36,271,111,136
TJN_MAR_023_Marshalls 2H Digital_F18,xAd Inc.,PJQ0YQ_TJN_MAR_023_Mobile_GROUND TRUTH FKA XAD_DST_SV1_MAP_DIR_DSP_TRG_RON_PXT_BTG_DVY_GEOBLOCKS CONQUESTING - DYNAMIC DISTANCE_Run of Network_Geo_F25-54_320 x 50_Click and View_NV_NA,204595632,10/7/2017,9595,156,9439,7840,1599,49,1550,1141,409,7889,5807,6948
TJN_TJX_TJMaxx 2H DIG_FY18,Viant,"PK2X7B_TJN_TJX_028_Data_VIANT INC_DSI_SV1_TWB_DIR_RCH_TRG_INT_BTG_CTG_DVY_PHASE 1_VIANT IMP, W25-54 STRATEGIC SAVERS, CONTOBOX - Honeycomb_Fixed Placement_Behavioral_F25-54_300 x 250_Click and View_NV_NA",205687939,10/16/2017,81,3,78,0,78,4,74,40,34,4,2,42
TJN_MAR_023_Marshalls 2H Digital_F18,xAd Inc.,PJQ0YK_TJN_MAR_023_Mobile_GROUND TRUTH FKA XAD_DST_SV1_MAP_DIR_DSP_TRG_RON_BTG_PXT_DVY_MARSHALLS SHOPPERS - DYNAMIC DISTANCE_Run of Network_Geo_F25-54_300 x 250_Click and View_NV_NA,204543440,10/5/2017,9799,323,9476,9476,0,0,0,0,0,9476,9476,9476
TJN_TJX_TJMaxx 2H DIG_FY18,xAd Inc.,PJMTNB_TJN_TJX_028_Mobile_GROUND TRUTH FKA XAD_DST_SV1_MAP_DIR_DSP_TRG_RON_BTG_BTG_DVY_PHASE 1_BEHAVIORAL AUDIENCE TRENDSETTERS PLACEMENT - STANDARD BANNER - Fall Handbag_Run of Network_Behavioral_F25-54_300 x 250_Click and View_NV_NA,204447833,10/20/2017,7658,199,7459,7458,1,0,1,1,0,7458,7458,7459
TJN_TJX_TJMaxx 2H DIG_FY18,xAd Inc.,PJYDBV_TJN_TJX_028_Mobile_GROUND TRUTH FKA XAD_DST_SV1_MAP_DIR_RCH_TRG_RON_BTG_BTG_DVY_PHASE 1_BEHAVIORAL AUDIENCE STRATEGIC SAVERS PLACEMENT - RICH MEDIA STORE LOCATOR - Maxx You Maxx Life_Run of Network_Behavioral_F25-54_320 x 50_Click and View_NV_NA,205148243,10/4/2017,9,1,8,6,2,2,0,0,0,8,6,6
TJN_MAR_023_Marshalls 2H Digital_F18,xAd Inc.,PJQ0YG_TJN_MAR_023_Mobile_GROUND TRUTH FKA XAD_DST_SV1_MAP_DIR_DSP_TRG_RON_BTG_DMA_DVY_BEHAVIORAL - FASHION SHOPPER - DYNAMIC DISTANCE_Run of Network_Behavioral_F25-54_320 x 50_Click and View_NV_NA,204557581,10/5/2017,129754,1594,128160,108239,19921,1359,18562,16107,2455,109598,95110,111217
TJN_TJX_TJMaxx 2H DIG_FY18,Foursquare,"PJPQKZ_TJN_TJX_028_Audience_FOURSQUARE LABS, INC_DST_SV1_MAP_PRO_DSP_TRG_RON_PXT_BTG_DVY_PHASE 1_PINPOINT TRENDSETTERS_Run of Network_Geo_F25-54_300 x 250_Standard_NV_NA",204481813,9/28/2017,6121,606,5515,2252,3263,171,3092,1290,1802,2423,1011,2301
TJN_TJX_TJMaxx 2H DIG_FY18,Conversant Inc.,PJNPLX_TJN_TJX_028_Audience_CONVERSANT_DST_SV1_DSK_NET_DSP_TRG_RON_BTG_BTG_DVY_PHASE 1_ DESKTOP RECTANGLE - CJ CONVERTERS LAL MODELING_Run of Site_Behavioral_P18+_300 x 600_Standard_NV_NA,204442894,10/16/2017,15672,1364,14308,4,14304,1704,12600,3931,8669,1708,533,4464
TJN_TJX_TJMaxx 2H DIG_FY18,Viant,"PJNSGV_TJN_TJX_028_Data_VIANT INC_DSI_SV1_DSK_DIR_DSP_TRG_RON_BTG_CTG_DVY_PHASE 1_VIANT DIRECT MATCH RETAIL, TJX PORFOLIO LOYALISTS, DISPLAY_Fixed Placement_Behavioral_F25-54_728 x 90_Standard_NV_NA",204478511,9/12/2017,4,0,4,0,4,0,4,4,0,0,0,4
TJN_TJX_TJMaxx 2H DIG_FY18,Hulu,PK3CXH_TJN_TJX_027_Content_HULU_BAF_BS2_DSK_DIR_CUS_SPN_CHS_CTG_CTG_DVY_FALL TV SPONSORSHIP: PREMIUM SLATE - DESKTOP_FEP_Contextual_F25-54_1920 x 1080_Standard_NV_NA,205683922,9/25/2017,2,0,2,2,0,0,0,0,0,2,1,1
TJN_TJX_TJMaxx 2H DIG_FY18,Foursquare,"PJMQ2D_TJN_TJX_028_Audience_FOURSQUARE LABS, INC_DST_SV1_MAP_PRO_DSP_TRG_RON_PXT_BTG_DVY_PHASE 1_PINPOINT STRATEGIC SAVERS_Run of Network_Geo_F25-54_300 x 250_Standard_NV_NA",204483457,9/5/2017,13718,3412,10306,5521,4785,1405,3380,1265,2115,6926,2592,3857
TJN_MAR_023_Marshalls 2H Digital_F18,NinthDecimal,PJPSRW_TJN_MAR_023_Mobile_NINTHDECIMAL_DST_SV1_MAP_DIR_RCH_TRG_RON_BTG_PXT_DVY_LOCATION GRAPH: TJX FAMILY LOYALISTS_Run of Network_Behavioral_F25-54_320 x 50_Click and View_NV_NA,204541739,9/14/2017,13327,402,12925,4254,8671,42,8629,8351,278,4296,4158,12509
TJN_TJX_TJMaxx 2H DIG_FY18,xAd Inc.,PKF499_TJN_TJX_028_Mobile_GROUND TRUTH FKA XAD_DST_SV1_MAP_DIR_DSP_TRG_RON_BTG_BTG_DVY_PHASE 1_BEHAVIORAL AUDIENCE TRENDSETTERS PLACEMENT - STANDARD BANNER - Booties_Run of Network_Behavioral_F25-54_300 x 250_Click and View_NV_NA,206832846,10/17/2017,3919,59,3860,2679,1181,6,1175,1120,55,2685,2559,3679
TJN_MAR_023_Marshalls 2H Digital_F18,NinthDecimal,PJPSRW_TJN_MAR_023_Mobile_NINTHDECIMAL_DST_SV1_MAP_DIR_RCH_TRG_RON_BTG_PXT_DVY_LOCATION GRAPH: TJX FAMILY LOYALISTS_Run of Network_Behavioral_F25-54_320 x 50_Click and View_NV_NA,204541739,10/14/2017,51459,529,50930,16109,34821,151,34670,33593,1077,16260,15755,49348
TJN_TJX_TJMaxx 2H DIG_FY18,Foursquare,"PK0H7Z_TJN_TJX_028_Audience_FOURSQUARE LABS, INC_DST_SV1_MAP_PRO_RCH_TRG_RON_PXT_BTG_DVY_PHASE 1_MOBILE RICH MEDIA STRATEGIC SAVERS - Fall Honeycomb_Run of Network_Geo_F25-54_300 x 250_Standard_NV_NA",205341980,9/25/2017,4817,375,4442,1072,3370,221,3149,709,2440,1293,291,1000
TJN_MAR_023_Marshalls 2H Digital_F18,xAd Inc.,PJQ0YL_TJN_MAR_023_Mobile_GROUND TRUTH FKA XAD_DST_SV1_MAP_DIR_DSP_TRG_RON_BTG_PXT_DVY_COMPETITOR SHOPPERS - DYNAMIC DISTANCE_Run of Network_Geo_F25-54_320 x 50_Click and View_NV_NA,204595638,10/16/2017,6772,137,6635,4151,2484,50,2434,2128,306,4201,3673,5801
TJN_TJX_TJMaxx 2H DIG_FY18,Conversant Inc.,PJPWPB_TJN_TJX_028_Audience_CONVERSANT_DST_SV1_DSK_NET_DSP_TRG_RON_BTG_BTG_DVY_PHASE 1_ DESKTOP RECTANGLE - CONVERSANT SHOPPERS AV_Run of Site_Behavioral_P18+_300 x 600_Standard_NV_NA,204447254,9/19/2017,69,9,60,0,60,18,42,13,29,18,6,19
TJN_TJX_TJMaxx 2H DIG_FY18,Foursquare,"PJPRQJ_TJN_TJX_028_Audience_FOURSQUARE LABS, INC_DST_SV1_MAP_PRO_DSP_TRG_RON_PXT_BTG_DVY_PHASE 1_PINPOINT STRATEGIC SAVERS AV_Run of Network_Geo_F25-54_320 x 50_Standard_NV_NA",204525369,10/12/2017,1136,25,1111,664,447,26,421,350,71,690,574,924
TJN_TJX_TJMaxx 2H DIG_FY18,Foursquare,"PJPRQH_TJN_TJX_028_Audience_FOURSQUARE LABS, INC_DST_SV1_MAP_PRO_DSP_TRG_RON_PXT_BTG_DVY_PHASE 1_PINPOINT STRATEGIC SAVERS AV_Run of Network_Geo_F25-54_300 x 250_Standard_NV_NA",204481807,10/6/2017,108,7,101,38,63,3,60,31,29,41,21,52
TJN_TJX_TJMaxx 2H DIG_FY18,xAd Inc.,PJMTNF_TJN_TJX_028_Mobile_GROUND TRUTH FKA XAD_DST_SV1_MAP_DIR_DSP_TRG_RON_PXT_PXT_DVY_PHASE 1_PROXIMITY LOYALTY PLACEMENT - STANDARD BANNER - Fall Handbag_Run of Network_Geo_F25-54_300 x 250_Click and View_NV_NA,204446159,10/15/2017,10945,228,10717,10533,184,1,183,153,30,10534,8807,8960
TJN_TJX_TJMaxx 2H DIG_FY18,Conversant Inc.,PJNPMC_TJN_TJC_031_Audience_CONVERSANT_PUR_ROI_TAP_NET_DSP_TRG_RON_BTG_BTG_DVY_TABLET LEADERBOARD- STRATEGIC SAVERS_Run of Site_Other_P18+_728 x 90_Standard_NV_NA,204442918,10/17/2017,80,3,77,1,76,13,63,57,6,14,13,70
TJN_MAR_023_Marshalls 2H Digital_F18,xAd Inc.,PJQ0YM_TJN_MAR_023_Mobile_GROUND TRUTH FKA XAD_DST_SV1_MAP_DIR_DSP_TRG_RON_BTG_PXT_DVY_COMPETITOR SHOPPERS - DYNAMIC DISTANCE_Run of Network_Geo_F25-54_300 x 250_Click and View_NV_NA,204555259,10/11/2017,5522,214,5308,5308,0,0,0,0,0,5308,2342,2342
TJN_TJX_TJMaxx 2H DIG_FY18,Viant,"PJSPBZ_TJN_TJC_031_Data_VIANT INC_PUR_ROI_TWB_DIR_DSP_TRG_RON_BTG_MKT_DVY_DETERMINSTIC LAL OF ECOM CONVERTERS, CROSS DEVICE DISPLAY_Fixed Placement_Behavioral_F25-54_160 x 600_Click_NV_NA",204716194,10/8/2017,189,0,189,0,189,37,152,11,141,37,3,14
TJN_TJX_TJMaxx 2H DIG_FY18,xAd Inc.,PJPXK2_TJN_TJX_028_Mobile_GROUND TRUTH FKA XAD_DST_SV1_MAP_DIR_DSP_TRG_RON_PXT_PXT_DVY_PHASE 1_PROXIMITY LOYALTY PLACEMENT - STANDARD BANNER - Fall Hero_Run of Network_Geo_F25-54_300 x 250_Click and View_NV_NA,204442945,10/13/2017,10111,187,9924,9888,36,0,36,31,5,9888,8515,8546
TJN_TJX_TJMaxx 2H DIG_FY18,Viant,"PK2V4Y_TJN_TJX_028_Data_VIANT INC_DSI_SV1_MWB_DIR_RCH_TRG_INT_BTG_CTG_DVY_PHASE 1_VIANT IMP, W25-54 STRATEGIC SAVERS, CONTOBOX - Fall Homes_Fixed Placement_Behavioral_F25-54_320 x 50_Click and View_NV_NA",205685980,10/18/2017,17,2,15,6,9,2,7,5,2,8,6,11
TJN_TJX_TJMaxx 2H DIG_FY18,xAd Inc.,PJMTN2_TJN_TJX_028_Mobile_GROUND TRUTH FKA XAD_DST_SV1_MAP_DIR_DSP_TRG_RON_RTG_RTG_DVY_PHASE 1_LOCATION AUDIENCE COMPETITIVE CONQUESTING PLACEMENT - STANDARD BANNER - Fall Handbag_Run of Network_Retarget_F25-54_300 x 250_Click and View_NV_NA,204447824,10/16/2017,7276,96,7180,7180,0,0,0,0,0,7180,6147,6147
TJN_TJX_TJMaxx 2H DIG_FY18,NBC Universal Media,PK2HF7_TJN_TJX_028_Content_NBCUNI.COM_BAF_BS2_DSK_DIR_VID_SPN_ROS_BTG_CTG_MOA_THIS IS US SPONSORSHIP: MOBILE - VIGNETTE 1_Run of Site_Behavioral_F25-54_1920 x 1080_Click and View_NV_NA,205568879,9/26/2017,1580,9,1571,1571,0,0,0,0,0,1571,1130,1130
TJN_TJX_TJMaxx 2H DIG_FY18,xAd Inc.,PJPXK2_TJN_TJX_028_Mobile_GROUND TRUTH FKA XAD_DST_SV1_MAP_DIR_DSP_TRG_RON_PXT_PXT_DVY_PHASE 1_PROXIMITY LOYALTY PLACEMENT - STANDARD BANNER - Fall Hero_Run of Network_Geo_F25-54_300 x 250_Click and View_NV_NA,204442945,9/13/2017,11632,256,11376,11293,83,18,65,9,56,11311,1566,1575
TJN_TJX_TJMaxx 2H DIG_FY18,Foursquare,"PK0H81_TJN_TJX_028_Audience_FOURSQUARE LABS, INC_DST_SV1_MAP_PRO_RCH_TRG_RON_PXT_BTG_DVY_PHASE 1_MOBILE RICH MEDIA TRENDSETTERS - Fall Honeycomb_Run of Network_Geo_F25-54_300 x 250_Standard_NV_NA",205337093,10/5/2017,5642,223,5419,793,4626,327,4299,941,3358,1120,245,1186
TJN_TJX_TJMaxx 2H DIG_FY18,NBC Universal Media,PK3H7M_TJN_TJX_028_Content_NBCUNI.COM_BAF_BS2_DSK_DIR_DSP_SPN_HPT_CTG_CTG_DCM_100% SOV NBC THIS IS US ROADBLOCK 10/3 - 300X50 MOBILE_HP Takeover_Contextual_F25-54_300 x 50_Standard_NV_NA,205687846,10/2/2017,2,0,2,0,2,0,2,2,0,0,0,2
TJN_TJX_TJMaxx 2H DIG_FY18,Conversant Inc.,PJNPMJ_TJN_TJC_031_Audience_CONVERSANT_PUR_ROI_MAP_NET_DSP_TRG_RON_BTG_BTG_DVY_SMARTPHONE MEDIUM RECTANGLE - STRATEGIC SAVERS_Run of Site_Other_P18+_300 x 250_Standard_NV_NA,204442063,10/16/2017,722,3,719,0,719,127,592,355,237,127,76,431
TJN_TJX_TJMaxx 2H DIG_FY18,Foursquare,"PJPRV8_TJN_TJX_028_Audience_FOURSQUARE LABS, INC_DST_SV1_MAP_PRO_DSP_TRG_RON_PXT_BTG_DVY_PHASE 1_PINPOINT TRENDSETTERS AV_Run of Network_Geo_F25-54_300 x 250_Standard_NV_NA",204527100,9/8/2017,1363,20,1343,255,1088,60,1028,244,784,315,75,319
TJN_MAR_023_Marshalls 2H Digital_F18,xAd Inc.,PJQ0YP_TJN_MAR_023_Mobile_GROUND TRUTH FKA XAD_DST_SV1_MAP_DIR_DSP_TRG_RON_PXT_BTG_DVY_GEOBLOCKS LOYALTY - DYNAMIC DISTANCE_Run of Network_Geo_F25-54_300 x 250_Click and View_NV_NA,204537983,10/9/2017,9462,304,9158,9157,1,0,1,0,1,9157,0,0
TJN_TJX_TJMaxx 2H DIG_FY18,Conversant Inc.,PJPWPB_TJN_TJX_028_Audience_CONVERSANT_DST_SV1_DSK_NET_DSP_TRG_RON_BTG_BTG_DVY_PHASE 1_ DESKTOP RECTANGLE - CONVERSANT SHOPPERS AV_Run of Site_Behavioral_P18+_300 x 600_Standard_NV_NA,204447254,10/13/2017,210,21,189,0,189,57,132,75,57,57,32,107
TJN_TJX_TJMaxx 2H DIG_FY18,Foursquare,"PJPRV8_TJN_TJX_028_Audience_FOURSQUARE LABS, INC_DST_SV1_MAP_PRO_DSP_TRG_RON_PXT_BTG_DVY_PHASE 1_PINPOINT TRENDSETTERS AV_Run of Network_Geo_F25-54_300 x 250_Standard_NV_NA",204527100,10/7/2017,172,4,168,61,107,6,101,53,48,67,35,88
TJN_TJX_TJMaxx 2H DIG_FY18,NBC Universal Media,PK2KL9_TJN_TJX_028_Content_NBCUNI.COM_BAF_BS2_DSK_DIR_VID_SPN_ROS_BTG_CTG_MOA_THIS IS US SPONSORSHIP: DESKTOP - VIGNETTE 4_Run of Site_Behavioral_F25-54_1920 x 1080_Click and View_NV_NA,205568894,10/20/2017,39742,814,38928,38928,0,0,0,0,0,38928,23172,23172
TJN_TJX_TJMaxx 2H DIG_FY18,Hulu,PK3F7F_TJN_TJX_027_Content_HULU_BAF_BS2_DSK_DIR_CUS_SPN_CHS_CTG_CTG_DVY_HULU ROS: PREMIUM SLATE - DESKTOP_FEP_Contextual_F25-54_1920 x 1080_Standard_NV_NA,205683925,9/30/2017,4,0,4,4,0,0,0,0,0,4,3,3
TJN_MAR_023_Marshalls 2H Digital_F18,NinthDecimal,PJPSRS_TJN_MAR_023_Mobile_NINTHDECIMAL_DST_SV1_MAP_DIR_RCH_TRG_RON_PXT_DMA_DVY_GEOFENCE: 5-10-MILE RADIUS AROUND SUBURBAN STORES_Run of Network_Geo_F25-54_320 x 50_Click and View_NV_NA,204541748,9/26/2017,65614,1612,64002,22208,41794,198,41596,40602,994,22406,21871,62473
TJN_TJX_TJMaxx 2H DIG_FY18,xAd Inc.,PKF4NT_TJN_TJX_028_Mobile_GROUND TRUTH FKA XAD_DST_SV1_MAP_DIR_RCH_TRG_RON_BTG_BTG_DVY_PHASE 1_BEHAVIORAL AUDIENCE TRENDSETTERS PLACEMENT - RICH MEDIA STORE LOCATOR - Sweaters_Run of Network_Behavioral_F25-54_300 x 250_Click and View_NV_NA,206813092,10/21/2017,969,7,962,7,955,6,949,901,48,13,12,913
TJN_TJX_TJMaxx 2H DIG_FY18,Viant,PJPXKR_TJN_TJX_028_Data_VIANT INC_DSI_SV1_DSK_DIR_DSP_TRG_RON_BTG_CTG_DVY_PHASE 1_DESKTOP DISPLAY VIANT IMP TARGETING - STRATEGIC SAVERS AV_Fixed Placement_Demo_F25-54_300 x 250_Standard_NV_NA,204475841,9/30/2017,388,53,335,1,334,25,309,109,200,26,9,118
TJN_TJX_TJMaxx 2H DIG_FY18,Conversant Inc.,PJNPLW_TJN_TJX_028_Audience_CONVERSANT_DST_SV1_DSK_NET_DSP_TRG_RON_BTG_BTG_DVY_PHASE 1_ DESKTOP MEDIUM RECTANGLE - CJ CONVERTERS LAL MODELING_Run of Site_Behavioral_P18+_300 x 250_Standard_NV_NA,204442024,10/10/2017,63187,5397,57790,8,57782,5523,52259,23799,28460,5531,2519,26318
TJN_MAR_023_Marshalls 2H Digital_F18,xAd Inc.,PJQ0YM_TJN_MAR_023_Mobile_GROUND TRUTH FKA XAD_DST_SV1_MAP_DIR_DSP_TRG_RON_BTG_PXT_DVY_COMPETITOR SHOPPERS - DYNAMIC DISTANCE_Run of Network_Geo_F25-54_300 x 250_Click and View_NV_NA,204555259,10/6/2017,6745,466,6279,6257,22,1,21,15,6,6258,4470,4485
TJN_TJX_TJMaxx 2H DIG_FY18,xAd Inc.,PJMTN1_TJN_TJX_028_Mobile_GROUND TRUTH FKA XAD_DST_SV1_MAP_DIR_DSP_TRG_RON_DMA_DMA_DVY_PHASE 1_ADDED VALUE DMA TARGETING STANDALONE: STANDARD BANNER - Maxx You Maxx Life_Run of Network_Geo_F25-54_320 x 50_Click and View_NV_NA,204443461,10/5/2017,5,2,3,2,1,0,1,1,0,2,2,3
TJN_TJX_TJMaxx 2H DIG_FY18,Hulu,PK3F7L_TJN_TJX_027_Content_HULU_BAF_BS2_CTV_DIR_CUS_SPN_CHS_CTG_CTG_DVY_HULU ROS: PREMIUM SLATE - CONNECTED TV_FEP_Contextual_F25-54_1920 x 1080_Standard_NV_NA,205685923,10/7/2017,2,0,2,2,0,0,0,0,0,2,1,1
TJN_TJX_TJMaxx 2H DIG_FY18,Conversant Inc.,PJPWP8_TJN_TJX_028_Audience_CONVERSANT_DST_SV1_DSK_NET_DSP_TRG_RON_BTG_BTG_DVY_PHASE 1_ DESKTOP LEADERBOARD - CONVERSANT SHOPPERS AV_Run of Site_Behavioral_P18+_728 x 90_Standard_NV_NA,204446132,10/21/2017,1888,89,1799,0,1799,413,1386,882,504,413,263,1145
TJN_TJX_TJMaxx 2H DIG_FY18,Conversant Inc.,PJPWPB_TJN_TJX_028_Audience_CONVERSANT_DST_SV1_DSK_NET_DSP_TRG_RON_BTG_BTG_DVY_PHASE 1_ DESKTOP RECTANGLE - CONVERSANT SHOPPERS AV_Run of Site_Behavioral_P18+_300 x 600_Standard_NV_NA,204447254,9/13/2017,52,6,46,0,46,3,43,24,19,3,2,26
TJN_MAR_023_Marshalls 2H Digital_F18,xAd Inc.,PJQ0Y8_TJN_MAR_023_Mobile_GROUND TRUTH FKA XAD_DST_SV1_MAP_DIR_RCH_TRG_RON_WEA_PXT_DVY_PROXIMITY LOYALTY - WEATHER LOCATOR UNIT_Run of Network_Weather_F25-54_320 x 50_Click and View_NV_NA,204556189,10/16/2017,227476,6109,221367,110046,111321,1469,109852,100051,9801,111515,101566,201617
TJN_MAR_023_Marshalls 2H Digital_F18,xAd Inc.,PJQ0YK_TJN_MAR_023_Mobile_GROUND TRUTH FKA XAD_DST_SV1_MAP_DIR_DSP_TRG_RON_BTG_PXT_DVY_MARSHALLS SHOPPERS - DYNAMIC DISTANCE_Run of Network_Geo_F25-54_300 x 250_Click and View_NV_NA,204543440,10/17/2017,5340,168,5172,5172,0,0,0,0,0,5172,5172,5172
TJN_MAR_023_Marshalls 2H Digital_F18,xAd Inc.,PJQ0YS_TJN_MAR_023_Mobile_GROUND TRUTH FKA XAD_DST_SV1_MAP_DIR_DSP_TRG_RON_DMA_BTG_DVY_AV DMA TARGETING_Run of Network_Geo_F25-54_300 x 250_Click and View_NV_NA,204558337,9/30/2017,47762,831,46931,20358,26573,1497,25076,17547,7529,21855,14671,32218
TJN_TJX_TJMaxx 2H DIG_FY18,Conversant Inc.,PJNPLY_TJN_TJX_028_Audience_CONVERSANT_DST_SV1_DSK_NET_DSP_TRG_RON_BTG_BTG_DVY_PHASE 1_ DESKTOP WIDE SKYSCRAPER - CJ CONVERTERS LAL MODELING_Run of Site_Behavioral_P18+_160 x 600_Standard_NV_NA,204443386,10/10/2017,12612,1085,11527,4,11523,1752,9771,3525,6246,1756,633,4158
TJN_TJX_TJMaxx 2H DIG_FY18,Foursquare,"PJPQKZ_TJN_TJX_028_Audience_FOURSQUARE LABS, INC_DST_SV1_MAP_PRO_DSP_TRG_RON_PXT_BTG_DVY_PHASE 1_PINPOINT TRENDSETTERS_Run of Network_Geo_F25-54_300 x 250_Standard_NV_NA",204481813,10/14/2017,903,7,896,329,567,50,517,258,259,379,189,447
TJN_TJX_TJMaxx 2H DIG_FY18,Viant,"PKGKB1_TJN_TJX_028_Data_VIANT INC_DSI_SV1_TWB_DIR_CUS_TRG_NAT_BTG_CTG_DVY_PHASE 1_VIANT LIFESTYLE, TRENDSETTERS NATIVE- Dresses_Fixed Placement_Contextual_F25-54_0 x 0_Click and View_NV_NA",206772458,10/21/2017,38100,521,37579,37579,0,0,0,0,0,37579,28519,28519
TJN_TJX_TJMaxx 2H DIG_FY18,Viant,"PK2V50_TJN_TJX_028_Data_VIANT INC_DSI_SV1_DSK_DIR_RCH_TRG_INT_BTG_CTG_DVY_PHASE 1_VIANT IMP, W25-54 STRATEGIC SAVERS, CONTOBOX - Fall Homes_Fixed Placement_Behavioral_F25-54_160 x 600_Click and View_NV_NA",205726908,10/14/2017,4057,282,3775,7,3768,191,3577,1339,2238,198,74,1413
TJN_TJX_TJMaxx 2H DIG_FY18,Foursquare,"PJPRQH_TJN_TJX_028_Audience_FOURSQUARE LABS, INC_DST_SV1_MAP_PRO_DSP_TRG_RON_PXT_BTG_DVY_PHASE 1_PINPOINT STRATEGIC SAVERS AV_Run of Network_Geo_F25-54_300 x 250_Standard_NV_NA",204481807,10/11/2017,119,3,116,43,73,11,62,39,23,54,34,73
TJN_TJX_TJMaxx 2H DIG_FY18,Viant,"PJSPCF_TJN_TJC_031_Data_VIANT INC_PUR_ROI_DSK_DIR_DSP_TRG_RON_BTG_MKT_DVY_W25-54 + ONLINE SHOPPERS, CROSS DEVICE DISPLAY_Fixed Placement_Behavioral_F25-54_320 x 50_Click_NV_NA",204715639,10/12/2017,1784,49,1735,1,1734,265,1469,1283,186,266,232,1515
TJN_TJX_TJMaxx 2H DIG_FY18,xAd Inc.,PKF8TX_TJN_TJX_028_Mobile_GROUND TRUTH FKA XAD_DST_SV1_MAP_DIR_RCH_TRG_RON_PXT_PXT_DVY_PHASE 1_PROXIMITY LOYALTY PLACEMENT - RICH MEDIA STORE LOCATOR - Dresses_Run of Network_Geo_F25-54_300 x 250_Click and View_NV_NA,206772077,10/17/2017,3637,54,3583,46,3537,7,3530,3329,201,53,50,3379
TJN_MAR_023_Marshalls 2H Digital_F18,xAd Inc.,PJQ0YC_TJN_MAR_023_Mobile_GROUND TRUTH FKA XAD_DST_SV1_MAP_DIR_DSP_TRG_RON_PXT_BTG_DVY_PROXIMITY CONQUESTING - DYNAMIC DISTANCE_Run of Network_Geo_F25-54_300 x 250_Click and View_NV_NA,204595923,9/16/2017,7993,409,7584,7581,3,2,1,0,1,7583,0,0
TJN_TJX_TJMaxx 2H DIG_FY18,xAd Inc.,PJPXK2_TJN_TJX_028_Mobile_GROUND TRUTH FKA XAD_DST_SV1_MAP_DIR_DSP_TRG_RON_PXT_PXT_DVY_PHASE 1_PROXIMITY LOYALTY PLACEMENT - STANDARD BANNER - Fall Hero_Run of Network_Geo_F25-54_300 x 250_Click and View_NV_NA,204442945,9/19/2017,12145,310,11835,11762,73,22,51,1,50,11784,231,232
TJN_TJX_TJMaxx 2H DIG_FY18,Viant,"PJNSGT_TJN_TJX_028_Data_VIANT INC_DSI_SV1_DSK_DIR_DSP_TRG_RON_BTG_CTG_DVY_PHASE 1_VIANT DIRECT MATCH RETAIL, TJX PORFOLIO LOYALISTS, DISPLAY_Fixed Placement_Behavioral_F25-54_160 x 600_Standard_NV_NA",204483025,9/25/2017,8981,369,8612,0,8612,861,7751,5095,2656,861,566,5661
TJN_TJX_TJMaxx 2H DIG_FY18,Hulu,PK3DG3_TJN_TJX_027_Content_HULU_BAF_BS2_PKG_DIR_VID_SPN_CHS_CTG_CTG_DVY_FALL TV SPONSORSHIP:MASTHEAD BRAND - DESKTOP_FEP_Contextual_F25-54_1 x 1_Standard_NV_NA,205685902,9/29/2017,14602,394,14208,14208,0,0,0,0,0,14208,10530,10530
TJN_MAR_023_Marshalls 2H Digital_F18,xAd Inc.,PJQ0YG_TJN_MAR_023_Mobile_GROUND TRUTH FKA XAD_DST_SV1_MAP_DIR_DSP_TRG_RON_BTG_DMA_DVY_BEHAVIORAL - FASHION SHOPPER - DYNAMIC DISTANCE_Run of Network_Behavioral_F25-54_320 x 50_Click and View_NV_NA,204557581,10/17/2017,62600,712,61888,52934,8954,412,8542,7563,979,53346,47351,54914
TJN_TJX_TJMaxx 2H DIG_FY18,Foursquare,"PJPQKZ_TJN_TJX_028_Audience_FOURSQUARE LABS, INC_DST_SV1_MAP_PRO_DSP_TRG_RON_PXT_BTG_DVY_PHASE 1_PINPOINT TRENDSETTERS_Run of Network_Geo_F25-54_300 x 250_Standard_NV_NA",204481813,9/14/2017,18747,2607,16140,5535,10605,2508,8097,3255,4842,8043,3233,6488
TJN_TJX_TJMaxx 2H DIG_FY18,xAd Inc.,PJMTNF_TJN_TJX_028_Mobile_GROUND TRUTH FKA XAD_DST_SV1_MAP_DIR_DSP_TRG_RON_PXT_PXT_DVY_PHASE 1_PROXIMITY LOYALTY PLACEMENT - STANDARD BANNER - Fall Handbag_Run of Network_Geo_F25-54_300 x 250_Click and View_NV_NA,204446159,9/25/2017,27981,654,27327,26894,433,34,399,294,105,26928,19842,20136
TJN_MAR_023_Marshalls 2H Digital_F18,Bustle,"PK5G3X_TJN_MAR_023_Content_BUSTLE_ROC Fashion, Lifestyle Channel - Panoramic Unit_Run of Site_Contextual_F25-54_1 x 1_Click and View_NV_NA",206333601,10/11/2017,71423,1813,69610,49,69561,63855,5706,4731,975,63904,52985,57716
TJN_TJX_TJMaxx 2H DIG_FY18,Foursquare,"PJPRVH_TJN_TJX_028_Audience_FOURSQUARE LABS, INC_DST_SV1_MAP_PRO_DSP_TRG_RON_PXT_BTG_DVY_PHASE 1_PINPOINT COMPETITIVE CONQUESTING AV_Run of Network_Geo_F25-54_320 x 50_Standard_NV_NA",204478088,10/16/2017,2667,48,2619,1479,1140,54,1086,907,179,1533,1280,2187
TJN_TJX_TJMaxx 2H DIG_FY18,Viant,"PJSPBT_TJN_TJC_031_Data_VIANT INC_PUR_ROI_MWB_DIR_DSP_TRG_RON_BTG_MKT_DVY_DETERMINSTIC LAL OF ECOM CONVERTERS, CROSS DEVICE DISPLAY_Fixed Placement_Behavioral_F25-54_300 x 250_Click_NV_NA",204732642,10/2/2017,8,0,8,0,8,1,7,3,4,1,0,3
TJN_TJX_TJMaxx 2H DIG_FY18,Conversant Inc.,PJNPMD_TJN_TJC_031_Audience_CONVERSANT_PUR_ROI_TAP_NET_DSP_TRG_RON_BTG_BTG_DVY_TABLET MEDIUM RECTANGLE - STRATEGIC SAVERS_Run of Site_Other_P18+_300 x 250_Standard_NV_NA,204483960,10/21/2017,961,30,931,0,931,200,731,152,579,200,42,194
TJN_TJX_TJMaxx 2H DIG_FY18,Conversant Inc.,PJPTLQ_TJN_TJC_031_Audience_CONVERSANT_PUR_ROI_DSK_NET_DSP_TRG_RON_BTG_BTG_DVY_DESKTOP MEDIUM RECTANGLE- TRENDSETTERS_Run of Site_Other_P18+_300 x 250_Standard_NV_NA,204446138,10/19/2017,1886,153,1733,0,1733,290,1443,713,730,290,143,856
TJN_TJX_TJMaxx 2H DIG_FY18,xAd Inc.,PKF5TF_TJN_TJX_028_Mobile_GROUND TRUTH FKA XAD_DST_SV1_MAP_DIR_DSP_TRG_RON_RTG_RTG_DVY_PHASE 1_LOCATION AUDIENCE TJX SHOPPERS PLACEMENT - STANDARD BANNER - Find A Store V2_Run of Network_Retarget_F25-54_320 x 50_Click and View_NV_NA,206765393,10/20/2017,4879,64,4815,2301,2514,40,2474,1758,716,2341,1663,3421
TJN_TJX_TJMaxx 2H DIG_FY18,Conversant Inc.,PJPTMP_TJN_TJC_031_Audience_CONVERSANT_PUR_ROI_DSK_NET_DSP_TRG_RON_BTG_BTG_DVY_DESKTOP LEADERBOARD- COMPETITIVE CONQUESTING_Run of Site_Other_P18+_728 x 90_Standard_NV_NA,204443389,10/19/2017,1387,71,1316,0,1316,261,1055,580,475,261,143,723
TJN_MAR_023_Marshalls 2H Digital_F18,xAd Inc.,PJQ0Y9_TJN_MAR_023_Mobile_GROUND TRUTH FKA XAD_DST_SV1_MAP_DIR_RCH_TRG_RON_WEA_PXT_DVY_PROXIMITY LOYALTY - WEATHER LOCATOR UNIT_Run of Network_Weather_F25-54_300 x 250_Click and View_NV_NA,204541757,9/19/2017,682,25,657,9,648,26,622,604,18,35,34,638
TJN_TJX_TJMaxx 2H DIG_FY18,xAd Inc.,PJPXK1_TJN_TJX_028_Mobile_GROUND TRUTH FKA XAD_DST_SV1_MAP_DIR_DSP_TRG_RON_PXT_PXT_DVY_PHASE 1_PROXIMITY LOYALTY PLACEMENT - STANDARD BANNER - TJMaxx_Run of Network_Geo_F25-54_320 x 50_Click and View_NV_NA,204483996,10/19/2017,9355,120,9235,3142,6093,48,6045,4274,1771,3190,2255,6529
TJN_TJX_TJMaxx 2H DIG_FY18,Foursquare,"PKFMKF_TJN_TJX_028_Audience_FOURSQUARE LABS, INC_DST_SV1_MAP_PRO_RCH_TRG_RON_PXT_BTG_DVY_PHASE 1_MOBILE RICH MEDIA TRENDSETTERS - Find A Store V1_Run of Network_Geo_F25-54_320 x 50_Standard_NV_NA",206833551,10/21/2017,26819,335,26484,19839,6645,1162,5483,4800,683,21001,18385,23185
TJN_TJX_TJMaxx 2H DIG_FY18,xAd Inc.,PJMTNQ_TJN_TJX_028_Mobile_GROUND TRUTH FKA XAD_DST_SV1_MAP_DIR_RCH_TRG_RON_BTG_BTG_DVY_PHASE 1_BEHAVIORAL AUDIENCE STRATEGIC SAVERS PLACEMENT - RICH MEDIA STORE LOCATOR - TJ Maxx_Run of Network_Behavioral_F25-54_320 x 50_Click and View_NV_NA,204447845,10/7/2017,7258,59,7199,1402,5797,176,5621,4182,1439,1578,1174,5356
TJN_MAR_023_Marshalls 2H Digital_F18,NinthDecimal,"PJPSS1_TJN_MAR_023_Mobile_NINTHDECIMAL_DST_SV1_MAP_DIR_RCH_TRG_RON_BTG_DMA_DVY_TV TARGETING: PEOPLE WHO WATCH BRAVO, TLC, HGTV, A&E, LIFETIME, DISCOVERY_Run of Network_Behavioral_F25-54_320 x 50_Click and View_NV_NA",204541508,10/7/2017,19954,279,19675,5363,14312,72,14240,13704,536,5435,5230,18934
TJN_TJX_TJMaxx 2H DIG_FY18,xAd Inc.,PJPXJX_TJN_TJX_028_Mobile_GROUND TRUTH FKA XAD_DST_SV1_MAP_DIR_DSP_TRG_RON_BTG_BTG_DVY_PHASE 1_BEHAVIORAL AUDIENCE STRATEGIC SAVERS PLACEMENT - STANDARD BANNER - TJMaxx_Run of Network_Behavioral_F25-54_320 x 50_Click and View_NV_NA,204447848,10/7/2017,6752,91,6661,3325,3336,335,3001,2692,309,3660,3301,5993
TJN_TJX_TJMaxx 2H DIG_FY18,NBC Universal Media,PK2HF7_TJN_TJX_028_Content_NBCUNI.COM_BAF_BS2_DSK_DIR_VID_SPN_ROS_BTG_CTG_MOA_THIS IS US SPONSORSHIP: MOBILE - VIGNETTE 1_Run of Site_Behavioral_F25-54_1920 x 1080_Click and View_NV_NA,205568879,10/3/2017,1792,13,1779,1779,0,0,0,0,0,1779,1124,1124
TJN_TJX_TJMaxx 2H DIG_FY18,xAd Inc.,PJPXK0_TJN_TJX_028_Mobile_GROUND TRUTH FKA XAD_DST_SV1_MAP_DIR_DSP_TRG_RON_BTG_BTG_DVY_PHASE 1_BEHAVIORAL AUDIENCE TRENDSETTERS PLACEMENT - STANDARD BANNER - TJMaxx_Run of Network_Behavioral_F25-54_320 x 50_Click and View_NV_NA,204483993,9/26/2017,3,1,2,2,0,0,0,0,0,2,2,2
TJN_TJX_TJMaxx 2H DIG_FY18,xAd Inc.,PJMTNR_TJN_TJX_028_Mobile_GROUND TRUTH FKA XAD_DST_SV1_MAP_DIR_RCH_TRG_RON_BTG_BTG_DVY_PHASE 1_BEHAVIORAL AUDIENCE STRATEGIC SAVERS PLACEMENT - RICH MEDIA STORE LOCATOR - Fall Handbag_Run of Network_Behavioral_F25-54_300 x 250_Click and View_NV_NA,204442108,9/29/2017,4881,83,4798,1661,3137,127,3010,1372,1638,1788,815,2187
TJN_TJX_TJMaxx 2H DIG_FY18,xAd Inc.,PJYDBR_TJN_TJX_028_Mobile_GROUND TRUTH FKA XAD_DST_SV1_MAP_DIR_RCH_TRG_RON_BTG_BTG_DVY_PHASE 1_BEHAVIORAL AUDIENCE TRENDSETTERS PLACEMENT - RICH MEDIA STORE LOCATOR - Maxx You Maxx Life_Run of Network_Behavioral_F25-54_320 x 50_Click and View_NV_NA,205145234,10/2/2017,7,1,6,4,2,2,0,0,0,6,5,5
TJN_TJX_TJMaxx 2H DIG_FY18,Foursquare,"PJPRQJ_TJN_TJX_028_Audience_FOURSQUARE LABS, INC_DST_SV1_MAP_PRO_DSP_TRG_RON_PXT_BTG_DVY_PHASE 1_PINPOINT STRATEGIC SAVERS AV_Run of Network_Geo_F25-54_320 x 50_Standard_NV_NA",204525369,10/10/2017,2676,33,2643,1033,1610,84,1526,1194,332,1117,874,2068
TJN_TJX_TJMaxx 2H DIG_FY18,xAd Inc.,PJMTN9_TJN_TJX_028_Mobile_GROUND TRUTH FKA XAD_DST_SV1_MAP_DIR_DSP_TRG_RON_BTG_BTG_DVY_PHASE 1_BEHAVIORAL AUDIENCE STRATEGIC SAVERS PLACEMENT - STANDARD BANNER - Fall Handbag_Run of Network_Behavioral_F25-54_300 x 250_Click and View_NV_NA,204447293,9/19/2017,10050,236,9814,9813,1,0,1,0,1,9813,0,0
TJN_TJX_TJMaxx 2H DIG_FY18,xAd Inc.,PJMTNC_TJN_TJX_028_Mobile_GROUND TRUTH FKA XAD_DST_SV1_MAP_DIR_DSP_TRG_RON_BTG_BTG_DVY_PHASE 1_BEHAVIORAL AUDIENCE TRENDSETTERS PLACEMENT - STANDARD BANNER - Maxx You Maxx Life_Run of Network_Behavioral_F25-54_320 x 50_Click and View_NV_NA,204447830,9/26/2017,3,1,2,2,0,0,0,0,0,2,2,2
TJN_TJX_TJMaxx 2H DIG_FY18,Foursquare,"PK0H7Z_TJN_TJX_028_Audience_FOURSQUARE LABS, INC_DST_SV1_MAP_PRO_RCH_TRG_RON_PXT_BTG_DVY_PHASE 1_MOBILE RICH MEDIA STRATEGIC SAVERS - Fall Honeycomb_Run of Network_Geo_F25-54_300 x 250_Standard_NV_NA",205341980,10/15/2017,482,7,475,149,326,34,292,58,234,183,36,94
TJN_TJX_TJMaxx 2H DIG_FY18,Viant,"PK2X7H_TJN_TJX_028_Data_VIANT INC_DSI_SV1_MWB_DIR_RCH_TRG_INT_BTG_CTG_DVY_PHASE 1_VIANT IMP, W25-54 STRATEGIC SAVERS, CONTOBOX - Honeycomb_Fixed Placement_Behavioral_F25-54_320 x 50_Click and View_NV_NA",205725975,10/18/2017,279,6,273,1,272,45,227,125,102,46,25,150
TJN_TJX_TJMaxx 2H DIG_FY18,xAd Inc.,PJYDBR_TJN_TJX_028_Mobile_GROUND TRUTH FKA XAD_DST_SV1_MAP_DIR_RCH_TRG_RON_BTG_BTG_DVY_PHASE 1_BEHAVIORAL AUDIENCE TRENDSETTERS PLACEMENT - RICH MEDIA STORE LOCATOR - Maxx You Maxx Life_Run of Network_Behavioral_F25-54_320 x 50_Click and View_NV_NA,205145234,9/23/2017,18036,182,17854,8353,9501,127,9374,8867,507,8480,8021,16888
TJN_TJX_TJMaxx 2H DIG_FY18,Viant,"PK2X7B_TJN_TJX_028_Data_VIANT INC_DSI_SV1_TWB_DIR_RCH_TRG_INT_BTG_CTG_DVY_PHASE 1_VIANT IMP, W25-54 STRATEGIC SAVERS, CONTOBOX - Honeycomb_Fixed Placement_Behavioral_F25-54_300 x 250_Click and View_NV_NA",205687939,9/22/2017,1217,18,1199,4,1195,139,1056,227,829,143,31,258
TJN_TJX_TJMaxx 2H DIG_FY18,Foursquare,"PJPRVC_TJN_TJX_028_Audience_FOURSQUARE LABS, INC_DST_SV1_MAP_PRO_DSP_TRG_RON_PXT_BTG_DVY_PHASE 1_PINPOINT TRENDSETTERS AV_Run of Network_Geo_F25-54_320 x 50_Standard_NV_NA",204527421,9/12/2017,1082,105,977,383,594,15,579,392,187,398,269,661
TJN_TJX_TJMaxx 2H DIG_FY18,Viant,"PK2X7D_TJN_TJX_028_Data_VIANT INC_DSI_SV1_TWB_DIR_RCH_TRG_INT_BTG_CTG_DVY_PHASE 1_VIANT IMP, W25-54 STRATEGIC SAVERS, CONTOBOX - Honeycomb_Fixed Placement_Behavioral_F25-54_728 x 90_Click and View_NV_NA",205727832,10/20/2017,6,2,4,2,2,0,2,2,0,2,2,4
TJN_MAR_023_Marshalls 2H Digital_F18,xAd Inc.,PJQ0YB_TJN_MAR_023_Mobile_GROUND TRUTH FKA XAD_DST_SV1_MAP_DIR_DSP_TRG_RON_PXT_BTG_DVY_PROXIMITY CONQUESTING - DYNAMIC DISTANCE_Run of Network_Geo_F25-54_320 x 50_Click and View_NV_NA,204541799,9/15/2017,22702,379,22323,15105,7218,4731,2487,2273,214,19836,15777,18050
TJN_TJX_TJMaxx 2H DIG_FY18,xAd Inc.,PJPXJQ_TJN_TJX_028_Mobile_GROUND TRUTH FKA XAD_DST_SV1_MAP_DIR_DSP_TRG_RON_RTG_RTG_DVY_PHASE 1_LOCATION AUDIENCE TJX SHOPPERS PLACEMENT - STANDARD BANNER - TJMaxx_Run of Network_Retarget_F25-54_320 x 50_Click and View_NV_NA,204447839,9/12/2017,41889,700,41189,6501,34688,20059,14629,10025,4604,26560,17896,27921
TJN_TJX_TJMaxx 2H DIG_FY18,Viant,"PJSPCG_TJN_TJC_031_Data_VIANT INC_PUR_ROI_DSK_DIR_DSP_TRG_RON_BTG_MKT_DVY_W25-54 + ONLINE SHOPPERS, CROSS DEVICE DISPLAY_Fixed Placement_Behavioral_F25-54_300 x 50_Click_NV_NA",204716182,10/8/2017,32,3,29,0,29,4,25,17,8,4,3,20
TJN_TJX_TJMaxx 2H DIG_FY18,Foursquare,"PJPSSZ_TJN_TJX_028_Audience_FOURSQUARE LABS, INC_DST_SV1_MAP_PRO_RCH_TRG_RON_PXT_BTG_DVY_PHASE 1_MOBILE RICH MEDIA COMPETITIVE CONQUESTING - Fall Handbag_Run of Network_Geo_F25-54_300 x 250_Standard_NV_NA",204478073,10/14/2017,166,1,165,78,87,9,78,22,56,87,25,47
TJN_MAR_023_Marshalls 2H Digital_F18,xAd Inc.,PJQ0YH_TJN_MAR_023_Mobile_GROUND TRUTH FKA XAD_DST_SV1_MAP_DIR_DSP_TRG_RON_BTG_DMA_DVY_BEHAVIORAL - FASHION SHOPPER - DYNAMIC DISTANCE_Run of Network_Behavioral_F25-54_300 x 250_Click and View_NV_NA,204543443,10/14/2017,57765,2868,54897,54897,0,0,0,0,0,54897,45094,45094
TJN_MAR_023_Marshalls 2H Digital_F18,NinthDecimal,PJPSRS_TJN_MAR_023_Mobile_NINTHDECIMAL_DST_SV1_MAP_DIR_RCH_TRG_RON_PXT_DMA_DVY_GEOFENCE: 5-10-MILE RADIUS AROUND SUBURBAN STORES_Run of Network_Geo_F25-54_320 x 50_Click and View_NV_NA,204541748,10/3/2017,3113,93,3020,1292,1728,3,1725,1688,37,1295,1267,2955
TJN_TJX_TJMaxx 2H DIG_FY18,Conversant Inc.,PJNPLY_TJN_TJX_028_Audience_CONVERSANT_DST_SV1_DSK_NET_DSP_TRG_RON_BTG_BTG_DVY_PHASE 1_ DESKTOP WIDE SKYSCRAPER - CJ CONVERTERS LAL MODELING_Run of Site_Behavioral_P18+_160 x 600_Standard_NV_NA,204443386,10/12/2017,27996,2364,25632,6,25626,3668,21958,7975,13983,3674,1334,9309
TJN_TJX_TJMaxx 2H DIG_FY18,Viant,"PK2V4T_TJN_TJX_028_Data_VIANT INC_DSI_SV1_TWB_DIR_RCH_TRG_INT_BTG_CTG_DVY_PHASE 1_VIANT IMP, W25-54 STRATEGIC SAVERS, CONTOBOX - Fall Homes_Fixed Placement_Behavioral_F25-54_160 x 600_Click and View_NV_NA",205687933,9/29/2017,9,1,8,1,7,1,6,4,2,2,1,5
TJN_MAR_023_Marshalls 2H Digital_F18,NinthDecimal,"PJPSS1_TJN_MAR_023_Mobile_NINTHDECIMAL_DST_SV1_MAP_DIR_RCH_TRG_RON_BTG_DMA_DVY_TV TARGETING: PEOPLE WHO WATCH BRAVO, TLC, HGTV, A&E, LIFETIME, DISCOVERY_Run of Network_Behavioral_F25-54_320 x 50_Click and View_NV_NA",204541508,9/8/2017,7253,117,7136,1490,5646,68,5578,5422,156,1558,1514,6936
TJN_TJX_TJMaxx 2H DIG_FY18,xAd Inc.,PJPXJX_TJN_TJX_028_Mobile_GROUND TRUTH FKA XAD_DST_SV1_MAP_DIR_DSP_TRG_RON_BTG_BTG_DVY_PHASE 1_BEHAVIORAL AUDIENCE STRATEGIC SAVERS PLACEMENT - STANDARD BANNER - TJMaxx_Run of Network_Behavioral_F25-54_320 x 50_Click and View_NV_NA,204447848,9/8/2017,22234,486,21748,3936,17812,971,16841,13497,3344,4907,3933,17430
TJN_TJX_TJMaxx 2H DIG_FY18,Foursquare,"PJPSSY_TJN_TJX_028_Audience_FOURSQUARE LABS, INC_DST_SV1_MAP_PRO_RCH_TRG_RON_PXT_BTG_DVY_PHASE 1_MOBILE RICH MEDIA TRENDSETTERS - Find A TJ Maxx Store_Run of Network_Geo_F25-54_320 x 50_Standard_NV_NA",204527598,10/9/2017,24172,590,23582,16829,6753,349,6404,4270,2134,17178,11454,15724
TJN_TJX_TJMaxx 2H DIG_FY18,xAd Inc.,PJMTNQ_TJN_TJX_028_Mobile_GROUND TRUTH FKA XAD_DST_SV1_MAP_DIR_RCH_TRG_RON_BTG_BTG_DVY_PHASE 1_BEHAVIORAL AUDIENCE STRATEGIC SAVERS PLACEMENT - RICH MEDIA STORE LOCATOR - TJ Maxx_Run of Network_Behavioral_F25-54_320 x 50_Click and View_NV_NA,204447845,9/8/2017,3650,52,3598,371,3227,103,3124,2479,645,474,376,2855
TJN_TJX_TJMaxx 2H DIG_FY18,Viant,"PK2X7K_TJN_TJX_028_Data_VIANT INC_DSI_SV1_DSK_DIR_RCH_TRG_INT_BTG_CTG_DVY_PHASE 1_VIANT IMP, W25-54 STRATEGIC SAVERS, CONTOBOX - Honeycomb_Fixed Placement_Behavioral_F25-54_160 x 600_Click and View_NV_NA",205726917,9/27/2017,14,1,13,0,13,0,13,7,6,0,0,7
TJN_TJX_TJMaxx 2H DIG_FY18,xAd Inc.,PJYDBR_TJN_TJX_028_Mobile_GROUND TRUTH FKA XAD_DST_SV1_MAP_DIR_RCH_TRG_RON_BTG_BTG_DVY_PHASE 1_BEHAVIORAL AUDIENCE TRENDSETTERS PLACEMENT - RICH MEDIA STORE LOCATOR - Maxx You Maxx Life_Run of Network_Behavioral_F25-54_320 x 50_Click and View_NV_NA,205145234,10/1/2017,7,2,5,4,1,1,0,0,0,5,4,4
TJN_MAR_023_Marshalls 2H Digital_F18,xAd Inc.,PJQ0YF_TJN_MAR_023_Mobile_GROUND TRUTH FKA XAD_DST_SV1_MAP_DIR_RCH_TRG_RON_WEA_PXT_DVY_PROXIMITY CONQUESTING - WEATHER LOCATOR UNIT_Run of Network_Weather_F25-54_300 x 250_Click and View_NV_NA,204596913,9/30/2017,895,22,873,20,853,33,820,644,176,53,42,686
TJN_TJX_TJMaxx 2H DIG_FY18,Viant,"PJNSGT_TJN_TJX_028_Data_VIANT INC_DSI_SV1_DSK_DIR_DSP_TRG_RON_BTG_CTG_DVY_PHASE 1_VIANT DIRECT MATCH RETAIL, TJX PORFOLIO LOYALISTS, DISPLAY_Fixed Placement_Behavioral_F25-54_160 x 600_Standard_NV_NA",204483025,10/15/2017,3428,89,3339,7,3332,194,3138,1807,1331,201,116,1923
TJN_TJX_TJMaxx 2H DIG_FY18,Viant,"PJSPCF_TJN_TJC_031_Data_VIANT INC_PUR_ROI_DSK_DIR_DSP_TRG_RON_BTG_MKT_DVY_W25-54 + ONLINE SHOPPERS, CROSS DEVICE DISPLAY_Fixed Placement_Behavioral_F25-54_320 x 50_Click_NV_NA",204715639,10/10/2017,114,18,96,3,93,16,77,58,19,19,14,72
TJN_MAR_023_Marshalls 2H Digital_F18,xAd Inc.,PJQ0YH_TJN_MAR_023_Mobile_GROUND TRUTH FKA XAD_DST_SV1_MAP_DIR_DSP_TRG_RON_BTG_DMA_DVY_BEHAVIORAL - FASHION SHOPPER - DYNAMIC DISTANCE_Run of Network_Behavioral_F25-54_300 x 250_Click and View_NV_NA,204543443,9/14/2017,12247,406,11841,11840,1,0,1,0,1,11840,0,0
TJN_TJX_TJMaxx 2H DIG_FY18,Foursquare,"PKFMMC_TJN_TJX_028_Audience_FOURSQUARE LABS, INC_DST_SV1_MAP_PRO_RCH_TRG_RON_PXT_BTG_DVY_PHASE 1_MOBILE RICH MEDIA STRATEGIC SAVERS - Sweaters_Run of Network_Geo_F25-54_300 x 250_Standard_NV_NA",206771960,10/21/2017,173,5,168,138,30,13,17,10,7,151,89,99
TJN_TJX_TJMaxx 2H DIG_FY18,Conversant Inc.,PJPWPH_TJN_TJX_028_Audience_CONVERSANT_DST_SV1_MAP_NET_DSP_TRG_RON_BTG_BTG_DVY_PHASE 1_ SMARTPHONE MEDIUM RECTANGLE  - CONVERSANT SHOPPERS AV_Run of Site_Behavioral_P18+_300 x 250_Standard_NV_NA,204442060,9/14/2017,635,7,628,0,628,148,480,151,329,148,47,198
TJN_TJX_TJMaxx 2H DIG_FY18,xAd Inc.,PJMTN9_TJN_TJX_028_Mobile_GROUND TRUTH FKA XAD_DST_SV1_MAP_DIR_DSP_TRG_RON_BTG_BTG_DVY_PHASE 1_BEHAVIORAL AUDIENCE STRATEGIC SAVERS PLACEMENT - STANDARD BANNER - Fall Handbag_Run of Network_Behavioral_F25-54_300 x 250_Click and View_NV_NA,204447293,10/13/2017,8275,164,8111,8010,101,3,98,84,14,8013,6868,6952
TJN_TJX_TJMaxx 2H DIG_FY18,Foursquare,"PJPSSX_TJN_TJX_028_Audience_FOURSQUARE LABS, INC_DST_SV1_MAP_PRO_RCH_TRG_RON_PXT_BTG_DVY_PHASE 1_MOBILE RICH MEDIA TRENDSETTERS - Fall Handbag_Run of Network_Geo_F25-54_300 x 250_Standard_NV_NA",204525354,10/4/2017,7027,368,6659,2055,4604,285,4319,1162,3157,2340,630,1792
TJN_MAR_023_Marshalls 2H Digital_F18,xAd Inc.,PJQ0Y9_TJN_MAR_023_Mobile_GROUND TRUTH FKA XAD_DST_SV1_MAP_DIR_RCH_TRG_RON_WEA_PXT_DVY_PROXIMITY LOYALTY - WEATHER LOCATOR UNIT_Run of Network_Weather_F25-54_300 x 250_Click and View_NV_NA,204541757,9/13/2017,1147,34,1113,451,662,22,640,614,26,473,454,1068
TJN_TJX_TJMaxx 2H DIG_FY18,Viant,"PJSPBX_TJN_TJC_031_Data_VIANT INC_PUR_ROI_TWB_DIR_DSP_TRG_RON_BTG_MKT_DVY_DETERMINSTIC LAL OF ECOM CONVERTERS, CROSS DEVICE DISPLAY_Fixed Placement_Behavioral_F25-54_728 x 90_Click_NV_NA",204716188,10/20/2017,109,3,106,0,106,15,91,49,42,15,8,57
TJN_MAR_023_Marshalls 2H Digital_F18,Bustle,PK5G42_TJN_MAR_023_Content_BUSTLE_Custom Content Roadblock Standard Feature 1 - 300x250_Roadblock_Contextual_F25-54_300 x 250_Click and View_NV_NA,206309158,10/18/2017,36111,607,35504,76,35428,673,34755,23984,10771,749,517,24501
TJN_TJX_TJMaxx 2H DIG_FY18,Hulu,PK3CXN_TJN_TJX_027_Content_HULU_BAF_BS2_CTV_DIR_CUS_SPN_CHS_CTG_CTG_DVY_FALL TV SPONSORSHIP: PREMIUM SLATE - CONNECTED TV_FEP_Contextual_F25-54_1920 x 1080_Standard_NV_NA,205725861,10/20/2017,90225,301,89924,89924,0,0,0,0,0,89924,53528,53528
TJN_TJX_TJMaxx 2H DIG_FY18,Conversant Inc.,PJPWPH_TJN_TJX_028_Audience_CONVERSANT_DST_SV1_MAP_NET_DSP_TRG_RON_BTG_BTG_DVY_PHASE 1_ SMARTPHONE MEDIUM RECTANGLE  - CONVERSANT SHOPPERS AV_Run of Site_Behavioral_P18+_300 x 250_Standard_NV_NA,204442060,10/14/2017,368,2,366,0,366,79,287,206,81,79,57,263
TJN_MAR_023_Marshalls 2H Digital_F18,xAd Inc.,PJQ0Y9_TJN_MAR_023_Mobile_GROUND TRUTH FKA XAD_DST_SV1_MAP_DIR_RCH_TRG_RON_WEA_PXT_DVY_PROXIMITY LOYALTY - WEATHER LOCATOR UNIT_Run of Network_Weather_F25-54_300 x 250_Click and View_NV_NA,204541757,10/13/2017,122176,1806,120370,12407,107963,1855,106108,84590,21518,14262,11370,95960
TJN_TJX_TJMaxx 2H DIG_FY18,Viant,"PJSPBT_TJN_TJC_031_Data_VIANT INC_PUR_ROI_MWB_DIR_DSP_TRG_RON_BTG_MKT_DVY_DETERMINSTIC LAL OF ECOM CONVERTERS, CROSS DEVICE DISPLAY_Fixed Placement_Behavioral_F25-54_300 x 250_Click_NV_NA",204732642,10/1/2017,5,0,5,0,5,0,5,1,4,0,0,1
TJN_TJX_TJMaxx 2H DIG_FY18,xAd Inc.,PJMTN9_TJN_TJX_028_Mobile_GROUND TRUTH FKA XAD_DST_SV1_MAP_DIR_DSP_TRG_RON_BTG_BTG_DVY_PHASE 1_BEHAVIORAL AUDIENCE STRATEGIC SAVERS PLACEMENT - STANDARD BANNER - Fall Handbag_Run of Network_Behavioral_F25-54_300 x 250_Click and View_NV_NA,204447293,9/13/2017,9920,196,9724,9713,11,1,10,3,7,9714,2914,2917
TJN_TJX_TJMaxx 2H DIG_FY18,PlaceIQ,PKFRS4_TJN_TJX_028_Mobile_PLACEIQ INC_DST_SV1_MAP_DIR_DSP_TRG_RON_BTG_PXT_DVY_PHASE 1_STANDARD BANNER_TRENDSETTERS_APPROVAL SEEKING SHOPPERS+LIVE OR WORK BY TJMAXX - Booties_Run of Network_Behavioral_F25-54_300 x 250_Click and View_NV_NA,206833458,10/21/2017,517,64,453,441,12,0,12,12,0,441,441,453
TJN_TJX_TJMaxx 2H DIG_FY18,Conversant Inc.,PJNPLW_TJN_TJX_028_Audience_CONVERSANT_DST_SV1_DSK_NET_DSP_TRG_RON_BTG_BTG_DVY_PHASE 1_ DESKTOP MEDIUM RECTANGLE - CJ CONVERTERS LAL MODELING_Run of Site_Behavioral_P18+_300 x 250_Standard_NV_NA,204442024,10/12/2017,140267,11085,129182,9,129173,9763,119410,68711,50699,9772,5623,74334
TJN_TJX_TJMaxx 2H DIG_FY18,Viant,"PK2X7B_TJN_TJX_028_Data_VIANT INC_DSI_SV1_TWB_DIR_RCH_TRG_INT_BTG_CTG_DVY_PHASE 1_VIANT IMP, W25-54 STRATEGIC SAVERS, CONTOBOX - Honeycomb_Fixed Placement_Behavioral_F25-54_300 x 250_Click and View_NV_NA",205687939,9/24/2017,5620,55,5565,3,5562,609,4953,967,3986,612,119,1086
TJN_TJX_TJMaxx 2H DIG_FY18,Viant,"PKGJ73_TJN_TJC_031_Data_VIANT INC_PUR_ROI_MWB_DIR_CUS_TRG_NAT_BTG_MKT_DVY_W25-54 + KEYWORD TARGETING, CROSS DEVICE NATIVE - Dresses_Fixed Placement_Contextual_F25-54_0 x 0_Click_NV_NA",206772485,10/19/2017,19323,274,19049,19049,0,0,0,0,0,19049,14943,14943
TJN_MAR_023_Marshalls 2H Digital_F18,xAd Inc.,PJQ0YL_TJN_MAR_023_Mobile_GROUND TRUTH FKA XAD_DST_SV1_MAP_DIR_DSP_TRG_RON_BTG_PXT_DVY_COMPETITOR SHOPPERS - DYNAMIC DISTANCE_Run of Network_Geo_F25-54_320 x 50_Click and View_NV_NA,204595638,9/24/2017,8590,136,8454,6983,1471,415,1056,952,104,7398,6078,7030
TJN_TJX_TJMaxx 2H DIG_FY18,xAd Inc.,PJPXJY_TJN_TJX_028_Mobile_GROUND TRUTH FKA XAD_DST_SV1_MAP_DIR_DSP_TRG_RON_BTG_BTG_DVY_PHASE 1_BEHAVIORAL AUDIENCE STRATEGIC SAVERS PLACEMENT - STANDARD BANNER - Fall Hero_Run of Network_Behavioral_F25-54_300 x 250_Click and View_NV_NA,204484017,9/6/2017,23104,797,22307,20224,2083,18,2065,1994,71,20242,19348,21342
TJN_MAR_023_Marshalls 2H Digital_F18,xAd Inc.,PJQ0Y9_TJN_MAR_023_Mobile_GROUND TRUTH FKA XAD_DST_SV1_MAP_DIR_RCH_TRG_RON_WEA_PXT_DVY_PROXIMITY LOYALTY - WEATHER LOCATOR UNIT_Run of Network_Weather_F25-54_300 x 250_Click and View_NV_NA,204541757,9/16/2017,949,71,878,358,520,60,460,446,14,418,405,851
TJN_TJX_TJMaxx 2H DIG_FY18,xAd Inc.,PJMTNR_TJN_TJX_028_Mobile_GROUND TRUTH FKA XAD_DST_SV1_MAP_DIR_RCH_TRG_RON_BTG_BTG_DVY_PHASE 1_BEHAVIORAL AUDIENCE STRATEGIC SAVERS PLACEMENT - RICH MEDIA STORE LOCATOR - Fall Handbag_Run of Network_Behavioral_F25-54_300 x 250_Click and View_NV_NA,204442108,9/10/2017,6,0,6,4,2,2,0,0,0,6,3,3
TJN_TJX_TJMaxx 2H DIG_FY18,Foursquare,"PJPSSW_TJN_TJX_028_Audience_FOURSQUARE LABS, INC_DST_SV1_MAP_PRO_RCH_TRG_RON_PXT_BTG_DVY_PHASE 1_MOBILE RICH MEDIA STRATEGIC SAVERS - Find A TJ Maxx Store_Run of Network_Geo_F25-54_320 x 50_Standard_NV_NA",204525357,10/21/2017,2,0,2,0,2,1,1,1,0,1,1,2
TJN_TJX_TJMaxx 2H DIG_FY18,Viant,"PJNSGR_TJN_TJX_028_Data_VIANT INC_DSI_SV1_TWB_DIR_DSP_TRG_RON_BTG_CTG_DVY_PHASE 1_VIANT DIRECT MATCH RETAIL, TJX PORFOLIO LOYALISTS, DISPLAY_Fixed Placement_Behavioral_F25-54_160 x 600_Standard_NV_NA",204478520,9/6/2017,1179,257,922,0,922,393,529,336,193,393,250,586
TJN_TJX_TJMaxx 2H DIG_FY18,xAd Inc.,PJPXJZ_TJN_TJX_028_Mobile_GROUND TRUTH FKA XAD_DST_SV1_MAP_DIR_DSP_TRG_RON_BTG_BTG_DVY_PHASE 1_BEHAVIORAL AUDIENCE TRENDSETTERS PLACEMENT - STANDARD BANNER - Fall Hero_Run of Network_Behavioral_F25-54_300 x 250_Click and View_NV_NA,204446156,9/21/2017,9639,186,9453,9430,23,4,19,9,10,9434,4469,4478
TJN_TJX_TJMaxx 2H DIG_FY18,Conversant Inc.,PJPWP9_TJN_TJX_028_Audience_CONVERSANT_DST_SV1_DSK_NET_DSP_TRG_RON_BTG_BTG_DVY_PHASE 1_ DESKTOP MEDIUM RECTANGLE - CONVERSANT SHOPPERS AV_Run of Site_Behavioral_P18+_300 x 250_Standard_NV_NA,204483957,10/11/2017,1480,167,1313,0,1313,169,1144,607,537,169,90,697
TJN_TJX_TJMaxx 2H DIG_FY18,Viant,"PK2V4X_TJN_TJX_028_Data_VIANT INC_DSI_SV1_DSK_DIR_RCH_TRG_INT_BTG_CTG_DVY_PHASE 1_VIANT IMP, W25-54 STRATEGIC SAVERS, CONTOBOX - Fall Homes_Fixed Placement_Behavioral_F25-54_300 x 250_Click and View_NV_NA",205688458,9/29/2017,4922,40,4882,5,4877,520,4357,748,3609,525,90,838
TJN_TJX_TJMaxx 2H DIG_FY18,Viant,"PJNSHB_TJN_TJX_028_Data_VIANT INC_DSI_SV1_MWB_DIR_DSP_TRG_RON_BTG_CTG_DVY_PHASE 1_VIANT DIRECT MATCH RETAIL, COMPETITIVE CONQUESTING, DISPLAY_Fixed Placement_Behavioral_F25-54_300 x 50_Standard_NV_NA",204478658,9/18/2017,19681,114,19567,0,19567,5759,13808,10199,3609,5759,4254,14453
TJN_TJX_TJMaxx 2H DIG_FY18,xAd Inc.,PJMTN9_TJN_TJX_028_Mobile_GROUND TRUTH FKA XAD_DST_SV1_MAP_DIR_DSP_TRG_RON_BTG_BTG_DVY_PHASE 1_BEHAVIORAL AUDIENCE STRATEGIC SAVERS PLACEMENT - STANDARD BANNER - Fall Handbag_Run of Network_Behavioral_F25-54_300 x 250_Click and View_NV_NA,204447293,9/16/2017,9631,216,9415,9411,4,1,3,1,2,9412,3137,3138
TJN_TJX_TJMaxx 2H DIG_FY18,Viant,"PK2X7F_TJN_TJX_028_Data_VIANT INC_DSI_SV1_DSK_DIR_RCH_TRG_INT_BTG_CTG_DVY_PHASE 1_VIANT IMP, W25-54 STRATEGIC SAVERS, CONTOBOX - Honeycomb_Fixed Placement_Behavioral_F25-54_728 x 90_Click and View_NV_NA",205727841,10/8/2017,7011,76,6935,2,6933,296,6637,2297,4340,298,103,2400
TJN_MAR_023_Marshalls 2H Digital_F18,Bustle,PKGB7T_TJN_MAR_023_Content_BUSTLE_Custom Content Roadblock Custom Shot Feature 1 - 300x250_Roadblock_Contextual_F25-54_300 x 250_Click and View_NV_NA,206751412,10/18/2017,3915,88,3827,2,3825,3498,327,239,88,3500,2558,2797
TJN_TJX_TJMaxx 2H DIG_FY18,Foursquare,"PJPRVG_TJN_TJX_028_Audience_FOURSQUARE LABS, INC_DST_SV1_MAP_PRO_DSP_TRG_RON_PXT_BTG_DVY_PHASE 1_PINPOINT COMPETITIVE CONQUESTING AV_Run of Network_Geo_F25-54_300 x 250_Standard_NV_NA",204527412,9/25/2017,188,16,172,58,114,8,106,55,51,66,34,89
TJN_TJX_TJMaxx 2H DIG_FY18,xAd Inc.,PJPXK0_TJN_TJX_028_Mobile_GROUND TRUTH FKA XAD_DST_SV1_MAP_DIR_DSP_TRG_RON_BTG_BTG_DVY_PHASE 1_BEHAVIORAL AUDIENCE TRENDSETTERS PLACEMENT - STANDARD BANNER - TJMaxx_Run of Network_Behavioral_F25-54_320 x 50_Click and View_NV_NA,204483993,10/9/2017,14296,172,14124,4684,9440,145,9295,7069,2226,4829,3673,10742
TJN_TJX_TJMaxx 2H DIG_FY18,Conversant Inc.,PJPWBX_TJN_TJX_028_Audience_CONVERSANT_DST_SV1_DSK_NET_DSP_TRG_RON_BTG_BTG_DVY_PHASE 1_ DESKTOP WIDE SKYSCRAPER - CJ INTERACTORS LAL MODELING_Run of Site_Behavioral_P18+_160 x 600_Standard_NV_NA,204442033,10/15/2017,24197,1477,22720,8,22712,3203,19509,7416,12093,3211,1221,8637
TJN_TJX_TJMaxx 2H DIG_FY18,Conversant Inc.,PJPWPD_TJN_TJX_028_Audience_CONVERSANT_DST_SV1_MAP_NET_DSP_TRG_RON_BTG_BTG_DVY_PHASE 1_ SMARTPHONE SMALL BANNER  - CONVERSANT SHOPPERS AV_Run of Site_Behavioral_P18+_320 x 50_Standard_NV_NA,204447251,10/4/2017,1415,35,1380,0,1380,323,1057,841,216,323,257,1098
TJN_TJX_TJMaxx 2H DIG_FY18,Conversant Inc.,PJPTMM_TJN_TJC_031_Audience_CONVERSANT_PUR_ROI_MAP_NET_DSP_TRG_RON_BTG_BTG_DVY_SMARTPHONE SMALL BANNER - COMPETITIVE CONQUESTING_Run of Site_Other_P18+_320 x 50_Standard_NV_NA,204483939,10/12/2017,71969,924,71045,5,71040,5697,65343,54484,10859,5702,4754,59238
TJN_MAR_023_Marshalls 2H Digital_F18,xAd Inc.,PJQ0Y8_TJN_MAR_023_Mobile_GROUND TRUTH FKA XAD_DST_SV1_MAP_DIR_RCH_TRG_RON_WEA_PXT_DVY_PROXIMITY LOYALTY - WEATHER LOCATOR UNIT_Run of Network_Weather_F25-54_320 x 50_Click and View_NV_NA,204556189,9/22/2017,24134,642,23492,12294,11198,123,11075,10187,888,12417,11421,21608
TJN_TJX_TJMaxx 2H DIG_FY18,Viant,"PK2V4Z_TJN_TJX_028_Data_VIANT INC_DSI_SV1_MWB_DIR_RCH_TRG_INT_BTG_CTG_DVY_PHASE 1_VIANT IMP, W25-54 STRATEGIC SAVERS, CONTOBOX - Fall Homes_Fixed Placement_Behavioral_F25-54_300 x 250_Click and View_NV_NA",205726911,10/21/2017,5,1,4,1,3,1,2,2,0,2,2,4
TJN_TJX_TJMaxx 2H DIG_FY18,Viant,"PJSPCD_TJN_TJC_031_Data_VIANT INC_PUR_ROI_DSK_DIR_DSP_TRG_RON_BTG_MKT_DVY_W25-54 + ONLINE SHOPPERS, CROSS DEVICE DISPLAY_Fixed Placement_Behavioral_F25-54_728 x 90_Click_NV_NA",204733044,10/7/2017,6380,105,6275,0,6275,124,6151,5526,625,124,111,5637
TJN_TJX_TJMaxx 2H DIG_FY18,Conversant Inc.,PJPWBT_TJN_TJX_028_Audience_CONVERSANT_DST_SV1_DSK_NET_DSP_TRG_RON_BTG_BTG_DVY_PHASE 1_ DESKTOP LEADERBOARD - CJ INTERACTORS LAL MODELING_Run of Site_Behavioral_P18+_728 x 90_Standard_NV_NA,204446096,10/6/2017,21873,1860,20013,0,20013,2164,17849,9033,8816,2164,1095,10128
TJN_TJX_TJMaxx 2H DIG_FY18,xAd Inc.,PJMTN2_TJN_TJX_028_Mobile_GROUND TRUTH FKA XAD_DST_SV1_MAP_DIR_DSP_TRG_RON_RTG_RTG_DVY_PHASE 1_LOCATION AUDIENCE COMPETITIVE CONQUESTING PLACEMENT - STANDARD BANNER - Fall Handbag_Run of Network_Retarget_F25-54_300 x 250_Click and View_NV_NA,204447824,9/24/2017,12290,250,12040,12038,2,0,2,0,2,12038,0,0
TJN_TJX_TJMaxx 2H DIG_FY18,Foursquare,"PJMQ2D_TJN_TJX_028_Audience_FOURSQUARE LABS, INC_DST_SV1_MAP_PRO_DSP_TRG_RON_PXT_BTG_DVY_PHASE 1_PINPOINT STRATEGIC SAVERS_Run of Network_Geo_F25-54_300 x 250_Standard_NV_NA",204483457,10/20/2017,7837,219,7618,5771,1847,256,1591,600,991,6027,2273,2873
TJN_TJX_TJMaxx 2H DIG_FY18,xAd Inc.,PJMTNC_TJN_TJX_028_Mobile_GROUND TRUTH FKA XAD_DST_SV1_MAP_DIR_DSP_TRG_RON_BTG_BTG_DVY_PHASE 1_BEHAVIORAL AUDIENCE TRENDSETTERS PLACEMENT - STANDARD BANNER - Maxx You Maxx Life_Run of Network_Behavioral_F25-54_320 x 50_Click and View_NV_NA,204447830,10/9/2017,13618,198,13420,4880,8540,148,8392,6478,1914,5028,3881,10359
TJN_MAR_023_Marshalls 2H Digital_F18,xAd Inc.,PJQ0YL_TJN_MAR_023_Mobile_GROUND TRUTH FKA XAD_DST_SV1_MAP_DIR_DSP_TRG_RON_BTG_PXT_DVY_COMPETITOR SHOPPERS - DYNAMIC DISTANCE_Run of Network_Geo_F25-54_320 x 50_Click and View_NV_NA,204595638,9/22/2017,11315,185,11130,8431,2699,795,1904,1748,156,9226,7372,9120
TJN_TJX_TJMaxx 2H DIG_FY18,xAd Inc.,PJPXK1_TJN_TJX_028_Mobile_GROUND TRUTH FKA XAD_DST_SV1_MAP_DIR_DSP_TRG_RON_PXT_PXT_DVY_PHASE 1_PROXIMITY LOYALTY PLACEMENT - STANDARD BANNER - TJMaxx_Run of Network_Geo_F25-54_320 x 50_Click and View_NV_NA,204483996,9/11/2017,45705,657,45048,9691,35357,7570,27787,17150,10637,17261,10386,27536
TJN_TJX_TJMaxx 2H DIG_FY18,xAd Inc.,PKF8WD_TJN_TJX_028_Mobile_GROUND TRUTH FKA XAD_DST_SV1_MAP_DIR_RCH_TRG_RON_PXT_PXT_DVY_PHASE 1_PROXIMITY LOYALTY PLACEMENT - RICH MEDIA STORE LOCATOR - Find A Store V1_Run of Network_Geo_F25-54_320 x 50_Click and View_NV_NA,206772065,10/13/2017,1,0,1,0,1,0,1,1,0,0,0,1
TJN_TJX_TJMaxx 2H DIG_FY18,Conversant Inc.,PJPWBT_TJN_TJX_028_Audience_CONVERSANT_DST_SV1_DSK_NET_DSP_TRG_RON_BTG_BTG_DVY_PHASE 1_ DESKTOP LEADERBOARD - CJ INTERACTORS LAL MODELING_Run of Site_Behavioral_P18+_728 x 90_Standard_NV_NA,204446096,10/11/2017,54341,3575,50766,20,50746,4412,46334,21584,24750,4432,2065,23649
TJN_TJX_TJMaxx 2H DIG_FY18,PlaceIQ,PK19YY_TJN_TJX_028_Mobile_PLACEIQ INC_DST_SV1_MAP_DIR_RCH_TRG_RON_BTG_PTG_DVY_PHASE 1_RICH MEDIA_STRATEGIC SAVERS_FREQUENT WOMEN'S APPAREL SHOPPER+DISCRETIONARY SPEND SHOPPERS_Run of Network_Behavioral_F25-54_320 x 50_Click and View_NV_NA,205568681,10/13/2017,34257,782,33475,13185,20290,597,19693,19284,409,13782,13496,32780
TJN_TJX_TJMaxx 2H DIG_FY18,Conversant Inc.,PJNPMF_TJN_TJC_031_Audience_CONVERSANT_PUR_ROI_DSK_NET_DSP_TRG_RON_BTG_BTG_DVY_DESKTOP RECTANGLE- STRATEGIC SAVERS_Run of Site_Other_P18+_300 x 600_Standard_NV_NA,204442069,10/16/2017,2250,132,2118,0,2118,487,1631,535,1096,487,160,695
TJN_TJX_TJMaxx 2H DIG_FY18,PlaceIQ,PK19YZ_TJN_TJX_028_Mobile_PLACEIQ INC_DST_SV1_MAP_DIR_RCH_TRG_RON_BTG_PTG_DVY_PHASE 1_RICH MEDIA_STRATEGIC SAVERS_INFORMER CONSUMER SHOPPERS+TOP TIER APPAREL SHOPPER_Run of Network_Behavioral_F25-54_320 x 50_Click and View_NV_NA,205563548,9/29/2017,50263,2128,48135,27914,20221,716,19505,18973,532,28630,27849,46822
TJN_MAR_023_Marshalls 2H Digital_F18,xAd Inc.,PJQ0YH_TJN_MAR_023_Mobile_GROUND TRUTH FKA XAD_DST_SV1_MAP_DIR_DSP_TRG_RON_BTG_DMA_DVY_BEHAVIORAL - FASHION SHOPPER - DYNAMIC DISTANCE_Run of Network_Behavioral_F25-54_300 x 250_Click and View_NV_NA,204543443,9/28/2017,17025,5146,11879,11794,85,1,84,76,8,11795,10669,10745
TJN_TJX_TJMaxx 2H DIG_FY18,Foursquare,"PJPSSZ_TJN_TJX_028_Audience_FOURSQUARE LABS, INC_DST_SV1_MAP_PRO_RCH_TRG_RON_PXT_BTG_DVY_PHASE 1_MOBILE RICH MEDIA COMPETITIVE CONQUESTING - Fall Handbag_Run of Network_Geo_F25-54_300 x 250_Standard_NV_NA",204478073,9/28/2017,1793,104,1689,656,1033,55,978,339,639,711,246,585
TJN_TJX_TJMaxx 2H DIG_FY18,Viant,"PJNSGP_TJN_TJX_028_Data_VIANT INC_DSI_SV1_MWB_DIR_DSP_TRG_RON_BTG_CTG_DVY_PHASE 1_VIANT DIRECT MATCH RETAIL, TJX PORFOLIO LOYALISTS, DISPLAY_Fixed Placement_Behavioral_F25-54_300 x 50_Standard_NV_NA",204525579,10/7/2017,72,2,70,0,70,5,65,38,27,5,3,41
TJN_TJX_TJMaxx 2H DIG_FY18,Foursquare,"PJPSSY_TJN_TJX_028_Audience_FOURSQUARE LABS, INC_DST_SV1_MAP_PRO_RCH_TRG_RON_PXT_BTG_DVY_PHASE 1_MOBILE RICH MEDIA TRENDSETTERS - Find A TJ Maxx Store_Run of Network_Geo_F25-54_320 x 50_Standard_NV_NA",204527598,9/26/2017,41586,982,40604,31233,9371,781,8590,5925,2665,32014,22082,28007
TJN_TJX_TJMaxx 2H DIG_FY18,Hulu,PK3CXH_TJN_TJX_027_Content_HULU_BAF_BS2_DSK_DIR_CUS_SPN_CHS_CTG_CTG_DVY_FALL TV SPONSORSHIP: PREMIUM SLATE - DESKTOP_FEP_Contextual_F25-54_1920 x 1080_Standard_NV_NA,205683922,10/15/2017,68078,1051,67027,67027,0,0,0,0,0,67027,44274,44274
TJN_TJX_TJMaxx 2H DIG_FY18,Conversant Inc.,PJNPMH_TJN_TJC_031_Audience_CONVERSANT_PUR_ROI_MAP_NET_DSP_TRG_RON_BTG_BTG_DVY_SMARTPHONE SMALL BANNER - STRATEGIC SAVERS_Run of Site_Other_P18+_320 x 50_Standard_NV_NA,204442066,10/21/2017,2811,48,2763,0,2763,512,2251,1136,1115,512,258,1394
TJN_TJX_TJMaxx 2H DIG_FY18,Conversant Inc.,PJPWP9_TJN_TJX_028_Audience_CONVERSANT_DST_SV1_DSK_NET_DSP_TRG_RON_BTG_BTG_DVY_PHASE 1_ DESKTOP MEDIUM RECTANGLE - CONVERSANT SHOPPERS AV_Run of Site_Behavioral_P18+_300 x 250_Standard_NV_NA,204483957,10/6/2017,882,55,827,0,827,131,696,355,341,131,67,422
TJN_TJX_TJMaxx 2H DIG_FY18,Conversant Inc.,PJPWPH_TJN_TJX_028_Audience_CONVERSANT_DST_SV1_MAP_NET_DSP_TRG_RON_BTG_BTG_DVY_PHASE 1_ SMARTPHONE MEDIUM RECTANGLE  - CONVERSANT SHOPPERS AV_Run of Site_Behavioral_P18+_300 x 250_Standard_NV_NA,204442060,9/28/2017,494,16,478,0,478,99,379,153,226,99,40,193
TJN_MAR_023_Marshalls 2H Digital_F18,NinthDecimal,PJPSRY_TJN_MAR_023_Mobile_NINTHDECIMAL_DST_SV1_MAP_DIR_RCH_TRG_RON_BTG_PXT_DVY_LOCATION GRAPH: LABOR DAY SALES SHOPPERS_Run of Network_Behavioral_F25-54_320 x 50_Click and View_NV_NA,204542876,9/18/2017,1838,134,1704,594,1110,9,1101,1074,27,603,588,1662
TJN_TJX_TJMaxx 2H DIG_FY18,xAd Inc.,PKF477_TJN_TJX_028_Mobile_GROUND TRUTH FKA XAD_DST_SV1_MAP_DIR_DSP_TRG_RON_PXT_PXT_DVY_PHASE 1_PROXIMITY LOYALTY PLACEMENT - STANDARD BANNER - Find A Store V2_Run of Network_Geo_F25-54_320 x 50_Click and View_NV_NA,206772098,10/17/2017,5395,186,5209,419,4790,52,4738,3256,1482,471,324,3580
TJN_MAR_023_Marshalls 2H Digital_F18,xAd Inc.,PJQ0Y8_TJN_MAR_023_Mobile_GROUND TRUTH FKA XAD_DST_SV1_MAP_DIR_RCH_TRG_RON_WEA_PXT_DVY_PROXIMITY LOYALTY - WEATHER LOCATOR UNIT_Run of Network_Weather_F25-54_320 x 50_Click and View_NV_NA,204556189,9/24/2017,23505,525,22980,12949,10031,139,9892,9400,492,13088,12437,21837
TJN_TJX_TJMaxx 2H DIG_FY18,Foursquare,"PKFMLR_TJN_TJX_028_Audience_FOURSQUARE LABS, INC_DST_SV1_MAP_PRO_RCH_TRG_RON_PXT_BTG_DVY_PHASE 1_MOBILE RICH MEDIA STRATEGIC SAVERS - Find A Store V2_Run of Network_Geo_F25-54_320 x 50_Standard_NV_NA",206832741,10/21/2017,8976,131,8845,6387,2458,395,2063,1832,231,6782,6023,7855
TJN_MAR_023_Marshalls 2H Digital_F18,xAd Inc.,PJQ0Y7_TJN_MAR_023_Mobile_GROUND TRUTH FKA XAD_DST_SV1_MAP_DIR_DSP_TRG_RON_PXT_BTG_DVY_PROXIMITY LOYALTY - DYNAMIC DISTANCE_Run of Network_Geo_F25-54_300 x 250_Click and View_NV_NA,204541754,9/15/2017,38036,1492,36544,36519,25,13,12,8,4,36532,24354,24362
TJN_TJX_TJMaxx 2H DIG_FY18,Viant,"PK2X7J_TJN_TJX_028_Data_VIANT INC_DSI_SV1_MWB_DIR_RCH_TRG_INT_BTG_CTG_DVY_PHASE 1_VIANT IMP, W25-54 STRATEGIC SAVERS, CONTOBOX - Honeycomb_Fixed Placement_Behavioral_F25-54_300 x 250_Click and View_NV_NA",205688479,9/29/2017,1747,35,1712,3,1709,134,1575,312,1263,137,27,339
TJN_TJX_TJMaxx 2H DIG_FY18,Viant,"PJSPCJ_TJN_TJC_031_Data_VIANT INC_PUR_ROI_MWB_DIR_DSP_TRG_RON_BTG_MKT_DVY_W25-54 + ONLINE SHOPPERS, CROSS DEVICE DISPLAY_Fixed Placement_Behavioral_F25-54_300 x 250_Click_NV_NA",204733038,10/15/2017,32,5,27,0,27,2,25,14,11,2,1,15
TJN_TJX_TJMaxx 2H DIG_FY18,Viant,"PJSPBS_TJN_TJC_031_Data_VIANT INC_PUR_ROI_DSK_DIR_DSP_TRG_RON_BTG_MKT_DVY_DETERMINSTIC LAL OF ECOM CONVERTERS, CROSS DEVICE DISPLAY_Fixed Placement_Behavioral_F25-54_728 x 90_Click_NV_NA",204733518,10/21/2017,82,14,68,0,68,3,65,55,10,3,3,58
TJN_TJX_TJMaxx 2H DIG_FY18,xAd Inc.,PJMTN2_TJN_TJX_028_Mobile_GROUND TRUTH FKA XAD_DST_SV1_MAP_DIR_DSP_TRG_RON_RTG_RTG_DVY_PHASE 1_LOCATION AUDIENCE COMPETITIVE CONQUESTING PLACEMENT - STANDARD BANNER - Fall Handbag_Run of Network_Retarget_F25-54_300 x 250_Click and View_NV_NA,204447824,9/22/2017,12278,276,12002,11995,7,0,7,3,4,11995,5141,5144
TJN_MAR_023_Marshalls 2H Digital_F18,xAd Inc.,PJQ0YQ_TJN_MAR_023_Mobile_GROUND TRUTH FKA XAD_DST_SV1_MAP_DIR_DSP_TRG_RON_PXT_BTG_DVY_GEOBLOCKS CONQUESTING - DYNAMIC DISTANCE_Run of Network_Geo_F25-54_320 x 50_Click and View_NV_NA,204595632,10/8/2017,9490,155,9335,7825,1510,62,1448,946,502,7887,5153,6099
TJN_MAR_023_Marshalls 2H Digital_F18,Bustle,PK5G41_TJN_MAR_023_Content_BUSTLE_Custom Content Roadblock Standard Feature 1 - Panoramic_Roadblock_Contextual_F25-54_1 x 1_Click and View_NV_NA,206335290,10/18/2017,5270,113,5157,2,5155,468,4687,3789,898,470,380,4169
TJN_TJX_TJMaxx 2H DIG_FY18,xAd Inc.,PJMTNC_TJN_TJX_028_Mobile_GROUND TRUTH FKA XAD_DST_SV1_MAP_DIR_DSP_TRG_RON_BTG_BTG_DVY_PHASE 1_BEHAVIORAL AUDIENCE TRENDSETTERS PLACEMENT - STANDARD BANNER - Maxx You Maxx Life_Run of Network_Behavioral_F25-54_320 x 50_Click and View_NV_NA,204447830,10/19/2017,5,1,4,3,1,0,1,1,0,3,3,4
TJN_TJX_TJMaxx 2H DIG_FY18,Conversant Inc.,PJNPLZ_TJN_TJX_028_Audience_CONVERSANT_DST_SV1_MAP_NET_DSP_TRG_RON_BTG_BTG_DVY_PHASE 1_ SMARTPHONE SMALL BANNER  - CJ CONVERTERS LAL MODELING_Run of Site_Behavioral_P18+_320 x 50_Standard_NV_NA,204442891,10/13/2017,34297,532,33765,195,33570,4722,28848,16561,12287,4917,2823,19384
TJN_TJX_TJMaxx 2H DIG_FY18,xAd Inc.,PJMTND_TJN_TJX_028_Mobile_GROUND TRUTH FKA XAD_DST_SV1_MAP_DIR_DSP_TRG_RON_PXT_PXT_DVY_PHASE 1_PROXIMITY LOYALTY PLACEMENT - STANDARD BANNER - Maxx You Maxx Life_Run of Network_Geo_F25-54_320 x 50_Click and View_NV_NA,204442096,9/14/2017,46590,779,45811,15589,30222,8858,21364,14963,6401,24447,15892,30855
TJN_TJX_TJMaxx 2H DIG_FY18,xAd Inc.,PJMTNB_TJN_TJX_028_Mobile_GROUND TRUTH FKA XAD_DST_SV1_MAP_DIR_DSP_TRG_RON_BTG_BTG_DVY_PHASE 1_BEHAVIORAL AUDIENCE TRENDSETTERS PLACEMENT - STANDARD BANNER - Fall Handbag_Run of Network_Behavioral_F25-54_300 x 250_Click and View_NV_NA,204447833,10/14/2017,7477,71,7406,7406,0,0,0,0,0,7406,6823,6823
TJN_TJX_TJMaxx 2H DIG_FY18,Viant,"PJNSHD_TJN_TJX_028_Data_VIANT INC_DSI_SV1_DSK_DIR_DSP_TRG_RON_BTG_CTG_DVY_PHASE 1_VIANT DIRECT MATCH RETAIL, COMPETITIVE CONQUESTING, DISPLAY_Fixed Placement_Behavioral_F25-54_160 x 600_Standard_NV_NA",204477281,10/15/2017,4127,119,4008,0,4008,395,3613,2327,1286,395,254,2581
TJN_TJX_TJMaxx 2H DIG_FY18,Foursquare,"PK0H84_TJN_TJX_028_Audience_FOURSQUARE LABS, INC_DST_SV1_MAP_PRO_RCH_TRG_RON_PXT_BTG_DVY_PHASE 1_MOBILE RICH MEDIA COMPETITIVE CONQUESTING - Find A Store_Run of Network_Geo_F25-54_320 x 50_Standard_NV_NA",205427847,10/13/2017,26307,604,25703,19200,6503,307,6196,4475,1721,19507,14089,18564
TJN_TJX_TJMaxx 2H DIG_FY18,xAd Inc.,PJPXJZ_TJN_TJX_028_Mobile_GROUND TRUTH FKA XAD_DST_SV1_MAP_DIR_DSP_TRG_RON_BTG_BTG_DVY_PHASE 1_BEHAVIORAL AUDIENCE TRENDSETTERS PLACEMENT - STANDARD BANNER - Fall Hero_Run of Network_Behavioral_F25-54_300 x 250_Click and View_NV_NA,204446156,10/11/2017,9429,96,9333,9329,4,0,4,2,2,9329,4665,4667
TJN_TJX_TJMaxx 2H DIG_FY18,xAd Inc.,PJMTND_TJN_TJX_028_Mobile_GROUND TRUTH FKA XAD_DST_SV1_MAP_DIR_DSP_TRG_RON_PXT_PXT_DVY_PHASE 1_PROXIMITY LOYALTY PLACEMENT - STANDARD BANNER - Maxx You Maxx Life_Run of Network_Geo_F25-54_320 x 50_Click and View_NV_NA,204442096,10/14/2017,3,1,2,1,1,1,0,0,0,2,1,1
TJN_TJX_TJMaxx 2H DIG_FY18,Conversant Inc.,PJPWP9_TJN_TJX_028_Audience_CONVERSANT_DST_SV1_DSK_NET_DSP_TRG_RON_BTG_BTG_DVY_PHASE 1_ DESKTOP MEDIUM RECTANGLE - CONVERSANT SHOPPERS AV_Run of Site_Behavioral_P18+_300 x 250_Standard_NV_NA,204483957,9/21/2017,1823,106,1717,0,1717,327,1390,1027,363,327,242,1269
TJN_TJX_TJMaxx 2H DIG_FY18,PlaceIQ,PK1YHC_TJN_TJX_028_Mobile_PLACEIQ INC_DST_SV1_MAP_DIR_RCH_TRG_RON_BTG_PXT_DVY_PHASE 1_RICH MEDIA_TJX PROXIMITY LOYALISTS_DRIVE BY_Run of Network_Behavioral_F25-54_320 x 50_Click and View_NV_NA,205613803,10/16/2017,28845,685,28160,12770,15390,823,14567,14340,227,13593,13381,27721
TJN_TJX_TJMaxx 2H DIG_FY18,xAd Inc.,PJMTNB_TJN_TJX_028_Mobile_GROUND TRUTH FKA XAD_DST_SV1_MAP_DIR_DSP_TRG_RON_BTG_BTG_DVY_PHASE 1_BEHAVIORAL AUDIENCE TRENDSETTERS PLACEMENT - STANDARD BANNER - Fall Handbag_Run of Network_Behavioral_F25-54_300 x 250_Click and View_NV_NA,204447833,9/14/2017,10616,314,10302,10290,12,1,11,5,6,10291,4678,4683
TJN_TJX_TJMaxx 2H DIG_FY18,NBC Universal Media,PK2LGS_TJN_TJX_028_Content_NBCUNI.COM_BAF_BS2_DSK_DIR_DSP_SPN_HPT_CTG_CTG_DCM_100% SOV NBC THIS IS US ROADBLOCK 9/26 - 970X66 DESKTOP_HP Takeover_Contextual_F25-54_970 x 66_Standard_NV_NA,205661835,10/9/2017,1,0,1,0,1,0,1,1,0,0,0,1
TJN_MAR_023_Marshalls 2H Digital_F18,xAd Inc.,PJQ0YS_TJN_MAR_023_Mobile_GROUND TRUTH FKA XAD_DST_SV1_MAP_DIR_DSP_TRG_RON_DMA_BTG_DVY_AV DMA TARGETING_Run of Network_Geo_F25-54_300 x 250_Click and View_NV_NA,204558337,9/22/2017,45263,751,44512,7885,36627,7275,29352,23957,5395,15160,12211,36168
TJN_TJX_TJMaxx 2H DIG_FY18,xAd Inc.,PJPXK1_TJN_TJX_028_Mobile_GROUND TRUTH FKA XAD_DST_SV1_MAP_DIR_DSP_TRG_RON_PXT_PXT_DVY_PHASE 1_PROXIMITY LOYALTY PLACEMENT - STANDARD BANNER - TJMaxx_Run of Network_Geo_F25-54_320 x 50_Click and View_NV_NA,204483996,9/26/2017,39600,604,38996,18911,20085,2620,17465,12356,5109,21531,14768,27124
TJN_TJX_TJMaxx 2H DIG_FY18,NBC Universal Media,PK2KJZ_TJN_TJX_028_Content_NBCUNI.COM_BAF_BS2_MAP_DIR_VID_SPN_ROS_BTG_CTG_MOA_THIS IS US SPONSORSHIP: MOBILE - VIGNETTE 3_Run of Site_Behavioral_F25-54_1920 x 1080_Click and View_NV_NA,205568891,10/17/2017,4919,52,4867,4867,0,0,0,0,0,4867,3251,3251
TJN_TJX_TJMaxx 2H DIG_FY18,Viant,PJPXKV_TJN_TJX_028_Data_VIANT INC_DSI_SV1_DSK_DIR_DSP_TRG_RON_BTG_CTG_DVY_PHASE 1_DESKTOP DISPLAY VIANT IMP TARGETING - STRATEGIC SAVERS AV_Fixed Placement_Demo_F25-54_728 x 90_Standard_NV_NA,204526986,10/12/2017,1020,413,607,0,607,55,552,333,219,55,33,366
TJN_MAR_023_Marshalls 2H Digital_F18,xAd Inc.,PJQ0YD_TJN_MAR_023_Mobile_GROUND TRUTH FKA XAD_DST_SV1_MAP_DIR_RCH_TRG_RON_WEA_PXT_DVY_PROXIMITY CONQUESTING - WEATHER LOCATOR UNIT_Run of Network_Weather_F25-54_320 x 50_Click and View_NV_NA,204541553,9/13/2017,14301,245,14056,6401,7655,117,7538,7005,533,6518,6057,13062
TJN_MAR_023_Marshalls 2H Digital_F18,xAd Inc.,PJQ0YN_TJN_MAR_023_Mobile_GROUND TRUTH FKA XAD_DST_SV1_MAP_DIR_DSP_TRG_RON_PXT_BTG_DVY_GEOBLOCKS LOYALTY - DYNAMIC DISTANCE_Run of Network_Geo_F25-54_320 x 50_Click and View_NV_NA,204558328,9/7/2017,20975,437,20538,16784,3754,2078,1676,1333,343,18862,9127,10460
TJN_TJX_TJMaxx 2H DIG_FY18,xAd Inc.,PKF4B4_TJN_TJX_028_Mobile_GROUND TRUTH FKA XAD_DST_SV1_MAP_DIR_DSP_TRG_RON_BTG_BTG_DVY_PHASE 1_BEHAVIORAL AUDIENCE TRENDSETTERS PLACEMENT - STANDARD BANNER - Find A Store V2_Run of Network_Behavioral_F25-54_320 x 50_Click and View_NV_NA,206832834,10/18/2017,6805,82,6723,2228,4495,75,4420,3415,1005,2303,1779,5194
TJN_TJX_TJMaxx 2H DIG_FY18,Foursquare,"PJPRQH_TJN_TJX_028_Audience_FOURSQUARE LABS, INC_DST_SV1_MAP_PRO_DSP_TRG_RON_PXT_BTG_DVY_PHASE 1_PINPOINT STRATEGIC SAVERS AV_Run of Network_Geo_F25-54_300 x 250_Standard_NV_NA",204481807,9/27/2017,279,4,275,111,164,18,146,66,80,129,58,124
TJN_MAR_023_Marshalls 2H Digital_F18,xAd Inc.,PJQ0YG_TJN_MAR_023_Mobile_GROUND TRUTH FKA XAD_DST_SV1_MAP_DIR_DSP_TRG_RON_BTG_DMA_DVY_BEHAVIORAL - FASHION SHOPPER - DYNAMIC DISTANCE_Run of Network_Behavioral_F25-54_320 x 50_Click and View_NV_NA,204557581,9/29/2017,16619,269,16350,14690,1660,72,1588,1339,249,14762,11876,13215
TJN_TJX_TJMaxx 2H DIG_FY18,Hulu,PK3DG3_TJN_TJX_027_Content_HULU_BAF_BS2_PKG_DIR_VID_SPN_CHS_CTG_CTG_DVY_FALL TV SPONSORSHIP:MASTHEAD BRAND - DESKTOP_FEP_Contextual_F25-54_1 x 1_Standard_NV_NA,205685902,10/17/2017,6,0,6,6,0,0,0,0,0,6,4,4
TJN_TJX_TJMaxx 2H DIG_FY18,xAd Inc.,PJMTN1_TJN_TJX_028_Mobile_GROUND TRUTH FKA XAD_DST_SV1_MAP_DIR_DSP_TRG_RON_DMA_DMA_DVY_PHASE 1_ADDED VALUE DMA TARGETING STANDALONE: STANDARD BANNER - Maxx You Maxx Life_Run of Network_Geo_F25-54_320 x 50_Click and View_NV_NA,204443461,9/10/2017,22636,313,22323,5366,16957,285,16672,14618,2054,5651,4955,19573
TJN_TJX_TJMaxx 2H DIG_FY18,Viant,PJPXKR_TJN_TJX_028_Data_VIANT INC_DSI_SV1_DSK_DIR_DSP_TRG_RON_BTG_CTG_DVY_PHASE 1_DESKTOP DISPLAY VIANT IMP TARGETING - STRATEGIC SAVERS AV_Fixed Placement_Demo_F25-54_300 x 250_Standard_NV_NA,204475841,9/22/2017,76482,1740,74742,23,74719,6142,68577,10681,57896,6165,960,11641
TJN_MAR_023_Marshalls 2H Digital_F18,xAd Inc.,PJQ0YK_TJN_MAR_023_Mobile_GROUND TRUTH FKA XAD_DST_SV1_MAP_DIR_DSP_TRG_RON_BTG_PXT_DVY_MARSHALLS SHOPPERS - DYNAMIC DISTANCE_Run of Network_Geo_F25-54_300 x 250_Click and View_NV_NA,204543440,9/29/2017,1893,51,1842,1842,0,0,0,0,0,1842,1842,1842
TJN_TJX_TJMaxx 2H DIG_FY18,PlaceIQ,PKFPTY_TJN_TJX_028_Mobile_PLACEIQ INC_DST_SV1_MAP_DIR_DSP_TRG_RON_BTG_PXT_DVY_PHASE 1_STANDARD BANNER_TJX PROXIMITY LOYALISTS_WORK BY TJMAXX - Sweaters_Run of Network_Behavioral_F25-54_300 x 250_Click and View_NV_NA,206833254,10/20/2017,299,27,272,132,140,1,139,133,6,133,127,260
TJN_TJX_TJMaxx 2H DIG_FY18,NBC Universal Media,PK3H7J_TJN_TJX_028_Content_NBCUNI.COM_BAF_BS2_DSK_DIR_DSP_SPN_HPT_CTG_CTG_DCM_100% SOV NBC THIS IS US ROADBLOCK 9/26 - 728X90 MOBILE_HP Takeover_Contextual_F25-54_728 x 90_Standard_NV_NA,205727727,9/30/2017,1,0,1,0,1,0,1,1,0,0,0,1
TJN_MAR_023_Marshalls 2H Digital_F18,xAd Inc.,PJQ0YD_TJN_MAR_023_Mobile_GROUND TRUTH FKA XAD_DST_SV1_MAP_DIR_RCH_TRG_RON_WEA_PXT_DVY_PROXIMITY CONQUESTING - WEATHER LOCATOR UNIT_Run of Network_Weather_F25-54_320 x 50_Click and View_NV_NA,204541553,10/13/2017,12054,298,11756,5424,6332,109,6223,5637,586,5533,5012,10649
TJN_TJX_TJMaxx 2H DIG_FY18,xAd Inc.,PJMTN5_TJN_TJX_028_Mobile_GROUND TRUTH FKA XAD_DST_SV1_MAP_DIR_RCH_TRG_RON_BTG_BTG_DVY_PHASE 1_BEHAVIORAL AUDIENCE TRENDSETTERS PLACEMENT - RICH MEDIA STORE LOCATOR - TJ Maxx_Run of Network_Behavioral_F25-54_320 x 50_Click and View_NV_NA,204442936,9/7/2017,6580,99,6481,2278,4203,49,4154,4048,106,2327,2268,6316
TJN_MAR_023_Marshalls 2H Digital_F18,NinthDecimal,PJPSRX_TJN_MAR_023_Mobile_NINTHDECIMAL_DST_SV1_MAP_DIR_RCH_TRG_RON_BTG_PXT_DVY_LOCATION GRAPH: COMPETITIVE CONQUESTING_Run of Network_Behavioral_F25-54_320 x 50_Click and View_NV_NA,204542879,9/19/2017,11190,270,10920,4231,6689,45,6644,6443,201,4276,4147,10590
TJN_TJX_TJMaxx 2H DIG_FY18,PlaceIQ,PK18PW_TJN_TJX_028_Mobile_PLACEIQ INC_DST_SV1_MAP_DIR_DSP_TRG_RON_BTG_PXT_DVY_PHASE 1_STANDARD BANNER_TRENDSTTERS_SOCIAL MEDIA INFLUENCER PLUS NEARBY TJMAXX - Maxx You Maxx Life_Run of Network_Behavioral_F25-54_320 x 50_Click and View_NV_NA,205566944,10/19/2017,27102,2720,24382,12546,11836,73,11763,11573,190,12619,12415,23988
TJN_TJX_TJMaxx 2H DIG_FY18,xAd Inc.,PJPXJR_TJN_TJX_028_Mobile_GROUND TRUTH FKA XAD_DST_SV1_MAP_DIR_DSP_TRG_RON_RTG_RTG_DVY_PHASE 1_LOCATION AUDIENCE TJX SHOPPERS PLACEMENT - STANDARD BANNER - Fall Hero_Run of Network_Retarget_F25-54_300 x 250_Click and View_NV_NA,204442105,9/20/2017,24746,642,24104,23812,292,13,279,260,19,23825,22203,22463
TJN_TJX_TJMaxx 2H DIG_FY18,xAd Inc.,PJMTN3_TJN_TJX_028_Mobile_GROUND TRUTH FKA XAD_DST_SV1_MAP_DIR_DSP_TRG_RON_RTG_RTG_DVY_PHASE 1_LOCATION AUDIENCE COMPETITIVE CONQUESTING PLACEMENT - STANDARD BANNER - Maxx You Maxx Life_Run of Network_Retarget_F25-54_320 x 50_Click and View_NV_NA,204442933,9/25/2017,76328,1215,75113,29561,45552,21020,24532,22053,2479,50581,39918,61971
TJN_MAR_023_Marshalls 2H Digital_F18,xAd Inc.,PJQ0Y6_TJN_MAR_023_Mobile_GROUND TRUTH FKA XAD_DST_SV1_MAP_DIR_DSP_TRG_RON_PXT_BTG_DVY_PROXIMITY LOYALTY - DYNAMIC DISTANCE_Run of Network_Geo_F25-54_320 x 50_Click and View_NV_NA,204556888,9/4/2017,35,0,35,0,35,3,32,32,0,3,3,35
TJN_TJX_TJMaxx 2H DIG_FY18,Viant,"PJNSH8_TJN_TJX_028_Data_VIANT INC_DSI_SV1_TWB_DIR_DSP_TRG_RON_BTG_CTG_DVY_PHASE 1_VIANT DIRECT MATCH RETAIL, COMPETITIVE CONQUESTING, DISPLAY_Fixed Placement_Behavioral_F25-54_728 x 90_Standard_NV_NA",204483019,10/8/2017,6,0,6,0,6,1,5,3,2,1,1,4
TJN_TJX_TJMaxx 2H DIG_FY18,xAd Inc.,PJMTN0_TJN_TJX_028_Mobile_GROUND TRUTH FKA XAD_DST_SV1_MAP_DIR_DSP_TRG_RON_RTG_RTG_DVY_PHASE 1_LOCATION AUDIENCE TJX SHOPPERS PLACEMENT - STANDARD BANNER - Fall Handbag_Run of Network_Retarget_F25-54_300 x 250_Click and View_NV_NA,204447842,10/8/2017,7607,205,7402,7332,70,2,68,57,11,7334,6148,6205
TJN_TJX_TJMaxx 2H DIG_FY18,Conversant Inc.,PJPTMQ_TJN_TJC_031_Audience_CONVERSANT_PUR_ROI_DSK_NET_DSP_TRG_RON_BTG_BTG_DVY_DESKTOP MEDIUM RECTANGLE- COMPETITIVE CONQUESTING_Run of Site_Other_P18+_300 x 250_Standard_NV_NA,204447218,10/18/2017,3962,221,3741,0,3741,222,3519,2816,703,222,178,2994
TJN_TJX_TJMaxx 2H DIG_FY18,Conversant Inc.,PJNPLZ_TJN_TJX_028_Audience_CONVERSANT_DST_SV1_MAP_NET_DSP_TRG_RON_BTG_BTG_DVY_PHASE 1_ SMARTPHONE SMALL BANNER  - CJ CONVERTERS LAL MODELING_Run of Site_Behavioral_P18+_320 x 50_Standard_NV_NA,204442891,9/19/2017,6,6,0,0,0,0,0,0,0,0,0,0
TJN_TJX_TJMaxx 2H DIG_FY18,Conversant Inc.,PJPTLL_TJN_TJC_031_Audience_CONVERSANT_PUR_ROI_DSK_NET_DSP_TRG_RON_BTG_BTG_DVY_DESKTOP WIDE SKYSCRAPER- TRENDSETTERS_Run of Site_Other_P18+_160 x 600_Standard_NV_NA,204447269,10/13/2017,12844,1423,11421,2,11419,781,10638,7808,2830,783,575,8383
TJN_TJX_TJMaxx 2H DIG_FY18,Foursquare,"PJPQL0_TJN_TJX_028_Audience_FOURSQUARE LABS, INC_DST_SV1_MAP_PRO_DSP_TRG_RON_PXT_BTG_DVY_PHASE 1_PINPOINT TRENDSETTERS_Run of Network_Geo_F25-54_320 x 50_Standard_NV_NA",204478094,9/18/2017,191483,8974,182509,111507,71002,3154,67848,51784,16064,114661,87513,139297
TJN_MAR_023_Marshalls 2H Digital_F18,NinthDecimal,PJPSRR_TJN_MAR_023_Mobile_NINTHDECIMAL_DST_SV1_MAP_DIR_RCH_TRG_RON_PXT_DMA_DVY_GEOFENCE: 2-MILE RADIUS AROUND URBAN STORES_Run of Network_Geo_F25-54_320 x 50_Click and View_NV_NA,204541523,9/16/2017,17344,573,16771,8363,8408,54,8354,8048,306,8417,8109,16157
TJN_TJX_TJMaxx 2H DIG_FY18,xAd Inc.,PJMTMZ_TJN_TJX_028_Mobile_GROUND TRUTH FKA XAD_DST_SV1_MAP_DIR_DSP_TRG_RON_RTG_RTG_DVY_PHASE 1_LOCATION AUDIENCE TJX SHOPPERS PLACEMENT - STANDARD BANNER - Maxx You Maxx Life_Run of Network_Retarget_F25-54_320 x 50_Click and View_NV_NA,204484011,10/8/2017,9250,85,9165,4571,4594,47,4547,3752,795,4618,3811,7563
TJN_TJX_TJMaxx 2H DIG_FY18,Foursquare,"PK0H84_TJN_TJX_028_Audience_FOURSQUARE LABS, INC_DST_SV1_MAP_PRO_RCH_TRG_RON_PXT_BTG_DVY_PHASE 1_MOBILE RICH MEDIA COMPETITIVE CONQUESTING - Find A Store_Run of Network_Geo_F25-54_320 x 50_Standard_NV_NA",205427847,9/19/2017,55829,1173,54656,44848,9808,1089,8719,6221,2498,45937,32776,38997
TJN_MAR_023_Marshalls 2H Digital_F18,xAd Inc.,PJQ0YS_TJN_MAR_023_Mobile_GROUND TRUTH FKA XAD_DST_SV1_MAP_DIR_DSP_TRG_RON_DMA_BTG_DVY_AV DMA TARGETING_Run of Network_Geo_F25-54_300 x 250_Click and View_NV_NA,204558337,9/24/2017,42786,766,42020,9231,32789,5580,27209,21527,5682,14811,11548,33075
TJN_TJX_TJMaxx 2H DIG_FY18,xAd Inc.,PJPXJZ_TJN_TJX_028_Mobile_GROUND TRUTH FKA XAD_DST_SV1_MAP_DIR_DSP_TRG_RON_BTG_BTG_DVY_PHASE 1_BEHAVIORAL AUDIENCE TRENDSETTERS PLACEMENT - STANDARD BANNER - Fall Hero_Run of Network_Behavioral_F25-54_300 x 250_Click and View_NV_NA,204446156,10/6/2017,11603,473,11130,8788,2342,18,2324,2246,78,8806,8506,10752
TJN_MAR_023_Marshalls 2H Digital_F18,NinthDecimal,PJPSRZ_TJN_MAR_023_Mobile_NINTHDECIMAL_DST_SV1_MAP_DIR_RCH_TRG_RON_BTG_DMA_DVY_CONSUMER JOURNEY: BARGAIN HUNTERS_Run of Network_Behavioral_F25-54_320 x 50_Click and View_NV_NA,204542873,9/15/2017,19485,414,19071,6424,12647,85,12562,12136,426,6509,6288,18424
TJN_MAR_023_Marshalls 2H Digital_F18,xAd Inc.,PJQ0YP_TJN_MAR_023_Mobile_GROUND TRUTH FKA XAD_DST_SV1_MAP_DIR_DSP_TRG_RON_PXT_BTG_DVY_GEOBLOCKS LOYALTY - DYNAMIC DISTANCE_Run of Network_Geo_F25-54_300 x 250_Click and View_NV_NA,204537983,9/23/2017,6100,69,6031,5993,38,4,34,7,27,5997,1235,1242
TJN_MAR_023_Marshalls 2H Digital_F18,xAd Inc.,PJQ0YM_TJN_MAR_023_Mobile_GROUND TRUTH FKA XAD_DST_SV1_MAP_DIR_DSP_TRG_RON_BTG_PXT_DVY_COMPETITOR SHOPPERS - DYNAMIC DISTANCE_Run of Network_Geo_F25-54_300 x 250_Click and View_NV_NA,204555259,9/27/2017,2095,87,2008,1992,16,1,15,12,3,1993,1594,1606
TJN_TJX_TJMaxx 2H DIG_FY18,NBC Universal Media,PK3H78_TJN_TJX_028_Content_NBCUNI.COM_BAF_BS2_DSK_DIR_DSP_SPN_HPT_CTG_CTG_DCM_100% SOV NBC HOMEPAGE ROADBLOCK 9/26 - 728X90 MOBILE_HP Takeover_Contextual_F25-54_728 x 90_Standard_NV_NA,205634573,9/29/2017,1,0,1,0,1,0,1,1,0,0,0,1
TJN_TJX_TJMaxx 2H DIG_FY18,NBC Universal Media,PK3H7B_TJN_TJX_028_Content_NBCUNI.COM_BAF_BS2_DSK_DIR_DSP_SPN_HPT_CTG_CTG_DCM_100% SOV NBC HOMEPAGE ROADBLOCK 10/3 - 728X90 MOBILE_HP Takeover_Contextual_F25-54_728 x 90_Standard_NV_NA,205725903,10/4/2017,4298,279,4019,0,4019,175,3844,3164,680,175,144,3308
TJN_MAR_023_Marshalls 2H Digital_F18,NinthDecimal,PJPSRX_TJN_MAR_023_Mobile_NINTHDECIMAL_DST_SV1_MAP_DIR_RCH_TRG_RON_BTG_PXT_DVY_LOCATION GRAPH: COMPETITIVE CONQUESTING_Run of Network_Behavioral_F25-54_320 x 50_Click and View_NV_NA,204542879,10/13/2017,30886,427,30459,13772,16687,78,16609,16158,451,13850,13474,29632
TJN_TJX_TJMaxx 2H DIG_FY18,Conversant Inc.,PJNPML_TJN_TJC_031_Audience_CONVERSANT_PUR_ROI_DSK_NET_DSP_TRG_RON_BTG_BTG_DVY_DESKTOP MEDIUM RECTANGLE- STRATEGIC SAVERS_Run of Site_Other_P18+_300 x 250_Standard_NV_NA,204443407,10/13/2017,8858,430,8428,1,8427,974,7453,4750,2703,975,621,5371
TJN_TJX_TJMaxx 2H DIG_FY18,Conversant Inc.,PJNPMD_TJN_TJC_031_Audience_CONVERSANT_PUR_ROI_TAP_NET_DSP_TRG_RON_BTG_BTG_DVY_TABLET MEDIUM RECTANGLE - STRATEGIC SAVERS_Run of Site_Other_P18+_300 x 250_Standard_NV_NA,204483960,10/4/2017,2644,37,2607,0,2607,411,2196,857,1339,411,160,1017
TJN_MAR_023_Marshalls 2H Digital_F18,xAd Inc.,PJQ0YD_TJN_MAR_023_Mobile_GROUND TRUTH FKA XAD_DST_SV1_MAP_DIR_RCH_TRG_RON_WEA_PXT_DVY_PROXIMITY CONQUESTING - WEATHER LOCATOR UNIT_Run of Network_Weather_F25-54_320 x 50_Click and View_NV_NA,204541553,9/19/2017,15691,236,15455,4193,11262,220,11042,9730,1312,4413,3889,13619
TJN_TJX_TJMaxx 2H DIG_FY18,xAd Inc.,PJYDBW_TJN_TJX_028_Mobile_GROUND TRUTH FKA XAD_DST_SV1_MAP_DIR_RCH_TRG_RON_BTG_BTG_DVY_PHASE 1_BEHAVIORAL AUDIENCE STRATEGIC SAVERS PLACEMENT - RICH MEDIA STORE LOCATOR - Fall Hero_Run of Network_Behavioral_F25-54_300 x 250_Click and View_NV_NA,205207030,10/13/2017,4545,60,4485,2339,2146,98,2048,916,1132,2437,1090,2006
TJN_TJX_TJMaxx 2H DIG_FY18,Conversant Inc.,PJNPMC_TJN_TJC_031_Audience_CONVERSANT_PUR_ROI_TAP_NET_DSP_TRG_RON_BTG_BTG_DVY_TABLET LEADERBOARD- STRATEGIC SAVERS_Run of Site_Other_P18+_728 x 90_Standard_NV_NA,204442918,9/29/2017,1,0,1,0,1,0,1,1,0,0,0,1
TJN_MAR_023_Marshalls 2H Digital_F18,NinthDecimal,PJPSRX_TJN_MAR_023_Mobile_NINTHDECIMAL_DST_SV1_MAP_DIR_RCH_TRG_RON_BTG_PXT_DVY_LOCATION GRAPH: COMPETITIVE CONQUESTING_Run of Network_Behavioral_F25-54_320 x 50_Click and View_NV_NA,204542879,9/13/2017,18417,364,18053,5277,12776,87,12689,12387,302,5364,5236,17623
TJN_TJX_TJMaxx 2H DIG_FY18,Viant,PJPXKR_TJN_TJX_028_Data_VIANT INC_DSI_SV1_DSK_DIR_DSP_TRG_RON_BTG_CTG_DVY_PHASE 1_DESKTOP DISPLAY VIANT IMP TARGETING - STRATEGIC SAVERS AV_Fixed Placement_Demo_F25-54_300 x 250_Standard_NV_NA,204475841,9/24/2017,36639,706,35933,1,35932,2890,33042,5048,27994,2891,442,5490
TJN_TJX_TJMaxx 2H DIG_FY18,Conversant Inc.,PJPTLM_TJN_TJC_031_Audience_CONVERSANT_PUR_ROI_MAP_NET_DSP_TRG_RON_BTG_BTG_DVY_SMARTPHONE SMALL BANNER - TRENDSETTERS_Run of Site_Other_P18+_320 x 50_Standard_NV_NA,204447785,10/7/2017,18415,380,18035,0,18035,3851,14184,11257,2927,3851,3056,14313
TJN_TJX_TJMaxx 2H DIG_FY18,Viant,"PJNSGN_TJN_TJX_028_Data_VIANT INC_DSI_SV1_TWB_DIR_DSP_TRG_RON_BTG_CTG_DVY_PHASE 1_VIANT DIRECT MATCH RETAIL, TJX PORFOLIO LOYALISTS, DISPLAY_Fixed Placement_Behavioral_F25-54_300 x 250_Standard_NV_NA",204526347,9/18/2017,6209,4114,2095,0,2095,132,1963,1272,691,132,86,1358
TJN_MAR_023_Marshalls 2H Digital_F18,NinthDecimal,PJPSRV_TJN_MAR_023_Mobile_NINTHDECIMAL_DST_SV1_MAP_DIR_RCH_TRG_RON_BTG_PXT_DVY_LOCATION GRAPH: MARSHALLS LOYALISTS_Run of Network_Behavioral_F25-54_320 x 50_Click and View_NV_NA,204555232,9/15/2017,12742,389,12353,4042,8311,37,8274,7984,290,4079,3936,11920
TJN_TJX_TJMaxx 2H DIG_FY18,xAd Inc.,PKF4G3_TJN_TJX_028_Mobile_GROUND TRUTH FKA XAD_DST_SV1_MAP_DIR_DSP_TRG_RON_BTG_BTG_DVY_PHASE 1_BEHAVIORAL AUDIENCE STRATEGIC SAVERS PLACEMENT - STANDARD BANNER - Find A Store V2_Run of Network_Behavioral_F25-54_320 x 50_Click and View_NV_NA,206772056,10/15/2017,12565,176,12389,5288,7101,1409,5692,4001,1691,6697,4392,8393
TJN_MAR_023_Marshalls 2H Digital_F18,NinthDecimal,PJPSRS_TJN_MAR_023_Mobile_NINTHDECIMAL_DST_SV1_MAP_DIR_RCH_TRG_RON_PXT_DMA_DVY_GEOFENCE: 5-10-MILE RADIUS AROUND SUBURBAN STORES_Run of Network_Geo_F25-54_320 x 50_Click and View_NV_NA,204541748,10/1/2017,23517,602,22915,8240,14675,62,14613,14360,253,8302,8158,22518
TJN_TJX_TJMaxx 2H DIG_FY18,Foursquare,"PKFML5_TJN_TJX_028_Audience_FOURSQUARE LABS, INC_DST_SV1_MAP_PRO_RCH_TRG_RON_PXT_BTG_DVY_PHASE 1_MOBILE RICH MEDIA TRENDSETTERS - Sweaters_Run of Network_Geo_F25-54_300 x 250_Standard_NV_NA",206824533,10/21/2017,307,8,299,217,82,17,65,26,39,234,94,120
TJN_TJX_TJMaxx 2H DIG_FY18,xAd Inc.,PJMTND_TJN_TJX_028_Mobile_GROUND TRUTH FKA XAD_DST_SV1_MAP_DIR_DSP_TRG_RON_PXT_PXT_DVY_PHASE 1_PROXIMITY LOYALTY PLACEMENT - STANDARD BANNER - Maxx You Maxx Life_Run of Network_Geo_F25-54_320 x 50_Click and View_NV_NA,204442096,9/28/2017,43119,608,42511,27616,14895,3639,11256,6952,4304,31255,13188,20140
TJN_TJX_TJMaxx 2H DIG_FY18,xAd Inc.,PJMTN1_TJN_TJX_028_Mobile_GROUND TRUTH FKA XAD_DST_SV1_MAP_DIR_DSP_TRG_RON_DMA_DMA_DVY_PHASE 1_ADDED VALUE DMA TARGETING STANDALONE: STANDARD BANNER - Maxx You Maxx Life_Run of Network_Geo_F25-54_320 x 50_Click and View_NV_NA,204443461,9/29/2017,54890,1659,53231,20998,32233,534,31699,25030,6669,21532,17002,42032
TJN_MAR_023_Marshalls 2H Digital_F18,xAd Inc.,PJQ0YG_TJN_MAR_023_Mobile_GROUND TRUTH FKA XAD_DST_SV1_MAP_DIR_DSP_TRG_RON_BTG_DMA_DVY_BEHAVIORAL - FASHION SHOPPER - DYNAMIC DISTANCE_Run of Network_Behavioral_F25-54_320 x 50_Click and View_NV_NA,204557581,9/10/2017,38789,521,38268,25911,12357,3057,9300,8387,913,28968,24710,33097
TJN_MAR_023_Marshalls 2H Digital_F18,xAd Inc.,PJQ0YK_TJN_MAR_023_Mobile_GROUND TRUTH FKA XAD_DST_SV1_MAP_DIR_DSP_TRG_RON_BTG_PXT_DVY_MARSHALLS SHOPPERS - DYNAMIC DISTANCE_Run of Network_Geo_F25-54_300 x 250_Click and View_NV_NA,204543440,9/10/2017,3183,46,3137,3137,0,0,0,0,0,3137,3137,3137
TJN_TJX_TJMaxx 2H DIG_FY18,xAd Inc.,PJYDBR_TJN_TJX_028_Mobile_GROUND TRUTH FKA XAD_DST_SV1_MAP_DIR_RCH_TRG_RON_BTG_BTG_DVY_PHASE 1_BEHAVIORAL AUDIENCE TRENDSETTERS PLACEMENT - RICH MEDIA STORE LOCATOR - Maxx You Maxx Life_Run of Network_Behavioral_F25-54_320 x 50_Click and View_NV_NA,205145234,10/3/2017,7,2,5,4,1,1,0,0,0,5,4,4
TJN_MAR_023_Marshalls 2H Digital_F18,NinthDecimal,PJPSRX_TJN_MAR_023_Mobile_NINTHDECIMAL_DST_SV1_MAP_DIR_RCH_TRG_RON_BTG_PXT_DVY_LOCATION GRAPH: COMPETITIVE CONQUESTING_Run of Network_Behavioral_F25-54_320 x 50_Click and View_NV_NA,204542879,9/16/2017,14288,220,14068,5691,8377,45,8332,8045,287,5736,5538,13583
TJN_TJX_TJMaxx 2H DIG_FY18,NBC Universal Media,PK2HF7_TJN_TJX_028_Content_NBCUNI.COM_BAF_BS2_DSK_DIR_VID_SPN_ROS_BTG_CTG_MOA_THIS IS US SPONSORSHIP: MOBILE - VIGNETTE 1_Run of Site_Behavioral_F25-54_1920 x 1080_Click and View_NV_NA,205568879,10/2/2017,1706,6,1700,1700,0,0,0,0,0,1700,1270,1270
TJN_TJX_TJMaxx 2H DIG_FY18,Viant,"PK2V50_TJN_TJX_028_Data_VIANT INC_DSI_SV1_DSK_DIR_RCH_TRG_INT_BTG_CTG_DVY_PHASE 1_VIANT IMP, W25-54 STRATEGIC SAVERS, CONTOBOX - Fall Homes_Fixed Placement_Behavioral_F25-54_160 x 600_Click and View_NV_NA",205726908,10/20/2017,14,4,10,6,4,0,4,4,0,6,6,10
TJN_TJX_TJMaxx 2H DIG_FY18,NBC Universal Media,PK2LGS_TJN_TJX_028_Content_NBCUNI.COM_BAF_BS2_DSK_DIR_DSP_SPN_HPT_CTG_CTG_DCM_100% SOV NBC THIS IS US ROADBLOCK 9/26 - 970X66 DESKTOP_HP Takeover_Contextual_F25-54_970 x 66_Standard_NV_NA,205661835,9/26/2017,69603,1182,68421,1,68420,1851,66569,57169,9400,1852,1590,58759
TJN_TJX_TJMaxx 2H DIG_FY18,xAd Inc.,PJPXK1_TJN_TJX_028_Mobile_GROUND TRUTH FKA XAD_DST_SV1_MAP_DIR_DSP_TRG_RON_PXT_PXT_DVY_PHASE 1_PROXIMITY LOYALTY PLACEMENT - STANDARD BANNER - TJMaxx_Run of Network_Geo_F25-54_320 x 50_Click and View_NV_NA,204483996,10/9/2017,12178,252,11926,1939,9987,146,9841,6836,3005,2085,1448,8284
TJN_TJX_TJMaxx 2H DIG_FY18,Foursquare,"PJPQKZ_TJN_TJX_028_Audience_FOURSQUARE LABS, INC_DST_SV1_MAP_PRO_DSP_TRG_RON_PXT_BTG_DVY_PHASE 1_PINPOINT TRENDSETTERS_Run of Network_Geo_F25-54_300 x 250_Standard_NV_NA",204481813,10/20/2017,4397,147,4250,3196,1054,243,811,431,380,3439,1828,2259
TJN_TJX_TJMaxx 2H DIG_FY18,Conversant Inc.,PJPTMP_TJN_TJC_031_Audience_CONVERSANT_PUR_ROI_DSK_NET_DSP_TRG_RON_BTG_BTG_DVY_DESKTOP LEADERBOARD- COMPETITIVE CONQUESTING_Run of Site_Other_P18+_728 x 90_Standard_NV_NA,204443389,10/9/2017,15613,824,14789,0,14789,3089,11700,8144,3556,3089,2150,10294
TJN_TJX_TJMaxx 2H DIG_FY18,Viant,"PJSPBS_TJN_TJC_031_Data_VIANT INC_PUR_ROI_DSK_DIR_DSP_TRG_RON_BTG_MKT_DVY_DETERMINSTIC LAL OF ECOM CONVERTERS, CROSS DEVICE DISPLAY_Fixed Placement_Behavioral_F25-54_728 x 90_Click_NV_NA",204733518,10/4/2017,8552,980,7572,0,7572,496,7076,5834,1242,496,409,6243
TJN_TJX_TJMaxx 2H DIG_FY18,Viant,"PJNSH7_TJN_TJX_028_Data_VIANT INC_DSI_SV1_MWB_DIR_DSP_TRG_RON_BTG_CTG_DVY_PHASE 1_VIANT DIRECT MATCH RETAIL, COMPETITIVE CONQUESTING, DISPLAY_Fixed Placement_Behavioral_F25-54_320 x 50_Standard_NV_NA",204477565,9/24/2017,23388,284,23104,6,23098,1147,21951,17505,4446,1153,919,18424
TJN_TJX_TJMaxx 2H DIG_FY18,Foursquare,"PJPRV8_TJN_TJX_028_Audience_FOURSQUARE LABS, INC_DST_SV1_MAP_PRO_DSP_TRG_RON_PXT_BTG_DVY_PHASE 1_PINPOINT TRENDSETTERS AV_Run of Network_Geo_F25-54_300 x 250_Standard_NV_NA",204527100,10/8/2017,86,0,86,33,53,3,50,29,21,36,21,50
TJN_TJX_TJMaxx 2H DIG_FY18,PlaceIQ,PK1YGY_TJN_TJX_028_Mobile_PLACEIQ INC_DST_SV1_MAP_DIR_DSP_TRG_RON_BTG_PTG_DVY_PHASE 1_STANDARD BANNER_TRENDSETTERS_ONLINE SHOPPER+TJMAXX SHOPPERS - TJ Maxx_Run of Network_Behavioral_F25-54_320 x 50_Click and View_NV_NA,205661871,10/12/2017,33783,730,33053,14465,18588,209,18379,18020,359,14674,14387,32407
TJN_MAR_023_Marshalls 2H Digital_F18,Bustle,PK5G3V_TJN_MAR_023_Content_BUSTLE_Native Content Module - Fall Fashion Finds Topics Page_Run of Site_Contextual_F25-54_1 x 1_Click and View_NV_NA,206334768,10/16/2017,10313,178,10135,3,10132,9296,836,486,350,9299,5406,5892
TJN_MAR_023_Marshalls 2H Digital_F18,NinthDecimal,PJPSRR_TJN_MAR_023_Mobile_NINTHDECIMAL_DST_SV1_MAP_DIR_RCH_TRG_RON_PXT_DMA_DVY_GEOFENCE: 2-MILE RADIUS AROUND URBAN STORES_Run of Network_Geo_F25-54_320 x 50_Click and View_NV_NA,204541523,10/13/2017,34270,920,33350,13893,19457,102,19355,18727,628,13995,13541,32268
TJN_TJX_TJMaxx 2H DIG_FY18,Foursquare,"PJPRVH_TJN_TJX_028_Audience_FOURSQUARE LABS, INC_DST_SV1_MAP_PRO_DSP_TRG_RON_PXT_BTG_DVY_PHASE 1_PINPOINT COMPETITIVE CONQUESTING AV_Run of Network_Geo_F25-54_320 x 50_Standard_NV_NA",204478088,9/30/2017,2166,71,2095,1183,912,25,887,753,134,1208,1026,1779
TJN_TJX_TJMaxx 2H DIG_FY18,Foursquare,"PJPST0_TJN_TJX_028_Audience_FOURSQUARE LABS, INC_DST_SV1_MAP_PRO_RCH_TRG_RON_PXT_BTG_DVY_PHASE 1_MOBILE RICH MEDIA COMPETITIVE CONQUESTING - Find A TJ Maxx Store_Run of Network_Geo_F25-54_320 x 50_Standard_NV_NA",204525348,9/19/2017,52313,1239,51074,42196,8878,1053,7825,5581,2244,43249,30846,36427
TJN_TJX_TJMaxx 2H DIG_FY18,Conversant Inc.,PJPTLQ_TJN_TJC_031_Audience_CONVERSANT_PUR_ROI_DSK_NET_DSP_TRG_RON_BTG_BTG_DVY_DESKTOP MEDIUM RECTANGLE- TRENDSETTERS_Run of Site_Other_P18+_300 x 250_Standard_NV_NA,204446138,10/9/2017,22205,1323,20882,0,20882,2696,18186,10777,7409,2696,1598,12375
TJN_MAR_023_Marshalls 2H Digital_F18,NinthDecimal,PJPSRR_TJN_MAR_023_Mobile_NINTHDECIMAL_DST_SV1_MAP_DIR_RCH_TRG_RON_PXT_DMA_DVY_GEOFENCE: 2-MILE RADIUS AROUND URBAN STORES_Run of Network_Geo_F25-54_320 x 50_Click and View_NV_NA,204541523,9/13/2017,25284,679,24605,9897,14708,64,14644,14261,383,9961,9700,23961
TJN_TJX_TJMaxx 2H DIG_FY18,PlaceIQ,PKFS92_TJN_TJX_028_Mobile_PLACEIQ INC_DST_SV1_MAP_DIR_DSP_TRG_RON_BTG_PXT_DVY_PHASE 1_STANDARD BANNER_TRENDSTTERS_SOCIAL MEDIA INFLUENCER PLUS NEARBY TJMAXX - Find a Store V2_Run of Network_Behavioral_F25-54_320 x 50_Click and View_NV_NA,206771771,10/21/2017,26660,1815,24845,14503,10342,93,10249,10095,154,14596,14377,24472
TJN_TJX_TJMaxx 2H DIG_FY18,Viant,"PJSPBT_TJN_TJC_031_Data_VIANT INC_PUR_ROI_MWB_DIR_DSP_TRG_RON_BTG_MKT_DVY_DETERMINSTIC LAL OF ECOM CONVERTERS, CROSS DEVICE DISPLAY_Fixed Placement_Behavioral_F25-54_300 x 250_Click_NV_NA",204732642,10/3/2017,1506,19,1487,0,1487,192,1295,835,460,192,124,959
TJN_TJX_TJMaxx 2H DIG_FY18,Foursquare,"PK0H80_TJN_TJX_028_Audience_FOURSQUARE LABS, INC_DST_SV1_MAP_PRO_RCH_TRG_RON_PXT_BTG_DVY_PHASE 1_MOBILE RICH MEDIA STRATEGIC SAVERS - Find A Store_Run of Network_Geo_F25-54_320 x 50_Standard_NV_NA",205394974,10/13/2017,11682,213,11469,6448,5021,355,4666,3201,1465,6803,4667,7868
TJN_TJX_TJMaxx 2H DIG_FY18,Conversant Inc.,PJNPMH_TJN_TJC_031_Audience_CONVERSANT_PUR_ROI_MAP_NET_DSP_TRG_RON_BTG_BTG_DVY_SMARTPHONE SMALL BANNER - STRATEGIC SAVERS_Run of Site_Other_P18+_320 x 50_Standard_NV_NA,204442066,10/4/2017,5165,65,5100,0,5100,913,4187,2827,1360,913,616,3443
TJN_TJX_TJMaxx 2H DIG_FY18,Viant,"PJSPCL_TJN_TJC_031_Data_VIANT INC_PUR_ROI_TWB_DIR_DSP_TRG_RON_BTG_MKT_DVY_W25-54 + ONLINE SHOPPERS, CROSS DEVICE DISPLAY_Fixed Placement_Behavioral_F25-54_728 x 90_Click_NV_NA",204715987,10/18/2017,1435,154,1281,0,1281,48,1233,862,371,48,34,896
TJN_MAR_023_Marshalls 2H Digital_F18,NinthDecimal,PJPSRT_TJN_MAR_023_Mobile_NINTHDECIMAL_DST_SV1_MAP_DIR_RCH_TRG_RON_PXT_DMA_DVY_GEOFENCE: 15-20-MILE RADIUS AROUND RURAL STORES_Run of Network_Geo_F25-54_320 x 50_Click and View_NV_NA,204542885,10/10/2017,36698,294,36404,12759,23645,118,23527,22995,532,12877,12586,35581
TJN_MAR_023_Marshalls 2H Digital_F18,xAd Inc.,PJQ0YD_TJN_MAR_023_Mobile_GROUND TRUTH FKA XAD_DST_SV1_MAP_DIR_RCH_TRG_RON_WEA_PXT_DVY_PROXIMITY CONQUESTING - WEATHER LOCATOR UNIT_Run of Network_Weather_F25-54_320 x 50_Click and View_NV_NA,204541553,9/16/2017,13072,211,12861,5784,7077,4332,2745,2569,176,10116,9467,12036
TJN_TJX_TJMaxx 2H DIG_FY18,Foursquare,"PJMQ2K_TJN_TJX_028_Audience_FOURSQUARE LABS, INC_DST_SV1_MAP_PRO_DSP_TRG_RON_PXT_BTG_DVY_PHASE 1_PINPOINT STRATEGIC SAVERS_Run of Network_Geo_F25-54_320 x 50_Standard_NV_NA",204483454,9/12/2017,63019,4759,58260,24837,33423,1718,31705,21296,10409,26555,17837,39133
TJN_TJX_TJMaxx 2H DIG_FY18,Viant,"PJSPBZ_TJN_TJC_031_Data_VIANT INC_PUR_ROI_TWB_DIR_DSP_TRG_RON_BTG_MKT_DVY_DETERMINSTIC LAL OF ECOM CONVERTERS, CROSS DEVICE DISPLAY_Fixed Placement_Behavioral_F25-54_160 x 600_Click_NV_NA",204716194,10/7/2017,162,1,161,0,161,40,121,13,108,40,4,17
TJN_TJX_TJMaxx 2H DIG_FY18,Viant,"PJNSH9_TJN_TJX_028_Data_VIANT INC_DSI_SV1_TWB_DIR_DSP_TRG_RON_BTG_CTG_DVY_PHASE 1_VIANT DIRECT MATCH RETAIL, COMPETITIVE CONQUESTING, DISPLAY_Fixed Placement_Behavioral_F25-54_300 x 250_Standard_NV_NA",204526701,9/20/2017,12191,39,12152,0,12152,2144,10008,7521,2487,2144,1611,9132
TJN_TJX_TJMaxx 2H DIG_FY18,Foursquare,"PKFMJ8_TJN_TJX_028_Audience_FOURSQUARE LABS, INC_DST_SV1_MAP_PRO_RCH_TRG_RON_PXT_BTG_DVY_PHASE 1_MOBILE RICH MEDIA COMPETITIVE CONQUESTING - Find A Store V2_Run of Network_Geo_F25-54_320 x 50_Standard_NV_NA",206812588,10/18/2017,25288,608,24680,19429,5251,876,4375,4024,351,20305,18676,22700
TJN_TJX_TJMaxx 2H DIG_FY18,Conversant Inc.,PJPWPD_TJN_TJX_028_Audience_CONVERSANT_DST_SV1_MAP_NET_DSP_TRG_RON_BTG_BTG_DVY_PHASE 1_ SMARTPHONE SMALL BANNER  - CONVERSANT SHOPPERS AV_Run of Site_Behavioral_P18+_320 x 50_Standard_NV_NA,204447251,10/21/2017,2723,36,2687,0,2687,469,2218,1106,1112,469,234,1340
TJN_MAR_023_Marshalls 2H Digital_F18,xAd Inc.,PJQ0Y6_TJN_MAR_023_Mobile_GROUND TRUTH FKA XAD_DST_SV1_MAP_DIR_DSP_TRG_RON_PXT_BTG_DVY_PROXIMITY LOYALTY - DYNAMIC DISTANCE_Run of Network_Geo_F25-54_320 x 50_Click and View_NV_NA,204556888,10/12/2017,54567,1474,53093,44958,8135,906,7229,6616,613,45864,38344,44960
TJN_TJX_TJMaxx 2H DIG_FY18,Viant,"PK2V4Z_TJN_TJX_028_Data_VIANT INC_DSI_SV1_MWB_DIR_RCH_TRG_INT_BTG_CTG_DVY_PHASE 1_VIANT IMP, W25-54 STRATEGIC SAVERS, CONTOBOX - Fall Homes_Fixed Placement_Behavioral_F25-54_300 x 250_Click and View_NV_NA",205726911,10/4/2017,14888,259,14629,6,14623,1345,13278,2149,11129,1351,219,2368
TJN_TJX_TJMaxx 2H DIG_FY18,Viant,"PJNSH7_TJN_TJX_028_Data_VIANT INC_DSI_SV1_MWB_DIR_DSP_TRG_RON_BTG_CTG_DVY_PHASE 1_VIANT DIRECT MATCH RETAIL, COMPETITIVE CONQUESTING, DISPLAY_Fixed Placement_Behavioral_F25-54_320 x 50_Standard_NV_NA",204477565,9/22/2017,18197,395,17802,4,17798,907,16891,12769,4122,911,689,13458
TJN_TJX_TJMaxx 2H DIG_FY18,Foursquare,"PK0H80_TJN_TJX_028_Audience_FOURSQUARE LABS, INC_DST_SV1_MAP_PRO_RCH_TRG_RON_PXT_BTG_DVY_PHASE 1_MOBILE RICH MEDIA STRATEGIC SAVERS - Find A Store_Run of Network_Geo_F25-54_320 x 50_Standard_NV_NA",205394974,9/19/2017,40195,1652,38543,17120,21423,3624,17799,11033,6766,20744,12859,23892
TJN_TJX_TJMaxx 2H DIG_FY18,Foursquare,"PJPST0_TJN_TJX_028_Audience_FOURSQUARE LABS, INC_DST_SV1_MAP_PRO_RCH_TRG_RON_PXT_BTG_DVY_PHASE 1_MOBILE RICH MEDIA COMPETITIVE CONQUESTING - Find A TJ Maxx Store_Run of Network_Geo_F25-54_320 x 50_Standard_NV_NA",204525348,10/13/2017,25668,563,25105,19340,5765,251,5514,4133,1381,19591,14684,18817
TJN_MAR_023_Marshalls 2H Digital_F18,NinthDecimal,PJPSRS_TJN_MAR_023_Mobile_NINTHDECIMAL_DST_SV1_MAP_DIR_RCH_TRG_RON_PXT_DMA_DVY_GEOFENCE: 5-10-MILE RADIUS AROUND SUBURBAN STORES_Run of Network_Geo_F25-54_320 x 50_Click and View_NV_NA,204541748,9/23/2017,81167,2072,79095,30006,49089,285,48804,47337,1467,30291,29380,76717
TJN_TJX_TJMaxx 2H DIG_FY18,Foursquare,"PK0H81_TJN_TJX_028_Audience_FOURSQUARE LABS, INC_DST_SV1_MAP_PRO_RCH_TRG_RON_PXT_BTG_DVY_PHASE 1_MOBILE RICH MEDIA TRENDSETTERS - Fall Honeycomb_Run of Network_Geo_F25-54_300 x 250_Standard_NV_NA",205337093,9/29/2017,6322,369,5953,1348,4605,293,4312,1014,3298,1641,386,1400
TJN_TJX_TJMaxx 2H DIG_FY18,Viant,"PJNSGR_TJN_TJX_028_Data_VIANT INC_DSI_SV1_TWB_DIR_DSP_TRG_RON_BTG_CTG_DVY_PHASE 1_VIANT DIRECT MATCH RETAIL, TJX PORFOLIO LOYALISTS, DISPLAY_Fixed Placement_Behavioral_F25-54_160 x 600_Standard_NV_NA",204478520,9/17/2017,2767,1283,1484,1,1483,99,1384,731,653,100,53,784
TJN_MAR_023_Marshalls 2H Digital_F18,NinthDecimal,PJPSRW_TJN_MAR_023_Mobile_NINTHDECIMAL_DST_SV1_MAP_DIR_RCH_TRG_RON_BTG_PXT_DVY_LOCATION GRAPH: TJX FAMILY LOYALISTS_Run of Network_Behavioral_F25-54_320 x 50_Click and View_NV_NA,204541739,10/20/2017,180805,2854,177951,54194,123757,643,123114,118939,4175,54837,52977,171916
TJN_TJX_TJMaxx 2H DIG_FY18,NBC Universal Media,PK2HF7_TJN_TJX_028_Content_NBCUNI.COM_BAF_BS2_DSK_DIR_VID_SPN_ROS_BTG_CTG_MOA_THIS IS US SPONSORSHIP: MOBILE - VIGNETTE 1_Run of Site_Behavioral_F25-54_1920 x 1080_Click and View_NV_NA,205568879,10/1/2017,2228,14,2214,2214,0,0,0,0,0,2214,1592,1592
TJN_TJX_TJMaxx 2H DIG_FY18,Foursquare,"PJPSSY_TJN_TJX_028_Audience_FOURSQUARE LABS, INC_DST_SV1_MAP_PRO_RCH_TRG_RON_PXT_BTG_DVY_PHASE 1_MOBILE RICH MEDIA TRENDSETTERS - Find A TJ Maxx Store_Run of Network_Geo_F25-54_320 x 50_Standard_NV_NA",204527598,10/19/2017,2,0,2,0,2,1,1,1,0,1,1,2
TJN_TJX_TJMaxx 2H DIG_FY18,xAd Inc.,PJMTNC_TJN_TJX_028_Mobile_GROUND TRUTH FKA XAD_DST_SV1_MAP_DIR_DSP_TRG_RON_BTG_BTG_DVY_PHASE 1_BEHAVIORAL AUDIENCE TRENDSETTERS PLACEMENT - STANDARD BANNER - Maxx You Maxx Life_Run of Network_Behavioral_F25-54_320 x 50_Click and View_NV_NA,204447830,9/11/2017,20955,281,20674,3204,17470,566,16904,13929,2975,3770,3107,17036
TJN_TJX_TJMaxx 2H DIG_FY18,Foursquare,"PJPSSW_TJN_TJX_028_Audience_FOURSQUARE LABS, INC_DST_SV1_MAP_PRO_RCH_TRG_RON_PXT_BTG_DVY_PHASE 1_MOBILE RICH MEDIA STRATEGIC SAVERS - Find A TJ Maxx Store_Run of Network_Geo_F25-54_320 x 50_Standard_NV_NA",204525357,10/4/2017,42276,1410,40866,23395,17471,2259,15212,10442,4770,25654,17610,28052
TJN_MAR_023_Marshalls 2H Digital_F18,NinthDecimal,PJPSRS_TJN_MAR_023_Mobile_NINTHDECIMAL_DST_SV1_MAP_DIR_RCH_TRG_RON_PXT_DMA_DVY_GEOFENCE: 5-10-MILE RADIUS AROUND SUBURBAN STORES_Run of Network_Geo_F25-54_320 x 50_Click and View_NV_NA,204541748,10/2/2017,14834,376,14458,4231,10227,45,10182,10002,180,4276,4200,14202
TJN_TJX_TJMaxx 2H DIG_FY18,xAd Inc.,PJMTN8_TJN_TJX_028_Mobile_GROUND TRUTH FKA XAD_DST_SV1_MAP_DIR_DSP_TRG_RON_BTG_BTG_DVY_PHASE 1_BEHAVIORAL AUDIENCE STRATEGIC SAVERS PLACEMENT - STANDARD BANNER - Maxx You Maxx Life_Run of Network_Behavioral_F25-54_320 x 50_Click and View_NV_NA,204447851,9/20/2017,41134,535,40599,9939,30660,878,29782,28021,1761,10817,9921,37942
TJN_TJX_TJMaxx 2H DIG_FY18,xAd Inc.,PJPXK0_TJN_TJX_028_Mobile_GROUND TRUTH FKA XAD_DST_SV1_MAP_DIR_DSP_TRG_RON_BTG_BTG_DVY_PHASE 1_BEHAVIORAL AUDIENCE TRENDSETTERS PLACEMENT - STANDARD BANNER - TJMaxx_Run of Network_Behavioral_F25-54_320 x 50_Click and View_NV_NA,204483993,9/11/2017,22016,243,21773,3950,17823,601,17222,14013,3209,4551,3703,17716
TJN_TJX_TJMaxx 2H DIG_FY18,xAd Inc.,PJPXJY_TJN_TJX_028_Mobile_GROUND TRUTH FKA XAD_DST_SV1_MAP_DIR_DSP_TRG_RON_BTG_BTG_DVY_PHASE 1_BEHAVIORAL AUDIENCE STRATEGIC SAVERS PLACEMENT - STANDARD BANNER - Fall Hero_Run of Network_Behavioral_F25-54_300 x 250_Click and View_NV_NA,204484017,9/17/2017,9831,227,9604,9599,5,0,5,3,2,9599,5759,5762
TJN_MAR_023_Marshalls 2H Digital_F18,xAd Inc.,PJQ0YH_TJN_MAR_023_Mobile_GROUND TRUTH FKA XAD_DST_SV1_MAP_DIR_DSP_TRG_RON_BTG_DMA_DVY_BEHAVIORAL - FASHION SHOPPER - DYNAMIC DISTANCE_Run of Network_Behavioral_F25-54_300 x 250_Click and View_NV_NA,204543443,9/5/2017,10086,156,9930,9915,15,0,15,10,5,9915,6610,6620
TJN_MAR_023_Marshalls 2H Digital_F18,NinthDecimal,PJPSRR_TJN_MAR_023_Mobile_NINTHDECIMAL_DST_SV1_MAP_DIR_RCH_TRG_RON_PXT_DMA_DVY_GEOFENCE: 2-MILE RADIUS AROUND URBAN STORES_Run of Network_Geo_F25-54_320 x 50_Click and View_NV_NA,204541523,9/19/2017,35632,1445,34187,18735,15452,118,15334,14836,498,18853,18241,33077
TJN_MAR_023_Marshalls 2H Digital_F18,xAd Inc.,PJQ0YF_TJN_MAR_023_Mobile_GROUND TRUTH FKA XAD_DST_SV1_MAP_DIR_RCH_TRG_RON_WEA_PXT_DVY_PROXIMITY CONQUESTING - WEATHER LOCATOR UNIT_Run of Network_Weather_F25-54_300 x 250_Click and View_NV_NA,204596913,10/16/2017,1126,11,1115,7,1108,46,1062,999,63,53,50,1049
TJN_TJX_TJMaxx 2H DIG_FY18,Viant,"PJNSGW_TJN_TJX_028_Data_VIANT INC_DSI_SV1_DSK_DIR_DSP_TRG_RON_BTG_CTG_DVY_PHASE 1_VIANT DIRECT MATCH RETAIL, TJX PORFOLIO LOYALISTS, DISPLAY_Fixed Placement_Behavioral_F25-54_300 x 250_Standard_NV_NA",204478514,10/15/2017,6080,110,5970,1,5969,214,5755,4037,1718,215,151,4188
TJN_MAR_023_Marshalls 2H Digital_F18,xAd Inc.,PJQ0YH_TJN_MAR_023_Mobile_GROUND TRUTH FKA XAD_DST_SV1_MAP_DIR_DSP_TRG_RON_BTG_DMA_DVY_BEHAVIORAL - FASHION SHOPPER - DYNAMIC DISTANCE_Run of Network_Behavioral_F25-54_300 x 250_Click and View_NV_NA,204543443,9/15/2017,12494,435,12059,12059,0,0,0,0,0,12059,8339,8339
TJN_TJX_TJMaxx 2H DIG_FY18,Conversant Inc.,PJPWC1_TJN_TJX_028_Audience_CONVERSANT_DST_SV1_MAP_NET_DSP_TRG_RON_BTG_BTG_DVY_PHASE 1_ SMARTPHONE MEDIUM RECTANGLE  - CJ INTERACTORS LAL MODELING_Run of Site_Behavioral_P18+_300 x 250_Standard_NV_NA,204483942,10/20/2017,22516,409,22107,40,22067,4156,17911,3551,14360,4196,832,4383
TJN_TJX_TJMaxx 2H DIG_FY18,Viant,"PJSPCJ_TJN_TJC_031_Data_VIANT INC_PUR_ROI_MWB_DIR_DSP_TRG_RON_BTG_MKT_DVY_W25-54 + ONLINE SHOPPERS, CROSS DEVICE DISPLAY_Fixed Placement_Behavioral_F25-54_300 x 250_Click_NV_NA",204733038,10/16/2017,97,0,97,0,97,3,94,41,53,3,1,42
TJN_TJX_TJMaxx 2H DIG_FY18,Viant,"PJSPBV_TJN_TJC_031_Data_VIANT INC_PUR_ROI_MWB_DIR_DSP_TRG_RON_BTG_MKT_DVY_DETERMINSTIC LAL OF ECOM CONVERTERS, CROSS DEVICE DISPLAY_Fixed Placement_Behavioral_F25-54_160 x 600_Click_NV_NA",204733791,10/8/2017,5374,260,5114,0,5114,186,4928,3146,1782,186,119,3265
TJN_TJX_TJMaxx 2H DIG_FY18,xAd Inc.,PJPXJT_TJN_TJX_028_Mobile_GROUND TRUTH FKA XAD_DST_SV1_MAP_DIR_DSP_TRG_RON_RTG_RTG_DVY_PHASE 1_LOCATION AUDIENCE COMPETITIVE CONQUESTING PLACEMENT - STANDARD BANNER - TJMaxx_Run of Network_Retarget_F25-54_320 x 50_Click and View_NV_NA,204443440,10/10/2017,7662,48,7614,1832,5782,64,5718,4582,1136,1896,1519,6101
TJN_MAR_023_Marshalls 2H Digital_F18,xAd Inc.,PJQ0YK_TJN_MAR_023_Mobile_GROUND TRUTH FKA XAD_DST_SV1_MAP_DIR_DSP_TRG_RON_BTG_PXT_DVY_MARSHALLS SHOPPERS - DYNAMIC DISTANCE_Run of Network_Geo_F25-54_300 x 250_Click and View_NV_NA,204543440,9/16/2017,3364,116,3248,3248,0,0,0,0,0,3248,3248,3248
TJN_TJX_TJMaxx 2H DIG_FY18,PlaceIQ,PK1YGX_TJN_TJX_028_Mobile_PLACEIQ INC_DST_SV1_MAP_DIR_DSP_TRG_RON_BTG_PXT_DVY_PHASE 1_STANDARD BANNER_TRENDSETTERS_APPROVAL SEEKING SHOPPERS+LIVE OR WORK BY TJMAXX - TJ Maxx_Run of Network_Behavioral_F25-54_320 x 50_Click and View_NV_NA,205563545,10/13/2017,7418,87,7331,3252,4079,47,4032,3965,67,3299,3244,7209
TJN_MAR_023_Marshalls 2H Digital_F18,xAd Inc.,PJQ0YB_TJN_MAR_023_Mobile_GROUND TRUTH FKA XAD_DST_SV1_MAP_DIR_DSP_TRG_RON_PXT_BTG_DVY_PROXIMITY CONQUESTING - DYNAMIC DISTANCE_Run of Network_Geo_F25-54_320 x 50_Click and View_NV_NA,204541799,10/14/2017,6149,115,6034,3925,2109,134,1975,1750,225,4059,3288,5038
TJN_MAR_023_Marshalls 2H Digital_F18,NinthDecimal,PJPSRX_TJN_MAR_023_Mobile_NINTHDECIMAL_DST_SV1_MAP_DIR_RCH_TRG_RON_BTG_PXT_DVY_LOCATION GRAPH: COMPETITIVE CONQUESTING_Run of Network_Behavioral_F25-54_320 x 50_Click and View_NV_NA,204542879,9/10/2017,7753,117,7636,1922,5714,58,5656,5508,148,1980,1928,7436
TJN_TJX_TJMaxx 2H DIG_FY18,xAd Inc.,PJMTNF_TJN_TJX_028_Mobile_GROUND TRUTH FKA XAD_DST_SV1_MAP_DIR_DSP_TRG_RON_PXT_PXT_DVY_PHASE 1_PROXIMITY LOYALTY PLACEMENT - STANDARD BANNER - Fall Handbag_Run of Network_Geo_F25-54_300 x 250_Click and View_NV_NA,204446159,9/22/2017,11065,230,10835,10786,49,6,43,12,31,10792,3012,3024
TJN_TJX_TJMaxx 2H DIG_FY18,xAd Inc.,PJMTN4_TJN_TJX_028_Mobile_GROUND TRUTH FKA XAD_DST_SV1_MAP_DIR_RCH_TRG_RON_BTG_BTG_DVY_PHASE 1_BEHAVIORAL AUDIENCE TRENDSETTERS PLACEMENT - RICH MEDIA STORE LOCATOR - Fall Handbag_Run of Network_Behavioral_F25-54_300 x 250_Click and View_NV_NA,204447281,10/7/2017,2076,34,2042,73,1969,13,1956,1876,80,86,82,1958
TJN_TJX_TJMaxx 2H DIG_FY18,xAd Inc.,PJMTMR_TJN_TJX_028_Mobile_GROUND TRUTH FKA XAD_DST_SV1_MAP_DIR_RCH_TRG_RON_PXT_PXT_DVY_PHASE 1_PROXIMITY LOYALTY PLACEMENT - RICH MEDIA STORE LOCATOR - Fall Handbag_Run of Network_Geo_F25-54_300 x 250_Click and View_NV_NA,204442093,10/20/2017,1,0,1,1,0,0,0,0,0,1,1,1
TJN_TJX_TJMaxx 2H DIG_FY18,Conversant Inc.,PJPWBT_TJN_TJX_028_Audience_CONVERSANT_DST_SV1_DSK_NET_DSP_TRG_RON_BTG_BTG_DVY_PHASE 1_ DESKTOP LEADERBOARD - CJ INTERACTORS LAL MODELING_Run of Site_Behavioral_P18+_728 x 90_Standard_NV_NA,204446096,10/19/2017,6469,457,6012,2,6010,813,5197,1978,3219,815,310,2288
TJN_MAR_023_Marshalls 2H Digital_F18,xAd Inc.,PJQ0YC_TJN_MAR_023_Mobile_GROUND TRUTH FKA XAD_DST_SV1_MAP_DIR_DSP_TRG_RON_PXT_BTG_DVY_PROXIMITY CONQUESTING - DYNAMIC DISTANCE_Run of Network_Geo_F25-54_300 x 250_Click and View_NV_NA,204595923,10/17/2017,11458,504,10954,10954,0,0,0,0,0,10954,10954,10954
TJN_TJX_TJMaxx 2H DIG_FY18,xAd Inc.,PJMTMQ_TJN_TJX_028_Mobile_GROUND TRUTH FKA XAD_DST_SV1_MAP_DIR_RCH_TRG_RON_PXT_PXT_DVY_PHASE 1_PROXIMITY LOYALTY PLACEMENT - RICH MEDIA STORE LOCATOR - TJ Maxx_Run of Network_Geo_F25-54_320 x 50_Click and View_NV_NA,204442090,9/7/2017,44640,963,43677,17509,26168,750,25418,18138,7280,18259,13029,31167
TJN_MAR_023_Marshalls 2H Digital_F18,Spotify USA Inc.,PK0HLF_TJN_MAR_023_Audience_SPOTIFY USA INC_DST_SV2_MAP_DIR_DSP_TRG_CMP_DMA_PXT_DVY_MOBILE AUDIO COMPANION BANNER 640X640_Run of Site_Geo_F25-54_640 x 640_Click and View_NV_NA,205566308,10/4/2017,155790,2078,153712,153712,0,0,0,0,0,153712,134054,134054
TJN_MAR_023_Marshalls 2H Digital_F18,xAd Inc.,PJQ0YG_TJN_MAR_023_Mobile_GROUND TRUTH FKA XAD_DST_SV1_MAP_DIR_DSP_TRG_RON_BTG_DMA_DVY_BEHAVIORAL - FASHION SHOPPER - DYNAMIC DISTANCE_Run of Network_Behavioral_F25-54_320 x 50_Click and View_NV_NA,204557581,9/16/2017,31817,418,31399,22402,8997,6360,2637,2432,205,28762,23626,26058
TJN_MAR_023_Marshalls 2H Digital_F18,xAd Inc.,PJQ0YB_TJN_MAR_023_Mobile_GROUND TRUTH FKA XAD_DST_SV1_MAP_DIR_DSP_TRG_RON_PXT_BTG_DVY_PROXIMITY CONQUESTING - DYNAMIC DISTANCE_Run of Network_Geo_F25-54_320 x 50_Click and View_NV_NA,204541799,9/14/2017,26391,379,26012,19382,6630,2057,4573,4071,502,21439,12191,16262
TJN_TJX_TJMaxx 2H DIG_FY18,xAd Inc.,PJMTN1_TJN_TJX_028_Mobile_GROUND TRUTH FKA XAD_DST_SV1_MAP_DIR_DSP_TRG_RON_DMA_DMA_DVY_PHASE 1_ADDED VALUE DMA TARGETING STANDALONE: STANDARD BANNER - Maxx You Maxx Life_Run of Network_Geo_F25-54_320 x 50_Click and View_NV_NA,204443461,9/19/2017,31437,532,30905,886,30019,454,29565,25539,4026,1340,1158,26697
TJN_MAR_023_Marshalls 2H Digital_F18,Bustle,PK5G3Z_TJN_MAR_023_Content_BUSTLE_RON - Bustle & Elite Daily 3rd Party Data Targeted & Keyword Targeted - Panoramic_Run of Network_Contextual_F25-54_1 x 1_Click and View_NV_NA,206333610,10/20/2017,149511,3172,146339,3008,143331,131291,12040,4748,7292,134299,52961,57709
TJN_TJX_TJMaxx 2H DIG_FY18,Conversant Inc.,PJPWBY_TJN_TJX_028_Audience_CONVERSANT_DST_SV1_MAP_NET_DSP_TRG_RON_BTG_BTG_DVY_PHASE 1_ SMARTPHONE SMALL BANNER  - CJ INTERACTORS LAL MODELING_Run of Site_Behavioral_P18+_320 x 50_Standard_NV_NA,204442030,10/12/2017,46245,735,45510,164,45346,6432,38914,21901,17013,6596,3712,25613
TJN_MAR_023_Marshalls 2H Digital_F18,xAd Inc.,PJQ0Y7_TJN_MAR_023_Mobile_GROUND TRUTH FKA XAD_DST_SV1_MAP_DIR_DSP_TRG_RON_PXT_BTG_DVY_PROXIMITY LOYALTY - DYNAMIC DISTANCE_Run of Network_Geo_F25-54_300 x 250_Click and View_NV_NA,204541754,9/28/2017,42021,1811,40210,40177,33,2,31,13,18,40179,16844,16857
TJN_TJX_TJMaxx 2H DIG_FY18,Hulu,PK3CXH_TJN_TJX_027_Content_HULU_BAF_BS2_DSK_DIR_CUS_SPN_CHS_CTG_CTG_DVY_FALL TV SPONSORSHIP: PREMIUM SLATE - DESKTOP_FEP_Contextual_F25-54_1920 x 1080_Standard_NV_NA,205683922,10/16/2017,33302,613,32689,32689,0,0,0,0,0,32689,21242,21242
TJN_TJX_TJMaxx 2H DIG_FY18,Foursquare,"PJPRVC_TJN_TJX_028_Audience_FOURSQUARE LABS, INC_DST_SV1_MAP_PRO_DSP_TRG_RON_PXT_BTG_DVY_PHASE 1_PINPOINT TRENDSETTERS AV_Run of Network_Geo_F25-54_320 x 50_Standard_NV_NA",204527421,10/18/2017,2595,42,2553,1622,931,37,894,846,48,1659,1570,2416
TJN_TJX_TJMaxx 2H DIG_FY18,Viant,"PJNSHF_TJN_TJX_028_Data_VIANT INC_DSI_SV1_MWB_DIR_DSP_TRG_RON_BTG_CTG_DVY_PHASE 1_VIANT DIRECT MATCH RETAIL, COMPETITIVE CONQUESTING, DISPLAY_Fixed Placement_Behavioral_F25-54_300 x 250_Standard_NV_NA",204483016,9/28/2017,3,1,2,0,2,0,2,2,0,0,0,2
TJN_TJX_TJMaxx 2H DIG_FY18,Foursquare,"PJPST0_TJN_TJX_028_Audience_FOURSQUARE LABS, INC_DST_SV1_MAP_PRO_RCH_TRG_RON_PXT_BTG_DVY_PHASE 1_MOBILE RICH MEDIA COMPETITIVE CONQUESTING - Find A TJ Maxx Store_Run of Network_Geo_F25-54_320 x 50_Standard_NV_NA",204525348,9/29/2017,173997,5347,168650,145178,23472,2297,21175,16062,5113,147475,111865,127927
TJN_TJX_TJMaxx 2H DIG_FY18,NBC Universal Media,PK2KL1_TJN_TJX_028_Content_NBCUNI.COM_BAF_BS2_OTT_DIR_VID_SPN_ROS_BTG_CTG_MOA_THIS IS US SPONSORSHIP: OTT - VIGNETTE 3_Run of Site_Behavioral_F25-54_1920 x 1080_Click and View_NV_NA,205614505,10/12/2017,133107,692,132415,132415,0,0,0,0,0,132415,89303,89303
TJN_TJX_TJMaxx 2H DIG_FY18,Foursquare,"PK0H83_TJN_TJX_028_Audience_FOURSQUARE LABS, INC_DST_SV1_MAP_PRO_RCH_TRG_RON_PXT_BTG_DVY_PHASE 1_MOBILE RICH MEDIA COMPETITIVE CONQUESTING - Fall Honeycomb_Run of Network_Geo_F25-54_300 x 250_Standard_NV_NA",205344161,9/20/2017,2978,189,2789,1015,1774,112,1662,508,1154,1127,344,852
TJN_TJX_TJMaxx 2H DIG_FY18,Foursquare,"PK0H81_TJN_TJX_028_Audience_FOURSQUARE LABS, INC_DST_SV1_MAP_PRO_RCH_TRG_RON_PXT_BTG_DVY_PHASE 1_MOBILE RICH MEDIA TRENDSETTERS - Fall Honeycomb_Run of Network_Geo_F25-54_300 x 250_Standard_NV_NA",205337093,10/13/2017,5668,77,5591,1211,4380,319,4061,1018,3043,1530,384,1402
TJN_TJX_TJMaxx 2H DIG_FY18,Foursquare,"PJPRQH_TJN_TJX_028_Audience_FOURSQUARE LABS, INC_DST_SV1_MAP_PRO_DSP_TRG_RON_PXT_BTG_DVY_PHASE 1_PINPOINT STRATEGIC SAVERS AV_Run of Network_Geo_F25-54_300 x 250_Standard_NV_NA",204481807,9/23/2017,304,29,275,67,208,11,197,68,129,78,27,95
TJN_TJX_TJMaxx 2H DIG_FY18,Conversant Inc.,PJNPLV_TJN_TJX_028_Audience_CONVERSANT_DST_SV1_DSK_NET_DSP_TRG_RON_BTG_BTG_DVY_PHASE 1_ DESKTOP LEADERBOARD - CJ CONVERTERS LAL MODELING_Run of Site_Behavioral_P18+_728 x 90_Standard_NV_NA,204483933,10/7/2017,11321,825,10496,0,10496,999,9497,5132,4365,999,540,5672
TJN_TJX_TJMaxx 2H DIG_FY18,PlaceIQ,PK18V9_TJN_TJX_028_Mobile_PLACEIQ INC_DST_SV1_MAP_DIR_DSP_TRG_RON_BTG_PXT_DVY_PHASE 1_STANDARD BANNER_TJX PROXIMITY LOYALISTS_LIVE BY TJMAXX - Maxx You Maxx Life_Run of Network_Behavioral_F25-54_320 x 50_Click and View_NV_NA,205661862,10/14/2017,24827,309,24518,13896,10622,156,10466,10346,120,14052,13891,24237
TJN_TJX_TJMaxx 2H DIG_FY18,Viant,"PK2X7B_TJN_TJX_028_Data_VIANT INC_DSI_SV1_TWB_DIR_RCH_TRG_INT_BTG_CTG_DVY_PHASE 1_VIANT IMP, W25-54 STRATEGIC SAVERS, CONTOBOX - Honeycomb_Fixed Placement_Behavioral_F25-54_300 x 250_Click and View_NV_NA",205687939,9/25/2017,4272,57,4215,6,4209,436,3773,1217,2556,442,143,1360
TJN_TJX_TJMaxx 2H DIG_FY18,Conversant Inc.,PJNPMF_TJN_TJC_031_Audience_CONVERSANT_PUR_ROI_DSK_NET_DSP_TRG_RON_BTG_BTG_DVY_DESKTOP RECTANGLE- STRATEGIC SAVERS_Run of Site_Other_P18+_300 x 600_Standard_NV_NA,204442069,10/15/2017,4583,177,4406,0,4406,824,3582,1530,2052,824,352,1882
TJN_TJX_TJMaxx 2H DIG_FY18,Foursquare,"PJPRQH_TJN_TJX_028_Audience_FOURSQUARE LABS, INC_DST_SV1_MAP_PRO_DSP_TRG_RON_PXT_BTG_DVY_PHASE 1_PINPOINT STRATEGIC SAVERS AV_Run of Network_Geo_F25-54_300 x 250_Standard_NV_NA",204481807,10/2/2017,14,0,14,7,7,0,7,3,4,7,3,6
TJN_TJX_TJMaxx 2H DIG_FY18,Conversant Inc.,PJPWPH_TJN_TJX_028_Audience_CONVERSANT_DST_SV1_MAP_NET_DSP_TRG_RON_BTG_BTG_DVY_PHASE 1_ SMARTPHONE MEDIUM RECTANGLE  - CONVERSANT SHOPPERS AV_Run of Site_Behavioral_P18+_300 x 250_Standard_NV_NA,204442060,9/15/2017,316,2,314,0,314,94,220,53,167,94,23,76
TJN_TJX_TJMaxx 2H DIG_FY18,Foursquare,"PJPRQH_TJN_TJX_028_Audience_FOURSQUARE LABS, INC_DST_SV1_MAP_PRO_DSP_TRG_RON_PXT_BTG_DVY_PHASE 1_PINPOINT STRATEGIC SAVERS AV_Run of Network_Geo_F25-54_300 x 250_Standard_NV_NA",204481807,10/1/2017,27,0,27,14,13,3,10,9,1,17,15,24
TJN_TJX_TJMaxx 2H DIG_FY18,Conversant Inc.,PJPTML_TJN_TJC_031_Audience_CONVERSANT_PUR_ROI_DSK_NET_DSP_TRG_RON_BTG_BTG_DVY_DESKTOP WIDE SKYSCRAPER- COMPETITIVE CONQUESTING_Run of Site_Other_P18+_160 x 600_Standard_NV_NA,204447224,10/10/2017,10621,588,10033,0,10033,2196,7837,2634,5203,2196,738,3372
TJN_TJX_TJMaxx 2H DIG_FY18,xAd Inc.,PJPXK0_TJN_TJX_028_Mobile_GROUND TRUTH FKA XAD_DST_SV1_MAP_DIR_DSP_TRG_RON_BTG_BTG_DVY_PHASE 1_BEHAVIORAL AUDIENCE TRENDSETTERS PLACEMENT - STANDARD BANNER - TJMaxx_Run of Network_Behavioral_F25-54_320 x 50_Click and View_NV_NA,204483993,9/21/2017,19585,221,19364,3351,16013,154,15859,15140,719,3505,3337,18477
TJN_TJX_TJMaxx 2H DIG_FY18,xAd Inc.,PJMTNF_TJN_TJX_028_Mobile_GROUND TRUTH FKA XAD_DST_SV1_MAP_DIR_DSP_TRG_RON_PXT_PXT_DVY_PHASE 1_PROXIMITY LOYALTY PLACEMENT - STANDARD BANNER - Fall Handbag_Run of Network_Geo_F25-54_300 x 250_Click and View_NV_NA,204446159,9/24/2017,11128,228,10900,10828,72,22,50,10,40,10850,2170,2180
TJN_TJX_TJMaxx 2H DIG_FY18,Conversant Inc.,PJPWP9_TJN_TJX_028_Audience_CONVERSANT_DST_SV1_DSK_NET_DSP_TRG_RON_BTG_BTG_DVY_PHASE 1_ DESKTOP MEDIUM RECTANGLE - CONVERSANT SHOPPERS AV_Run of Site_Behavioral_P18+_300 x 250_Standard_NV_NA,204483957,10/19/2017,1535,124,1411,0,1411,315,1096,792,304,315,228,1020
TJN_TJX_TJMaxx 2H DIG_FY18,NBC Universal Media,PK2KJK_TJN_TJX_028_Content_NBCUNI.COM_BAF_BS2_DSK_DIR_VID_SPN_ROS_BTG_CTG_MOA_THIS IS US SPONSORSHIP: DESKTOP - VIGNETTE 2_Run of Site_Behavioral_F25-54_1920 x 1080_Click and View_NV_NA,205568882,10/4/2017,182565,3962,178603,178603,0,0,0,0,0,178603,107152,107152
TJN_TJX_TJMaxx 2H DIG_FY18,Foursquare,"PK0H82_TJN_TJX_028_Audience_FOURSQUARE LABS, INC_DST_SV1_MAP_PRO_RCH_TRG_RON_PXT_BTG_DVY_PHASE 1_MOBILE RICH MEDIA TRENDSETTERS - Find A Store_Run of Network_Geo_F25-54_320 x 50_Standard_NV_NA",205394971,10/12/2017,27184,500,26684,13885,12799,848,11951,7271,4680,14733,8964,16235
TJN_TJX_TJMaxx 2H DIG_FY18,Conversant Inc.,PJPWBX_TJN_TJX_028_Audience_CONVERSANT_DST_SV1_DSK_NET_DSP_TRG_RON_BTG_BTG_DVY_PHASE 1_ DESKTOP WIDE SKYSCRAPER - CJ INTERACTORS LAL MODELING_Run of Site_Behavioral_P18+_160 x 600_Standard_NV_NA,204442033,10/16/2017,45432,2748,42684,15,42669,5278,37391,15634,21757,5293,2213,17847
TJN_TJX_TJMaxx 2H DIG_FY18,xAd Inc.,PJMTN1_TJN_TJX_028_Mobile_GROUND TRUTH FKA XAD_DST_SV1_MAP_DIR_DSP_TRG_RON_DMA_DMA_DVY_PHASE 1_ADDED VALUE DMA TARGETING STANDALONE: STANDARD BANNER - Maxx You Maxx Life_Run of Network_Geo_F25-54_320 x 50_Click and View_NV_NA,204443461,9/13/2017,26153,888,25265,2329,22936,353,22583,19777,2806,2682,2349,22126
TJN_TJX_TJMaxx 2H DIG_FY18,Viant,"PJSPCM_TJN_TJC_031_Data_VIANT INC_PUR_ROI_TWB_DIR_DSP_TRG_RON_BTG_MKT_DVY_W25-54 + ONLINE SHOPPERS, CROSS DEVICE DISPLAY_Fixed Placement_Behavioral_F25-54_300 x 250_Click_NV_NA",204733512,10/10/2017,5868,206,5662,1,5661,380,5281,3607,1674,381,260,3867
TJN_MAR_023_Marshalls 2H Digital_F18,xAd Inc.,PJQ0YD_TJN_MAR_023_Mobile_GROUND TRUTH FKA XAD_DST_SV1_MAP_DIR_RCH_TRG_RON_WEA_PXT_DVY_PROXIMITY CONQUESTING - WEATHER LOCATOR UNIT_Run of Network_Weather_F25-54_320 x 50_Click and View_NV_NA,204541553,9/10/2017,16207,224,15983,7217,8766,109,8657,8262,395,7326,6992,15254
TJN_TJX_TJMaxx 2H DIG_FY18,Conversant Inc.,PJPWBZ_TJN_TJX_028_Audience_CONVERSANT_DST_SV1_TAP_NET_DSP_TRG_RON_BTG_BTG_DVY_PHASE 1_ TABLET LEADERBOARD - CJ INTERACTORS LAL MODELING_Run of Site_Behavioral_P18+_728 x 90_Standard_NV_NA,204483945,9/19/2017,6,6,0,0,0,0,0,0,0,0,0,0
TJN_TJX_TJMaxx 2H DIG_FY18,xAd Inc.,PJMTNC_TJN_TJX_028_Mobile_GROUND TRUTH FKA XAD_DST_SV1_MAP_DIR_DSP_TRG_RON_BTG_BTG_DVY_PHASE 1_BEHAVIORAL AUDIENCE TRENDSETTERS PLACEMENT - STANDARD BANNER - Maxx You Maxx Life_Run of Network_Behavioral_F25-54_320 x 50_Click and View_NV_NA,204447830,9/21/2017,18955,212,18743,3730,15013,137,14876,13964,912,3867,3624,17588
TJN_TJX_TJMaxx 2H DIG_FY18,Viant,"PJSPBR_TJN_TJC_031_Data_VIANT INC_PUR_ROI_DSK_DIR_DSP_TRG_RON_BTG_MKT_DVY_DETERMINSTIC LAL OF ECOM CONVERTERS, CROSS DEVICE DISPLAY_Fixed Placement_Behavioral_F25-54_300 x 250_Click_NV_NA",204715645,10/12/2017,130122,11393,118729,1,118728,5016,113712,88262,25450,5017,3894,92156
TJN_TJX_TJMaxx 2H DIG_FY18,Conversant Inc.,PJPWPB_TJN_TJX_028_Audience_CONVERSANT_DST_SV1_DSK_NET_DSP_TRG_RON_BTG_BTG_DVY_PHASE 1_ DESKTOP RECTANGLE - CONVERSANT SHOPPERS AV_Run of Site_Behavioral_P18+_300 x 600_Standard_NV_NA,204447254,10/5/2017,262,9,253,0,253,63,190,52,138,63,17,69
TJN_TJX_TJMaxx 2H DIG_FY18,Viant,"PJNSH6_TJN_TJX_028_Data_VIANT INC_DSI_SV1_TWB_DIR_DSP_TRG_RON_BTG_CTG_DVY_PHASE 1_VIANT DIRECT MATCH RETAIL, COMPETITIVE CONQUESTING, DISPLAY_Fixed Placement_Behavioral_F25-54_160 x 600_Standard_NV_NA",204483604,9/18/2017,301,1,300,0,300,17,283,133,150,17,8,141
TJN_TJX_TJMaxx 2H DIG_FY18,Viant,"PJNSHD_TJN_TJX_028_Data_VIANT INC_DSI_SV1_DSK_DIR_DSP_TRG_RON_BTG_CTG_DVY_PHASE 1_VIANT DIRECT MATCH RETAIL, COMPETITIVE CONQUESTING, DISPLAY_Fixed Placement_Behavioral_F25-54_160 x 600_Standard_NV_NA",204477281,9/30/2017,2340,100,2240,0,2240,147,2093,1331,762,147,93,1424
TJN_MAR_023_Marshalls 2H Digital_F18,xAd Inc.,PJQ0YM_TJN_MAR_023_Mobile_GROUND TRUTH FKA XAD_DST_SV1_MAP_DIR_DSP_TRG_RON_BTG_PXT_DVY_COMPETITOR SHOPPERS - DYNAMIC DISTANCE_Run of Network_Geo_F25-54_300 x 250_Click and View_NV_NA,204555259,9/23/2017,3721,90,3631,3592,39,2,37,33,4,3594,3192,3225
TJN_MAR_023_Marshalls 2H Digital_F18,xAd Inc.,PJQ0YP_TJN_MAR_023_Mobile_GROUND TRUTH FKA XAD_DST_SV1_MAP_DIR_DSP_TRG_RON_PXT_BTG_DVY_GEOBLOCKS LOYALTY - DYNAMIC DISTANCE_Run of Network_Geo_F25-54_300 x 250_Click and View_NV_NA,204537983,9/27/2017,7230,203,7027,6980,47,4,43,18,25,6984,2917,2935
TJN_MAR_023_Marshalls 2H Digital_F18,NinthDecimal,PJPSRR_TJN_MAR_023_Mobile_NINTHDECIMAL_DST_SV1_MAP_DIR_RCH_TRG_RON_PXT_DMA_DVY_GEOFENCE: 2-MILE RADIUS AROUND URBAN STORES_Run of Network_Geo_F25-54_320 x 50_Click and View_NV_NA,204541523,9/29/2017,156148,4456,151692,63213,88479,419,88060,85203,2857,63632,61568,146771
TJN_TJX_TJMaxx 2H DIG_FY18,xAd Inc.,PJMTN4_TJN_TJX_028_Mobile_GROUND TRUTH FKA XAD_DST_SV1_MAP_DIR_RCH_TRG_RON_BTG_BTG_DVY_PHASE 1_BEHAVIORAL AUDIENCE TRENDSETTERS PLACEMENT - RICH MEDIA STORE LOCATOR - Fall Handbag_Run of Network_Behavioral_F25-54_300 x 250_Click and View_NV_NA,204447281,9/8/2017,464,10,454,87,367,1,366,361,5,88,87,448
TJN_TJX_TJMaxx 2H DIG_FY18,xAd Inc.,PJPXJZ_TJN_TJX_028_Mobile_GROUND TRUTH FKA XAD_DST_SV1_MAP_DIR_DSP_TRG_RON_BTG_BTG_DVY_PHASE 1_BEHAVIORAL AUDIENCE TRENDSETTERS PLACEMENT - STANDARD BANNER - Fall Hero_Run of Network_Behavioral_F25-54_300 x 250_Click and View_NV_NA,204446156,10/9/2017,8288,127,8161,8141,20,3,17,7,10,8144,3353,3360
TJN_TJX_TJMaxx 2H DIG_FY18,xAd Inc.,PKF49F_TJN_TJX_028_Mobile_GROUND TRUTH FKA XAD_DST_SV1_MAP_DIR_DSP_TRG_RON_BTG_BTG_DVY_PHASE 1_BEHAVIORAL AUDIENCE TRENDSETTERS PLACEMENT - STANDARD BANNER - Sweaters_Run of Network_Behavioral_F25-54_300 x 250_Click and View_NV_NA,206812759,10/18/2017,2674,25,2649,2648,1,0,1,1,0,2648,2648,2649
TJN_TJX_TJMaxx 2H DIG_FY18,Foursquare,"PK0H80_TJN_TJX_028_Audience_FOURSQUARE LABS, INC_DST_SV1_MAP_PRO_RCH_TRG_RON_PXT_BTG_DVY_PHASE 1_MOBILE RICH MEDIA STRATEGIC SAVERS - Find A Store_Run of Network_Geo_F25-54_320 x 50_Standard_NV_NA",205394974,9/29/2017,28111,1436,26675,16365,10310,1019,9291,6606,2685,17384,12360,18966
TJN_TJX_TJMaxx 2H DIG_FY18,NBC Universal Media,PK3H7N_TJN_TJX_028_Content_NBCUNI.COM_BAF_BS2_DSK_DIR_DSP_SPN_HPT_CTG_CTG_DCM_100% SOV NBC THIS IS US ROADBLOCK 10/10 - 728X90 MOBILE_HP Takeover_Contextual_F25-54_728 x 90_Standard_NV_NA,205725915,10/10/2017,1599,24,1575,4,1571,61,1510,1128,382,65,49,1177
TJN_TJX_TJMaxx 2H DIG_FY18,xAd Inc.,PKF4CN_TJN_TJX_028_Mobile_GROUND TRUTH FKA XAD_DST_SV1_MAP_DIR_DSP_TRG_RON_BTG_BTG_DVY_PHASE 1_BEHAVIORAL AUDIENCE STRATEGIC SAVERS PLACEMENT - STANDARD BANNER - Booties_Run of Network_Behavioral_F25-54_300 x 250_Click and View_NV_NA,206833614,10/17/2017,4097,60,4037,4037,0,0,0,0,0,4037,2697,2697
TJN_TJX_TJMaxx 2H DIG_FY18,Foursquare,"PK0H81_TJN_TJX_028_Audience_FOURSQUARE LABS, INC_DST_SV1_MAP_PRO_RCH_TRG_RON_PXT_BTG_DVY_PHASE 1_MOBILE RICH MEDIA TRENDSETTERS - Fall Honeycomb_Run of Network_Geo_F25-54_300 x 250_Standard_NV_NA",205337093,9/19/2017,9446,464,8982,1327,7655,541,7114,1564,5550,1868,410,1974
TJN_TJX_TJMaxx 2H DIG_FY18,Conversant Inc.,PJPTLN_TJN_TJC_031_Audience_CONVERSANT_PUR_ROI_MAP_NET_DSP_TRG_RON_BTG_BTG_DVY_SMARTPHONE MEDIUM RECTANGLE - TRENDSETTERS_Run of Site_Other_P18+_300 x 250_Standard_NV_NA,204446141,10/21/2017,1607,34,1573,0,1573,337,1236,240,996,337,65,305
TJN_TJX_TJMaxx 2H DIG_FY18,xAd Inc.,PJPXK1_TJN_TJX_028_Mobile_GROUND TRUTH FKA XAD_DST_SV1_MAP_DIR_DSP_TRG_RON_PXT_PXT_DVY_PHASE 1_PROXIMITY LOYALTY PLACEMENT - STANDARD BANNER - TJMaxx_Run of Network_Geo_F25-54_320 x 50_Click and View_NV_NA,204483996,10/6/2017,28710,755,27955,17715,10240,2223,8017,7590,427,19938,17577,25167
TJN_TJX_TJMaxx 2H DIG_FY18,Conversant Inc.,PJPTLP_TJN_TJC_031_Audience_CONVERSANT_PUR_ROI_DSK_NET_DSP_TRG_RON_BTG_BTG_DVY_DESKTOP LEADERBOARD- TRENDSETTERS_Run of Site_Other_P18+_728 x 90_Standard_NV_NA,204447782,10/14/2017,15241,3236,12005,2,12003,1180,10823,7719,3104,1182,843,8562
TJN_TJX_TJMaxx 2H DIG_FY18,NBC Universal Media,PK2HF7_TJN_TJX_028_Content_NBCUNI.COM_BAF_BS2_DSK_DIR_VID_SPN_ROS_BTG_CTG_MOA_THIS IS US SPONSORSHIP: MOBILE - VIGNETTE 1_Run of Site_Behavioral_F25-54_1920 x 1080_Click and View_NV_NA,205568879,9/27/2017,2629,19,2610,2610,0,0,0,0,0,2610,1856,1856
TJN_MAR_023_Marshalls 2H Digital_F18,NinthDecimal,PJPSRV_TJN_MAR_023_Mobile_NINTHDECIMAL_DST_SV1_MAP_DIR_RCH_TRG_RON_BTG_PXT_DVY_LOCATION GRAPH: MARSHALLS LOYALISTS_Run of Network_Behavioral_F25-54_320 x 50_Click and View_NV_NA,204555232,9/5/2017,422,5,417,106,311,2,309,297,12,108,104,401
TJN_TJX_TJMaxx 2H DIG_FY18,Conversant Inc.,PJPTMP_TJN_TJC_031_Audience_CONVERSANT_PUR_ROI_DSK_NET_DSP_TRG_RON_BTG_BTG_DVY_DESKTOP LEADERBOARD- COMPETITIVE CONQUESTING_Run of Site_Other_P18+_728 x 90_Standard_NV_NA,204443389,10/6/2017,11645,637,11008,0,11008,2074,8934,5494,3440,2074,1275,6769
TJN_TJX_TJMaxx 2H DIG_FY18,Viant,"PK2X7C_TJN_TJX_028_Data_VIANT INC_DSI_SV1_TWB_DIR_RCH_TRG_INT_BTG_CTG_DVY_PHASE 1_VIANT IMP, W25-54 STRATEGIC SAVERS, CONTOBOX - Honeycomb_Fixed Placement_Behavioral_F25-54_160 x 600_Click and View_NV_NA",205685992,10/20/2017,4,1,3,1,2,0,2,2,0,1,1,3
TJN_TJX_TJMaxx 2H DIG_FY18,Foursquare,"PKFMKJ_TJN_TJX_028_Audience_FOURSQUARE LABS, INC_DST_SV1_MAP_PRO_RCH_TRG_RON_PXT_BTG_DVY_PHASE 1_MOBILE RICH MEDIA TRENDSETTERS - Find A Store V2_Run of Network_Geo_F25-54_320 x 50_Standard_NV_NA",206812600,10/21/2017,26844,354,26490,19804,6686,1082,5604,4952,652,20886,18456,23408
TJN_TJX_TJMaxx 2H DIG_FY18,xAd Inc.,PKF49C_TJN_TJX_028_Mobile_GROUND TRUTH FKA XAD_DST_SV1_MAP_DIR_DSP_TRG_RON_BTG_BTG_DVY_PHASE 1_BEHAVIORAL AUDIENCE TRENDSETTERS PLACEMENT - STANDARD BANNER - Dresses_Run of Network_Behavioral_F25-54_300 x 250_Click and View_NV_NA,206832825,10/16/2017,2856,42,2814,2812,2,0,2,2,0,2812,2812,2814
TJN_MAR_023_Marshalls 2H Digital_F18,xAd Inc.,PJQ0YB_TJN_MAR_023_Mobile_GROUND TRUTH FKA XAD_DST_SV1_MAP_DIR_DSP_TRG_RON_PXT_BTG_DVY_PROXIMITY CONQUESTING - DYNAMIC DISTANCE_Run of Network_Geo_F25-54_320 x 50_Click and View_NV_NA,204541799,9/28/2017,39733,994,38739,33292,5447,963,4484,3878,606,34255,24451,28329
TJN_TJX_TJMaxx 2H DIG_FY18,Conversant Inc.,PJPTLL_TJN_TJC_031_Audience_CONVERSANT_PUR_ROI_DSK_NET_DSP_TRG_RON_BTG_BTG_DVY_DESKTOP WIDE SKYSCRAPER- TRENDSETTERS_Run of Site_Other_P18+_160 x 600_Standard_NV_NA,204447269,9/29/2017,2,0,2,0,2,0,2,0,2,0,0,0
TJN_MAR_023_Marshalls 2H Digital_F18,NinthDecimal,PJPSRZ_TJN_MAR_023_Mobile_NINTHDECIMAL_DST_SV1_MAP_DIR_RCH_TRG_RON_BTG_DMA_DVY_CONSUMER JOURNEY: BARGAIN HUNTERS_Run of Network_Behavioral_F25-54_320 x 50_Click and View_NV_NA,204542873,9/5/2017,16348,358,15990,6704,9286,67,9219,8902,317,6771,6538,15440
TJN_MAR_023_Marshalls 2H Digital_F18,xAd Inc.,PJQ0YC_TJN_MAR_023_Mobile_GROUND TRUTH FKA XAD_DST_SV1_MAP_DIR_DSP_TRG_RON_PXT_BTG_DVY_PROXIMITY CONQUESTING - DYNAMIC DISTANCE_Run of Network_Geo_F25-54_300 x 250_Click and View_NV_NA,204595923,10/5/2017,24485,1100,23385,23371,14,1,13,2,11,23372,3596,3598
TJN_TJX_TJMaxx 2H DIG_FY18,Viant,"PJSPCK_TJN_TJC_031_Data_VIANT INC_PUR_ROI_MWB_DIR_DSP_TRG_RON_BTG_MKT_DVY_W25-54 + ONLINE SHOPPERS, CROSS DEVICE DISPLAY_Fixed Placement_Behavioral_F25-54_160 x 600_Click_NV_NA",204733041,10/21/2017,3919,75,3844,2,3842,258,3584,364,3220,260,26,390
TJN_TJX_TJMaxx 2H DIG_FY18,xAd Inc.,PKF499_TJN_TJX_028_Mobile_GROUND TRUTH FKA XAD_DST_SV1_MAP_DIR_DSP_TRG_RON_BTG_BTG_DVY_PHASE 1_BEHAVIORAL AUDIENCE TRENDSETTERS PLACEMENT - STANDARD BANNER - Booties_Run of Network_Behavioral_F25-54_300 x 250_Click and View_NV_NA,206832846,10/13/2017,408,9,399,4,395,2,393,366,27,6,6,372
TJN_TJX_TJMaxx 2H DIG_FY18,NBC Universal Media,PK2LFQ_TJN_TJX_028_Content_NBCUNI.COM_BAF_BS2_DSK_DIR_DSP_SPN_HPT_CTG_CTG_DCM_100% SOV NBC HOMEPAGE ROADBLOCK 10/10 - 970X66 DESKTOP_HP Takeover_Contextual_F25-54_970 x 66_Standard_NV_NA,205661841,10/10/2017,76564,3523,73041,308,72733,2637,70096,59751,10345,2945,2510,62261
TJN_TJX_TJMaxx 2H DIG_FY18,Conversant Inc.,PJPWP9_TJN_TJX_028_Audience_CONVERSANT_DST_SV1_DSK_NET_DSP_TRG_RON_BTG_BTG_DVY_PHASE 1_ DESKTOP MEDIUM RECTANGLE - CONVERSANT SHOPPERS AV_Run of Site_Behavioral_P18+_300 x 250_Standard_NV_NA,204483957,9/11/2017,189,23,166,0,166,5,161,117,44,5,4,121
TJN_TJX_TJMaxx 2H DIG_FY18,Viant,"PJNSGT_TJN_TJX_028_Data_VIANT INC_DSI_SV1_DSK_DIR_DSP_TRG_RON_BTG_CTG_DVY_PHASE 1_VIANT DIRECT MATCH RETAIL, TJX PORFOLIO LOYALISTS, DISPLAY_Fixed Placement_Behavioral_F25-54_160 x 600_Standard_NV_NA",204483025,10/16/2017,5883,591,5292,0,5292,274,5018,3166,1852,274,173,3339
TJN_MAR_023_Marshalls 2H Digital_F18,xAd Inc.,PJQ0YK_TJN_MAR_023_Mobile_GROUND TRUTH FKA XAD_DST_SV1_MAP_DIR_DSP_TRG_RON_BTG_PXT_DVY_MARSHALLS SHOPPERS - DYNAMIC DISTANCE_Run of Network_Geo_F25-54_300 x 250_Click and View_NV_NA,204543440,9/19/2017,3200,133,3067,3067,0,0,0,0,0,3067,3067,3067
TJN_TJX_TJMaxx 2H DIG_FY18,Viant,"PJNSGQ_TJN_TJX_028_Data_VIANT INC_DSI_SV1_MWB_DIR_DSP_TRG_RON_BTG_CTG_DVY_PHASE 1_VIANT DIRECT MATCH RETAIL, TJX PORFOLIO LOYALISTS, DISPLAY_Fixed Placement_Behavioral_F25-54_300 x 250_Standard_NV_NA",204482395,10/10/2017,19963,59,19904,0,19904,4051,15853,12652,3201,4051,3233,15885
TJN_TJX_TJMaxx 2H DIG_FY18,Conversant Inc.,PJPTLQ_TJN_TJC_031_Audience_CONVERSANT_PUR_ROI_DSK_NET_DSP_TRG_RON_BTG_BTG_DVY_DESKTOP MEDIUM RECTANGLE- TRENDSETTERS_Run of Site_Other_P18+_300 x 250_Standard_NV_NA,204446138,10/6/2017,18211,1281,16930,0,16930,1956,14974,6474,8500,1956,846,7320
TJN_TJX_TJMaxx 2H DIG_FY18,PlaceIQ,PKF2L8_TJN_TJX_028_Mobile_PLACEIQ INC_DST_SV1_MAP_DIR_RCH_TRG_RON_BTG_PTG_DVY_PHASE 1_RICH MEDIA_STRATEGIC SAVERS_FREQUENT WOMEN'S APPAREL SHOPPER+DISCRETIONARY SPEND SHOPPERS - Rich Media Version 2_Run of Network_Behavioral_F25-54_320 x 50_Click and View,206772383,10/20/2017,16699,456,16243,6582,9661,430,9231,9097,134,7012,6910,16007
TJN_TJX_TJMaxx 2H DIG_FY18,Conversant Inc.,PJNPM2_TJN_TJX_028_Audience_CONVERSANT_DST_SV1_MAP_NET_DSP_TRG_RON_BTG_BTG_DVY_PHASE 1_ SMARTPHONE MEDIUM RECTANGLE  - CJ CONVERTERS LAL MODELING_Run of Site_Behavioral_P18+_300 x 250_Standard_NV_NA,204442021,10/10/2017,8900,385,8515,54,8461,1454,7007,1567,5440,1508,337,1904
TJN_MAR_023_Marshalls 2H Digital_F18,NinthDecimal,PJPSRX_TJN_MAR_023_Mobile_NINTHDECIMAL_DST_SV1_MAP_DIR_RCH_TRG_RON_BTG_PXT_DVY_LOCATION GRAPH: COMPETITIVE CONQUESTING_Run of Network_Behavioral_F25-54_320 x 50_Click and View_NV_NA,204542879,9/29/2017,1345,23,1322,525,797,6,791,771,20,531,518,1289
TJN_MAR_023_Marshalls 2H Digital_F18,xAd Inc.,PJQ0Y7_TJN_MAR_023_Mobile_GROUND TRUTH FKA XAD_DST_SV1_MAP_DIR_DSP_TRG_RON_PXT_BTG_DVY_PROXIMITY LOYALTY - DYNAMIC DISTANCE_Run of Network_Geo_F25-54_300 x 250_Click and View_NV_NA,204541754,9/14/2017,38609,1356,37253,37199,54,13,41,19,22,37212,17244,17263
TJN_TJX_TJMaxx 2H DIG_FY18,Conversant Inc.,PJNPML_TJN_TJC_031_Audience_CONVERSANT_PUR_ROI_DSK_NET_DSP_TRG_RON_BTG_BTG_DVY_DESKTOP MEDIUM RECTANGLE- STRATEGIC SAVERS_Run of Site_Other_P18+_300 x 250_Standard_NV_NA,204443407,9/29/2017,3,0,3,0,3,0,3,0,3,0,0,0
TJN_TJX_TJMaxx 2H DIG_FY18,Foursquare,"PJPRVG_TJN_TJX_028_Audience_FOURSQUARE LABS, INC_DST_SV1_MAP_PRO_DSP_TRG_RON_PXT_BTG_DVY_PHASE 1_PINPOINT COMPETITIVE CONQUESTING AV_Run of Network_Geo_F25-54_300 x 250_Standard_NV_NA",204527412,9/22/2017,163,21,142,75,67,2,65,39,26,77,46,85
TJN_TJX_TJMaxx 2H DIG_FY18,Viant,"PJNSGW_TJN_TJX_028_Data_VIANT INC_DSI_SV1_DSK_DIR_DSP_TRG_RON_BTG_CTG_DVY_PHASE 1_VIANT DIRECT MATCH RETAIL, TJX PORFOLIO LOYALISTS, DISPLAY_Fixed Placement_Behavioral_F25-54_300 x 250_Standard_NV_NA",204478514,9/30/2017,37099,979,36120,0,36120,1115,35005,24422,10583,1115,778,25200
TJN_TJX_TJMaxx 2H DIG_FY18,PlaceIQ,PKFR4H_TJN_TJX_028_Mobile_PLACEIQ INC_DST_SV1_MAP_DIR_RCH_TRG_RON_BTG_PXT_DVY_PHASE 1_RICH MEDIA_TJX PROXIMITY LOYALISTS_DRIVE BY_Rich Media Version 2_Run of Network_Behavioral_F25-54_320 x 50_Click and View_NV_NA,206833242,10/20/2017,14276,429,13847,5102,8745,564,8181,8069,112,5666,5588,13657
TJN_TJX_TJMaxx 2H DIG_FY18,Foursquare,"PJPSSY_TJN_TJX_028_Audience_FOURSQUARE LABS, INC_DST_SV1_MAP_PRO_RCH_TRG_RON_PXT_BTG_DVY_PHASE 1_MOBILE RICH MEDIA TRENDSETTERS - Find A TJ Maxx Store_Run of Network_Geo_F25-54_320 x 50_Standard_NV_NA",204527598,9/21/2017,53540,1412,52128,38944,13184,1081,12103,8475,3628,40025,28027,36502
TJN_TJX_TJMaxx 2H DIG_FY18,xAd Inc.,PJYDBW_TJN_TJX_028_Mobile_GROUND TRUTH FKA XAD_DST_SV1_MAP_DIR_RCH_TRG_RON_BTG_BTG_DVY_PHASE 1_BEHAVIORAL AUDIENCE STRATEGIC SAVERS PLACEMENT - RICH MEDIA STORE LOCATOR - Fall Hero_Run of Network_Behavioral_F25-54_300 x 250_Click and View_NV_NA,205207030,9/29/2017,5033,66,4967,1712,3255,107,3148,1395,1753,1819,806,2201
TJN_TJX_TJMaxx 2H DIG_FY18,Conversant Inc.,PJNPMC_TJN_TJC_031_Audience_CONVERSANT_PUR_ROI_TAP_NET_DSP_TRG_RON_BTG_BTG_DVY_TABLET LEADERBOARD- STRATEGIC SAVERS_Run of Site_Other_P18+_728 x 90_Standard_NV_NA,204442918,10/13/2017,226,8,218,41,177,19,158,144,14,60,55,199
TJN_TJX_TJMaxx 2H DIG_FY18,PlaceIQ,PKFRKZ_TJN_TJX_028_Mobile_PLACEIQ INC_DST_SV1_MAP_DIR_DSP_TRG_RON_BTG_PXT_DVY_PHASE 1_STANDARD BANNER_TJX PROXIMITY LOYALISTS_LIVE BY TJMAXX - Find a Store V2_Run of Network_Behavioral_F25-54_320 x 50_Click and View_NV_NA,206771747,10/21/2017,23952,287,23665,19233,4432,40,4392,4378,14,19273,19212,23590
TJN_TJX_TJMaxx 2H DIG_FY18,xAd Inc.,PJMTN1_TJN_TJX_028_Mobile_GROUND TRUTH FKA XAD_DST_SV1_MAP_DIR_DSP_TRG_RON_DMA_DMA_DVY_PHASE 1_ADDED VALUE DMA TARGETING STANDALONE: STANDARD BANNER - Maxx You Maxx Life_Run of Network_Geo_F25-54_320 x 50_Click and View_NV_NA,204443461,9/16/2017,25155,530,24625,1006,23619,14901,8718,7628,1090,15907,13918,21546
TJN_MAR_023_Marshalls 2H Digital_F18,xAd Inc.,PJQ0YG_TJN_MAR_023_Mobile_GROUND TRUTH FKA XAD_DST_SV1_MAP_DIR_DSP_TRG_RON_BTG_DMA_DVY_BEHAVIORAL - FASHION SHOPPER - DYNAMIC DISTANCE_Run of Network_Behavioral_F25-54_320 x 50_Click and View_NV_NA,204557581,9/19/2017,35898,544,35354,27717,7637,3409,4228,3720,508,31126,25305,29025
TJN_MAR_023_Marshalls 2H Digital_F18,xAd Inc.,PJQ0Y8_TJN_MAR_023_Mobile_GROUND TRUTH FKA XAD_DST_SV1_MAP_DIR_RCH_TRG_RON_WEA_PXT_DVY_PROXIMITY LOYALTY - WEATHER LOCATOR UNIT_Run of Network_Weather_F25-54_320 x 50_Click and View_NV_NA,204556189,9/25/2017,63733,1199,62534,39820,22714,343,22371,20937,1434,40163,37589,58526
TJN_TJX_TJMaxx 2H DIG_FY18,Viant,"PJNSHF_TJN_TJX_028_Data_VIANT INC_DSI_SV1_MWB_DIR_DSP_TRG_RON_BTG_CTG_DVY_PHASE 1_VIANT DIRECT MATCH RETAIL, COMPETITIVE CONQUESTING, DISPLAY_Fixed Placement_Behavioral_F25-54_300 x 250_Standard_NV_NA",204483016,10/14/2017,2126,30,2096,0,2096,215,1881,1612,269,215,184,1796
TJN_TJX_TJMaxx 2H DIG_FY18,Viant,"PJSPBY_TJN_TJC_031_Data_VIANT INC_PUR_ROI_TWB_DIR_DSP_TRG_RON_BTG_MKT_DVY_DETERMINSTIC LAL OF ECOM CONVERTERS, CROSS DEVICE DISPLAY_Fixed Placement_Behavioral_F25-54_300 x 250_Click_NV_NA",204715651,10/18/2017,698,16,682,0,682,108,574,292,282,108,55,347
TJN_TJX_TJMaxx 2H DIG_FY18,Conversant Inc.,PJNPLZ_TJN_TJX_028_Audience_CONVERSANT_DST_SV1_MAP_NET_DSP_TRG_RON_BTG_BTG_DVY_PHASE 1_ SMARTPHONE SMALL BANNER  - CJ CONVERTERS LAL MODELING_Run of Site_Behavioral_P18+_320 x 50_Standard_NV_NA,204442891,9/29/2017,11,0,11,0,11,0,11,11,0,0,0,11
TJN_MAR_023_Marshalls 2H Digital_F18,xAd Inc.,PJQ0YL_TJN_MAR_023_Mobile_GROUND TRUTH FKA XAD_DST_SV1_MAP_DIR_DSP_TRG_RON_BTG_PXT_DVY_COMPETITOR SHOPPERS - DYNAMIC DISTANCE_Run of Network_Geo_F25-54_320 x 50_Click and View_NV_NA,204595638,9/25/2017,14493,295,14198,9971,4227,326,3901,3330,571,10297,8375,11705
TJN_TJX_TJMaxx 2H DIG_FY18,Conversant Inc.,PJPTMN_TJN_TJC_031_Audience_CONVERSANT_PUR_ROI_MAP_NET_DSP_TRG_RON_BTG_BTG_DVY_SMARTPHONE MEDIUM RECTANGLE - COMPETITIVE CONQUESTING_Run of Site_Other_P18+_300 x 250_Standard_NV_NA,204447221,10/8/2017,9807,90,9717,0,9717,1359,8358,4960,3398,1359,806,5766
TJN_TJX_TJMaxx 2H DIG_FY18,Foursquare,"PK0H84_TJN_TJX_028_Audience_FOURSQUARE LABS, INC_DST_SV1_MAP_PRO_RCH_TRG_RON_PXT_BTG_DVY_PHASE 1_MOBILE RICH MEDIA COMPETITIVE CONQUESTING - Find A Store_Run of Network_Geo_F25-54_320 x 50_Standard_NV_NA",205427847,9/29/2017,85603,3045,82558,58884,23674,2129,21545,16159,5386,61013,45760,61919
TJN_MAR_023_Marshalls 2H Digital_F18,NinthDecimal,PJPSRR_TJN_MAR_023_Mobile_NINTHDECIMAL_DST_SV1_MAP_DIR_RCH_TRG_RON_PXT_DMA_DVY_GEOFENCE: 2-MILE RADIUS AROUND URBAN STORES_Run of Network_Geo_F25-54_320 x 50_Click and View_NV_NA,204541523,9/10/2017,15841,615,15226,7203,8023,43,7980,7750,230,7246,7037,14787
TJN_TJX_TJMaxx 2H DIG_FY18,Conversant Inc.,PJPWPB_TJN_TJX_028_Audience_CONVERSANT_DST_SV1_DSK_NET_DSP_TRG_RON_BTG_BTG_DVY_PHASE 1_ DESKTOP RECTANGLE - CONVERSANT SHOPPERS AV_Run of Site_Behavioral_P18+_300 x 600_Standard_NV_NA,204447254,10/17/2017,471,50,421,0,421,142,279,138,141,142,70,208
TJN_TJX_TJMaxx 2H DIG_FY18,Viant,"PKGJ50_TJN_TJC_031_Data_VIANT INC_PUR_ROI_DSK_DIR_CUS_TRG_NAT_BTG_MKT_DVY_W25-54 + KEYWORD TARGETING, CROSS DEVICE NATIVE - Dresses_Fixed Placement_Contextual_F25-54_1 x 1_Click_NV_NA",206833302,10/16/2017,7054,410,6644,6644,0,0,0,0,0,6644,4317,4317
TJN_TJX_TJMaxx 2H DIG_FY18,Hulu,PK3F7J_TJN_TJX_027_Content_HULU_BAF_BS2_TAP_DIR_CUS_SPN_CHS_CTG_CTG_DVY_HULU ROS: PREMIUM SLATE - TABLET IN APP_FEP_Contextual_F25-54_1920 x 1080_Standard_NV_NA,205725864,10/18/2017,13,0,13,13,0,0,0,0,0,13,10,10
TJN_TJX_TJMaxx 2H DIG_FY18,Conversant Inc.,PJPTLQ_TJN_TJC_031_Audience_CONVERSANT_PUR_ROI_DSK_NET_DSP_TRG_RON_BTG_BTG_DVY_DESKTOP MEDIUM RECTANGLE- TRENDSETTERS_Run of Site_Other_P18+_300 x 250_Standard_NV_NA,204446138,10/11/2017,33951,3018,30933,5,30928,4547,26381,14457,11924,4552,2495,16952
TJN_TJX_TJMaxx 2H DIG_FY18,Viant,"PJNSHB_TJN_TJX_028_Data_VIANT INC_DSI_SV1_MWB_DIR_DSP_TRG_RON_BTG_CTG_DVY_PHASE 1_VIANT DIRECT MATCH RETAIL, COMPETITIVE CONQUESTING, DISPLAY_Fixed Placement_Behavioral_F25-54_300 x 50_Standard_NV_NA",204478658,10/12/2017,21,0,21,0,21,3,18,16,2,3,3,19
TJN_TJX_TJMaxx 2H DIG_FY18,Viant,"PJNSGS_TJN_TJX_028_Data_VIANT INC_DSI_SV1_MWB_DIR_DSP_TRG_RON_BTG_CTG_DVY_PHASE 1_VIANT DIRECT MATCH RETAIL, TJX PORFOLIO LOYALISTS, DISPLAY_Fixed Placement_Behavioral_F25-54_320 x 50_Standard_NV_NA",204524922,10/7/2017,22000,196,21804,4,21800,1031,20769,17376,3393,1035,866,18242
TJN_MAR_023_Marshalls 2H Digital_F18,Bustle,"PK5G3X_TJN_MAR_023_Content_BUSTLE_ROC Fashion, Lifestyle Channel - Panoramic Unit_Run of Site_Contextual_F25-54_1 x 1_Click and View_NV_NA",206333601,10/19/2017,187732,5500,182232,73,182159,166200,15959,12546,3413,166273,130714,143260
TJN_TJX_TJMaxx 2H DIG_FY18,Conversant Inc.,PJPTLK_TJN_TJC_031_Audience_CONVERSANT_PUR_ROI_DSK_NET_DSP_TRG_RON_BTG_BTG_DVY_DESKTOP RECTANGLE- TRENDSETTERS_Run of Site_Other_P18+_300 x 600_Standard_NV_NA,204483963,10/14/2017,4009,546,3463,0,3463,650,2813,1396,1417,650,323,1719
TJN_MAR_023_Marshalls 2H Digital_F18,NinthDecimal,PJPSRS_TJN_MAR_023_Mobile_NINTHDECIMAL_DST_SV1_MAP_DIR_RCH_TRG_RON_PXT_DMA_DVY_GEOFENCE: 5-10-MILE RADIUS AROUND SUBURBAN STORES_Run of Network_Geo_F25-54_320 x 50_Click and View_NV_NA,204541748,9/27/2017,81030,1916,79114,28341,50773,267,50506,49173,1333,28608,27853,77026
TJN_TJX_TJMaxx 2H DIG_FY18,xAd Inc.,PKF4SK_TJN_TJX_028_Mobile_GROUND TRUTH FKA XAD_DST_SV1_MAP_DIR_DSP_TRG_RON_RTG_RTG_DVY_PHASE 1_LOCATION AUDIENCE COMPETITIVE CONQUESTING PLACEMENT - STANDARD BANNER - Dresses_Run of Network_Retarget_F25-54_300 x 250_Click and View_NV_NA,206832798,10/20/2017,2218,49,2169,2169,0,0,0,0,0,2169,2169,2169
TJN_TJX_TJMaxx 2H DIG_FY18,Foursquare,"PJPRVG_TJN_TJX_028_Audience_FOURSQUARE LABS, INC_DST_SV1_MAP_PRO_DSP_TRG_RON_PXT_BTG_DVY_PHASE 1_PINPOINT COMPETITIVE CONQUESTING AV_Run of Network_Geo_F25-54_300 x 250_Standard_NV_NA",204527412,9/24/2017,127,7,120,43,77,3,74,53,21,46,33,86
TJN_MAR_023_Marshalls 2H Digital_F18,xAd Inc.,PJQ0YK_TJN_MAR_023_Mobile_GROUND TRUTH FKA XAD_DST_SV1_MAP_DIR_DSP_TRG_RON_BTG_PXT_DVY_MARSHALLS SHOPPERS - DYNAMIC DISTANCE_Run of Network_Geo_F25-54_300 x 250_Click and View_NV_NA,204543440,9/13/2017,3091,260,2831,2831,0,0,0,0,0,2831,2673,2673
TJN_MAR_023_Marshalls 2H Digital_F18,xAd Inc.,PJQ0YG_TJN_MAR_023_Mobile_GROUND TRUTH FKA XAD_DST_SV1_MAP_DIR_DSP_TRG_RON_BTG_DMA_DVY_BEHAVIORAL - FASHION SHOPPER - DYNAMIC DISTANCE_Run of Network_Behavioral_F25-54_320 x 50_Click and View_NV_NA,204557581,10/13/2017,61445,955,60490,52077,8413,951,7462,6517,945,53028,46289,52806
TJN_TJX_TJMaxx 2H DIG_FY18,Viant,"PJNSGR_TJN_TJX_028_Data_VIANT INC_DSI_SV1_TWB_DIR_DSP_TRG_RON_BTG_CTG_DVY_PHASE 1_VIANT DIRECT MATCH RETAIL, TJX PORFOLIO LOYALISTS, DISPLAY_Fixed Placement_Behavioral_F25-54_160 x 600_Standard_NV_NA",204478520,10/4/2017,547,4,543,0,543,43,500,112,388,43,10,122
TJN_MAR_023_Marshalls 2H Digital_F18,xAd Inc.,PJQ0YG_TJN_MAR_023_Mobile_GROUND TRUTH FKA XAD_DST_SV1_MAP_DIR_DSP_TRG_RON_BTG_DMA_DVY_BEHAVIORAL - FASHION SHOPPER - DYNAMIC DISTANCE_Run of Network_Behavioral_F25-54_320 x 50_Click and View_NV_NA,204557581,9/13/2017,38227,562,37665,28631,9034,1403,7631,7051,580,30034,17955,25006
TJN_TJX_TJMaxx 2H DIG_FY18,xAd Inc.,PJMTN2_TJN_TJX_028_Mobile_GROUND TRUTH FKA XAD_DST_SV1_MAP_DIR_DSP_TRG_RON_RTG_RTG_DVY_PHASE 1_LOCATION AUDIENCE COMPETITIVE CONQUESTING PLACEMENT - STANDARD BANNER - Fall Handbag_Run of Network_Retarget_F25-54_300 x 250_Click and View_NV_NA,204447824,9/25/2017,43062,1043,42019,42004,15,1,14,12,2,42005,36004,36016
TJN_MAR_023_Marshalls 2H Digital_F18,xAd Inc.,PJQ0YK_TJN_MAR_023_Mobile_GROUND TRUTH FKA XAD_DST_SV1_MAP_DIR_DSP_TRG_RON_BTG_PXT_DVY_MARSHALLS SHOPPERS - DYNAMIC DISTANCE_Run of Network_Geo_F25-54_300 x 250_Click and View_NV_NA,204543440,10/13/2017,5524,126,5398,5398,0,0,0,0,0,5398,5398,5398
TJN_TJX_TJMaxx 2H DIG_FY18,xAd Inc.,PJPXK1_TJN_TJX_028_Mobile_GROUND TRUTH FKA XAD_DST_SV1_MAP_DIR_DSP_TRG_RON_PXT_PXT_DVY_PHASE 1_PROXIMITY LOYALTY PLACEMENT - STANDARD BANNER - TJMaxx_Run of Network_Geo_F25-54_320 x 50_Click and View_NV_NA,204483996,10/11/2017,12589,263,12326,1906,10420,125,10295,6645,3650,2031,1311,7956
TJN_MAR_023_Marshalls 2H Digital_F18,xAd Inc.,PJQ0YD_TJN_MAR_023_Mobile_GROUND TRUTH FKA XAD_DST_SV1_MAP_DIR_RCH_TRG_RON_WEA_PXT_DVY_PROXIMITY CONQUESTING - WEATHER LOCATOR UNIT_Run of Network_Weather_F25-54_320 x 50_Click and View_NV_NA,204541553,9/29/2017,15041,331,14710,3780,10930,216,10714,8041,2673,3996,2999,11040
TJN_TJX_TJMaxx 2H DIG_FY18,Viant,"PK2X7K_TJN_TJX_028_Data_VIANT INC_DSI_SV1_DSK_DIR_RCH_TRG_INT_BTG_CTG_DVY_PHASE 1_VIANT IMP, W25-54 STRATEGIC SAVERS, CONTOBOX - Honeycomb_Fixed Placement_Behavioral_F25-54_160 x 600_Click and View_NV_NA",205726917,10/3/2017,1684,25,1659,2,1657,86,1571,691,880,88,39,730
TJN_TJX_TJMaxx 2H DIG_FY18,Conversant Inc.,PJPTMP_TJN_TJC_031_Audience_CONVERSANT_PUR_ROI_DSK_NET_DSP_TRG_RON_BTG_BTG_DVY_DESKTOP LEADERBOARD- COMPETITIVE CONQUESTING_Run of Site_Other_P18+_728 x 90_Standard_NV_NA,204443389,10/11/2017,27074,1295,25779,1,25778,4652,21126,14791,6335,4653,3258,18049
TJN_MAR_023_Marshalls 2H Digital_F18,xAd Inc.,PJQ0Y7_TJN_MAR_023_Mobile_GROUND TRUTH FKA XAD_DST_SV1_MAP_DIR_DSP_TRG_RON_PXT_BTG_DVY_PROXIMITY LOYALTY - DYNAMIC DISTANCE_Run of Network_Geo_F25-54_300 x 250_Click and View_NV_NA,204541754,9/5/2017,12448,137,12311,12260,51,1,50,47,3,12261,11522,11569
TJN_TJX_TJMaxx 2H DIG_FY18,Conversant Inc.,PJPTLJ_TJN_TJC_031_Audience_CONVERSANT_PUR_ROI_TAP_NET_DSP_TRG_RON_BTG_BTG_DVY_TABLET MEDIUM RECTANGLE - TRENDSETTERS_Run of Site_Other_P18+_300 x 250_Standard_NV_NA,204447266,10/10/2017,9228,49,9179,1,9178,1501,7677,3152,4525,1502,617,3769
TJN_MAR_023_Marshalls 2H Digital_F18,xAd Inc.,PJQ0YF_TJN_MAR_023_Mobile_GROUND TRUTH FKA XAD_DST_SV1_MAP_DIR_RCH_TRG_RON_WEA_PXT_DVY_PROXIMITY CONQUESTING - WEATHER LOCATOR UNIT_Run of Network_Weather_F25-54_300 x 250_Click and View_NV_NA,204596913,10/15/2017,1766,13,1753,31,1722,145,1577,1468,109,176,164,1632
TJN_TJX_TJMaxx 2H DIG_FY18,xAd Inc.,PJMTN9_TJN_TJX_028_Mobile_GROUND TRUTH FKA XAD_DST_SV1_MAP_DIR_DSP_TRG_RON_BTG_BTG_DVY_PHASE 1_BEHAVIORAL AUDIENCE STRATEGIC SAVERS PLACEMENT - STANDARD BANNER - Fall Handbag_Run of Network_Behavioral_F25-54_300 x 250_Click and View_NV_NA,204447293,9/10/2017,9885,177,9708,9652,56,6,50,22,28,9658,4250,4272
TJN_TJX_TJMaxx 2H DIG_FY18,Viant,"PJSPBW_TJN_TJC_031_Data_VIANT INC_PUR_ROI_MWB_DIR_DSP_TRG_RON_BTG_MKT_DVY_DETERMINSTIC LAL OF ECOM CONVERTERS, CROSS DEVICE DISPLAY_Fixed Placement_Behavioral_F25-54_300 x 50_Click_NV_NA",204733524,10/13/2017,7800,107,7693,2,7691,1030,6661,5041,1620,1032,781,5822
TJN_TJX_TJMaxx 2H DIG_FY18,Viant,"PJNSGW_TJN_TJX_028_Data_VIANT INC_DSI_SV1_DSK_DIR_DSP_TRG_RON_BTG_CTG_DVY_PHASE 1_VIANT DIRECT MATCH RETAIL, TJX PORFOLIO LOYALISTS, DISPLAY_Fixed Placement_Behavioral_F25-54_300 x 250_Standard_NV_NA",204478514,10/16/2017,7014,239,6775,0,6775,280,6495,4028,2467,280,174,4202
TJN_TJX_TJMaxx 2H DIG_FY18,xAd Inc.,PKF8V1_TJN_TJX_028_Mobile_GROUND TRUTH FKA XAD_DST_SV1_MAP_DIR_RCH_TRG_RON_PXT_PXT_DVY_PHASE 1_PROXIMITY LOYALTY PLACEMENT - RICH MEDIA STORE LOCATOR - Sweaters_Run of Network_Geo_F25-54_300 x 250_Click and View_NV_NA,206834118,10/17/2017,3553,56,3497,44,3453,11,3442,3264,178,55,52,3316
TJN_TJX_TJMaxx 2H DIG_FY18,xAd Inc.,PJMTN3_TJN_TJX_028_Mobile_GROUND TRUTH FKA XAD_DST_SV1_MAP_DIR_DSP_TRG_RON_RTG_RTG_DVY_PHASE 1_LOCATION AUDIENCE COMPETITIVE CONQUESTING PLACEMENT - STANDARD BANNER - Maxx You Maxx Life_Run of Network_Retarget_F25-54_320 x 50_Click and View_NV_NA,204442933,9/24/2017,28721,328,28393,11450,16943,727,16216,14351,1865,12177,10680,25031
TJN_TJX_TJMaxx 2H DIG_FY18,PlaceIQ,PK19YY_TJN_TJX_028_Mobile_PLACEIQ INC_DST_SV1_MAP_DIR_RCH_TRG_RON_BTG_PTG_DVY_PHASE 1_RICH MEDIA_STRATEGIC SAVERS_FREQUENT WOMEN'S APPAREL SHOPPER+DISCRETIONARY SPEND SHOPPERS_Run of Network_Behavioral_F25-54_320 x 50_Click and View_NV_NA,205568681,9/29/2017,59928,2957,56971,33808,23163,828,22335,21064,1271,34636,32665,53729
TJN_TJX_TJMaxx 2H DIG_FY18,Viant,"PJNSGT_TJN_TJX_028_Data_VIANT INC_DSI_SV1_DSK_DIR_DSP_TRG_RON_BTG_CTG_DVY_PHASE 1_VIANT DIRECT MATCH RETAIL, TJX PORFOLIO LOYALISTS, DISPLAY_Fixed Placement_Behavioral_F25-54_160 x 600_Standard_NV_NA",204483025,9/30/2017,12856,304,12552,0,12552,907,11645,6869,4776,907,535,7404
TJN_MAR_023_Marshalls 2H Digital_F18,xAd Inc.,PJQ0Y9_TJN_MAR_023_Mobile_GROUND TRUTH FKA XAD_DST_SV1_MAP_DIR_RCH_TRG_RON_WEA_PXT_DVY_PROXIMITY LOYALTY - WEATHER LOCATOR UNIT_Run of Network_Weather_F25-54_300 x 250_Click and View_NV_NA,204541757,9/10/2017,577,18,559,86,473,2,471,446,25,88,83,529
TJN_TJX_TJMaxx 2H DIG_FY18,PlaceIQ,PK19YZ_TJN_TJX_028_Mobile_PLACEIQ INC_DST_SV1_MAP_DIR_RCH_TRG_RON_BTG_PTG_DVY_PHASE 1_RICH MEDIA_STRATEGIC SAVERS_INFORMER CONSUMER SHOPPERS+TOP TIER APPAREL SHOPPER_Run of Network_Behavioral_F25-54_320 x 50_Click and View_NV_NA,205563548,10/13/2017,32853,1334,31519,10388,21131,746,20385,20109,276,11134,10983,31092
TJN_TJX_TJMaxx 2H DIG_FY18,Foursquare,"PJPQL0_TJN_TJX_028_Audience_FOURSQUARE LABS, INC_DST_SV1_MAP_PRO_DSP_TRG_RON_PXT_BTG_DVY_PHASE 1_PINPOINT TRENDSETTERS_Run of Network_Geo_F25-54_320 x 50_Standard_NV_NA",204478094,10/12/2017,138251,2409,135842,85869,49973,1930,48043,39846,8197,87799,72819,112665
TJN_MAR_023_Marshalls 2H Digital_F18,xAd Inc.,PJQ0YS_TJN_MAR_023_Mobile_GROUND TRUTH FKA XAD_DST_SV1_MAP_DIR_DSP_TRG_RON_DMA_BTG_DVY_AV DMA TARGETING_Run of Network_Geo_F25-54_300 x 250_Click and View_NV_NA,204558337,9/25/2017,47164,949,46215,21328,24887,985,23902,20673,3229,22313,19588,40261
TJN_TJX_TJMaxx 2H DIG_FY18,xAd Inc.,PJYDBM_TJN_TJX_028_Mobile_GROUND TRUTH FKA XAD_DST_SV1_MAP_DIR_RCH_TRG_RON_PXT_PXT_DVY_PHASE 1_PROXIMITY LOYALTY PLACEMENT - RICH MEDIA STORE LOCATOR - Fall Hero_Run of Network_Geo_F25-54_300 x 250_Click and View_NV_NA,205209355,10/8/2017,4237,50,4187,131,4056,22,4034,3895,139,153,148,4043
TJN_TJX_TJMaxx 2H DIG_FY18,Conversant Inc.,PJPTLN_TJN_TJC_031_Audience_CONVERSANT_PUR_ROI_MAP_NET_DSP_TRG_RON_BTG_BTG_DVY_SMARTPHONE MEDIUM RECTANGLE - TRENDSETTERS_Run of Site_Other_P18+_300 x 250_Standard_NV_NA,204446141,10/4/2017,3029,50,2979,0,2979,468,2511,1015,1496,468,189,1204
TJN_TJX_TJMaxx 2H DIG_FY18,Viant,"PKGK55_TJN_TJX_028_Data_VIANT INC_DSI_SV1_DSK_DIR_CUS_TRG_NAT_BTG_CTG_DVY_PHASE 1_VIANT LIFESTYLE, TRENDSETTERS NATIVE- Dresses_Fixed Placement_Contextual_F25-54_0 x 0_Click and View_NV_NA",206833278,10/16/2017,4786,231,4555,4555,0,0,0,0,0,4555,2960,2960
TJN_MAR_023_Marshalls 2H Digital_F18,NinthDecimal,PJPSRV_TJN_MAR_023_Mobile_NINTHDECIMAL_DST_SV1_MAP_DIR_RCH_TRG_RON_BTG_PXT_DVY_LOCATION GRAPH: MARSHALLS LOYALISTS_Run of Network_Behavioral_F25-54_320 x 50_Click and View_NV_NA,204555232,9/14/2017,21931,573,21358,6973,14385,103,14282,13804,478,7076,6839,20643
TJN_TJX_TJMaxx 2H DIG_FY18,Foursquare,"PKFMK7_TJN_TJX_028_Audience_FOURSQUARE LABS, INC_DST_SV1_MAP_PRO_RCH_TRG_RON_PXT_BTG_DVY_PHASE 1_MOBILE RICH MEDIA COMPETITIVE CONQUESTING - Sweaters_Run of Network_Geo_F25-54_300 x 250_Standard_NV_NA",206832744,10/18/2017,1015,17,998,735,263,66,197,98,99,801,398,496
TJN_MAR_023_Marshalls 2H Digital_F18,Spotify USA Inc.,PK0HN8_TJN_MAR_023_Audience_SPOTIFY USA INC_DST_SV2_MAP_DIR_DSP_TRG_ROS_DMA_PXT_DVY_MOBILE OVERLAY 630X920_Run of Site_Geo_F25-54_630 x 920_Click and View_NV_NA,205561904,10/18/2017,41977,770,41207,41207,0,0,0,0,0,41207,36995,36995
TJN_TJX_TJMaxx 2H DIG_FY18,xAd Inc.,PJPXJZ_TJN_TJX_028_Mobile_GROUND TRUTH FKA XAD_DST_SV1_MAP_DIR_DSP_TRG_RON_BTG_BTG_DVY_PHASE 1_BEHAVIORAL AUDIENCE TRENDSETTERS PLACEMENT - STANDARD BANNER - Fall Hero_Run of Network_Behavioral_F25-54_300 x 250_Click and View_NV_NA,204446156,9/11/2017,9912,193,9719,9699,20,0,20,7,13,9699,3395,3402
TJN_MAR_023_Marshalls 2H Digital_F18,NinthDecimal,PJPSRZ_TJN_MAR_023_Mobile_NINTHDECIMAL_DST_SV1_MAP_DIR_RCH_TRG_RON_BTG_DMA_DVY_CONSUMER JOURNEY: BARGAIN HUNTERS_Run of Network_Behavioral_F25-54_320 x 50_Click and View_NV_NA,204542873,10/14/2017,32172,402,31770,8960,22810,110,22700,21924,776,9070,8760,30684
TJN_TJX_TJMaxx 2H DIG_FY18,Foursquare,"PJPSSY_TJN_TJX_028_Audience_FOURSQUARE LABS, INC_DST_SV1_MAP_PRO_RCH_TRG_RON_PXT_BTG_DVY_PHASE 1_MOBILE RICH MEDIA TRENDSETTERS - Find A TJ Maxx Store_Run of Network_Geo_F25-54_320 x 50_Standard_NV_NA",204527598,10/11/2017,18973,940,18033,8386,9647,669,8978,5130,3848,9055,5174,10304
TJN_MAR_023_Marshalls 2H Digital_F18,NinthDecimal,PJPSRV_TJN_MAR_023_Mobile_NINTHDECIMAL_DST_SV1_MAP_DIR_RCH_TRG_RON_BTG_PXT_DVY_LOCATION GRAPH: MARSHALLS LOYALISTS_Run of Network_Behavioral_F25-54_320 x 50_Click and View_NV_NA,204555232,10/14/2017,58560,1136,57424,16069,41355,186,41169,39703,1466,16255,15676,55379
TJN_TJX_TJMaxx 2H DIG_FY18,Viant,"PK2X7J_TJN_TJX_028_Data_VIANT INC_DSI_SV1_MWB_DIR_RCH_TRG_INT_BTG_CTG_DVY_PHASE 1_VIANT IMP, W25-54 STRATEGIC SAVERS, CONTOBOX - Honeycomb_Fixed Placement_Behavioral_F25-54_300 x 250_Click and View_NV_NA",205688479,10/13/2017,452,14,438,11,427,16,411,302,109,27,20,322
TJN_TJX_TJMaxx 2H DIG_FY18,Viant,"PJNSGN_TJN_TJX_028_Data_VIANT INC_DSI_SV1_TWB_DIR_DSP_TRG_RON_BTG_CTG_DVY_PHASE 1_VIANT DIRECT MATCH RETAIL, TJX PORFOLIO LOYALISTS, DISPLAY_Fixed Placement_Behavioral_F25-54_300 x 250_Standard_NV_NA",204526347,10/12/2017,647,1,646,0,646,35,611,481,130,35,28,509
TJN_TJX_TJMaxx 2H DIG_FY18,Viant,PJPXKS_TJN_TJX_028_Data_VIANT INC_DSI_SV1_DSK_DIR_DSP_TRG_RON_BTG_CTG_DVY_PHASE 1_DESKTOP DISPLAY VIANT IMP TARGETING - STRATEGIC SAVERS AV_Fixed Placement_Demo_F25-54_160 x 600_Standard_NV_NA,204477475,10/17/2017,4639,1537,3102,3,3099,109,2990,2057,933,112,77,2134
TJN_TJX_TJMaxx 2H DIG_FY18,Hulu,PK3F7F_TJN_TJX_027_Content_HULU_BAF_BS2_DSK_DIR_CUS_SPN_CHS_CTG_CTG_DVY_HULU ROS: PREMIUM SLATE - DESKTOP_FEP_Contextual_F25-54_1920 x 1080_Standard_NV_NA,205683925,9/25/2017,3,0,3,3,0,0,0,0,0,3,2,2
TJN_TJX_TJMaxx 2H DIG_FY18,Foursquare,"PJYHWD_TJN_TJX_028_Audience_FOURSQUARE LABS, INC_DST_SV1_MAP_PRO_DSP_TRG_RON_PXT_BTG_DVY_PHASE 1_PINPOINT COMPETITIVE CONQUESTING_Run of Network_Geo_F25-54_300 x 250_Standard_NV_NA",205235284,10/5/2017,3467,236,3231,1536,1695,120,1575,980,595,1656,1030,2010
TJN_TJX_TJMaxx 2H DIG_FY18,Viant,"PJNSHG_TJN_TJX_028_Data_VIANT INC_DSI_SV1_DSK_DIR_DSP_TRG_RON_BTG_CTG_DVY_PHASE 1_VIANT DIRECT MATCH RETAIL, COMPETITIVE CONQUESTING, DISPLAY_Fixed Placement_Behavioral_F25-54_728 x 90_Standard_NV_NA",204478490,10/17/2017,17204,942,16262,0,16262,1137,15125,8993,6132,1137,676,9669
TJN_TJX_TJMaxx 2H DIG_FY18,Viant,"PK2V4W_TJN_TJX_028_Data_VIANT INC_DSI_SV1_DSK_DIR_RCH_TRG_INT_BTG_CTG_DVY_PHASE 1_VIANT IMP, W25-54 STRATEGIC SAVERS, CONTOBOX - Fall Homes_Fixed Placement_Behavioral_F25-54_728 x 90_Click and View_NV_NA",205687309,10/7/2017,6011,68,5943,6,5937,342,5595,1354,4241,348,84,1438
TJN_TJX_TJMaxx 2H DIG_FY18,Viant,PJPXKR_TJN_TJX_028_Data_VIANT INC_DSI_SV1_DSK_DIR_DSP_TRG_RON_BTG_CTG_DVY_PHASE 1_DESKTOP DISPLAY VIANT IMP TARGETING - STRATEGIC SAVERS AV_Fixed Placement_Demo_F25-54_300 x 250_Standard_NV_NA,204475841,9/25/2017,57746,1992,55754,15,55739,4582,51157,6581,44576,4597,591,7172
TJN_TJX_TJMaxx 2H DIG_FY18,Viant,"PK2X7K_TJN_TJX_028_Data_VIANT INC_DSI_SV1_DSK_DIR_RCH_TRG_INT_BTG_CTG_DVY_PHASE 1_VIANT IMP, W25-54 STRATEGIC SAVERS, CONTOBOX - Honeycomb_Fixed Placement_Behavioral_F25-54_160 x 600_Click and View_NV_NA",205726917,10/1/2017,3168,37,3131,1,3130,250,2880,1421,1459,251,124,1545
TJN_TJX_TJMaxx 2H DIG_FY18,xAd Inc.,PJYDBR_TJN_TJX_028_Mobile_GROUND TRUTH FKA XAD_DST_SV1_MAP_DIR_RCH_TRG_RON_BTG_BTG_DVY_PHASE 1_BEHAVIORAL AUDIENCE TRENDSETTERS PLACEMENT - RICH MEDIA STORE LOCATOR - Maxx You Maxx Life_Run of Network_Behavioral_F25-54_320 x 50_Click and View_NV_NA,205145234,9/27/2017,17768,267,17501,7877,9624,320,9304,7834,1470,8197,6902,14736
TJN_MAR_023_Marshalls 2H Digital_F18,NinthDecimal,PJPSRZ_TJN_MAR_023_Mobile_NINTHDECIMAL_DST_SV1_MAP_DIR_RCH_TRG_RON_BTG_DMA_DVY_CONSUMER JOURNEY: BARGAIN HUNTERS_Run of Network_Behavioral_F25-54_320 x 50_Click and View_NV_NA,204542873,9/14/2017,20715,403,20312,7361,12951,93,12858,12486,372,7454,7238,19724
TJN_TJX_TJMaxx 2H DIG_FY18,Foursquare,"PJPSSY_TJN_TJX_028_Audience_FOURSQUARE LABS, INC_DST_SV1_MAP_PRO_RCH_TRG_RON_PXT_BTG_DVY_PHASE 1_MOBILE RICH MEDIA TRENDSETTERS - Find A TJ Maxx Store_Run of Network_Geo_F25-54_320 x 50_Standard_NV_NA",204527598,10/6/2017,29609,657,28952,15494,13458,1123,12335,7292,5043,16617,9823,17115
TJN_TJX_TJMaxx 2H DIG_FY18,Viant,"PK2X7K_TJN_TJX_028_Data_VIANT INC_DSI_SV1_DSK_DIR_RCH_TRG_INT_BTG_CTG_DVY_PHASE 1_VIANT IMP, W25-54 STRATEGIC SAVERS, CONTOBOX - Honeycomb_Fixed Placement_Behavioral_F25-54_160 x 600_Click and View_NV_NA",205726917,10/2/2017,665,31,634,0,634,43,591,294,297,43,21,315
TJN_TJX_TJMaxx 2H DIG_FY18,xAd Inc.,PJMTNB_TJN_TJX_028_Mobile_GROUND TRUTH FKA XAD_DST_SV1_MAP_DIR_DSP_TRG_RON_BTG_BTG_DVY_PHASE 1_BEHAVIORAL AUDIENCE TRENDSETTERS PLACEMENT - STANDARD BANNER - Fall Handbag_Run of Network_Behavioral_F25-54_300 x 250_Click and View_NV_NA,204447833,9/15/2017,10836,230,10606,10595,11,1,10,4,6,10596,4238,4242
TJN_TJX_TJMaxx 2H DIG_FY18,xAd Inc.,PKF5T8_TJN_TJX_028_Mobile_GROUND TRUTH FKA XAD_DST_SV1_MAP_DIR_DSP_TRG_RON_RTG_RTG_DVY_PHASE 1_LOCATION AUDIENCE TJX SHOPPERS PLACEMENT - STANDARD BANNER - Find A Store V1_Run of Network_Retarget_F25-54_320 x 50_Click and View_NV_NA,206772554,10/17/2017,4639,55,4584,1170,3414,39,3375,2601,774,1209,932,3533
TJN_MAR_023_Marshalls 2H Digital_F18,xAd Inc.,PJQ0YJ_TJN_MAR_023_Mobile_GROUND TRUTH FKA XAD_DST_SV1_MAP_DIR_DSP_TRG_RON_BTG_PXT_DVY_MARSHALLS SHOPPERS - DYNAMIC DISTANCE_Run of Network_Geo_F25-54_320 x 50_Click and View_NV_NA,204595911,10/5/2017,12177,154,12023,7708,4315,113,4202,3347,855,7821,6236,9583
TJN_TJX_TJMaxx 2H DIG_FY18,Hulu,PK3F7G_TJN_TJX_027_Content_HULU_BAF_BS2_MAP_DIR_CUS_SPN_CHS_CTG_CTG_DVY_HULU ROS: PREMIUM SLATE - MOBILE IN APP_FEP_Contextual_F25-54_1920 x 1080_Standard_NV_NA,205634552,10/12/2017,16,1,15,15,0,0,0,0,0,15,10,10
TJN_TJX_TJMaxx 2H DIG_FY18,xAd Inc.,PJMTN3_TJN_TJX_028_Mobile_GROUND TRUTH FKA XAD_DST_SV1_MAP_DIR_DSP_TRG_RON_RTG_RTG_DVY_PHASE 1_LOCATION AUDIENCE COMPETITIVE CONQUESTING PLACEMENT - STANDARD BANNER - Maxx You Maxx Life_Run of Network_Retarget_F25-54_320 x 50_Click and View_NV_NA,204442933,9/22/2017,34238,303,33935,10706,23229,677,22552,20506,2046,11383,10299,30805
TJN_TJX_TJMaxx 2H DIG_FY18,Viant,"PK2X7K_TJN_TJX_028_Data_VIANT INC_DSI_SV1_DSK_DIR_RCH_TRG_INT_BTG_CTG_DVY_PHASE 1_VIANT IMP, W25-54 STRATEGIC SAVERS, CONTOBOX - Honeycomb_Fixed Placement_Behavioral_F25-54_160 x 600_Click and View_NV_NA",205726917,9/23/2017,104,6,98,0,98,0,98,27,71,0,0,27
TJN_TJX_TJMaxx 2H DIG_FY18,Conversant Inc.,PJPTLQ_TJN_TJC_031_Audience_CONVERSANT_PUR_ROI_DSK_NET_DSP_TRG_RON_BTG_BTG_DVY_DESKTOP MEDIUM RECTANGLE- TRENDSETTERS_Run of Site_Other_P18+_300 x 250_Standard_NV_NA,204446138,9/21/2017,8,6,2,0,2,0,2,0,2,0,0,0
TJN_TJX_TJMaxx 2H DIG_FY18,Viant,"PK2V4X_TJN_TJX_028_Data_VIANT INC_DSI_SV1_DSK_DIR_RCH_TRG_INT_BTG_CTG_DVY_PHASE 1_VIANT IMP, W25-54 STRATEGIC SAVERS, CONTOBOX - Fall Homes_Fixed Placement_Behavioral_F25-54_300 x 250_Click and View_NV_NA",205688458,10/13/2017,3652,53,3599,3,3596,902,2694,1462,1232,905,491,1953
TJN_TJX_TJMaxx 2H DIG_FY18,xAd Inc.,PJMTND_TJN_TJX_028_Mobile_GROUND TRUTH FKA XAD_DST_SV1_MAP_DIR_DSP_TRG_RON_PXT_PXT_DVY_PHASE 1_PROXIMITY LOYALTY PLACEMENT - STANDARD BANNER - Maxx You Maxx Life_Run of Network_Geo_F25-54_320 x 50_Click and View_NV_NA,204442096,9/15/2017,47879,760,47119,14626,32493,18494,13999,10607,3392,33120,24260,34867
TJN_TJX_TJMaxx 2H DIG_FY18,xAd Inc.,PKF4TV_TJN_TJX_028_Mobile_GROUND TRUTH FKA XAD_DST_SV1_MAP_DIR_DSP_TRG_RON_RTG_RTG_DVY_PHASE 1_LOCATION AUDIENCE COMPETITIVE CONQUESTING PLACEMENT - STANDARD BANNER - Sweaters_Run of Network_Retarget_F25-54_300 x 250_Click and View_NV_NA,206833632,10/21/2017,2476,15,2461,2461,0,0,0,0,0,2461,1868,1868
TJN_TJX_TJMaxx 2H DIG_FY18,xAd Inc.,PKF5JX_TJN_TJX_028_Mobile_GROUND TRUTH FKA XAD_DST_SV1_MAP_DIR_DSP_TRG_RON_RTG_RTG_DVY_PHASE 1_LOCATION AUDIENCE COMPETITIVE CONQUESTING PLACEMENT - STANDARD BANNER - Find A Store V2_Run of Network_Retarget_F25-54_320 x 50_Click and View_NV_NA,206833629,10/21/2017,4146,57,4089,1108,2981,31,2950,2361,589,1139,912,3273
TJN_MAR_023_Marshalls 2H Digital_F18,Bustle,PK5G3V_TJN_MAR_023_Content_BUSTLE_Native Content Module - Fall Fashion Finds Topics Page_Run of Site_Contextual_F25-54_1 x 1_Click and View_NV_NA,206334768,10/15/2017,13476,177,13299,8,13291,12118,1173,590,583,12126,6099,6689
TJN_TJX_TJMaxx 2H DIG_FY18,Viant,PJPXKV_TJN_TJX_028_Data_VIANT INC_DSI_SV1_DSK_DIR_DSP_TRG_RON_BTG_CTG_DVY_PHASE 1_DESKTOP DISPLAY VIANT IMP TARGETING - STRATEGIC SAVERS AV_Fixed Placement_Demo_F25-54_728 x 90_Standard_NV_NA,204526986,9/18/2017,235,128,107,0,107,18,89,57,32,18,12,69
TJN_TJX_TJMaxx 2H DIG_FY18,Foursquare,"PK0H7Z_TJN_TJX_028_Audience_FOURSQUARE LABS, INC_DST_SV1_MAP_PRO_RCH_TRG_RON_PXT_BTG_DVY_PHASE 1_MOBILE RICH MEDIA STRATEGIC SAVERS - Fall Honeycomb_Run of Network_Geo_F25-54_300 x 250_Standard_NV_NA",205341980,9/30/2017,1531,228,1303,496,807,40,767,325,442,536,227,552
TJN_TJX_TJMaxx 2H DIG_FY18,Viant,"PK2V4S_TJN_TJX_028_Data_VIANT INC_DSI_SV1_TWB_DIR_RCH_TRG_INT_BTG_CTG_DVY_PHASE 1_VIANT IMP, W25-54 STRATEGIC SAVERS, CONTOBOX - Fall Homes_Fixed Placement_Behavioral_F25-54_300 x 250_Click and View_NV_NA",205687927,10/20/2017,15,15,0,0,0,0,0,0,0,0,0,0
TJN_TJX_TJMaxx 2H DIG_FY18,Hulu,PK3CXJ_TJN_TJX_027_Content_HULU_BAF_BS2_MAP_DIR_CUS_SPN_CHS_CTG_CTG_DVY_FALL TV SPONSORSHIP: PREMIUM SLATE - MOBILE IN APP_FEP_Contextual_F25-54_1920 x 1080_Standard_NV_NA,205683919,10/14/2017,25716,139,25577,25577,0,0,0,0,0,25577,18304,18304
TJN_TJX_TJMaxx 2H DIG_FY18,Conversant Inc.,PJPWBV_TJN_TJX_028_Audience_CONVERSANT_DST_SV1_DSK_NET_DSP_TRG_RON_BTG_BTG_DVY_PHASE 1_ DESKTOP MEDIUM RECTANGLE - CJ INTERACTORS LAL MODELING_Run of Site_Behavioral_P18+_300 x 250_Standard_NV_NA,204447743,10/18/2017,29314,2109,27205,3,27202,2873,24329,10929,13400,2876,1292,12221
TJN_TJX_TJMaxx 2H DIG_FY18,xAd Inc.,PKF5L5_TJN_TJX_028_Mobile_GROUND TRUTH FKA XAD_DST_SV1_MAP_DIR_DSP_TRG_RON_RTG_RTG_DVY_PHASE 1_LOCATION AUDIENCE TJX SHOPPERS PLACEMENT - STANDARD BANNER - Sweaters_Run of Network_Retarget_F25-54_300 x 250_Click and View_NV_NA,206833599,10/20/2017,2207,62,2145,2145,0,0,0,0,0,2145,2145,2145
TJN_TJX_TJMaxx 2H DIG_FY18,xAd Inc.,PJPXK1_TJN_TJX_028_Mobile_GROUND TRUTH FKA XAD_DST_SV1_MAP_DIR_DSP_TRG_RON_PXT_PXT_DVY_PHASE 1_PROXIMITY LOYALTY PLACEMENT - STANDARD BANNER - TJMaxx_Run of Network_Geo_F25-54_320 x 50_Click and View_NV_NA,204483996,9/21/2017,40608,897,39711,14436,25275,11729,13546,10951,2595,26165,19501,30452
TJN_MAR_023_Marshalls 2H Digital_F18,Spotify USA Inc.,PK0HLF_TJN_MAR_023_Audience_SPOTIFY USA INC_DST_SV2_MAP_DIR_DSP_TRG_CMP_DMA_PXT_DVY_MOBILE AUDIO COMPANION BANNER 640X640_Run of Site_Geo_F25-54_640 x 640_Click and View_NV_NA,205566308,10/21/2017,145343,1416,143927,143927,0,0,0,0,0,143927,132850,132850
TJN_TJX_TJMaxx 2H DIG_FY18,Viant,"PK2X7G_TJN_TJX_028_Data_VIANT INC_DSI_SV1_DSK_DIR_RCH_TRG_INT_BTG_CTG_DVY_PHASE 1_VIANT IMP, W25-54 STRATEGIC SAVERS, CONTOBOX - Honeycomb_Fixed Placement_Behavioral_F25-54_300 x 250_Click and View_NV_NA",205688467,10/12/2017,15933,762,15171,11,15160,1622,13538,6147,7391,1633,741,6888
TJN_TJX_TJMaxx 2H DIG_FY18,xAd Inc.,PKF4G3_TJN_TJX_028_Mobile_GROUND TRUTH FKA XAD_DST_SV1_MAP_DIR_DSP_TRG_RON_BTG_BTG_DVY_PHASE 1_BEHAVIORAL AUDIENCE STRATEGIC SAVERS PLACEMENT - STANDARD BANNER - Find A Store V2_Run of Network_Behavioral_F25-54_320 x 50_Click and View_NV_NA,206772056,10/16/2017,13627,141,13486,4166,9320,128,9192,6684,2508,4294,3122,9806
TJN_TJX_TJMaxx 2H DIG_FY18,Viant,"PJNSHC_TJN_TJX_028_Data_VIANT INC_DSI_SV1_DSK_DIR_DSP_TRG_RON_BTG_CTG_DVY_PHASE 1_VIANT DIRECT MATCH RETAIL, COMPETITIVE CONQUESTING, DISPLAY_Fixed Placement_Behavioral_F25-54_300 x 250_Standard_NV_NA",204478655,10/20/2017,48294,1753,46541,3,46538,2309,44229,22218,22011,2312,1161,23379
TJN_TJX_TJMaxx 2H DIG_FY18,Conversant Inc.,PJPWP9_TJN_TJX_028_Audience_CONVERSANT_DST_SV1_DSK_NET_DSP_TRG_RON_BTG_BTG_DVY_PHASE 1_ DESKTOP MEDIUM RECTANGLE - CONVERSANT SHOPPERS AV_Run of Site_Behavioral_P18+_300 x 250_Standard_NV_NA,204483957,9/26/2017,1448,86,1362,0,1362,343,1019,661,358,343,222,883
TJN_TJX_TJMaxx 2H DIG_FY18,Conversant Inc.,PJPTMP_TJN_TJC_031_Audience_CONVERSANT_PUR_ROI_DSK_NET_DSP_TRG_RON_BTG_BTG_DVY_DESKTOP LEADERBOARD- COMPETITIVE CONQUESTING_Run of Site_Other_P18+_728 x 90_Standard_NV_NA,204443389,9/21/2017,8,6,2,0,2,0,2,2,0,0,0,2
TJN_TJX_TJMaxx 2H DIG_FY18,Viant,"PJNSGV_TJN_TJX_028_Data_VIANT INC_DSI_SV1_DSK_DIR_DSP_TRG_RON_BTG_CTG_DVY_PHASE 1_VIANT DIRECT MATCH RETAIL, TJX PORFOLIO LOYALISTS, DISPLAY_Fixed Placement_Behavioral_F25-54_728 x 90_Standard_NV_NA",204478511,9/20/2017,133537,16237,117300,0,117300,6277,111023,86206,24817,6277,4874,91080
TJN_TJX_TJMaxx 2H DIG_FY18,Foursquare,"PJPRQH_TJN_TJX_028_Audience_FOURSQUARE LABS, INC_DST_SV1_MAP_PRO_DSP_TRG_RON_PXT_BTG_DVY_PHASE 1_PINPOINT STRATEGIC SAVERS AV_Run of Network_Geo_F25-54_300 x 250_Standard_NV_NA",204481807,10/3/2017,41,0,41,10,31,3,28,14,14,13,7,21
TJN_TJX_TJMaxx 2H DIG_FY18,Foursquare,"PJPSSV_TJN_TJX_028_Audience_FOURSQUARE LABS, INC_DST_SV1_MAP_PRO_RCH_TRG_RON_PXT_BTG_DVY_PHASE 1_MOBILE RICH MEDIA STRATEGIC SAVERS - Fall Handbag_Run of Network_Geo_F25-54_300 x 250_Standard_NV_NA",204525360,10/7/2017,187,14,173,49,124,7,117,34,83,56,16,50
TJN_TJX_TJMaxx 2H DIG_FY18,Viant,"PJNSGR_TJN_TJX_028_Data_VIANT INC_DSI_SV1_TWB_DIR_DSP_TRG_RON_BTG_CTG_DVY_PHASE 1_VIANT DIRECT MATCH RETAIL, TJX PORFOLIO LOYALISTS, DISPLAY_Fixed Placement_Behavioral_F25-54_160 x 600_Standard_NV_NA",204478520,9/9/2017,227,23,204,0,204,15,189,142,47,15,11,153
TJN_TJX_TJMaxx 2H DIG_FY18,Hulu,PK3CXH_TJN_TJX_027_Content_HULU_BAF_BS2_DSK_DIR_CUS_SPN_CHS_CTG_CTG_DVY_FALL TV SPONSORSHIP: PREMIUM SLATE - DESKTOP_FEP_Contextual_F25-54_1920 x 1080_Standard_NV_NA,205683922,9/30/2017,39,0,39,39,0,0,0,0,0,39,32,32
TJN_TJX_TJMaxx 2H DIG_FY18,Viant,"PKGK52_TJN_TJX_028_Data_VIANT INC_DSI_SV1_DSK_DIR_CUS_TRG_NAT_BTG_CTG_DVY_PHASE 1_VIANT LIFESTYLE, TRENDSETTERS NATIVE- Booties_Fixed Placement_Contextual_F25-54_0 x 0_Click and View_NV_NA",206833275,10/18/2017,16470,943,15527,15527,0,0,0,0,0,15527,11967,11967
TJN_TJX_TJMaxx 2H DIG_FY18,Viant,"PJNSGR_TJN_TJX_028_Data_VIANT INC_DSI_SV1_TWB_DIR_DSP_TRG_RON_BTG_CTG_DVY_PHASE 1_VIANT DIRECT MATCH RETAIL, TJX PORFOLIO LOYALISTS, DISPLAY_Fixed Placement_Behavioral_F25-54_160 x 600_Standard_NV_NA",204478520,10/21/2017,88,0,88,0,88,10,78,38,40,10,5,43
TJN_TJX_TJMaxx 2H DIG_FY18,Viant,"PK2V4T_TJN_TJX_028_Data_VIANT INC_DSI_SV1_TWB_DIR_RCH_TRG_INT_BTG_CTG_DVY_PHASE 1_VIANT IMP, W25-54 STRATEGIC SAVERS, CONTOBOX - Fall Homes_Fixed Placement_Behavioral_F25-54_160 x 600_Click and View_NV_NA",205687933,10/13/2017,3,1,2,0,2,0,2,0,2,0,0,0
TJN_TJX_TJMaxx 2H DIG_FY18,PlaceIQ,PKFRRJ_TJN_TJX_028_Mobile_PLACEIQ INC_DST_SV1_MAP_DIR_DSP_TRG_RON_BTG_PXT_DVY_PHASE 1_STANDARD BANNER_TRENDSTTERS_SOCIAL MEDIA INFLUENCER PLUS NEARBY TJMAXX - Sweaters_Run of Network_Behavioral_F25-54_300 x 250_Click and View_NV_NA,206772368,10/20/2017,563,96,467,310,157,4,153,146,7,314,300,446
TJN_TJX_TJMaxx 2H DIG_FY18,xAd Inc.,PJPXJY_TJN_TJX_028_Mobile_GROUND TRUTH FKA XAD_DST_SV1_MAP_DIR_DSP_TRG_RON_BTG_BTG_DVY_PHASE 1_BEHAVIORAL AUDIENCE STRATEGIC SAVERS PLACEMENT - STANDARD BANNER - Fall Hero_Run of Network_Behavioral_F25-54_300 x 250_Click and View_NV_NA,204484017,9/9/2017,10579,176,10403,10347,56,5,51,23,28,10352,4669,4692
TJN_MAR_023_Marshalls 2H Digital_F18,xAd Inc.,PJQ0Y6_TJN_MAR_023_Mobile_GROUND TRUTH FKA XAD_DST_SV1_MAP_DIR_DSP_TRG_RON_PXT_BTG_DVY_PROXIMITY LOYALTY - DYNAMIC DISTANCE_Run of Network_Geo_F25-54_320 x 50_Click and View_NV_NA,204556888,9/18/2017,101995,2568,99427,59855,39572,8819,30753,25957,4796,68674,60026,85983
TJN_TJX_TJMaxx 2H DIG_FY18,xAd Inc.,PKF44W_TJN_TJX_028_Mobile_GROUND TRUTH FKA XAD_DST_SV1_MAP_DIR_RCH_TRG_RON_BTG_BTG_DVY_PHASE 1_BEHAVIORAL AUDIENCE STRATEGIC SAVERS PLACEMENT - RICH MEDIA STORE LOCATOR - Find A Store V2_Run of Network_Behavioral_F25-54_320 x 50_Click and View_NV_NA,206833611,10/19/2017,8030,102,7928,3138,4790,154,4636,3572,1064,3292,2536,6108
TJN_TJX_TJMaxx 2H DIG_FY18,PlaceIQ,PKFS8G_TJN_TJX_028_Mobile_PLACEIQ INC_DST_SV1_MAP_DIR_DSP_TRG_RON_BTG_PXT_DVY_PHASE 1_STANDARD BANNER_TRENDSTTERS_SOCIAL MEDIA INFLUENCER PLUS NEARBY TJMAXX - Dresses_Run of Network_Behavioral_F25-54_300 x 250_Click and View_NV_NA,206771774,10/21/2017,5204,988,4216,2996,1220,17,1203,1117,86,3013,2798,3915
TJN_MAR_023_Marshalls 2H Digital_F18,NinthDecimal,PJPSS0_TJN_MAR_023_Mobile_NINTHDECIMAL_DST_SV1_MAP_DIR_RCH_TRG_RON_BTG_DMA_DVY_3RD PARTY: SURPRISE CHOOSERS_Run of Network_Behavioral_F25-54_320 x 50_Click and View_NV_NA,204595875,10/8/2017,17664,236,17428,5000,12428,54,12374,11898,476,5054,4860,16758
TJN_TJX_TJMaxx 2H DIG_FY18,NBC Universal Media,PK2LGT_TJN_TJX_028_Content_NBCUNI.COM_BAF_BS2_DSK_DIR_DSP_SPN_HPT_CTG_CTG_DCM_100% SOV NBC THIS IS US ROADBLOCK 9/26 - 300X250 DESKTOP_HP Takeover_Contextual_F25-54_300 x 250_Standard_NV_NA,205566905,9/30/2017,1,0,1,0,1,1,0,0,0,1,1,1
TJN_TJX_TJMaxx 2H DIG_FY18,xAd Inc.,PJMTNC_TJN_TJX_028_Mobile_GROUND TRUTH FKA XAD_DST_SV1_MAP_DIR_DSP_TRG_RON_BTG_BTG_DVY_PHASE 1_BEHAVIORAL AUDIENCE TRENDSETTERS PLACEMENT - STANDARD BANNER - Maxx You Maxx Life_Run of Network_Behavioral_F25-54_320 x 50_Click and View_NV_NA,204447830,10/6/2017,29466,530,28936,15201,13735,1832,11903,11439,464,17033,15457,26896
TJN_TJX_TJMaxx 2H DIG_FY18,Conversant Inc.,PJPWPD_TJN_TJX_028_Audience_CONVERSANT_DST_SV1_MAP_NET_DSP_TRG_RON_BTG_BTG_DVY_PHASE 1_ SMARTPHONE SMALL BANNER  - CONVERSANT SHOPPERS AV_Run of Site_Behavioral_P18+_320 x 50_Standard_NV_NA,204447251,9/17/2017,655,13,642,0,642,144,498,317,181,144,92,409
TJN_MAR_023_Marshalls 2H Digital_F18,NinthDecimal,PJPSRV_TJN_MAR_023_Mobile_NINTHDECIMAL_DST_SV1_MAP_DIR_RCH_TRG_RON_BTG_PXT_DVY_LOCATION GRAPH: MARSHALLS LOYALISTS_Run of Network_Behavioral_F25-54_320 x 50_Click and View_NV_NA,204555232,9/28/2017,15291,343,14948,5475,9473,55,9418,9154,264,5530,5375,14529
TJN_MAR_023_Marshalls 2H Digital_F18,xAd Inc.,PJQ0YR_TJN_MAR_023_Mobile_GROUND TRUTH FKA XAD_DST_SV1_MAP_DIR_DSP_TRG_RON_PXT_BTG_DVY_GEOBLOCKS CONQUESTING - DYNAMIC DISTANCE_Run of Network_Geo_F25-54_300 x 250_Click and View_NV_NA,204555244,10/10/2017,7802,465,7337,7336,1,0,1,0,1,7336,0,0
TJN_TJX_TJMaxx 2H DIG_FY18,Conversant Inc.,PJPWBT_TJN_TJX_028_Audience_CONVERSANT_DST_SV1_DSK_NET_DSP_TRG_RON_BTG_BTG_DVY_PHASE 1_ DESKTOP LEADERBOARD - CJ INTERACTORS LAL MODELING_Run of Site_Behavioral_P18+_728 x 90_Standard_NV_NA,204446096,10/9/2017,36454,2008,34446,0,34446,3327,31119,15568,15551,3327,1664,17232
TJN_MAR_023_Marshalls 2H Digital_F18,xAd Inc.,PJQ0YB_TJN_MAR_023_Mobile_GROUND TRUTH FKA XAD_DST_SV1_MAP_DIR_DSP_TRG_RON_PXT_BTG_DVY_PROXIMITY CONQUESTING - DYNAMIC DISTANCE_Run of Network_Geo_F25-54_320 x 50_Click and View_NV_NA,204541799,9/5/2017,22687,390,22297,14624,7673,5938,1735,1484,251,20562,13671,15155
TJN_TJX_TJMaxx 2H DIG_FY18,Foursquare,"PKFMLQ_TJN_TJX_028_Audience_FOURSQUARE LABS, INC_DST_SV1_MAP_PRO_RCH_TRG_RON_PXT_BTG_DVY_PHASE 1_MOBILE RICH MEDIA STRATEGIC SAVERS - Find A Store V1_Run of Network_Geo_F25-54_320 x 50_Standard_NV_NA",206772506,10/20/2017,7853,166,7687,5514,2173,319,1854,1659,195,5833,5219,6878
TJN_TJX_TJMaxx 2H DIG_FY18,xAd Inc.,PJPXJS_TJN_TJX_028_Mobile_GROUND TRUTH FKA XAD_DST_SV1_MAP_DIR_DSP_TRG_RON_RTG_RTG_DVY_PHASE 1_LOCATION AUDIENCE COMPETITIVE CONQUESTING PLACEMENT - STANDARD BANNER - Fall Hero_Run of Network_Retarget_F25-54_300 x 250_Click and View_NV_NA,204446153,9/20/2017,24888,629,24259,24246,13,3,10,5,5,24249,12125,12130
TJN_MAR_023_Marshalls 2H Digital_F18,xAd Inc.,PJQ0Y9_TJN_MAR_023_Mobile_GROUND TRUTH FKA XAD_DST_SV1_MAP_DIR_RCH_TRG_RON_WEA_PXT_DVY_PROXIMITY LOYALTY - WEATHER LOCATOR UNIT_Run of Network_Weather_F25-54_300 x 250_Click and View_NV_NA,204541757,9/29/2017,2840,55,2785,2175,610,18,592,322,270,2193,1193,1515
TJN_TJX_TJMaxx 2H DIG_FY18,PlaceIQ,PK18VC_TJN_TJX_028_Mobile_PLACEIQ INC_DST_SV1_MAP_DIR_RCH_TRG_RON_BTG_PXT_DVY_PHASE 1_RICH MEDIA_TJX PORTFOLIO LOYALISTS_Run of Network_Behavioral_F25-54_320 x 50_Click and View_NV_NA,205568912,10/10/2017,33907,502,33405,15273,18132,612,17520,17241,279,15885,15632,32873
TJN_MAR_023_Marshalls 2H Digital_F18,NinthDecimal,PJPSRZ_TJN_MAR_023_Mobile_NINTHDECIMAL_DST_SV1_MAP_DIR_RCH_TRG_RON_BTG_DMA_DVY_CONSUMER JOURNEY: BARGAIN HUNTERS_Run of Network_Behavioral_F25-54_320 x 50_Click and View_NV_NA,204542873,9/28/2017,15676,263,15413,5699,9714,56,9658,9392,266,5755,5596,14988
TJN_TJX_TJMaxx 2H DIG_FY18,Viant,"PJNSHG_TJN_TJX_028_Data_VIANT INC_DSI_SV1_DSK_DIR_DSP_TRG_RON_BTG_CTG_DVY_PHASE 1_VIANT DIRECT MATCH RETAIL, COMPETITIVE CONQUESTING, DISPLAY_Fixed Placement_Behavioral_F25-54_728 x 90_Standard_NV_NA",204478490,10/5/2017,6437,233,6204,0,6204,1001,5203,2729,2474,1001,525,3254
TJN_TJX_TJMaxx 2H DIG_FY18,xAd Inc.,PJPXK0_TJN_TJX_028_Mobile_GROUND TRUTH FKA XAD_DST_SV1_MAP_DIR_DSP_TRG_RON_BTG_BTG_DVY_PHASE 1_BEHAVIORAL AUDIENCE TRENDSETTERS PLACEMENT - STANDARD BANNER - TJMaxx_Run of Network_Behavioral_F25-54_320 x 50_Click and View_NV_NA,204483993,10/6/2017,28815,511,28304,15070,13234,1719,11515,11032,483,16789,15106,26138
TJN_TJX_TJMaxx 2H DIG_FY18,Foursquare,"PJYHWD_TJN_TJX_028_Audience_FOURSQUARE LABS, INC_DST_SV1_MAP_PRO_DSP_TRG_RON_PXT_BTG_DVY_PHASE 1_PINPOINT COMPETITIVE CONQUESTING_Run of Network_Geo_F25-54_300 x 250_Standard_NV_NA",205235284,10/17/2017,3873,78,3795,2549,1246,127,1119,585,534,2676,1399,1984
TJN_TJX_TJMaxx 2H DIG_FY18,xAd Inc.,PJMTNR_TJN_TJX_028_Mobile_GROUND TRUTH FKA XAD_DST_SV1_MAP_DIR_RCH_TRG_RON_BTG_BTG_DVY_PHASE 1_BEHAVIORAL AUDIENCE STRATEGIC SAVERS PLACEMENT - RICH MEDIA STORE LOCATOR - Fall Handbag_Run of Network_Behavioral_F25-54_300 x 250_Click and View_NV_NA,204442108,9/19/2017,3,3,0,0,0,0,0,0,0,0,0,0
TJN_TJX_TJMaxx 2H DIG_FY18,xAd Inc.,PJPXK0_TJN_TJX_028_Mobile_GROUND TRUTH FKA XAD_DST_SV1_MAP_DIR_DSP_TRG_RON_BTG_BTG_DVY_PHASE 1_BEHAVIORAL AUDIENCE TRENDSETTERS PLACEMENT - STANDARD BANNER - TJMaxx_Run of Network_Behavioral_F25-54_320 x 50_Click and View_NV_NA,204483993,10/11/2017,15606,164,15442,4428,11014,107,10907,8625,2282,4535,3586,12211
TJN_MAR_023_Marshalls 2H Digital_F18,xAd Inc.,PJQ0YJ_TJN_MAR_023_Mobile_GROUND TRUTH FKA XAD_DST_SV1_MAP_DIR_DSP_TRG_RON_BTG_PXT_DVY_MARSHALLS SHOPPERS - DYNAMIC DISTANCE_Run of Network_Geo_F25-54_320 x 50_Click and View_NV_NA,204595911,10/17/2017,7240,89,7151,2714,4437,55,4382,3403,979,2769,2154,5557
TJN_TJX_TJMaxx 2H DIG_FY18,Viant,"PJNSGM_TJN_TJX_028_Data_VIANT INC_DSI_SV1_TWB_DIR_DSP_TRG_RON_BTG_CTG_DVY_PHASE 1_VIANT DIRECT MATCH RETAIL, TJX PORFOLIO LOYALISTS, DISPLAY_Fixed Placement_Behavioral_F25-54_728 x 90_Standard_NV_NA",204526722,10/10/2017,13947,7,13940,0,13940,570,13370,11071,2299,570,472,11543
TJN_TJX_TJMaxx 2H DIG_FY18,xAd Inc.,PKF462_TJN_TJX_028_Mobile_GROUND TRUTH FKA XAD_DST_SV1_MAP_DIR_DSP_TRG_RON_PXT_PXT_DVY_PHASE 1_PROXIMITY LOYALTY PLACEMENT - STANDARD BANNER - Booties_Run of Network_Geo_F25-54_300 x 250_Click and View_NV_NA,206812774,10/16/2017,3386,35,3351,3351,0,0,0,0,0,3351,2178,2178
TJN_TJX_TJMaxx 2H DIG_FY18,Conversant Inc.,PJPTLH_TJN_TJC_031_Audience_CONVERSANT_PUR_ROI_TAP_NET_DSP_TRG_RON_BTG_BTG_DVY_TABLET LEADERBOARD- TRENDSETTERS_Run of Site_Other_P18+_728 x 90_Standard_NV_NA,204447779,10/18/2017,111,1,110,0,110,24,86,44,42,24,12,56
TJN_MAR_023_Marshalls 2H Digital_F18,Bustle,PKG3Z8_TJN_MAR_023_Content_BUSTLE_Custom Content Roadblock Custom Shot Feature 2 - Panoramic_Roadblock_Contextual_F25-54_1 x 1_Click and View_NV_NA,206711606,10/18/2017,23615,671,22944,12,22932,20942,1990,1610,380,20954,16953,18563
TJN_TJX_TJMaxx 2H DIG_FY18,Viant,"PJNSH7_TJN_TJX_028_Data_VIANT INC_DSI_SV1_MWB_DIR_DSP_TRG_RON_BTG_CTG_DVY_PHASE 1_VIANT DIRECT MATCH RETAIL, COMPETITIVE CONQUESTING, DISPLAY_Fixed Placement_Behavioral_F25-54_320 x 50_Standard_NV_NA",204477565,9/25/2017,7139,118,7021,0,7021,723,6298,5088,1210,723,584,5672
TJN_TJX_TJMaxx 2H DIG_FY18,Viant,"PK2V4V_TJN_TJX_028_Data_VIANT INC_DSI_SV1_TWB_DIR_RCH_TRG_INT_BTG_CTG_DVY_PHASE 1_VIANT IMP, W25-54 STRATEGIC SAVERS, CONTOBOX - Fall Homes_Fixed Placement_Behavioral_F25-54_728 x 90_Click and View_NV_NA",205725966,10/20/2017,5,1,4,1,3,1,2,2,0,2,2,4
TJN_TJX_TJMaxx 2H DIG_FY18,Foursquare,"PKFMJ7_TJN_TJX_028_Audience_FOURSQUARE LABS, INC_DST_SV1_MAP_PRO_RCH_TRG_RON_PXT_BTG_DVY_PHASE 1_MOBILE RICH MEDIA COMPETITIVE CONQUESTING - Find A Store V1_Run of Network_Geo_F25-54_320 x 50_Standard_NV_NA",206812597,10/17/2017,19584,455,19129,13694,5435,661,4774,3501,1273,14355,10527,14028
TJN_TJX_TJMaxx 2H DIG_FY18,xAd Inc.,PJMTNC_TJN_TJX_028_Mobile_GROUND TRUTH FKA XAD_DST_SV1_MAP_DIR_DSP_TRG_RON_BTG_BTG_DVY_PHASE 1_BEHAVIORAL AUDIENCE TRENDSETTERS PLACEMENT - STANDARD BANNER - Maxx You Maxx Life_Run of Network_Behavioral_F25-54_320 x 50_Click and View_NV_NA,204447830,10/11/2017,16441,176,16265,5345,10920,115,10805,8513,2292,5460,4302,12815
TJN_TJX_TJMaxx 2H DIG_FY18,Conversant Inc.,PJPWBW_TJN_TJX_028_Audience_CONVERSANT_DST_SV1_DSK_NET_DSP_TRG_RON_BTG_BTG_DVY_PHASE 1_ DESKTOP RECTANGLE - CJ INTERACTORS LAL MODELING_Run of Site_Behavioral_P18+_300 x 600_Standard_NV_NA,204447740,10/7/2017,3203,209,2994,0,2994,435,2559,794,1765,435,135,929
TJN_TJX_TJMaxx 2H DIG_FY18,Foursquare,"PJMQ2K_TJN_TJX_028_Audience_FOURSQUARE LABS, INC_DST_SV1_MAP_PRO_DSP_TRG_RON_PXT_BTG_DVY_PHASE 1_PINPOINT STRATEGIC SAVERS_Run of Network_Geo_F25-54_320 x 50_Standard_NV_NA",204483454,10/18/2017,105603,1831,103772,73338,30434,942,29492,27250,2242,74280,68633,95883
TJN_TJX_TJMaxx 2H DIG_FY18,PlaceIQ,PK18PW_TJN_TJX_028_Mobile_PLACEIQ INC_DST_SV1_MAP_DIR_DSP_TRG_RON_BTG_PXT_DVY_PHASE 1_STANDARD BANNER_TRENDSTTERS_SOCIAL MEDIA INFLUENCER PLUS NEARBY TJMAXX - Maxx You Maxx Life_Run of Network_Behavioral_F25-54_320 x 50_Click and View_NV_NA,205566944,10/11/2017,15295,302,14993,8452,6541,68,6473,6283,190,8520,8270,14553
TJN_TJX_TJMaxx 2H DIG_FY18,Conversant Inc.,PJPWPG_TJN_TJX_028_Audience_CONVERSANT_DST_SV1_TAP_NET_DSP_TRG_RON_BTG_BTG_DVY_PHASE 1_ TABLET MEDIUM RECTANGLE  - CONVERSANT SHOPPERS AV_Run of Site_Behavioral_P18+_300 x 250_Standard_NV_NA,204446129,10/7/2017,441,4,437,0,437,91,346,143,203,91,38,181
TJN_TJX_TJMaxx 2H DIG_FY18,PlaceIQ,PK19Z0_TJN_TJX_028_Mobile_PLACEIQ INC_DST_SV1_MAP_DIR_RCH_TRG_RON_BTG_PTG_DVY_PHASE 1_RICH MEDIA_STRATEGIC SAVERS_APPAREL OR FURNISHINGS DISCRETIONARY SPEND+IMPULSE BUYER SHOPPERS_Run of Network_Behavioral_F25-54_320 x 50_Click and View_NV_NA,205563158,10/20/2017,9844,259,9585,4479,5106,173,4933,4852,81,4652,4576,9428
TJN_TJX_TJMaxx 2H DIG_FY18,PlaceIQ,PJMFQ9_TJN_TJX_028_Mobile_PLACEIQ INC_DST_SV1_MAP_DIR_DSP_TRG_RON_BTG_PTG_DVY_PHASE 1_ONLINE SHOPPER+TJMAXX SHOPPERS_Run of Network_Behavioral_P2+_320 x 50_Standard_NV_NA,204447278,9/18/2017,9336,217,9119,3710,5409,55,5354,5268,86,3765,3705,8973
TJN_TJX_TJMaxx 2H DIG_FY18,PlaceIQ,PK1YHC_TJN_TJX_028_Mobile_PLACEIQ INC_DST_SV1_MAP_DIR_RCH_TRG_RON_BTG_PXT_DVY_PHASE 1_RICH MEDIA_TJX PROXIMITY LOYALISTS_DRIVE BY_Run of Network_Behavioral_F25-54_320 x 50_Click and View_NV_NA,205613803,10/15/2017,27831,492,27339,13644,13695,1015,12680,12488,192,14659,14437,26925
TJN_TJX_TJMaxx 2H DIG_FY18,xAd Inc.,PJMTNR_TJN_TJX_028_Mobile_GROUND TRUTH FKA XAD_DST_SV1_MAP_DIR_RCH_TRG_RON_BTG_BTG_DVY_PHASE 1_BEHAVIORAL AUDIENCE STRATEGIC SAVERS PLACEMENT - RICH MEDIA STORE LOCATOR - Fall Handbag_Run of Network_Behavioral_F25-54_300 x 250_Click and View_NV_NA,204442108,10/13/2017,4518,63,4455,2340,2115,93,2022,887,1135,2433,1067,1954
TJN_TJX_TJMaxx 2H DIG_FY18,xAd Inc.,PJMTNR_TJN_TJX_028_Mobile_GROUND TRUTH FKA XAD_DST_SV1_MAP_DIR_RCH_TRG_RON_BTG_BTG_DVY_PHASE 1_BEHAVIORAL AUDIENCE STRATEGIC SAVERS PLACEMENT - RICH MEDIA STORE LOCATOR - Fall Handbag_Run of Network_Behavioral_F25-54_300 x 250_Click and View_NV_NA,204442108,9/13/2017,9,3,6,3,3,2,1,1,0,5,5,6
TJN_TJX_TJMaxx 2H DIG_FY18,Conversant Inc.,PJPWP9_TJN_TJX_028_Audience_CONVERSANT_DST_SV1_DSK_NET_DSP_TRG_RON_BTG_BTG_DVY_PHASE 1_ DESKTOP MEDIUM RECTANGLE - CONVERSANT SHOPPERS AV_Run of Site_Behavioral_P18+_300 x 250_Standard_NV_NA,204483957,10/9/2017,988,59,929,0,929,210,719,338,381,210,99,437
TJN_TJX_TJMaxx 2H DIG_FY18,Hulu,PK3CXJ_TJN_TJX_027_Content_HULU_BAF_BS2_MAP_DIR_CUS_SPN_CHS_CTG_CTG_DVY_FALL TV SPONSORSHIP: PREMIUM SLATE - MOBILE IN APP_FEP_Contextual_F25-54_1920 x 1080_Standard_NV_NA,205683919,9/28/2017,2,0,2,2,0,0,0,0,0,2,2,2
TJN_TJX_TJMaxx 2H DIG_FY18,Viant,"PJNSHD_TJN_TJX_028_Data_VIANT INC_DSI_SV1_DSK_DIR_DSP_TRG_RON_BTG_CTG_DVY_PHASE 1_VIANT DIRECT MATCH RETAIL, COMPETITIVE CONQUESTING, DISPLAY_Fixed Placement_Behavioral_F25-54_160 x 600_Standard_NV_NA",204477281,10/16/2017,14437,1004,13433,0,13433,967,12466,8880,3586,967,689,9569
TJN_TJX_TJMaxx 2H DIG_FY18,Viant,"PJSPCK_TJN_TJC_031_Data_VIANT INC_PUR_ROI_MWB_DIR_DSP_TRG_RON_BTG_MKT_DVY_W25-54 + ONLINE SHOPPERS, CROSS DEVICE DISPLAY_Fixed Placement_Behavioral_F25-54_160 x 600_Click_NV_NA",204733041,10/4/2017,71,11,60,0,60,7,53,20,33,7,3,23
TJN_TJX_TJMaxx 2H DIG_FY18,xAd Inc.,PJYDBQ_TJN_TJX_028_Mobile_GROUND TRUTH FKA XAD_DST_SV1_MAP_DIR_RCH_TRG_RON_BTG_BTG_DVY_PHASE 1_BEHAVIORAL AUDIENCE TRENDSETTERS PLACEMENT - RICH MEDIA STORE LOCATOR - Fall Hero_Run of Network_Behavioral_F25-54_300 x 250_Click and View_NV_NA,205145231,10/18/2017,1300,12,1288,3,1285,5,1280,1236,44,8,8,1244
TJN_MAR_023_Marshalls 2H Digital_F18,xAd Inc.,PJQ0YR_TJN_MAR_023_Mobile_GROUND TRUTH FKA XAD_DST_SV1_MAP_DIR_DSP_TRG_RON_PXT_BTG_DVY_GEOBLOCKS CONQUESTING - DYNAMIC DISTANCE_Run of Network_Geo_F25-54_300 x 250_Click and View_NV_NA,204555244,10/12/2017,9053,515,8538,8538,0,0,0,0,0,8538,466,466
TJN_TJX_TJMaxx 2H DIG_FY18,Conversant Inc.,PJPWPB_TJN_TJX_028_Audience_CONVERSANT_DST_SV1_DSK_NET_DSP_TRG_RON_BTG_BTG_DVY_PHASE 1_ DESKTOP RECTANGLE - CONVERSANT SHOPPERS AV_Run of Site_Behavioral_P18+_300 x 600_Standard_NV_NA,204447254,9/29/2017,126,6,120,0,120,48,72,19,53,48,13,32
TJN_TJX_TJMaxx 2H DIG_FY18,Viant,"PKGJYF_TJN_TJX_028_Data_VIANT INC_DSI_SV1_DSK_DIR_RCH_TRG_INT_BTG_CTG_DVY_PHASE 1_VIANT IMP, W25-54 STRATEGIC SAVERS, CONTOBOX - Dresses_Fixed Placement_Behavioral_F25-54_728 x 90_Click and View_NV_NA",206772464,10/21/2017,118,4,114,1,113,8,105,35,70,9,3,38
TJN_TJX_TJMaxx 2H DIG_FY18,xAd Inc.,PJMTN5_TJN_TJX_028_Mobile_GROUND TRUTH FKA XAD_DST_SV1_MAP_DIR_RCH_TRG_RON_BTG_BTG_DVY_PHASE 1_BEHAVIORAL AUDIENCE TRENDSETTERS PLACEMENT - RICH MEDIA STORE LOCATOR - TJ Maxx_Run of Network_Behavioral_F25-54_320 x 50_Click and View_NV_NA,204442936,9/6/2017,67230,752,66478,45495,20983,309,20674,20154,520,45804,44652,64806
TJN_TJX_TJMaxx 2H DIG_FY18,Foursquare,"PJPRQH_TJN_TJX_028_Audience_FOURSQUARE LABS, INC_DST_SV1_MAP_PRO_DSP_TRG_RON_PXT_BTG_DVY_PHASE 1_PINPOINT STRATEGIC SAVERS AV_Run of Network_Geo_F25-54_300 x 250_Standard_NV_NA",204481807,9/26/2017,197,8,189,67,122,7,115,53,62,74,34,87
TJN_TJX_TJMaxx 2H DIG_FY18,NBC Universal Media,PK2KJZ_TJN_TJX_028_Content_NBCUNI.COM_BAF_BS2_MAP_DIR_VID_SPN_ROS_BTG_CTG_MOA_THIS IS US SPONSORSHIP: MOBILE - VIGNETTE 3_Run of Site_Behavioral_F25-54_1920 x 1080_Click and View_NV_NA,205568891,10/13/2017,30521,303,30218,30218,0,0,0,0,0,30218,20710,20710
TJN_TJX_TJMaxx 2H DIG_FY18,Viant,"PJNSGW_TJN_TJX_028_Data_VIANT INC_DSI_SV1_DSK_DIR_DSP_TRG_RON_BTG_CTG_DVY_PHASE 1_VIANT DIRECT MATCH RETAIL, TJX PORFOLIO LOYALISTS, DISPLAY_Fixed Placement_Behavioral_F25-54_300 x 250_Standard_NV_NA",204478514,9/24/2017,67613,2521,65092,0,65092,3768,61324,34943,26381,3768,2147,37090
TJN_MAR_023_Marshalls 2H Digital_F18,xAd Inc.,PJQ0YN_TJN_MAR_023_Mobile_GROUND TRUTH FKA XAD_DST_SV1_MAP_DIR_DSP_TRG_RON_PXT_BTG_DVY_GEOBLOCKS LOYALTY - DYNAMIC DISTANCE_Run of Network_Geo_F25-54_320 x 50_Click and View_NV_NA,204558328,9/6/2017,17583,307,17276,9221,8055,5145,2910,1874,1036,14366,7573,9447
TJN_TJX_TJMaxx 2H DIG_FY18,Conversant Inc.,PJNPLZ_TJN_TJX_028_Audience_CONVERSANT_DST_SV1_MAP_NET_DSP_TRG_RON_BTG_BTG_DVY_PHASE 1_ SMARTPHONE SMALL BANNER  - CJ CONVERTERS LAL MODELING_Run of Site_Behavioral_P18+_320 x 50_Standard_NV_NA,204442891,10/17/2017,44072,811,43261,115,43146,5817,37329,20978,16351,5932,3334,24312
TJN_TJX_TJMaxx 2H DIG_FY18,PlaceIQ,PK18VC_TJN_TJX_028_Mobile_PLACEIQ INC_DST_SV1_MAP_DIR_RCH_TRG_RON_BTG_PXT_DVY_PHASE 1_RICH MEDIA_TJX PORTFOLIO LOYALISTS_Run of Network_Behavioral_F25-54_320 x 50_Click and View_NV_NA,205568912,10/12/2017,32027,911,31116,13325,17791,557,17234,16927,307,13882,13635,30562
TJN_TJX_TJMaxx 2H DIG_FY18,Viant,"PKGK1Z_TJN_TJX_028_Data_VIANT INC_DSI_SV1_TWB_DIR_RCH_TRG_INT_BTG_CTG_DVY_PHASE 1_VIANT IMP, W25-54 STRATEGIC SAVERS, CONTOBOX - Booties_Fixed Placement_Behavioral_F25-54_300 x 250_Click and View_NV_NA",206771795,10/18/2017,9,4,5,1,4,0,4,4,0,1,1,5
TJN_TJX_TJMaxx 2H DIG_FY18,xAd Inc.,PJMTN3_TJN_TJX_028_Mobile_GROUND TRUTH FKA XAD_DST_SV1_MAP_DIR_DSP_TRG_RON_RTG_RTG_DVY_PHASE 1_LOCATION AUDIENCE COMPETITIVE CONQUESTING PLACEMENT - STANDARD BANNER - Maxx You Maxx Life_Run of Network_Retarget_F25-54_320 x 50_Click and View_NV_NA,204442933,10/16/2017,9441,130,9311,1936,7375,88,7287,5231,2056,2024,1453,6684
TJN_TJX_TJMaxx 2H DIG_FY18,NBC Universal Media,PK2KJY_TJN_TJX_028_Content_NBCUNI.COM_BAF_BS2_DSK_DIR_VID_SPN_ROS_BTG_CTG_MOA_THIS IS US SPONSORSHIP: DESKTOP - VIGNETTE 3_Run of Site_Behavioral_F25-54_1920 x 1080_Click and View_NV_NA,205659768,10/19/2017,5,0,5,5,0,0,0,0,0,5,4,4
TJN_TJX_TJMaxx 2H DIG_FY18,Foursquare,"PJYHWF_TJN_TJX_028_Audience_FOURSQUARE LABS, INC_DST_SV1_MAP_PRO_DSP_TRG_RON_PXT_BTG_DVY_PHASE 1_PINPOINT COMPETITIVE CONQUESTING_Run of Network_Geo_F25-54_320 x 50_Standard_NV_NA",205183220,9/17/2017,113776,3239,110537,84876,25661,1620,24041,20251,3790,86496,72860,93111
TJN_MAR_023_Marshalls 2H Digital_F18,NinthDecimal,PJPSRS_TJN_MAR_023_Mobile_NINTHDECIMAL_DST_SV1_MAP_DIR_RCH_TRG_RON_PXT_DMA_DVY_GEOFENCE: 5-10-MILE RADIUS AROUND SUBURBAN STORES_Run of Network_Geo_F25-54_320 x 50_Click and View_NV_NA,204541748,10/11/2017,121257,2607,118650,53724,64926,407,64519,62732,1787,54131,52632,115364
TJN_TJX_TJMaxx 2H DIG_FY18,Foursquare,"PK0H80_TJN_TJX_028_Audience_FOURSQUARE LABS, INC_DST_SV1_MAP_PRO_RCH_TRG_RON_PXT_BTG_DVY_PHASE 1_MOBILE RICH MEDIA STRATEGIC SAVERS - Find A Store_Run of Network_Geo_F25-54_320 x 50_Standard_NV_NA",205394974,10/5/2017,33902,1105,32797,11741,21056,1969,19087,10911,8176,13710,7837,18748
TJN_MAR_023_Marshalls 2H Digital_F18,NinthDecimal,PJPSRT_TJN_MAR_023_Mobile_NINTHDECIMAL_DST_SV1_MAP_DIR_RCH_TRG_RON_PXT_DMA_DVY_GEOFENCE: 15-20-MILE RADIUS AROUND RURAL STORES_Run of Network_Geo_F25-54_320 x 50_Click and View_NV_NA,204542885,9/18/2017,24031,593,23438,9654,13784,55,13729,13400,329,9709,9476,22876
TJN_TJX_TJMaxx 2H DIG_FY18,Viant,"PKGJ3Y_TJN_TJC_031_Data_VIANT INC_PUR_ROI_TWB_DIR_CUS_TRG_NAT_BTG_MKT_DVY_W25-54 + KEYWORD TARGETING, CROSS DEVICE NATIVE - Dresses_Fixed Placement_Contextual_F25-54_1 x 1_Click_NV_NA",206771810,10/21/2017,9086,70,9016,9016,0,0,0,0,0,9016,6842,6842
TJN_MAR_023_Marshalls 2H Digital_F18,xAd Inc.,PJQ0YD_TJN_MAR_023_Mobile_GROUND TRUTH FKA XAD_DST_SV1_MAP_DIR_RCH_TRG_RON_WEA_PXT_DVY_PROXIMITY CONQUESTING - WEATHER LOCATOR UNIT_Run of Network_Weather_F25-54_320 x 50_Click and View_NV_NA,204541553,10/17/2017,9574,310,9264,3170,6094,71,6023,5561,462,3241,2992,8553
TJN_TJX_TJMaxx 2H DIG_FY18,xAd Inc.,PJMTMQ_TJN_TJX_028_Mobile_GROUND TRUTH FKA XAD_DST_SV1_MAP_DIR_RCH_TRG_RON_PXT_PXT_DVY_PHASE 1_PROXIMITY LOYALTY PLACEMENT - RICH MEDIA STORE LOCATOR - TJ Maxx_Run of Network_Geo_F25-54_320 x 50_Click and View_NV_NA,204442090,10/21/2017,5,2,3,2,1,0,1,1,0,2,2,3
TJN_MAR_023_Marshalls 2H Digital_F18,NinthDecimal,PJPSRR_TJN_MAR_023_Mobile_NINTHDECIMAL_DST_SV1_MAP_DIR_RCH_TRG_RON_PXT_DMA_DVY_GEOFENCE: 2-MILE RADIUS AROUND URBAN STORES_Run of Network_Geo_F25-54_320 x 50_Click and View_NV_NA,204541523,10/5/2017,9242,265,8977,4589,4388,30,4358,4216,142,4619,4468,8684
TJN_TJX_TJMaxx 2H DIG_FY18,Hulu,PK3CRZ_TJN_TJX_027_Content_HULU_BAF_BS2_DSK_DIR_VID_SPN_CHS_CTG_CTG_DVY_FALL TV SPONSORSHIP: VIDEO COMMERCIAL - DESKTOP_FEP_Contextual_F25-54_1920 x 1080_Standard_NV_NA,205727706,10/16/2017,9187,163,9024,9024,0,0,0,0,0,9024,5864,5864
TJN_TJX_TJMaxx 2H DIG_FY18,xAd Inc.,PJMTMQ_TJN_TJX_028_Mobile_GROUND TRUTH FKA XAD_DST_SV1_MAP_DIR_RCH_TRG_RON_PXT_PXT_DVY_PHASE 1_PROXIMITY LOYALTY PLACEMENT - RICH MEDIA STORE LOCATOR - TJ Maxx_Run of Network_Geo_F25-54_320 x 50_Click and View_NV_NA,204442090,9/9/2017,4,0,4,3,1,1,0,0,0,4,3,3
TJN_MAR_023_Marshalls 2H Digital_F18,Bustle,PK5G43_TJN_MAR_023_Content_BUSTLE_RON - Bustle & Elite Daily - Panoramic Unit_Run of Network_Contextual_F25-54_1 x 1_Click and View_NV_NA,206309983,10/15/2017,113864,1513,112351,1073,111278,101610,9668,3592,6076,102683,38150,41742
TJN_TJX_TJMaxx 2H DIG_FY18,xAd Inc.,PJPXK1_TJN_TJX_028_Mobile_GROUND TRUTH FKA XAD_DST_SV1_MAP_DIR_DSP_TRG_RON_PXT_PXT_DVY_PHASE 1_PROXIMITY LOYALTY PLACEMENT - STANDARD BANNER - TJMaxx_Run of Network_Geo_F25-54_320 x 50_Click and View_NV_NA,204483996,9/27/2017,45182,792,44390,17982,26408,10481,15927,10194,5733,28463,17551,27745
TJN_TJX_TJMaxx 2H DIG_FY18,Hulu,PK3DG3_TJN_TJX_027_Content_HULU_BAF_BS2_PKG_DIR_VID_SPN_CHS_CTG_CTG_DVY_FALL TV SPONSORSHIP:MASTHEAD BRAND - DESKTOP_FEP_Contextual_F25-54_1 x 1_Standard_NV_NA,205685902,10/13/2017,5,0,5,5,0,0,0,0,0,5,3,3
TJN_TJX_TJMaxx 2H DIG_FY18,Conversant Inc.,PJPTLL_TJN_TJC_031_Audience_CONVERSANT_PUR_ROI_DSK_NET_DSP_TRG_RON_BTG_BTG_DVY_DESKTOP WIDE SKYSCRAPER- TRENDSETTERS_Run of Site_Other_P18+_160 x 600_Standard_NV_NA,204447269,10/17/2017,1881,98,1783,0,1783,251,1532,797,735,251,131,928
TJN_TJX_TJMaxx 2H DIG_FY18,xAd Inc.,PKF5KK_TJN_TJX_028_Mobile_GROUND TRUTH FKA XAD_DST_SV1_MAP_DIR_DSP_TRG_RON_RTG_RTG_DVY_PHASE 1_LOCATION AUDIENCE TJX SHOPPERS PLACEMENT - STANDARD BANNER - Booties_Run of Network_Retarget_F25-54_300 x 250_Click and View_NV_NA,206813071,10/21/2017,2401,24,2377,2376,1,0,1,1,0,2376,2376,2377
TJN_MAR_023_Marshalls 2H Digital_F18,xAd Inc.,PJQ0YM_TJN_MAR_023_Mobile_GROUND TRUTH FKA XAD_DST_SV1_MAP_DIR_DSP_TRG_RON_BTG_PXT_DVY_COMPETITOR SHOPPERS - DYNAMIC DISTANCE_Run of Network_Geo_F25-54_300 x 250_Click and View_NV_NA,204555259,9/26/2017,2268,158,2110,2087,23,1,22,21,1,2088,1993,2014
TJN_TJX_TJMaxx 2H DIG_FY18,Viant,"PK2X7K_TJN_TJX_028_Data_VIANT INC_DSI_SV1_DSK_DIR_RCH_TRG_INT_BTG_CTG_DVY_PHASE 1_VIANT IMP, W25-54 STRATEGIC SAVERS, CONTOBOX - Honeycomb_Fixed Placement_Behavioral_F25-54_160 x 600_Click and View_NV_NA",205726917,10/19/2017,10,3,7,5,2,0,2,2,0,5,5,7
TJN_TJX_TJMaxx 2H DIG_FY18,Conversant Inc.,PJNPLV_TJN_TJX_028_Audience_CONVERSANT_DST_SV1_DSK_NET_DSP_TRG_RON_BTG_BTG_DVY_PHASE 1_ DESKTOP LEADERBOARD - CJ CONVERTERS LAL MODELING_Run of Site_Behavioral_P18+_728 x 90_Standard_NV_NA,204483933,10/8/2017,18613,1227,17386,0,17386,1644,15742,8383,7359,1644,875,9258
TJN_TJX_TJMaxx 2H DIG_FY18,Foursquare,"PKFMJM_TJN_TJX_028_Audience_FOURSQUARE LABS, INC_DST_SV1_MAP_PRO_RCH_TRG_RON_PXT_BTG_DVY_PHASE 1_MOBILE RICH MEDIA COMPETITIVE CONQUESTING - Booties_Run of Network_Geo_F25-54_300 x 250_Standard_NV_NA",206771834,10/20/2017,29,1,28,17,11,6,5,4,1,23,18,22
TJN_TJX_TJMaxx 2H DIG_FY18,Viant,"PJNSGW_TJN_TJX_028_Data_VIANT INC_DSI_SV1_DSK_DIR_DSP_TRG_RON_BTG_CTG_DVY_PHASE 1_VIANT DIRECT MATCH RETAIL, TJX PORFOLIO LOYALISTS, DISPLAY_Fixed Placement_Behavioral_F25-54_300 x 250_Standard_NV_NA",204478514,9/22/2017,22385,817,21568,0,21568,966,20602,14791,5811,966,694,15485
TJN_TJX_TJMaxx 2H DIG_FY18,Foursquare,"PJPRVG_TJN_TJX_028_Audience_FOURSQUARE LABS, INC_DST_SV1_MAP_PRO_DSP_TRG_RON_PXT_BTG_DVY_PHASE 1_PINPOINT COMPETITIVE CONQUESTING AV_Run of Network_Geo_F25-54_300 x 250_Standard_NV_NA",204527412,9/30/2017,51,0,51,17,34,0,34,21,13,17,11,32
TJN_MAR_023_Marshalls 2H Digital_F18,NinthDecimal,PJPSRS_TJN_MAR_023_Mobile_NINTHDECIMAL_DST_SV1_MAP_DIR_RCH_TRG_RON_PXT_DMA_DVY_GEOFENCE: 5-10-MILE RADIUS AROUND SUBURBAN STORES_Run of Network_Geo_F25-54_320 x 50_Click and View_NV_NA,204541748,10/6/2017,49142,1159,47983,25313,22670,128,22542,21850,692,25441,24660,46510
TJN_TJX_TJMaxx 2H DIG_FY18,PlaceIQ,PK18V9_TJN_TJX_028_Mobile_PLACEIQ INC_DST_SV1_MAP_DIR_DSP_TRG_RON_BTG_PXT_DVY_PHASE 1_STANDARD BANNER_TJX PROXIMITY LOYALISTS_LIVE BY TJMAXX - Maxx You Maxx Life_Run of Network_Behavioral_F25-54_320 x 50_Click and View_NV_NA,205661862,10/20/2017,18082,140,17942,9457,8485,52,8433,8342,91,9509,9406,17748
TJN_MAR_023_Marshalls 2H Digital_F18,Bustle,PK5G3Z_TJN_MAR_023_Content_BUSTLE_RON - Bustle & Elite Daily 3rd Party Data Targeted & Keyword Targeted - Panoramic_Run of Network_Contextual_F25-54_1 x 1_Click and View_NV_NA,206333610,10/14/2017,172501,2362,170139,2744,167395,153823,13572,5113,8459,156567,58984,64097
TJN_TJX_TJMaxx 2H DIG_FY18,Conversant Inc.,PJNPMG_TJN_TJC_031_Audience_CONVERSANT_PUR_ROI_DSK_NET_DSP_TRG_RON_BTG_BTG_DVY_DESKTOP WIDE SKYSCRAPER- STRATEGIC SAVERS_Run of Site_Other_P18+_160 x 600_Standard_NV_NA,204443410,10/15/2017,16370,2419,13951,4,13947,1237,12710,8342,4368,1241,815,9157
TJN_TJX_TJMaxx 2H DIG_FY18,Viant,"PJSPBV_TJN_TJC_031_Data_VIANT INC_PUR_ROI_MWB_DIR_DSP_TRG_RON_BTG_MKT_DVY_DETERMINSTIC LAL OF ECOM CONVERTERS, CROSS DEVICE DISPLAY_Fixed Placement_Behavioral_F25-54_160 x 600_Click_NV_NA",204733791,10/7/2017,8213,359,7854,0,7854,305,7549,4905,2644,305,198,5103
TJN_TJX_TJMaxx 2H DIG_FY18,xAd Inc.,PJYDBW_TJN_TJX_028_Mobile_GROUND TRUTH FKA XAD_DST_SV1_MAP_DIR_RCH_TRG_RON_BTG_BTG_DVY_PHASE 1_BEHAVIORAL AUDIENCE STRATEGIC SAVERS PLACEMENT - RICH MEDIA STORE LOCATOR - Fall Hero_Run of Network_Behavioral_F25-54_300 x 250_Click and View_NV_NA,205207030,10/17/2017,3,0,3,2,1,0,1,0,1,2,0,0
TJN_MAR_023_Marshalls 2H Digital_F18,xAd Inc.,PJQ0YC_TJN_MAR_023_Mobile_GROUND TRUTH FKA XAD_DST_SV1_MAP_DIR_DSP_TRG_RON_PXT_BTG_DVY_PROXIMITY CONQUESTING - DYNAMIC DISTANCE_Run of Network_Geo_F25-54_300 x 250_Click and View_NV_NA,204595923,9/10/2017,8082,95,7987,7987,0,0,0,0,0,7987,6390,6390
TJN_TJX_TJMaxx 2H DIG_FY18,Viant,"PJNSGM_TJN_TJX_028_Data_VIANT INC_DSI_SV1_TWB_DIR_DSP_TRG_RON_BTG_CTG_DVY_PHASE 1_VIANT DIRECT MATCH RETAIL, TJX PORFOLIO LOYALISTS, DISPLAY_Fixed Placement_Behavioral_F25-54_728 x 90_Standard_NV_NA",204526722,10/12/2017,9141,49,9092,0,9092,801,8291,5889,2402,801,569,6458
TJN_TJX_TJMaxx 2H DIG_FY18,xAd Inc.,PJPXK2_TJN_TJX_028_Mobile_GROUND TRUTH FKA XAD_DST_SV1_MAP_DIR_DSP_TRG_RON_PXT_PXT_DVY_PHASE 1_PROXIMITY LOYALTY PLACEMENT - STANDARD BANNER - Fall Hero_Run of Network_Geo_F25-54_300 x 250_Click and View_NV_NA,204442945,9/29/2017,15289,472,14817,14659,158,2,156,105,51,14661,9868,9973
TJN_TJX_TJMaxx 2H DIG_FY18,xAd Inc.,PJMTN4_TJN_TJX_028_Mobile_GROUND TRUTH FKA XAD_DST_SV1_MAP_DIR_RCH_TRG_RON_BTG_BTG_DVY_PHASE 1_BEHAVIORAL AUDIENCE TRENDSETTERS PLACEMENT - RICH MEDIA STORE LOCATOR - Fall Handbag_Run of Network_Behavioral_F25-54_300 x 250_Click and View_NV_NA,204447281,10/8/2017,2347,23,2324,51,2273,19,2254,2194,60,70,68,2262
TJN_MAR_023_Marshalls 2H Digital_F18,xAd Inc.,PJQ0YB_TJN_MAR_023_Mobile_GROUND TRUTH FKA XAD_DST_SV1_MAP_DIR_DSP_TRG_RON_PXT_BTG_DVY_PROXIMITY CONQUESTING - DYNAMIC DISTANCE_Run of Network_Geo_F25-54_320 x 50_Click and View_NV_NA,204541799,10/20/2017,41599,708,40891,39538,1353,180,1173,1081,92,39718,32814,33895
TJN_TJX_TJMaxx 2H DIG_FY18,xAd Inc.,PJMTMR_TJN_TJX_028_Mobile_GROUND TRUTH FKA XAD_DST_SV1_MAP_DIR_RCH_TRG_RON_PXT_PXT_DVY_PHASE 1_PROXIMITY LOYALTY PLACEMENT - RICH MEDIA STORE LOCATOR - Fall Handbag_Run of Network_Geo_F25-54_300 x 250_Click and View_NV_NA,204442093,10/14/2017,13252,158,13094,2322,10772,34,10738,10136,602,2356,2224,12360
TJN_TJX_TJMaxx 2H DIG_FY18,Viant,"PJNSH7_TJN_TJX_028_Data_VIANT INC_DSI_SV1_MWB_DIR_DSP_TRG_RON_BTG_CTG_DVY_PHASE 1_VIANT DIRECT MATCH RETAIL, COMPETITIVE CONQUESTING, DISPLAY_Fixed Placement_Behavioral_F25-54_320 x 50_Standard_NV_NA",204477565,10/15/2017,20118,260,19858,9,19849,1041,18808,14390,4418,1050,803,15193
TJN_TJX_TJMaxx 2H DIG_FY18,Conversant Inc.,PJPWC1_TJN_TJX_028_Audience_CONVERSANT_DST_SV1_MAP_NET_DSP_TRG_RON_BTG_BTG_DVY_PHASE 1_ SMARTPHONE MEDIUM RECTANGLE  - CJ INTERACTORS LAL MODELING_Run of Site_Behavioral_P18+_300 x 250_Standard_NV_NA,204483942,10/14/2017,38156,627,37529,81,37448,5856,31592,8561,23031,5937,1609,10170
TJN_TJX_TJMaxx 2H DIG_FY18,Conversant Inc.,PJNPML_TJN_TJC_031_Audience_CONVERSANT_PUR_ROI_DSK_NET_DSP_TRG_RON_BTG_BTG_DVY_DESKTOP MEDIUM RECTANGLE- STRATEGIC SAVERS_Run of Site_Other_P18+_300 x 250_Standard_NV_NA,204443407,10/17/2017,5601,380,5221,0,5221,381,4840,3559,1281,381,280,3839
TJN_TJX_TJMaxx 2H DIG_FY18,Foursquare,"PJPST0_TJN_TJX_028_Audience_FOURSQUARE LABS, INC_DST_SV1_MAP_PRO_RCH_TRG_RON_PXT_BTG_DVY_PHASE 1_MOBILE RICH MEDIA COMPETITIVE CONQUESTING - Find A TJ Maxx Store_Run of Network_Geo_F25-54_320 x 50_Standard_NV_NA",204525348,10/5/2017,48900,3085,45815,37227,8588,1057,7531,5703,1828,38284,28991,34694
TJN_MAR_023_Marshalls 2H Digital_F18,NinthDecimal,PJPSRX_TJN_MAR_023_Mobile_NINTHDECIMAL_DST_SV1_MAP_DIR_RCH_TRG_RON_BTG_PXT_DVY_LOCATION GRAPH: COMPETITIVE CONQUESTING_Run of Network_Behavioral_F25-54_320 x 50_Click and View_NV_NA,204542879,10/17/2017,26381,464,25917,10888,15029,72,14957,14551,406,10960,10662,25213
TJN_TJX_TJMaxx 2H DIG_FY18,NBC Universal Media,PK2LHP_TJN_TJX_028_Content_NBCUNI.COM_BAF_BS2_DSK_DIR_DSP_SPN_HPT_CTG_CTG_DCM_100% SOV NBC THIS IS US ROADBLOCK 10/17 - 970X66 DESKTOP_HP Takeover_Contextual_F25-54_970 x 66_Standard_NV_NA,205563524,10/19/2017,1,0,1,0,1,0,1,1,0,0,0,1
TJN_TJX_TJMaxx 2H DIG_FY18,Conversant Inc.,PJNPMK_TJN_TJC_031_Audience_CONVERSANT_PUR_ROI_DSK_NET_DSP_TRG_RON_BTG_BTG_DVY_DESKTOP LEADERBOARD- STRATEGIC SAVERS_Run of Site_Other_P18+_728 x 90_Standard_NV_NA,204447263,10/18/2017,723,64,659,0,659,128,531,348,183,128,84,432
TJN_TJX_TJMaxx 2H DIG_FY18,xAd Inc.,PJYDBR_TJN_TJX_028_Mobile_GROUND TRUTH FKA XAD_DST_SV1_MAP_DIR_RCH_TRG_RON_BTG_BTG_DVY_PHASE 1_BEHAVIORAL AUDIENCE TRENDSETTERS PLACEMENT - RICH MEDIA STORE LOCATOR - Maxx You Maxx Life_Run of Network_Behavioral_F25-54_320 x 50_Click and View_NV_NA,205145234,9/21/2017,7129,111,7018,1652,5366,60,5306,5226,80,1712,1686,6912
TJN_TJX_TJMaxx 2H DIG_FY18,Foursquare,"PJMQ2D_TJN_TJX_028_Audience_FOURSQUARE LABS, INC_DST_SV1_MAP_PRO_DSP_TRG_RON_PXT_BTG_DVY_PHASE 1_PINPOINT STRATEGIC SAVERS_Run of Network_Geo_F25-54_300 x 250_Standard_NV_NA",204483457,9/15/2017,33166,4210,28956,8663,20293,5499,14794,4612,10182,14162,4415,9027
TJN_TJX_TJMaxx 2H DIG_FY18,Foursquare,"PJPRQH_TJN_TJX_028_Audience_FOURSQUARE LABS, INC_DST_SV1_MAP_PRO_DSP_TRG_RON_PXT_BTG_DVY_PHASE 1_PINPOINT STRATEGIC SAVERS AV_Run of Network_Geo_F25-54_300 x 250_Standard_NV_NA",204481807,10/9/2017,120,3,117,36,81,0,81,51,30,36,23,74
TJN_MAR_023_Marshalls 2H Digital_F18,xAd Inc.,PJQ0YR_TJN_MAR_023_Mobile_GROUND TRUTH FKA XAD_DST_SV1_MAP_DIR_DSP_TRG_RON_PXT_BTG_DVY_GEOBLOCKS CONQUESTING - DYNAMIC DISTANCE_Run of Network_Geo_F25-54_300 x 250_Click and View_NV_NA,204555244,9/4/2017,2,0,2,0,2,0,2,2,0,0,0,2
TJN_TJX_TJMaxx 2H DIG_FY18,Viant,"PJNSGN_TJN_TJX_028_Data_VIANT INC_DSI_SV1_TWB_DIR_DSP_TRG_RON_BTG_CTG_DVY_PHASE 1_VIANT DIRECT MATCH RETAIL, TJX PORFOLIO LOYALISTS, DISPLAY_Fixed Placement_Behavioral_F25-54_300 x 250_Standard_NV_NA",204526347,10/10/2017,275,0,275,0,275,20,255,188,67,20,15,203
TJN_TJX_TJMaxx 2H DIG_FY18,Foursquare,"PK0H84_TJN_TJX_028_Audience_FOURSQUARE LABS, INC_DST_SV1_MAP_PRO_RCH_TRG_RON_PXT_BTG_DVY_PHASE 1_MOBILE RICH MEDIA COMPETITIVE CONQUESTING - Find A Store_Run of Network_Geo_F25-54_320 x 50_Standard_NV_NA",205427847,10/5/2017,33097,2692,30405,21309,9096,1003,8093,6008,2085,22312,16564,22572
TJN_TJX_TJMaxx 2H DIG_FY18,NBC Universal Media,PK3H7L_TJN_TJX_028_Content_NBCUNI.COM_BAF_BS2_DSK_DIR_DSP_SPN_HPT_CTG_CTG_DCM_100% SOV NBC THIS IS US ROADBLOCK 10/3 - 728X90 MOBILE_HP Takeover_Contextual_F25-54_728 x 90_Standard_NV_NA,205727721,10/4/2017,1598,67,1531,1,1530,59,1471,1049,422,60,43,1092
TJN_TJX_TJMaxx 2H DIG_FY18,Hulu,PK3F7F_TJN_TJX_027_Content_HULU_BAF_BS2_DSK_DIR_CUS_SPN_CHS_CTG_CTG_DVY_HULU ROS: PREMIUM SLATE - DESKTOP_FEP_Contextual_F25-54_1920 x 1080_Standard_NV_NA,205683925,10/15/2017,3599,64,3535,3535,0,0,0,0,0,3535,2335,2335
TJN_TJX_TJMaxx 2H DIG_FY18,Conversant Inc.,PJNPLZ_TJN_TJX_028_Audience_CONVERSANT_DST_SV1_MAP_NET_DSP_TRG_RON_BTG_BTG_DVY_PHASE 1_ SMARTPHONE SMALL BANNER  - CJ CONVERTERS LAL MODELING_Run of Site_Behavioral_P18+_320 x 50_Standard_NV_NA,204442891,10/5/2017,4235,61,4174,4,4170,614,3556,2178,1378,618,379,2557
TJN_TJX_TJMaxx 2H DIG_FY18,Viant,PJPXKR_TJN_TJX_028_Data_VIANT INC_DSI_SV1_DSK_DIR_DSP_TRG_RON_BTG_CTG_DVY_PHASE 1_DESKTOP DISPLAY VIANT IMP TARGETING - STRATEGIC SAVERS AV_Fixed Placement_Demo_F25-54_300 x 250_Standard_NV_NA,204475841,10/15/2017,8519,999,7520,8,7512,731,6781,3501,3280,739,382,3883
TJN_TJX_TJMaxx 2H DIG_FY18,xAd Inc.,PKF4CT_TJN_TJX_028_Mobile_GROUND TRUTH FKA XAD_DST_SV1_MAP_DIR_DSP_TRG_RON_BTG_BTG_DVY_PHASE 1_BEHAVIORAL AUDIENCE STRATEGIC SAVERS PLACEMENT - STANDARD BANNER - Dresses_Run of Network_Behavioral_F25-54_300 x 250_Click and View_NV_NA,206834097,10/20/2017,4315,78,4237,4237,0,0,0,0,0,4237,2522,2522
TJN_TJX_TJMaxx 2H DIG_FY18,Conversant Inc.,PJPWBT_TJN_TJX_028_Audience_CONVERSANT_DST_SV1_DSK_NET_DSP_TRG_RON_BTG_BTG_DVY_PHASE 1_ DESKTOP LEADERBOARD - CJ INTERACTORS LAL MODELING_Run of Site_Behavioral_P18+_728 x 90_Standard_NV_NA,204446096,10/3/2017,9903,528,9375,0,9375,1833,7542,3320,4222,1833,807,4127
TJN_TJX_TJMaxx 2H DIG_FY18,Viant,"PJNSHD_TJN_TJX_028_Data_VIANT INC_DSI_SV1_DSK_DIR_DSP_TRG_RON_BTG_CTG_DVY_PHASE 1_VIANT DIRECT MATCH RETAIL, COMPETITIVE CONQUESTING, DISPLAY_Fixed Placement_Behavioral_F25-54_160 x 600_Standard_NV_NA",204477281,9/22/2017,2913,254,2659,0,2659,172,2487,1121,1366,172,78,1199
TJN_TJX_TJMaxx 2H DIG_FY18,Conversant Inc.,PJPTLK_TJN_TJC_031_Audience_CONVERSANT_PUR_ROI_DSK_NET_DSP_TRG_RON_BTG_BTG_DVY_DESKTOP RECTANGLE- TRENDSETTERS_Run of Site_Other_P18+_300 x 600_Standard_NV_NA,204483963,10/20/2017,145,5,140,0,140,39,101,25,76,39,10,35
TJN_TJX_TJMaxx 2H DIG_FY18,Foursquare,"PK0H80_TJN_TJX_028_Audience_FOURSQUARE LABS, INC_DST_SV1_MAP_PRO_RCH_TRG_RON_PXT_BTG_DVY_PHASE 1_MOBILE RICH MEDIA STRATEGIC SAVERS - Find A Store_Run of Network_Geo_F25-54_320 x 50_Standard_NV_NA",205394974,10/17/2017,9,9,0,0,0,0,0,0,0,0,0,0
TJN_MAR_023_Marshalls 2H Digital_F18,xAd Inc.,PJQ0YF_TJN_MAR_023_Mobile_GROUND TRUTH FKA XAD_DST_SV1_MAP_DIR_RCH_TRG_RON_WEA_PXT_DVY_PROXIMITY CONQUESTING - WEATHER LOCATOR UNIT_Run of Network_Weather_F25-54_300 x 250_Click and View_NV_NA,204596913,9/25/2017,351,3,348,7,341,125,216,205,11,132,125,330
TJN_MAR_023_Marshalls 2H Digital_F18,xAd Inc.,PJQ0YP_TJN_MAR_023_Mobile_GROUND TRUTH FKA XAD_DST_SV1_MAP_DIR_DSP_TRG_RON_PXT_BTG_DVY_GEOBLOCKS LOYALTY - DYNAMIC DISTANCE_Run of Network_Geo_F25-54_300 x 250_Click and View_NV_NA,204537983,10/11/2017,10321,388,9933,9933,0,0,0,0,0,9933,2077,2077
TJN_MAR_023_Marshalls 2H Digital_F18,xAd Inc.,PJQ0YD_TJN_MAR_023_Mobile_GROUND TRUTH FKA XAD_DST_SV1_MAP_DIR_RCH_TRG_RON_WEA_PXT_DVY_PROXIMITY CONQUESTING - WEATHER LOCATOR UNIT_Run of Network_Weather_F25-54_320 x 50_Click and View_NV_NA,204541553,10/5/2017,18743,298,18445,9939,8506,155,8351,7623,728,10094,9214,16837
TJN_TJX_TJMaxx 2H DIG_FY18,Conversant Inc.,PJPTLJ_TJN_TJC_031_Audience_CONVERSANT_PUR_ROI_TAP_NET_DSP_TRG_RON_BTG_BTG_DVY_TABLET MEDIUM RECTANGLE - TRENDSETTERS_Run of Site_Other_P18+_300 x 250_Standard_NV_NA,204447266,10/12/2017,1588,12,1576,0,1576,221,1355,827,528,221,135,962
TJN_TJX_TJMaxx 2H DIG_FY18,Conversant Inc.,PJPTMN_TJN_TJC_031_Audience_CONVERSANT_PUR_ROI_MAP_NET_DSP_TRG_RON_BTG_BTG_DVY_SMARTPHONE MEDIUM RECTANGLE - COMPETITIVE CONQUESTING_Run of Site_Other_P18+_300 x 250_Standard_NV_NA,204447221,10/7/2017,7810,65,7745,0,7745,1099,6646,3793,2853,1099,627,4420
TJN_MAR_023_Marshalls 2H Digital_F18,xAd Inc.,PJQ0YS_TJN_MAR_023_Mobile_GROUND TRUTH FKA XAD_DST_SV1_MAP_DIR_DSP_TRG_RON_DMA_BTG_DVY_AV DMA TARGETING_Run of Network_Geo_F25-54_300 x 250_Click and View_NV_NA,204558337,10/15/2017,37123,412,36711,22826,13885,951,12934,10762,2172,23777,19221,29983
TJN_TJX_TJMaxx 2H DIG_FY18,NBC Universal Media,PK2LGS_TJN_TJX_028_Content_NBCUNI.COM_BAF_BS2_DSK_DIR_DSP_SPN_HPT_CTG_CTG_DCM_100% SOV NBC THIS IS US ROADBLOCK 9/26 - 970X66 DESKTOP_HP Takeover_Contextual_F25-54_970 x 66_Standard_NV_NA,205661835,9/27/2017,130283,4522,125761,0,125761,4915,120846,99334,21512,4915,4040,103374
TJN_TJX_TJMaxx 2H DIG_FY18,Viant,"PJNSGS_TJN_TJX_028_Data_VIANT INC_DSI_SV1_MWB_DIR_DSP_TRG_RON_BTG_CTG_DVY_PHASE 1_VIANT DIRECT MATCH RETAIL, TJX PORFOLIO LOYALISTS, DISPLAY_Fixed Placement_Behavioral_F25-54_320 x 50_Standard_NV_NA",204524922,10/8/2017,16452,166,16286,0,16286,906,15380,12526,2854,906,738,13264
TJN_TJX_TJMaxx 2H DIG_FY18,xAd Inc.,PJPXJQ_TJN_TJX_028_Mobile_GROUND TRUTH FKA XAD_DST_SV1_MAP_DIR_DSP_TRG_RON_RTG_RTG_DVY_PHASE 1_LOCATION AUDIENCE TJX SHOPPERS PLACEMENT - STANDARD BANNER - TJMaxx_Run of Network_Retarget_F25-54_320 x 50_Click and View_NV_NA,204447839,9/20/2017,65034,1350,63684,14281,49403,30574,18829,17298,1531,44855,38005,55303
TJN_TJX_TJMaxx 2H DIG_FY18,Foursquare,"PJPQL0_TJN_TJX_028_Audience_FOURSQUARE LABS, INC_DST_SV1_MAP_PRO_DSP_TRG_RON_PXT_BTG_DVY_PHASE 1_PINPOINT TRENDSETTERS_Run of Network_Geo_F25-54_320 x 50_Standard_NV_NA",204478094,10/10/2017,111388,2114,109274,70093,39181,1532,37649,30710,6939,71625,58424,89134
TJN_MAR_023_Marshalls 2H Digital_F18,NinthDecimal,PJPSRR_TJN_MAR_023_Mobile_NINTHDECIMAL_DST_SV1_MAP_DIR_RCH_TRG_RON_PXT_DMA_DVY_GEOFENCE: 2-MILE RADIUS AROUND URBAN STORES_Run of Network_Geo_F25-54_320 x 50_Click and View_NV_NA,204541523,10/17/2017,31345,795,30550,12012,18538,92,18446,17922,524,12104,11760,29682
TJN_TJX_TJMaxx 2H DIG_FY18,Foursquare,"PK0H83_TJN_TJX_028_Audience_FOURSQUARE LABS, INC_DST_SV1_MAP_PRO_RCH_TRG_RON_PXT_BTG_DVY_PHASE 1_MOBILE RICH MEDIA COMPETITIVE CONQUESTING - Fall Honeycomb_Run of Network_Geo_F25-54_300 x 250_Standard_NV_NA",205344161,10/18/2017,1,0,1,1,0,0,0,0,0,1,0,0
TJN_MAR_023_Marshalls 2H Digital_F18,xAd Inc.,PJQ0YC_TJN_MAR_023_Mobile_GROUND TRUTH FKA XAD_DST_SV1_MAP_DIR_DSP_TRG_RON_PXT_BTG_DVY_PROXIMITY CONQUESTING - DYNAMIC DISTANCE_Run of Network_Geo_F25-54_300 x 250_Click and View_NV_NA,204595923,9/29/2017,8939,671,8268,8260,8,0,8,0,8,8260,0,0
TJN_MAR_023_Marshalls 2H Digital_F18,xAd Inc.,PJQ0YM_TJN_MAR_023_Mobile_GROUND TRUTH FKA XAD_DST_SV1_MAP_DIR_DSP_TRG_RON_BTG_PXT_DVY_COMPETITOR SHOPPERS - DYNAMIC DISTANCE_Run of Network_Geo_F25-54_300 x 250_Click and View_NV_NA,204555259,10/9/2017,5194,276,4918,4918,0,0,0,0,0,4918,2170,2170
TJN_TJX_TJMaxx 2H DIG_FY18,Viant,"PJNSHF_TJN_TJX_028_Data_VIANT INC_DSI_SV1_MWB_DIR_DSP_TRG_RON_BTG_CTG_DVY_PHASE 1_VIANT DIRECT MATCH RETAIL, COMPETITIVE CONQUESTING, DISPLAY_Fixed Placement_Behavioral_F25-54_300 x 250_Standard_NV_NA",204483016,10/20/2017,918,8,910,0,910,58,852,750,102,58,51,801
TJN_TJX_TJMaxx 2H DIG_FY18,xAd Inc.,PJPXK2_TJN_TJX_028_Mobile_GROUND TRUTH FKA XAD_DST_SV1_MAP_DIR_DSP_TRG_RON_PXT_PXT_DVY_PHASE 1_PROXIMITY LOYALTY PLACEMENT - STANDARD BANNER - Fall Hero_Run of Network_Geo_F25-54_300 x 250_Click and View_NV_NA,204442945,9/10/2017,11102,131,10971,10910,61,10,51,16,35,10920,3426,3442
TJN_TJX_TJMaxx 2H DIG_FY18,Foursquare,"PJPRVC_TJN_TJX_028_Audience_FOURSQUARE LABS, INC_DST_SV1_MAP_PRO_DSP_TRG_RON_PXT_BTG_DVY_PHASE 1_PINPOINT TRENDSETTERS AV_Run of Network_Geo_F25-54_320 x 50_Standard_NV_NA",204527421,9/20/2017,2072,146,1926,650,1276,62,1214,854,360,712,501,1355
TJN_TJX_TJMaxx 2H DIG_FY18,Conversant Inc.,PJPTLL_TJN_TJC_031_Audience_CONVERSANT_PUR_ROI_DSK_NET_DSP_TRG_RON_BTG_BTG_DVY_DESKTOP WIDE SKYSCRAPER- TRENDSETTERS_Run of Site_Other_P18+_160 x 600_Standard_NV_NA,204447269,10/5/2017,3429,172,3257,0,3257,703,2554,686,1868,703,189,875
TJN_TJX_TJMaxx 2H DIG_FY18,xAd Inc.,PJPXJZ_TJN_TJX_028_Mobile_GROUND TRUTH FKA XAD_DST_SV1_MAP_DIR_DSP_TRG_RON_BTG_BTG_DVY_PHASE 1_BEHAVIORAL AUDIENCE TRENDSETTERS PLACEMENT - STANDARD BANNER - Fall Hero_Run of Network_Behavioral_F25-54_300 x 250_Click and View_NV_NA,204446156,9/23/2017,10741,173,10568,10553,15,2,13,6,7,10555,4872,4878
TJN_MAR_023_Marshalls 2H Digital_F18,xAd Inc.,PJQ0YP_TJN_MAR_023_Mobile_GROUND TRUTH FKA XAD_DST_SV1_MAP_DIR_DSP_TRG_RON_PXT_BTG_DVY_GEOBLOCKS LOYALTY - DYNAMIC DISTANCE_Run of Network_Geo_F25-54_300 x 250_Click and View_NV_NA,204537983,10/6/2017,11555,682,10873,10839,34,1,33,3,30,10840,1056,1059
TJN_TJX_TJMaxx 2H DIG_FY18,Viant,"PK2X7G_TJN_TJX_028_Data_VIANT INC_DSI_SV1_DSK_DIR_RCH_TRG_INT_BTG_CTG_DVY_PHASE 1_VIANT IMP, W25-54 STRATEGIC SAVERS, CONTOBOX - Honeycomb_Fixed Placement_Behavioral_F25-54_300 x 250_Click and View_NV_NA",205688467,10/10/2017,27917,1639,26278,18,26260,2363,23897,5215,18682,2381,520,5735
TJN_TJX_TJMaxx 2H DIG_FY18,Hulu,PK3F7G_TJN_TJX_027_Content_HULU_BAF_BS2_MAP_DIR_CUS_SPN_CHS_CTG_CTG_DVY_HULU ROS: PREMIUM SLATE - MOBILE IN APP_FEP_Contextual_F25-54_1920 x 1080_Standard_NV_NA,205634552,10/10/2017,28,0,28,28,0,0,0,0,0,28,18,18
TJN_TJX_TJMaxx 2H DIG_FY18,NBC Universal Media,PK2KLS_TJN_TJX_028_Content_NBCUNI.COM_BAF_BS2_TAP_DIR_VID_SPN_ROS_BTG_CTG_MOA_THIS IS US SPONSORSHIP: TABLET - VIGNETTE 4_Run of Site_Behavioral_F25-54_1920 x 1080_Click and View_NV_NA,205568633,10/19/2017,22901,207,22694,22694,0,0,0,0,0,22694,17801,17801
TJN_TJX_TJMaxx 2H DIG_FY18,Viant,"PJNSHD_TJN_TJX_028_Data_VIANT INC_DSI_SV1_DSK_DIR_DSP_TRG_RON_BTG_CTG_DVY_PHASE 1_VIANT DIRECT MATCH RETAIL, COMPETITIVE CONQUESTING, DISPLAY_Fixed Placement_Behavioral_F25-54_160 x 600_Standard_NV_NA",204477281,9/24/2017,2849,96,2753,0,2753,279,2474,1475,999,279,166,1641
TJN_TJX_TJMaxx 2H DIG_FY18,Viant,"PKGJX1_TJN_TJX_028_Data_VIANT INC_DSI_SV1_DSK_DIR_RCH_TRG_INT_BTG_CTG_DVY_PHASE 1_VIANT IMP, W25-54 STRATEGIC SAVERS, CONTOBOX - Booties_Fixed Placement_Behavioral_F25-54_300 x 250_Click and View_NV_NA",206771930,10/20/2017,217,3,214,0,214,23,191,8,183,23,1,9
TJN_TJX_TJMaxx 2H DIG_FY18,xAd Inc.,PJMTMR_TJN_TJX_028_Mobile_GROUND TRUTH FKA XAD_DST_SV1_MAP_DIR_RCH_TRG_RON_PXT_PXT_DVY_PHASE 1_PROXIMITY LOYALTY PLACEMENT - RICH MEDIA STORE LOCATOR - Fall Handbag_Run of Network_Geo_F25-54_300 x 250_Click and View_NV_NA,204442093,9/28/2017,30574,517,30057,7623,22434,181,22253,21124,1129,7804,7408,28532
TJN_TJX_TJMaxx 2H DIG_FY18,xAd Inc.,PJYDBW_TJN_TJX_028_Mobile_GROUND TRUTH FKA XAD_DST_SV1_MAP_DIR_RCH_TRG_RON_BTG_BTG_DVY_PHASE 1_BEHAVIORAL AUDIENCE STRATEGIC SAVERS PLACEMENT - RICH MEDIA STORE LOCATOR - Fall Hero_Run of Network_Behavioral_F25-54_300 x 250_Click and View_NV_NA,205207030,10/5/2017,6,2,4,2,2,1,1,1,0,3,3,4
TJN_TJX_TJMaxx 2H DIG_FY18,xAd Inc.,PJMTNF_TJN_TJX_028_Mobile_GROUND TRUTH FKA XAD_DST_SV1_MAP_DIR_DSP_TRG_RON_PXT_PXT_DVY_PHASE 1_PROXIMITY LOYALTY PLACEMENT - STANDARD BANNER - Fall Handbag_Run of Network_Geo_F25-54_300 x 250_Click and View_NV_NA,204446159,9/30/2017,14837,382,14455,14388,67,3,64,30,34,14391,6746,6776
TJN_TJX_TJMaxx 2H DIG_FY18,Conversant Inc.,PJNPML_TJN_TJC_031_Audience_CONVERSANT_PUR_ROI_DSK_NET_DSP_TRG_RON_BTG_BTG_DVY_DESKTOP MEDIUM RECTANGLE- STRATEGIC SAVERS_Run of Site_Other_P18+_300 x 250_Standard_NV_NA,204443407,10/5/2017,21999,1122,20877,0,20877,2715,18162,6424,11738,2715,960,7384
TJN_TJX_TJMaxx 2H DIG_FY18,Viant,"PK2X7C_TJN_TJX_028_Data_VIANT INC_DSI_SV1_TWB_DIR_RCH_TRG_INT_BTG_CTG_DVY_PHASE 1_VIANT IMP, W25-54 STRATEGIC SAVERS, CONTOBOX - Honeycomb_Fixed Placement_Behavioral_F25-54_160 x 600_Click and View_NV_NA",205685992,10/14/2017,2,0,2,0,2,0,2,2,0,0,0,2
TJN_MAR_023_Marshalls 2H Digital_F18,NinthDecimal,PJPSRX_TJN_MAR_023_Mobile_NINTHDECIMAL_DST_SV1_MAP_DIR_RCH_TRG_RON_BTG_PXT_DVY_LOCATION GRAPH: COMPETITIVE CONQUESTING_Run of Network_Behavioral_F25-54_320 x 50_Click and View_NV_NA,204542879,10/5/2017,8321,139,8182,3953,4229,26,4203,4071,132,3979,3854,7925
TJN_TJX_TJMaxx 2H DIG_FY18,Foursquare,"PJPST0_TJN_TJX_028_Audience_FOURSQUARE LABS, INC_DST_SV1_MAP_PRO_RCH_TRG_RON_PXT_BTG_DVY_PHASE 1_MOBILE RICH MEDIA COMPETITIVE CONQUESTING - Find A TJ Maxx Store_Run of Network_Geo_F25-54_320 x 50_Standard_NV_NA",204525348,10/17/2017,4,4,0,0,0,0,0,0,0,0,0,0
TJN_TJX_TJMaxx 2H DIG_FY18,Conversant Inc.,PJPTLP_TJN_TJC_031_Audience_CONVERSANT_PUR_ROI_DSK_NET_DSP_TRG_RON_BTG_BTG_DVY_DESKTOP LEADERBOARD- TRENDSETTERS_Run of Site_Other_P18+_728 x 90_Standard_NV_NA,204447782,10/20/2017,2069,74,1995,0,1995,393,1602,960,642,393,236,1196
TJN_TJX_TJMaxx 2H DIG_FY18,Conversant Inc.,PJPWP9_TJN_TJX_028_Audience_CONVERSANT_DST_SV1_DSK_NET_DSP_TRG_RON_BTG_BTG_DVY_PHASE 1_ DESKTOP MEDIUM RECTANGLE - CONVERSANT SHOPPERS AV_Run of Site_Behavioral_P18+_300 x 250_Standard_NV_NA,204483957,10/3/2017,1089,61,1028,0,1028,199,829,477,352,199,115,592
TJN_TJX_TJMaxx 2H DIG_FY18,Viant,"PJNSHC_TJN_TJX_028_Data_VIANT INC_DSI_SV1_DSK_DIR_DSP_TRG_RON_BTG_CTG_DVY_PHASE 1_VIANT DIRECT MATCH RETAIL, COMPETITIVE CONQUESTING, DISPLAY_Fixed Placement_Behavioral_F25-54_300 x 250_Standard_NV_NA",204478655,10/14/2017,21772,551,21221,22,21199,1995,19204,13913,5291,2017,1461,15374
TJN_TJX_TJMaxx 2H DIG_FY18,xAd Inc.,PJPXK0_TJN_TJX_028_Mobile_GROUND TRUTH FKA XAD_DST_SV1_MAP_DIR_DSP_TRG_RON_BTG_BTG_DVY_PHASE 1_BEHAVIORAL AUDIENCE TRENDSETTERS PLACEMENT - STANDARD BANNER - TJMaxx_Run of Network_Behavioral_F25-54_320 x 50_Click and View_NV_NA,204483993,9/27/2017,3,1,2,2,0,0,0,0,0,2,2,2
TJN_TJX_TJMaxx 2H DIG_FY18,xAd Inc.,PJMTN8_TJN_TJX_028_Mobile_GROUND TRUTH FKA XAD_DST_SV1_MAP_DIR_DSP_TRG_RON_BTG_BTG_DVY_PHASE 1_BEHAVIORAL AUDIENCE STRATEGIC SAVERS PLACEMENT - STANDARD BANNER - Maxx You Maxx Life_Run of Network_Behavioral_F25-54_320 x 50_Click and View_NV_NA,204447851,9/12/2017,24830,234,24596,3538,21058,426,20632,17927,2705,3964,3444,21371
TJN_TJX_TJMaxx 2H DIG_FY18,PlaceIQ,PK19Z0_TJN_TJX_028_Mobile_PLACEIQ INC_DST_SV1_MAP_DIR_RCH_TRG_RON_BTG_PTG_DVY_PHASE 1_RICH MEDIA_STRATEGIC SAVERS_APPAREL OR FURNISHINGS DISCRETIONARY SPEND+IMPULSE BUYER SHOPPERS_Run of Network_Behavioral_F25-54_320 x 50_Click and View_NV_NA,205563158,9/28/2017,57238,4907,52331,30373,21958,971,20987,19180,1807,31344,28645,47825
TJN_TJX_TJMaxx 2H DIG_FY18,Viant,"PJNSGQ_TJN_TJX_028_Data_VIANT INC_DSI_SV1_MWB_DIR_DSP_TRG_RON_BTG_CTG_DVY_PHASE 1_VIANT DIRECT MATCH RETAIL, TJX PORFOLIO LOYALISTS, DISPLAY_Fixed Placement_Behavioral_F25-54_300 x 250_Standard_NV_NA",204482395,10/12/2017,19443,70,19373,0,19373,4574,14799,11804,2995,4574,3648,15452
TJN_TJX_TJMaxx 2H DIG_FY18,Conversant Inc.,PJNPM2_TJN_TJX_028_Audience_CONVERSANT_DST_SV1_MAP_NET_DSP_TRG_RON_BTG_BTG_DVY_PHASE 1_ SMARTPHONE MEDIUM RECTANGLE  - CJ CONVERTERS LAL MODELING_Run of Site_Behavioral_P18+_300 x 250_Standard_NV_NA,204442021,10/12/2017,15378,218,15160,43,15117,2263,12854,3303,9551,2306,593,3896
TJN_TJX_TJMaxx 2H DIG_FY18,xAd Inc.,PJYDBQ_TJN_TJX_028_Mobile_GROUND TRUTH FKA XAD_DST_SV1_MAP_DIR_RCH_TRG_RON_BTG_BTG_DVY_PHASE 1_BEHAVIORAL AUDIENCE TRENDSETTERS PLACEMENT - RICH MEDIA STORE LOCATOR - Fall Hero_Run of Network_Behavioral_F25-54_300 x 250_Click and View_NV_NA,205145231,9/20/2017,3885,59,3826,692,3134,60,3074,2904,170,752,710,3614
TJN_TJX_TJMaxx 2H DIG_FY18,Viant,"PK2V4S_TJN_TJX_028_Data_VIANT INC_DSI_SV1_TWB_DIR_RCH_TRG_INT_BTG_CTG_DVY_PHASE 1_VIANT IMP, W25-54 STRATEGIC SAVERS, CONTOBOX - Fall Homes_Fixed Placement_Behavioral_F25-54_300 x 250_Click and View_NV_NA",205687927,10/14/2017,69,2,67,6,61,4,57,33,24,10,6,39
TJN_TJX_TJMaxx 2H DIG_FY18,Hulu,PK3CXJ_TJN_TJX_027_Content_HULU_BAF_BS2_MAP_DIR_CUS_SPN_CHS_CTG_CTG_DVY_FALL TV SPONSORSHIP: PREMIUM SLATE - MOBILE IN APP_FEP_Contextual_F25-54_1920 x 1080_Standard_NV_NA,205683919,10/20/2017,9251,68,9183,9183,0,0,0,0,0,9183,5466,5466
TJN_TJX_TJMaxx 2H DIG_FY18,Viant,"PJNSHC_TJN_TJX_028_Data_VIANT INC_DSI_SV1_DSK_DIR_DSP_TRG_RON_BTG_CTG_DVY_PHASE 1_VIANT DIRECT MATCH RETAIL, COMPETITIVE CONQUESTING, DISPLAY_Fixed Placement_Behavioral_F25-54_300 x 250_Standard_NV_NA",204478655,9/14/2017,289,4,285,0,285,8,277,230,47,8,7,237
TJN_MAR_023_Marshalls 2H Digital_F18,xAd Inc.,PJQ0YJ_TJN_MAR_023_Mobile_GROUND TRUTH FKA XAD_DST_SV1_MAP_DIR_DSP_TRG_RON_BTG_PXT_DVY_MARSHALLS SHOPPERS - DYNAMIC DISTANCE_Run of Network_Geo_F25-54_320 x 50_Click and View_NV_NA,204595911,9/29/2017,9238,161,9077,7897,1180,52,1128,799,329,7949,5480,6279
TJN_MAR_023_Marshalls 2H Digital_F18,xAd Inc.,PJQ0Y8_TJN_MAR_023_Mobile_GROUND TRUTH FKA XAD_DST_SV1_MAP_DIR_RCH_TRG_RON_WEA_PXT_DVY_PROXIMITY LOYALTY - WEATHER LOCATOR UNIT_Run of Network_Weather_F25-54_320 x 50_Click and View_NV_NA,204556189,10/15/2017,191935,5348,186587,94136,92451,1243,91208,84230,6978,95379,88082,172312
TJN_TJX_TJMaxx 2H DIG_FY18,Conversant Inc.,PJPWBT_TJN_TJX_028_Audience_CONVERSANT_DST_SV1_DSK_NET_DSP_TRG_RON_BTG_BTG_DVY_PHASE 1_ DESKTOP LEADERBOARD - CJ INTERACTORS LAL MODELING_Run of Site_Behavioral_P18+_728 x 90_Standard_NV_NA,204446096,10/2/2017,2588,163,2425,0,2425,524,1901,572,1329,524,158,730
TJN_TJX_TJMaxx 2H DIG_FY18,xAd Inc.,PJMTNC_TJN_TJX_028_Mobile_GROUND TRUTH FKA XAD_DST_SV1_MAP_DIR_DSP_TRG_RON_BTG_BTG_DVY_PHASE 1_BEHAVIORAL AUDIENCE TRENDSETTERS PLACEMENT - STANDARD BANNER - Maxx You Maxx Life_Run of Network_Behavioral_F25-54_320 x 50_Click and View_NV_NA,204447830,9/27/2017,2,1,1,0,1,1,0,0,0,1,1,1
TJN_MAR_023_Marshalls 2H Digital_F18,xAd Inc.,PJQ0YP_TJN_MAR_023_Mobile_GROUND TRUTH FKA XAD_DST_SV1_MAP_DIR_DSP_TRG_RON_PXT_BTG_DVY_GEOBLOCKS LOYALTY - DYNAMIC DISTANCE_Run of Network_Geo_F25-54_300 x 250_Click and View_NV_NA,204537983,9/21/2017,6166,175,5991,5963,28,5,23,9,14,5968,2335,2344
TJN_TJX_TJMaxx 2H DIG_FY18,Viant,"PJNSH9_TJN_TJX_028_Data_VIANT INC_DSI_SV1_TWB_DIR_DSP_TRG_RON_BTG_CTG_DVY_PHASE 1_VIANT DIRECT MATCH RETAIL, COMPETITIVE CONQUESTING, DISPLAY_Fixed Placement_Behavioral_F25-54_300 x 250_Standard_NV_NA",204526701,9/12/2017,1035,62,973,0,973,45,928,729,199,45,35,764
TJN_TJX_TJMaxx 2H DIG_FY18,Foursquare,"PJMQ2K_TJN_TJX_028_Audience_FOURSQUARE LABS, INC_DST_SV1_MAP_PRO_DSP_TRG_RON_PXT_BTG_DVY_PHASE 1_PINPOINT STRATEGIC SAVERS_Run of Network_Geo_F25-54_320 x 50_Standard_NV_NA",204483454,9/20/2017,165444,12088,153356,64886,88470,3991,84479,59819,24660,68877,48771,108590
TJN_TJX_TJMaxx 2H DIG_FY18,Viant,"PK2V4V_TJN_TJX_028_Data_VIANT INC_DSI_SV1_TWB_DIR_RCH_TRG_INT_BTG_CTG_DVY_PHASE 1_VIANT IMP, W25-54 STRATEGIC SAVERS, CONTOBOX - Fall Homes_Fixed Placement_Behavioral_F25-54_728 x 90_Click and View_NV_NA",205725966,9/28/2017,14,6,8,2,6,1,5,5,0,3,3,8
TJN_TJX_TJMaxx 2H DIG_FY18,Foursquare,"PJPRQH_TJN_TJX_028_Audience_FOURSQUARE LABS, INC_DST_SV1_MAP_PRO_DSP_TRG_RON_PXT_BTG_DVY_PHASE 1_PINPOINT STRATEGIC SAVERS AV_Run of Network_Geo_F25-54_300 x 250_Standard_NV_NA",204481807,10/19/2017,28,2,26,19,7,0,7,5,2,19,14,19
TJN_TJX_TJMaxx 2H DIG_FY18,NBC Universal Media,PK2LFQ_TJN_TJX_028_Content_NBCUNI.COM_BAF_BS2_DSK_DIR_DSP_SPN_HPT_CTG_CTG_DCM_100% SOV NBC HOMEPAGE ROADBLOCK 10/10 - 970X66 DESKTOP_HP Takeover_Contextual_F25-54_970 x 66_Standard_NV_NA,205661841,10/12/2017,2,0,2,0,2,0,2,1,1,0,0,1
TJN_TJX_TJMaxx 2H DIG_FY18,Conversant Inc.,PJPWP9_TJN_TJX_028_Audience_CONVERSANT_DST_SV1_DSK_NET_DSP_TRG_RON_BTG_BTG_DVY_PHASE 1_ DESKTOP MEDIUM RECTANGLE - CONVERSANT SHOPPERS AV_Run of Site_Behavioral_P18+_300 x 250_Standard_NV_NA,204483957,10/1/2017,1178,53,1125,0,1125,224,901,503,398,224,125,628
TJN_TJX_TJMaxx 2H DIG_FY18,xAd Inc.,PKF46H_TJN_TJX_028_Mobile_GROUND TRUTH FKA XAD_DST_SV1_MAP_DIR_DSP_TRG_RON_PXT_PXT_DVY_PHASE 1_PROXIMITY LOYALTY PLACEMENT - STANDARD BANNER - Sweaters_Run of Network_Geo_F25-54_300 x 250_Click and View_NV_NA,206772605,10/17/2017,3145,47,3098,3098,0,0,0,0,0,3098,2069,2069
TJN_TJX_TJMaxx 2H DIG_FY18,Conversant Inc.,PJPWP9_TJN_TJX_028_Audience_CONVERSANT_DST_SV1_DSK_NET_DSP_TRG_RON_BTG_BTG_DVY_PHASE 1_ DESKTOP MEDIUM RECTANGLE - CONVERSANT SHOPPERS AV_Run of Site_Behavioral_P18+_300 x 250_Standard_NV_NA,204483957,10/2/2017,1301,63,1238,0,1238,241,997,584,413,241,141,725
TJN_TJX_TJMaxx 2H DIG_FY18,Conversant Inc.,PJNPMJ_TJN_TJC_031_Audience_CONVERSANT_PUR_ROI_MAP_NET_DSP_TRG_RON_BTG_BTG_DVY_SMARTPHONE MEDIUM RECTANGLE - STRATEGIC SAVERS_Run of Site_Other_P18+_300 x 250_Standard_NV_NA,204442063,10/15/2017,667,6,661,0,661,91,570,440,130,91,70,510
TJN_TJX_TJMaxx 2H DIG_FY18,Conversant Inc.,PJPWPF_TJN_TJX_028_Audience_CONVERSANT_DST_SV1_TAP_NET_DSP_TRG_RON_BTG_BTG_DVY_PHASE 1_ TABLET LEADERBOARD - CONVERSANT SHOPPERS AV_Run of Site_Behavioral_P18+_728 x 90_Standard_NV_NA,204442915,9/17/2017,51,1,50,0,50,16,34,9,25,16,4,13
TJN_TJX_TJMaxx 2H DIG_FY18,NBC Universal Media,PK2KLX_TJN_TJX_028_Content_NBCUNI.COM_BAF_BS2_OTT_DIR_VID_SPN_ROS_BTG_CTG_MOA_THIS IS US SPONSORSHIP: OTT - VIGNETTE 4_Run of Site_Behavioral_F25-54_1920 x 1080_Click and View_NV_NA,205563476,10/19/2017,131330,137,131193,131193,0,0,0,0,0,131193,102909,102909
TJN_MAR_023_Marshalls 2H Digital_F18,NinthDecimal,PJPSRV_TJN_MAR_023_Mobile_NINTHDECIMAL_DST_SV1_MAP_DIR_RCH_TRG_RON_BTG_PXT_DVY_LOCATION GRAPH: MARSHALLS LOYALISTS_Run of Network_Behavioral_F25-54_320 x 50_Click and View_NV_NA,204555232,10/20/2017,110935,1886,109049,37121,71928,427,71501,69122,2379,37548,36299,105421
TJN_TJX_TJMaxx 2H DIG_FY18,xAd Inc.,PJMTMQ_TJN_TJX_028_Mobile_GROUND TRUTH FKA XAD_DST_SV1_MAP_DIR_RCH_TRG_RON_PXT_PXT_DVY_PHASE 1_PROXIMITY LOYALTY PLACEMENT - RICH MEDIA STORE LOCATOR - TJ Maxx_Run of Network_Geo_F25-54_320 x 50_Click and View_NV_NA,204442090,10/4/2017,4,1,3,3,0,0,0,0,0,3,3,3
TJN_TJX_TJMaxx 2H DIG_FY18,xAd Inc.,PJMTN2_TJN_TJX_028_Mobile_GROUND TRUTH FKA XAD_DST_SV1_MAP_DIR_DSP_TRG_RON_RTG_RTG_DVY_PHASE 1_LOCATION AUDIENCE COMPETITIVE CONQUESTING PLACEMENT - STANDARD BANNER - Fall Handbag_Run of Network_Retarget_F25-54_300 x 250_Click and View_NV_NA,204447824,10/15/2017,7796,202,7594,7525,69,0,69,63,6,7525,6871,6934
TJN_TJX_TJMaxx 2H DIG_FY18,PlaceIQ,PK19YY_TJN_TJX_028_Mobile_PLACEIQ INC_DST_SV1_MAP_DIR_RCH_TRG_RON_BTG_PTG_DVY_PHASE 1_RICH MEDIA_STRATEGIC SAVERS_FREQUENT WOMEN'S APPAREL SHOPPER+DISCRETIONARY SPEND SHOPPERS_Run of Network_Behavioral_F25-54_320 x 50_Click and View_NV_NA,205568681,10/5/2017,30789,645,30144,19771,10373,764,9609,9395,214,20535,20078,29473
TJN_MAR_023_Marshalls 2H Digital_F18,NinthDecimal,PJPSRZ_TJN_MAR_023_Mobile_NINTHDECIMAL_DST_SV1_MAP_DIR_RCH_TRG_RON_BTG_DMA_DVY_CONSUMER JOURNEY: BARGAIN HUNTERS_Run of Network_Behavioral_F25-54_320 x 50_Click and View_NV_NA,204542873,10/20/2017,122459,1681,120778,34355,86423,549,85874,82612,3262,34904,33578,116190
TJN_TJX_TJMaxx 2H DIG_FY18,Conversant Inc.,PJPWP9_TJN_TJX_028_Audience_CONVERSANT_DST_SV1_DSK_NET_DSP_TRG_RON_BTG_BTG_DVY_PHASE 1_ DESKTOP MEDIUM RECTANGLE - CONVERSANT SHOPPERS AV_Run of Site_Behavioral_P18+_300 x 250_Standard_NV_NA,204483957,9/23/2017,1104,65,1039,0,1039,249,790,517,273,249,163,680
TJN_TJX_TJMaxx 2H DIG_FY18,xAd Inc.,PJMTNF_TJN_TJX_028_Mobile_GROUND TRUTH FKA XAD_DST_SV1_MAP_DIR_DSP_TRG_RON_PXT_PXT_DVY_PHASE 1_PROXIMITY LOYALTY PLACEMENT - STANDARD BANNER - Fall Handbag_Run of Network_Geo_F25-54_300 x 250_Click and View_NV_NA,204446159,10/16/2017,8734,99,8635,8635,0,0,0,0,0,8635,7079,7079
TJN_TJX_TJMaxx 2H DIG_FY18,xAd Inc.,PKF44R_TJN_TJX_028_Mobile_GROUND TRUTH FKA XAD_DST_SV1_MAP_DIR_RCH_TRG_RON_BTG_BTG_DVY_PHASE 1_BEHAVIORAL AUDIENCE STRATEGIC SAVERS PLACEMENT - RICH MEDIA STORE LOCATOR - Find A Store V1_Run of Network_Behavioral_F25-54_320 x 50_Click and View_NV_NA,206772029,10/18/2017,7995,59,7936,2662,5274,180,5094,4139,955,2842,2309,6448
TJN_TJX_TJMaxx 2H DIG_FY18,Viant,"PK2V4W_TJN_TJX_028_Data_VIANT INC_DSI_SV1_DSK_DIR_RCH_TRG_INT_BTG_CTG_DVY_PHASE 1_VIANT IMP, W25-54 STRATEGIC SAVERS, CONTOBOX - Fall Homes_Fixed Placement_Behavioral_F25-54_728 x 90_Click and View_NV_NA",205687309,10/8/2017,5947,70,5877,2,5875,286,5589,1387,4202,288,71,1458
TJN_TJX_TJMaxx 2H DIG_FY18,NBC Universal Media,PK2KLP_TJN_TJX_028_Content_NBCUNI.COM_BAF_BS2_MAP_DIR_VID_SPN_ROS_BTG_CTG_MOA_THIS IS US SPONSORSHIP: MOBILE - VIGNETTE 4_Run of Site_Behavioral_F25-54_1920 x 1080_Click and View_NV_NA,205613680,10/19/2017,33175,289,32886,32886,0,0,0,0,0,32886,25796,25796
TJN_TJX_TJMaxx 2H DIG_FY18,Foursquare,"PJPRVH_TJN_TJX_028_Audience_FOURSQUARE LABS, INC_DST_SV1_MAP_PRO_DSP_TRG_RON_PXT_BTG_DVY_PHASE 1_PINPOINT COMPETITIVE CONQUESTING AV_Run of Network_Geo_F25-54_320 x 50_Standard_NV_NA",204478088,9/25/2017,3320,191,3129,2192,937,25,912,758,154,2217,1843,2601
TJN_MAR_023_Marshalls 2H Digital_F18,xAd Inc.,PJQ0Y9_TJN_MAR_023_Mobile_GROUND TRUTH FKA XAD_DST_SV1_MAP_DIR_RCH_TRG_RON_WEA_PXT_DVY_PROXIMITY LOYALTY - WEATHER LOCATOR UNIT_Run of Network_Weather_F25-54_300 x 250_Click and View_NV_NA,204541757,10/17/2017,84398,1593,82805,12613,70192,1009,69183,58748,10435,13622,11567,70315
TJN_TJX_TJMaxx 2H DIG_FY18,Foursquare,"PJYHWD_TJN_TJX_028_Audience_FOURSQUARE LABS, INC_DST_SV1_MAP_PRO_DSP_TRG_RON_PXT_BTG_DVY_PHASE 1_PINPOINT COMPETITIVE CONQUESTING_Run of Network_Geo_F25-54_300 x 250_Standard_NV_NA",205235284,9/29/2017,11741,830,10911,5313,5598,392,5206,3210,1996,5705,3518,6728
TJN_TJX_TJMaxx 2H DIG_FY18,Viant,"PJNSGV_TJN_TJX_028_Data_VIANT INC_DSI_SV1_DSK_DIR_DSP_TRG_RON_BTG_CTG_DVY_PHASE 1_VIANT DIRECT MATCH RETAIL, TJX PORFOLIO LOYALISTS, DISPLAY_Fixed Placement_Behavioral_F25-54_728 x 90_Standard_NV_NA",204478511,10/18/2017,26208,962,25246,0,25246,728,24518,20283,4235,728,602,20885
TJN_MAR_023_Marshalls 2H Digital_F18,xAd Inc.,PJQ0YN_TJN_MAR_023_Mobile_GROUND TRUTH FKA XAD_DST_SV1_MAP_DIR_DSP_TRG_RON_PXT_BTG_DVY_GEOBLOCKS LOYALTY - DYNAMIC DISTANCE_Run of Network_Geo_F25-54_320 x 50_Click and View_NV_NA,204558328,9/17/2017,16985,350,16635,9636,6999,2064,4935,4634,301,11700,9844,14478
TJN_MAR_023_Marshalls 2H Digital_F18,xAd Inc.,PJQ0YL_TJN_MAR_023_Mobile_GROUND TRUTH FKA XAD_DST_SV1_MAP_DIR_DSP_TRG_RON_BTG_PXT_DVY_COMPETITOR SHOPPERS - DYNAMIC DISTANCE_Run of Network_Geo_F25-54_320 x 50_Click and View_NV_NA,204595638,10/15/2017,5894,97,5797,4200,1597,231,1366,1258,108,4431,4031,5289
TJN_TJX_TJMaxx 2H DIG_FY18,Viant,"PJNSHB_TJN_TJX_028_Data_VIANT INC_DSI_SV1_MWB_DIR_DSP_TRG_RON_BTG_CTG_DVY_PHASE 1_VIANT DIRECT MATCH RETAIL, COMPETITIVE CONQUESTING, DISPLAY_Fixed Placement_Behavioral_F25-54_300 x 50_Standard_NV_NA",204478658,10/10/2017,8,0,8,0,8,3,5,5,0,3,3,8
TJN_TJX_TJMaxx 2H DIG_FY18,xAd Inc.,PJMTN9_TJN_TJX_028_Mobile_GROUND TRUTH FKA XAD_DST_SV1_MAP_DIR_DSP_TRG_RON_BTG_BTG_DVY_PHASE 1_BEHAVIORAL AUDIENCE STRATEGIC SAVERS PLACEMENT - STANDARD BANNER - Fall Handbag_Run of Network_Behavioral_F25-54_300 x 250_Click and View_NV_NA,204447293,10/17/2017,8155,113,8042,8042,0,0,0,0,0,8042,6416,6416
TJN_TJX_TJMaxx 2H DIG_FY18,xAd Inc.,PJYDBM_TJN_TJX_028_Mobile_GROUND TRUTH FKA XAD_DST_SV1_MAP_DIR_RCH_TRG_RON_PXT_PXT_DVY_PHASE 1_PROXIMITY LOYALTY PLACEMENT - RICH MEDIA STORE LOCATOR - Fall Hero_Run of Network_Geo_F25-54_300 x 250_Click and View_NV_NA,205209355,10/7/2017,3720,29,3691,208,3483,31,3452,3334,118,239,231,3565
TJN_TJX_TJMaxx 2H DIG_FY18,xAd Inc.,PKF8WH_TJN_TJX_028_Mobile_GROUND TRUTH FKA XAD_DST_SV1_MAP_DIR_RCH_TRG_RON_PXT_PXT_DVY_PHASE 1_PROXIMITY LOYALTY PLACEMENT - RICH MEDIA STORE LOCATOR - Find A Store V2_Run of Network_Geo_F25-54_320 x 50_Click and View_NV_NA,206834115,10/21/2017,8915,107,8808,2671,6137,45,6092,5812,280,2716,2591,8403
TJN_TJX_TJMaxx 2H DIG_FY18,Viant,"PK2X7K_TJN_TJX_028_Data_VIANT INC_DSI_SV1_DSK_DIR_RCH_TRG_INT_BTG_CTG_DVY_PHASE 1_VIANT IMP, W25-54 STRATEGIC SAVERS, CONTOBOX - Honeycomb_Fixed Placement_Behavioral_F25-54_160 x 600_Click and View_NV_NA",205726917,9/26/2017,106,6,100,1,99,3,96,24,72,4,1,25
TJN_MAR_023_Marshalls 2H Digital_F18,xAd Inc.,PJQ0YM_TJN_MAR_023_Mobile_GROUND TRUTH FKA XAD_DST_SV1_MAP_DIR_DSP_TRG_RON_BTG_PXT_DVY_COMPETITOR SHOPPERS - DYNAMIC DISTANCE_Run of Network_Geo_F25-54_300 x 250_Click and View_NV_NA,204555259,10/19/2017,5153,405,4748,4748,0,0,0,0,0,4748,4178,4178
TJN_TJX_TJMaxx 2H DIG_FY18,Conversant Inc.,PJPWPG_TJN_TJX_028_Audience_CONVERSANT_DST_SV1_TAP_NET_DSP_TRG_RON_BTG_BTG_DVY_PHASE 1_ TABLET MEDIUM RECTANGLE  - CONVERSANT SHOPPERS AV_Run of Site_Behavioral_P18+_300 x 250_Standard_NV_NA,204446129,10/8/2017,659,10,649,0,649,79,570,305,265,79,42,347
TJN_TJX_TJMaxx 2H DIG_FY18,xAd Inc.,PJYDBR_TJN_TJX_028_Mobile_GROUND TRUTH FKA XAD_DST_SV1_MAP_DIR_RCH_TRG_RON_BTG_BTG_DVY_PHASE 1_BEHAVIORAL AUDIENCE TRENDSETTERS PLACEMENT - RICH MEDIA STORE LOCATOR - Maxx You Maxx Life_Run of Network_Behavioral_F25-54_320 x 50_Click and View_NV_NA,205145234,10/6/2017,11301,166,11135,4558,6577,102,6475,6311,164,4660,4542,10853
TJN_TJX_TJMaxx 2H DIG_FY18,Viant,"PK2V4S_TJN_TJX_028_Data_VIANT INC_DSI_SV1_TWB_DIR_RCH_TRG_INT_BTG_CTG_DVY_PHASE 1_VIANT IMP, W25-54 STRATEGIC SAVERS, CONTOBOX - Fall Homes_Fixed Placement_Behavioral_F25-54_300 x 250_Click and View_NV_NA",205687927,9/28/2017,16,5,11,4,7,2,5,5,0,6,6,11
TJN_TJX_TJMaxx 2H DIG_FY18,Conversant Inc.,PJNPLX_TJN_TJX_028_Audience_CONVERSANT_DST_SV1_DSK_NET_DSP_TRG_RON_BTG_BTG_DVY_PHASE 1_ DESKTOP RECTANGLE - CJ CONVERTERS LAL MODELING_Run of Site_Behavioral_P18+_300 x 600_Standard_NV_NA,204442894,10/15/2017,12277,530,11747,11,11736,1427,10309,2814,7495,1438,393,3207
TJN_TJX_TJMaxx 2H DIG_FY18,NBC Universal Media,PK2KL1_TJN_TJX_028_Content_NBCUNI.COM_BAF_BS2_OTT_DIR_VID_SPN_ROS_BTG_CTG_MOA_THIS IS US SPONSORSHIP: OTT - VIGNETTE 3_Run of Site_Behavioral_F25-54_1920 x 1080_Click and View_NV_NA,205614505,10/10/2017,57476,68,57408,57408,0,0,0,0,0,57408,37125,37125
TJN_TJX_TJMaxx 2H DIG_FY18,Viant,"PK2X7B_TJN_TJX_028_Data_VIANT INC_DSI_SV1_TWB_DIR_RCH_TRG_INT_BTG_CTG_DVY_PHASE 1_VIANT IMP, W25-54 STRATEGIC SAVERS, CONTOBOX - Honeycomb_Fixed Placement_Behavioral_F25-54_300 x 250_Click and View_NV_NA",205687939,10/15/2017,32,1,31,0,31,3,28,15,13,3,2,17
TJN_MAR_023_Marshalls 2H Digital_F18,xAd Inc.,PJQ0YM_TJN_MAR_023_Mobile_GROUND TRUTH FKA XAD_DST_SV1_MAP_DIR_DSP_TRG_RON_BTG_PXT_DVY_COMPETITOR SHOPPERS - DYNAMIC DISTANCE_Run of Network_Geo_F25-54_300 x 250_Click and View_NV_NA,204555259,9/11/2017,3217,61,3156,3156,0,0,0,0,0,3156,3156,3156
TJN_TJX_TJMaxx 2H DIG_FY18,Foursquare,"PK0H7Z_TJN_TJX_028_Audience_FOURSQUARE LABS, INC_DST_SV1_MAP_PRO_RCH_TRG_RON_PXT_BTG_DVY_PHASE 1_MOBILE RICH MEDIA STRATEGIC SAVERS - Fall Honeycomb_Run of Network_Geo_F25-54_300 x 250_Standard_NV_NA",205341980,9/22/2017,4590,546,4044,2023,2021,110,1911,695,1216,2133,776,1471
TJN_TJX_TJMaxx 2H DIG_FY18,Viant,"PJNSHC_TJN_TJX_028_Data_VIANT INC_DSI_SV1_DSK_DIR_DSP_TRG_RON_BTG_CTG_DVY_PHASE 1_VIANT DIRECT MATCH RETAIL, COMPETITIVE CONQUESTING, DISPLAY_Fixed Placement_Behavioral_F25-54_300 x 250_Standard_NV_NA",204478655,9/28/2017,3,0,3,0,3,0,3,3,0,0,0,3
TJN_TJX_TJMaxx 2H DIG_FY18,Hulu,PK3CRZ_TJN_TJX_027_Content_HULU_BAF_BS2_DSK_DIR_VID_SPN_CHS_CTG_CTG_DVY_FALL TV SPONSORSHIP: VIDEO COMMERCIAL - DESKTOP_FEP_Contextual_F25-54_1920 x 1080_Standard_NV_NA,205727706,9/30/2017,21254,322,20932,20932,0,0,0,0,0,20932,17065,17065
TJN_TJX_TJMaxx 2H DIG_FY18,PlaceIQ,PK19Z0_TJN_TJX_028_Mobile_PLACEIQ INC_DST_SV1_MAP_DIR_RCH_TRG_RON_BTG_PTG_DVY_PHASE 1_RICH MEDIA_STRATEGIC SAVERS_APPAREL OR FURNISHINGS DISCRETIONARY SPEND+IMPULSE BUYER SHOPPERS_Run of Network_Behavioral_F25-54_320 x 50_Click and View_NV_NA,205563158,10/14/2017,31802,873,30929,12067,18862,617,18245,17932,313,12684,12466,30398
TJN_TJX_TJMaxx 2H DIG_FY18,Foursquare,"PJPQKZ_TJN_TJX_028_Audience_FOURSQUARE LABS, INC_DST_SV1_MAP_PRO_DSP_TRG_RON_PXT_BTG_DVY_PHASE 1_PINPOINT TRENDSETTERS_Run of Network_Geo_F25-54_300 x 250_Standard_NV_NA",204481813,9/15/2017,23691,2923,20768,7334,13434,3432,10002,3701,6301,10766,3984,7685
TJN_TJX_TJMaxx 2H DIG_FY18,Conversant Inc.,PJPWP8_TJN_TJX_028_Audience_CONVERSANT_DST_SV1_DSK_NET_DSP_TRG_RON_BTG_BTG_DVY_PHASE 1_ DESKTOP LEADERBOARD - CONVERSANT SHOPPERS AV_Run of Site_Behavioral_P18+_728 x 90_Standard_NV_NA,204446132,9/17/2017,677,65,612,0,612,140,472,296,176,140,88,384
TJN_MAR_023_Marshalls 2H Digital_F18,NinthDecimal,PJPSRS_TJN_MAR_023_Mobile_NINTHDECIMAL_DST_SV1_MAP_DIR_RCH_TRG_RON_PXT_DMA_DVY_GEOFENCE: 5-10-MILE RADIUS AROUND SUBURBAN STORES_Run of Network_Geo_F25-54_320 x 50_Click and View_NV_NA,204541748,9/21/2017,150998,4143,146855,49156,97699,742,96957,93621,3336,49898,48181,141802
TJN_TJX_TJMaxx 2H DIG_FY18,xAd Inc.,PKF42P_TJN_TJX_028_Mobile_GROUND TRUTH FKA XAD_DST_SV1_MAP_DIR_RCH_TRG_RON_BTG_BTG_DVY_PHASE 1_BEHAVIORAL AUDIENCE STRATEGIC SAVERS PLACEMENT - RICH MEDIA STORE LOCATOR - Dresses_Run of Network_Behavioral_F25-54_300 x 250_Click and View_NV_NA,206812651,10/20/2017,2590,65,2525,1051,1474,48,1426,653,773,1099,503,1156
TJN_TJX_TJMaxx 2H DIG_FY18,xAd Inc.,PJPXJT_TJN_TJX_028_Mobile_GROUND TRUTH FKA XAD_DST_SV1_MAP_DIR_DSP_TRG_RON_RTG_RTG_DVY_PHASE 1_LOCATION AUDIENCE COMPETITIVE CONQUESTING PLACEMENT - STANDARD BANNER - TJMaxx_Run of Network_Retarget_F25-54_320 x 50_Click and View_NV_NA,204443440,10/12/2017,9744,137,9607,2395,7212,87,7125,5330,1795,2482,1857,7187
TJN_TJX_TJMaxx 2H DIG_FY18,Viant,"PK2V4V_TJN_TJX_028_Data_VIANT INC_DSI_SV1_TWB_DIR_RCH_TRG_INT_BTG_CTG_DVY_PHASE 1_VIANT IMP, W25-54 STRATEGIC SAVERS, CONTOBOX - Fall Homes_Fixed Placement_Behavioral_F25-54_728 x 90_Click and View_NV_NA",205725966,10/14/2017,424,6,418,7,411,68,343,69,274,75,15,84
TJN_TJX_TJMaxx 2H DIG_FY18,Viant,"PJSPBT_TJN_TJC_031_Data_VIANT INC_PUR_ROI_MWB_DIR_DSP_TRG_RON_BTG_MKT_DVY_DETERMINSTIC LAL OF ECOM CONVERTERS, CROSS DEVICE DISPLAY_Fixed Placement_Behavioral_F25-54_300 x 250_Click_NV_NA",204732642,10/6/2017,365,6,359,0,359,40,319,138,181,40,17,155
TJN_TJX_TJMaxx 2H DIG_FY18,Viant,"PJNSGR_TJN_TJX_028_Data_VIANT INC_DSI_SV1_TWB_DIR_DSP_TRG_RON_BTG_CTG_DVY_PHASE 1_VIANT DIRECT MATCH RETAIL, TJX PORFOLIO LOYALISTS, DISPLAY_Fixed Placement_Behavioral_F25-54_160 x 600_Standard_NV_NA",204478520,9/7/2017,737,139,598,0,598,194,404,185,219,194,89,274
TJN_TJX_TJMaxx 2H DIG_FY18,xAd Inc.,PJMTN3_TJN_TJX_028_Mobile_GROUND TRUTH FKA XAD_DST_SV1_MAP_DIR_DSP_TRG_RON_RTG_RTG_DVY_PHASE 1_LOCATION AUDIENCE COMPETITIVE CONQUESTING PLACEMENT - STANDARD BANNER - Maxx You Maxx Life_Run of Network_Retarget_F25-54_320 x 50_Click and View_NV_NA,204442933,9/30/2017,35997,497,35500,26563,8937,2230,6707,5364,1343,28793,18297,23661
TJN_TJX_TJMaxx 2H DIG_FY18,Conversant Inc.,PJPWBY_TJN_TJX_028_Audience_CONVERSANT_DST_SV1_MAP_NET_DSP_TRG_RON_BTG_BTG_DVY_PHASE 1_ SMARTPHONE SMALL BANNER  - CJ INTERACTORS LAL MODELING_Run of Site_Behavioral_P18+_320 x 50_Standard_NV_NA,204442030,10/10/2017,22404,258,22146,71,22075,3015,19060,10297,8763,3086,1667,11964
TJN_TJX_TJMaxx 2H DIG_FY18,PlaceIQ,PKFRBK_TJN_TJX_028_Mobile_PLACEIQ INC_DST_SV1_MAP_DIR_DSP_TRG_RON_BTG_PXT_DVY_PHASE 1_STANDARD BANNER_TJX PROXIMITY LOYALISTS_WORK BY TJMAXX - Dresses_Run of Network_Behavioral_F25-54_300 x 250_Click and View_NV_NA,206771915,10/20/2017,430,38,392,192,200,4,196,187,9,196,187,374
TJN_TJX_TJMaxx 2H DIG_FY18,xAd Inc.,PJPXJY_TJN_TJX_028_Mobile_GROUND TRUTH FKA XAD_DST_SV1_MAP_DIR_DSP_TRG_RON_BTG_BTG_DVY_PHASE 1_BEHAVIORAL AUDIENCE STRATEGIC SAVERS PLACEMENT - STANDARD BANNER - Fall Hero_Run of Network_Behavioral_F25-54_300 x 250_Click and View_NV_NA,204484017,9/7/2017,2374,65,2309,1686,623,3,620,595,25,1689,1621,2216
TJN_MAR_023_Marshalls 2H Digital_F18,NinthDecimal,PJPSS0_TJN_MAR_023_Mobile_NINTHDECIMAL_DST_SV1_MAP_DIR_RCH_TRG_RON_BTG_DMA_DVY_3RD PARTY: SURPRISE CHOOSERS_Run of Network_Behavioral_F25-54_320 x 50_Click and View_NV_NA,204595875,9/8/2017,6453,95,6358,1282,5076,67,5009,4886,123,1349,1316,6202
TJN_MAR_023_Marshalls 2H Digital_F18,xAd Inc.,PJQ0YJ_TJN_MAR_023_Mobile_GROUND TRUTH FKA XAD_DST_SV1_MAP_DIR_DSP_TRG_RON_BTG_PXT_DVY_MARSHALLS SHOPPERS - DYNAMIC DISTANCE_Run of Network_Geo_F25-54_320 x 50_Click and View_NV_NA,204595911,9/10/2017,9628,170,9458,4879,4579,255,4324,3847,477,5134,4402,8249
TJN_TJX_TJMaxx 2H DIG_FY18,Viant,"PJNSGT_TJN_TJX_028_Data_VIANT INC_DSI_SV1_DSK_DIR_DSP_TRG_RON_BTG_CTG_DVY_PHASE 1_VIANT DIRECT MATCH RETAIL, TJX PORFOLIO LOYALISTS, DISPLAY_Fixed Placement_Behavioral_F25-54_160 x 600_Standard_NV_NA",204483025,9/24/2017,20835,541,20294,0,20294,3274,17020,9555,7465,3274,1838,11393
TJN_TJX_TJMaxx 2H DIG_FY18,xAd Inc.,PJPXJR_TJN_TJX_028_Mobile_GROUND TRUTH FKA XAD_DST_SV1_MAP_DIR_DSP_TRG_RON_RTG_RTG_DVY_PHASE 1_LOCATION AUDIENCE TJX SHOPPERS PLACEMENT - STANDARD BANNER - Fall Hero_Run of Network_Retarget_F25-54_300 x 250_Click and View_NV_NA,204442105,9/12/2017,13683,735,12948,12920,28,0,28,20,8,12920,9229,9249
TJN_TJX_TJMaxx 2H DIG_FY18,Conversant Inc.,PJPWBW_TJN_TJX_028_Audience_CONVERSANT_DST_SV1_DSK_NET_DSP_TRG_RON_BTG_BTG_DVY_PHASE 1_ DESKTOP RECTANGLE - CJ INTERACTORS LAL MODELING_Run of Site_Behavioral_P18+_300 x 600_Standard_NV_NA,204447740,10/8/2017,3351,143,3208,0,3208,452,2756,878,1878,452,144,1022
TJN_MAR_023_Marshalls 2H Digital_F18,NinthDecimal,PJPSS0_TJN_MAR_023_Mobile_NINTHDECIMAL_DST_SV1_MAP_DIR_RCH_TRG_RON_BTG_DMA_DVY_3RD PARTY: SURPRISE CHOOSERS_Run of Network_Behavioral_F25-54_320 x 50_Click and View_NV_NA,204595875,10/7/2017,19333,229,19104,5570,13534,63,13471,13017,454,5633,5443,18460
TJN_TJX_TJMaxx 2H DIG_FY18,NBC Universal Media,PK3H7J_TJN_TJX_028_Content_NBCUNI.COM_BAF_BS2_DSK_DIR_DSP_SPN_HPT_CTG_CTG_DCM_100% SOV NBC THIS IS US ROADBLOCK 9/26 - 728X90 MOBILE_HP Takeover_Contextual_F25-54_728 x 90_Standard_NV_NA,205727727,9/25/2017,3,1,2,0,2,0,2,2,0,0,0,2
TJN_TJX_TJMaxx 2H DIG_FY18,xAd Inc.,PKF465_TJN_TJX_028_Mobile_GROUND TRUTH FKA XAD_DST_SV1_MAP_DIR_DSP_TRG_RON_PXT_PXT_DVY_PHASE 1_PROXIMITY LOYALTY PLACEMENT - STANDARD BANNER - Dresses_Run of Network_Geo_F25-54_300 x 250_Click and View_NV_NA,206813101,10/17/2017,3127,50,3077,3077,0,0,0,0,0,3077,2055,2055
TJN_MAR_023_Marshalls 2H Digital_F18,Bustle,PKGB5V_TJN_MAR_023_Content_BUSTLE_Custom Content Roadblock Custom Shot Feature 3 - Panoramic_Roadblock_Contextual_F25-54_1 x 1_Click and View_NV_NA,206751418,10/20/2017,5566,111,5455,1,5454,4971,483,182,301,4972,1874,2056
TJN_TJX_TJMaxx 2H DIG_FY18,Foursquare,"PJPRQJ_TJN_TJX_028_Audience_FOURSQUARE LABS, INC_DST_SV1_MAP_PRO_DSP_TRG_RON_PXT_BTG_DVY_PHASE 1_PINPOINT STRATEGIC SAVERS AV_Run of Network_Geo_F25-54_320 x 50_Standard_NV_NA",204525369,9/18/2017,2019,208,1811,403,1408,79,1329,956,373,482,347,1303
TJN_TJX_TJMaxx 2H DIG_FY18,PlaceIQ,PK19YY_TJN_TJX_028_Mobile_PLACEIQ INC_DST_SV1_MAP_DIR_RCH_TRG_RON_BTG_PTG_DVY_PHASE 1_RICH MEDIA_STRATEGIC SAVERS_FREQUENT WOMEN'S APPAREL SHOPPER+DISCRETIONARY SPEND SHOPPERS_Run of Network_Behavioral_F25-54_320 x 50_Click and View_NV_NA,205568681,10/17/2017,30497,571,29926,13035,16891,649,16242,15951,291,13684,13439,29390
TJN_TJX_TJMaxx 2H DIG_FY18,xAd Inc.,PKF8WD_TJN_TJX_028_Mobile_GROUND TRUTH FKA XAD_DST_SV1_MAP_DIR_RCH_TRG_RON_PXT_PXT_DVY_PHASE 1_PROXIMITY LOYALTY PLACEMENT - RICH MEDIA STORE LOCATOR - Find A Store V1_Run of Network_Geo_F25-54_320 x 50_Click and View_NV_NA,206772065,10/17/2017,9980,105,9875,2684,7191,30,7161,6735,426,2714,2553,9288
TJN_TJX_TJMaxx 2H DIG_FY18,Foursquare,"PJPRQH_TJN_TJX_028_Audience_FOURSQUARE LABS, INC_DST_SV1_MAP_PRO_DSP_TRG_RON_PXT_BTG_DVY_PHASE 1_PINPOINT STRATEGIC SAVERS AV_Run of Network_Geo_F25-54_300 x 250_Standard_NV_NA",204481807,9/11/2017,883,32,851,104,747,67,680,128,552,171,32,160
TJN_TJX_TJMaxx 2H DIG_FY18,Foursquare,"PK0H7Z_TJN_TJX_028_Audience_FOURSQUARE LABS, INC_DST_SV1_MAP_PRO_RCH_TRG_RON_PXT_BTG_DVY_PHASE 1_MOBILE RICH MEDIA STRATEGIC SAVERS - Fall Honeycomb_Run of Network_Geo_F25-54_300 x 250_Standard_NV_NA",205341980,9/24/2017,4048,455,3593,1089,2504,174,2330,769,1561,1263,417,1186
TJN_TJX_TJMaxx 2H DIG_FY18,Viant,"PJSPBT_TJN_TJC_031_Data_VIANT INC_PUR_ROI_MWB_DIR_DSP_TRG_RON_BTG_MKT_DVY_DETERMINSTIC LAL OF ECOM CONVERTERS, CROSS DEVICE DISPLAY_Fixed Placement_Behavioral_F25-54_300 x 250_Click_NV_NA",204732642,10/11/2017,455,7,448,4,444,72,372,190,182,76,39,229
TJN_MAR_023_Marshalls 2H Digital_F18,NinthDecimal,PJPSRW_TJN_MAR_023_Mobile_NINTHDECIMAL_DST_SV1_MAP_DIR_RCH_TRG_RON_BTG_PXT_DVY_LOCATION GRAPH: TJX FAMILY LOYALISTS_Run of Network_Behavioral_F25-54_320 x 50_Click and View_NV_NA,204541739,9/15/2017,12250,276,11974,4045,7929,44,7885,7579,306,4089,3930,11509
TJN_TJX_TJMaxx 2H DIG_FY18,xAd Inc.,PKF477_TJN_TJX_028_Mobile_GROUND TRUTH FKA XAD_DST_SV1_MAP_DIR_DSP_TRG_RON_PXT_PXT_DVY_PHASE 1_PROXIMITY LOYALTY PLACEMENT - STANDARD BANNER - Find A Store V2_Run of Network_Geo_F25-54_320 x 50_Click and View_NV_NA,206772098,10/13/2017,1045,100,945,45,900,10,890,543,347,55,34,577
TJN_MAR_023_Marshalls 2H Digital_F18,Bustle,PKLNMT_TJN_MAR_023_Content_BUSTLE_HPTO - 300x250 10/17_Run of Site_Contextual_F25-54_300 x 250_Click and View_NV_NA,207143576,10/18/2017,63,0,63,0,63,0,63,49,14,0,0,49
TJN_TJX_TJMaxx 2H DIG_FY18,Foursquare,"PJPSSV_TJN_TJX_028_Audience_FOURSQUARE LABS, INC_DST_SV1_MAP_PRO_RCH_TRG_RON_PXT_BTG_DVY_PHASE 1_MOBILE RICH MEDIA STRATEGIC SAVERS - Fall Handbag_Run of Network_Geo_F25-54_300 x 250_Standard_NV_NA",204525360,10/8/2017,919,65,854,208,646,42,604,146,458,250,60,206
TJN_TJX_TJMaxx 2H DIG_FY18,Viant,"PJNSHG_TJN_TJX_028_Data_VIANT INC_DSI_SV1_DSK_DIR_DSP_TRG_RON_BTG_CTG_DVY_PHASE 1_VIANT DIRECT MATCH RETAIL, COMPETITIVE CONQUESTING, DISPLAY_Fixed Placement_Behavioral_F25-54_728 x 90_Standard_NV_NA",204478490,9/29/2017,9689,388,9301,0,9301,995,8306,5302,3004,995,635,5937
TJN_TJX_TJMaxx 2H DIG_FY18,Viant,PJPXKS_TJN_TJX_028_Data_VIANT INC_DSI_SV1_DSK_DIR_DSP_TRG_RON_BTG_CTG_DVY_PHASE 1_DESKTOP DISPLAY VIANT IMP TARGETING - STRATEGIC SAVERS AV_Fixed Placement_Demo_F25-54_160 x 600_Standard_NV_NA,204477475,9/29/2017,46,32,14,0,14,4,10,5,5,4,2,7
TJN_MAR_023_Marshalls 2H Digital_F18,xAd Inc.,PJQ0Y9_TJN_MAR_023_Mobile_GROUND TRUTH FKA XAD_DST_SV1_MAP_DIR_RCH_TRG_RON_WEA_PXT_DVY_PROXIMITY LOYALTY - WEATHER LOCATOR UNIT_Run of Network_Weather_F25-54_300 x 250_Click and View_NV_NA,204541757,10/5/2017,2,0,2,1,1,1,0,0,0,2,1,1
TJN_TJX_TJMaxx 2H DIG_FY18,Conversant Inc.,PJPTML_TJN_TJC_031_Audience_CONVERSANT_PUR_ROI_DSK_NET_DSP_TRG_RON_BTG_BTG_DVY_DESKTOP WIDE SKYSCRAPER- COMPETITIVE CONQUESTING_Run of Site_Other_P18+_160 x 600_Standard_NV_NA,204447224,10/12/2017,19482,1096,18386,3,18383,1341,17042,10808,6234,1344,852,11660
TJN_TJX_TJMaxx 2H DIG_FY18,Viant,"PJNSGT_TJN_TJX_028_Data_VIANT INC_DSI_SV1_DSK_DIR_DSP_TRG_RON_BTG_CTG_DVY_PHASE 1_VIANT DIRECT MATCH RETAIL, TJX PORFOLIO LOYALISTS, DISPLAY_Fixed Placement_Behavioral_F25-54_160 x 600_Standard_NV_NA",204483025,9/22/2017,9533,375,9158,0,9158,1405,7753,4330,3423,1405,785,5115
TJN_TJX_TJMaxx 2H DIG_FY18,Foursquare,"PJPSSY_TJN_TJX_028_Audience_FOURSQUARE LABS, INC_DST_SV1_MAP_PRO_RCH_TRG_RON_PXT_BTG_DVY_PHASE 1_MOBILE RICH MEDIA TRENDSETTERS - Find A TJ Maxx Store_Run of Network_Geo_F25-54_320 x 50_Standard_NV_NA",204527598,9/27/2017,49622,1228,48394,37523,10871,843,10028,6878,3150,38366,26314,33192
TJN_TJX_TJMaxx 2H DIG_FY18,Viant,"PK2X7K_TJN_TJX_028_Data_VIANT INC_DSI_SV1_DSK_DIR_RCH_TRG_INT_BTG_CTG_DVY_PHASE 1_VIANT IMP, W25-54 STRATEGIC SAVERS, CONTOBOX - Honeycomb_Fixed Placement_Behavioral_F25-54_160 x 600_Click and View_NV_NA",205726917,10/9/2017,31,4,27,0,27,3,24,13,11,3,2,15
TJN_TJX_TJMaxx 2H DIG_FY18,Viant,"PJSPBR_TJN_TJC_031_Data_VIANT INC_PUR_ROI_DSK_DIR_DSP_TRG_RON_BTG_MKT_DVY_DETERMINSTIC LAL OF ECOM CONVERTERS, CROSS DEVICE DISPLAY_Fixed Placement_Behavioral_F25-54_300 x 250_Click_NV_NA",204715645,10/10/2017,64578,6310,58268,5,58263,2179,56084,43437,12647,2184,1692,45129
TJN_TJX_TJMaxx 2H DIG_FY18,Foursquare,"PJPRVG_TJN_TJX_028_Audience_FOURSQUARE LABS, INC_DST_SV1_MAP_PRO_DSP_TRG_RON_PXT_BTG_DVY_PHASE 1_PINPOINT COMPETITIVE CONQUESTING AV_Run of Network_Geo_F25-54_300 x 250_Standard_NV_NA",204527412,10/16/2017,99,2,97,21,76,6,70,47,23,27,18,65
TJN_TJX_TJMaxx 2H DIG_FY18,Foursquare,"PK0H82_TJN_TJX_028_Audience_FOURSQUARE LABS, INC_DST_SV1_MAP_PRO_RCH_TRG_RON_PXT_BTG_DVY_PHASE 1_MOBILE RICH MEDIA TRENDSETTERS - Find A Store_Run of Network_Geo_F25-54_320 x 50_Standard_NV_NA",205394971,10/10/2017,21637,274,21363,14519,6844,430,6414,3980,2434,14949,9276,13256
TJN_TJX_TJMaxx 2H DIG_FY18,xAd Inc.,PJYDBR_TJN_TJX_028_Mobile_GROUND TRUTH FKA XAD_DST_SV1_MAP_DIR_RCH_TRG_RON_BTG_BTG_DVY_PHASE 1_BEHAVIORAL AUDIENCE TRENDSETTERS PLACEMENT - RICH MEDIA STORE LOCATOR - Maxx You Maxx Life_Run of Network_Behavioral_F25-54_320 x 50_Click and View_NV_NA,205145234,10/11/2017,7740,73,7667,2684,4983,147,4836,3706,1130,2831,2169,5875
TJN_TJX_TJMaxx 2H DIG_FY18,Viant,"PJSPCM_TJN_TJC_031_Data_VIANT INC_PUR_ROI_TWB_DIR_DSP_TRG_RON_BTG_MKT_DVY_W25-54 + ONLINE SHOPPERS, CROSS DEVICE DISPLAY_Fixed Placement_Behavioral_F25-54_300 x 250_Click_NV_NA",204733512,10/12/2017,36951,489,36462,7,36455,3334,33121,22946,10175,3341,2315,25261
TJN_TJX_TJMaxx 2H DIG_FY18,xAd Inc.,PJPXJQ_TJN_TJX_028_Mobile_GROUND TRUTH FKA XAD_DST_SV1_MAP_DIR_DSP_TRG_RON_RTG_RTG_DVY_PHASE 1_LOCATION AUDIENCE TJX SHOPPERS PLACEMENT - STANDARD BANNER - TJMaxx_Run of Network_Retarget_F25-54_320 x 50_Click and View_NV_NA,204447839,10/9/2017,9905,68,9837,4324,5513,74,5439,4172,1267,4398,3373,7545
TJN_TJX_TJMaxx 2H DIG_FY18,Foursquare,"PJPSSX_TJN_TJX_028_Audience_FOURSQUARE LABS, INC_DST_SV1_MAP_PRO_RCH_TRG_RON_PXT_BTG_DVY_PHASE 1_MOBILE RICH MEDIA TRENDSETTERS - Fall Handbag_Run of Network_Geo_F25-54_300 x 250_Standard_NV_NA",204525354,9/24/2017,2706,173,2533,809,1724,105,1619,584,1035,914,330,914
TJN_TJX_TJMaxx 2H DIG_FY18,Viant,"PJNSGN_TJN_TJX_028_Data_VIANT INC_DSI_SV1_TWB_DIR_DSP_TRG_RON_BTG_CTG_DVY_PHASE 1_VIANT DIRECT MATCH RETAIL, TJX PORFOLIO LOYALISTS, DISPLAY_Fixed Placement_Behavioral_F25-54_300 x 250_Standard_NV_NA",204526347,9/16/2017,164,67,97,0,97,6,91,35,56,6,2,37
TJN_TJX_TJMaxx 2H DIG_FY18,Conversant Inc.,PJNPLX_TJN_TJX_028_Audience_CONVERSANT_DST_SV1_DSK_NET_DSP_TRG_RON_BTG_BTG_DVY_PHASE 1_ DESKTOP RECTANGLE - CJ CONVERTERS LAL MODELING_Run of Site_Behavioral_P18+_300 x 600_Standard_NV_NA,204442894,10/4/2017,1019,75,944,0,944,138,806,180,626,138,31,211
TJN_TJX_TJMaxx 2H DIG_FY18,xAd Inc.,PJYDBV_TJN_TJX_028_Mobile_GROUND TRUTH FKA XAD_DST_SV1_MAP_DIR_RCH_TRG_RON_BTG_BTG_DVY_PHASE 1_BEHAVIORAL AUDIENCE STRATEGIC SAVERS PLACEMENT - RICH MEDIA STORE LOCATOR - Maxx You Maxx Life_Run of Network_Behavioral_F25-54_320 x 50_Click and View_NV_NA,205148243,10/16/2017,3460,47,3413,1586,1827,69,1758,1476,282,1655,1390,2866
TJN_TJX_TJMaxx 2H DIG_FY18,Conversant Inc.,PJPTMQ_TJN_TJC_031_Audience_CONVERSANT_PUR_ROI_DSK_NET_DSP_TRG_RON_BTG_BTG_DVY_DESKTOP MEDIUM RECTANGLE- COMPETITIVE CONQUESTING_Run of Site_Other_P18+_300 x 250_Standard_NV_NA,204447218,10/6/2017,15373,807,14566,0,14566,2060,12506,5674,6832,2060,935,6609
TJN_TJX_TJMaxx 2H DIG_FY18,Hulu,PK3F7J_TJN_TJX_027_Content_HULU_BAF_BS2_TAP_DIR_CUS_SPN_CHS_CTG_CTG_DVY_HULU ROS: PREMIUM SLATE - TABLET IN APP_FEP_Contextual_F25-54_1920 x 1080_Standard_NV_NA,205725864,9/26/2017,9245,69,9176,9176,0,0,0,0,0,9176,6599,6599
TJN_TJX_TJMaxx 2H DIG_FY18,Viant,"PJNSGP_TJN_TJX_028_Data_VIANT INC_DSI_SV1_MWB_DIR_DSP_TRG_RON_BTG_CTG_DVY_PHASE 1_VIANT DIRECT MATCH RETAIL, TJX PORFOLIO LOYALISTS, DISPLAY_Fixed Placement_Behavioral_F25-54_300 x 50_Standard_NV_NA",204525579,10/20/2017,66,2,64,0,64,4,60,36,24,4,2,38
TJN_TJX_TJMaxx 2H DIG_FY18,Viant,"PK2X7B_TJN_TJX_028_Data_VIANT INC_DSI_SV1_TWB_DIR_RCH_TRG_INT_BTG_CTG_DVY_PHASE 1_VIANT IMP, W25-54 STRATEGIC SAVERS, CONTOBOX - Honeycomb_Fixed Placement_Behavioral_F25-54_300 x 250_Click and View_NV_NA",205687939,10/4/2017,9478,203,9275,22,9253,1146,8107,4463,3644,1168,643,5106
TJN_TJX_TJMaxx 2H DIG_FY18,xAd Inc.,PJYDBQ_TJN_TJX_028_Mobile_GROUND TRUTH FKA XAD_DST_SV1_MAP_DIR_RCH_TRG_RON_BTG_BTG_DVY_PHASE 1_BEHAVIORAL AUDIENCE TRENDSETTERS PLACEMENT - RICH MEDIA STORE LOCATOR - Fall Hero_Run of Network_Behavioral_F25-54_300 x 250_Click and View_NV_NA,205145231,10/19/2017,1168,18,1150,7,1143,1,1142,1073,69,8,8,1081
TJN_TJX_TJMaxx 2H DIG_FY18,Foursquare,"PJMQ2D_TJN_TJX_028_Audience_FOURSQUARE LABS, INC_DST_SV1_MAP_PRO_DSP_TRG_RON_PXT_BTG_DVY_PHASE 1_PINPOINT STRATEGIC SAVERS_Run of Network_Geo_F25-54_300 x 250_Standard_NV_NA",204483457,9/8/2017,23052,1217,21835,2030,19805,1169,18636,4440,14196,3199,762,5202
TJN_TJX_TJMaxx 2H DIG_FY18,Conversant Inc.,PJPTLH_TJN_TJC_031_Audience_CONVERSANT_PUR_ROI_TAP_NET_DSP_TRG_RON_BTG_BTG_DVY_TABLET LEADERBOARD- TRENDSETTERS_Run of Site_Other_P18+_728 x 90_Standard_NV_NA,204447779,10/19/2017,279,7,272,0,272,67,205,79,126,67,26,105
TJN_TJX_TJMaxx 2H DIG_FY18,Foursquare,"PK0H83_TJN_TJX_028_Audience_FOURSQUARE LABS, INC_DST_SV1_MAP_PRO_RCH_TRG_RON_PXT_BTG_DVY_PHASE 1_MOBILE RICH MEDIA COMPETITIVE CONQUESTING - Fall Honeycomb_Run of Network_Geo_F25-54_300 x 250_Standard_NV_NA",205344161,10/2/2017,1195,83,1112,365,747,19,728,446,282,384,235,681
TJN_TJX_TJMaxx 2H DIG_FY18,Foursquare,"PJPQL0_TJN_TJX_028_Audience_FOURSQUARE LABS, INC_DST_SV1_MAP_PRO_DSP_TRG_RON_PXT_BTG_DVY_PHASE 1_PINPOINT TRENDSETTERS_Run of Network_Geo_F25-54_320 x 50_Standard_NV_NA",204478094,9/16/2017,198431,10090,188341,117951,70390,4273,66117,52300,13817,122224,96682,148982
TJN_TJX_TJMaxx 2H DIG_FY18,xAd Inc.,PJMTNR_TJN_TJX_028_Mobile_GROUND TRUTH FKA XAD_DST_SV1_MAP_DIR_RCH_TRG_RON_BTG_BTG_DVY_PHASE 1_BEHAVIORAL AUDIENCE STRATEGIC SAVERS PLACEMENT - RICH MEDIA STORE LOCATOR - Fall Handbag_Run of Network_Behavioral_F25-54_300 x 250_Click and View_NV_NA,204442108,10/12/2017,5144,41,5103,1211,3892,131,3761,1767,1994,1342,631,2398
TJN_MAR_023_Marshalls 2H Digital_F18,NinthDecimal,PJPSRR_TJN_MAR_023_Mobile_NINTHDECIMAL_DST_SV1_MAP_DIR_RCH_TRG_RON_PXT_DMA_DVY_GEOFENCE: 2-MILE RADIUS AROUND URBAN STORES_Run of Network_Geo_F25-54_320 x 50_Click and View_NV_NA,204541523,9/18/2017,17865,678,17187,8391,8796,54,8742,8433,309,8445,8146,16579
TJN_TJX_TJMaxx 2H DIG_FY18,Foursquare,"PJPRVH_TJN_TJX_028_Audience_FOURSQUARE LABS, INC_DST_SV1_MAP_PRO_DSP_TRG_RON_PXT_BTG_DVY_PHASE 1_PINPOINT COMPETITIVE CONQUESTING AV_Run of Network_Geo_F25-54_320 x 50_Standard_NV_NA",204478088,9/7/2017,6382,411,5971,4840,1131,36,1095,860,235,4876,3830,4690
TJN_TJX_TJMaxx 2H DIG_FY18,Foursquare,"PJPRQH_TJN_TJX_028_Audience_FOURSQUARE LABS, INC_DST_SV1_MAP_PRO_DSP_TRG_RON_PXT_BTG_DVY_PHASE 1_PINPOINT STRATEGIC SAVERS AV_Run of Network_Geo_F25-54_300 x 250_Standard_NV_NA",204481807,9/20/2017,319,24,295,34,261,20,241,66,175,54,15,81
TJN_TJX_TJMaxx 2H DIG_FY18,Foursquare,"PJMQ2K_TJN_TJX_028_Audience_FOURSQUARE LABS, INC_DST_SV1_MAP_PRO_DSP_TRG_RON_PXT_BTG_DVY_PHASE 1_PINPOINT STRATEGIC SAVERS_Run of Network_Geo_F25-54_320 x 50_Standard_NV_NA",204483454,10/19/2017,111505,2556,108949,78608,30341,844,29497,27386,2111,79452,73766,101152
TJN_TJX_TJMaxx 2H DIG_FY18,Foursquare,"PKFMJQ_TJN_TJX_028_Audience_FOURSQUARE LABS, INC_DST_SV1_MAP_PRO_RCH_TRG_RON_PXT_BTG_DVY_PHASE 1_MOBILE RICH MEDIA COMPETITIVE CONQUESTING - Dresses_Run of Network_Geo_F25-54_300 x 250_Standard_NV_NA",206834001,10/21/2017,32,1,31,25,6,2,4,2,2,27,14,16
TJN_TJX_TJMaxx 2H DIG_FY18,Foursquare,"PK0H83_TJN_TJX_028_Audience_FOURSQUARE LABS, INC_DST_SV1_MAP_PRO_RCH_TRG_RON_PXT_BTG_DVY_PHASE 1_MOBILE RICH MEDIA COMPETITIVE CONQUESTING - Fall Honeycomb_Run of Network_Geo_F25-54_300 x 250_Standard_NV_NA",205344161,9/23/2017,2940,206,2734,1149,1585,94,1491,603,888,1243,503,1106
TJN_MAR_023_Marshalls 2H Digital_F18,Bustle,PK5G41_TJN_MAR_023_Content_BUSTLE_Custom Content Roadblock Standard Feature 1 - Panoramic_Roadblock_Contextual_F25-54_1 x 1_Click and View_NV_NA,206335290,10/11/2017,22599,425,22174,12,22162,3359,18803,16486,2317,3371,2956,19442
TJN_TJX_TJMaxx 2H DIG_FY18,Viant,"PJNSGV_TJN_TJX_028_Data_VIANT INC_DSI_SV1_DSK_DIR_DSP_TRG_RON_BTG_CTG_DVY_PHASE 1_VIANT DIRECT MATCH RETAIL, TJX PORFOLIO LOYALISTS, DISPLAY_Fixed Placement_Behavioral_F25-54_728 x 90_Standard_NV_NA",204478511,10/3/2017,28587,1030,27557,0,27557,2042,25515,21013,4502,2042,1682,22695
TJN_TJX_TJMaxx 2H DIG_FY18,NBC Universal Media,PK2LFH_TJN_TJX_028_Content_NBCUNI.COM_BAF_BS2_DSK_DIR_DSP_SPN_HPT_CTG_CTG_DCM_100% SOV NBC HOMEPAGE ROADBLOCK 10/3 - 300X250 DESKTOP_HP Takeover_Contextual_F25-54_300 x 250_Standard_NV_NA,205566908,10/9/2017,4,1,3,0,3,0,3,2,1,0,0,2
TJN_MAR_023_Marshalls 2H Digital_F18,Bustle,PKG3Z8_TJN_MAR_023_Content_BUSTLE_Custom Content Roadblock Custom Shot Feature 2 - Panoramic_Roadblock_Contextual_F25-54_1 x 1_Click and View_NV_NA,206711606,10/19/2017,10545,148,10397,2,10395,9518,877,773,104,9520,8391,9164
TJN_MAR_023_Marshalls 2H Digital_F18,NinthDecimal,PJPSRT_TJN_MAR_023_Mobile_NINTHDECIMAL_DST_SV1_MAP_DIR_RCH_TRG_RON_PXT_DMA_DVY_GEOFENCE: 15-20-MILE RADIUS AROUND RURAL STORES_Run of Network_Geo_F25-54_320 x 50_Click and View_NV_NA,204542885,10/5/2017,8741,212,8529,4484,4045,26,4019,3911,108,4510,4389,8300
TJN_TJX_TJMaxx 2H DIG_FY18,Foursquare,"PJPSSX_TJN_TJX_028_Audience_FOURSQUARE LABS, INC_DST_SV1_MAP_PRO_RCH_TRG_RON_PXT_BTG_DVY_PHASE 1_MOBILE RICH MEDIA TRENDSETTERS - Fall Handbag_Run of Network_Geo_F25-54_300 x 250_Standard_NV_NA",204525354,9/22/2017,2943,234,2709,1189,1520,78,1442,473,969,1267,416,889
TJN_TJX_TJMaxx 2H DIG_FY18,xAd Inc.,PJMTNF_TJN_TJX_028_Mobile_GROUND TRUTH FKA XAD_DST_SV1_MAP_DIR_DSP_TRG_RON_PXT_PXT_DVY_PHASE 1_PROXIMITY LOYALTY PLACEMENT - STANDARD BANNER - Fall Handbag_Run of Network_Geo_F25-54_300 x 250_Click and View_NV_NA,204446159,9/6/2017,21185,602,20583,16225,4358,21,4337,4262,75,16246,15678,19940
TJN_TJX_TJMaxx 2H DIG_FY18,Foursquare,"PJYHWF_TJN_TJX_028_Audience_FOURSQUARE LABS, INC_DST_SV1_MAP_PRO_DSP_TRG_RON_PXT_BTG_DVY_PHASE 1_PINPOINT COMPETITIVE CONQUESTING_Run of Network_Geo_F25-54_320 x 50_Standard_NV_NA",205183220,10/16/2017,62610,1240,61370,49780,11590,404,11186,9837,1349,50184,44132,53969
TJN_MAR_023_Marshalls 2H Digital_F18,xAd Inc.,PJQ0YS_TJN_MAR_023_Mobile_GROUND TRUTH FKA XAD_DST_SV1_MAP_DIR_DSP_TRG_RON_DMA_BTG_DVY_AV DMA TARGETING_Run of Network_Geo_F25-54_300 x 250_Click and View_NV_NA,204558337,9/9/2017,48800,992,47808,4535,43273,393,42880,35884,6996,4928,4124,40008
TJN_MAR_023_Marshalls 2H Digital_F18,xAd Inc.,PJQ0YS_TJN_MAR_023_Mobile_GROUND TRUTH FKA XAD_DST_SV1_MAP_DIR_DSP_TRG_RON_DMA_BTG_DVY_AV DMA TARGETING_Run of Network_Geo_F25-54_300 x 250_Click and View_NV_NA,204558337,10/21/2017,30569,327,30242,13871,16371,125,16246,11978,4268,13996,10319,22297
TJN_TJX_TJMaxx 2H DIG_FY18,Viant,"PK2V4Y_TJN_TJX_028_Data_VIANT INC_DSI_SV1_MWB_DIR_RCH_TRG_INT_BTG_CTG_DVY_PHASE 1_VIANT IMP, W25-54 STRATEGIC SAVERS, CONTOBOX - Fall Homes_Fixed Placement_Behavioral_F25-54_320 x 50_Click and View_NV_NA",205685980,9/27/2017,7411,114,7297,5,7292,1552,5740,2712,3028,1557,736,3448
TJN_TJX_TJMaxx 2H DIG_FY18,Foursquare,"PK0H83_TJN_TJX_028_Audience_FOURSQUARE LABS, INC_DST_SV1_MAP_PRO_RCH_TRG_RON_PXT_BTG_DVY_PHASE 1_MOBILE RICH MEDIA COMPETITIVE CONQUESTING - Fall Honeycomb_Run of Network_Geo_F25-54_300 x 250_Standard_NV_NA",205344161,10/1/2017,5770,527,5243,2127,3116,203,2913,1238,1675,2330,990,2228
TJN_TJX_TJMaxx 2H DIG_FY18,xAd Inc.,PJPXJR_TJN_TJX_028_Mobile_GROUND TRUTH FKA XAD_DST_SV1_MAP_DIR_DSP_TRG_RON_RTG_RTG_DVY_PHASE 1_LOCATION AUDIENCE TJX SHOPPERS PLACEMENT - STANDARD BANNER - Fall Hero_Run of Network_Retarget_F25-54_300 x 250_Click and View_NV_NA,204442105,9/27/2017,23445,566,22879,22648,231,4,227,217,10,22652,21654,21871
TJN_TJX_TJMaxx 2H DIG_FY18,Viant,"PK2V4T_TJN_TJX_028_Data_VIANT INC_DSI_SV1_TWB_DIR_RCH_TRG_INT_BTG_CTG_DVY_PHASE 1_VIANT IMP, W25-54 STRATEGIC SAVERS, CONTOBOX - Fall Homes_Fixed Placement_Behavioral_F25-54_160 x 600_Click and View_NV_NA",205687933,10/12/2017,7,3,4,0,4,0,4,1,3,0,0,1
TJN_TJX_TJMaxx 2H DIG_FY18,Viant,"PK2X7F_TJN_TJX_028_Data_VIANT INC_DSI_SV1_DSK_DIR_RCH_TRG_INT_BTG_CTG_DVY_PHASE 1_VIANT IMP, W25-54 STRATEGIC SAVERS, CONTOBOX - Honeycomb_Fixed Placement_Behavioral_F25-54_728 x 90_Click and View_NV_NA",205727841,10/14/2017,1154,46,1108,6,1102,92,1010,915,95,98,89,1004
TJN_TJX_TJMaxx 2H DIG_FY18,Foursquare,"PJMQ2D_TJN_TJX_028_Audience_FOURSQUARE LABS, INC_DST_SV1_MAP_PRO_DSP_TRG_RON_PXT_BTG_DVY_PHASE 1_PINPOINT STRATEGIC SAVERS_Run of Network_Geo_F25-54_300 x 250_Standard_NV_NA",204483457,10/7/2017,7709,696,7013,2202,4811,295,4516,2160,2356,2497,1194,3354
TJN_TJX_TJMaxx 2H DIG_FY18,Viant,"PKGK52_TJN_TJX_028_Data_VIANT INC_DSI_SV1_DSK_DIR_CUS_TRG_NAT_BTG_CTG_DVY_PHASE 1_VIANT LIFESTYLE, TRENDSETTERS NATIVE- Booties_Fixed Placement_Contextual_F25-54_0 x 0_Click and View_NV_NA",206833275,10/19/2017,51597,4028,47569,47569,0,0,0,0,0,47569,37313,37313
TJN_TJX_TJMaxx 2H DIG_FY18,Conversant Inc.,PJPWP8_TJN_TJX_028_Audience_CONVERSANT_DST_SV1_DSK_NET_DSP_TRG_RON_BTG_BTG_DVY_PHASE 1_ DESKTOP LEADERBOARD - CONVERSANT SHOPPERS AV_Run of Site_Behavioral_P18+_728 x 90_Standard_NV_NA,204446132,9/30/2017,946,53,893,0,893,210,683,382,301,210,117,499
TJN_TJX_TJMaxx 2H DIG_FY18,NBC Universal Media,PK2KJZ_TJN_TJX_028_Content_NBCUNI.COM_BAF_BS2_MAP_DIR_VID_SPN_ROS_BTG_CTG_MOA_THIS IS US SPONSORSHIP: MOBILE - VIGNETTE 3_Run of Site_Behavioral_F25-54_1920 x 1080_Click and View_NV_NA,205568891,10/10/2017,7220,24,7196,7196,0,0,0,0,0,7196,4654,4654
TJN_TJX_TJMaxx 2H DIG_FY18,Viant,"PJSPCD_TJN_TJC_031_Data_VIANT INC_PUR_ROI_DSK_DIR_DSP_TRG_RON_BTG_MKT_DVY_W25-54 + ONLINE SHOPPERS, CROSS DEVICE DISPLAY_Fixed Placement_Behavioral_F25-54_728 x 90_Click_NV_NA",204733044,10/20/2017,31108,289,30819,0,30819,2062,28757,19127,9630,2062,1371,20498
TJN_TJX_TJMaxx 2H DIG_FY18,Foursquare,"PJPRVC_TJN_TJX_028_Audience_FOURSQUARE LABS, INC_DST_SV1_MAP_PRO_DSP_TRG_RON_PXT_BTG_DVY_PHASE 1_PINPOINT TRENDSETTERS AV_Run of Network_Geo_F25-54_320 x 50_Standard_NV_NA",204527421,10/9/2017,3605,33,3572,1060,2512,108,2404,1970,434,1168,957,2927
TJN_TJX_TJMaxx 2H DIG_FY18,xAd Inc.,PKF44W_TJN_TJX_028_Mobile_GROUND TRUTH FKA XAD_DST_SV1_MAP_DIR_RCH_TRG_RON_BTG_BTG_DVY_PHASE 1_BEHAVIORAL AUDIENCE STRATEGIC SAVERS PLACEMENT - RICH MEDIA STORE LOCATOR - Find A Store V2_Run of Network_Behavioral_F25-54_320 x 50_Click and View_NV_NA,206833611,10/18/2017,7968,45,7923,2697,5226,167,5059,4087,972,2864,2314,6401
TJN_TJX_TJMaxx 2H DIG_FY18,Viant,PJPXKR_TJN_TJX_028_Data_VIANT INC_DSI_SV1_DSK_DIR_DSP_TRG_RON_BTG_CTG_DVY_PHASE 1_DESKTOP DISPLAY VIANT IMP TARGETING - STRATEGIC SAVERS AV_Fixed Placement_Demo_F25-54_300 x 250_Standard_NV_NA,204475841,10/21/2017,5364,2802,2562,9,2553,233,2320,504,1816,242,53,557
TJN_TJX_TJMaxx 2H DIG_FY18,xAd Inc.,PJMTN3_TJN_TJX_028_Mobile_GROUND TRUTH FKA XAD_DST_SV1_MAP_DIR_DSP_TRG_RON_RTG_RTG_DVY_PHASE 1_LOCATION AUDIENCE COMPETITIVE CONQUESTING PLACEMENT - STANDARD BANNER - Maxx You Maxx Life_Run of Network_Retarget_F25-54_320 x 50_Click and View_NV_NA,204442933,9/17/2017,34017,270,33747,5575,28172,6347,21825,20152,1673,11922,11008,31160
TJN_MAR_023_Marshalls 2H Digital_F18,xAd Inc.,PJQ0YM_TJN_MAR_023_Mobile_GROUND TRUTH FKA XAD_DST_SV1_MAP_DIR_DSP_TRG_RON_BTG_PXT_DVY_COMPETITOR SHOPPERS - DYNAMIC DISTANCE_Run of Network_Geo_F25-54_300 x 250_Click and View_NV_NA,204555259,9/20/2017,3432,105,3327,3327,0,0,0,0,0,3327,3179,3179
TJN_TJX_TJMaxx 2H DIG_FY18,Conversant Inc.,PJPTMQ_TJN_TJC_031_Audience_CONVERSANT_PUR_ROI_DSK_NET_DSP_TRG_RON_BTG_BTG_DVY_DESKTOP MEDIUM RECTANGLE- COMPETITIVE CONQUESTING_Run of Site_Other_P18+_300 x 250_Standard_NV_NA,204447218,10/11/2017,31785,1850,29935,2,29933,4327,25606,14373,11233,4329,2430,16803
TJN_TJX_TJMaxx 2H DIG_FY18,Hulu,PK3F7F_TJN_TJX_027_Content_HULU_BAF_BS2_DSK_DIR_CUS_SPN_CHS_CTG_CTG_DVY_HULU ROS: PREMIUM SLATE - DESKTOP_FEP_Contextual_F25-54_1920 x 1080_Standard_NV_NA,205683925,10/21/2017,5191,64,5127,5127,0,0,0,0,0,5127,3891,3891
TJN_TJX_TJMaxx 2H DIG_FY18,Hulu,PK3F7G_TJN_TJX_027_Content_HULU_BAF_BS2_MAP_DIR_CUS_SPN_CHS_CTG_CTG_DVY_HULU ROS: PREMIUM SLATE - MOBILE IN APP_FEP_Contextual_F25-54_1920 x 1080_Standard_NV_NA,205634552,10/13/2017,4775,26,4749,4749,0,0,0,0,0,4749,3255,3255
TJN_TJX_TJMaxx 2H DIG_FY18,Hulu,PK3F7J_TJN_TJX_027_Content_HULU_BAF_BS2_TAP_DIR_CUS_SPN_CHS_CTG_CTG_DVY_HULU ROS: PREMIUM SLATE - TABLET IN APP_FEP_Contextual_F25-54_1920 x 1080_Standard_NV_NA,205725864,10/9/2017,5,0,5,5,0,0,0,0,0,5,3,3
TJN_TJX_TJMaxx 2H DIG_FY18,Conversant Inc.,PJPWBV_TJN_TJX_028_Audience_CONVERSANT_DST_SV1_DSK_NET_DSP_TRG_RON_BTG_BTG_DVY_PHASE 1_ DESKTOP MEDIUM RECTANGLE - CJ INTERACTORS LAL MODELING_Run of Site_Behavioral_P18+_300 x 250_Standard_NV_NA,204447743,10/19/2017,11695,779,10916,1,10915,1398,9517,3968,5549,1399,583,4551
TJN_TJX_TJMaxx 2H DIG_FY18,Conversant Inc.,PJNPMG_TJN_TJC_031_Audience_CONVERSANT_PUR_ROI_DSK_NET_DSP_TRG_RON_BTG_BTG_DVY_DESKTOP WIDE SKYSCRAPER- STRATEGIC SAVERS_Run of Site_Other_P18+_160 x 600_Standard_NV_NA,204443410,10/21/2017,1069,20,1049,0,1049,199,850,213,637,199,50,263
TJN_TJX_TJMaxx 2H DIG_FY18,Viant,"PJSPCG_TJN_TJC_031_Data_VIANT INC_PUR_ROI_DSK_DIR_DSP_TRG_RON_BTG_MKT_DVY_W25-54 + ONLINE SHOPPERS, CROSS DEVICE DISPLAY_Fixed Placement_Behavioral_F25-54_300 x 50_Click_NV_NA",204716182,10/14/2017,74,2,72,0,72,3,69,47,22,3,2,49
TJN_TJX_TJMaxx 2H DIG_FY18,xAd Inc.,PJPXJQ_TJN_TJX_028_Mobile_GROUND TRUTH FKA XAD_DST_SV1_MAP_DIR_DSP_TRG_RON_RTG_RTG_DVY_PHASE 1_LOCATION AUDIENCE TJX SHOPPERS PLACEMENT - STANDARD BANNER - TJMaxx_Run of Network_Retarget_F25-54_320 x 50_Click and View_NV_NA,204447839,9/26/2017,37866,502,37364,14208,23156,9266,13890,12594,1296,23474,19346,31940
TJN_TJX_TJMaxx 2H DIG_FY18,Foursquare,"PJPQL0_TJN_TJX_028_Audience_FOURSQUARE LABS, INC_DST_SV1_MAP_PRO_DSP_TRG_RON_PXT_BTG_DVY_PHASE 1_PINPOINT TRENDSETTERS_Run of Network_Geo_F25-54_320 x 50_Standard_NV_NA",204478094,9/19/2017,188284,8880,179404,99289,80115,3156,76959,59296,17663,102445,78933,138229
TJN_TJX_TJMaxx 2H DIG_FY18,Viant,"PJSPCL_TJN_TJC_031_Data_VIANT INC_PUR_ROI_TWB_DIR_DSP_TRG_RON_BTG_MKT_DVY_W25-54 + ONLINE SHOPPERS, CROSS DEVICE DISPLAY_Fixed Placement_Behavioral_F25-54_728 x 90_Click_NV_NA",204715987,10/11/2017,1907,106,1801,0,1801,79,1722,1280,442,79,59,1339
TJN_TJX_TJMaxx 2H DIG_FY18,Conversant Inc.,PJPWPF_TJN_TJX_028_Audience_CONVERSANT_DST_SV1_TAP_NET_DSP_TRG_RON_BTG_BTG_DVY_PHASE 1_ TABLET LEADERBOARD - CONVERSANT SHOPPERS AV_Run of Site_Behavioral_P18+_728 x 90_Standard_NV_NA,204442915,9/30/2017,58,2,56,0,56,11,45,21,24,11,5,26
TJN_TJX_TJMaxx 2H DIG_FY18,Foursquare,"PJPSSZ_TJN_TJX_028_Audience_FOURSQUARE LABS, INC_DST_SV1_MAP_PRO_RCH_TRG_RON_PXT_BTG_DVY_PHASE 1_MOBILE RICH MEDIA COMPETITIVE CONQUESTING - Fall Handbag_Run of Network_Geo_F25-54_300 x 250_Standard_NV_NA",204478073,10/8/2017,586,27,559,227,332,19,313,115,198,246,90,205
TJN_MAR_023_Marshalls 2H Digital_F18,xAd Inc.,PJQ0YH_TJN_MAR_023_Mobile_GROUND TRUTH FKA XAD_DST_SV1_MAP_DIR_DSP_TRG_RON_BTG_DMA_DVY_BEHAVIORAL - FASHION SHOPPER - DYNAMIC DISTANCE_Run of Network_Behavioral_F25-54_300 x 250_Click and View_NV_NA,204543443,10/8/2017,67289,2137,65152,65019,133,4,129,101,28,65023,50819,50920
TJN_TJX_TJMaxx 2H DIG_FY18,Viant,"PJNSH7_TJN_TJX_028_Data_VIANT INC_DSI_SV1_MWB_DIR_DSP_TRG_RON_BTG_CTG_DVY_PHASE 1_VIANT DIRECT MATCH RETAIL, COMPETITIVE CONQUESTING, DISPLAY_Fixed Placement_Behavioral_F25-54_320 x 50_Standard_NV_NA",204477565,10/21/2017,21260,182,21078,0,21078,1086,19992,15202,4790,1086,826,16028
TJN_TJX_TJMaxx 2H DIG_FY18,Viant,"PJSPBY_TJN_TJC_031_Data_VIANT INC_PUR_ROI_TWB_DIR_DSP_TRG_RON_BTG_MKT_DVY_DETERMINSTIC LAL OF ECOM CONVERTERS, CROSS DEVICE DISPLAY_Fixed Placement_Behavioral_F25-54_300 x 250_Click_NV_NA",204715651,10/9/2017,1319,23,1296,3,1293,211,1082,603,479,214,119,722
TJN_TJX_TJMaxx 2H DIG_FY18,NBC Universal Media,PK2HF5_TJN_TJX_028_Content_NBCUNI.COM_BAF_BS2_MAP_DIR_VID_SPN_ROS_BTG_CTG_MOA_THIS IS US SPONSORSHIP: DESKTOP - VIGNETTE 1_Run of Site_Behavioral_F25-54_1920 x 1080_Click and View_NV_NA,205566893,10/4/2017,389,19,370,370,0,0,0,0,0,370,222,222
TJN_TJX_TJMaxx 2H DIG_FY18,Conversant Inc.,PJPWPD_TJN_TJX_028_Audience_CONVERSANT_DST_SV1_MAP_NET_DSP_TRG_RON_BTG_BTG_DVY_PHASE 1_ SMARTPHONE SMALL BANNER  - CONVERSANT SHOPPERS AV_Run of Site_Behavioral_P18+_320 x 50_Standard_NV_NA,204447251,9/22/2017,1304,18,1286,0,1286,269,1017,826,191,269,218,1044
TJN_TJX_TJMaxx 2H DIG_FY18,Conversant Inc.,PJNPMK_TJN_TJC_031_Audience_CONVERSANT_PUR_ROI_DSK_NET_DSP_TRG_RON_BTG_BTG_DVY_DESKTOP LEADERBOARD- STRATEGIC SAVERS_Run of Site_Other_P18+_728 x 90_Standard_NV_NA,204447263,10/2/2017,3,0,3,0,3,0,3,3,0,0,0,3
TJN_TJX_TJMaxx 2H DIG_FY18,Viant,"PK2V4X_TJN_TJX_028_Data_VIANT INC_DSI_SV1_DSK_DIR_RCH_TRG_INT_BTG_CTG_DVY_PHASE 1_VIANT IMP, W25-54 STRATEGIC SAVERS, CONTOBOX - Fall Homes_Fixed Placement_Behavioral_F25-54_300 x 250_Click and View_NV_NA",205688458,10/12/2017,19670,873,18797,10,18787,2001,16786,7196,9590,2011,862,8058
TJN_TJX_TJMaxx 2H DIG_FY18,PlaceIQ,PKF0MQ_TJN_TJX_028_Mobile_PLACEIQ INC_DST_SV1_MAP_DIR_DSP_TRG_RON_BTG_PXT_DVY_PHASE 1_STANDARD BANNER_TJX PROXIMITY LOYALISTS_LIVE BY TJMAXX - Booties_Run of Network_Behavioral_F25-54_300 x 250_Click and View_NV_NA,206833236,10/21/2017,825,58,767,341,426,2,424,422,2,343,341,763
TJN_MAR_023_Marshalls 2H Digital_F18,xAd Inc.,PJQ0Y8_TJN_MAR_023_Mobile_GROUND TRUTH FKA XAD_DST_SV1_MAP_DIR_RCH_TRG_RON_WEA_PXT_DVY_PROXIMITY LOYALTY - WEATHER LOCATOR UNIT_Run of Network_Weather_F25-54_320 x 50_Click and View_NV_NA,204556189,10/4/2017,5,2,3,1,2,1,1,1,0,2,2,3
TJN_MAR_023_Marshalls 2H Digital_F18,xAd Inc.,PJQ0YN_TJN_MAR_023_Mobile_GROUND TRUTH FKA XAD_DST_SV1_MAP_DIR_DSP_TRG_RON_PXT_BTG_DVY_GEOBLOCKS LOYALTY - DYNAMIC DISTANCE_Run of Network_Geo_F25-54_320 x 50_Click and View_NV_NA,204558328,9/30/2017,14039,317,13722,12420,1302,74,1228,1072,156,12494,10520,11592
TJN_TJX_TJMaxx 2H DIG_FY18,Viant,"PJNSGN_TJN_TJX_028_Data_VIANT INC_DSI_SV1_TWB_DIR_DSP_TRG_RON_BTG_CTG_DVY_PHASE 1_VIANT DIRECT MATCH RETAIL, TJX PORFOLIO LOYALISTS, DISPLAY_Fixed Placement_Behavioral_F25-54_300 x 250_Standard_NV_NA",204526347,9/19/2017,1828,21,1807,0,1807,155,1652,1053,599,155,99,1152
TJN_MAR_023_Marshalls 2H Digital_F18,xAd Inc.,PJQ0YD_TJN_MAR_023_Mobile_GROUND TRUTH FKA XAD_DST_SV1_MAP_DIR_RCH_TRG_RON_WEA_PXT_DVY_PROXIMITY CONQUESTING - WEATHER LOCATOR UNIT_Run of Network_Weather_F25-54_320 x 50_Click and View_NV_NA,204541553,9/18/2017,15630,240,15390,4961,10429,182,10247,9341,906,5143,4688,14029
TJN_TJX_TJMaxx 2H DIG_FY18,xAd Inc.,PJMTN5_TJN_TJX_028_Mobile_GROUND TRUTH FKA XAD_DST_SV1_MAP_DIR_RCH_TRG_RON_BTG_BTG_DVY_PHASE 1_BEHAVIORAL AUDIENCE TRENDSETTERS PLACEMENT - RICH MEDIA STORE LOCATOR - TJ Maxx_Run of Network_Behavioral_F25-54_320 x 50_Click and View_NV_NA,204442936,9/30/2017,16538,218,16320,10905,5415,202,5213,4418,795,11107,9413,13831
TJN_TJX_TJMaxx 2H DIG_FY18,Conversant Inc.,PJPWPH_TJN_TJX_028_Audience_CONVERSANT_DST_SV1_MAP_NET_DSP_TRG_RON_BTG_BTG_DVY_PHASE 1_ SMARTPHONE MEDIUM RECTANGLE  - CONVERSANT SHOPPERS AV_Run of Site_Behavioral_P18+_300 x 250_Standard_NV_NA,204442060,10/8/2017,713,9,704,0,704,65,639,350,289,65,36,386
TJN_MAR_023_Marshalls 2H Digital_F18,NinthDecimal,PJPSRT_TJN_MAR_023_Mobile_NINTHDECIMAL_DST_SV1_MAP_DIR_RCH_TRG_RON_PXT_DMA_DVY_GEOFENCE: 15-20-MILE RADIUS AROUND RURAL STORES_Run of Network_Geo_F25-54_320 x 50_Click and View_NV_NA,204542885,10/17/2017,43879,875,43004,14894,28110,154,27956,27364,592,15048,14729,42093
TJN_TJX_TJMaxx 2H DIG_FY18,Viant,"PJNSH6_TJN_TJX_028_Data_VIANT INC_DSI_SV1_TWB_DIR_DSP_TRG_RON_BTG_CTG_DVY_PHASE 1_VIANT DIRECT MATCH RETAIL, COMPETITIVE CONQUESTING, DISPLAY_Fixed Placement_Behavioral_F25-54_160 x 600_Standard_NV_NA",204483604,9/10/2017,476,12,464,0,464,68,396,265,131,68,46,311
TJN_TJX_TJMaxx 2H DIG_FY18,Viant,"PJSPBX_TJN_TJC_031_Data_VIANT INC_PUR_ROI_TWB_DIR_DSP_TRG_RON_BTG_MKT_DVY_DETERMINSTIC LAL OF ECOM CONVERTERS, CROSS DEVICE DISPLAY_Fixed Placement_Behavioral_F25-54_728 x 90_Click_NV_NA",204716188,10/7/2017,707,12,695,0,695,100,595,257,338,100,43,300
TJN_TJX_TJMaxx 2H DIG_FY18,Hulu,PK3CXN_TJN_TJX_027_Content_HULU_BAF_BS2_CTV_DIR_CUS_SPN_CHS_CTG_CTG_DVY_FALL TV SPONSORSHIP: PREMIUM SLATE - CONNECTED TV_FEP_Contextual_F25-54_1920 x 1080_Standard_NV_NA,205725861,10/7/2017,3,0,3,3,0,0,0,0,0,3,2,2
TJN_TJX_TJMaxx 2H DIG_FY18,NBC Universal Media,PK2JQT_TJN_TJX_028_Content_NBCUNI.COM_BAF_BS2_TAP_DIR_VID_SPN_ROS_BTG_CTG_MOA_THIS IS US SPONSORSHIP: TABLET - VIGNETTE 1_Run of Site_Behavioral_F25-54_1920 x 1080_Click and View_NV_NA,205563488,10/4/2017,667,8,659,659,0,0,0,0,0,659,395,395
TJN_TJX_TJMaxx 2H DIG_FY18,Conversant Inc.,PJPTMM_TJN_TJC_031_Audience_CONVERSANT_PUR_ROI_MAP_NET_DSP_TRG_RON_BTG_BTG_DVY_SMARTPHONE SMALL BANNER - COMPETITIVE CONQUESTING_Run of Site_Other_P18+_320 x 50_Standard_NV_NA,204483939,9/29/2017,168,0,168,0,168,42,126,107,19,42,36,143
TJN_TJX_TJMaxx 2H DIG_FY18,Viant,"PK2X7G_TJN_TJX_028_Data_VIANT INC_DSI_SV1_DSK_DIR_RCH_TRG_INT_BTG_CTG_DVY_PHASE 1_VIANT IMP, W25-54 STRATEGIC SAVERS, CONTOBOX - Honeycomb_Fixed Placement_Behavioral_F25-54_300 x 250_Click and View_NV_NA",205688467,10/13/2017,3674,84,3590,1,3589,846,2743,1509,1234,847,466,1975
TJN_TJX_TJMaxx 2H DIG_FY18,Foursquare,"PJPQL0_TJN_TJX_028_Audience_FOURSQUARE LABS, INC_DST_SV1_MAP_PRO_DSP_TRG_RON_PXT_BTG_DVY_PHASE 1_PINPOINT TRENDSETTERS_Run of Network_Geo_F25-54_320 x 50_Standard_NV_NA",204478094,9/13/2017,76450,3998,72452,51283,21169,1388,19781,14107,5674,52671,37563,51670
TJN_TJX_TJMaxx 2H DIG_FY18,Viant,"PK2X7F_TJN_TJX_028_Data_VIANT INC_DSI_SV1_DSK_DIR_RCH_TRG_INT_BTG_CTG_DVY_PHASE 1_VIANT IMP, W25-54 STRATEGIC SAVERS, CONTOBOX - Honeycomb_Fixed Placement_Behavioral_F25-54_728 x 90_Click and View_NV_NA",205727841,9/28/2017,16,7,9,2,7,3,4,4,0,5,5,9
TJN_TJX_TJMaxx 2H DIG_FY18,Conversant Inc.,PJNPMJ_TJN_TJC_031_Audience_CONVERSANT_PUR_ROI_MAP_NET_DSP_TRG_RON_BTG_BTG_DVY_SMARTPHONE MEDIUM RECTANGLE - STRATEGIC SAVERS_Run of Site_Other_P18+_300 x 250_Standard_NV_NA,204442063,10/4/2017,2600,53,2547,0,2547,377,2170,862,1308,377,150,1012
TJN_TJX_TJMaxx 2H DIG_FY18,Viant,"PJSPCN_TJN_TJC_031_Data_VIANT INC_PUR_ROI_TWB_DIR_DSP_TRG_RON_BTG_MKT_DVY_W25-54 + ONLINE SHOPPERS, CROSS DEVICE DISPLAY_Fixed Placement_Behavioral_F25-54_160 x 600_Click_NV_NA",204715636,10/20/2017,1,0,1,0,1,0,1,0,1,0,0,0
TJN_MAR_023_Marshalls 2H Digital_F18,Spotify USA Inc.,PK0HN8_TJN_MAR_023_Audience_SPOTIFY USA INC_DST_SV2_MAP_DIR_DSP_TRG_ROS_DMA_PXT_DVY_MOBILE OVERLAY 630X920_Run of Site_Geo_F25-54_630 x 920_Click and View_NV_NA,205561904,10/19/2017,4729,77,4652,4652,0,0,0,0,0,4652,4404,4404
TJN_TJX_TJMaxx 2H DIG_FY18,xAd Inc.,PJPXJY_TJN_TJX_028_Mobile_GROUND TRUTH FKA XAD_DST_SV1_MAP_DIR_DSP_TRG_RON_BTG_BTG_DVY_PHASE 1_BEHAVIORAL AUDIENCE STRATEGIC SAVERS PLACEMENT - STANDARD BANNER - Fall Hero_Run of Network_Behavioral_F25-54_300 x 250_Click and View_NV_NA,204484017,9/25/2017,4712,77,4635,4628,7,2,5,0,5,4630,0,0
TJN_TJX_TJMaxx 2H DIG_FY18,Viant,"PJSPBW_TJN_TJC_031_Data_VIANT INC_PUR_ROI_MWB_DIR_DSP_TRG_RON_BTG_MKT_DVY_DETERMINSTIC LAL OF ECOM CONVERTERS, CROSS DEVICE DISPLAY_Fixed Placement_Behavioral_F25-54_300 x 50_Click_NV_NA",204733524,10/12/2017,7394,105,7289,3,7286,1128,6158,4680,1478,1131,860,5540
TJN_TJX_TJMaxx 2H DIG_FY18,xAd Inc.,PJMTMQ_TJN_TJX_028_Mobile_GROUND TRUTH FKA XAD_DST_SV1_MAP_DIR_RCH_TRG_RON_PXT_PXT_DVY_PHASE 1_PROXIMITY LOYALTY PLACEMENT - RICH MEDIA STORE LOCATOR - TJ Maxx_Run of Network_Geo_F25-54_320 x 50_Click and View_NV_NA,204442090,10/15/2017,7348,126,7222,2555,4667,59,4608,4251,357,2614,2411,6662
TJN_TJX_TJMaxx 2H DIG_FY18,Foursquare,"PKFMK7_TJN_TJX_028_Audience_FOURSQUARE LABS, INC_DST_SV1_MAP_PRO_RCH_TRG_RON_PXT_BTG_DVY_PHASE 1_MOBILE RICH MEDIA COMPETITIVE CONQUESTING - Sweaters_Run of Network_Geo_F25-54_300 x 250_Standard_NV_NA",206832744,10/19/2017,175,0,175,170,5,2,3,3,0,172,172,175
TJN_MAR_023_Marshalls 2H Digital_F18,Bustle,PK5G43_TJN_MAR_023_Content_BUSTLE_RON - Bustle & Elite Daily - Panoramic Unit_Run of Network_Contextual_F25-54_1 x 1_Click and View_NV_NA,206309983,10/21/2017,92810,1245,91565,1728,89837,82270,7567,2906,4661,83998,32258,35164
TJN_TJX_TJMaxx 2H DIG_FY18,Viant,"PJNSGR_TJN_TJX_028_Data_VIANT INC_DSI_SV1_TWB_DIR_DSP_TRG_RON_BTG_CTG_DVY_PHASE 1_VIANT DIRECT MATCH RETAIL, TJX PORFOLIO LOYALISTS, DISPLAY_Fixed Placement_Behavioral_F25-54_160 x 600_Standard_NV_NA",204478520,9/25/2017,11,0,11,0,11,0,11,1,10,0,0,1
TJN_TJX_TJMaxx 2H DIG_FY18,PlaceIQ,PK19YZ_TJN_TJX_028_Mobile_PLACEIQ INC_DST_SV1_MAP_DIR_RCH_TRG_RON_BTG_PTG_DVY_PHASE 1_RICH MEDIA_STRATEGIC SAVERS_INFORMER CONSUMER SHOPPERS+TOP TIER APPAREL SHOPPER_Run of Network_Behavioral_F25-54_320 x 50_Click and View_NV_NA,205563548,10/12/2017,34368,969,33399,12261,21138,1009,20129,19846,283,13270,13083,32929
TJN_TJX_TJMaxx 2H DIG_FY18,Conversant Inc.,PJPWPD_TJN_TJX_028_Audience_CONVERSANT_DST_SV1_MAP_NET_DSP_TRG_RON_BTG_BTG_DVY_PHASE 1_ SMARTPHONE SMALL BANNER  - CONVERSANT SHOPPERS AV_Run of Site_Behavioral_P18+_320 x 50_Standard_NV_NA,204447251,9/24/2017,1004,18,986,0,986,172,814,548,266,172,116,664
TJN_TJX_TJMaxx 2H DIG_FY18,Viant,"PJNSH9_TJN_TJX_028_Data_VIANT INC_DSI_SV1_TWB_DIR_DSP_TRG_RON_BTG_CTG_DVY_PHASE 1_VIANT DIRECT MATCH RETAIL, COMPETITIVE CONQUESTING, DISPLAY_Fixed Placement_Behavioral_F25-54_300 x 250_Standard_NV_NA",204526701,9/27/2017,62,0,62,0,62,11,51,42,9,11,9,51
TJN_TJX_TJMaxx 2H DIG_FY18,Foursquare,"PJPRV8_TJN_TJX_028_Audience_FOURSQUARE LABS, INC_DST_SV1_MAP_PRO_DSP_TRG_RON_PXT_BTG_DVY_PHASE 1_PINPOINT TRENDSETTERS AV_Run of Network_Geo_F25-54_300 x 250_Standard_NV_NA",204527100,9/5/2017,934,108,826,524,302,158,144,95,49,682,450,545
TJN_TJX_TJMaxx 2H DIG_FY18,Foursquare,"PJMQ2K_TJN_TJX_028_Audience_FOURSQUARE LABS, INC_DST_SV1_MAP_PRO_DSP_TRG_RON_PXT_BTG_DVY_PHASE 1_PINPOINT STRATEGIC SAVERS_Run of Network_Geo_F25-54_320 x 50_Standard_NV_NA",204483454,9/11/2017,80334,5203,75131,31647,43484,2317,41167,26184,14983,33964,21603,47787
TJN_TJX_TJMaxx 2H DIG_FY18,Foursquare,"PJPQL0_TJN_TJX_028_Audience_FOURSQUARE LABS, INC_DST_SV1_MAP_PRO_DSP_TRG_RON_PXT_BTG_DVY_PHASE 1_PINPOINT TRENDSETTERS_Run of Network_Geo_F25-54_320 x 50_Standard_NV_NA",204478094,10/13/2017,128018,1972,126046,83137,42909,1742,41167,33788,7379,84879,69665,103453
TJN_MAR_023_Marshalls 2H Digital_F18,NinthDecimal,PJPSRX_TJN_MAR_023_Mobile_NINTHDECIMAL_DST_SV1_MAP_DIR_RCH_TRG_RON_BTG_PXT_DVY_LOCATION GRAPH: COMPETITIVE CONQUESTING_Run of Network_Behavioral_F25-54_320 x 50_Click and View_NV_NA,204542879,9/18/2017,14761,307,14454,5758,8696,69,8627,8336,291,5827,5630,13966
TJN_TJX_TJMaxx 2H DIG_FY18,Foursquare,"PJPRVG_TJN_TJX_028_Audience_FOURSQUARE LABS, INC_DST_SV1_MAP_PRO_DSP_TRG_RON_PXT_BTG_DVY_PHASE 1_PINPOINT COMPETITIVE CONQUESTING AV_Run of Network_Geo_F25-54_300 x 250_Standard_NV_NA",204527412,9/6/2017,542,62,480,278,202,119,83,63,20,397,301,364
TJN_TJX_TJMaxx 2H DIG_FY18,Viant,"PK2X7D_TJN_TJX_028_Data_VIANT INC_DSI_SV1_TWB_DIR_RCH_TRG_INT_BTG_CTG_DVY_PHASE 1_VIANT IMP, W25-54 STRATEGIC SAVERS, CONTOBOX - Honeycomb_Fixed Placement_Behavioral_F25-54_728 x 90_Click and View_NV_NA",205727832,10/7/2017,7119,60,7059,62,6997,579,6418,1787,4631,641,178,1965
TJN_TJX_TJMaxx 2H DIG_FY18,xAd Inc.,PJMTN8_TJN_TJX_028_Mobile_GROUND TRUTH FKA XAD_DST_SV1_MAP_DIR_DSP_TRG_RON_BTG_BTG_DVY_PHASE 1_BEHAVIORAL AUDIENCE STRATEGIC SAVERS PLACEMENT - STANDARD BANNER - Maxx You Maxx Life_Run of Network_Behavioral_F25-54_320 x 50_Click and View_NV_NA,204447851,9/27/2017,4,1,3,2,1,1,0,0,0,3,3,3
TJN_MAR_023_Marshalls 2H Digital_F18,xAd Inc.,PJQ0YL_TJN_MAR_023_Mobile_GROUND TRUTH FKA XAD_DST_SV1_MAP_DIR_DSP_TRG_RON_BTG_PXT_DVY_COMPETITOR SHOPPERS - DYNAMIC DISTANCE_Run of Network_Geo_F25-54_320 x 50_Click and View_NV_NA,204595638,10/4/2017,1,0,1,0,1,0,1,1,0,0,0,1
TJN_TJX_TJMaxx 2H DIG_FY18,Viant,"PJNSGN_TJN_TJX_028_Data_VIANT INC_DSI_SV1_TWB_DIR_DSP_TRG_RON_BTG_CTG_DVY_PHASE 1_VIANT DIRECT MATCH RETAIL, TJX PORFOLIO LOYALISTS, DISPLAY_Fixed Placement_Behavioral_F25-54_300 x 250_Standard_NV_NA",204526347,9/13/2017,162,3,159,0,159,21,138,76,62,21,12,88
TJN_TJX_TJMaxx 2H DIG_FY18,xAd Inc.,PJPXK0_TJN_TJX_028_Mobile_GROUND TRUTH FKA XAD_DST_SV1_MAP_DIR_DSP_TRG_RON_BTG_BTG_DVY_PHASE 1_BEHAVIORAL AUDIENCE TRENDSETTERS PLACEMENT - STANDARD BANNER - TJMaxx_Run of Network_Behavioral_F25-54_320 x 50_Click and View_NV_NA,204483993,9/12/2017,24443,321,24122,4926,19196,390,18806,15834,2972,5316,4476,20310
TJN_TJX_TJMaxx 2H DIG_FY18,Viant,"PJNSGN_TJN_TJX_028_Data_VIANT INC_DSI_SV1_TWB_DIR_DSP_TRG_RON_BTG_CTG_DVY_PHASE 1_VIANT DIRECT MATCH RETAIL, TJX PORFOLIO LOYALISTS, DISPLAY_Fixed Placement_Behavioral_F25-54_300 x 250_Standard_NV_NA",204526347,10/13/2017,269,2,267,0,267,17,250,158,92,17,11,169
TJN_TJX_TJMaxx 2H DIG_FY18,xAd Inc.,PJMTNC_TJN_TJX_028_Mobile_GROUND TRUTH FKA XAD_DST_SV1_MAP_DIR_DSP_TRG_RON_BTG_BTG_DVY_PHASE 1_BEHAVIORAL AUDIENCE TRENDSETTERS PLACEMENT - STANDARD BANNER - Maxx You Maxx Life_Run of Network_Behavioral_F25-54_320 x 50_Click and View_NV_NA,204447830,9/12/2017,24816,330,24486,4448,20038,401,19637,16799,2838,4849,4148,20947
TJN_TJX_TJMaxx 2H DIG_FY18,xAd Inc.,PJMTNQ_TJN_TJX_028_Mobile_GROUND TRUTH FKA XAD_DST_SV1_MAP_DIR_RCH_TRG_RON_BTG_BTG_DVY_PHASE 1_BEHAVIORAL AUDIENCE STRATEGIC SAVERS PLACEMENT - RICH MEDIA STORE LOCATOR - TJ Maxx_Run of Network_Behavioral_F25-54_320 x 50_Click and View_NV_NA,204447845,10/20/2017,7,3,4,4,0,0,0,0,0,4,3,3
TJN_MAR_023_Marshalls 2H Digital_F18,NinthDecimal,"PJPSS1_TJN_MAR_023_Mobile_NINTHDECIMAL_DST_SV1_MAP_DIR_RCH_TRG_RON_BTG_DMA_DVY_TV TARGETING: PEOPLE WHO WATCH BRAVO, TLC, HGTV, A&E, LIFETIME, DISCOVERY_Run of Network_Behavioral_F25-54_320 x 50_Click and View_NV_NA",204541508,10/20/2017,76841,883,75958,17032,58926,326,58600,56324,2276,17358,16684,73008
TJN_TJX_TJMaxx 2H DIG_FY18,xAd Inc.,PJPXJX_TJN_TJX_028_Mobile_GROUND TRUTH FKA XAD_DST_SV1_MAP_DIR_DSP_TRG_RON_BTG_BTG_DVY_PHASE 1_BEHAVIORAL AUDIENCE STRATEGIC SAVERS PLACEMENT - STANDARD BANNER - TJMaxx_Run of Network_Behavioral_F25-54_320 x 50_Click and View_NV_NA,204447848,10/20/2017,3,2,1,0,1,0,1,1,0,0,0,1
TJN_TJX_TJMaxx 2H DIG_FY18,Viant,"PJSPCL_TJN_TJC_031_Data_VIANT INC_PUR_ROI_TWB_DIR_DSP_TRG_RON_BTG_MKT_DVY_W25-54 + ONLINE SHOPPERS, CROSS DEVICE DISPLAY_Fixed Placement_Behavioral_F25-54_728 x 90_Click_NV_NA",204715987,10/6/2017,960,10,950,0,950,50,900,719,181,50,40,759
TJN_TJX_TJMaxx 2H DIG_FY18,Foursquare,"PJPRVC_TJN_TJX_028_Audience_FOURSQUARE LABS, INC_DST_SV1_MAP_PRO_DSP_TRG_RON_PXT_BTG_DVY_PHASE 1_PINPOINT TRENDSETTERS AV_Run of Network_Geo_F25-54_320 x 50_Standard_NV_NA",204527421,9/26/2017,2636,157,2479,965,1514,46,1468,1105,363,1011,761,1866
TJN_TJX_TJMaxx 2H DIG_FY18,Viant,"PK2X7J_TJN_TJX_028_Data_VIANT INC_DSI_SV1_MWB_DIR_RCH_TRG_INT_BTG_CTG_DVY_PHASE 1_VIANT IMP, W25-54 STRATEGIC SAVERS, CONTOBOX - Honeycomb_Fixed Placement_Behavioral_F25-54_300 x 250_Click and View_NV_NA",205688479,10/12/2017,984,36,948,6,942,41,901,626,275,47,33,659
TJN_TJX_TJMaxx 2H DIG_FY18,Viant,"PK2X7H_TJN_TJX_028_Data_VIANT INC_DSI_SV1_MWB_DIR_RCH_TRG_INT_BTG_CTG_DVY_PHASE 1_VIANT IMP, W25-54 STRATEGIC SAVERS, CONTOBOX - Honeycomb_Fixed Placement_Behavioral_F25-54_320 x 50_Click and View_NV_NA",205725975,10/11/2017,80,48,32,7,25,7,18,15,3,14,12,27
TJN_TJX_TJMaxx 2H DIG_FY18,xAd Inc.,PJMTMZ_TJN_TJX_028_Mobile_GROUND TRUTH FKA XAD_DST_SV1_MAP_DIR_DSP_TRG_RON_RTG_RTG_DVY_PHASE 1_LOCATION AUDIENCE TJX SHOPPERS PLACEMENT - STANDARD BANNER - Maxx You Maxx Life_Run of Network_Retarget_F25-54_320 x 50_Click and View_NV_NA,204484011,9/28/2017,38809,623,38186,23206,14980,9021,5959,4672,1287,32227,23895,28567
TJN_TJX_TJMaxx 2H DIG_FY18,Foursquare,"PJMQ2K_TJN_TJX_028_Audience_FOURSQUARE LABS, INC_DST_SV1_MAP_PRO_DSP_TRG_RON_PXT_BTG_DVY_PHASE 1_PINPOINT STRATEGIC SAVERS_Run of Network_Geo_F25-54_320 x 50_Standard_NV_NA",204483454,9/26/2017,118620,9405,109215,48260,60955,2732,58223,44631,13592,50992,39088,83719
TJN_TJX_TJMaxx 2H DIG_FY18,xAd Inc.,PJMTN3_TJN_TJX_028_Mobile_GROUND TRUTH FKA XAD_DST_SV1_MAP_DIR_DSP_TRG_RON_RTG_RTG_DVY_PHASE 1_LOCATION AUDIENCE COMPETITIVE CONQUESTING PLACEMENT - STANDARD BANNER - Maxx You Maxx Life_Run of Network_Retarget_F25-54_320 x 50_Click and View_NV_NA,204442933,9/6/2017,63500,850,62650,28492,34158,8437,25721,25065,656,36929,33504,58569
TJN_MAR_023_Marshalls 2H Digital_F18,xAd Inc.,PJQ0YN_TJN_MAR_023_Mobile_GROUND TRUTH FKA XAD_DST_SV1_MAP_DIR_DSP_TRG_RON_PXT_BTG_DVY_GEOBLOCKS LOYALTY - DYNAMIC DISTANCE_Run of Network_Geo_F25-54_320 x 50_Click and View_NV_NA,204558328,10/16/2017,11061,193,10868,7749,3119,159,2960,2323,637,7908,6190,8513
TJN_TJX_TJMaxx 2H DIG_FY18,xAd Inc.,PJMTN0_TJN_TJX_028_Mobile_GROUND TRUTH FKA XAD_DST_SV1_MAP_DIR_DSP_TRG_RON_RTG_RTG_DVY_PHASE 1_LOCATION AUDIENCE TJX SHOPPERS PLACEMENT - STANDARD BANNER - Fall Handbag_Run of Network_Retarget_F25-54_300 x 250_Click and View_NV_NA,204447842,9/28/2017,22720,606,22114,21893,221,7,214,199,15,21900,20365,20564
TJN_TJX_TJMaxx 2H DIG_FY18,Viant,"PJNSH8_TJN_TJX_028_Data_VIANT INC_DSI_SV1_TWB_DIR_DSP_TRG_RON_BTG_CTG_DVY_PHASE 1_VIANT DIRECT MATCH RETAIL, COMPETITIVE CONQUESTING, DISPLAY_Fixed Placement_Behavioral_F25-54_728 x 90_Standard_NV_NA",204483019,9/28/2017,2,0,2,0,2,0,2,1,1,0,0,1
TJN_TJX_TJMaxx 2H DIG_FY18,Viant,"PJNSHB_TJN_TJX_028_Data_VIANT INC_DSI_SV1_MWB_DIR_DSP_TRG_RON_BTG_CTG_DVY_PHASE 1_VIANT DIRECT MATCH RETAIL, COMPETITIVE CONQUESTING, DISPLAY_Fixed Placement_Behavioral_F25-54_300 x 50_Standard_NV_NA",204478658,10/13/2017,12,0,12,0,12,3,9,8,1,3,3,11
TJN_TJX_TJMaxx 2H DIG_FY18,xAd Inc.,PJMTN5_TJN_TJX_028_Mobile_GROUND TRUTH FKA XAD_DST_SV1_MAP_DIR_RCH_TRG_RON_BTG_BTG_DVY_PHASE 1_BEHAVIORAL AUDIENCE TRENDSETTERS PLACEMENT - RICH MEDIA STORE LOCATOR - TJ Maxx_Run of Network_Behavioral_F25-54_320 x 50_Click and View_NV_NA,204442936,10/16/2017,1786,30,1756,678,1078,41,1037,904,133,719,627,1531
TJN_TJX_TJMaxx 2H DIG_FY18,Viant,PJPXKR_TJN_TJX_028_Data_VIANT INC_DSI_SV1_DSK_DIR_DSP_TRG_RON_BTG_CTG_DVY_PHASE 1_DESKTOP DISPLAY VIANT IMP TARGETING - STRATEGIC SAVERS AV_Fixed Placement_Demo_F25-54_300 x 250_Standard_NV_NA,204475841,10/4/2017,548,79,469,0,469,50,419,129,290,50,15,144
TJN_TJX_TJMaxx 2H DIG_FY18,Viant,"PJSPBZ_TJN_TJC_031_Data_VIANT INC_PUR_ROI_TWB_DIR_DSP_TRG_RON_BTG_MKT_DVY_DETERMINSTIC LAL OF ECOM CONVERTERS, CROSS DEVICE DISPLAY_Fixed Placement_Behavioral_F25-54_160 x 600_Click_NV_NA",204716194,10/20/2017,46,3,43,0,43,6,37,7,30,6,1,8
TJN_TJX_TJMaxx 2H DIG_FY18,Foursquare,"PJPRVC_TJN_TJX_028_Audience_FOURSQUARE LABS, INC_DST_SV1_MAP_PRO_DSP_TRG_RON_PXT_BTG_DVY_PHASE 1_PINPOINT TRENDSETTERS AV_Run of Network_Geo_F25-54_320 x 50_Standard_NV_NA",204527421,9/11/2017,1709,133,1576,681,895,27,868,547,321,708,446,993
TJN_TJX_TJMaxx 2H DIG_FY18,Foursquare,"PKFMM0_TJN_TJX_028_Audience_FOURSQUARE LABS, INC_DST_SV1_MAP_PRO_RCH_TRG_RON_PXT_BTG_DVY_PHASE 1_MOBILE RICH MEDIA STRATEGIC SAVERS - Booties_Run of Network_Geo_F25-54_300 x 250_Standard_NV_NA",206813029,10/20/2017,826,23,803,543,260,128,132,76,56,671,386,462
TJN_MAR_023_Marshalls 2H Digital_F18,NinthDecimal,PJPSS0_TJN_MAR_023_Mobile_NINTHDECIMAL_DST_SV1_MAP_DIR_RCH_TRG_RON_BTG_DMA_DVY_3RD PARTY: SURPRISE CHOOSERS_Run of Network_Behavioral_F25-54_320 x 50_Click and View_NV_NA,204595875,9/15/2017,15344,326,15018,4591,10427,73,10354,9949,405,4664,4482,14431
TJN_TJX_TJMaxx 2H DIG_FY18,Conversant Inc.,PJPWPF_TJN_TJX_028_Audience_CONVERSANT_DST_SV1_TAP_NET_DSP_TRG_RON_BTG_BTG_DVY_PHASE 1_ TABLET LEADERBOARD - CONVERSANT SHOPPERS AV_Run of Site_Behavioral_P18+_728 x 90_Standard_NV_NA,204442915,10/16/2017,28,1,27,0,27,6,21,18,3,6,5,23
TJN_MAR_023_Marshalls 2H Digital_F18,xAd Inc.,PJQ0YG_TJN_MAR_023_Mobile_GROUND TRUTH FKA XAD_DST_SV1_MAP_DIR_DSP_TRG_RON_BTG_DMA_DVY_BEHAVIORAL - FASHION SHOPPER - DYNAMIC DISTANCE_Run of Network_Behavioral_F25-54_320 x 50_Click and View_NV_NA,204557581,10/12/2017,77387,1081,76306,62250,14056,689,13367,11877,1490,62939,55943,67820
TJN_TJX_TJMaxx 2H DIG_FY18,xAd Inc.,PJYDBQ_TJN_TJX_028_Mobile_GROUND TRUTH FKA XAD_DST_SV1_MAP_DIR_RCH_TRG_RON_BTG_BTG_DVY_PHASE 1_BEHAVIORAL AUDIENCE TRENDSETTERS PLACEMENT - RICH MEDIA STORE LOCATOR - Fall Hero_Run of Network_Behavioral_F25-54_300 x 250_Click and View_NV_NA,205145231,9/26/2017,2864,31,2833,29,2804,30,2774,2646,128,59,56,2702
TJN_TJX_TJMaxx 2H DIG_FY18,Viant,PJPXKV_TJN_TJX_028_Data_VIANT INC_DSI_SV1_DSK_DIR_DSP_TRG_RON_BTG_CTG_DVY_PHASE 1_DESKTOP DISPLAY VIANT IMP TARGETING - STRATEGIC SAVERS AV_Fixed Placement_Demo_F25-54_728 x 90_Standard_NV_NA,204526986,9/29/2017,41,12,29,1,28,6,22,8,14,7,3,11
TJN_TJX_TJMaxx 2H DIG_FY18,Viant,"PJSPBY_TJN_TJC_031_Data_VIANT INC_PUR_ROI_TWB_DIR_DSP_TRG_RON_BTG_MKT_DVY_DETERMINSTIC LAL OF ECOM CONVERTERS, CROSS DEVICE DISPLAY_Fixed Placement_Behavioral_F25-54_300 x 250_Click_NV_NA",204715651,10/19/2017,147,3,144,0,144,21,123,54,69,21,9,63
TJN_TJX_TJMaxx 2H DIG_FY18,xAd Inc.,PKF5KT_TJN_TJX_028_Mobile_GROUND TRUTH FKA XAD_DST_SV1_MAP_DIR_DSP_TRG_RON_RTG_RTG_DVY_PHASE 1_LOCATION AUDIENCE TJX SHOPPERS PLACEMENT - STANDARD BANNER - Dresses_Run of Network_Retarget_F25-54_300 x 250_Click and View_NV_NA,206832789,10/17/2017,2424,67,2357,2357,0,0,0,0,0,2357,2357,2357
TJN_TJX_TJMaxx 2H DIG_FY18,Viant,"PJSPCF_TJN_TJC_031_Data_VIANT INC_PUR_ROI_DSK_DIR_DSP_TRG_RON_BTG_MKT_DVY_W25-54 + ONLINE SHOPPERS, CROSS DEVICE DISPLAY_Fixed Placement_Behavioral_F25-54_320 x 50_Click_NV_NA",204715639,10/17/2017,4337,84,4253,0,4253,528,3725,3022,703,528,428,3450
TJN_TJX_TJMaxx 2H DIG_FY18,Foursquare,"PJPQKZ_TJN_TJX_028_Audience_FOURSQUARE LABS, INC_DST_SV1_MAP_PRO_DSP_TRG_RON_PXT_BTG_DVY_PHASE 1_PINPOINT TRENDSETTERS_Run of Network_Geo_F25-54_300 x 250_Standard_NV_NA",204481813,9/8/2017,33792,1601,32191,4172,28019,1481,26538,5844,20694,5653,1245,7089
TJN_MAR_023_Marshalls 2H Digital_F18,xAd Inc.,PJQ0YS_TJN_MAR_023_Mobile_GROUND TRUTH FKA XAD_DST_SV1_MAP_DIR_DSP_TRG_RON_DMA_BTG_DVY_AV DMA TARGETING_Run of Network_Geo_F25-54_300 x 250_Click and View_NV_NA,204558337,10/4/2017,52726,877,51849,14723,37126,1276,35850,25429,10421,15999,11335,36764
TJN_MAR_023_Marshalls 2H Digital_F18,NinthDecimal,PJPSRW_TJN_MAR_023_Mobile_NINTHDECIMAL_DST_SV1_MAP_DIR_RCH_TRG_RON_BTG_PXT_DVY_LOCATION GRAPH: TJX FAMILY LOYALISTS_Run of Network_Behavioral_F25-54_320 x 50_Click and View_NV_NA,204541739,10/7/2017,37977,572,37405,13504,23901,105,23796,23035,761,13609,13174,36209
TJN_MAR_023_Marshalls 2H Digital_F18,NinthDecimal,PJPSRY_TJN_MAR_023_Mobile_NINTHDECIMAL_DST_SV1_MAP_DIR_RCH_TRG_RON_BTG_PXT_DVY_LOCATION GRAPH: LABOR DAY SALES SHOPPERS_Run of Network_Behavioral_F25-54_320 x 50_Click and View_NV_NA,204542876,9/19/2017,1020,19,1001,372,629,4,625,601,24,376,362,963
TJN_MAR_023_Marshalls 2H Digital_F18,Bustle,"PK5G3X_TJN_MAR_023_Content_BUSTLE_ROC Fashion, Lifestyle Channel - Panoramic Unit_Run of Site_Contextual_F25-54_1 x 1_Click and View_NV_NA",206333601,10/18/2017,375852,9425,366427,168,366259,333887,32372,25316,7056,334055,261242,286558
TJN_MAR_023_Marshalls 2H Digital_F18,xAd Inc.,PJQ0YK_TJN_MAR_023_Mobile_GROUND TRUTH FKA XAD_DST_SV1_MAP_DIR_DSP_TRG_RON_BTG_PXT_DVY_MARSHALLS SHOPPERS - DYNAMIC DISTANCE_Run of Network_Geo_F25-54_300 x 250_Click and View_NV_NA,204543440,10/12/2017,5196,98,5098,5098,0,0,0,0,0,5098,5098,5098
TJN_TJX_TJMaxx 2H DIG_FY18,Conversant Inc.,PJPWBV_TJN_TJX_028_Audience_CONVERSANT_DST_SV1_DSK_NET_DSP_TRG_RON_BTG_BTG_DVY_PHASE 1_ DESKTOP MEDIUM RECTANGLE - CJ INTERACTORS LAL MODELING_Run of Site_Behavioral_P18+_300 x 250_Standard_NV_NA,204447743,10/9/2017,79637,4303,75334,0,75334,6951,68383,35386,32997,6951,3597,38983
TJN_TJX_TJMaxx 2H DIG_FY18,Hulu,PK3F7J_TJN_TJX_027_Content_HULU_BAF_BS2_TAP_DIR_CUS_SPN_CHS_CTG_CTG_DVY_HULU ROS: PREMIUM SLATE - TABLET IN APP_FEP_Contextual_F25-54_1920 x 1080_Standard_NV_NA,205725864,10/19/2017,32,0,32,32,0,0,0,0,0,32,25,25
TJN_TJX_TJMaxx 2H DIG_FY18,xAd Inc.,PJMTNF_TJN_TJX_028_Mobile_GROUND TRUTH FKA XAD_DST_SV1_MAP_DIR_DSP_TRG_RON_PXT_PXT_DVY_PHASE 1_PROXIMITY LOYALTY PLACEMENT - STANDARD BANNER - Fall Handbag_Run of Network_Geo_F25-54_300 x 250_Click and View_NV_NA,204446159,9/17/2017,12194,291,11903,11814,89,27,62,2,60,11841,382,384
TJN_TJX_TJMaxx 2H DIG_FY18,Foursquare,"PJPRQJ_TJN_TJX_028_Audience_FOURSQUARE LABS, INC_DST_SV1_MAP_PRO_DSP_TRG_RON_PXT_BTG_DVY_PHASE 1_PINPOINT STRATEGIC SAVERS AV_Run of Network_Geo_F25-54_320 x 50_Standard_NV_NA",204525369,10/17/2017,2329,30,2299,1018,1281,65,1216,1085,131,1083,966,2051
TJN_TJX_TJMaxx 2H DIG_FY18,Viant,"PJNSHB_TJN_TJX_028_Data_VIANT INC_DSI_SV1_MWB_DIR_DSP_TRG_RON_BTG_CTG_DVY_PHASE 1_VIANT DIRECT MATCH RETAIL, COMPETITIVE CONQUESTING, DISPLAY_Fixed Placement_Behavioral_F25-54_300 x 50_Standard_NV_NA",204478658,9/19/2017,23928,109,23819,0,23819,6469,17350,13069,4281,6469,4873,17942
TJN_TJX_TJMaxx 2H DIG_FY18,Conversant Inc.,PJNPMD_TJN_TJC_031_Audience_CONVERSANT_PUR_ROI_TAP_NET_DSP_TRG_RON_BTG_BTG_DVY_TABLET MEDIUM RECTANGLE - STRATEGIC SAVERS_Run of Site_Other_P18+_300 x 250_Standard_NV_NA,204483960,9/22/2017,1,0,1,0,1,0,1,1,0,0,0,1
TJN_TJX_TJMaxx 2H DIG_FY18,Viant,"PK2V50_TJN_TJX_028_Data_VIANT INC_DSI_SV1_DSK_DIR_RCH_TRG_INT_BTG_CTG_DVY_PHASE 1_VIANT IMP, W25-54 STRATEGIC SAVERS, CONTOBOX - Fall Homes_Fixed Placement_Behavioral_F25-54_160 x 600_Click and View_NV_NA",205726908,10/7/2017,141,9,132,1,131,6,125,46,79,7,3,49
TJN_MAR_023_Marshalls 2H Digital_F18,NinthDecimal,PJPSRW_TJN_MAR_023_Mobile_NINTHDECIMAL_DST_SV1_MAP_DIR_RCH_TRG_RON_BTG_PXT_DVY_LOCATION GRAPH: TJX FAMILY LOYALISTS_Run of Network_Behavioral_F25-54_320 x 50_Click and View_NV_NA,204541739,9/8/2017,1035,12,1023,217,806,9,797,766,31,226,217,983
TJN_TJX_TJMaxx 2H DIG_FY18,Foursquare,"PJPQKZ_TJN_TJX_028_Audience_FOURSQUARE LABS, INC_DST_SV1_MAP_PRO_DSP_TRG_RON_PXT_BTG_DVY_PHASE 1_PINPOINT TRENDSETTERS_Run of Network_Geo_F25-54_300 x 250_Standard_NV_NA",204481813,10/7/2017,6265,462,5803,1929,3874,178,3696,1859,1837,2107,1060,2919
TJN_TJX_TJMaxx 2H DIG_FY18,xAd Inc.,PJPXJQ_TJN_TJX_028_Mobile_GROUND TRUTH FKA XAD_DST_SV1_MAP_DIR_DSP_TRG_RON_RTG_RTG_DVY_PHASE 1_LOCATION AUDIENCE TJX SHOPPERS PLACEMENT - STANDARD BANNER - TJMaxx_Run of Network_Retarget_F25-54_320 x 50_Click and View_NV_NA,204447839,9/11/2017,36326,544,35782,3156,32626,21323,11303,7863,3440,24479,16998,24861
TJN_MAR_023_Marshalls 2H Digital_F18,xAd Inc.,PJQ0YQ_TJN_MAR_023_Mobile_GROUND TRUTH FKA XAD_DST_SV1_MAP_DIR_DSP_TRG_RON_PXT_BTG_DVY_GEOBLOCKS CONQUESTING - DYNAMIC DISTANCE_Run of Network_Geo_F25-54_320 x 50_Click and View_NV_NA,204595632,9/28/2017,14025,244,13781,11186,2595,1066,1529,1097,432,12252,8653,9750
TJN_MAR_023_Marshalls 2H Digital_F18,Bustle,PK5G42_TJN_MAR_023_Content_BUSTLE_Custom Content Roadblock Standard Feature 1 - 300x250_Roadblock_Contextual_F25-54_300 x 250_Click and View_NV_NA,206309158,10/11/2017,21370,394,20976,10,20966,597,20369,1542,18827,607,46,1588
TJN_TJX_TJMaxx 2H DIG_FY18,Conversant Inc.,PJNPLX_TJN_TJX_028_Audience_CONVERSANT_DST_SV1_DSK_NET_DSP_TRG_RON_BTG_BTG_DVY_PHASE 1_ DESKTOP RECTANGLE - CJ CONVERTERS LAL MODELING_Run of Site_Behavioral_P18+_300 x 600_Standard_NV_NA,204442894,10/21/2017,42,5,37,0,37,4,33,8,25,4,1,9
TJN_TJX_TJMaxx 2H DIG_FY18,Viant,"PK2X7H_TJN_TJX_028_Data_VIANT INC_DSI_SV1_MWB_DIR_RCH_TRG_INT_BTG_CTG_DVY_PHASE 1_VIANT IMP, W25-54 STRATEGIC SAVERS, CONTOBOX - Honeycomb_Fixed Placement_Behavioral_F25-54_320 x 50_Click and View_NV_NA",205725975,10/6/2017,8625,53,8572,5,8567,1712,6855,3329,3526,1717,834,4163
TJN_TJX_TJMaxx 2H DIG_FY18,Viant,"PK2X7B_TJN_TJX_028_Data_VIANT INC_DSI_SV1_TWB_DIR_RCH_TRG_INT_BTG_CTG_DVY_PHASE 1_VIANT IMP, W25-54 STRATEGIC SAVERS, CONTOBOX - Honeycomb_Fixed Placement_Behavioral_F25-54_300 x 250_Click and View_NV_NA",205687939,10/21/2017,4,2,2,1,1,1,0,0,0,2,1,1
TJN_TJX_TJMaxx 2H DIG_FY18,Foursquare,"PJPRV8_TJN_TJX_028_Audience_FOURSQUARE LABS, INC_DST_SV1_MAP_PRO_DSP_TRG_RON_PXT_BTG_DVY_PHASE 1_PINPOINT TRENDSETTERS AV_Run of Network_Geo_F25-54_300 x 250_Standard_NV_NA",204527100,9/14/2017,619,52,567,152,415,66,349,128,221,218,80,208
TJN_MAR_023_Marshalls 2H Digital_F18,Spotify USA Inc.,PK0HN8_TJN_MAR_023_Audience_SPOTIFY USA INC_DST_SV2_MAP_DIR_DSP_TRG_ROS_DMA_PXT_DVY_MOBILE OVERLAY 630X920_Run of Site_Geo_F25-54_630 x 920_Click and View_NV_NA,205561904,10/9/2017,35792,258,35534,35534,0,0,0,0,0,35534,31220,31220
TJN_TJX_TJMaxx 2H DIG_FY18,Hulu,PK3F7L_TJN_TJX_027_Content_HULU_BAF_BS2_CTV_DIR_CUS_SPN_CHS_CTG_CTG_DVY_HULU ROS: PREMIUM SLATE - CONNECTED TV_FEP_Contextual_F25-54_1920 x 1080_Standard_NV_NA,205685923,10/14/2017,59226,88,59138,59138,0,0,0,0,0,59138,42322,42322
TJN_MAR_023_Marshalls 2H Digital_F18,NinthDecimal,PJPSRY_TJN_MAR_023_Mobile_NINTHDECIMAL_DST_SV1_MAP_DIR_RCH_TRG_RON_BTG_PXT_DVY_LOCATION GRAPH: LABOR DAY SALES SHOPPERS_Run of Network_Behavioral_F25-54_320 x 50_Click and View_NV_NA,204542876,9/13/2017,2470,17,2453,229,2224,13,2211,2167,44,242,237,2404
TJN_TJX_TJMaxx 2H DIG_FY18,Conversant Inc.,PJNPMC_TJN_TJC_031_Audience_CONVERSANT_PUR_ROI_TAP_NET_DSP_TRG_RON_BTG_BTG_DVY_TABLET LEADERBOARD- STRATEGIC SAVERS_Run of Site_Other_P18+_728 x 90_Standard_NV_NA,204442918,10/12/2017,349,4,345,29,316,43,273,243,30,72,64,307
TJN_MAR_023_Marshalls 2H Digital_F18,xAd Inc.,PJQ0Y6_TJN_MAR_023_Mobile_GROUND TRUTH FKA XAD_DST_SV1_MAP_DIR_DSP_TRG_RON_PXT_BTG_DVY_PROXIMITY LOYALTY - DYNAMIC DISTANCE_Run of Network_Geo_F25-54_320 x 50_Click and View_NV_NA,204556888,9/10/2017,95465,1549,93916,71691,22225,3866,18359,15458,2901,75557,54616,70074
TJN_TJX_TJMaxx 2H DIG_FY18,Foursquare,"PKFMKW_TJN_TJX_028_Audience_FOURSQUARE LABS, INC_DST_SV1_MAP_PRO_RCH_TRG_RON_PXT_BTG_DVY_PHASE 1_MOBILE RICH MEDIA TRENDSETTERS - Booties_Run of Network_Geo_F25-54_300 x 250_Standard_NV_NA",206833557,10/16/2017,5470,65,5405,640,4765,287,4478,1156,3322,927,239,1395
TJN_TJX_TJMaxx 2H DIG_FY18,Conversant Inc.,PJPWBY_TJN_TJX_028_Audience_CONVERSANT_DST_SV1_MAP_NET_DSP_TRG_RON_BTG_BTG_DVY_PHASE 1_ SMARTPHONE SMALL BANNER  - CJ INTERACTORS LAL MODELING_Run of Site_Behavioral_P18+_320 x 50_Standard_NV_NA,204442030,9/19/2017,6,6,0,0,0,0,0,0,0,0,0,0
TJN_TJX_TJMaxx 2H DIG_FY18,xAd Inc.,PJMTN1_TJN_TJX_028_Mobile_GROUND TRUTH FKA XAD_DST_SV1_MAP_DIR_DSP_TRG_RON_DMA_DMA_DVY_PHASE 1_ADDED VALUE DMA TARGETING STANDALONE: STANDARD BANNER - Maxx You Maxx Life_Run of Network_Geo_F25-54_320 x 50_Click and View_NV_NA,204443461,10/12/2017,2,1,1,0,1,0,1,1,0,0,0,1
TJN_TJX_TJMaxx 2H DIG_FY18,xAd Inc.,PJMTMZ_TJN_TJX_028_Mobile_GROUND TRUTH FKA XAD_DST_SV1_MAP_DIR_DSP_TRG_RON_RTG_RTG_DVY_PHASE 1_LOCATION AUDIENCE TJX SHOPPERS PLACEMENT - STANDARD BANNER - Maxx You Maxx Life_Run of Network_Retarget_F25-54_320 x 50_Click and View_NV_NA,204484011,9/14/2017,36741,475,36266,7775,28491,11078,17413,13845,3568,18853,14749,28594
TJN_TJX_TJMaxx 2H DIG_FY18,xAd Inc.,PJMTN0_TJN_TJX_028_Mobile_GROUND TRUTH FKA XAD_DST_SV1_MAP_DIR_DSP_TRG_RON_RTG_RTG_DVY_PHASE 1_LOCATION AUDIENCE TJX SHOPPERS PLACEMENT - STANDARD BANNER - Fall Handbag_Run of Network_Retarget_F25-54_300 x 250_Click and View_NV_NA,204447842,10/14/2017,6937,122,6815,6810,5,0,5,4,1,6810,5448,5452
TJN_TJX_TJMaxx 2H DIG_FY18,Viant,"PJNSGV_TJN_TJX_028_Data_VIANT INC_DSI_SV1_DSK_DIR_DSP_TRG_RON_BTG_CTG_DVY_PHASE 1_VIANT DIRECT MATCH RETAIL, TJX PORFOLIO LOYALISTS, DISPLAY_Fixed Placement_Behavioral_F25-54_728 x 90_Standard_NV_NA",204478511,10/2/2017,1810,38,1772,0,1772,62,1710,1167,543,62,42,1209
TJN_TJX_TJMaxx 2H DIG_FY18,NBC Universal Media,PK2KJN_TJN_TJX_028_Content_NBCUNI.COM_BAF_BS2_TAP_DIR_VID_SPN_ROS_BTG_CTG_MOA_THIS IS US SPONSORSHIP: TABLET - VIGNETTE 2_Run of Site_Behavioral_F25-54_1920 x 1080_Click and View_NV_NA,205569482,10/7/2017,20723,159,20564,20564,0,0,0,0,0,20564,14200,14200
TJN_MAR_023_Marshalls 2H Digital_F18,xAd Inc.,PJQ0YL_TJN_MAR_023_Mobile_GROUND TRUTH FKA XAD_DST_SV1_MAP_DIR_DSP_TRG_RON_BTG_PXT_DVY_COMPETITOR SHOPPERS - DYNAMIC DISTANCE_Run of Network_Geo_F25-54_320 x 50_Click and View_NV_NA,204595638,10/21/2017,23992,351,23641,20730,2911,173,2738,1563,1175,20903,10769,12332
TJN_TJX_TJMaxx 2H DIG_FY18,Foursquare,"PJMQ2K_TJN_TJX_028_Audience_FOURSQUARE LABS, INC_DST_SV1_MAP_PRO_DSP_TRG_RON_PXT_BTG_DVY_PHASE 1_PINPOINT STRATEGIC SAVERS_Run of Network_Geo_F25-54_320 x 50_Standard_NV_NA",204483454,10/9/2017,98951,2810,96141,55915,40226,1524,38702,31478,7224,57439,46718,78196
TJN_MAR_023_Marshalls 2H Digital_F18,xAd Inc.,PJQ0YL_TJN_MAR_023_Mobile_GROUND TRUTH FKA XAD_DST_SV1_MAP_DIR_DSP_TRG_RON_BTG_PXT_DVY_COMPETITOR SHOPPERS - DYNAMIC DISTANCE_Run of Network_Geo_F25-54_320 x 50_Click and View_NV_NA,204595638,9/9/2017,10237,144,10093,5750,4343,2419,1924,1710,214,8169,7014,8724
TJN_TJX_TJMaxx 2H DIG_FY18,Conversant Inc.,PJNPMH_TJN_TJC_031_Audience_CONVERSANT_PUR_ROI_MAP_NET_DSP_TRG_RON_BTG_BTG_DVY_SMARTPHONE SMALL BANNER - STRATEGIC SAVERS_Run of Site_Other_P18+_320 x 50_Standard_NV_NA,204442066,9/22/2017,1,0,1,0,1,0,1,1,0,0,0,1
TJN_TJX_TJMaxx 2H DIG_FY18,Viant,"PJSPBR_TJN_TJC_031_Data_VIANT INC_PUR_ROI_DSK_DIR_DSP_TRG_RON_BTG_MKT_DVY_DETERMINSTIC LAL OF ECOM CONVERTERS, CROSS DEVICE DISPLAY_Fixed Placement_Behavioral_F25-54_300 x 250_Click_NV_NA",204715645,10/13/2017,123151,10430,112721,2,112719,4098,108621,78418,30203,4100,2960,81378
TJN_TJX_TJMaxx 2H DIG_FY18,xAd Inc.,PKF49F_TJN_TJX_028_Mobile_GROUND TRUTH FKA XAD_DST_SV1_MAP_DIR_DSP_TRG_RON_BTG_BTG_DVY_PHASE 1_BEHAVIORAL AUDIENCE TRENDSETTERS PLACEMENT - STANDARD BANNER - Sweaters_Run of Network_Behavioral_F25-54_300 x 250_Click and View_NV_NA,206812759,10/19/2017,2791,33,2758,2758,0,0,0,0,0,2758,2758,2758
TJN_TJX_TJMaxx 2H DIG_FY18,Foursquare,"PK0H82_TJN_TJX_028_Audience_FOURSQUARE LABS, INC_DST_SV1_MAP_PRO_RCH_TRG_RON_PXT_BTG_DVY_PHASE 1_MOBILE RICH MEDIA TRENDSETTERS - Find A Store_Run of Network_Geo_F25-54_320 x 50_Standard_NV_NA",205394971,10/13/2017,22750,396,22354,12177,10177,676,9501,5812,3689,12853,7863,13675
TJN_TJX_TJMaxx 2H DIG_FY18,Viant,"PJNSH8_TJN_TJX_028_Data_VIANT INC_DSI_SV1_TWB_DIR_DSP_TRG_RON_BTG_CTG_DVY_PHASE 1_VIANT DIRECT MATCH RETAIL, COMPETITIVE CONQUESTING, DISPLAY_Fixed Placement_Behavioral_F25-54_728 x 90_Standard_NV_NA",204483019,9/14/2017,10,0,10,0,10,0,10,7,3,0,0,7
TJN_TJX_TJMaxx 2H DIG_FY18,xAd Inc.,PJMTMZ_TJN_TJX_028_Mobile_GROUND TRUTH FKA XAD_DST_SV1_MAP_DIR_DSP_TRG_RON_RTG_RTG_DVY_PHASE 1_LOCATION AUDIENCE TJX SHOPPERS PLACEMENT - STANDARD BANNER - Maxx You Maxx Life_Run of Network_Retarget_F25-54_320 x 50_Click and View_NV_NA,204484011,10/14/2017,10092,146,9946,4763,5183,71,5112,3799,1313,4834,3592,7391
TJN_TJX_TJMaxx 2H DIG_FY18,xAd Inc.,PJMTN0_TJN_TJX_028_Mobile_GROUND TRUTH FKA XAD_DST_SV1_MAP_DIR_DSP_TRG_RON_RTG_RTG_DVY_PHASE 1_LOCATION AUDIENCE TJX SHOPPERS PLACEMENT - STANDARD BANNER - Fall Handbag_Run of Network_Retarget_F25-54_300 x 250_Click and View_NV_NA,204447842,9/14/2017,11730,1027,10703,10670,33,2,31,24,7,10672,8262,8286
TJN_TJX_TJMaxx 2H DIG_FY18,Foursquare,"PJPSSW_TJN_TJX_028_Audience_FOURSQUARE LABS, INC_DST_SV1_MAP_PRO_RCH_TRG_RON_PXT_BTG_DVY_PHASE 1_MOBILE RICH MEDIA STRATEGIC SAVERS - Find A TJ Maxx Store_Run of Network_Geo_F25-54_320 x 50_Standard_NV_NA",204525357,9/24/2017,81306,3575,77731,37336,40395,4135,36260,23051,13209,41471,26364,49415
TJN_TJX_TJMaxx 2H DIG_FY18,Viant,"PJNSGV_TJN_TJX_028_Data_VIANT INC_DSI_SV1_DSK_DIR_DSP_TRG_RON_BTG_CTG_DVY_PHASE 1_VIANT DIRECT MATCH RETAIL, TJX PORFOLIO LOYALISTS, DISPLAY_Fixed Placement_Behavioral_F25-54_728 x 90_Standard_NV_NA",204478511,9/23/2017,89976,4156,85820,0,85820,6400,79420,66724,12696,6400,5377,72101
TJN_MAR_023_Marshalls 2H Digital_F18,NinthDecimal,PJPSRY_TJN_MAR_023_Mobile_NINTHDECIMAL_DST_SV1_MAP_DIR_RCH_TRG_RON_BTG_PXT_DVY_LOCATION GRAPH: LABOR DAY SALES SHOPPERS_Run of Network_Behavioral_F25-54_320 x 50_Click and View_NV_NA,204542876,9/16/2017,429,1,428,87,341,3,338,327,11,90,87,414
TJN_TJX_TJMaxx 2H DIG_FY18,Foursquare,"PK0H83_TJN_TJX_028_Audience_FOURSQUARE LABS, INC_DST_SV1_MAP_PRO_RCH_TRG_RON_PXT_BTG_DVY_PHASE 1_MOBILE RICH MEDIA COMPETITIVE CONQUESTING - Fall Honeycomb_Run of Network_Geo_F25-54_300 x 250_Standard_NV_NA",205344161,10/3/2017,6716,342,6374,3352,3022,141,2881,972,1909,3493,1178,2150
TJN_TJX_TJMaxx 2H DIG_FY18,Conversant Inc.,PJPTLH_TJN_TJC_031_Audience_CONVERSANT_PUR_ROI_TAP_NET_DSP_TRG_RON_BTG_BTG_DVY_TABLET LEADERBOARD- TRENDSETTERS_Run of Site_Other_P18+_728 x 90_Standard_NV_NA,204447779,10/9/2017,803,4,799,1,798,134,664,403,261,135,82,485
TJN_TJX_TJMaxx 2H DIG_FY18,Foursquare,"PJPRVG_TJN_TJX_028_Audience_FOURSQUARE LABS, INC_DST_SV1_MAP_PRO_DSP_TRG_RON_PXT_BTG_DVY_PHASE 1_PINPOINT COMPETITIVE CONQUESTING AV_Run of Network_Geo_F25-54_300 x 250_Standard_NV_NA",204527412,9/17/2017,384,24,360,91,269,45,224,103,121,136,63,166
TJN_TJX_TJMaxx 2H DIG_FY18,Conversant Inc.,PJPWP9_TJN_TJX_028_Audience_CONVERSANT_DST_SV1_DSK_NET_DSP_TRG_RON_BTG_BTG_DVY_PHASE 1_ DESKTOP MEDIUM RECTANGLE - CONVERSANT SHOPPERS AV_Run of Site_Behavioral_P18+_300 x 250_Standard_NV_NA,204483957,10/18/2017,1426,96,1330,1,1329,211,1118,766,352,212,145,911
TJN_TJX_TJMaxx 2H DIG_FY18,Viant,"PJSPCF_TJN_TJC_031_Data_VIANT INC_PUR_ROI_DSK_DIR_DSP_TRG_RON_BTG_MKT_DVY_W25-54 + ONLINE SHOPPERS, CROSS DEVICE DISPLAY_Fixed Placement_Behavioral_F25-54_320 x 50_Click_NV_NA",204715639,10/5/2017,867,28,839,0,839,151,688,579,109,151,127,706
TJN_TJX_TJMaxx 2H DIG_FY18,Conversant Inc.,PJNPMJ_TJN_TJC_031_Audience_CONVERSANT_PUR_ROI_MAP_NET_DSP_TRG_RON_BTG_BTG_DVY_SMARTPHONE MEDIUM RECTANGLE - STRATEGIC SAVERS_Run of Site_Other_P18+_300 x 250_Standard_NV_NA,204442063,10/21/2017,942,23,919,0,919,198,721,180,541,198,49,229
TJN_TJX_TJMaxx 2H DIG_FY18,xAd Inc.,PJYDBV_TJN_TJX_028_Mobile_GROUND TRUTH FKA XAD_DST_SV1_MAP_DIR_RCH_TRG_RON_BTG_BTG_DVY_PHASE 1_BEHAVIORAL AUDIENCE STRATEGIC SAVERS PLACEMENT - RICH MEDIA STORE LOCATOR - Maxx You Maxx Life_Run of Network_Behavioral_F25-54_320 x 50_Click and View_NV_NA,205148243,9/30/2017,16018,185,15833,7853,7980,230,7750,6536,1214,8083,6817,13353
TJN_MAR_023_Marshalls 2H Digital_F18,xAd Inc.,PJQ0YK_TJN_MAR_023_Mobile_GROUND TRUTH FKA XAD_DST_SV1_MAP_DIR_DSP_TRG_RON_BTG_PXT_DVY_MARSHALLS SHOPPERS - DYNAMIC DISTANCE_Run of Network_Geo_F25-54_300 x 250_Click and View_NV_NA,204543440,9/4/2017,6,0,6,0,6,0,6,6,0,0,0,6
TJN_MAR_023_Marshalls 2H Digital_F18,Bustle,PKGB7T_TJN_MAR_023_Content_BUSTLE_Custom Content Roadblock Custom Shot Feature 1 - 300x250_Roadblock_Contextual_F25-54_300 x 250_Click and View_NV_NA,206751412,10/11/2017,21988,428,21560,13,21547,20196,1351,1024,327,20209,15318,16342
TJN_TJX_TJMaxx 2H DIG_FY18,xAd Inc.,PJYDBQ_TJN_TJX_028_Mobile_GROUND TRUTH FKA XAD_DST_SV1_MAP_DIR_RCH_TRG_RON_BTG_BTG_DVY_PHASE 1_BEHAVIORAL AUDIENCE TRENDSETTERS PLACEMENT - RICH MEDIA STORE LOCATOR - Fall Hero_Run of Network_Behavioral_F25-54_300 x 250_Click and View_NV_NA,205145231,10/9/2017,2800,24,2776,92,2684,29,2655,2547,108,121,116,2663
TJN_TJX_TJMaxx 2H DIG_FY18,xAd Inc.,PJMTN2_TJN_TJX_028_Mobile_GROUND TRUTH FKA XAD_DST_SV1_MAP_DIR_DSP_TRG_RON_RTG_RTG_DVY_PHASE 1_LOCATION AUDIENCE COMPETITIVE CONQUESTING PLACEMENT - STANDARD BANNER - Fall Handbag_Run of Network_Retarget_F25-54_300 x 250_Click and View_NV_NA,204447824,9/9/2017,12377,205,12172,12163,9,0,9,6,3,12163,8109,8115
TJN_TJX_TJMaxx 2H DIG_FY18,xAd Inc.,PJPXJS_TJN_TJX_028_Mobile_GROUND TRUTH FKA XAD_DST_SV1_MAP_DIR_DSP_TRG_RON_RTG_RTG_DVY_PHASE 1_LOCATION AUDIENCE COMPETITIVE CONQUESTING PLACEMENT - STANDARD BANNER - Fall Hero_Run of Network_Retarget_F25-54_300 x 250_Click and View_NV_NA,204446153,9/23/2017,12830,236,12594,12589,5,0,5,2,3,12589,5036,5038
TJN_TJX_TJMaxx 2H DIG_FY18,Conversant Inc.,PJPTLM_TJN_TJC_031_Audience_CONVERSANT_PUR_ROI_MAP_NET_DSP_TRG_RON_BTG_BTG_DVY_SMARTPHONE SMALL BANNER - TRENDSETTERS_Run of Site_Other_P18+_320 x 50_Standard_NV_NA,204447785,10/20/2017,1571,27,1544,0,1544,391,1153,447,706,391,152,599
TJN_TJX_TJMaxx 2H DIG_FY18,xAd Inc.,PJMTN2_TJN_TJX_028_Mobile_GROUND TRUTH FKA XAD_DST_SV1_MAP_DIR_DSP_TRG_RON_RTG_RTG_DVY_PHASE 1_LOCATION AUDIENCE COMPETITIVE CONQUESTING PLACEMENT - STANDARD BANNER - Fall Handbag_Run of Network_Retarget_F25-54_300 x 250_Click and View_NV_NA,204447824,10/21/2017,7205,57,7148,7147,1,0,1,1,0,7147,7147,7148
TJN_MAR_023_Marshalls 2H Digital_F18,xAd Inc.,PJQ0YG_TJN_MAR_023_Mobile_GROUND TRUTH FKA XAD_DST_SV1_MAP_DIR_DSP_TRG_RON_BTG_DMA_DVY_BEHAVIORAL - FASHION SHOPPER - DYNAMIC DISTANCE_Run of Network_Behavioral_F25-54_320 x 50_Click and View_NV_NA,204557581,9/4/2017,3,0,3,0,3,0,3,3,0,0,0,3
TJN_TJX_TJMaxx 2H DIG_FY18,Viant,"PK2V4Z_TJN_TJX_028_Data_VIANT INC_DSI_SV1_MWB_DIR_RCH_TRG_INT_BTG_CTG_DVY_PHASE 1_VIANT IMP, W25-54 STRATEGIC SAVERS, CONTOBOX - Fall Homes_Fixed Placement_Behavioral_F25-54_300 x 250_Click and View_NV_NA",205726911,9/24/2017,1761,33,1728,4,1724,83,1641,247,1394,87,13,260
TJN_TJX_TJMaxx 2H DIG_FY18,Conversant Inc.,PJPWP8_TJN_TJX_028_Audience_CONVERSANT_DST_SV1_DSK_NET_DSP_TRG_RON_BTG_BTG_DVY_PHASE 1_ DESKTOP LEADERBOARD - CONVERSANT SHOPPERS AV_Run of Site_Behavioral_P18+_728 x 90_Standard_NV_NA,204446132,10/16/2017,1684,137,1547,0,1547,108,1439,1059,380,108,79,1138
TJN_MAR_023_Marshalls 2H Digital_F18,xAd Inc.,PJQ0YQ_TJN_MAR_023_Mobile_GROUND TRUTH FKA XAD_DST_SV1_MAP_DIR_DSP_TRG_RON_PXT_BTG_DVY_GEOBLOCKS CONQUESTING - DYNAMIC DISTANCE_Run of Network_Geo_F25-54_320 x 50_Click and View_NV_NA,204595632,10/14/2017,9666,157,9509,7084,2425,650,1775,1059,716,7734,4614,5673
TJN_TJX_TJMaxx 2H DIG_FY18,xAd Inc.,PJMTNB_TJN_TJX_028_Mobile_GROUND TRUTH FKA XAD_DST_SV1_MAP_DIR_DSP_TRG_RON_BTG_BTG_DVY_PHASE 1_BEHAVIORAL AUDIENCE TRENDSETTERS PLACEMENT - STANDARD BANNER - Fall Handbag_Run of Network_Behavioral_F25-54_300 x 250_Click and View_NV_NA,204447833,10/8/2017,8295,119,8176,8161,15,1,14,7,7,8162,4081,4088
TJN_TJX_TJMaxx 2H DIG_FY18,PlaceIQ,PKF2JD_TJN_TJX_028_Mobile_PLACEIQ INC_DST_SV1_MAP_DIR_RCH_TRG_RON_BTG_PTG_DVY_PHASE 1_RICH MEDIA_STRATEGIC SAVERS_APPAREL OR FURNISHINGS DISCRETIONARY SPEND+IMPULSE BUYER SHOPPERS - Rich Media Version 2_Run of Network_Behavioral_F25-54_320 x 50_Click and,206771783,10/20/2017,17492,658,16834,5905,10929,334,10595,10475,120,6239,6168,16643
TJN_TJX_TJMaxx 2H DIG_FY18,PlaceIQ,PKFRB1_TJN_TJX_028_Mobile_PLACEIQ INC_DST_SV1_MAP_DIR_DSP_TRG_RON_BTG_PXT_DVY_PHASE 1_STANDARD BANNER_TJX PROXIMITY LOYALISTS_LIVE BY TJMAXX - Dresses_Run of Network_Behavioral_F25-54_300 x 250_Click and View_NV_NA,206812519,10/21/2017,1179,152,1027,560,467,2,465,465,0,562,562,1027
TJN_TJX_TJMaxx 2H DIG_FY18,Foursquare,"PK0H82_TJN_TJX_028_Audience_FOURSQUARE LABS, INC_DST_SV1_MAP_PRO_RCH_TRG_RON_PXT_BTG_DVY_PHASE 1_MOBILE RICH MEDIA TRENDSETTERS - Find A Store_Run of Network_Geo_F25-54_320 x 50_Standard_NV_NA",205394971,9/19/2017,42183,1334,40849,22891,17958,1525,16433,10597,5836,24416,15745,26342
TJN_TJX_TJMaxx 2H DIG_FY18,Foursquare,"PJPRQJ_TJN_TJX_028_Audience_FOURSQUARE LABS, INC_DST_SV1_MAP_PRO_DSP_TRG_RON_PXT_BTG_DVY_PHASE 1_PINPOINT STRATEGIC SAVERS AV_Run of Network_Geo_F25-54_320 x 50_Standard_NV_NA",204525369,10/5/2017,3400,50,3350,887,2463,123,2340,1820,520,1010,786,2606
TJN_TJX_TJMaxx 2H DIG_FY18,Foursquare,"PJPRVC_TJN_TJX_028_Audience_FOURSQUARE LABS, INC_DST_SV1_MAP_PRO_DSP_TRG_RON_PXT_BTG_DVY_PHASE 1_PINPOINT TRENDSETTERS AV_Run of Network_Geo_F25-54_320 x 50_Standard_NV_NA",204527421,10/19/2017,5540,94,5446,4022,1424,52,1372,1285,87,4074,3816,5101
TJN_MAR_023_Marshalls 2H Digital_F18,xAd Inc.,PJQ0YQ_TJN_MAR_023_Mobile_GROUND TRUTH FKA XAD_DST_SV1_MAP_DIR_DSP_TRG_RON_PXT_BTG_DVY_GEOBLOCKS CONQUESTING - DYNAMIC DISTANCE_Run of Network_Geo_F25-54_320 x 50_Click and View_NV_NA,204595632,9/14/2017,17985,393,17592,11209,6383,1960,4423,4059,364,13169,12269,16328
TJN_TJX_TJMaxx 2H DIG_FY18,Conversant Inc.,PJPWBY_TJN_TJX_028_Audience_CONVERSANT_DST_SV1_MAP_NET_DSP_TRG_RON_BTG_BTG_DVY_PHASE 1_ SMARTPHONE SMALL BANNER  - CJ INTERACTORS LAL MODELING_Run of Site_Behavioral_P18+_320 x 50_Standard_NV_NA,204442030,10/13/2017,49890,765,49125,272,48853,7122,41731,23530,18201,7394,4169,27699
TJN_TJX_TJMaxx 2H DIG_FY18,xAd Inc.,PKF4NT_TJN_TJX_028_Mobile_GROUND TRUTH FKA XAD_DST_SV1_MAP_DIR_RCH_TRG_RON_BTG_BTG_DVY_PHASE 1_BEHAVIORAL AUDIENCE TRENDSETTERS PLACEMENT - RICH MEDIA STORE LOCATOR - Sweaters_Run of Network_Behavioral_F25-54_300 x 250_Click and View_NV_NA,206813092,10/16/2017,1328,17,1311,13,1298,5,1293,1235,58,18,17,1252
TJN_TJX_TJMaxx 2H DIG_FY18,xAd Inc.,PJMTND_TJN_TJX_028_Mobile_GROUND TRUTH FKA XAD_DST_SV1_MAP_DIR_DSP_TRG_RON_PXT_PXT_DVY_PHASE 1_PROXIMITY LOYALTY PLACEMENT - STANDARD BANNER - Maxx You Maxx Life_Run of Network_Geo_F25-54_320 x 50_Click and View_NV_NA,204442096,10/8/2017,11416,200,11216,3339,7877,119,7758,5269,2489,3458,2349,7618
TJN_TJX_TJMaxx 2H DIG_FY18,Foursquare,"PJPSSW_TJN_TJX_028_Audience_FOURSQUARE LABS, INC_DST_SV1_MAP_PRO_RCH_TRG_RON_PXT_BTG_DVY_PHASE 1_MOBILE RICH MEDIA STRATEGIC SAVERS - Find A TJ Maxx Store_Run of Network_Geo_F25-54_320 x 50_Standard_NV_NA",204525357,9/22/2017,53823,3070,50753,33155,17598,2880,14718,11117,3601,36035,27218,38335
TJN_TJX_TJMaxx 2H DIG_FY18,xAd Inc.,PJPXK1_TJN_TJX_028_Mobile_GROUND TRUTH FKA XAD_DST_SV1_MAP_DIR_DSP_TRG_RON_PXT_PXT_DVY_PHASE 1_PROXIMITY LOYALTY PLACEMENT - STANDARD BANNER - TJMaxx_Run of Network_Geo_F25-54_320 x 50_Click and View_NV_NA,204483996,9/12/2017,55585,711,54874,14412,40462,6264,34198,21528,12670,20676,12972,34500
TJN_MAR_023_Marshalls 2H Digital_F18,xAd Inc.,PJQ0YF_TJN_MAR_023_Mobile_GROUND TRUTH FKA XAD_DST_SV1_MAP_DIR_RCH_TRG_RON_WEA_PXT_DVY_PROXIMITY CONQUESTING - WEATHER LOCATOR UNIT_Run of Network_Weather_F25-54_300 x 250_Click and View_NV_NA,204596913,9/7/2017,2369,14,2355,893,1462,11,1451,1383,68,904,862,2245
TJN_MAR_023_Marshalls 2H Digital_F18,xAd Inc.,PJQ0Y6_TJN_MAR_023_Mobile_GROUND TRUTH FKA XAD_DST_SV1_MAP_DIR_DSP_TRG_RON_PXT_BTG_DVY_PROXIMITY LOYALTY - DYNAMIC DISTANCE_Run of Network_Geo_F25-54_320 x 50_Click and View_NV_NA,204556888,9/29/2017,71773,2626,69147,59214,9933,791,9142,7123,2019,60005,40565,47688
TJN_TJX_TJMaxx 2H DIG_FY18,Foursquare,"PK0H81_TJN_TJX_028_Audience_FOURSQUARE LABS, INC_DST_SV1_MAP_PRO_RCH_TRG_RON_PXT_BTG_DVY_PHASE 1_MOBILE RICH MEDIA TRENDSETTERS - Fall Honeycomb_Run of Network_Geo_F25-54_300 x 250_Standard_NV_NA",205337093,10/12/2017,4774,66,4708,1295,3413,209,3204,936,2268,1504,439,1375
TJN_TJX_TJMaxx 2H DIG_FY18,Conversant Inc.,PJNPMG_TJN_TJC_031_Audience_CONVERSANT_PUR_ROI_DSK_NET_DSP_TRG_RON_BTG_BTG_DVY_DESKTOP WIDE SKYSCRAPER- STRATEGIC SAVERS_Run of Site_Other_P18+_160 x 600_Standard_NV_NA,204443410,10/4/2017,1394,43,1351,0,1351,333,1018,268,750,333,88,356
TJN_MAR_023_Marshalls 2H Digital_F18,xAd Inc.,PJQ0Y8_TJN_MAR_023_Mobile_GROUND TRUTH FKA XAD_DST_SV1_MAP_DIR_RCH_TRG_RON_WEA_PXT_DVY_PROXIMITY LOYALTY - WEATHER LOCATOR UNIT_Run of Network_Weather_F25-54_320 x 50_Click and View_NV_NA,204556189,9/9/2017,20494,596,19898,12204,7694,98,7596,7219,377,12302,11691,18910
TJN_TJX_TJMaxx 2H DIG_FY18,Foursquare,"PJYHWF_TJN_TJX_028_Audience_FOURSQUARE LABS, INC_DST_SV1_MAP_PRO_DSP_TRG_RON_PXT_BTG_DVY_PHASE 1_PINPOINT COMPETITIVE CONQUESTING_Run of Network_Geo_F25-54_320 x 50_Standard_NV_NA",205183220,9/30/2017,328372,13536,314836,227086,87750,2327,85423,75513,9910,229413,202799,278312
TJN_TJX_TJMaxx 2H DIG_FY18,NBC Universal Media,PK2KL1_TJN_TJX_028_Content_NBCUNI.COM_BAF_BS2_OTT_DIR_VID_SPN_ROS_BTG_CTG_MOA_THIS IS US SPONSORSHIP: OTT - VIGNETTE 3_Run of Site_Behavioral_F25-54_1920 x 1080_Click and View_NV_NA,205614505,10/13/2017,92603,321,92282,92282,0,0,0,0,0,92282,63246,63246
TJN_TJX_TJMaxx 2H DIG_FY18,xAd Inc.,PJMTN9_TJN_TJX_028_Mobile_GROUND TRUTH FKA XAD_DST_SV1_MAP_DIR_DSP_TRG_RON_BTG_BTG_DVY_PHASE 1_BEHAVIORAL AUDIENCE STRATEGIC SAVERS PLACEMENT - STANDARD BANNER - Fall Handbag_Run of Network_Behavioral_F25-54_300 x 250_Click and View_NV_NA,204447293,9/18/2017,11294,234,11060,11043,17,2,15,9,6,11045,6627,6636
TJN_TJX_TJMaxx 2H DIG_FY18,Hulu,PK3F7L_TJN_TJX_027_Content_HULU_BAF_BS2_CTV_DIR_CUS_SPN_CHS_CTG_CTG_DVY_HULU ROS: PREMIUM SLATE - CONNECTED TV_FEP_Contextual_F25-54_1920 x 1080_Standard_NV_NA,205685923,9/28/2017,28073,94,27979,27979,0,0,0,0,0,27979,21301,21301
TJN_TJX_TJMaxx 2H DIG_FY18,Viant,"PJNSH7_TJN_TJX_028_Data_VIANT INC_DSI_SV1_MWB_DIR_DSP_TRG_RON_BTG_CTG_DVY_PHASE 1_VIANT DIRECT MATCH RETAIL, COMPETITIVE CONQUESTING, DISPLAY_Fixed Placement_Behavioral_F25-54_320 x 50_Standard_NV_NA",204477565,10/4/2017,198,83,115,0,115,28,87,82,5,28,26,108
TJN_TJX_TJMaxx 2H DIG_FY18,Viant,"PJNSGV_TJN_TJX_028_Data_VIANT INC_DSI_SV1_DSK_DIR_DSP_TRG_RON_BTG_CTG_DVY_PHASE 1_VIANT DIRECT MATCH RETAIL, TJX PORFOLIO LOYALISTS, DISPLAY_Fixed Placement_Behavioral_F25-54_728 x 90_Standard_NV_NA",204478511,10/1/2017,1081,22,1059,0,1059,71,988,759,229,71,55,814
TJN_TJX_TJMaxx 2H DIG_FY18,Viant,"PKGKB1_TJN_TJX_028_Data_VIANT INC_DSI_SV1_TWB_DIR_CUS_TRG_NAT_BTG_CTG_DVY_PHASE 1_VIANT LIFESTYLE, TRENDSETTERS NATIVE- Dresses_Fixed Placement_Contextual_F25-54_0 x 0_Click and View_NV_NA",206772458,10/16/2017,10,7,3,3,0,0,0,0,0,3,2,2
TJN_MAR_023_Marshalls 2H Digital_F18,Spotify USA Inc.,PK0HN8_TJN_MAR_023_Audience_SPOTIFY USA INC_DST_SV2_MAP_DIR_DSP_TRG_ROS_DMA_PXT_DVY_MOBILE OVERLAY 630X920_Run of Site_Geo_F25-54_630 x 920_Click and View_NV_NA,205561904,9/26/2017,7,3,4,4,0,0,0,0,0,4,4,4
TJN_MAR_023_Marshalls 2H Digital_F18,xAd Inc.,PJQ0Y9_TJN_MAR_023_Mobile_GROUND TRUTH FKA XAD_DST_SV1_MAP_DIR_RCH_TRG_RON_WEA_PXT_DVY_PROXIMITY LOYALTY - WEATHER LOCATOR UNIT_Run of Network_Weather_F25-54_300 x 250_Click and View_NV_NA,204541757,9/18/2017,1091,26,1065,9,1056,70,986,950,36,79,76,1026
TJN_TJX_TJMaxx 2H DIG_FY18,Viant,"PK2V4Z_TJN_TJX_028_Data_VIANT INC_DSI_SV1_MWB_DIR_RCH_TRG_INT_BTG_CTG_DVY_PHASE 1_VIANT IMP, W25-54 STRATEGIC SAVERS, CONTOBOX - Fall Homes_Fixed Placement_Behavioral_F25-54_300 x 250_Click and View_NV_NA",205726911,9/22/2017,3506,81,3425,1,3424,255,3169,558,2611,256,45,603
TJN_TJX_TJMaxx 2H DIG_FY18,Conversant Inc.,PJPTMQ_TJN_TJC_031_Audience_CONVERSANT_PUR_ROI_DSK_NET_DSP_TRG_RON_BTG_BTG_DVY_DESKTOP MEDIUM RECTANGLE- COMPETITIVE CONQUESTING_Run of Site_Other_P18+_300 x 250_Standard_NV_NA,204447218,9/21/2017,8,6,2,0,2,0,2,0,2,0,0,0
TJN_TJX_TJMaxx 2H DIG_FY18,Foursquare,"PJPRV8_TJN_TJX_028_Audience_FOURSQUARE LABS, INC_DST_SV1_MAP_PRO_DSP_TRG_RON_PXT_BTG_DVY_PHASE 1_PINPOINT TRENDSETTERS AV_Run of Network_Geo_F25-54_300 x 250_Standard_NV_NA",204527100,9/28/2017,221,6,215,56,159,4,155,74,81,60,29,103
TJN_TJX_TJMaxx 2H DIG_FY18,NBC Universal Media,PK2KJV_TJN_TJX_028_Content_NBCUNI.COM_BAF_BS2_OTT_DIR_VID_SPN_ROS_BTG_CTG_MOA_THIS IS US SPONSORSHIP: OTT - VIGNETTE 2_Run of Site_Behavioral_F25-54_1920 x 1080_Click and View_NV_NA,205613677,10/9/2017,133882,167,133715,133715,0,0,0,0,0,133715,87176,87176
TJN_TJX_TJMaxx 2H DIG_FY18,Conversant Inc.,PJPWBT_TJN_TJX_028_Audience_CONVERSANT_DST_SV1_DSK_NET_DSP_TRG_RON_BTG_BTG_DVY_PHASE 1_ DESKTOP LEADERBOARD - CJ INTERACTORS LAL MODELING_Run of Site_Behavioral_P18+_728 x 90_Standard_NV_NA,204446096,10/18/2017,15761,1311,14450,4,14446,1764,12682,4616,8066,1768,644,5260
TJN_MAR_023_Marshalls 2H Digital_F18,xAd Inc.,PJQ0Y8_TJN_MAR_023_Mobile_GROUND TRUTH FKA XAD_DST_SV1_MAP_DIR_RCH_TRG_RON_WEA_PXT_DVY_PROXIMITY LOYALTY - WEATHER LOCATOR UNIT_Run of Network_Weather_F25-54_320 x 50_Click and View_NV_NA,204556189,10/21/2017,58305,1338,56967,27369,29598,388,29210,28396,814,27757,26983,55379
TJN_TJX_TJMaxx 2H DIG_FY18,Foursquare,"PJPRVH_TJN_TJX_028_Audience_FOURSQUARE LABS, INC_DST_SV1_MAP_PRO_DSP_TRG_RON_PXT_BTG_DVY_PHASE 1_PINPOINT COMPETITIVE CONQUESTING AV_Run of Network_Geo_F25-54_320 x 50_Standard_NV_NA",204478088,9/9/2017,1441,86,1355,956,399,20,379,251,128,976,646,897
TJN_TJX_TJMaxx 2H DIG_FY18,Foursquare,"PJMQ2D_TJN_TJX_028_Audience_FOURSQUARE LABS, INC_DST_SV1_MAP_PRO_DSP_TRG_RON_PXT_BTG_DVY_PHASE 1_PINPOINT STRATEGIC SAVERS_Run of Network_Geo_F25-54_300 x 250_Standard_NV_NA",204483457,10/8/2017,7353,579,6774,2401,4373,300,4073,1937,2136,2701,1285,3222
TJN_TJX_TJMaxx 2H DIG_FY18,xAd Inc.,PJMTN5_TJN_TJX_028_Mobile_GROUND TRUTH FKA XAD_DST_SV1_MAP_DIR_RCH_TRG_RON_BTG_BTG_DVY_PHASE 1_BEHAVIORAL AUDIENCE TRENDSETTERS PLACEMENT - RICH MEDIA STORE LOCATOR - TJ Maxx_Run of Network_Behavioral_F25-54_320 x 50_Click and View_NV_NA,204442936,9/24/2017,17283,160,17123,8861,8262,162,8100,7416,684,9023,8261,15677
TJN_MAR_023_Marshalls 2H Digital_F18,Bustle,PKLNMT_TJN_MAR_023_Content_BUSTLE_HPTO - 300x250 10/17_Run of Site_Contextual_F25-54_300 x 250_Click and View_NV_NA,207143576,10/19/2017,1,0,1,0,1,0,1,0,1,0,0,0
TJN_TJX_TJMaxx 2H DIG_FY18,xAd Inc.,PJMTNQ_TJN_TJX_028_Mobile_GROUND TRUTH FKA XAD_DST_SV1_MAP_DIR_RCH_TRG_RON_BTG_BTG_DVY_PHASE 1_BEHAVIORAL AUDIENCE STRATEGIC SAVERS PLACEMENT - RICH MEDIA STORE LOCATOR - TJ Maxx_Run of Network_Behavioral_F25-54_320 x 50_Click and View_NV_NA,204447845,9/28/2017,17260,218,17042,8897,8145,323,7822,6157,1665,9220,7257,13414
TJN_TJX_TJMaxx 2H DIG_FY18,Conversant Inc.,PJNPMD_TJN_TJC_031_Audience_CONVERSANT_PUR_ROI_TAP_NET_DSP_TRG_RON_BTG_BTG_DVY_TABLET MEDIUM RECTANGLE - STRATEGIC SAVERS_Run of Site_Other_P18+_300 x 250_Standard_NV_NA,204483960,10/16/2017,723,10,713,0,713,113,600,364,236,113,69,433
TJN_TJX_TJMaxx 2H DIG_FY18,Viant,"PJSPCD_TJN_TJC_031_Data_VIANT INC_PUR_ROI_DSK_DIR_DSP_TRG_RON_BTG_MKT_DVY_W25-54 + ONLINE SHOPPERS, CROSS DEVICE DISPLAY_Fixed Placement_Behavioral_F25-54_728 x 90_Click_NV_NA",204733044,10/14/2017,15501,156,15345,0,15345,604,14741,12315,2426,604,505,12820
TJN_TJX_TJMaxx 2H DIG_FY18,xAd Inc.,PJPXJX_TJN_TJX_028_Mobile_GROUND TRUTH FKA XAD_DST_SV1_MAP_DIR_DSP_TRG_RON_BTG_BTG_DVY_PHASE 1_BEHAVIORAL AUDIENCE STRATEGIC SAVERS PLACEMENT - STANDARD BANNER - TJMaxx_Run of Network_Behavioral_F25-54_320 x 50_Click and View_NV_NA,204447848,9/28/2017,5,1,4,2,2,1,1,1,0,3,3,4
TJN_MAR_023_Marshalls 2H Digital_F18,NinthDecimal,"PJPSS1_TJN_MAR_023_Mobile_NINTHDECIMAL_DST_SV1_MAP_DIR_RCH_TRG_RON_BTG_DMA_DVY_TV TARGETING: PEOPLE WHO WATCH BRAVO, TLC, HGTV, A&E, LIFETIME, DISCOVERY_Run of Network_Behavioral_F25-54_320 x 50_Click and View_NV_NA",204541508,9/28/2017,7884,145,7739,2709,5030,24,5006,4856,150,2733,2651,7507
TJN_MAR_023_Marshalls 2H Digital_F18,xAd Inc.,PJQ0YN_TJN_MAR_023_Mobile_GROUND TRUTH FKA XAD_DST_SV1_MAP_DIR_DSP_TRG_RON_PXT_BTG_DVY_GEOBLOCKS LOYALTY - DYNAMIC DISTANCE_Run of Network_Geo_F25-54_320 x 50_Click and View_NV_NA,204558328,9/24/2017,17052,407,16645,11633,5012,984,4028,3765,263,12617,10312,14077
TJN_TJX_TJMaxx 2H DIG_FY18,Viant,"PJNSH9_TJN_TJX_028_Data_VIANT INC_DSI_SV1_TWB_DIR_DSP_TRG_RON_BTG_CTG_DVY_PHASE 1_VIANT DIRECT MATCH RETAIL, COMPETITIVE CONQUESTING, DISPLAY_Fixed Placement_Behavioral_F25-54_300 x 250_Standard_NV_NA",204526701,10/11/2017,681,6,675,0,675,130,545,430,115,130,103,533
TJN_TJX_TJMaxx 2H DIG_FY18,Foursquare,"PJPRVH_TJN_TJX_028_Audience_FOURSQUARE LABS, INC_DST_SV1_MAP_PRO_DSP_TRG_RON_PXT_BTG_DVY_PHASE 1_PINPOINT COMPETITIVE CONQUESTING AV_Run of Network_Geo_F25-54_320 x 50_Standard_NV_NA",204478088,10/21/2017,3564,59,3505,2793,712,15,697,651,46,2808,2623,3274
TJN_TJX_TJMaxx 2H DIG_FY18,Conversant Inc.,PJNPLY_TJN_TJX_028_Audience_CONVERSANT_DST_SV1_DSK_NET_DSP_TRG_RON_BTG_BTG_DVY_PHASE 1_ DESKTOP WIDE SKYSCRAPER - CJ CONVERTERS LAL MODELING_Run of Site_Behavioral_P18+_160 x 600_Standard_NV_NA,204443386,10/5/2017,4603,310,4293,0,4293,473,3820,1337,2483,473,166,1503
TJN_TJX_TJMaxx 2H DIG_FY18,Conversant Inc.,PJPTMH_TJN_TJC_031_Audience_CONVERSANT_PUR_ROI_TAP_NET_DSP_TRG_RON_BTG_BTG_DVY_TABLET LEADERBOARD- COMPETITIVE CONQUESTING_Run of Site_Other_P18+_728 x 90_Standard_NV_NA,204483936,10/6/2017,915,9,906,0,906,114,792,329,463,114,47,376
TJN_TJX_TJMaxx 2H DIG_FY18,Foursquare,"PK0H83_TJN_TJX_028_Audience_FOURSQUARE LABS, INC_DST_SV1_MAP_PRO_RCH_TRG_RON_PXT_BTG_DVY_PHASE 1_MOBILE RICH MEDIA COMPETITIVE CONQUESTING - Fall Honeycomb_Run of Network_Geo_F25-54_300 x 250_Standard_NV_NA",205344161,9/26/2017,1637,91,1546,594,952,59,893,314,579,653,230,544
TJN_TJX_TJMaxx 2H DIG_FY18,xAd Inc.,PJPXK2_TJN_TJX_028_Mobile_GROUND TRUTH FKA XAD_DST_SV1_MAP_DIR_DSP_TRG_RON_PXT_PXT_DVY_PHASE 1_PROXIMITY LOYALTY PLACEMENT - STANDARD BANNER - Fall Hero_Run of Network_Geo_F25-54_300 x 250_Click and View_NV_NA,204442945,9/18/2017,9480,255,9225,9151,74,22,52,2,50,9173,353,355
TJN_TJX_TJMaxx 2H DIG_FY18,Viant,"PJSPBY_TJN_TJC_031_Data_VIANT INC_PUR_ROI_TWB_DIR_DSP_TRG_RON_BTG_MKT_DVY_DETERMINSTIC LAL OF ECOM CONVERTERS, CROSS DEVICE DISPLAY_Fixed Placement_Behavioral_F25-54_300 x 250_Click_NV_NA",204715651,10/2/2017,299,6,293,0,293,51,242,88,154,51,19,107
TJN_TJX_TJMaxx 2H DIG_FY18,Conversant Inc.,PJPTML_TJN_TJC_031_Audience_CONVERSANT_PUR_ROI_DSK_NET_DSP_TRG_RON_BTG_BTG_DVY_DESKTOP WIDE SKYSCRAPER- COMPETITIVE CONQUESTING_Run of Site_Other_P18+_160 x 600_Standard_NV_NA,204447224,10/13/2017,20300,1699,18601,1,18600,1163,17437,12903,4534,1164,861,13764
TJN_TJX_TJMaxx 2H DIG_FY18,Viant,"PK2X7F_TJN_TJX_028_Data_VIANT INC_DSI_SV1_DSK_DIR_RCH_TRG_INT_BTG_CTG_DVY_PHASE 1_VIANT IMP, W25-54 STRATEGIC SAVERS, CONTOBOX - Honeycomb_Fixed Placement_Behavioral_F25-54_728 x 90_Click and View_NV_NA",205727841,10/20/2017,18,5,13,8,5,0,5,5,0,8,8,13
TJN_TJX_TJMaxx 2H DIG_FY18,Conversant Inc.,PJNPMK_TJN_TJC_031_Audience_CONVERSANT_PUR_ROI_DSK_NET_DSP_TRG_RON_BTG_BTG_DVY_DESKTOP LEADERBOARD- STRATEGIC SAVERS_Run of Site_Other_P18+_728 x 90_Standard_NV_NA,204447263,10/9/2017,14189,727,13462,0,13462,2812,10650,6914,3736,2812,1826,8740
TJN_TJX_TJMaxx 2H DIG_FY18,xAd Inc.,PJMTN8_TJN_TJX_028_Mobile_GROUND TRUTH FKA XAD_DST_SV1_MAP_DIR_DSP_TRG_RON_BTG_BTG_DVY_PHASE 1_BEHAVIORAL AUDIENCE STRATEGIC SAVERS PLACEMENT - STANDARD BANNER - Maxx You Maxx Life_Run of Network_Behavioral_F25-54_320 x 50_Click and View_NV_NA,204447851,10/11/2017,15067,196,14871,3933,10938,139,10799,8564,2235,4072,3229,11793
TJN_TJX_TJMaxx 2H DIG_FY18,Conversant Inc.,PJNPLW_TJN_TJX_028_Audience_CONVERSANT_DST_SV1_DSK_NET_DSP_TRG_RON_BTG_BTG_DVY_PHASE 1_ DESKTOP MEDIUM RECTANGLE - CJ CONVERTERS LAL MODELING_Run of Site_Behavioral_P18+_300 x 250_Standard_NV_NA,204442024,10/5/2017,25126,2134,22992,0,22992,1778,21214,12401,8813,1778,1039,13440
TJN_TJX_TJMaxx 2H DIG_FY18,Hulu,PK3F7J_TJN_TJX_027_Content_HULU_BAF_BS2_TAP_DIR_CUS_SPN_CHS_CTG_CTG_DVY_HULU ROS: PREMIUM SLATE - TABLET IN APP_FEP_Contextual_F25-54_1920 x 1080_Standard_NV_NA,205725864,10/2/2017,7,0,7,7,0,0,0,0,0,7,5,5
TJN_TJX_TJMaxx 2H DIG_FY18,Conversant Inc.,PJPWPF_TJN_TJX_028_Audience_CONVERSANT_DST_SV1_TAP_NET_DSP_TRG_RON_BTG_BTG_DVY_PHASE 1_ TABLET LEADERBOARD - CONVERSANT SHOPPERS AV_Run of Site_Behavioral_P18+_728 x 90_Standard_NV_NA,204442915,9/24/2017,47,2,45,0,45,9,36,13,23,9,3,16
TJN_TJX_TJMaxx 2H DIG_FY18,Foursquare,"PKFMKF_TJN_TJX_028_Audience_FOURSQUARE LABS, INC_DST_SV1_MAP_PRO_RCH_TRG_RON_PXT_BTG_DVY_PHASE 1_MOBILE RICH MEDIA TRENDSETTERS - Find A Store V1_Run of Network_Geo_F25-54_320 x 50_Standard_NV_NA",206833551,10/16/2017,21609,342,21267,9670,11597,715,10882,6517,4365,10385,6219,12736
TJN_TJX_TJMaxx 2H DIG_FY18,Conversant Inc.,PJPWBV_TJN_TJX_028_Audience_CONVERSANT_DST_SV1_DSK_NET_DSP_TRG_RON_BTG_BTG_DVY_PHASE 1_ DESKTOP MEDIUM RECTANGLE - CJ INTERACTORS LAL MODELING_Run of Site_Behavioral_P18+_300 x 250_Standard_NV_NA,204447743,10/3/2017,7483,381,7102,0,7102,1302,5800,1892,3908,1302,425,2317
TJN_TJX_TJMaxx 2H DIG_FY18,Viant,"PJSPCM_TJN_TJC_031_Data_VIANT INC_PUR_ROI_TWB_DIR_DSP_TRG_RON_BTG_MKT_DVY_W25-54 + ONLINE SHOPPERS, CROSS DEVICE DISPLAY_Fixed Placement_Behavioral_F25-54_300 x 250_Click_NV_NA",204733512,10/13/2017,41291,623,40668,26,40642,3674,36968,24996,11972,3700,2502,27498
TJN_TJX_TJMaxx 2H DIG_FY18,PlaceIQ,PK18VB_TJN_TJX_028_Mobile_PLACEIQ INC_DST_SV1_MAP_DIR_DSP_TRG_RON_BTG_PXT_DVY_PHASE 1_STANDARD BANNER_TJX PROXIMITY LOYALISTS_WORK BY TJMAXX - Maxx You Maxx Life_Run of Network_Behavioral_F25-54_320 x 50_Click and View_NV_NA,205563149,10/13/2017,9814,154,9660,4309,5351,64,5287,5209,78,4373,4308,9517
TJN_TJX_TJMaxx 2H DIG_FY18,Foursquare,"PK0H81_TJN_TJX_028_Audience_FOURSQUARE LABS, INC_DST_SV1_MAP_PRO_RCH_TRG_RON_PXT_BTG_DVY_PHASE 1_MOBILE RICH MEDIA TRENDSETTERS - Fall Honeycomb_Run of Network_Geo_F25-54_300 x 250_Standard_NV_NA",205337093,10/10/2017,3465,179,3286,1063,2223,121,2102,532,1570,1184,300,832
TJN_TJX_TJMaxx 2H DIG_FY18,Conversant Inc.,PJPWPB_TJN_TJX_028_Audience_CONVERSANT_DST_SV1_DSK_NET_DSP_TRG_RON_BTG_BTG_DVY_PHASE 1_ DESKTOP RECTANGLE - CONVERSANT SHOPPERS AV_Run of Site_Behavioral_P18+_300 x 600_Standard_NV_NA,204447254,9/18/2017,139,11,128,0,128,35,93,26,67,35,10,36
TJN_TJX_TJMaxx 2H DIG_FY18,Hulu,PK3F7J_TJN_TJX_027_Content_HULU_BAF_BS2_TAP_DIR_CUS_SPN_CHS_CTG_CTG_DVY_HULU ROS: PREMIUM SLATE - TABLET IN APP_FEP_Contextual_F25-54_1920 x 1080_Standard_NV_NA,205725864,10/1/2017,6,4,2,2,0,0,0,0,0,2,1,1
TJN_TJX_TJMaxx 2H DIG_FY18,xAd Inc.,PJMTN5_TJN_TJX_028_Mobile_GROUND TRUTH FKA XAD_DST_SV1_MAP_DIR_RCH_TRG_RON_BTG_BTG_DVY_PHASE 1_BEHAVIORAL AUDIENCE TRENDSETTERS PLACEMENT - RICH MEDIA STORE LOCATOR - TJ Maxx_Run of Network_Behavioral_F25-54_320 x 50_Click and View_NV_NA,204442936,9/22/2017,20653,206,20447,6268,14179,160,14019,13224,795,6428,6063,19287
TJN_TJX_TJMaxx 2H DIG_FY18,NBC Universal Media,PK2LGK_TJN_TJX_028_Content_NBCUNI.COM_BAF_BS2_DSK_DIR_DSP_SPN_HPT_CTG_CTG_DCM_100% SOV NBC HOMEPAGE ROADBLOCK 10/17 - 970X66 DESKTOP_HP Takeover_Contextual_F25-54_970 x 66_Standard_NV_NA,205569500,10/17/2017,66319,2523,63796,104,63692,2292,61400,54076,7324,2396,2110,56186
TJN_TJX_TJMaxx 2H DIG_FY18,xAd Inc.,PJPXJS_TJN_TJX_028_Mobile_GROUND TRUTH FKA XAD_DST_SV1_MAP_DIR_DSP_TRG_RON_RTG_RTG_DVY_PHASE 1_LOCATION AUDIENCE COMPETITIVE CONQUESTING PLACEMENT - STANDARD BANNER - Fall Hero_Run of Network_Retarget_F25-54_300 x 250_Click and View_NV_NA,204446153,9/11/2017,11845,236,11609,11595,14,4,10,3,7,11599,3480,3483
TJN_TJX_TJMaxx 2H DIG_FY18,Viant,"PJSPBY_TJN_TJC_031_Data_VIANT INC_PUR_ROI_TWB_DIR_DSP_TRG_RON_BTG_MKT_DVY_DETERMINSTIC LAL OF ECOM CONVERTERS, CROSS DEVICE DISPLAY_Fixed Placement_Behavioral_F25-54_300 x 250_Click_NV_NA",204715651,10/1/2017,287,1,286,0,286,43,243,93,150,43,16,109
TJN_MAR_023_Marshalls 2H Digital_F18,xAd Inc.,PJQ0YN_TJN_MAR_023_Mobile_GROUND TRUTH FKA XAD_DST_SV1_MAP_DIR_DSP_TRG_RON_PXT_BTG_DVY_GEOBLOCKS LOYALTY - DYNAMIC DISTANCE_Run of Network_Geo_F25-54_320 x 50_Click and View_NV_NA,204558328,9/22/2017,16594,407,16187,12518,3669,1463,2206,2001,205,13981,11472,13473
TJN_TJX_TJMaxx 2H DIG_FY18,xAd Inc.,PJMTN8_TJN_TJX_028_Mobile_GROUND TRUTH FKA XAD_DST_SV1_MAP_DIR_DSP_TRG_RON_BTG_BTG_DVY_PHASE 1_BEHAVIORAL AUDIENCE STRATEGIC SAVERS PLACEMENT - STANDARD BANNER - Maxx You Maxx Life_Run of Network_Behavioral_F25-54_320 x 50_Click and View_NV_NA,204447851,10/6/2017,32199,660,31539,16087,15452,2100,13352,12834,518,18187,16639,29473
TJN_MAR_023_Marshalls 2H Digital_F18,NinthDecimal,PJPSRT_TJN_MAR_023_Mobile_NINTHDECIMAL_DST_SV1_MAP_DIR_RCH_TRG_RON_PXT_DMA_DVY_GEOFENCE: 15-20-MILE RADIUS AROUND RURAL STORES_Run of Network_Geo_F25-54_320 x 50_Click and View_NV_NA,204542885,9/29/2017,235097,4508,230589,94249,136340,706,135634,131874,3760,94955,92323,224197
TJN_TJX_TJMaxx 2H DIG_FY18,Conversant Inc.,PJPWPD_TJN_TJX_028_Audience_CONVERSANT_DST_SV1_MAP_NET_DSP_TRG_RON_BTG_BTG_DVY_PHASE 1_ SMARTPHONE SMALL BANNER  - CONVERSANT SHOPPERS AV_Run of Site_Behavioral_P18+_320 x 50_Standard_NV_NA,204447251,9/30/2017,1592,35,1557,0,1557,338,1219,915,304,338,254,1169
TJN_TJX_TJMaxx 2H DIG_FY18,xAd Inc.,PJPXJT_TJN_TJX_028_Mobile_GROUND TRUTH FKA XAD_DST_SV1_MAP_DIR_DSP_TRG_RON_RTG_RTG_DVY_PHASE 1_LOCATION AUDIENCE COMPETITIVE CONQUESTING PLACEMENT - STANDARD BANNER - TJMaxx_Run of Network_Retarget_F25-54_320 x 50_Click and View_NV_NA,204443440,10/13/2017,7435,96,7339,2627,4712,614,4098,2971,1127,3241,1910,4881
TJN_TJX_TJMaxx 2H DIG_FY18,Conversant Inc.,PJPTMM_TJN_TJC_031_Audience_CONVERSANT_PUR_ROI_MAP_NET_DSP_TRG_RON_BTG_BTG_DVY_SMARTPHONE SMALL BANNER - COMPETITIVE CONQUESTING_Run of Site_Other_P18+_320 x 50_Standard_NV_NA,204483939,10/17/2017,15422,249,15173,4,15169,1518,13651,11041,2610,1522,1231,12272
TJN_TJX_TJMaxx 2H DIG_FY18,Viant,"PJNSH9_TJN_TJX_028_Data_VIANT INC_DSI_SV1_TWB_DIR_DSP_TRG_RON_BTG_CTG_DVY_PHASE 1_VIANT DIRECT MATCH RETAIL, COMPETITIVE CONQUESTING, DISPLAY_Fixed Placement_Behavioral_F25-54_300 x 250_Standard_NV_NA",204526701,10/6/2017,13012,68,12944,0,12944,2635,10309,7496,2813,2635,1916,9412
TJN_TJX_TJMaxx 2H DIG_FY18,Conversant Inc.,PJPTMH_TJN_TJC_031_Audience_CONVERSANT_PUR_ROI_TAP_NET_DSP_TRG_RON_BTG_BTG_DVY_TABLET LEADERBOARD- COMPETITIVE CONQUESTING_Run of Site_Other_P18+_728 x 90_Standard_NV_NA,204483936,10/11/2017,2102,17,2085,10,2075,257,1818,1251,567,267,184,1435
TJN_MAR_023_Marshalls 2H Digital_F18,xAd Inc.,PJQ0YS_TJN_MAR_023_Mobile_GROUND TRUTH FKA XAD_DST_SV1_MAP_DIR_DSP_TRG_RON_DMA_BTG_DVY_AV DMA TARGETING_Run of Network_Geo_F25-54_300 x 250_Click and View_NV_NA,204558337,9/7/2017,54544,957,53587,4686,48901,557,48344,38118,10226,5243,4134,42252
TJN_TJX_TJMaxx 2H DIG_FY18,Conversant Inc.,PJPWPF_TJN_TJX_028_Audience_CONVERSANT_DST_SV1_TAP_NET_DSP_TRG_RON_BTG_BTG_DVY_PHASE 1_ TABLET LEADERBOARD - CONVERSANT SHOPPERS AV_Run of Site_Behavioral_P18+_728 x 90_Standard_NV_NA,204442915,9/22/2017,35,1,34,0,34,11,23,11,12,11,5,16
TJN_TJX_TJMaxx 2H DIG_FY18,Viant,"PJNSGP_TJN_TJX_028_Data_VIANT INC_DSI_SV1_MWB_DIR_DSP_TRG_RON_BTG_CTG_DVY_PHASE 1_VIANT DIRECT MATCH RETAIL, TJX PORFOLIO LOYALISTS, DISPLAY_Fixed Placement_Behavioral_F25-54_300 x 50_Standard_NV_NA",204525579,10/14/2017,6,0,6,0,6,0,6,5,1,0,0,5
TJN_MAR_023_Marshalls 2H Digital_F18,Spotify USA Inc.,PK0HN8_TJN_MAR_023_Audience_SPOTIFY USA INC_DST_SV2_MAP_DIR_DSP_TRG_ROS_DMA_PXT_DVY_MOBILE OVERLAY 630X920_Run of Site_Geo_F25-54_630 x 920_Click and View_NV_NA,205561904,10/3/2017,45943,739,45204,45204,0,0,0,0,0,45204,35742,35742
TJN_TJX_TJMaxx 2H DIG_FY18,Foursquare,"PKFMMC_TJN_TJX_028_Audience_FOURSQUARE LABS, INC_DST_SV1_MAP_PRO_RCH_TRG_RON_PXT_BTG_DVY_PHASE 1_MOBILE RICH MEDIA STRATEGIC SAVERS - Sweaters_Run of Network_Geo_F25-54_300 x 250_Standard_NV_NA",206771960,10/16/2017,3543,29,3514,370,3144,166,2978,792,2186,536,143,935
TJN_TJX_TJMaxx 2H DIG_FY18,Viant,"PJSPCK_TJN_TJC_031_Data_VIANT INC_PUR_ROI_MWB_DIR_DSP_TRG_RON_BTG_MKT_DVY_W25-54 + ONLINE SHOPPERS, CROSS DEVICE DISPLAY_Fixed Placement_Behavioral_F25-54_160 x 600_Click_NV_NA",204733041,10/15/2017,1799,44,1755,1,1754,128,1626,422,1204,129,33,455
TJN_TJX_TJMaxx 2H DIG_FY18,Foursquare,"PJMQ2K_TJN_TJX_028_Audience_FOURSQUARE LABS, INC_DST_SV1_MAP_PRO_DSP_TRG_RON_PXT_BTG_DVY_PHASE 1_PINPOINT STRATEGIC SAVERS_Run of Network_Geo_F25-54_320 x 50_Standard_NV_NA",204483454,10/3/2017,27776,1086,26690,11819,14871,604,14267,11810,2457,12423,10284,22094
TJN_TJX_TJMaxx 2H DIG_FY18,xAd Inc.,PKF5JT_TJN_TJX_028_Mobile_GROUND TRUTH FKA XAD_DST_SV1_MAP_DIR_DSP_TRG_RON_RTG_RTG_DVY_PHASE 1_LOCATION AUDIENCE COMPETITIVE CONQUESTING PLACEMENT - STANDARD BANNER - Find A Store V1_Run of Network_Retarget_F25-54_320 x 50_Click and View_NV_NA,206813083,10/13/2017,746,22,724,94,630,7,623,407,216,101,66,473
TJN_TJX_TJMaxx 2H DIG_FY18,Viant,"PJNSGV_TJN_TJX_028_Data_VIANT INC_DSI_SV1_DSK_DIR_DSP_TRG_RON_BTG_CTG_DVY_PHASE 1_VIANT DIRECT MATCH RETAIL, TJX PORFOLIO LOYALISTS, DISPLAY_Fixed Placement_Behavioral_F25-54_728 x 90_Standard_NV_NA",204478511,10/19/2017,20705,462,20243,1,20242,601,19641,15924,3717,602,488,16412
TJN_TJX_TJMaxx 2H DIG_FY18,Viant,"PK2X7D_TJN_TJX_028_Data_VIANT INC_DSI_SV1_TWB_DIR_RCH_TRG_INT_BTG_CTG_DVY_PHASE 1_VIANT IMP, W25-54 STRATEGIC SAVERS, CONTOBOX - Honeycomb_Fixed Placement_Behavioral_F25-54_728 x 90_Click and View_NV_NA",205727832,10/8/2017,7893,91,7802,22,7780,642,7138,2006,5132,664,187,2193
TJN_TJX_TJMaxx 2H DIG_FY18,xAd Inc.,PJMTNQ_TJN_TJX_028_Mobile_GROUND TRUTH FKA XAD_DST_SV1_MAP_DIR_RCH_TRG_RON_BTG_BTG_DVY_PHASE 1_BEHAVIORAL AUDIENCE STRATEGIC SAVERS PLACEMENT - RICH MEDIA STORE LOCATOR - TJ Maxx_Run of Network_Behavioral_F25-54_320 x 50_Click and View_NV_NA,204447845,10/14/2017,6882,90,6792,2832,3960,151,3809,3119,690,2983,2443,5562
TJN_TJX_TJMaxx 2H DIG_FY18,NBC Universal Media,PK2LFH_TJN_TJX_028_Content_NBCUNI.COM_BAF_BS2_DSK_DIR_DSP_SPN_HPT_CTG_CTG_DCM_100% SOV NBC HOMEPAGE ROADBLOCK 10/3 - 300X250 DESKTOP_HP Takeover_Contextual_F25-54_300 x 250_Standard_NV_NA,205566908,10/2/2017,6,0,6,0,6,0,6,6,0,0,0,6
TJN_MAR_023_Marshalls 2H Digital_F18,xAd Inc.,PJQ0YG_TJN_MAR_023_Mobile_GROUND TRUTH FKA XAD_DST_SV1_MAP_DIR_DSP_TRG_RON_BTG_DMA_DVY_BEHAVIORAL - FASHION SHOPPER - DYNAMIC DISTANCE_Run of Network_Behavioral_F25-54_320 x 50_Click and View_NV_NA,204557581,10/10/2017,67626,279,67347,59339,8008,201,7807,6915,892,59540,52724,59639
TJN_TJX_TJMaxx 2H DIG_FY18,Foursquare,"PJPSSW_TJN_TJX_028_Audience_FOURSQUARE LABS, INC_DST_SV1_MAP_PRO_RCH_TRG_RON_PXT_BTG_DVY_PHASE 1_MOBILE RICH MEDIA STRATEGIC SAVERS - Find A TJ Maxx Store_Run of Network_Geo_F25-54_320 x 50_Standard_NV_NA",204525357,10/16/2017,8,7,1,1,0,0,0,0,0,1,1,1
TJN_MAR_023_Marshalls 2H Digital_F18,xAd Inc.,PJQ0YC_TJN_MAR_023_Mobile_GROUND TRUTH FKA XAD_DST_SV1_MAP_DIR_DSP_TRG_RON_PXT_BTG_DVY_PROXIMITY CONQUESTING - DYNAMIC DISTANCE_Run of Network_Geo_F25-54_300 x 250_Click and View_NV_NA,204595923,9/18/2017,8236,346,7890,7890,0,0,0,0,0,7890,4884,4884
TJN_MAR_023_Marshalls 2H Digital_F18,NinthDecimal,"PJPSS1_TJN_MAR_023_Mobile_NINTHDECIMAL_DST_SV1_MAP_DIR_RCH_TRG_RON_BTG_DMA_DVY_TV TARGETING: PEOPLE WHO WATCH BRAVO, TLC, HGTV, A&E, LIFETIME, DISCOVERY_Run of Network_Behavioral_F25-54_320 x 50_Click and View_NV_NA",204541508,10/14/2017,28574,359,28215,6695,21520,129,21391,20412,979,6824,6512,26924
TJN_MAR_023_Marshalls 2H Digital_F18,xAd Inc.,PJQ0YH_TJN_MAR_023_Mobile_GROUND TRUTH FKA XAD_DST_SV1_MAP_DIR_DSP_TRG_RON_BTG_DMA_DVY_BEHAVIORAL - FASHION SHOPPER - DYNAMIC DISTANCE_Run of Network_Behavioral_F25-54_300 x 250_Click and View_NV_NA,204543443,9/8/2017,12863,245,12618,12609,9,0,9,3,6,12609,4203,4206
TJN_TJX_TJMaxx 2H DIG_FY18,Viant,"PJNSGQ_TJN_TJX_028_Data_VIANT INC_DSI_SV1_MWB_DIR_DSP_TRG_RON_BTG_CTG_DVY_PHASE 1_VIANT DIRECT MATCH RETAIL, TJX PORFOLIO LOYALISTS, DISPLAY_Fixed Placement_Behavioral_F25-54_300 x 250_Standard_NV_NA",204482395,9/19/2017,78,0,78,0,78,7,71,32,39,7,3,35
TJN_MAR_023_Marshalls 2H Digital_F18,xAd Inc.,PJQ0YK_TJN_MAR_023_Mobile_GROUND TRUTH FKA XAD_DST_SV1_MAP_DIR_DSP_TRG_RON_BTG_PXT_DVY_MARSHALLS SHOPPERS - DYNAMIC DISTANCE_Run of Network_Geo_F25-54_300 x 250_Click and View_NV_NA,204543440,10/10/2017,4275,46,4229,4229,0,0,0,0,0,4229,4229,4229
TJN_TJX_TJMaxx 2H DIG_FY18,Conversant Inc.,PJNPM2_TJN_TJX_028_Audience_CONVERSANT_DST_SV1_MAP_NET_DSP_TRG_RON_BTG_BTG_DVY_PHASE 1_ SMARTPHONE MEDIUM RECTANGLE  - CJ CONVERTERS LAL MODELING_Run of Site_Behavioral_P18+_300 x 250_Standard_NV_NA,204442021,9/19/2017,7,6,1,0,1,0,1,1,0,0,0,1
TJN_TJX_TJMaxx 2H DIG_FY18,Foursquare,"PK0H83_TJN_TJX_028_Audience_FOURSQUARE LABS, INC_DST_SV1_MAP_PRO_RCH_TRG_RON_PXT_BTG_DVY_PHASE 1_MOBILE RICH MEDIA COMPETITIVE CONQUESTING - Fall Honeycomb_Run of Network_Geo_F25-54_300 x 250_Standard_NV_NA",205344161,10/9/2017,2234,186,2048,918,1130,61,1069,381,688,979,349,730
TJN_TJX_TJMaxx 2H DIG_FY18,Conversant Inc.,PJNPLY_TJN_TJX_028_Audience_CONVERSANT_DST_SV1_DSK_NET_DSP_TRG_RON_BTG_BTG_DVY_PHASE 1_ DESKTOP WIDE SKYSCRAPER - CJ CONVERTERS LAL MODELING_Run of Site_Behavioral_P18+_160 x 600_Standard_NV_NA,204443386,10/17/2017,25549,1858,23691,4,23687,3359,20328,8140,12188,3363,1347,9487
TJN_MAR_023_Marshalls 2H Digital_F18,xAd Inc.,PJQ0YM_TJN_MAR_023_Mobile_GROUND TRUTH FKA XAD_DST_SV1_MAP_DIR_DSP_TRG_RON_BTG_PXT_DVY_COMPETITOR SHOPPERS - DYNAMIC DISTANCE_Run of Network_Geo_F25-54_300 x 250_Click and View_NV_NA,204555259,10/18/2017,5282,358,4924,4924,0,0,0,0,0,4924,4271,4271
TJN_TJX_TJMaxx 2H DIG_FY18,Conversant Inc.,PJPWP8_TJN_TJX_028_Audience_CONVERSANT_DST_SV1_DSK_NET_DSP_TRG_RON_BTG_BTG_DVY_PHASE 1_ DESKTOP LEADERBOARD - CONVERSANT SHOPPERS AV_Run of Site_Behavioral_P18+_728 x 90_Standard_NV_NA,204446132,9/22/2017,508,60,448,0,448,60,388,300,88,60,46,346
TJN_TJX_TJMaxx 2H DIG_FY18,xAd Inc.,PJMTNQ_TJN_TJX_028_Mobile_GROUND TRUTH FKA XAD_DST_SV1_MAP_DIR_RCH_TRG_RON_BTG_BTG_DVY_PHASE 1_BEHAVIORAL AUDIENCE STRATEGIC SAVERS PLACEMENT - RICH MEDIA STORE LOCATOR - TJ Maxx_Run of Network_Behavioral_F25-54_320 x 50_Click and View_NV_NA,204447845,9/14/2017,13,2,11,8,3,2,1,1,0,10,10,11
TJN_TJX_TJMaxx 2H DIG_FY18,Conversant Inc.,PJPTLN_TJN_TJC_031_Audience_CONVERSANT_PUR_ROI_MAP_NET_DSP_TRG_RON_BTG_BTG_DVY_SMARTPHONE MEDIUM RECTANGLE - TRENDSETTERS_Run of Site_Other_P18+_300 x 250_Standard_NV_NA,204446141,10/15/2017,688,11,677,0,677,99,578,427,151,99,73,500
TJN_MAR_023_Marshalls 2H Digital_F18,NinthDecimal,"PJPSS1_TJN_MAR_023_Mobile_NINTHDECIMAL_DST_SV1_MAP_DIR_RCH_TRG_RON_BTG_DMA_DVY_TV TARGETING: PEOPLE WHO WATCH BRAVO, TLC, HGTV, A&E, LIFETIME, DISCOVERY_Run of Network_Behavioral_F25-54_320 x 50_Click and View_NV_NA",204541508,9/14/2017,16479,310,16169,5522,10647,79,10568,10177,391,5601,5394,15571
TJN_TJX_TJMaxx 2H DIG_FY18,Viant,"PK2V4Y_TJN_TJX_028_Data_VIANT INC_DSI_SV1_MWB_DIR_RCH_TRG_INT_BTG_CTG_DVY_PHASE 1_VIANT IMP, W25-54 STRATEGIC SAVERS, CONTOBOX - Fall Homes_Fixed Placement_Behavioral_F25-54_320 x 50_Click and View_NV_NA",205685980,10/11/2017,180,43,137,12,125,35,90,75,15,47,39,114
TJN_TJX_TJMaxx 2H DIG_FY18,xAd Inc.,PJPXJX_TJN_TJX_028_Mobile_GROUND TRUTH FKA XAD_DST_SV1_MAP_DIR_DSP_TRG_RON_BTG_BTG_DVY_PHASE 1_BEHAVIORAL AUDIENCE STRATEGIC SAVERS PLACEMENT - STANDARD BANNER - TJMaxx_Run of Network_Behavioral_F25-54_320 x 50_Click and View_NV_NA,204447848,9/14/2017,22630,220,22410,3508,18902,4148,14754,12877,1877,7656,6682,19559
TJN_TJX_TJMaxx 2H DIG_FY18,xAd Inc.,PJPXJR_TJN_TJX_028_Mobile_GROUND TRUTH FKA XAD_DST_SV1_MAP_DIR_DSP_TRG_RON_RTG_RTG_DVY_PHASE 1_LOCATION AUDIENCE TJX SHOPPERS PLACEMENT - STANDARD BANNER - Fall Hero_Run of Network_Retarget_F25-54_300 x 250_Click and View_NV_NA,204442105,10/11/2017,8251,226,8025,7928,97,2,95,76,19,7930,6344,6420
TJN_TJX_TJMaxx 2H DIG_FY18,xAd Inc.,PJPXJQ_TJN_TJX_028_Mobile_GROUND TRUTH FKA XAD_DST_SV1_MAP_DIR_DSP_TRG_RON_RTG_RTG_DVY_PHASE 1_LOCATION AUDIENCE TJX SHOPPERS PLACEMENT - STANDARD BANNER - TJMaxx_Run of Network_Retarget_F25-54_320 x 50_Click and View_NV_NA,204447839,9/23/2017,31050,445,30605,13475,17130,6988,10142,9278,864,20463,17715,26993
TJN_TJX_TJMaxx 2H DIG_FY18,Conversant Inc.,PJNPLW_TJN_TJX_028_Audience_CONVERSANT_DST_SV1_DSK_NET_DSP_TRG_RON_BTG_BTG_DVY_PHASE 1_ DESKTOP MEDIUM RECTANGLE - CJ CONVERTERS LAL MODELING_Run of Site_Behavioral_P18+_300 x 250_Standard_NV_NA,204442024,10/17/2017,160365,13063,147302,3,147299,11136,136163,76613,59550,11139,6267,82880
TJN_TJX_TJMaxx 2H DIG_FY18,Viant,"PK2V4Z_TJN_TJX_028_Data_VIANT INC_DSI_SV1_MWB_DIR_RCH_TRG_INT_BTG_CTG_DVY_PHASE 1_VIANT IMP, W25-54 STRATEGIC SAVERS, CONTOBOX - Fall Homes_Fixed Placement_Behavioral_F25-54_300 x 250_Click and View_NV_NA",205726911,10/16/2017,2,0,2,1,1,0,1,1,0,1,1,2
TJN_TJX_TJMaxx 2H DIG_FY18,NBC Universal Media,PK2KLX_TJN_TJX_028_Content_NBCUNI.COM_BAF_BS2_OTT_DIR_VID_SPN_ROS_BTG_CTG_MOA_THIS IS US SPONSORSHIP: OTT - VIGNETTE 4_Run of Site_Behavioral_F25-54_1920 x 1080_Click and View_NV_NA,205563476,10/18/2017,217848,296,217552,217552,0,0,0,0,0,217552,167673,167673
TJN_TJX_TJMaxx 2H DIG_FY18,NBC Universal Media,PK2LHH_TJN_TJX_028_Content_NBCUNI.COM_BAF_BS2_DSK_DIR_DSP_SPN_HPT_CTG_CTG_DCM_100% SOV NBC THIS IS US ROADBLOCK 10/10 - 300X250 DESKTOP_HP Takeover_Contextual_F25-54_300 x 250_Standard_NV_NA,205563515,10/11/2017,40471,1766,38705,92,38613,1423,37190,25272,11918,1515,1029,26301
TJN_TJX_TJMaxx 2H DIG_FY18,NBC Universal Media,PK2KLP_TJN_TJX_028_Content_NBCUNI.COM_BAF_BS2_MAP_DIR_VID_SPN_ROS_BTG_CTG_MOA_THIS IS US SPONSORSHIP: MOBILE - VIGNETTE 4_Run of Site_Behavioral_F25-54_1920 x 1080_Click and View_NV_NA,205613680,10/18/2017,52788,406,52382,52382,0,0,0,0,0,52382,40372,40372
TJN_TJX_TJMaxx 2H DIG_FY18,xAd Inc.,PJPXJQ_TJN_TJX_028_Mobile_GROUND TRUTH FKA XAD_DST_SV1_MAP_DIR_DSP_TRG_RON_RTG_RTG_DVY_PHASE 1_LOCATION AUDIENCE TJX SHOPPERS PLACEMENT - STANDARD BANNER - TJMaxx_Run of Network_Retarget_F25-54_320 x 50_Click and View_NV_NA,204447839,10/2/2017,2,0,2,1,1,1,0,0,0,2,2,2
TJN_TJX_TJMaxx 2H DIG_FY18,xAd Inc.,PKF44R_TJN_TJX_028_Mobile_GROUND TRUTH FKA XAD_DST_SV1_MAP_DIR_RCH_TRG_RON_BTG_BTG_DVY_PHASE 1_BEHAVIORAL AUDIENCE STRATEGIC SAVERS PLACEMENT - RICH MEDIA STORE LOCATOR - Find A Store V1_Run of Network_Behavioral_F25-54_320 x 50_Click and View_NV_NA,206772029,10/19/2017,8146,111,8035,3267,4768,167,4601,3649,952,3434,2723,6372
TJN_TJX_TJMaxx 2H DIG_FY18,Foursquare,"PJPRVC_TJN_TJX_028_Audience_FOURSQUARE LABS, INC_DST_SV1_MAP_PRO_DSP_TRG_RON_PXT_BTG_DVY_PHASE 1_PINPOINT TRENDSETTERS AV_Run of Network_Geo_F25-54_320 x 50_Standard_NV_NA",204527421,10/1/2017,1586,20,1566,450,1116,27,1089,859,230,477,376,1235
TJN_TJX_TJMaxx 2H DIG_FY18,Foursquare,"PJPSSX_TJN_TJX_028_Audience_FOURSQUARE LABS, INC_DST_SV1_MAP_PRO_RCH_TRG_RON_PXT_BTG_DVY_PHASE 1_MOBILE RICH MEDIA TRENDSETTERS - Fall Handbag_Run of Network_Geo_F25-54_300 x 250_Standard_NV_NA",204525354,9/30/2017,1627,83,1544,348,1196,35,1161,539,622,383,178,717
TJN_TJX_TJMaxx 2H DIG_FY18,Foursquare,"PJPRVC_TJN_TJX_028_Audience_FOURSQUARE LABS, INC_DST_SV1_MAP_PRO_DSP_TRG_RON_PXT_BTG_DVY_PHASE 1_PINPOINT TRENDSETTERS AV_Run of Network_Geo_F25-54_320 x 50_Standard_NV_NA",204527421,10/2/2017,1332,28,1304,327,977,29,948,746,202,356,280,1026
TJN_TJX_TJMaxx 2H DIG_FY18,Conversant Inc.,PJNPMH_TJN_TJC_031_Audience_CONVERSANT_PUR_ROI_MAP_NET_DSP_TRG_RON_BTG_BTG_DVY_SMARTPHONE SMALL BANNER - STRATEGIC SAVERS_Run of Site_Other_P18+_320 x 50_Standard_NV_NA,204442066,10/16/2017,27407,395,27012,11,27001,2551,24450,19823,4627,2562,2077,21900
TJN_MAR_023_Marshalls 2H Digital_F18,NinthDecimal,PJPSRT_TJN_MAR_023_Mobile_NINTHDECIMAL_DST_SV1_MAP_DIR_RCH_TRG_RON_PXT_DMA_DVY_GEOFENCE: 15-20-MILE RADIUS AROUND RURAL STORES_Run of Network_Geo_F25-54_320 x 50_Click and View_NV_NA,204542885,9/10/2017,16513,314,16199,6044,10155,41,10114,9921,193,6085,5969,15890
TJN_TJX_TJMaxx 2H DIG_FY18,Viant,"PJNSGT_TJN_TJX_028_Data_VIANT INC_DSI_SV1_DSK_DIR_DSP_TRG_RON_BTG_CTG_DVY_PHASE 1_VIANT DIRECT MATCH RETAIL, TJX PORFOLIO LOYALISTS, DISPLAY_Fixed Placement_Behavioral_F25-54_160 x 600_Standard_NV_NA",204483025,9/17/2017,1442,58,1384,0,1384,62,1322,657,665,62,31,688
TJN_TJX_TJMaxx 2H DIG_FY18,Viant,"PJNSH6_TJN_TJX_028_Data_VIANT INC_DSI_SV1_TWB_DIR_DSP_TRG_RON_BTG_CTG_DVY_PHASE 1_VIANT DIRECT MATCH RETAIL, COMPETITIVE CONQUESTING, DISPLAY_Fixed Placement_Behavioral_F25-54_160 x 600_Standard_NV_NA",204483604,10/17/2017,9,0,9,0,9,0,9,6,3,0,0,6
TJN_TJX_TJMaxx 2H DIG_FY18,Viant,"PJNSGQ_TJN_TJX_028_Data_VIANT INC_DSI_SV1_MWB_DIR_DSP_TRG_RON_BTG_CTG_DVY_PHASE 1_VIANT DIRECT MATCH RETAIL, TJX PORFOLIO LOYALISTS, DISPLAY_Fixed Placement_Behavioral_F25-54_300 x 250_Standard_NV_NA",204482395,10/13/2017,1172,22,1150,0,1150,249,901,700,201,249,193,893
TJN_TJX_TJMaxx 2H DIG_FY18,Conversant Inc.,PJNPM2_TJN_TJX_028_Audience_CONVERSANT_DST_SV1_MAP_NET_DSP_TRG_RON_BTG_BTG_DVY_PHASE 1_ SMARTPHONE MEDIUM RECTANGLE  - CJ CONVERTERS LAL MODELING_Run of Site_Behavioral_P18+_300 x 250_Standard_NV_NA,204442021,10/13/2017,16096,260,15836,45,15791,2455,13336,3678,9658,2500,689,4367
TJN_TJX_TJMaxx 2H DIG_FY18,xAd Inc.,PJPXJZ_TJN_TJX_028_Mobile_GROUND TRUTH FKA XAD_DST_SV1_MAP_DIR_DSP_TRG_RON_BTG_BTG_DVY_PHASE 1_BEHAVIORAL AUDIENCE TRENDSETTERS PLACEMENT - STANDARD BANNER - Fall Hero_Run of Network_Behavioral_F25-54_300 x 250_Click and View_NV_NA,204446156,9/20/2017,20410,482,19928,19912,16,3,13,3,10,19915,4596,4599
TJN_TJX_TJMaxx 2H DIG_FY18,xAd Inc.,PJPXJQ_TJN_TJX_028_Mobile_GROUND TRUTH FKA XAD_DST_SV1_MAP_DIR_DSP_TRG_RON_RTG_RTG_DVY_PHASE 1_LOCATION AUDIENCE TJX SHOPPERS PLACEMENT - STANDARD BANNER - TJMaxx_Run of Network_Retarget_F25-54_320 x 50_Click and View_NV_NA,204447839,10/1/2017,3,0,3,2,1,1,0,0,0,3,3,3
TJN_TJX_TJMaxx 2H DIG_FY18,Conversant Inc.,PJNPMF_TJN_TJC_031_Audience_CONVERSANT_PUR_ROI_DSK_NET_DSP_TRG_RON_BTG_BTG_DVY_DESKTOP RECTANGLE- STRATEGIC SAVERS_Run of Site_Other_P18+_300 x 600_Standard_NV_NA,204442069,10/21/2017,191,13,178,0,178,40,138,29,109,40,8,37
TJN_TJX_TJMaxx 2H DIG_FY18,Conversant Inc.,PJPWP8_TJN_TJX_028_Audience_CONVERSANT_DST_SV1_DSK_NET_DSP_TRG_RON_BTG_BTG_DVY_PHASE 1_ DESKTOP LEADERBOARD - CONVERSANT SHOPPERS AV_Run of Site_Behavioral_P18+_728 x 90_Standard_NV_NA,204446132,9/24/2017,513,40,473,0,473,104,369,216,153,104,61,277
TJN_TJX_TJMaxx 2H DIG_FY18,Conversant Inc.,PJNPMC_TJN_TJC_031_Audience_CONVERSANT_PUR_ROI_TAP_NET_DSP_TRG_RON_BTG_BTG_DVY_TABLET LEADERBOARD- STRATEGIC SAVERS_Run of Site_Other_P18+_728 x 90_Standard_NV_NA,204442918,10/10/2017,2312,22,2290,5,2285,305,1980,1128,852,310,177,1305
TJN_TJX_TJMaxx 2H DIG_FY18,Conversant Inc.,PJPWPH_TJN_TJX_028_Audience_CONVERSANT_DST_SV1_MAP_NET_DSP_TRG_RON_BTG_BTG_DVY_PHASE 1_ SMARTPHONE MEDIUM RECTANGLE  - CONVERSANT SHOPPERS AV_Run of Site_Behavioral_P18+_300 x 250_Standard_NV_NA,204442060,10/7/2017,427,5,422,0,422,73,349,137,212,73,29,166
TJN_TJX_TJMaxx 2H DIG_FY18,Viant,"PJSPBX_TJN_TJC_031_Data_VIANT INC_PUR_ROI_TWB_DIR_DSP_TRG_RON_BTG_MKT_DVY_DETERMINSTIC LAL OF ECOM CONVERTERS, CROSS DEVICE DISPLAY_Fixed Placement_Behavioral_F25-54_728 x 90_Click_NV_NA",204716188,10/8/2017,1158,28,1130,0,1130,194,936,470,466,194,97,567
TJN_TJX_TJMaxx 2H DIG_FY18,Foursquare,"PJPRVC_TJN_TJX_028_Audience_FOURSQUARE LABS, INC_DST_SV1_MAP_PRO_DSP_TRG_RON_PXT_BTG_DVY_PHASE 1_PINPOINT TRENDSETTERS AV_Run of Network_Geo_F25-54_320 x 50_Standard_NV_NA",204527421,9/23/2017,2829,276,2553,864,1689,63,1626,1244,382,927,709,1953
TJN_TJX_TJMaxx 2H DIG_FY18,Viant,"PJNSGQ_TJN_TJX_028_Data_VIANT INC_DSI_SV1_MWB_DIR_DSP_TRG_RON_BTG_CTG_DVY_PHASE 1_VIANT DIRECT MATCH RETAIL, TJX PORFOLIO LOYALISTS, DISPLAY_Fixed Placement_Behavioral_F25-54_300 x 250_Standard_NV_NA",204482395,9/13/2017,3,0,3,0,3,0,3,3,0,0,0,3
TJN_TJX_TJMaxx 2H DIG_FY18,Foursquare,"PJPRQH_TJN_TJX_028_Audience_FOURSQUARE LABS, INC_DST_SV1_MAP_PRO_DSP_TRG_RON_PXT_BTG_DVY_PHASE 1_PINPOINT STRATEGIC SAVERS AV_Run of Network_Geo_F25-54_300 x 250_Standard_NV_NA",204481807,10/18/2017,75,1,74,65,9,1,8,6,2,66,50,56
TJN_TJX_TJMaxx 2H DIG_FY18,Viant,"PKGJ6J_TJN_TJC_031_Data_VIANT INC_PUR_ROI_TWB_DIR_CUS_TRG_NAT_BTG_MKT_DVY_W25-54 + KEYWORD TARGETING, CROSS DEVICE NATIVE - Dresses_Fixed Placement_Contextual_F25-54_0 x 0_Click_NV_NA",206833317,10/20/2017,12781,139,12642,12642,0,0,0,0,0,12642,7525,7525
TJN_TJX_TJMaxx 2H DIG_FY18,Viant,"PJSPBS_TJN_TJC_031_Data_VIANT INC_PUR_ROI_DSK_DIR_DSP_TRG_RON_BTG_MKT_DVY_DETERMINSTIC LAL OF ECOM CONVERTERS, CROSS DEVICE DISPLAY_Fixed Placement_Behavioral_F25-54_728 x 90_Click_NV_NA",204733518,10/16/2017,45529,3277,42252,3,42249,1791,40458,33445,7013,1794,1483,34928
TJN_TJX_TJMaxx 2H DIG_FY18,Conversant Inc.,PJPTMM_TJN_TJC_031_Audience_CONVERSANT_PUR_ROI_MAP_NET_DSP_TRG_RON_BTG_BTG_DVY_SMARTPHONE SMALL BANNER - COMPETITIVE CONQUESTING_Run of Site_Other_P18+_320 x 50_Standard_NV_NA,204483939,10/5/2017,21438,425,21013,0,21013,4065,16948,11365,5583,4065,2726,14091
TJN_TJX_TJMaxx 2H DIG_FY18,Viant,"PJNSGP_TJN_TJX_028_Data_VIANT INC_DSI_SV1_MWB_DIR_DSP_TRG_RON_BTG_CTG_DVY_PHASE 1_VIANT DIRECT MATCH RETAIL, TJX PORFOLIO LOYALISTS, DISPLAY_Fixed Placement_Behavioral_F25-54_300 x 50_Standard_NV_NA",204525579,9/28/2017,7,2,5,0,5,0,5,5,0,0,0,5
TJN_TJX_TJMaxx 2H DIG_FY18,xAd Inc.,PJPXJR_TJN_TJX_028_Mobile_GROUND TRUTH FKA XAD_DST_SV1_MAP_DIR_DSP_TRG_RON_RTG_RTG_DVY_PHASE 1_LOCATION AUDIENCE TJX SHOPPERS PLACEMENT - STANDARD BANNER - Fall Hero_Run of Network_Retarget_F25-54_300 x 250_Click and View_NV_NA,204442105,10/6/2017,12258,362,11896,10922,974,13,961,926,35,10935,10533,11459
TJN_TJX_TJMaxx 2H DIG_FY18,Foursquare,"PKFMLR_TJN_TJX_028_Audience_FOURSQUARE LABS, INC_DST_SV1_MAP_PRO_RCH_TRG_RON_PXT_BTG_DVY_PHASE 1_MOBILE RICH MEDIA STRATEGIC SAVERS - Find A Store V2_Run of Network_Geo_F25-54_320 x 50_Standard_NV_NA",206832741,10/16/2017,7836,107,7729,2901,4828,258,4570,2700,1870,3159,1866,4566
TJN_TJX_TJMaxx 2H DIG_FY18,Viant,"PK2V4Y_TJN_TJX_028_Data_VIANT INC_DSI_SV1_MWB_DIR_RCH_TRG_INT_BTG_CTG_DVY_PHASE 1_VIANT IMP, W25-54 STRATEGIC SAVERS, CONTOBOX - Fall Homes_Fixed Placement_Behavioral_F25-54_320 x 50_Click and View_NV_NA",205685980,10/6/2017,8518,79,8439,4,8435,1541,6894,3368,3526,1545,755,4123
TJN_TJX_TJMaxx 2H DIG_FY18,Foursquare,"PJPSSZ_TJN_TJX_028_Audience_FOURSQUARE LABS, INC_DST_SV1_MAP_PRO_RCH_TRG_RON_PXT_BTG_DVY_PHASE 1_MOBILE RICH MEDIA COMPETITIVE CONQUESTING - Fall Handbag_Run of Network_Geo_F25-54_300 x 250_Standard_NV_NA",204478073,10/7/2017,285,16,269,97,172,8,164,56,108,105,36,92
TJN_MAR_023_Marshalls 2H Digital_F18,xAd Inc.,PJQ0YH_TJN_MAR_023_Mobile_GROUND TRUTH FKA XAD_DST_SV1_MAP_DIR_DSP_TRG_RON_BTG_DMA_DVY_BEHAVIORAL - FASHION SHOPPER - DYNAMIC DISTANCE_Run of Network_Behavioral_F25-54_300 x 250_Click and View_NV_NA,204543443,10/7/2017,62097,8721,53376,53280,96,4,92,75,17,53284,43387,43462
TJN_TJX_TJMaxx 2H DIG_FY18,NBC Universal Media,PK2KJV_TJN_TJX_028_Content_NBCUNI.COM_BAF_BS2_OTT_DIR_VID_SPN_ROS_BTG_CTG_MOA_THIS IS US SPONSORSHIP: OTT - VIGNETTE 2_Run of Site_Behavioral_F25-54_1920 x 1080_Click and View_NV_NA,205613677,10/3/2017,29893,20,29873,29873,0,0,0,0,0,29873,18867,18867
TJN_TJX_TJMaxx 2H DIG_FY18,Viant,"PJSPCG_TJN_TJC_031_Data_VIANT INC_PUR_ROI_DSK_DIR_DSP_TRG_RON_BTG_MKT_DVY_W25-54 + ONLINE SHOPPERS, CROSS DEVICE DISPLAY_Fixed Placement_Behavioral_F25-54_300 x 50_Click_NV_NA",204716182,10/20/2017,50,4,46,0,46,7,39,35,4,7,6,41
TJN_TJX_TJMaxx 2H DIG_FY18,Viant,"PK2V4Z_TJN_TJX_028_Data_VIANT INC_DSI_SV1_MWB_DIR_RCH_TRG_INT_BTG_CTG_DVY_PHASE 1_VIANT IMP, W25-54 STRATEGIC SAVERS, CONTOBOX - Fall Homes_Fixed Placement_Behavioral_F25-54_300 x 250_Click and View_NV_NA",205726911,9/30/2017,1446,33,1413,3,1410,102,1308,285,1023,105,23,308
TJN_TJX_TJMaxx 2H DIG_FY18,Conversant Inc.,PJPWPG_TJN_TJX_028_Audience_CONVERSANT_DST_SV1_TAP_NET_DSP_TRG_RON_BTG_BTG_DVY_PHASE 1_ TABLET MEDIUM RECTANGLE  - CONVERSANT SHOPPERS AV_Run of Site_Behavioral_P18+_300 x 250_Standard_NV_NA,204446129,9/15/2017,298,0,298,0,298,68,230,66,164,68,20,86
TJN_TJX_TJMaxx 2H DIG_FY18,xAd Inc.,PJPXJQ_TJN_TJX_028_Mobile_GROUND TRUTH FKA XAD_DST_SV1_MAP_DIR_DSP_TRG_RON_RTG_RTG_DVY_PHASE 1_LOCATION AUDIENCE TJX SHOPPERS PLACEMENT - STANDARD BANNER - TJMaxx_Run of Network_Retarget_F25-54_320 x 50_Click and View_NV_NA,204447839,10/3/2017,2,0,2,1,1,1,0,0,0,2,2,2
TJN_TJX_TJMaxx 2H DIG_FY18,xAd Inc.,PJPXJS_TJN_TJX_028_Mobile_GROUND TRUTH FKA XAD_DST_SV1_MAP_DIR_DSP_TRG_RON_RTG_RTG_DVY_PHASE 1_LOCATION AUDIENCE COMPETITIVE CONQUESTING PLACEMENT - STANDARD BANNER - Fall Hero_Run of Network_Retarget_F25-54_300 x 250_Click and View_NV_NA,204446153,10/9/2017,7064,108,6956,6944,12,1,11,7,4,6945,4420,4427
TJN_TJX_TJMaxx 2H DIG_FY18,PlaceIQ,PK1YHC_TJN_TJX_028_Mobile_PLACEIQ INC_DST_SV1_MAP_DIR_RCH_TRG_RON_BTG_PXT_DVY_PHASE 1_RICH MEDIA_TJX PROXIMITY LOYALISTS_DRIVE BY_Run of Network_Behavioral_F25-54_320 x 50_Click and View_NV_NA,205613803,10/21/2017,3,3,0,0,0,0,0,0,0,0,0,0
TJN_TJX_TJMaxx 2H DIG_FY18,xAd Inc.,PJYDBQ_TJN_TJX_028_Mobile_GROUND TRUTH FKA XAD_DST_SV1_MAP_DIR_RCH_TRG_RON_BTG_BTG_DVY_PHASE 1_BEHAVIORAL AUDIENCE TRENDSETTERS PLACEMENT - RICH MEDIA STORE LOCATOR - Fall Hero_Run of Network_Behavioral_F25-54_300 x 250_Click and View_NV_NA,205145231,9/23/2017,3068,30,3038,130,2908,12,2896,2728,168,142,134,2862
TJN_MAR_023_Marshalls 2H Digital_F18,xAd Inc.,PJQ0Y6_TJN_MAR_023_Mobile_GROUND TRUTH FKA XAD_DST_SV1_MAP_DIR_DSP_TRG_RON_PXT_BTG_DVY_PROXIMITY LOYALTY - DYNAMIC DISTANCE_Run of Network_Geo_F25-54_320 x 50_Click and View_NV_NA,204556888,10/17/2017,36519,693,35826,30883,4943,474,4469,3960,509,31357,27254,31214
TJN_TJX_TJMaxx 2H DIG_FY18,Hulu,PK3F7L_TJN_TJX_027_Content_HULU_BAF_BS2_CTV_DIR_CUS_SPN_CHS_CTG_CTG_DVY_HULU ROS: PREMIUM SLATE - CONNECTED TV_FEP_Contextual_F25-54_1920 x 1080_Standard_NV_NA,205685923,10/20/2017,17902,53,17849,17849,0,0,0,0,0,17849,10625,10625
TJN_MAR_023_Marshalls 2H Digital_F18,NinthDecimal,PJPSRS_TJN_MAR_023_Mobile_NINTHDECIMAL_DST_SV1_MAP_DIR_RCH_TRG_RON_PXT_DMA_DVY_GEOFENCE: 5-10-MILE RADIUS AROUND SUBURBAN STORES_Run of Network_Geo_F25-54_320 x 50_Click and View_NV_NA,204541748,9/12/2017,37659,1039,36620,13410,23210,115,23095,22675,420,13525,13279,35954
TJN_TJX_TJMaxx 2H DIG_FY18,NBC Universal Media,PK2KLS_TJN_TJX_028_Content_NBCUNI.COM_BAF_BS2_TAP_DIR_VID_SPN_ROS_BTG_CTG_MOA_THIS IS US SPONSORSHIP: TABLET - VIGNETTE 4_Run of Site_Behavioral_F25-54_1920 x 1080_Click and View_NV_NA,205568633,10/18/2017,35085,247,34838,34838,0,0,0,0,0,34838,26850,26850
TJN_TJX_TJMaxx 2H DIG_FY18,Foursquare,"PJYHWF_TJN_TJX_028_Audience_FOURSQUARE LABS, INC_DST_SV1_MAP_PRO_DSP_TRG_RON_PXT_BTG_DVY_PHASE 1_PINPOINT COMPETITIVE CONQUESTING_Run of Network_Geo_F25-54_320 x 50_Standard_NV_NA",205183220,9/22/2017,192359,7697,184662,139360,45302,1436,43866,38135,5731,140796,122401,160536
TJN_TJX_TJMaxx 2H DIG_FY18,Foursquare,"PJPSSX_TJN_TJX_028_Audience_FOURSQUARE LABS, INC_DST_SV1_MAP_PRO_RCH_TRG_RON_PXT_BTG_DVY_PHASE 1_MOBILE RICH MEDIA TRENDSETTERS - Fall Handbag_Run of Network_Geo_F25-54_300 x 250_Standard_NV_NA",204525354,10/16/2017,3,3,0,0,0,0,0,0,0,0,0,0
TJN_TJX_TJMaxx 2H DIG_FY18,Foursquare,"PJPRV8_TJN_TJX_028_Audience_FOURSQUARE LABS, INC_DST_SV1_MAP_PRO_DSP_TRG_RON_PXT_BTG_DVY_PHASE 1_PINPOINT TRENDSETTERS AV_Run of Network_Geo_F25-54_300 x 250_Standard_NV_NA",204527100,10/20/2017,113,5,108,70,38,2,36,28,8,72,56,84
TJN_TJX_TJMaxx 2H DIG_FY18,xAd Inc.,PJYDBV_TJN_TJX_028_Mobile_GROUND TRUTH FKA XAD_DST_SV1_MAP_DIR_RCH_TRG_RON_BTG_BTG_DVY_PHASE 1_BEHAVIORAL AUDIENCE STRATEGIC SAVERS PLACEMENT - RICH MEDIA STORE LOCATOR - Maxx You Maxx Life_Run of Network_Behavioral_F25-54_320 x 50_Click and View_NV_NA,205148243,9/24/2017,17886,163,17723,4306,13417,234,13183,12467,716,4540,4293,16760
TJN_TJX_TJMaxx 2H DIG_FY18,xAd Inc.,PJPXJR_TJN_TJX_028_Mobile_GROUND TRUTH FKA XAD_DST_SV1_MAP_DIR_DSP_TRG_RON_RTG_RTG_DVY_PHASE 1_LOCATION AUDIENCE TJX SHOPPERS PLACEMENT - STANDARD BANNER - Fall Hero_Run of Network_Retarget_F25-54_300 x 250_Click and View_NV_NA,204442105,9/21/2017,11750,269,11481,11418,63,1,62,59,3,11419,10866,10925
TJN_TJX_TJMaxx 2H DIG_FY18,Foursquare,"PJPSSW_TJN_TJX_028_Audience_FOURSQUARE LABS, INC_DST_SV1_MAP_PRO_RCH_TRG_RON_PXT_BTG_DVY_PHASE 1_MOBILE RICH MEDIA STRATEGIC SAVERS - Find A TJ Maxx Store_Run of Network_Geo_F25-54_320 x 50_Standard_NV_NA",204525357,9/30/2017,84004,4235,79769,34172,45597,3856,41741,27611,14130,38028,25155,52766
TJN_TJX_TJMaxx 2H DIG_FY18,Foursquare,"PJMQ2K_TJN_TJX_028_Audience_FOURSQUARE LABS, INC_DST_SV1_MAP_PRO_DSP_TRG_RON_PXT_BTG_DVY_PHASE 1_PINPOINT STRATEGIC SAVERS_Run of Network_Geo_F25-54_320 x 50_Standard_NV_NA",204483454,9/23/2017,141082,7486,133596,56219,77377,4461,72916,50473,22443,60680,42003,92476
TJN_TJX_TJMaxx 2H DIG_FY18,NBC Universal Media,PK2LGL_TJN_TJX_028_Content_NBCUNI.COM_BAF_BS2_DSK_DIR_DSP_SPN_HPT_CTG_CTG_DCM_100% SOV NBC HOMEPAGE ROADBLOCK 10/17 - 300X250 DESKTOP_HP Takeover_Contextual_F25-54_300 x 250_Standard_NV_NA,205662876,10/17/2017,69663,2589,67074,94,66980,2932,64048,28645,35403,3026,1353,29998
TJN_TJX_TJMaxx 2H DIG_FY18,Viant,"PK2V50_TJN_TJX_028_Data_VIANT INC_DSI_SV1_DSK_DIR_RCH_TRG_INT_BTG_CTG_DVY_PHASE 1_VIANT IMP, W25-54 STRATEGIC SAVERS, CONTOBOX - Fall Homes_Fixed Placement_Behavioral_F25-54_160 x 600_Click and View_NV_NA",205726908,10/8/2017,58,4,54,1,53,4,49,30,19,5,3,33
TJN_TJX_TJMaxx 2H DIG_FY18,Foursquare,"PJYHWD_TJN_TJX_028_Audience_FOURSQUARE LABS, INC_DST_SV1_MAP_PRO_DSP_TRG_RON_PXT_BTG_DVY_PHASE 1_PINPOINT COMPETITIVE CONQUESTING_Run of Network_Geo_F25-54_300 x 250_Standard_NV_NA",205235284,9/18/2017,7741,947,6794,2969,3825,914,2911,1468,1443,3883,1958,3426
TJN_TJX_TJMaxx 2H DIG_FY18,Foursquare,"PJPQKZ_TJN_TJX_028_Audience_FOURSQUARE LABS, INC_DST_SV1_MAP_PRO_DSP_TRG_RON_PXT_BTG_DVY_PHASE 1_PINPOINT TRENDSETTERS_Run of Network_Geo_F25-54_300 x 250_Standard_NV_NA",204481813,10/8/2017,5906,367,5539,1932,3607,173,3434,1745,1689,2105,1070,2815
TJN_MAR_023_Marshalls 2H Digital_F18,xAd Inc.,PJQ0YR_TJN_MAR_023_Mobile_GROUND TRUTH FKA XAD_DST_SV1_MAP_DIR_DSP_TRG_RON_PXT_BTG_DVY_GEOBLOCKS CONQUESTING - DYNAMIC DISTANCE_Run of Network_Geo_F25-54_300 x 250_Click and View_NV_NA,204555244,9/16/2017,5146,244,4902,4895,7,0,7,0,7,4895,0,0
TJN_TJX_TJMaxx 2H DIG_FY18,Foursquare,"PJPRQJ_TJN_TJX_028_Audience_FOURSQUARE LABS, INC_DST_SV1_MAP_PRO_DSP_TRG_RON_PXT_BTG_DVY_PHASE 1_PINPOINT STRATEGIC SAVERS AV_Run of Network_Geo_F25-54_320 x 50_Standard_NV_NA",204525369,9/10/2017,1389,88,1301,216,1085,54,1031,552,479,270,145,697
TJN_MAR_023_Marshalls 2H Digital_F18,NinthDecimal,"PJPSS1_TJN_MAR_023_Mobile_NINTHDECIMAL_DST_SV1_MAP_DIR_RCH_TRG_RON_BTG_DMA_DVY_TV TARGETING: PEOPLE WHO WATCH BRAVO, TLC, HGTV, A&E, LIFETIME, DISCOVERY_Run of Network_Behavioral_F25-54_320 x 50_Click and View_NV_NA",204541508,9/5/2017,16287,284,16003,7352,8651,80,8571,8289,282,7432,7187,15476
TJN_TJX_TJMaxx 2H DIG_FY18,NBC Universal Media,PK2LFH_TJN_TJX_028_Content_NBCUNI.COM_BAF_BS2_DSK_DIR_DSP_SPN_HPT_CTG_CTG_DCM_100% SOV NBC HOMEPAGE ROADBLOCK 10/3 - 300X250 DESKTOP_HP Takeover_Contextual_F25-54_300 x 250_Standard_NV_NA,205566908,10/3/2017,75414,2556,72858,2,72856,4318,68538,31696,36842,4320,1998,33694
TJN_TJX_TJMaxx 2H DIG_FY18,Viant,"PK2V4X_TJN_TJX_028_Data_VIANT INC_DSI_SV1_DSK_DIR_RCH_TRG_INT_BTG_CTG_DVY_PHASE 1_VIANT IMP, W25-54 STRATEGIC SAVERS, CONTOBOX - Fall Homes_Fixed Placement_Behavioral_F25-54_300 x 250_Click and View_NV_NA",205688458,10/10/2017,31673,1812,29861,17,29844,2581,27263,5870,21393,2598,559,6429
TJN_TJX_TJMaxx 2H DIG_FY18,Viant,"PJNSGV_TJN_TJX_028_Data_VIANT INC_DSI_SV1_DSK_DIR_DSP_TRG_RON_BTG_CTG_DVY_PHASE 1_VIANT DIRECT MATCH RETAIL, TJX PORFOLIO LOYALISTS, DISPLAY_Fixed Placement_Behavioral_F25-54_728 x 90_Standard_NV_NA",204478511,10/9/2017,24123,568,23555,0,23555,494,23061,17403,5658,494,373,17776
TJN_TJX_TJMaxx 2H DIG_FY18,Foursquare,"PJMQ2K_TJN_TJX_028_Audience_FOURSQUARE LABS, INC_DST_SV1_MAP_PRO_DSP_TRG_RON_PXT_BTG_DVY_PHASE 1_PINPOINT STRATEGIC SAVERS_Run of Network_Geo_F25-54_320 x 50_Standard_NV_NA",204483454,10/2/2017,32565,1330,31235,20829,10406,357,10049,8766,1283,21186,18481,27247
TJN_TJX_TJMaxx 2H DIG_FY18,Foursquare,"PJMQ2K_TJN_TJX_028_Audience_FOURSQUARE LABS, INC_DST_SV1_MAP_PRO_DSP_TRG_RON_PXT_BTG_DVY_PHASE 1_PINPOINT STRATEGIC SAVERS_Run of Network_Geo_F25-54_320 x 50_Standard_NV_NA",204483454,10/1/2017,53909,2857,51052,28882,22170,773,21397,18584,2813,29655,25756,44340
TJN_TJX_TJMaxx 2H DIG_FY18,Viant,"PJSPBS_TJN_TJC_031_Data_VIANT INC_PUR_ROI_DSK_DIR_DSP_TRG_RON_BTG_MKT_DVY_DETERMINSTIC LAL OF ECOM CONVERTERS, CROSS DEVICE DISPLAY_Fixed Placement_Behavioral_F25-54_728 x 90_Click_NV_NA",204733518,9/30/2017,121,7,114,0,114,7,107,88,19,7,6,94
TJN_TJX_TJMaxx 2H DIG_FY18,Conversant Inc.,PJPWP9_TJN_TJX_028_Audience_CONVERSANT_DST_SV1_DSK_NET_DSP_TRG_RON_BTG_BTG_DVY_PHASE 1_ DESKTOP MEDIUM RECTANGLE - CONVERSANT SHOPPERS AV_Run of Site_Behavioral_P18+_300 x 250_Standard_NV_NA,204483957,9/20/2017,1394,84,1310,0,1310,350,960,592,368,350,216,808
TJN_MAR_023_Marshalls 2H Digital_F18,NinthDecimal,PJPSRW_TJN_MAR_023_Mobile_NINTHDECIMAL_DST_SV1_MAP_DIR_RCH_TRG_RON_BTG_PXT_DVY_LOCATION GRAPH: TJX FAMILY LOYALISTS_Run of Network_Behavioral_F25-54_320 x 50_Click and View_NV_NA,204541739,10/8/2017,32120,483,31637,11706,19931,93,19838,19233,605,11799,11439,30672
TJN_TJX_TJMaxx 2H DIG_FY18,Foursquare,"PJYHWF_TJN_TJX_028_Audience_FOURSQUARE LABS, INC_DST_SV1_MAP_PRO_DSP_TRG_RON_PXT_BTG_DVY_PHASE 1_PINPOINT COMPETITIVE CONQUESTING_Run of Network_Geo_F25-54_320 x 50_Standard_NV_NA",205183220,9/24/2017,199552,5547,194005,117316,76689,3458,73231,58751,14480,120774,96893,155644
TJN_TJX_TJMaxx 2H DIG_FY18,Viant,"PK2X7J_TJN_TJX_028_Data_VIANT INC_DSI_SV1_MWB_DIR_RCH_TRG_INT_BTG_CTG_DVY_PHASE 1_VIANT IMP, W25-54 STRATEGIC SAVERS, CONTOBOX - Honeycomb_Fixed Placement_Behavioral_F25-54_300 x 250_Click and View_NV_NA",205688479,10/10/2017,1704,13,1691,15,1676,73,1603,966,637,88,53,1019
TJN_TJX_TJMaxx 2H DIG_FY18,NBC Universal Media,PK2KK7_TJN_TJX_028_Content_NBCUNI.COM_BAF_BS2_TAP_DIR_VID_SPN_ROS_BTG_CTG_MOA_THIS IS US SPONSORSHIP: TABLET - VIGNETTE 3_Run of Site_Behavioral_F25-54_1920 x 1080_Click and View_NV_NA,205569476,10/11/2017,262056,1638,260418,260418,0,0,0,0,0,260418,169922,169922
TJN_TJX_TJMaxx 2H DIG_FY18,Viant,"PJNSGM_TJN_TJX_028_Data_VIANT INC_DSI_SV1_TWB_DIR_DSP_TRG_RON_BTG_CTG_DVY_PHASE 1_VIANT DIRECT MATCH RETAIL, TJX PORFOLIO LOYALISTS, DISPLAY_Fixed Placement_Behavioral_F25-54_728 x 90_Standard_NV_NA",204526722,9/16/2017,1994,1711,283,0,283,86,197,166,31,86,72,238
TJN_TJX_TJMaxx 2H DIG_FY18,xAd Inc.,PJYDBV_TJN_TJX_028_Mobile_GROUND TRUTH FKA XAD_DST_SV1_MAP_DIR_RCH_TRG_RON_BTG_BTG_DVY_PHASE 1_BEHAVIORAL AUDIENCE STRATEGIC SAVERS PLACEMENT - RICH MEDIA STORE LOCATOR - Maxx You Maxx Life_Run of Network_Behavioral_F25-54_320 x 50_Click and View_NV_NA,205148243,9/22/2017,18603,213,18390,3767,14623,204,14419,13521,898,3971,3724,17245
TJN_MAR_023_Marshalls 2H Digital_F18,xAd Inc.,PJQ0YJ_TJN_MAR_023_Mobile_GROUND TRUTH FKA XAD_DST_SV1_MAP_DIR_DSP_TRG_RON_BTG_PXT_DVY_MARSHALLS SHOPPERS - DYNAMIC DISTANCE_Run of Network_Geo_F25-54_320 x 50_Click and View_NV_NA,204595911,9/18/2017,9189,125,9064,4094,4970,617,4353,3352,1001,4711,3566,6918
TJN_TJX_TJMaxx 2H DIG_FY18,Viant,"PJNSGW_TJN_TJX_028_Data_VIANT INC_DSI_SV1_DSK_DIR_DSP_TRG_RON_BTG_CTG_DVY_PHASE 1_VIANT DIRECT MATCH RETAIL, TJX PORFOLIO LOYALISTS, DISPLAY_Fixed Placement_Behavioral_F25-54_300 x 250_Standard_NV_NA",204478514,9/17/2017,3295,166,3129,0,3129,194,2935,2111,824,194,140,2251
TJN_TJX_TJMaxx 2H DIG_FY18,Conversant Inc.,PJPTLJ_TJN_TJC_031_Audience_CONVERSANT_PUR_ROI_TAP_NET_DSP_TRG_RON_BTG_BTG_DVY_TABLET MEDIUM RECTANGLE - TRENDSETTERS_Run of Site_Other_P18+_300 x 250_Standard_NV_NA,204447266,10/13/2017,691,15,676,0,676,97,579,446,133,97,75,521
TJN_TJX_TJMaxx 2H DIG_FY18,Viant,"PJSPBZ_TJN_TJC_031_Data_VIANT INC_PUR_ROI_TWB_DIR_DSP_TRG_RON_BTG_MKT_DVY_DETERMINSTIC LAL OF ECOM CONVERTERS, CROSS DEVICE DISPLAY_Fixed Placement_Behavioral_F25-54_160 x 600_Click_NV_NA",204716194,10/14/2017,105,0,105,0,105,20,85,11,74,20,3,14
TJN_TJX_TJMaxx 2H DIG_FY18,Viant,"PJSPBW_TJN_TJC_031_Data_VIANT INC_PUR_ROI_MWB_DIR_DSP_TRG_RON_BTG_MKT_DVY_DETERMINSTIC LAL OF ECOM CONVERTERS, CROSS DEVICE DISPLAY_Fixed Placement_Behavioral_F25-54_300 x 50_Click_NV_NA",204733524,10/10/2017,6261,54,6207,6,6201,597,5604,3987,1617,603,429,4416
TJN_TJX_TJMaxx 2H DIG_FY18,xAd Inc.,PJMTMQ_TJN_TJX_028_Mobile_GROUND TRUTH FKA XAD_DST_SV1_MAP_DIR_RCH_TRG_RON_PXT_PXT_DVY_PHASE 1_PROXIMITY LOYALTY PLACEMENT - RICH MEDIA STORE LOCATOR - TJ Maxx_Run of Network_Geo_F25-54_320 x 50_Click and View_NV_NA,204442090,9/25/2017,54679,1106,53573,29524,24049,394,23655,21374,2281,29918,27033,48407
TJN_TJX_TJMaxx 2H DIG_FY18,xAd Inc.,PJPXJY_TJN_TJX_028_Mobile_GROUND TRUTH FKA XAD_DST_SV1_MAP_DIR_DSP_TRG_RON_BTG_BTG_DVY_PHASE 1_BEHAVIORAL AUDIENCE STRATEGIC SAVERS PLACEMENT - STANDARD BANNER - Fall Hero_Run of Network_Behavioral_F25-54_300 x 250_Click and View_NV_NA,204484017,10/15/2017,9844,255,9589,9361,228,2,226,191,35,9363,7913,8104
TJN_TJX_TJMaxx 2H DIG_FY18,PlaceIQ,PK19YZ_TJN_TJX_028_Mobile_PLACEIQ INC_DST_SV1_MAP_DIR_RCH_TRG_RON_BTG_PTG_DVY_PHASE 1_RICH MEDIA_STRATEGIC SAVERS_INFORMER CONSUMER SHOPPERS+TOP TIER APPAREL SHOPPER_Run of Network_Behavioral_F25-54_320 x 50_Click and View_NV_NA,205563548,10/10/2017,34960,1109,33851,11106,22745,811,21934,21521,413,11917,11693,33214
TJN_TJX_TJMaxx 2H DIG_FY18,Viant,"PJNSGR_TJN_TJX_028_Data_VIANT INC_DSI_SV1_TWB_DIR_DSP_TRG_RON_BTG_CTG_DVY_PHASE 1_VIANT DIRECT MATCH RETAIL, TJX PORFOLIO LOYALISTS, DISPLAY_Fixed Placement_Behavioral_F25-54_160 x 600_Standard_NV_NA",204478520,10/15/2017,38,1,37,0,37,2,35,14,21,2,1,15
TJN_TJX_TJMaxx 2H DIG_FY18,Viant,PJPXKV_TJN_TJX_028_Data_VIANT INC_DSI_SV1_DSK_DIR_DSP_TRG_RON_BTG_CTG_DVY_PHASE 1_DESKTOP DISPLAY VIANT IMP TARGETING - STRATEGIC SAVERS AV_Fixed Placement_Demo_F25-54_728 x 90_Standard_NV_NA,204526986,10/5/2017,255,134,121,0,121,16,105,62,43,16,9,71
TJN_TJX_TJMaxx 2H DIG_FY18,Foursquare,"PJPRVH_TJN_TJX_028_Audience_FOURSQUARE LABS, INC_DST_SV1_MAP_PRO_DSP_TRG_RON_PXT_BTG_DVY_PHASE 1_PINPOINT COMPETITIVE CONQUESTING AV_Run of Network_Geo_F25-54_320 x 50_Standard_NV_NA",204478088,10/4/2017,4329,644,3685,1855,1830,78,1752,1383,369,1933,1526,2909
TJN_TJX_TJMaxx 2H DIG_FY18,Foursquare,"PJPRVC_TJN_TJX_028_Audience_FOURSQUARE LABS, INC_DST_SV1_MAP_PRO_DSP_TRG_RON_PXT_BTG_DVY_PHASE 1_PINPOINT TRENDSETTERS AV_Run of Network_Geo_F25-54_320 x 50_Standard_NV_NA",204527421,10/3/2017,525,12,513,123,390,14,376,300,76,137,109,409
TJN_TJX_TJMaxx 2H DIG_FY18,PlaceIQ,PK1YGY_TJN_TJX_028_Mobile_PLACEIQ INC_DST_SV1_MAP_DIR_DSP_TRG_RON_BTG_PTG_DVY_PHASE 1_STANDARD BANNER_TRENDSETTERS_ONLINE SHOPPER+TJMAXX SHOPPERS - TJ Maxx_Run of Network_Behavioral_F25-54_320 x 50_Click and View_NV_NA,205661871,10/17/2017,28460,514,27946,14420,13526,168,13358,13155,203,14588,14366,27521
TJN_MAR_023_Marshalls 2H Digital_F18,xAd Inc.,PJQ0Y6_TJN_MAR_023_Mobile_GROUND TRUTH FKA XAD_DST_SV1_MAP_DIR_DSP_TRG_RON_PXT_BTG_DVY_PROXIMITY LOYALTY - DYNAMIC DISTANCE_Run of Network_Geo_F25-54_320 x 50_Click and View_NV_NA,204556888,10/5/2017,83623,2162,81461,63282,18179,1413,16766,12559,4207,64695,42604,55163
TJN_TJX_TJMaxx 2H DIG_FY18,xAd Inc.,PJPXJS_TJN_TJX_028_Mobile_GROUND TRUTH FKA XAD_DST_SV1_MAP_DIR_DSP_TRG_RON_RTG_RTG_DVY_PHASE 1_LOCATION AUDIENCE COMPETITIVE CONQUESTING PLACEMENT - STANDARD BANNER - Fall Hero_Run of Network_Retarget_F25-54_300 x 250_Click and View_NV_NA,204446153,9/26/2017,19555,623,18932,18906,26,1,25,17,8,18907,12857,12874
TJN_TJX_TJMaxx 2H DIG_FY18,NBC Universal Media,PK3H7K_TJN_TJX_028_Content_NBCUNI.COM_BAF_BS2_DSK_DIR_DSP_SPN_HPT_CTG_CTG_DCM_100% SOV NBC THIS IS US ROADBLOCK 9/26 - 300X50 MOBILE_HP Takeover_Contextual_F25-54_300 x 50_Standard_NV_NA,205726845,9/28/2017,12,0,12,0,12,0,12,8,4,0,0,8
TJN_TJX_TJMaxx 2H DIG_FY18,Conversant Inc.,PJPWBV_TJN_TJX_028_Audience_CONVERSANT_DST_SV1_DSK_NET_DSP_TRG_RON_BTG_BTG_DVY_PHASE 1_ DESKTOP MEDIUM RECTANGLE - CJ INTERACTORS LAL MODELING_Run of Site_Behavioral_P18+_300 x 250_Standard_NV_NA,204447743,10/2/2017,2063,99,1964,0,1964,369,1595,448,1147,369,104,552
TJN_TJX_TJMaxx 2H DIG_FY18,xAd Inc.,PJMTN2_TJN_TJX_028_Mobile_GROUND TRUTH FKA XAD_DST_SV1_MAP_DIR_DSP_TRG_RON_RTG_RTG_DVY_PHASE 1_LOCATION AUDIENCE COMPETITIVE CONQUESTING PLACEMENT - STANDARD BANNER - Fall Handbag_Run of Network_Retarget_F25-54_300 x 250_Click and View_NV_NA,204447824,9/7/2017,5555,146,5409,4151,1258,15,1243,1188,55,4166,3982,5170
TJN_TJX_TJMaxx 2H DIG_FY18,Hulu,PK3F7J_TJN_TJX_027_Content_HULU_BAF_BS2_TAP_DIR_CUS_SPN_CHS_CTG_CTG_DVY_HULU ROS: PREMIUM SLATE - TABLET IN APP_FEP_Contextual_F25-54_1920 x 1080_Standard_NV_NA,205725864,10/3/2017,3,0,3,3,0,0,0,0,0,3,2,2
TJN_TJX_TJMaxx 2H DIG_FY18,xAd Inc.,PJMTNR_TJN_TJX_028_Mobile_GROUND TRUTH FKA XAD_DST_SV1_MAP_DIR_RCH_TRG_RON_BTG_BTG_DVY_PHASE 1_BEHAVIORAL AUDIENCE STRATEGIC SAVERS PLACEMENT - RICH MEDIA STORE LOCATOR - Fall Handbag_Run of Network_Behavioral_F25-54_300 x 250_Click and View_NV_NA,204442108,10/10/2017,4346,33,4313,1588,2725,102,2623,1256,1367,1690,809,2065
TJN_MAR_023_Marshalls 2H Digital_F18,xAd Inc.,PJQ0YP_TJN_MAR_023_Mobile_GROUND TRUTH FKA XAD_DST_SV1_MAP_DIR_DSP_TRG_RON_PXT_BTG_DVY_GEOBLOCKS LOYALTY - DYNAMIC DISTANCE_Run of Network_Geo_F25-54_300 x 250_Click and View_NV_NA,204537983,9/12/2017,11484,623,10861,10823,38,7,31,14,17,10830,4891,4905
TJN_TJX_TJMaxx 2H DIG_FY18,Foursquare,"PJPRQJ_TJN_TJX_028_Audience_FOURSQUARE LABS, INC_DST_SV1_MAP_PRO_DSP_TRG_RON_PXT_BTG_DVY_PHASE 1_PINPOINT STRATEGIC SAVERS AV_Run of Network_Geo_F25-54_320 x 50_Standard_NV_NA",204525369,9/29/2017,1448,27,1421,263,1158,63,1095,837,258,326,249,1086
TJN_MAR_023_Marshalls 2H Digital_F18,Spotify USA Inc.,PK0HLF_TJN_MAR_023_Audience_SPOTIFY USA INC_DST_SV2_MAP_DIR_DSP_TRG_CMP_DMA_PXT_DVY_MOBILE AUDIO COMPANION BANNER 640X640_Run of Site_Geo_F25-54_640 x 640_Click and View_NV_NA,205566308,10/15/2017,141871,1638,140233,140233,0,0,0,0,0,140233,119925,119925
TJN_TJX_TJMaxx 2H DIG_FY18,Viant,"PJNSHD_TJN_TJX_028_Data_VIANT INC_DSI_SV1_DSK_DIR_DSP_TRG_RON_BTG_CTG_DVY_PHASE 1_VIANT DIRECT MATCH RETAIL, COMPETITIVE CONQUESTING, DISPLAY_Fixed Placement_Behavioral_F25-54_160 x 600_Standard_NV_NA",204477281,9/17/2017,513,13,500,0,500,26,474,200,274,26,11,211
TJN_TJX_TJMaxx 2H DIG_FY18,NBC Universal Media,PK2LHP_TJN_TJX_028_Content_NBCUNI.COM_BAF_BS2_DSK_DIR_DSP_SPN_HPT_CTG_CTG_DCM_100% SOV NBC THIS IS US ROADBLOCK 10/17 - 970X66 DESKTOP_HP Takeover_Contextual_F25-54_970 x 66_Standard_NV_NA,205563524,10/18/2017,33146,1805,31341,38,31303,912,30391,23343,7048,950,730,24073
TJN_TJX_TJMaxx 2H DIG_FY18,Conversant Inc.,PJNPMK_TJN_TJC_031_Audience_CONVERSANT_PUR_ROI_DSK_NET_DSP_TRG_RON_BTG_BTG_DVY_DESKTOP LEADERBOARD- STRATEGIC SAVERS_Run of Site_Other_P18+_728 x 90_Standard_NV_NA,204447263,10/19/2017,1890,118,1772,0,1772,379,1393,929,464,379,253,1182
TJN_TJX_TJMaxx 2H DIG_FY18,Foursquare,"PKFML5_TJN_TJX_028_Audience_FOURSQUARE LABS, INC_DST_SV1_MAP_PRO_RCH_TRG_RON_PXT_BTG_DVY_PHASE 1_MOBILE RICH MEDIA TRENDSETTERS - Sweaters_Run of Network_Geo_F25-54_300 x 250_Standard_NV_NA",206824533,10/16/2017,5331,93,5238,631,4607,275,4332,1060,3272,906,222,1282
TJN_TJX_TJMaxx 2H DIG_FY18,Viant,"PJNSH9_TJN_TJX_028_Data_VIANT INC_DSI_SV1_TWB_DIR_DSP_TRG_RON_BTG_CTG_DVY_PHASE 1_VIANT DIRECT MATCH RETAIL, COMPETITIVE CONQUESTING, DISPLAY_Fixed Placement_Behavioral_F25-54_300 x 250_Standard_NV_NA",204526701,9/21/2017,12454,52,12402,0,12402,2223,10179,7807,2372,2223,1705,9512
TJN_TJX_TJMaxx 2H DIG_FY18,Viant,"PJSPBY_TJN_TJC_031_Data_VIANT INC_PUR_ROI_TWB_DIR_DSP_TRG_RON_BTG_MKT_DVY_DETERMINSTIC LAL OF ECOM CONVERTERS, CROSS DEVICE DISPLAY_Fixed Placement_Behavioral_F25-54_300 x 250_Click_NV_NA",204715651,10/3/2017,167,1,166,0,166,34,132,57,75,34,15,72
TJN_MAR_023_Marshalls 2H Digital_F18,xAd Inc.,PJQ0YR_TJN_MAR_023_Mobile_GROUND TRUTH FKA XAD_DST_SV1_MAP_DIR_DSP_TRG_RON_PXT_BTG_DVY_GEOBLOCKS CONQUESTING - DYNAMIC DISTANCE_Run of Network_Geo_F25-54_300 x 250_Click and View_NV_NA,204555244,9/19/2017,6002,211,5791,5765,26,1,25,1,24,5766,231,232
TJN_TJX_TJMaxx 2H DIG_FY18,Viant,PJPXKS_TJN_TJX_028_Data_VIANT INC_DSI_SV1_DSK_DIR_DSP_TRG_RON_BTG_CTG_DVY_PHASE 1_DESKTOP DISPLAY VIANT IMP TARGETING - STRATEGIC SAVERS AV_Fixed Placement_Demo_F25-54_160 x 600_Standard_NV_NA,204477475,9/18/2017,246,78,168,0,168,12,156,128,28,12,10,138
TJN_TJX_TJMaxx 2H DIG_FY18,Viant,"PJNSHG_TJN_TJX_028_Data_VIANT INC_DSI_SV1_DSK_DIR_DSP_TRG_RON_BTG_CTG_DVY_PHASE 1_VIANT DIRECT MATCH RETAIL, COMPETITIVE CONQUESTING, DISPLAY_Fixed Placement_Behavioral_F25-54_728 x 90_Standard_NV_NA",204478490,9/18/2017,28253,2533,25720,0,25720,1633,24087,18353,5734,1633,1244,19597
TJN_TJX_TJMaxx 2H DIG_FY18,Viant,"PK2X7K_TJN_TJX_028_Data_VIANT INC_DSI_SV1_DSK_DIR_RCH_TRG_INT_BTG_CTG_DVY_PHASE 1_VIANT IMP, W25-54 STRATEGIC SAVERS, CONTOBOX - Honeycomb_Fixed Placement_Behavioral_F25-54_160 x 600_Click and View_NV_NA",205726917,10/18/2017,10074,8571,1503,8,1495,42,1453,596,857,50,21,617
TJN_TJX_TJMaxx 2H DIG_FY18,xAd Inc.,PJMTNB_TJN_TJX_028_Mobile_GROUND TRUTH FKA XAD_DST_SV1_MAP_DIR_DSP_TRG_RON_BTG_BTG_DVY_PHASE 1_BEHAVIORAL AUDIENCE TRENDSETTERS PLACEMENT - STANDARD BANNER - Fall Handbag_Run of Network_Behavioral_F25-54_300 x 250_Click and View_NV_NA,204447833,10/7/2017,5162,117,5045,4039,1006,13,993,931,62,4052,3798,4729
TJN_TJX_TJMaxx 2H DIG_FY18,Viant,"PJNSGM_TJN_TJX_028_Data_VIANT INC_DSI_SV1_TWB_DIR_DSP_TRG_RON_BTG_CTG_DVY_PHASE 1_VIANT DIRECT MATCH RETAIL, TJX PORFOLIO LOYALISTS, DISPLAY_Fixed Placement_Behavioral_F25-54_728 x 90_Standard_NV_NA",204526722,10/13/2017,12652,63,12589,0,12589,893,11696,8503,3193,893,649,9152
TJN_TJX_TJMaxx 2H DIG_FY18,xAd Inc.,PJMTN8_TJN_TJX_028_Mobile_GROUND TRUTH FKA XAD_DST_SV1_MAP_DIR_DSP_TRG_RON_BTG_BTG_DVY_PHASE 1_BEHAVIORAL AUDIENCE STRATEGIC SAVERS PLACEMENT - STANDARD BANNER - Maxx You Maxx Life_Run of Network_Behavioral_F25-54_320 x 50_Click and View_NV_NA,204447851,9/21/2017,19214,200,19014,3713,15301,138,15163,14336,827,3851,3639,17975
TJN_TJX_TJMaxx 2H DIG_FY18,Conversant Inc.,PJNPMF_TJN_TJC_031_Audience_CONVERSANT_PUR_ROI_DSK_NET_DSP_TRG_RON_BTG_BTG_DVY_DESKTOP RECTANGLE- STRATEGIC SAVERS_Run of Site_Other_P18+_300 x 600_Standard_NV_NA,204442069,10/4/2017,1229,40,1189,0,1189,143,1046,263,783,143,36,299
TJN_TJX_TJMaxx 2H DIG_FY18,Viant,"PJNSGM_TJN_TJX_028_Data_VIANT INC_DSI_SV1_TWB_DIR_DSP_TRG_RON_BTG_CTG_DVY_PHASE 1_VIANT DIRECT MATCH RETAIL, TJX PORFOLIO LOYALISTS, DISPLAY_Fixed Placement_Behavioral_F25-54_728 x 90_Standard_NV_NA",204526722,9/13/2017,1389,248,1141,0,1141,934,207,136,71,934,614,750
TJN_MAR_023_Marshalls 2H Digital_F18,xAd Inc.,PJQ0YL_TJN_MAR_023_Mobile_GROUND TRUTH FKA XAD_DST_SV1_MAP_DIR_DSP_TRG_RON_BTG_PXT_DVY_COMPETITOR SHOPPERS - DYNAMIC DISTANCE_Run of Network_Geo_F25-54_320 x 50_Click and View_NV_NA,204595638,9/7/2017,10938,169,10769,8510,2259,865,1394,1186,208,9375,7773,8959
TJN_TJX_TJMaxx 2H DIG_FY18,xAd Inc.,PJMTND_TJN_TJX_028_Mobile_GROUND TRUTH FKA XAD_DST_SV1_MAP_DIR_DSP_TRG_RON_PXT_PXT_DVY_PHASE 1_PROXIMITY LOYALTY PLACEMENT - STANDARD BANNER - Maxx You Maxx Life_Run of Network_Geo_F25-54_320 x 50_Click and View_NV_NA,204442096,10/7/2017,4928,94,4834,2319,2515,339,2176,1828,348,2658,2005,3833
TJN_TJX_TJMaxx 2H DIG_FY18,Viant,"PJNSGV_TJN_TJX_028_Data_VIANT INC_DSI_SV1_DSK_DIR_DSP_TRG_RON_BTG_CTG_DVY_PHASE 1_VIANT DIRECT MATCH RETAIL, TJX PORFOLIO LOYALISTS, DISPLAY_Fixed Placement_Behavioral_F25-54_728 x 90_Standard_NV_NA",204478511,9/26/2017,16856,966,15890,0,15890,573,15317,13377,1940,573,500,13877
TJN_MAR_023_Marshalls 2H Digital_F18,Bustle,PK5G3V_TJN_MAR_023_Content_BUSTLE_Native Content Module - Fall Fashion Finds Topics Page_Run of Site_Contextual_F25-54_1 x 1_Click and View_NV_NA,206334768,10/21/2017,4411,65,4346,4,4342,3971,371,228,143,3975,2443,2671
TJN_MAR_023_Marshalls 2H Digital_F18,xAd Inc.,PJQ0YQ_TJN_MAR_023_Mobile_GROUND TRUTH FKA XAD_DST_SV1_MAP_DIR_DSP_TRG_RON_PXT_BTG_DVY_GEOBLOCKS CONQUESTING - DYNAMIC DISTANCE_Run of Network_Geo_F25-54_320 x 50_Click and View_NV_NA,204595632,10/20/2017,78908,1199,77709,62474,15235,1025,14210,13120,1090,63499,51542,64662
TJN_MAR_023_Marshalls 2H Digital_F18,Spotify USA Inc.,PK0HN8_TJN_MAR_023_Audience_SPOTIFY USA INC_DST_SV2_MAP_DIR_DSP_TRG_ROS_DMA_PXT_DVY_MOBILE OVERLAY 630X920_Run of Site_Geo_F25-54_630 x 920_Click and View_NV_NA,205561904,10/1/2017,40781,361,40420,40420,0,0,0,0,0,40420,38184,38184
TJN_TJX_TJMaxx 2H DIG_FY18,xAd Inc.,PKF5JX_TJN_TJX_028_Mobile_GROUND TRUTH FKA XAD_DST_SV1_MAP_DIR_DSP_TRG_RON_RTG_RTG_DVY_PHASE 1_LOCATION AUDIENCE COMPETITIVE CONQUESTING PLACEMENT - STANDARD BANNER - Find A Store V2_Run of Network_Retarget_F25-54_320 x 50_Click and View_NV_NA,206833629,10/15/2017,4730,70,4660,1785,2875,639,2236,1685,551,2424,1810,3495
TJN_TJX_TJMaxx 2H DIG_FY18,NBC Universal Media,PK2LH8_TJN_TJX_028_Content_NBCUNI.COM_BAF_BS2_DSK_DIR_DSP_SPN_HPT_CTG_CTG_DCM_100% SOV NBC THIS IS US ROADBLOCK 10/3 - 970X66 DESKTOP_HP Takeover_Contextual_F25-54_970 x 66_Standard_NV_NA,205566356,10/4/2017,42450,1829,40621,0,40621,1605,39016,29674,9342,1605,1221,30895
TJN_MAR_023_Marshalls 2H Digital_F18,xAd Inc.,PJQ0Y8_TJN_MAR_023_Mobile_GROUND TRUTH FKA XAD_DST_SV1_MAP_DIR_RCH_TRG_RON_WEA_PXT_DVY_PROXIMITY LOYALTY - WEATHER LOCATOR UNIT_Run of Network_Weather_F25-54_320 x 50_Click and View_NV_NA,204556189,9/7/2017,30425,608,29817,24163,5654,121,5533,5282,251,24284,23182,28464
TJN_TJX_TJMaxx 2H DIG_FY18,Viant,"PK2X7H_TJN_TJX_028_Data_VIANT INC_DSI_SV1_MWB_DIR_RCH_TRG_INT_BTG_CTG_DVY_PHASE 1_VIANT IMP, W25-54 STRATEGIC SAVERS, CONTOBOX - Honeycomb_Fixed Placement_Behavioral_F25-54_320 x 50_Click and View_NV_NA",205725975,9/27/2017,7342,108,7234,3,7231,1551,5680,2698,2982,1554,738,3436
TJN_MAR_023_Marshalls 2H Digital_F18,Spotify USA Inc.,PK0HN8_TJN_MAR_023_Audience_SPOTIFY USA INC_DST_SV2_MAP_DIR_DSP_TRG_ROS_DMA_PXT_DVY_MOBILE OVERLAY 630X920_Run of Site_Geo_F25-54_630 x 920_Click and View_NV_NA,205561904,10/2/2017,51032,810,50222,50222,0,0,0,0,0,50222,45782,45782
TJN_TJX_TJMaxx 2H DIG_FY18,NBC Universal Media,PK2KJZ_TJN_TJX_028_Content_NBCUNI.COM_BAF_BS2_MAP_DIR_VID_SPN_ROS_BTG_CTG_MOA_THIS IS US SPONSORSHIP: MOBILE - VIGNETTE 3_Run of Site_Behavioral_F25-54_1920 x 1080_Click and View_NV_NA,205568891,10/12/2017,74218,391,73827,73827,0,0,0,0,0,73827,49790,49790
TJN_TJX_TJMaxx 2H DIG_FY18,xAd Inc.,PJMTND_TJN_TJX_028_Mobile_GROUND TRUTH FKA XAD_DST_SV1_MAP_DIR_DSP_TRG_RON_PXT_PXT_DVY_PHASE 1_PROXIMITY LOYALTY PLACEMENT - STANDARD BANNER - Maxx You Maxx Life_Run of Network_Geo_F25-54_320 x 50_Click and View_NV_NA,204442096,9/8/2017,49350,834,48516,3959,44557,33248,11309,6961,4348,37207,22899,29860
TJN_MAR_023_Marshalls 2H Digital_F18,xAd Inc.,PJQ0YR_TJN_MAR_023_Mobile_GROUND TRUTH FKA XAD_DST_SV1_MAP_DIR_DSP_TRG_RON_PXT_BTG_DVY_GEOBLOCKS CONQUESTING - DYNAMIC DISTANCE_Run of Network_Geo_F25-54_300 x 250_Click and View_NV_NA,204555244,10/13/2017,13465,633,12832,12832,0,0,0,0,0,12832,1132,1132
TJN_TJX_TJMaxx 2H DIG_FY18,Conversant Inc.,PJPWPD_TJN_TJX_028_Audience_CONVERSANT_DST_SV1_MAP_NET_DSP_TRG_RON_BTG_BTG_DVY_PHASE 1_ SMARTPHONE SMALL BANNER  - CONVERSANT SHOPPERS AV_Run of Site_Behavioral_P18+_320 x 50_Standard_NV_NA,204447251,10/16/2017,1118,22,1096,0,1096,130,966,827,139,130,111,938
TJN_TJX_TJMaxx 2H DIG_FY18,xAd Inc.,PKF49Y_TJN_TJX_028_Mobile_GROUND TRUTH FKA XAD_DST_SV1_MAP_DIR_DSP_TRG_RON_BTG_BTG_DVY_PHASE 1_BEHAVIORAL AUDIENCE TRENDSETTERS PLACEMENT - STANDARD BANNER - Find A Store V1_Run of Network_Behavioral_F25-54_320 x 50_Click and View_NV_NA,206812693,10/17/2017,6325,88,6237,977,5260,46,5214,3975,1239,1023,780,4755
TJN_TJX_TJMaxx 2H DIG_FY18,PlaceIQ,PK18VC_TJN_TJX_028_Mobile_PLACEIQ INC_DST_SV1_MAP_DIR_RCH_TRG_RON_BTG_PXT_DVY_PHASE 1_RICH MEDIA_TJX PORTFOLIO LOYALISTS_Run of Network_Behavioral_F25-54_320 x 50_Click and View_NV_NA,205568912,10/13/2017,31056,544,30512,13226,17286,567,16719,16397,322,13793,13527,29924
TJN_MAR_023_Marshalls 2H Digital_F18,xAd Inc.,PJQ0YR_TJN_MAR_023_Mobile_GROUND TRUTH FKA XAD_DST_SV1_MAP_DIR_DSP_TRG_RON_PXT_BTG_DVY_GEOBLOCKS CONQUESTING - DYNAMIC DISTANCE_Run of Network_Geo_F25-54_300 x 250_Click and View_NV_NA,204555244,9/13/2017,5428,199,5229,5218,11,0,11,0,11,5218,0,0
TJN_TJX_TJMaxx 2H DIG_FY18,Conversant Inc.,PJPTLM_TJN_TJC_031_Audience_CONVERSANT_PUR_ROI_MAP_NET_DSP_TRG_RON_BTG_BTG_DVY_SMARTPHONE SMALL BANNER - TRENDSETTERS_Run of Site_Other_P18+_320 x 50_Standard_NV_NA,204447785,10/14/2017,46530,605,45925,3,45922,3591,42331,36990,5341,3594,3141,40131
TJN_TJX_TJMaxx 2H DIG_FY18,xAd Inc.,PJMTNB_TJN_TJX_028_Mobile_GROUND TRUTH FKA XAD_DST_SV1_MAP_DIR_DSP_TRG_RON_BTG_BTG_DVY_PHASE 1_BEHAVIORAL AUDIENCE TRENDSETTERS PLACEMENT - STANDARD BANNER - Fall Handbag_Run of Network_Behavioral_F25-54_300 x 250_Click and View_NV_NA,204447833,9/8/2017,10015,394,9621,9276,345,9,336,305,31,9285,8428,8733
TJN_TJX_TJMaxx 2H DIG_FY18,xAd Inc.,PKF473_TJN_TJX_028_Mobile_GROUND TRUTH FKA XAD_DST_SV1_MAP_DIR_DSP_TRG_RON_PXT_PXT_DVY_PHASE 1_PROXIMITY LOYALTY PLACEMENT - STANDARD BANNER - Find A Store V1_Run of Network_Geo_F25-54_320 x 50_Click and View_NV_NA,206813098,10/13/2017,965,65,900,50,850,11,839,492,347,61,36,528
TJN_TJX_TJMaxx 2H DIG_FY18,xAd Inc.,PJMTMZ_TJN_TJX_028_Mobile_GROUND TRUTH FKA XAD_DST_SV1_MAP_DIR_DSP_TRG_RON_RTG_RTG_DVY_PHASE 1_LOCATION AUDIENCE TJX SHOPPERS PLACEMENT - STANDARD BANNER - Maxx You Maxx Life_Run of Network_Retarget_F25-54_320 x 50_Click and View_NV_NA,204484011,10/20/2017,8858,120,8738,2896,5842,98,5744,4415,1329,2994,2301,6716
TJN_MAR_023_Marshalls 2H Digital_F18,xAd Inc.,PJQ0YF_TJN_MAR_023_Mobile_GROUND TRUTH FKA XAD_DST_SV1_MAP_DIR_RCH_TRG_RON_WEA_PXT_DVY_PROXIMITY CONQUESTING - WEATHER LOCATOR UNIT_Run of Network_Weather_F25-54_300 x 250_Click and View_NV_NA,204596913,10/21/2017,2450,77,2373,11,2362,34,2328,2213,115,45,43,2256
TJN_TJX_TJMaxx 2H DIG_FY18,NBC Universal Media,PK2KJN_TJN_TJX_028_Content_NBCUNI.COM_BAF_BS2_TAP_DIR_VID_SPN_ROS_BTG_CTG_MOA_THIS IS US SPONSORSHIP: TABLET - VIGNETTE 2_Run of Site_Behavioral_F25-54_1920 x 1080_Click and View_NV_NA,205569482,10/8/2017,20489,180,20309,20309,0,0,0,0,0,20309,13765,13765
TJN_TJX_TJMaxx 2H DIG_FY18,Conversant Inc.,PJPTMH_TJN_TJC_031_Audience_CONVERSANT_PUR_ROI_TAP_NET_DSP_TRG_RON_BTG_BTG_DVY_TABLET LEADERBOARD- COMPETITIVE CONQUESTING_Run of Site_Other_P18+_728 x 90_Standard_NV_NA,204483936,9/21/2017,4,4,0,0,0,0,0,0,0,0,0,0
TJN_TJX_TJMaxx 2H DIG_FY18,Viant,"PK2V4T_TJN_TJX_028_Data_VIANT INC_DSI_SV1_TWB_DIR_RCH_TRG_INT_BTG_CTG_DVY_PHASE 1_VIANT IMP, W25-54 STRATEGIC SAVERS, CONTOBOX - Fall Homes_Fixed Placement_Behavioral_F25-54_160 x 600_Click and View_NV_NA",205687933,10/10/2017,27,4,23,3,20,2,18,2,16,5,1,3
TJN_TJX_TJMaxx 2H DIG_FY18,NBC Universal Media,PK2KJY_TJN_TJX_028_Content_NBCUNI.COM_BAF_BS2_DSK_DIR_VID_SPN_ROS_BTG_CTG_MOA_THIS IS US SPONSORSHIP: DESKTOP - VIGNETTE 3_Run of Site_Behavioral_F25-54_1920 x 1080_Click and View_NV_NA,205659768,10/18/2017,19,1,18,18,0,0,0,0,0,18,14,14
TJN_TJX_TJMaxx 2H DIG_FY18,xAd Inc.,PJMTN0_TJN_TJX_028_Mobile_GROUND TRUTH FKA XAD_DST_SV1_MAP_DIR_DSP_TRG_RON_RTG_RTG_DVY_PHASE 1_LOCATION AUDIENCE TJX SHOPPERS PLACEMENT - STANDARD BANNER - Fall Handbag_Run of Network_Retarget_F25-54_300 x 250_Click and View_NV_NA,204447842,10/20/2017,6954,101,6853,6843,10,0,10,7,3,6843,4790,4797
TJN_TJX_TJMaxx 2H DIG_FY18,Hulu,PK3DG3_TJN_TJX_027_Content_HULU_BAF_BS2_PKG_DIR_VID_SPN_CHS_CTG_CTG_DVY_FALL TV SPONSORSHIP:MASTHEAD BRAND - DESKTOP_FEP_Contextual_F25-54_1 x 1_Standard_NV_NA,205685902,10/12/2017,62,1,61,61,0,0,0,0,0,61,41,41
TJN_TJX_TJMaxx 2H DIG_FY18,Viant,"PJNSGM_TJN_TJX_028_Data_VIANT INC_DSI_SV1_TWB_DIR_DSP_TRG_RON_BTG_CTG_DVY_PHASE 1_VIANT DIRECT MATCH RETAIL, TJX PORFOLIO LOYALISTS, DISPLAY_Fixed Placement_Behavioral_F25-54_728 x 90_Standard_NV_NA",204526722,9/19/2017,7438,14,7424,0,7424,905,6519,3453,3066,905,479,3932
TJN_TJX_TJMaxx 2H DIG_FY18,Viant,PJPXKV_TJN_TJX_028_Data_VIANT INC_DSI_SV1_DSK_DIR_DSP_TRG_RON_BTG_CTG_DVY_PHASE 1_DESKTOP DISPLAY VIANT IMP TARGETING - STRATEGIC SAVERS AV_Fixed Placement_Demo_F25-54_728 x 90_Standard_NV_NA,204526986,10/17/2017,8803,3929,4874,4,4870,329,4541,2912,1629,333,214,3126
TJN_MAR_023_Marshalls 2H Digital_F18,xAd Inc.,PJQ0YF_TJN_MAR_023_Mobile_GROUND TRUTH FKA XAD_DST_SV1_MAP_DIR_RCH_TRG_RON_WEA_PXT_DVY_PROXIMITY CONQUESTING - WEATHER LOCATOR UNIT_Run of Network_Weather_F25-54_300 x 250_Click and View_NV_NA,204596913,9/9/2017,686,20,666,52,614,7,607,557,50,59,54,611
TJN_TJX_TJMaxx 2H DIG_FY18,Viant,"PKGK94_TJN_TJX_028_Data_VIANT INC_DSI_SV1_MWB_DIR_CUS_TRG_NAT_BTG_CTG_DVY_PHASE 1_VIANT LIFESTYLE, TRENDSETTERS NATIVE- Dresses_Fixed Placement_Contextual_F25-54_0 x 0_Click and View_NV_NA",206772386,10/17/2017,9643,130,9513,9513,0,0,0,0,0,9513,6354,6354
TJN_MAR_023_Marshalls 2H Digital_F18,Bustle,PK5G42_TJN_MAR_023_Content_BUSTLE_Custom Content Roadblock Standard Feature 1 - 300x250_Roadblock_Contextual_F25-54_300 x 250_Click and View_NV_NA,206309158,10/16/2017,15855,254,15601,17,15584,186,15398,7607,7791,203,100,7707
TJN_TJX_TJMaxx 2H DIG_FY18,Foursquare,"PJMQ2D_TJN_TJX_028_Audience_FOURSQUARE LABS, INC_DST_SV1_MAP_PRO_DSP_TRG_RON_PXT_BTG_DVY_PHASE 1_PINPOINT STRATEGIC SAVERS_Run of Network_Geo_F25-54_300 x 250_Standard_NV_NA",204483457,10/17/2017,8440,231,8209,4538,3671,318,3353,1545,1808,4856,2238,3783
TJN_MAR_023_Marshalls 2H Digital_F18,NinthDecimal,PJPSRZ_TJN_MAR_023_Mobile_NINTHDECIMAL_DST_SV1_MAP_DIR_RCH_TRG_RON_BTG_DMA_DVY_CONSUMER JOURNEY: BARGAIN HUNTERS_Run of Network_Behavioral_F25-54_320 x 50_Click and View_NV_NA,204542873,9/16/2017,18107,331,17776,6154,11622,85,11537,11142,395,6239,6025,17167
TJN_TJX_TJMaxx 2H DIG_FY18,Viant,"PJNSH7_TJN_TJX_028_Data_VIANT INC_DSI_SV1_MWB_DIR_DSP_TRG_RON_BTG_CTG_DVY_PHASE 1_VIANT DIRECT MATCH RETAIL, COMPETITIVE CONQUESTING, DISPLAY_Fixed Placement_Behavioral_F25-54_320 x 50_Standard_NV_NA",204477565,9/20/2017,5620,55,5565,0,5565,388,5177,3865,1312,388,290,4155
TJN_TJX_TJMaxx 2H DIG_FY18,xAd Inc.,PJMTMQ_TJN_TJX_028_Mobile_GROUND TRUTH FKA XAD_DST_SV1_MAP_DIR_RCH_TRG_RON_PXT_PXT_DVY_PHASE 1_PROXIMITY LOYALTY PLACEMENT - RICH MEDIA STORE LOCATOR - TJ Maxx_Run of Network_Geo_F25-54_320 x 50_Click and View_NV_NA,204442090,10/9/2017,11644,119,11525,2431,9094,83,9011,8604,407,2514,2400,11004
TJN_TJX_TJMaxx 2H DIG_FY18,Viant,"PK2X7D_TJN_TJX_028_Data_VIANT INC_DSI_SV1_TWB_DIR_RCH_TRG_INT_BTG_CTG_DVY_PHASE 1_VIANT IMP, W25-54 STRATEGIC SAVERS, CONTOBOX - Honeycomb_Fixed Placement_Behavioral_F25-54_728 x 90_Click and View_NV_NA",205727832,10/5/2017,6495,93,6402,2,6400,631,5769,1609,4160,633,177,1786
TJN_TJX_TJMaxx 2H DIG_FY18,Conversant Inc.,PJPWPF_TJN_TJX_028_Audience_CONVERSANT_DST_SV1_TAP_NET_DSP_TRG_RON_BTG_BTG_DVY_PHASE 1_ TABLET LEADERBOARD - CONVERSANT SHOPPERS AV_Run of Site_Behavioral_P18+_728 x 90_Standard_NV_NA,204442915,10/6/2017,72,0,72,0,72,14,58,35,23,14,8,43
TJN_TJX_TJMaxx 2H DIG_FY18,Viant,"PJNSH9_TJN_TJX_028_Data_VIANT INC_DSI_SV1_TWB_DIR_DSP_TRG_RON_BTG_CTG_DVY_PHASE 1_VIANT DIRECT MATCH RETAIL, COMPETITIVE CONQUESTING, DISPLAY_Fixed Placement_Behavioral_F25-54_300 x 250_Standard_NV_NA",204526701,9/22/2017,13486,90,13396,0,13396,2404,10992,8415,2577,2404,1840,10255
TJN_MAR_023_Marshalls 2H Digital_F18,NinthDecimal,PJPSRV_TJN_MAR_023_Mobile_NINTHDECIMAL_DST_SV1_MAP_DIR_RCH_TRG_RON_BTG_PXT_DVY_LOCATION GRAPH: MARSHALLS LOYALISTS_Run of Network_Behavioral_F25-54_320 x 50_Click and View_NV_NA,204555232,9/16/2017,14506,416,14090,4781,9309,44,9265,8943,322,4825,4657,13600
TJN_TJX_TJMaxx 2H DIG_FY18,NBC Universal Media,PK2KJK_TJN_TJX_028_Content_NBCUNI.COM_BAF_BS2_DSK_DIR_VID_SPN_ROS_BTG_CTG_MOA_THIS IS US SPONSORSHIP: DESKTOP - VIGNETTE 2_Run of Site_Behavioral_F25-54_1920 x 1080_Click and View_NV_NA,205568882,10/3/2017,8669,92,8577,8577,0,0,0,0,0,8577,5417,5417
TJN_TJX_TJMaxx 2H DIG_FY18,Viant,"PK2V4X_TJN_TJX_028_Data_VIANT INC_DSI_SV1_DSK_DIR_RCH_TRG_INT_BTG_CTG_DVY_PHASE 1_VIANT IMP, W25-54 STRATEGIC SAVERS, CONTOBOX - Fall Homes_Fixed Placement_Behavioral_F25-54_300 x 250_Click and View_NV_NA",205688458,9/28/2017,9,2,7,3,4,1,3,3,0,4,4,7
TJN_TJX_TJMaxx 2H DIG_FY18,xAd Inc.,PJMTN8_TJN_TJX_028_Mobile_GROUND TRUTH FKA XAD_DST_SV1_MAP_DIR_DSP_TRG_RON_BTG_BTG_DVY_PHASE 1_BEHAVIORAL AUDIENCE STRATEGIC SAVERS PLACEMENT - STANDARD BANNER - Maxx You Maxx Life_Run of Network_Behavioral_F25-54_320 x 50_Click and View_NV_NA,204447851,9/22/2017,22319,217,22102,4788,17314,210,17104,16050,1054,4998,4663,20713
TJN_MAR_023_Marshalls 2H Digital_F18,xAd Inc.,PJQ0YN_TJN_MAR_023_Mobile_GROUND TRUTH FKA XAD_DST_SV1_MAP_DIR_DSP_TRG_RON_PXT_BTG_DVY_GEOBLOCKS LOYALTY - DYNAMIC DISTANCE_Run of Network_Geo_F25-54_320 x 50_Click and View_NV_NA,204558328,10/6/2017,9644,157,9487,8671,816,152,664,565,99,8823,7445,8010
TJN_TJX_TJMaxx 2H DIG_FY18,xAd Inc.,PJMTNR_TJN_TJX_028_Mobile_GROUND TRUTH FKA XAD_DST_SV1_MAP_DIR_RCH_TRG_RON_BTG_BTG_DVY_PHASE 1_BEHAVIORAL AUDIENCE STRATEGIC SAVERS PLACEMENT - RICH MEDIA STORE LOCATOR - Fall Handbag_Run of Network_Behavioral_F25-54_300 x 250_Click and View_NV_NA,204442108,9/14/2017,7,0,7,4,3,2,1,1,0,6,6,7
TJN_TJX_TJMaxx 2H DIG_FY18,xAd Inc.,PJMTN5_TJN_TJX_028_Mobile_GROUND TRUTH FKA XAD_DST_SV1_MAP_DIR_RCH_TRG_RON_BTG_BTG_DVY_PHASE 1_BEHAVIORAL AUDIENCE TRENDSETTERS PLACEMENT - RICH MEDIA STORE LOCATOR - TJ Maxx_Run of Network_Behavioral_F25-54_320 x 50_Click and View_NV_NA,204442936,10/6/2017,11998,158,11840,4715,7125,100,7025,6833,192,4815,4683,11516
TJN_MAR_023_Marshalls 2H Digital_F18,NinthDecimal,PJPSRR_TJN_MAR_023_Mobile_NINTHDECIMAL_DST_SV1_MAP_DIR_RCH_TRG_RON_PXT_DMA_DVY_GEOFENCE: 2-MILE RADIUS AROUND URBAN STORES_Run of Network_Geo_F25-54_320 x 50_Click and View_NV_NA,204541523,9/15/2017,19002,670,18332,9606,8726,34,8692,8431,261,9640,9351,17782
TJN_TJX_TJMaxx 2H DIG_FY18,NBC Universal Media,PK2LF3_TJN_TJX_028_Content_NBCUNI.COM_BAF_BS2_DSK_DIR_DSP_SPN_HPT_CTG_CTG_DCM_100% SOV NBC HOMEPAGE ROADBLOCK 9/26 - 300X250 DESKTOP_HP Takeover_Contextual_F25-54_300 x 250_Standard_NV_NA,205613773,10/17/2017,1,0,1,0,1,0,1,1,0,0,0,1
TJN_TJX_TJMaxx 2H DIG_FY18,xAd Inc.,PJMTNR_TJN_TJX_028_Mobile_GROUND TRUTH FKA XAD_DST_SV1_MAP_DIR_RCH_TRG_RON_BTG_BTG_DVY_PHASE 1_BEHAVIORAL AUDIENCE STRATEGIC SAVERS PLACEMENT - RICH MEDIA STORE LOCATOR - Fall Handbag_Run of Network_Behavioral_F25-54_300 x 250_Click and View_NV_NA,204442108,10/14/2017,3375,35,3340,2095,1245,86,1159,555,604,2181,1044,1599
TJN_TJX_TJMaxx 2H DIG_FY18,Viant,"PK2V4T_TJN_TJX_028_Data_VIANT INC_DSI_SV1_TWB_DIR_RCH_TRG_INT_BTG_CTG_DVY_PHASE 1_VIANT IMP, W25-54 STRATEGIC SAVERS, CONTOBOX - Fall Homes_Fixed Placement_Behavioral_F25-54_160 x 600_Click and View_NV_NA",205687933,10/14/2017,2,1,1,0,1,0,1,1,0,0,0,1
TJN_TJX_TJMaxx 2H DIG_FY18,xAd Inc.,PJMTN5_TJN_TJX_028_Mobile_GROUND TRUTH FKA XAD_DST_SV1_MAP_DIR_RCH_TRG_RON_BTG_BTG_DVY_PHASE 1_BEHAVIORAL AUDIENCE TRENDSETTERS PLACEMENT - RICH MEDIA STORE LOCATOR - TJ Maxx_Run of Network_Behavioral_F25-54_320 x 50_Click and View_NV_NA,204442936,10/11/2017,7937,82,7855,2818,5037,138,4899,3774,1125,2956,2277,6051
TJN_TJX_TJMaxx 2H DIG_FY18,Hulu,PK3F7J_TJN_TJX_027_Content_HULU_BAF_BS2_TAP_DIR_CUS_SPN_CHS_CTG_CTG_DVY_HULU ROS: PREMIUM SLATE - TABLET IN APP_FEP_Contextual_F25-54_1920 x 1080_Standard_NV_NA,205725864,10/15/2017,2650,14,2636,2636,0,0,0,0,0,2636,1741,1741
TJN_TJX_TJMaxx 2H DIG_FY18,Viant,"PK2X7F_TJN_TJX_028_Data_VIANT INC_DSI_SV1_DSK_DIR_RCH_TRG_INT_BTG_CTG_DVY_PHASE 1_VIANT IMP, W25-54 STRATEGIC SAVERS, CONTOBOX - Honeycomb_Fixed Placement_Behavioral_F25-54_728 x 90_Click and View_NV_NA",205727841,10/12/2017,6596,1200,5396,9,5387,411,4976,3483,1493,420,294,3777
TJN_TJX_TJMaxx 2H DIG_FY18,xAd Inc.,PKF477_TJN_TJX_028_Mobile_GROUND TRUTH FKA XAD_DST_SV1_MAP_DIR_DSP_TRG_RON_PXT_PXT_DVY_PHASE 1_PROXIMITY LOYALTY PLACEMENT - STANDARD BANNER - Find A Store V2_Run of Network_Geo_F25-54_320 x 50_Click and View_NV_NA,206772098,10/20/2017,3115,43,3072,826,2246,25,2221,1816,405,851,696,2512
TJN_TJX_TJMaxx 2H DIG_FY18,Viant,"PJSPBY_TJN_TJC_031_Data_VIANT INC_PUR_ROI_TWB_DIR_DSP_TRG_RON_BTG_MKT_DVY_DETERMINSTIC LAL OF ECOM CONVERTERS, CROSS DEVICE DISPLAY_Fixed Placement_Behavioral_F25-54_300 x 250_Click_NV_NA",204715651,10/15/2017,853,26,827,2,825,155,670,259,411,157,61,320
TJN_TJX_TJMaxx 2H DIG_FY18,Viant,"PJNSH9_TJN_TJX_028_Data_VIANT INC_DSI_SV1_TWB_DIR_DSP_TRG_RON_BTG_CTG_DVY_PHASE 1_VIANT DIRECT MATCH RETAIL, COMPETITIVE CONQUESTING, DISPLAY_Fixed Placement_Behavioral_F25-54_300 x 250_Standard_NV_NA",204526701,9/24/2017,4885,12,4873,0,4873,833,4040,2902,1138,833,598,3500
TJN_TJX_TJMaxx 2H DIG_FY18,Conversant Inc.,PJPWPD_TJN_TJX_028_Audience_CONVERSANT_DST_SV1_MAP_NET_DSP_TRG_RON_BTG_BTG_DVY_PHASE 1_ SMARTPHONE SMALL BANNER  - CONVERSANT SHOPPERS AV_Run of Site_Behavioral_P18+_320 x 50_Standard_NV_NA,204447251,9/27/2017,1655,48,1607,0,1607,326,1281,1044,237,326,266,1310
TJN_MAR_023_Marshalls 2H Digital_F18,xAd Inc.,PJQ0YN_TJN_MAR_023_Mobile_GROUND TRUTH FKA XAD_DST_SV1_MAP_DIR_DSP_TRG_RON_PXT_BTG_DVY_GEOBLOCKS LOYALTY - DYNAMIC DISTANCE_Run of Network_Geo_F25-54_320 x 50_Click and View_NV_NA,204558328,10/11/2017,12113,348,11765,9038,2727,373,2354,2142,212,9411,8537,10679
TJN_TJX_TJMaxx 2H DIG_FY18,Viant,"PJSPBX_TJN_TJC_031_Data_VIANT INC_PUR_ROI_TWB_DIR_DSP_TRG_RON_BTG_MKT_DVY_DETERMINSTIC LAL OF ECOM CONVERTERS, CROSS DEVICE DISPLAY_Fixed Placement_Behavioral_F25-54_728 x 90_Click_NV_NA",204716188,10/5/2017,896,18,878,0,878,167,711,368,343,167,86,454
TJN_TJX_TJMaxx 2H DIG_FY18,Viant,"PK2X7H_TJN_TJX_028_Data_VIANT INC_DSI_SV1_MWB_DIR_RCH_TRG_INT_BTG_CTG_DVY_PHASE 1_VIANT IMP, W25-54 STRATEGIC SAVERS, CONTOBOX - Honeycomb_Fixed Placement_Behavioral_F25-54_320 x 50_Click and View_NV_NA",205725975,10/16/2017,18,4,14,2,12,4,8,8,0,6,6,14
TJN_MAR_023_Marshalls 2H Digital_F18,Spotify USA Inc.,PK0HLF_TJN_MAR_023_Audience_SPOTIFY USA INC_DST_SV2_MAP_DIR_DSP_TRG_CMP_DMA_PXT_DVY_MOBILE AUDIO COMPANION BANNER 640X640_Run of Site_Geo_F25-54_640 x 640_Click and View_NV_NA,205566308,10/3/2017,165923,2244,163679,163679,0,0,0,0,0,163679,129417,129417
TJN_TJX_TJMaxx 2H DIG_FY18,PlaceIQ,PK19YZ_TJN_TJX_028_Mobile_PLACEIQ INC_DST_SV1_MAP_DIR_RCH_TRG_RON_BTG_PTG_DVY_PHASE 1_RICH MEDIA_STRATEGIC SAVERS_INFORMER CONSUMER SHOPPERS+TOP TIER APPAREL SHOPPER_Run of Network_Behavioral_F25-54_320 x 50_Click and View_NV_NA,205563548,9/28/2017,29522,2544,26978,14072,12906,692,12214,11545,669,14764,13955,25500
TJN_TJX_TJMaxx 2H DIG_FY18,Foursquare,"PJPSSZ_TJN_TJX_028_Audience_FOURSQUARE LABS, INC_DST_SV1_MAP_PRO_RCH_TRG_RON_PXT_BTG_DVY_PHASE 1_MOBILE RICH MEDIA COMPETITIVE CONQUESTING - Fall Handbag_Run of Network_Geo_F25-54_300 x 250_Standard_NV_NA",204478073,9/29/2017,5353,267,5086,1671,3415,228,3187,1052,2135,1899,627,1679
TJN_MAR_023_Marshalls 2H Digital_F18,xAd Inc.,PJQ0YH_TJN_MAR_023_Mobile_GROUND TRUTH FKA XAD_DST_SV1_MAP_DIR_DSP_TRG_RON_BTG_DMA_DVY_BEHAVIORAL - FASHION SHOPPER - DYNAMIC DISTANCE_Run of Network_Behavioral_F25-54_300 x 250_Click and View_NV_NA,204543443,9/29/2017,13747,781,12966,12930,36,1,35,26,9,12931,9591,9617
TJN_TJX_TJMaxx 2H DIG_FY18,Viant,"PJNSGV_TJN_TJX_028_Data_VIANT INC_DSI_SV1_DSK_DIR_DSP_TRG_RON_BTG_CTG_DVY_PHASE 1_VIANT DIRECT MATCH RETAIL, TJX PORFOLIO LOYALISTS, DISPLAY_Fixed Placement_Behavioral_F25-54_728 x 90_Standard_NV_NA",204478511,9/25/2017,37961,4334,33627,0,33627,2111,31516,26974,4542,2111,1807,28781
TJN_MAR_023_Marshalls 2H Digital_F18,NinthDecimal,PJPSRS_TJN_MAR_023_Mobile_NINTHDECIMAL_DST_SV1_MAP_DIR_RCH_TRG_RON_PXT_DMA_DVY_GEOFENCE: 5-10-MILE RADIUS AROUND SUBURBAN STORES_Run of Network_Geo_F25-54_320 x 50_Click and View_NV_NA,204541748,9/6/2017,13477,357,13120,5543,7577,64,7513,7343,170,5607,5480,12823
TJN_TJX_TJMaxx 2H DIG_FY18,Conversant Inc.,PJPWPH_TJN_TJX_028_Audience_CONVERSANT_DST_SV1_MAP_NET_DSP_TRG_RON_BTG_BTG_DVY_PHASE 1_ SMARTPHONE MEDIUM RECTANGLE  - CONVERSANT SHOPPERS AV_Run of Site_Behavioral_P18+_300 x 250_Standard_NV_NA,204442060,9/29/2017,494,9,485,0,485,104,381,139,242,104,38,177
TJN_TJX_TJMaxx 2H DIG_FY18,Conversant Inc.,PJPTMH_TJN_TJC_031_Audience_CONVERSANT_PUR_ROI_TAP_NET_DSP_TRG_RON_BTG_BTG_DVY_TABLET LEADERBOARD- COMPETITIVE CONQUESTING_Run of Site_Other_P18+_728 x 90_Standard_NV_NA,204483936,9/22/2017,1,0,1,0,1,0,1,1,0,0,0,1
TJN_TJX_TJMaxx 2H DIG_FY18,Conversant Inc.,PJPTLM_TJN_TJC_031_Audience_CONVERSANT_PUR_ROI_MAP_NET_DSP_TRG_RON_BTG_BTG_DVY_SMARTPHONE SMALL BANNER - TRENDSETTERS_Run of Site_Other_P18+_320 x 50_Standard_NV_NA,204447785,10/10/2017,55348,508,54840,22,54818,6979,47839,35961,11878,7001,5263,41224
TJN_TJX_TJMaxx 2H DIG_FY18,xAd Inc.,PJMTN8_TJN_TJX_028_Mobile_GROUND TRUTH FKA XAD_DST_SV1_MAP_DIR_DSP_TRG_RON_BTG_BTG_DVY_PHASE 1_BEHAVIORAL AUDIENCE STRATEGIC SAVERS PLACEMENT - STANDARD BANNER - Maxx You Maxx Life_Run of Network_Behavioral_F25-54_320 x 50_Click and View_NV_NA,204447851,9/24/2017,19572,167,19405,7578,11827,141,11686,10545,1141,7719,6894,17439
TJN_TJX_TJMaxx 2H DIG_FY18,Conversant Inc.,PJPTMM_TJN_TJC_031_Audience_CONVERSANT_PUR_ROI_MAP_NET_DSP_TRG_RON_BTG_BTG_DVY_SMARTPHONE SMALL BANNER - COMPETITIVE CONQUESTING_Run of Site_Other_P18+_320 x 50_Standard_NV_NA,204483939,10/8/2017,24865,600,24265,0,24265,4290,19975,15332,4643,4290,3293,18625
TJN_TJX_TJMaxx 2H DIG_FY18,xAd Inc.,PJPXJZ_TJN_TJX_028_Mobile_GROUND TRUTH FKA XAD_DST_SV1_MAP_DIR_DSP_TRG_RON_BTG_BTG_DVY_PHASE 1_BEHAVIORAL AUDIENCE TRENDSETTERS PLACEMENT - STANDARD BANNER - Fall Hero_Run of Network_Behavioral_F25-54_300 x 250_Click and View_NV_NA,204446156,9/7/2017,3896,72,3824,2701,1123,17,1106,1064,42,2718,2616,3680
TJN_TJX_TJMaxx 2H DIG_FY18,Foursquare,"PJPRVH_TJN_TJX_028_Audience_FOURSQUARE LABS, INC_DST_SV1_MAP_PRO_DSP_TRG_RON_PXT_BTG_DVY_PHASE 1_PINPOINT COMPETITIVE CONQUESTING AV_Run of Network_Geo_F25-54_320 x 50_Standard_NV_NA",204478088,10/18/2017,3007,64,2943,2140,803,35,768,722,46,2175,2045,2767
TJN_TJX_TJMaxx 2H DIG_FY18,xAd Inc.,PJPXJS_TJN_TJX_028_Mobile_GROUND TRUTH FKA XAD_DST_SV1_MAP_DIR_DSP_TRG_RON_RTG_RTG_DVY_PHASE 1_LOCATION AUDIENCE COMPETITIVE CONQUESTING PLACEMENT - STANDARD BANNER - Fall Hero_Run of Network_Retarget_F25-54_300 x 250_Click and View_NV_NA,204446153,9/25/2017,45090,1333,43757,43728,29,2,27,21,6,43730,34012,34033
TJN_TJX_TJMaxx 2H DIG_FY18,Viant,"PK2X7J_TJN_TJX_028_Data_VIANT INC_DSI_SV1_MWB_DIR_RCH_TRG_INT_BTG_CTG_DVY_PHASE 1_VIANT IMP, W25-54 STRATEGIC SAVERS, CONTOBOX - Honeycomb_Fixed Placement_Behavioral_F25-54_300 x 250_Click and View_NV_NA",205688479,9/28/2017,9,1,8,3,5,2,3,3,0,5,5,8
TJN_MAR_023_Marshalls 2H Digital_F18,Bustle,PKGB5V_TJN_MAR_023_Content_BUSTLE_Custom Content Roadblock Custom Shot Feature 3 - Panoramic_Roadblock_Contextual_F25-54_1 x 1_Click and View_NV_NA,206751418,10/13/2017,4,1,3,0,3,3,0,0,0,3,3,3
TJN_TJX_TJMaxx 2H DIG_FY18,Conversant Inc.,PJPWPF_TJN_TJX_028_Audience_CONVERSANT_DST_SV1_TAP_NET_DSP_TRG_RON_BTG_BTG_DVY_PHASE 1_ TABLET LEADERBOARD - CONVERSANT SHOPPERS AV_Run of Site_Behavioral_P18+_728 x 90_Standard_NV_NA,204442915,10/11/2017,109,2,107,0,107,21,86,52,34,21,13,65
TJN_TJX_TJMaxx 2H DIG_FY18,xAd Inc.,PJMTMQ_TJN_TJX_028_Mobile_GROUND TRUTH FKA XAD_DST_SV1_MAP_DIR_RCH_TRG_RON_PXT_PXT_DVY_PHASE 1_PROXIMITY LOYALTY PLACEMENT - RICH MEDIA STORE LOCATOR - TJ Maxx_Run of Network_Geo_F25-54_320 x 50_Click and View_NV_NA,204442090,9/26/2017,24125,399,23726,10329,13397,198,13199,12368,831,10527,9864,22232
TJN_MAR_023_Marshalls 2H Digital_F18,xAd Inc.,PJQ0YG_TJN_MAR_023_Mobile_GROUND TRUTH FKA XAD_DST_SV1_MAP_DIR_DSP_TRG_RON_BTG_DMA_DVY_BEHAVIORAL - FASHION SHOPPER - DYNAMIC DISTANCE_Run of Network_Behavioral_F25-54_320 x 50_Click and View_NV_NA,204557581,9/5/2017,40375,796,39579,29504,10075,6284,3791,3548,243,35788,31526,35074
TJN_TJX_TJMaxx 2H DIG_FY18,Viant,"PK2V4X_TJN_TJX_028_Data_VIANT INC_DSI_SV1_DSK_DIR_RCH_TRG_INT_BTG_CTG_DVY_PHASE 1_VIANT IMP, W25-54 STRATEGIC SAVERS, CONTOBOX - Fall Homes_Fixed Placement_Behavioral_F25-54_300 x 250_Click and View_NV_NA",205688458,10/14/2017,4230,94,4136,7,4129,661,3468,1550,1918,668,299,1849
TJN_TJX_TJMaxx 2H DIG_FY18,Viant,"PK2X7D_TJN_TJX_028_Data_VIANT INC_DSI_SV1_TWB_DIR_RCH_TRG_INT_BTG_CTG_DVY_PHASE 1_VIANT IMP, W25-54 STRATEGIC SAVERS, CONTOBOX - Honeycomb_Fixed Placement_Behavioral_F25-54_728 x 90_Click and View_NV_NA",205727832,10/17/2017,422,6,416,4,412,28,384,128,256,32,11,139
TJN_TJX_TJMaxx 2H DIG_FY18,Foursquare,"PJMQ2D_TJN_TJX_028_Audience_FOURSQUARE LABS, INC_DST_SV1_MAP_PRO_DSP_TRG_RON_PXT_BTG_DVY_PHASE 1_PINPOINT STRATEGIC SAVERS_Run of Network_Geo_F25-54_300 x 250_Standard_NV_NA",204483457,10/5/2017,6142,598,5544,1742,3802,233,3569,1660,1909,1975,919,2579
TJN_TJX_TJMaxx 2H DIG_FY18,Foursquare,"PJPSSX_TJN_TJX_028_Audience_FOURSQUARE LABS, INC_DST_SV1_MAP_PRO_RCH_TRG_RON_PXT_BTG_DVY_PHASE 1_MOBILE RICH MEDIA TRENDSETTERS - Fall Handbag_Run of Network_Geo_F25-54_300 x 250_Standard_NV_NA",204525354,9/27/2017,2913,159,2754,836,1918,130,1788,450,1338,966,243,693
TJN_TJX_TJMaxx 2H DIG_FY18,Viant,"PK2V4Y_TJN_TJX_028_Data_VIANT INC_DSI_SV1_MWB_DIR_RCH_TRG_INT_BTG_CTG_DVY_PHASE 1_VIANT IMP, W25-54 STRATEGIC SAVERS, CONTOBOX - Fall Homes_Fixed Placement_Behavioral_F25-54_320 x 50_Click and View_NV_NA",205685980,9/22/2017,5763,84,5679,2,5677,724,4953,998,3955,726,146,1144
TJN_TJX_TJMaxx 2H DIG_FY18,xAd Inc.,PJPXJR_TJN_TJX_028_Mobile_GROUND TRUTH FKA XAD_DST_SV1_MAP_DIR_DSP_TRG_RON_RTG_RTG_DVY_PHASE 1_LOCATION AUDIENCE TJX SHOPPERS PLACEMENT - STANDARD BANNER - Fall Hero_Run of Network_Retarget_F25-54_300 x 250_Click and View_NV_NA,204442105,9/22/2017,12915,336,12579,12579,0,0,0,0,0,12579,11601,11601
TJN_TJX_TJMaxx 2H DIG_FY18,Viant,"PJSPCG_TJN_TJC_031_Data_VIANT INC_PUR_ROI_DSK_DIR_DSP_TRG_RON_BTG_MKT_DVY_W25-54 + ONLINE SHOPPERS, CROSS DEVICE DISPLAY_Fixed Placement_Behavioral_F25-54_300 x 50_Click_NV_NA",204716182,10/12/2017,16,0,16,0,16,3,13,7,6,3,2,9
TJN_TJX_TJMaxx 2H DIG_FY18,Conversant Inc.,PJNPLY_TJN_TJX_028_Audience_CONVERSANT_DST_SV1_DSK_NET_DSP_TRG_RON_BTG_BTG_DVY_PHASE 1_ DESKTOP WIDE SKYSCRAPER - CJ CONVERTERS LAL MODELING_Run of Site_Behavioral_P18+_160 x 600_Standard_NV_NA,204443386,10/8/2017,9421,624,8797,0,8797,1302,7495,2723,4772,1302,473,3196
TJN_MAR_023_Marshalls 2H Digital_F18,xAd Inc.,PJQ0YK_TJN_MAR_023_Mobile_GROUND TRUTH FKA XAD_DST_SV1_MAP_DIR_DSP_TRG_RON_BTG_PXT_DVY_MARSHALLS SHOPPERS - DYNAMIC DISTANCE_Run of Network_Geo_F25-54_300 x 250_Click and View_NV_NA,204543440,9/5/2017,3134,88,3046,3042,4,0,4,4,0,3042,3042,3046
TJN_TJX_TJMaxx 2H DIG_FY18,Conversant Inc.,PJPWP8_TJN_TJX_028_Audience_CONVERSANT_DST_SV1_DSK_NET_DSP_TRG_RON_BTG_BTG_DVY_PHASE 1_ DESKTOP LEADERBOARD - CONVERSANT SHOPPERS AV_Run of Site_Behavioral_P18+_728 x 90_Standard_NV_NA,204446132,10/11/2017,1318,121,1197,0,1197,129,1068,730,338,129,88,818
TJN_TJX_TJMaxx 2H DIG_FY18,Foursquare,"PJYHWF_TJN_TJX_028_Audience_FOURSQUARE LABS, INC_DST_SV1_MAP_PRO_DSP_TRG_RON_PXT_BTG_DVY_PHASE 1_PINPOINT COMPETITIVE CONQUESTING_Run of Network_Geo_F25-54_320 x 50_Standard_NV_NA",205183220,9/21/2017,126271,4703,121568,92460,29108,927,28181,23933,4248,93387,79310,103243
TJN_TJX_TJMaxx 2H DIG_FY18,Conversant Inc.,PJNPLW_TJN_TJX_028_Audience_CONVERSANT_DST_SV1_DSK_NET_DSP_TRG_RON_BTG_BTG_DVY_PHASE 1_ DESKTOP MEDIUM RECTANGLE - CJ CONVERTERS LAL MODELING_Run of Site_Behavioral_P18+_300 x 250_Standard_NV_NA,204442024,10/8/2017,35466,1538,33928,0,33928,3475,30453,15772,14681,3475,1800,17572
TJN_TJX_TJMaxx 2H DIG_FY18,Conversant Inc.,PJNPMF_TJN_TJC_031_Audience_CONVERSANT_PUR_ROI_DSK_NET_DSP_TRG_RON_BTG_BTG_DVY_DESKTOP RECTANGLE- STRATEGIC SAVERS_Run of Site_Other_P18+_300 x 600_Standard_NV_NA,204442069,10/18/2017,286,20,266,0,266,50,216,71,145,50,16,87
TJN_MAR_023_Marshalls 2H Digital_F18,xAd Inc.,PJQ0YD_TJN_MAR_023_Mobile_GROUND TRUTH FKA XAD_DST_SV1_MAP_DIR_RCH_TRG_RON_WEA_PXT_DVY_PROXIMITY CONQUESTING - WEATHER LOCATOR UNIT_Run of Network_Weather_F25-54_320 x 50_Click and View_NV_NA,204541553,9/15/2017,13353,214,13139,5496,7643,4410,3233,3012,221,9906,9229,12241
TJN_TJX_TJMaxx 2H DIG_FY18,PlaceIQ,PKFS2Q_TJN_TJX_028_Mobile_PLACEIQ INC_DST_SV1_MAP_DIR_DSP_TRG_RON_BTG_PTG_DVY_PHASE 1_STANDARD BANNER_TRENDSETTERS_ONLINE SHOPPER+TJMAXX SHOPPERS - Booties_Run of Network_Behavioral_F25-54_300 x 250_Click and View_NV_NA,206772380,10/21/2017,932,115,817,543,274,3,271,268,3,546,540,808
TJN_TJX_TJMaxx 2H DIG_FY18,xAd Inc.,PJMTNR_TJN_TJX_028_Mobile_GROUND TRUTH FKA XAD_DST_SV1_MAP_DIR_RCH_TRG_RON_BTG_BTG_DVY_PHASE 1_BEHAVIORAL AUDIENCE STRATEGIC SAVERS PLACEMENT - RICH MEDIA STORE LOCATOR - Fall Handbag_Run of Network_Behavioral_F25-54_300 x 250_Click and View_NV_NA,204442108,9/28/2017,4892,101,4791,1407,3384,123,3261,1486,1775,1530,697,2183
TJN_MAR_023_Marshalls 2H Digital_F18,NinthDecimal,PJPSRZ_TJN_MAR_023_Mobile_NINTHDECIMAL_DST_SV1_MAP_DIR_RCH_TRG_RON_BTG_DMA_DVY_CONSUMER JOURNEY: BARGAIN HUNTERS_Run of Network_Behavioral_F25-54_320 x 50_Click and View_NV_NA,204542873,9/19/2017,16323,358,15965,5582,10383,63,10320,9973,347,5645,5455,15428
TJN_TJX_TJMaxx 2H DIG_FY18,xAd Inc.,PKF5TF_TJN_TJX_028_Mobile_GROUND TRUTH FKA XAD_DST_SV1_MAP_DIR_DSP_TRG_RON_RTG_RTG_DVY_PHASE 1_LOCATION AUDIENCE TJX SHOPPERS PLACEMENT - STANDARD BANNER - Find A Store V2_Run of Network_Retarget_F25-54_320 x 50_Click and View_NV_NA,206765393,10/17/2017,5100,50,5050,1211,3839,38,3801,3083,718,1249,1013,4096
TJN_TJX_TJMaxx 2H DIG_FY18,Foursquare,"PJPRQH_TJN_TJX_028_Audience_FOURSQUARE LABS, INC_DST_SV1_MAP_PRO_DSP_TRG_RON_PXT_BTG_DVY_PHASE 1_PINPOINT STRATEGIC SAVERS AV_Run of Network_Geo_F25-54_300 x 250_Standard_NV_NA",204481807,10/21/2017,13,0,13,9,4,0,4,3,1,9,7,10
TJN_MAR_023_Marshalls 2H Digital_F18,NinthDecimal,PJPSRT_TJN_MAR_023_Mobile_NINTHDECIMAL_DST_SV1_MAP_DIR_RCH_TRG_RON_PXT_DMA_DVY_GEOFENCE: 15-20-MILE RADIUS AROUND RURAL STORES_Run of Network_Geo_F25-54_320 x 50_Click and View_NV_NA,204542885,9/8/2017,14974,286,14688,5735,8953,33,8920,8748,172,5768,5657,14405
TJN_TJX_TJMaxx 2H DIG_FY18,Foursquare,"PJPRQH_TJN_TJX_028_Audience_FOURSQUARE LABS, INC_DST_SV1_MAP_PRO_DSP_TRG_RON_PXT_BTG_DVY_PHASE 1_PINPOINT STRATEGIC SAVERS AV_Run of Network_Geo_F25-54_300 x 250_Standard_NV_NA",204481807,9/9/2017,95,10,85,38,47,13,34,8,26,51,12,20
TJN_TJX_TJMaxx 2H DIG_FY18,Viant,"PK2X7K_TJN_TJX_028_Data_VIANT INC_DSI_SV1_DSK_DIR_RCH_TRG_INT_BTG_CTG_DVY_PHASE 1_VIANT IMP, W25-54 STRATEGIC SAVERS, CONTOBOX - Honeycomb_Fixed Placement_Behavioral_F25-54_160 x 600_Click and View_NV_NA",205726917,10/4/2017,864,8,856,0,856,44,812,336,476,44,18,354
TJN_MAR_023_Marshalls 2H Digital_F18,NinthDecimal,PJPSRV_TJN_MAR_023_Mobile_NINTHDECIMAL_DST_SV1_MAP_DIR_RCH_TRG_RON_BTG_PXT_DVY_LOCATION GRAPH: MARSHALLS LOYALISTS_Run of Network_Behavioral_F25-54_320 x 50_Click and View_NV_NA,204555232,9/19/2017,17146,271,16875,5764,11111,35,11076,10696,380,5799,5600,16296
TJN_TJX_TJMaxx 2H DIG_FY18,Hulu,PK3CXJ_TJN_TJX_027_Content_HULU_BAF_BS2_MAP_DIR_CUS_SPN_CHS_CTG_CTG_DVY_FALL TV SPONSORSHIP: PREMIUM SLATE - MOBILE IN APP_FEP_Contextual_F25-54_1920 x 1080_Standard_NV_NA,205683919,10/13/2017,11616,67,11549,11549,0,0,0,0,0,11549,7915,7915
TJN_TJX_TJMaxx 2H DIG_FY18,Viant,"PJNSGR_TJN_TJX_028_Data_VIANT INC_DSI_SV1_TWB_DIR_DSP_TRG_RON_BTG_CTG_DVY_PHASE 1_VIANT DIRECT MATCH RETAIL, TJX PORFOLIO LOYALISTS, DISPLAY_Fixed Placement_Behavioral_F25-54_160 x 600_Standard_NV_NA",204478520,10/3/2017,288,0,288,0,288,35,253,57,196,35,8,65
TJN_TJX_TJMaxx 2H DIG_FY18,NBC Universal Media,PK2KLP_TJN_TJX_028_Content_NBCUNI.COM_BAF_BS2_MAP_DIR_VID_SPN_ROS_BTG_CTG_MOA_THIS IS US SPONSORSHIP: MOBILE - VIGNETTE 4_Run of Site_Behavioral_F25-54_1920 x 1080_Click and View_NV_NA,205613680,10/21/2017,15479,98,15381,15381,0,0,0,0,0,15381,11672,11672
TJN_TJX_TJMaxx 2H DIG_FY18,PlaceIQ,PK19YZ_TJN_TJX_028_Mobile_PLACEIQ INC_DST_SV1_MAP_DIR_RCH_TRG_RON_BTG_PTG_DVY_PHASE 1_RICH MEDIA_STRATEGIC SAVERS_INFORMER CONSUMER SHOPPERS+TOP TIER APPAREL SHOPPER_Run of Network_Behavioral_F25-54_320 x 50_Click and View_NV_NA,205563548,10/14/2017,31247,915,30332,11747,18585,924,17661,17323,338,12671,12428,29751
TJN_MAR_023_Marshalls 2H Digital_F18,xAd Inc.,PJQ0YS_TJN_MAR_023_Mobile_GROUND TRUTH FKA XAD_DST_SV1_MAP_DIR_DSP_TRG_RON_DMA_BTG_DVY_AV DMA TARGETING_Run of Network_Geo_F25-54_300 x 250_Click and View_NV_NA,204558337,9/20/2017,49487,1016,48471,10251,38220,3383,34837,27684,7153,13634,7956,35640
TJN_MAR_023_Marshalls 2H Digital_F18,NinthDecimal,PJPSRT_TJN_MAR_023_Mobile_NINTHDECIMAL_DST_SV1_MAP_DIR_RCH_TRG_RON_PXT_DMA_DVY_GEOFENCE: 15-20-MILE RADIUS AROUND RURAL STORES_Run of Network_Geo_F25-54_320 x 50_Click and View_NV_NA,204542885,10/7/2017,27954,625,27329,12083,15246,82,15164,14867,297,12165,11927,26794
TJN_TJX_TJMaxx 2H DIG_FY18,xAd Inc.,PJYDBV_TJN_TJX_028_Mobile_GROUND TRUTH FKA XAD_DST_SV1_MAP_DIR_RCH_TRG_RON_BTG_BTG_DVY_PHASE 1_BEHAVIORAL AUDIENCE STRATEGIC SAVERS PLACEMENT - RICH MEDIA STORE LOCATOR - Maxx You Maxx Life_Run of Network_Behavioral_F25-54_320 x 50_Click and View_NV_NA,205148243,9/21/2017,17789,189,17600,4814,12786,189,12597,11917,680,5003,4733,16650
TJN_TJX_TJMaxx 2H DIG_FY18,Viant,"PJNSGT_TJN_TJX_028_Data_VIANT INC_DSI_SV1_DSK_DIR_DSP_TRG_RON_BTG_CTG_DVY_PHASE 1_VIANT DIRECT MATCH RETAIL, TJX PORFOLIO LOYALISTS, DISPLAY_Fixed Placement_Behavioral_F25-54_160 x 600_Standard_NV_NA",204483025,9/12/2017,3,0,3,0,3,0,3,3,0,0,0,3
TJN_TJX_TJMaxx 2H DIG_FY18,Viant,"PJSPBZ_TJN_TJC_031_Data_VIANT INC_PUR_ROI_TWB_DIR_DSP_TRG_RON_BTG_MKT_DVY_DETERMINSTIC LAL OF ECOM CONVERTERS, CROSS DEVICE DISPLAY_Fixed Placement_Behavioral_F25-54_160 x 600_Click_NV_NA",204716194,10/10/2017,238,1,237,0,237,44,193,53,140,44,12,65
TJN_TJX_TJMaxx 2H DIG_FY18,xAd Inc.,PJPXJR_TJN_TJX_028_Mobile_GROUND TRUTH FKA XAD_DST_SV1_MAP_DIR_DSP_TRG_RON_RTG_RTG_DVY_PHASE 1_LOCATION AUDIENCE TJX SHOPPERS PLACEMENT - STANDARD BANNER - Fall Hero_Run of Network_Retarget_F25-54_300 x 250_Click and View_NV_NA,204442105,9/24/2017,11707,204,11503,11487,16,1,15,14,1,11488,10722,10736
TJN_TJX_TJMaxx 2H DIG_FY18,Viant,"PJSPBX_TJN_TJC_031_Data_VIANT INC_PUR_ROI_TWB_DIR_DSP_TRG_RON_BTG_MKT_DVY_DETERMINSTIC LAL OF ECOM CONVERTERS, CROSS DEVICE DISPLAY_Fixed Placement_Behavioral_F25-54_728 x 90_Click_NV_NA",204716188,10/17/2017,1798,23,1775,0,1775,278,1497,805,692,278,149,954
TJN_TJX_TJMaxx 2H DIG_FY18,Viant,"PK2V4Y_TJN_TJX_028_Data_VIANT INC_DSI_SV1_MWB_DIR_RCH_TRG_INT_BTG_CTG_DVY_PHASE 1_VIANT IMP, W25-54 STRATEGIC SAVERS, CONTOBOX - Fall Homes_Fixed Placement_Behavioral_F25-54_320 x 50_Click and View_NV_NA",205685980,9/24/2017,7995,64,7931,4,7927,726,7201,979,6222,730,99,1078
TJN_TJX_TJMaxx 2H DIG_FY18,Viant,"PJSPBW_TJN_TJC_031_Data_VIANT INC_PUR_ROI_MWB_DIR_DSP_TRG_RON_BTG_MKT_DVY_DETERMINSTIC LAL OF ECOM CONVERTERS, CROSS DEVICE DISPLAY_Fixed Placement_Behavioral_F25-54_300 x 50_Click_NV_NA",204733524,10/14/2017,7673,124,7549,0,7549,1034,6515,5073,1442,1034,805,5878
TJN_TJX_TJMaxx 2H DIG_FY18,Hulu,PK3CXN_TJN_TJX_027_Content_HULU_BAF_BS2_CTV_DIR_CUS_SPN_CHS_CTG_CTG_DVY_FALL TV SPONSORSHIP: PREMIUM SLATE - CONNECTED TV_FEP_Contextual_F25-54_1920 x 1080_Standard_NV_NA,205725861,10/17/2017,9351,14,9337,9337,0,0,0,0,0,9337,6237,6237
TJN_TJX_TJMaxx 2H DIG_FY18,Viant,"PK2V4T_TJN_TJX_028_Data_VIANT INC_DSI_SV1_TWB_DIR_RCH_TRG_INT_BTG_CTG_DVY_PHASE 1_VIANT IMP, W25-54 STRATEGIC SAVERS, CONTOBOX - Fall Homes_Fixed Placement_Behavioral_F25-54_160 x 600_Click and View_NV_NA",205687933,9/28/2017,2,0,2,0,2,0,2,2,0,0,0,2
TJN_TJX_TJMaxx 2H DIG_FY18,NBC Universal Media,PK2KLX_TJN_TJX_028_Content_NBCUNI.COM_BAF_BS2_OTT_DIR_VID_SPN_ROS_BTG_CTG_MOA_THIS IS US SPONSORSHIP: OTT - VIGNETTE 4_Run of Site_Behavioral_F25-54_1920 x 1080_Click and View_NV_NA,205563476,10/21/2017,80713,104,80609,80609,0,0,0,0,0,80609,61173,61173
TJN_MAR_023_Marshalls 2H Digital_F18,xAd Inc.,PJQ0YP_TJN_MAR_023_Mobile_GROUND TRUTH FKA XAD_DST_SV1_MAP_DIR_DSP_TRG_RON_PXT_BTG_DVY_GEOBLOCKS LOYALTY - DYNAMIC DISTANCE_Run of Network_Geo_F25-54_300 x 250_Click and View_NV_NA,204537983,9/6/2017,5900,102,5798,5775,23,1,22,10,12,5776,2625,2635
TJN_TJX_TJMaxx 2H DIG_FY18,Viant,PJPXKR_TJN_TJX_028_Data_VIANT INC_DSI_SV1_DSK_DIR_DSP_TRG_RON_BTG_CTG_DVY_PHASE 1_DESKTOP DISPLAY VIANT IMP TARGETING - STRATEGIC SAVERS AV_Fixed Placement_Demo_F25-54_300 x 250_Standard_NV_NA,204475841,9/20/2017,22553,425,22128,0,22128,2492,19636,11350,8286,2492,1440,12790
TJN_MAR_023_Marshalls 2H Digital_F18,NinthDecimal,PJPSRZ_TJN_MAR_023_Mobile_NINTHDECIMAL_DST_SV1_MAP_DIR_RCH_TRG_RON_BTG_DMA_DVY_CONSUMER JOURNEY: BARGAIN HUNTERS_Run of Network_Behavioral_F25-54_320 x 50_Click and View_NV_NA,204542873,9/13/2017,29935,525,29410,8150,21260,132,21128,20609,519,8282,8079,28688
TJN_MAR_023_Marshalls 2H Digital_F18,NinthDecimal,PJPSRV_TJN_MAR_023_Mobile_NINTHDECIMAL_DST_SV1_MAP_DIR_RCH_TRG_RON_BTG_PXT_DVY_LOCATION GRAPH: MARSHALLS LOYALISTS_Run of Network_Behavioral_F25-54_320 x 50_Click and View_NV_NA,204555232,10/13/2017,65234,1049,64185,20911,43274,210,43064,41417,1647,21121,20313,61730
TJN_TJX_TJMaxx 2H DIG_FY18,Viant,"PK2X7J_TJN_TJX_028_Data_VIANT INC_DSI_SV1_MWB_DIR_RCH_TRG_INT_BTG_CTG_DVY_PHASE 1_VIANT IMP, W25-54 STRATEGIC SAVERS, CONTOBOX - Honeycomb_Fixed Placement_Behavioral_F25-54_300 x 250_Click and View_NV_NA",205688479,10/14/2017,199,6,193,31,162,11,151,45,106,42,13,58
TJN_MAR_023_Marshalls 2H Digital_F18,xAd Inc.,PJQ0YM_TJN_MAR_023_Mobile_GROUND TRUTH FKA XAD_DST_SV1_MAP_DIR_DSP_TRG_RON_BTG_PXT_DVY_COMPETITOR SHOPPERS - DYNAMIC DISTANCE_Run of Network_Geo_F25-54_300 x 250_Click and View_NV_NA,204555259,10/21/2017,59662,2383,57279,57268,11,0,11,10,1,57268,52053,52063
TJN_TJX_TJMaxx 2H DIG_FY18,PlaceIQ,PKFS8X_TJN_TJX_028_Mobile_PLACEIQ INC_DST_SV1_MAP_DIR_DSP_TRG_RON_BTG_PXT_DVY_PHASE 1_STANDARD BANNER_TRENDSETTERS_APPROVAL SEEKING SHOPPERS+LIVE OR WORK BY TJMAXX - Find a Store V2_Run of Network_Behavioral_F25-54_320 x 50_Click and View_NV_NA,206833452,10/20/2017,6459,178,6281,2944,3337,28,3309,3272,37,2972,2939,6211
TJN_TJX_TJMaxx 2H DIG_FY18,Conversant Inc.,PJPWP8_TJN_TJX_028_Audience_CONVERSANT_DST_SV1_DSK_NET_DSP_TRG_RON_BTG_BTG_DVY_PHASE 1_ DESKTOP LEADERBOARD - CONVERSANT SHOPPERS AV_Run of Site_Behavioral_P18+_728 x 90_Standard_NV_NA,204446132,10/6/2017,960,69,891,0,891,145,746,486,260,145,94,580
TJN_TJX_TJMaxx 2H DIG_FY18,xAd Inc.,PKF8WH_TJN_TJX_028_Mobile_GROUND TRUTH FKA XAD_DST_SV1_MAP_DIR_RCH_TRG_RON_PXT_PXT_DVY_PHASE 1_PROXIMITY LOYALTY PLACEMENT - RICH MEDIA STORE LOCATOR - Find A Store V2_Run of Network_Geo_F25-54_320 x 50_Click and View_NV_NA,206834115,10/19/2017,8871,117,8754,2853,5901,19,5882,5530,352,2872,2700,8230
TJN_MAR_023_Marshalls 2H Digital_F18,Bustle,PKGB7T_TJN_MAR_023_Content_BUSTLE_Custom Content Roadblock Custom Shot Feature 1 - 300x250_Roadblock_Contextual_F25-54_300 x 250_Click and View_NV_NA,206751412,10/16/2017,1658,16,1642,1,1641,1475,166,83,83,1476,738,821
TJN_MAR_023_Marshalls 2H Digital_F18,NinthDecimal,PJPSRX_TJN_MAR_023_Mobile_NINTHDECIMAL_DST_SV1_MAP_DIR_RCH_TRG_RON_BTG_PXT_DVY_LOCATION GRAPH: COMPETITIVE CONQUESTING_Run of Network_Behavioral_F25-54_320 x 50_Click and View_NV_NA,204542879,9/15/2017,15208,288,14920,5963,8957,68,8889,8622,267,6031,5850,14472
TJN_MAR_023_Marshalls 2H Digital_F18,NinthDecimal,PJPSRZ_TJN_MAR_023_Mobile_NINTHDECIMAL_DST_SV1_MAP_DIR_RCH_TRG_RON_BTG_DMA_DVY_CONSUMER JOURNEY: BARGAIN HUNTERS_Run of Network_Behavioral_F25-54_320 x 50_Click and View_NV_NA,204542873,10/13/2017,40428,504,39924,11651,28273,160,28113,27056,1057,11811,11367,38423
TJN_MAR_023_Marshalls 2H Digital_F18,xAd Inc.,PJQ0YM_TJN_MAR_023_Mobile_GROUND TRUTH FKA XAD_DST_SV1_MAP_DIR_DSP_TRG_RON_BTG_PXT_DVY_COMPETITOR SHOPPERS - DYNAMIC DISTANCE_Run of Network_Geo_F25-54_300 x 250_Click and View_NV_NA,204555259,9/9/2017,3473,43,3430,3430,0,0,0,0,0,3430,3430,3430
TJN_MAR_023_Marshalls 2H Digital_F18,NinthDecimal,PJPSRV_TJN_MAR_023_Mobile_NINTHDECIMAL_DST_SV1_MAP_DIR_RCH_TRG_RON_BTG_PXT_DVY_LOCATION GRAPH: MARSHALLS LOYALISTS_Run of Network_Behavioral_F25-54_320 x 50_Click and View_NV_NA,204555232,9/13/2017,33501,687,32814,10029,22785,100,22685,22069,616,10129,9854,31923
TJN_MAR_023_Marshalls 2H Digital_F18,xAd Inc.,PJQ0YH_TJN_MAR_023_Mobile_GROUND TRUTH FKA XAD_DST_SV1_MAP_DIR_DSP_TRG_RON_BTG_DMA_DVY_BEHAVIORAL - FASHION SHOPPER - DYNAMIC DISTANCE_Run of Network_Behavioral_F25-54_300 x 250_Click and View_NV_NA,204543443,9/10/2017,12920,163,12757,12750,7,2,5,1,4,12752,2550,2551
TJN_TJX_TJMaxx 2H DIG_FY18,Viant,"PJNSGR_TJN_TJX_028_Data_VIANT INC_DSI_SV1_TWB_DIR_DSP_TRG_RON_BTG_CTG_DVY_PHASE 1_VIANT DIRECT MATCH RETAIL, TJX PORFOLIO LOYALISTS, DISPLAY_Fixed Placement_Behavioral_F25-54_160 x 600_Standard_NV_NA",204478520,10/2/2017,421,4,417,0,417,43,374,67,307,43,8,75
TJN_TJX_TJMaxx 2H DIG_FY18,xAd Inc.,PJMTN1_TJN_TJX_028_Mobile_GROUND TRUTH FKA XAD_DST_SV1_MAP_DIR_DSP_TRG_RON_DMA_DMA_DVY_PHASE 1_ADDED VALUE DMA TARGETING STANDALONE: STANDARD BANNER - Maxx You Maxx Life_Run of Network_Geo_F25-54_320 x 50_Click and View_NV_NA,204443461,9/28/2017,51115,1629,49486,19890,29596,621,28975,22962,6013,20511,16254,39216
TJN_TJX_TJMaxx 2H DIG_FY18,xAd Inc.,PJMTND_TJN_TJX_028_Mobile_GROUND TRUTH FKA XAD_DST_SV1_MAP_DIR_DSP_TRG_RON_PXT_PXT_DVY_PHASE 1_PROXIMITY LOYALTY PLACEMENT - STANDARD BANNER - Maxx You Maxx Life_Run of Network_Geo_F25-54_320 x 50_Click and View_NV_NA,204442096,9/29/2017,42676,745,41931,31173,10758,497,10261,7500,2761,31670,16809,24309
TJN_MAR_023_Marshalls 2H Digital_F18,xAd Inc.,PJQ0Y6_TJN_MAR_023_Mobile_GROUND TRUTH FKA XAD_DST_SV1_MAP_DIR_DSP_TRG_RON_PXT_BTG_DVY_PROXIMITY LOYALTY - DYNAMIC DISTANCE_Run of Network_Geo_F25-54_320 x 50_Click and View_NV_NA,204556888,10/8/2017,47804,1392,46412,33321,13091,988,12103,9407,2696,34309,23818,33225
TJN_TJX_TJMaxx 2H DIG_FY18,xAd Inc.,PJPXJY_TJN_TJX_028_Mobile_GROUND TRUTH FKA XAD_DST_SV1_MAP_DIR_DSP_TRG_RON_BTG_BTG_DVY_PHASE 1_BEHAVIORAL AUDIENCE STRATEGIC SAVERS PLACEMENT - STANDARD BANNER - Fall Hero_Run of Network_Behavioral_F25-54_300 x 250_Click and View_NV_NA,204484017,9/23/2017,10686,178,10508,10502,6,3,3,0,3,10505,0,0
TJN_TJX_TJMaxx 2H DIG_FY18,Conversant Inc.,PJPTLK_TJN_TJC_031_Audience_CONVERSANT_PUR_ROI_DSK_NET_DSP_TRG_RON_BTG_BTG_DVY_DESKTOP RECTANGLE- TRENDSETTERS_Run of Site_Other_P18+_300 x 600_Standard_NV_NA,204483963,10/13/2017,3714,475,3239,1,3238,561,2677,1301,1376,562,273,1574
TJN_MAR_023_Marshalls 2H Digital_F18,xAd Inc.,PJQ0YL_TJN_MAR_023_Mobile_GROUND TRUTH FKA XAD_DST_SV1_MAP_DIR_DSP_TRG_RON_BTG_PXT_DVY_COMPETITOR SHOPPERS - DYNAMIC DISTANCE_Run of Network_Geo_F25-54_320 x 50_Click and View_NV_NA,204595638,9/20/2017,9470,216,9254,5915,3339,1713,1626,1485,141,7628,6278,7763
TJN_TJX_TJMaxx 2H DIG_FY18,Foursquare,"PJPSSW_TJN_TJX_028_Audience_FOURSQUARE LABS, INC_DST_SV1_MAP_PRO_RCH_TRG_RON_PXT_BTG_DVY_PHASE 1_MOBILE RICH MEDIA STRATEGIC SAVERS - Find A TJ Maxx Store_Run of Network_Geo_F25-54_320 x 50_Standard_NV_NA",204525357,9/27/2017,50699,2431,48268,25912,22356,2278,20078,12175,7903,28190,17094,29269
TJN_TJX_TJMaxx 2H DIG_FY18,Viant,"PJNSGR_TJN_TJX_028_Data_VIANT INC_DSI_SV1_TWB_DIR_DSP_TRG_RON_BTG_CTG_DVY_PHASE 1_VIANT DIRECT MATCH RETAIL, TJX PORFOLIO LOYALISTS, DISPLAY_Fixed Placement_Behavioral_F25-54_160 x 600_Standard_NV_NA",204478520,9/23/2017,239,4,235,0,235,10,225,39,186,10,2,41
TJN_MAR_023_Marshalls 2H Digital_F18,NinthDecimal,PJPSRS_TJN_MAR_023_Mobile_NINTHDECIMAL_DST_SV1_MAP_DIR_RCH_TRG_RON_PXT_DMA_DVY_GEOFENCE: 5-10-MILE RADIUS AROUND SUBURBAN STORES_Run of Network_Geo_F25-54_320 x 50_Click and View_NV_NA,204541748,9/17/2017,23842,642,23200,8618,14582,77,14505,14183,322,8695,8502,22685
TJN_TJX_TJMaxx 2H DIG_FY18,Conversant Inc.,PJPWP8_TJN_TJX_028_Audience_CONVERSANT_DST_SV1_DSK_NET_DSP_TRG_RON_BTG_BTG_DVY_PHASE 1_ DESKTOP LEADERBOARD - CONVERSANT SHOPPERS AV_Run of Site_Behavioral_P18+_728 x 90_Standard_NV_NA,204446132,9/21/2017,267,24,243,0,243,30,213,162,51,30,23,185
TJN_TJX_TJMaxx 2H DIG_FY18,Foursquare,"PJYHWF_TJN_TJX_028_Audience_FOURSQUARE LABS, INC_DST_SV1_MAP_PRO_DSP_TRG_RON_PXT_BTG_DVY_PHASE 1_PINPOINT COMPETITIVE CONQUESTING_Run of Network_Geo_F25-54_320 x 50_Standard_NV_NA",205183220,10/11/2017,135900,3768,132132,103961,28171,1045,27126,23714,3412,105006,91798,115512
TJN_MAR_023_Marshalls 2H Digital_F18,xAd Inc.,PJQ0YB_TJN_MAR_023_Mobile_GROUND TRUTH FKA XAD_DST_SV1_MAP_DIR_DSP_TRG_RON_PXT_BTG_DVY_PROXIMITY CONQUESTING - DYNAMIC DISTANCE_Run of Network_Geo_F25-54_320 x 50_Click and View_NV_NA,204541799,9/16/2017,21148,356,20792,13733,7059,5382,1677,1511,166,19115,15831,17342
TJN_TJX_TJMaxx 2H DIG_FY18,Foursquare,"PJPRQJ_TJN_TJX_028_Audience_FOURSQUARE LABS, INC_DST_SV1_MAP_PRO_DSP_TRG_RON_PXT_BTG_DVY_PHASE 1_PINPOINT STRATEGIC SAVERS AV_Run of Network_Geo_F25-54_320 x 50_Standard_NV_NA",204525369,10/7/2017,3887,50,3837,818,3019,125,2894,2162,732,943,704,2866
TJN_MAR_023_Marshalls 2H Digital_F18,xAd Inc.,PJQ0YK_TJN_MAR_023_Mobile_GROUND TRUTH FKA XAD_DST_SV1_MAP_DIR_DSP_TRG_RON_BTG_PXT_DVY_MARSHALLS SHOPPERS - DYNAMIC DISTANCE_Run of Network_Geo_F25-54_300 x 250_Click and View_NV_NA,204543440,10/14/2017,4518,61,4457,4457,0,0,0,0,0,4457,4457,4457
TJN_TJX_TJMaxx 2H DIG_FY18,Viant,"PKGJY9_TJN_TJX_028_Data_VIANT INC_DSI_SV1_DSK_DIR_RCH_TRG_INT_BTG_CTG_DVY_PHASE 1_VIANT IMP, W25-54 STRATEGIC SAVERS, CONTOBOX - Booties_Fixed Placement_Behavioral_F25-54_728 x 90_Click and View_NV_NA",206833290,10/20/2017,2,2,0,0,0,0,0,0,0,0,0,0
TJN_TJX_TJMaxx 2H DIG_FY18,Conversant Inc.,PJPTMQ_TJN_TJC_031_Audience_CONVERSANT_PUR_ROI_DSK_NET_DSP_TRG_RON_BTG_BTG_DVY_DESKTOP MEDIUM RECTANGLE- COMPETITIVE CONQUESTING_Run of Site_Other_P18+_300 x 250_Standard_NV_NA,204447218,10/16/2017,7981,403,7578,0,7578,917,6661,4216,2445,917,580,4796
TJN_TJX_TJMaxx 2H DIG_FY18,xAd Inc.,PJYDBV_TJN_TJX_028_Mobile_GROUND TRUTH FKA XAD_DST_SV1_MAP_DIR_RCH_TRG_RON_BTG_BTG_DVY_PHASE 1_BEHAVIORAL AUDIENCE STRATEGIC SAVERS PLACEMENT - RICH MEDIA STORE LOCATOR - Maxx You Maxx Life_Run of Network_Behavioral_F25-54_320 x 50_Click and View_NV_NA,205148243,10/6/2017,13886,136,13750,9213,4537,186,4351,3087,1264,9399,6669,9756
TJN_TJX_TJMaxx 2H DIG_FY18,xAd Inc.,PJMTN2_TJN_TJX_028_Mobile_GROUND TRUTH FKA XAD_DST_SV1_MAP_DIR_DSP_TRG_RON_RTG_RTG_DVY_PHASE 1_LOCATION AUDIENCE COMPETITIVE CONQUESTING PLACEMENT - STANDARD BANNER - Fall Handbag_Run of Network_Retarget_F25-54_300 x 250_Click and View_NV_NA,204447824,9/20/2017,23195,602,22593,22580,13,1,12,3,9,22581,5645,5648
TJN_TJX_TJMaxx 2H DIG_FY18,Viant,"PK2V50_TJN_TJX_028_Data_VIANT INC_DSI_SV1_DSK_DIR_RCH_TRG_INT_BTG_CTG_DVY_PHASE 1_VIANT IMP, W25-54 STRATEGIC SAVERS, CONTOBOX - Fall Homes_Fixed Placement_Behavioral_F25-54_160 x 600_Click and View_NV_NA",205726908,10/17/2017,5413,1804,3609,3,3606,190,3416,1287,2129,193,73,1360
TJN_TJX_TJMaxx 2H DIG_FY18,Foursquare,"PJPQKZ_TJN_TJX_028_Audience_FOURSQUARE LABS, INC_DST_SV1_MAP_PRO_DSP_TRG_RON_PXT_BTG_DVY_PHASE 1_PINPOINT TRENDSETTERS_Run of Network_Geo_F25-54_300 x 250_Standard_NV_NA",204481813,10/17/2017,5384,137,5247,2661,2586,237,2349,1207,1142,2898,1489,2696
TJN_MAR_023_Marshalls 2H Digital_F18,xAd Inc.,PJQ0YG_TJN_MAR_023_Mobile_GROUND TRUTH FKA XAD_DST_SV1_MAP_DIR_DSP_TRG_RON_BTG_DMA_DVY_BEHAVIORAL - FASHION SHOPPER - DYNAMIC DISTANCE_Run of Network_Behavioral_F25-54_320 x 50_Click and View_NV_NA,204557581,9/14/2017,36202,522,35680,27199,8481,2091,6390,5896,494,29290,21155,27051
TJN_MAR_023_Marshalls 2H Digital_F18,xAd Inc.,PJQ0YK_TJN_MAR_023_Mobile_GROUND TRUTH FKA XAD_DST_SV1_MAP_DIR_DSP_TRG_RON_BTG_PXT_DVY_MARSHALLS SHOPPERS - DYNAMIC DISTANCE_Run of Network_Geo_F25-54_300 x 250_Click and View_NV_NA,204543440,9/14/2017,3242,85,3157,3157,0,0,0,0,0,3157,3157,3157
TJN_MAR_023_Marshalls 2H Digital_F18,NinthDecimal,PJPSS0_TJN_MAR_023_Mobile_NINTHDECIMAL_DST_SV1_MAP_DIR_RCH_TRG_RON_BTG_DMA_DVY_3RD PARTY: SURPRISE CHOOSERS_Run of Network_Behavioral_F25-54_320 x 50_Click and View_NV_NA,204595875,9/18/2017,13537,486,13051,3786,9265,62,9203,8815,388,3848,3686,12501
TJN_TJX_TJMaxx 2H DIG_FY18,Viant,"PK2V4Z_TJN_TJX_028_Data_VIANT INC_DSI_SV1_MWB_DIR_RCH_TRG_INT_BTG_CTG_DVY_PHASE 1_VIANT IMP, W25-54 STRATEGIC SAVERS, CONTOBOX - Fall Homes_Fixed Placement_Behavioral_F25-54_300 x 250_Click and View_NV_NA",205726911,9/27/2017,1530,52,1478,6,1472,118,1354,282,1072,124,26,308
TJN_MAR_023_Marshalls 2H Digital_F18,Bustle,PK5G3W_TJN_MAR_023_Content_BUSTLE_HPTO - Panoramic Unit 10/12_Run of Site_Contextual_F25-54_1 x 1_Click and View_NV_NA,206334465,10/19/2017,2,0,2,0,2,2,0,0,0,2,1,1
TJN_TJX_TJMaxx 2H DIG_FY18,Viant,"PJNSHF_TJN_TJX_028_Data_VIANT INC_DSI_SV1_MWB_DIR_DSP_TRG_RON_BTG_CTG_DVY_PHASE 1_VIANT DIRECT MATCH RETAIL, COMPETITIVE CONQUESTING, DISPLAY_Fixed Placement_Behavioral_F25-54_300 x 250_Standard_NV_NA",204483016,9/19/2017,57,1,56,0,56,2,54,37,17,2,1,38
TJN_TJX_TJMaxx 2H DIG_FY18,xAd Inc.,PJMTNQ_TJN_TJX_028_Mobile_GROUND TRUTH FKA XAD_DST_SV1_MAP_DIR_RCH_TRG_RON_BTG_BTG_DVY_PHASE 1_BEHAVIORAL AUDIENCE STRATEGIC SAVERS PLACEMENT - RICH MEDIA STORE LOCATOR - TJ Maxx_Run of Network_Behavioral_F25-54_320 x 50_Click and View_NV_NA,204447845,10/10/2017,6323,15,6308,2157,4151,138,4013,3256,757,2295,1862,5118
TJN_TJX_TJMaxx 2H DIG_FY18,NBC Universal Media,PK2KJV_TJN_TJX_028_Content_NBCUNI.COM_BAF_BS2_OTT_DIR_VID_SPN_ROS_BTG_CTG_MOA_THIS IS US SPONSORSHIP: OTT - VIGNETTE 2_Run of Site_Behavioral_F25-54_1920 x 1080_Click and View_NV_NA,205613677,10/15/2017,1,0,1,1,0,0,0,0,0,1,1,1
TJN_MAR_023_Marshalls 2H Digital_F18,xAd Inc.,PJQ0YG_TJN_MAR_023_Mobile_GROUND TRUTH FKA XAD_DST_SV1_MAP_DIR_DSP_TRG_RON_BTG_DMA_DVY_BEHAVIORAL - FASHION SHOPPER - DYNAMIC DISTANCE_Run of Network_Behavioral_F25-54_320 x 50_Click and View_NV_NA,204557581,10/14/2017,68132,672,67460,55200,12260,3147,9113,7977,1136,58347,50901,58878
TJN_MAR_023_Marshalls 2H Digital_F18,xAd Inc.,PJQ0Y7_TJN_MAR_023_Mobile_GROUND TRUTH FKA XAD_DST_SV1_MAP_DIR_DSP_TRG_RON_PXT_BTG_DVY_PROXIMITY LOYALTY - DYNAMIC DISTANCE_Run of Network_Geo_F25-54_300 x 250_Click and View_NV_NA,204541754,9/19/2017,38026,2231,35795,35744,51,8,43,15,28,35752,12471,12486
TJN_MAR_023_Marshalls 2H Digital_F18,NinthDecimal,"PJPSS1_TJN_MAR_023_Mobile_NINTHDECIMAL_DST_SV1_MAP_DIR_RCH_TRG_RON_BTG_DMA_DVY_TV TARGETING: PEOPLE WHO WATCH BRAVO, TLC, HGTV, A&E, LIFETIME, DISCOVERY_Run of Network_Behavioral_F25-54_320 x 50_Click and View_NV_NA",204541508,10/10/2017,18395,96,18299,4875,13424,88,13336,12888,448,4963,4796,17684
TJN_TJX_TJMaxx 2H DIG_FY18,xAd Inc.,PJPXJX_TJN_TJX_028_Mobile_GROUND TRUTH FKA XAD_DST_SV1_MAP_DIR_DSP_TRG_RON_BTG_BTG_DVY_PHASE 1_BEHAVIORAL AUDIENCE STRATEGIC SAVERS PLACEMENT - STANDARD BANNER - TJMaxx_Run of Network_Behavioral_F25-54_320 x 50_Click and View_NV_NA,204447848,10/10/2017,11568,51,11517,3320,8197,121,8076,6398,1678,3441,2726,9124
TJN_TJX_TJMaxx 2H DIG_FY18,xAd Inc.,PKF4B4_TJN_TJX_028_Mobile_GROUND TRUTH FKA XAD_DST_SV1_MAP_DIR_DSP_TRG_RON_BTG_BTG_DVY_PHASE 1_BEHAVIORAL AUDIENCE TRENDSETTERS PLACEMENT - STANDARD BANNER - Find A Store V2_Run of Network_Behavioral_F25-54_320 x 50_Click and View_NV_NA,206832834,10/16/2017,6134,88,6046,2028,4018,56,3962,3108,854,2084,1635,4743
TJN_TJX_TJMaxx 2H DIG_FY18,Foursquare,"PJMQ2K_TJN_TJX_028_Audience_FOURSQUARE LABS, INC_DST_SV1_MAP_PRO_DSP_TRG_RON_PXT_BTG_DVY_PHASE 1_PINPOINT STRATEGIC SAVERS_Run of Network_Geo_F25-54_320 x 50_Standard_NV_NA",204483454,10/15/2017,133792,1534,132258,55583,76675,3402,73273,57305,15968,58985,46131,103436
TJN_TJX_TJMaxx 2H DIG_FY18,xAd Inc.,PKF499_TJN_TJX_028_Mobile_GROUND TRUTH FKA XAD_DST_SV1_MAP_DIR_DSP_TRG_RON_BTG_BTG_DVY_PHASE 1_BEHAVIORAL AUDIENCE TRENDSETTERS PLACEMENT - STANDARD BANNER - Booties_Run of Network_Behavioral_F25-54_300 x 250_Click and View_NV_NA,206832846,10/14/2017,1329,10,1319,15,1304,3,1301,1231,70,18,17,1248
TJN_TJX_TJMaxx 2H DIG_FY18,Viant,"PJSPCF_TJN_TJC_031_Data_VIANT INC_PUR_ROI_DSK_DIR_DSP_TRG_RON_BTG_MKT_DVY_W25-54 + ONLINE SHOPPERS, CROSS DEVICE DISPLAY_Fixed Placement_Behavioral_F25-54_320 x 50_Click_NV_NA",204715639,10/7/2017,6101,79,6022,0,6022,749,5273,4380,893,749,622,5002
TJN_MAR_023_Marshalls 2H Digital_F18,NinthDecimal,PJPSRW_TJN_MAR_023_Mobile_NINTHDECIMAL_DST_SV1_MAP_DIR_RCH_TRG_RON_BTG_PXT_DVY_LOCATION GRAPH: TJX FAMILY LOYALISTS_Run of Network_Behavioral_F25-54_320 x 50_Click and View_NV_NA,204541739,10/17/2017,52455,849,51606,15167,36439,191,36248,35218,1030,15358,14922,50140
TJN_TJX_TJMaxx 2H DIG_FY18,Conversant Inc.,PJPTLP_TJN_TJC_031_Audience_CONVERSANT_PUR_ROI_DSK_NET_DSP_TRG_RON_BTG_BTG_DVY_DESKTOP LEADERBOARD- TRENDSETTERS_Run of Site_Other_P18+_728 x 90_Standard_NV_NA,204447782,10/13/2017,11315,1519,9796,0,9796,1021,8775,6328,2447,1021,736,7064
TJN_TJX_TJMaxx 2H DIG_FY18,NBC Universal Media,PK2LFR_TJN_TJX_028_Content_NBCUNI.COM_BAF_BS2_DSK_DIR_DSP_SPN_HPT_CTG_CTG_DCM_100% SOV NBC HOMEPAGE ROADBLOCK 10/10 - 300X250 DESKTOP_HP Takeover_Contextual_F25-54_300 x 250_Standard_NV_NA,205614535,10/13/2017,1,0,1,0,1,0,1,0,1,0,0,0
TJN_TJX_TJMaxx 2H DIG_FY18,xAd Inc.,PJYDBV_TJN_TJX_028_Mobile_GROUND TRUTH FKA XAD_DST_SV1_MAP_DIR_RCH_TRG_RON_BTG_BTG_DVY_PHASE 1_BEHAVIORAL AUDIENCE STRATEGIC SAVERS PLACEMENT - RICH MEDIA STORE LOCATOR - Maxx You Maxx Life_Run of Network_Behavioral_F25-54_320 x 50_Click and View_NV_NA,205148243,10/11/2017,7562,87,7475,2927,4548,155,4393,3683,710,3082,2584,6267
TJN_TJX_TJMaxx 2H DIG_FY18,xAd Inc.,PJMTMQ_TJN_TJX_028_Mobile_GROUND TRUTH FKA XAD_DST_SV1_MAP_DIR_RCH_TRG_RON_PXT_PXT_DVY_PHASE 1_PROXIMITY LOYALTY PLACEMENT - RICH MEDIA STORE LOCATOR - TJ Maxx_Run of Network_Geo_F25-54_320 x 50_Click and View_NV_NA,204442090,9/11/2017,13,1,12,10,2,2,0,0,0,12,10,10
TJN_TJX_TJMaxx 2H DIG_FY18,Conversant Inc.,PJPTLH_TJN_TJC_031_Audience_CONVERSANT_PUR_ROI_TAP_NET_DSP_TRG_RON_BTG_BTG_DVY_TABLET LEADERBOARD- TRENDSETTERS_Run of Site_Other_P18+_728 x 90_Standard_NV_NA,204447779,10/15/2017,267,3,264,69,195,11,184,169,15,80,73,242
TJN_TJX_TJMaxx 2H DIG_FY18,Foursquare,"PJPRQJ_TJN_TJX_028_Audience_FOURSQUARE LABS, INC_DST_SV1_MAP_PRO_DSP_TRG_RON_PXT_BTG_DVY_PHASE 1_PINPOINT STRATEGIC SAVERS AV_Run of Network_Geo_F25-54_320 x 50_Standard_NV_NA",204525369,9/8/2017,3216,192,3024,652,2372,125,2247,1137,1110,777,393,1530
TJN_TJX_TJMaxx 2H DIG_FY18,Foursquare,"PK0H81_TJN_TJX_028_Audience_FOURSQUARE LABS, INC_DST_SV1_MAP_PRO_RCH_TRG_RON_PXT_BTG_DVY_PHASE 1_MOBILE RICH MEDIA TRENDSETTERS - Fall Honeycomb_Run of Network_Geo_F25-54_300 x 250_Standard_NV_NA",205337093,9/28/2017,2649,128,2521,648,1873,117,1756,430,1326,765,187,617
TJN_TJX_TJMaxx 2H DIG_FY18,Conversant Inc.,PJNPMC_TJN_TJC_031_Audience_CONVERSANT_PUR_ROI_TAP_NET_DSP_TRG_RON_BTG_BTG_DVY_TABLET LEADERBOARD- STRATEGIC SAVERS_Run of Site_Other_P18+_728 x 90_Standard_NV_NA,204442918,10/14/2017,317,2,315,109,206,25,181,167,14,134,124,291
TJN_MAR_023_Marshalls 2H Digital_F18,xAd Inc.,PJQ0Y8_TJN_MAR_023_Mobile_GROUND TRUTH FKA XAD_DST_SV1_MAP_DIR_RCH_TRG_RON_WEA_PXT_DVY_PROXIMITY LOYALTY - WEATHER LOCATOR UNIT_Run of Network_Weather_F25-54_320 x 50_Click and View_NV_NA,204556189,9/20/2017,23672,551,23121,12040,11081,177,10904,9913,991,12217,11107,21020
TJN_TJX_TJMaxx 2H DIG_FY18,NBC Universal Media,PK2KJN_TJN_TJX_028_Content_NBCUNI.COM_BAF_BS2_TAP_DIR_VID_SPN_ROS_BTG_CTG_MOA_THIS IS US SPONSORSHIP: TABLET - VIGNETTE 2_Run of Site_Behavioral_F25-54_1920 x 1080_Click and View_NV_NA,205569482,10/5/2017,40809,297,40512,40512,0,0,0,0,0,40512,24289,24289
TJN_TJX_TJMaxx 2H DIG_FY18,Foursquare,"PJYHWF_TJN_TJX_028_Audience_FOURSQUARE LABS, INC_DST_SV1_MAP_PRO_DSP_TRG_RON_PXT_BTG_DVY_PHASE 1_PINPOINT COMPETITIVE CONQUESTING_Run of Network_Geo_F25-54_320 x 50_Standard_NV_NA",205183220,10/6/2017,101574,2664,98910,76376,22534,831,21703,19062,2641,77207,67812,86874
TJN_TJX_TJMaxx 2H DIG_FY18,Hulu,PK3F7L_TJN_TJX_027_Content_HULU_BAF_BS2_CTV_DIR_CUS_SPN_CHS_CTG_CTG_DVY_HULU ROS: PREMIUM SLATE - CONNECTED TV_FEP_Contextual_F25-54_1920 x 1080_Standard_NV_NA,205685923,10/12/2017,18,0,18,18,0,0,0,0,0,18,12,12
TJN_MAR_023_Marshalls 2H Digital_F18,Bustle,PK5G41_TJN_MAR_023_Content_BUSTLE_Custom Content Roadblock Standard Feature 1 - Panoramic_Roadblock_Contextual_F25-54_1 x 1_Click and View_NV_NA,206335290,10/16/2017,3621,66,3555,2,3553,283,3270,2372,898,285,207,2579
TJN_TJX_TJMaxx 2H DIG_FY18,Viant,"PJNSHF_TJN_TJX_028_Data_VIANT INC_DSI_SV1_MWB_DIR_DSP_TRG_RON_BTG_CTG_DVY_PHASE 1_VIANT DIRECT MATCH RETAIL, COMPETITIVE CONQUESTING, DISPLAY_Fixed Placement_Behavioral_F25-54_300 x 250_Standard_NV_NA",204483016,10/13/2017,440,7,433,0,433,49,384,337,47,49,43,380
TJN_TJX_TJMaxx 2H DIG_FY18,xAd Inc.,PJYDBQ_TJN_TJX_028_Mobile_GROUND TRUTH FKA XAD_DST_SV1_MAP_DIR_RCH_TRG_RON_BTG_BTG_DVY_PHASE 1_BEHAVIORAL AUDIENCE TRENDSETTERS PLACEMENT - RICH MEDIA STORE LOCATOR - Fall Hero_Run of Network_Behavioral_F25-54_300 x 250_Click and View_NV_NA,205145231,10/15/2017,1064,12,1052,18,1034,8,1026,965,61,26,24,989
TJN_TJX_TJMaxx 2H DIG_FY18,Viant,"PJNSHF_TJN_TJX_028_Data_VIANT INC_DSI_SV1_MWB_DIR_DSP_TRG_RON_BTG_CTG_DVY_PHASE 1_VIANT DIRECT MATCH RETAIL, COMPETITIVE CONQUESTING, DISPLAY_Fixed Placement_Behavioral_F25-54_300 x 250_Standard_NV_NA",204483016,9/13/2017,7,1,6,0,6,2,4,2,2,2,1,3
TJN_TJX_TJMaxx 2H DIG_FY18,Viant,"PJNSGW_TJN_TJX_028_Data_VIANT INC_DSI_SV1_DSK_DIR_DSP_TRG_RON_BTG_CTG_DVY_PHASE 1_VIANT DIRECT MATCH RETAIL, TJX PORFOLIO LOYALISTS, DISPLAY_Fixed Placement_Behavioral_F25-54_300 x 250_Standard_NV_NA",204478514,9/12/2017,197,3,194,0,194,7,187,109,78,7,4,113
TJN_MAR_023_Marshalls 2H Digital_F18,xAd Inc.,PJQ0Y7_TJN_MAR_023_Mobile_GROUND TRUTH FKA XAD_DST_SV1_MAP_DIR_DSP_TRG_RON_PXT_BTG_DVY_PROXIMITY LOYALTY - DYNAMIC DISTANCE_Run of Network_Geo_F25-54_300 x 250_Click and View_NV_NA,204541754,9/13/2017,53592,11177,42415,42368,47,1,46,23,23,42369,21170,21193
TJN_TJX_TJMaxx 2H DIG_FY18,PlaceIQ,PK1YHC_TJN_TJX_028_Mobile_PLACEIQ INC_DST_SV1_MAP_DIR_RCH_TRG_RON_BTG_PXT_DVY_PHASE 1_RICH MEDIA_TJX PROXIMITY LOYALISTS_DRIVE BY_Run of Network_Behavioral_F25-54_320 x 50_Click and View_NV_NA,205613803,10/18/2017,44848,999,43849,18898,24951,1064,23887,23498,389,19962,19637,43135
TJN_TJX_TJMaxx 2H DIG_FY18,Viant,"PJNSGR_TJN_TJX_028_Data_VIANT INC_DSI_SV1_TWB_DIR_DSP_TRG_RON_BTG_CTG_DVY_PHASE 1_VIANT DIRECT MATCH RETAIL, TJX PORFOLIO LOYALISTS, DISPLAY_Fixed Placement_Behavioral_F25-54_160 x 600_Standard_NV_NA",204478520,10/1/2017,644,3,641,0,641,45,596,112,484,45,8,120
TJN_TJX_TJMaxx 2H DIG_FY18,Foursquare,"PJPRV8_TJN_TJX_028_Audience_FOURSQUARE LABS, INC_DST_SV1_MAP_PRO_DSP_TRG_RON_PXT_BTG_DVY_PHASE 1_PINPOINT TRENDSETTERS AV_Run of Network_Geo_F25-54_300 x 250_Standard_NV_NA",204527100,10/12/2017,106,6,100,44,56,2,54,29,25,46,25,54
TJN_TJX_TJMaxx 2H DIG_FY18,NBC Universal Media,PK2KLS_TJN_TJX_028_Content_NBCUNI.COM_BAF_BS2_TAP_DIR_VID_SPN_ROS_BTG_CTG_MOA_THIS IS US SPONSORSHIP: TABLET - VIGNETTE 4_Run of Site_Behavioral_F25-54_1920 x 1080_Click and View_NV_NA,205568633,10/21/2017,12980,114,12866,12866,0,0,0,0,0,12866,9764,9764
TJN_TJX_TJMaxx 2H DIG_FY18,xAd Inc.,PJMTMZ_TJN_TJX_028_Mobile_GROUND TRUTH FKA XAD_DST_SV1_MAP_DIR_DSP_TRG_RON_RTG_RTG_DVY_PHASE 1_LOCATION AUDIENCE TJX SHOPPERS PLACEMENT - STANDARD BANNER - Maxx You Maxx Life_Run of Network_Retarget_F25-54_320 x 50_Click and View_NV_NA,204484011,10/12/2017,10557,150,10407,4329,6078,93,5985,4602,1383,4422,3400,8002
TJN_TJX_TJMaxx 2H DIG_FY18,NBC Universal Media,PK2KJY_TJN_TJX_028_Content_NBCUNI.COM_BAF_BS2_DSK_DIR_VID_SPN_ROS_BTG_CTG_MOA_THIS IS US SPONSORSHIP: DESKTOP - VIGNETTE 3_Run of Site_Behavioral_F25-54_1920 x 1080_Click and View_NV_NA,205659768,10/21/2017,1,0,1,1,0,0,0,0,0,1,1,1
TJN_TJX_TJMaxx 2H DIG_FY18,Viant,"PJNSHD_TJN_TJX_028_Data_VIANT INC_DSI_SV1_DSK_DIR_DSP_TRG_RON_BTG_CTG_DVY_PHASE 1_VIANT DIRECT MATCH RETAIL, COMPETITIVE CONQUESTING, DISPLAY_Fixed Placement_Behavioral_F25-54_160 x 600_Standard_NV_NA",204477281,9/12/2017,2,0,2,0,2,0,2,2,0,0,0,2
TJN_MAR_023_Marshalls 2H Digital_F18,xAd Inc.,PJQ0YB_TJN_MAR_023_Mobile_GROUND TRUTH FKA XAD_DST_SV1_MAP_DIR_DSP_TRG_RON_PXT_BTG_DVY_PROXIMITY CONQUESTING - DYNAMIC DISTANCE_Run of Network_Geo_F25-54_320 x 50_Click and View_NV_NA,204541799,9/19/2017,22521,431,22090,15314,6776,3329,3447,3104,343,18643,13677,16781
TJN_TJX_TJMaxx 2H DIG_FY18,xAd Inc.,PJMTN1_TJN_TJX_028_Mobile_GROUND TRUTH FKA XAD_DST_SV1_MAP_DIR_DSP_TRG_RON_DMA_DMA_DVY_PHASE 1_ADDED VALUE DMA TARGETING STANDALONE: STANDARD BANNER - Maxx You Maxx Life_Run of Network_Geo_F25-54_320 x 50_Click and View_NV_NA,204443461,9/14/2017,27487,695,26792,1020,25772,6127,19645,17579,2066,7147,6395,23974
TJN_MAR_023_Marshalls 2H Digital_F18,xAd Inc.,PJQ0YF_TJN_MAR_023_Mobile_GROUND TRUTH FKA XAD_DST_SV1_MAP_DIR_RCH_TRG_RON_WEA_PXT_DVY_PROXIMITY CONQUESTING - WEATHER LOCATOR UNIT_Run of Network_Weather_F25-54_300 x 250_Click and View_NV_NA,204596913,10/18/2017,257,10,247,2,245,1,244,237,7,3,3,240
TJN_TJX_TJMaxx 2H DIG_FY18,xAd Inc.,PJMTN0_TJN_TJX_028_Mobile_GROUND TRUTH FKA XAD_DST_SV1_MAP_DIR_DSP_TRG_RON_RTG_RTG_DVY_PHASE 1_LOCATION AUDIENCE TJX SHOPPERS PLACEMENT - STANDARD BANNER - Fall Handbag_Run of Network_Retarget_F25-54_300 x 250_Click and View_NV_NA,204447842,10/12/2017,7953,137,7816,7745,71,3,68,48,20,7748,5469,5517
TJN_MAR_023_Marshalls 2H Digital_F18,xAd Inc.,PJQ0Y7_TJN_MAR_023_Mobile_GROUND TRUTH FKA XAD_DST_SV1_MAP_DIR_DSP_TRG_RON_PXT_BTG_DVY_PROXIMITY LOYALTY - DYNAMIC DISTANCE_Run of Network_Geo_F25-54_300 x 250_Click and View_NV_NA,204541754,9/16/2017,38408,3090,35318,35293,25,11,14,4,10,35304,10087,10091
TJN_TJX_TJMaxx 2H DIG_FY18,NBC Universal Media,PK3H7P_TJN_TJX_028_Content_NBCUNI.COM_BAF_BS2_DSK_DIR_DSP_SPN_HPT_CTG_CTG_DCM_100% SOV NBC THIS IS US ROADBLOCK 10/10 - 300X50 MOBILE_HP Takeover_Contextual_F25-54_300 x 50_Standard_NV_NA,205687852,10/11/2017,5821,70,5751,1,5750,443,5307,3968,1339,444,332,4300
TJN_MAR_023_Marshalls 2H Digital_F18,xAd Inc.,PJQ0YP_TJN_MAR_023_Mobile_GROUND TRUTH FKA XAD_DST_SV1_MAP_DIR_DSP_TRG_RON_PXT_BTG_DVY_GEOBLOCKS LOYALTY - DYNAMIC DISTANCE_Run of Network_Geo_F25-54_300 x 250_Click and View_NV_NA,204537983,9/17/2017,6155,243,5912,5891,21,1,20,4,16,5892,1178,1182
TJN_TJX_TJMaxx 2H DIG_FY18,Viant,"PKGJYF_TJN_TJX_028_Data_VIANT INC_DSI_SV1_DSK_DIR_RCH_TRG_INT_BTG_CTG_DVY_PHASE 1_VIANT IMP, W25-54 STRATEGIC SAVERS, CONTOBOX - Dresses_Fixed Placement_Behavioral_F25-54_728 x 90_Click and View_NV_NA",206772464,10/19/2017,26,4,22,0,22,1,21,11,10,1,1,12
TJN_TJX_TJMaxx 2H DIG_FY18,xAd Inc.,PJMTN1_TJN_TJX_028_Mobile_GROUND TRUTH FKA XAD_DST_SV1_MAP_DIR_DSP_TRG_RON_DMA_DMA_DVY_PHASE 1_ADDED VALUE DMA TARGETING STANDALONE: STANDARD BANNER - Maxx You Maxx Life_Run of Network_Geo_F25-54_320 x 50_Click and View_NV_NA,204443461,10/14/2017,1,0,1,1,0,0,0,0,0,1,1,1
TJN_MAR_023_Marshalls 2H Digital_F18,Spotify USA Inc.,PK0HLF_TJN_MAR_023_Audience_SPOTIFY USA INC_DST_SV2_MAP_DIR_DSP_TRG_CMP_DMA_PXT_DVY_MOBILE AUDIO COMPANION BANNER 640X640_Run of Site_Geo_F25-54_640 x 640_Click and View_NV_NA,205566308,10/1/2017,140376,1241,139135,139135,0,0,0,0,0,139135,131437,131437
TJN_TJX_TJMaxx 2H DIG_FY18,Viant,"PK2V50_TJN_TJX_028_Data_VIANT INC_DSI_SV1_DSK_DIR_RCH_TRG_INT_BTG_CTG_DVY_PHASE 1_VIANT IMP, W25-54 STRATEGIC SAVERS, CONTOBOX - Fall Homes_Fixed Placement_Behavioral_F25-54_160 x 600_Click and View_NV_NA",205726908,10/5/2017,204,7,197,0,197,5,192,53,139,5,1,54
TJN_TJX_TJMaxx 2H DIG_FY18,Foursquare,"PJPQKZ_TJN_TJX_028_Audience_FOURSQUARE LABS, INC_DST_SV1_MAP_PRO_DSP_TRG_RON_PXT_BTG_DVY_PHASE 1_PINPOINT TRENDSETTERS_Run of Network_Geo_F25-54_300 x 250_Standard_NV_NA",204481813,10/5/2017,4816,338,4478,1523,2955,161,2794,1400,1394,1684,844,2244
TJN_MAR_023_Marshalls 2H Digital_F18,xAd Inc.,PJQ0YG_TJN_MAR_023_Mobile_GROUND TRUTH FKA XAD_DST_SV1_MAP_DIR_DSP_TRG_RON_BTG_DMA_DVY_BEHAVIORAL - FASHION SHOPPER - DYNAMIC DISTANCE_Run of Network_Behavioral_F25-54_320 x 50_Click and View_NV_NA,204557581,9/28/2017,27674,542,27132,23199,3933,585,3348,3007,341,23784,19754,22761
TJN_TJX_TJMaxx 2H DIG_FY18,Viant,"PJSPCD_TJN_TJC_031_Data_VIANT INC_PUR_ROI_DSK_DIR_DSP_TRG_RON_BTG_MKT_DVY_W25-54 + ONLINE SHOPPERS, CROSS DEVICE DISPLAY_Fixed Placement_Behavioral_F25-54_728 x 90_Click_NV_NA",204733044,10/10/2017,3498,11,3487,0,3487,80,3407,2888,519,80,68,2956
TJN_TJX_TJMaxx 2H DIG_FY18,xAd Inc.,PJMTND_TJN_TJX_028_Mobile_GROUND TRUTH FKA XAD_DST_SV1_MAP_DIR_DSP_TRG_RON_PXT_PXT_DVY_PHASE 1_PROXIMITY LOYALTY PLACEMENT - STANDARD BANNER - Maxx You Maxx Life_Run of Network_Geo_F25-54_320 x 50_Click and View_NV_NA,204442096,9/10/2017,41724,740,40984,8962,32022,6178,25844,16281,9563,15140,9307,25588
TJN_TJX_TJMaxx 2H DIG_FY18,Foursquare,"PKFMJ8_TJN_TJX_028_Audience_FOURSQUARE LABS, INC_DST_SV1_MAP_PRO_RCH_TRG_RON_PXT_BTG_DVY_PHASE 1_MOBILE RICH MEDIA COMPETITIVE CONQUESTING - Find A Store V2_Run of Network_Geo_F25-54_320 x 50_Standard_NV_NA",206812588,10/16/2017,23630,517,23113,16848,6265,855,5410,3861,1549,17703,12634,16495
TJN_MAR_023_Marshalls 2H Digital_F18,Spotify USA Inc.,PK0HN8_TJN_MAR_023_Audience_SPOTIFY USA INC_DST_SV2_MAP_DIR_DSP_TRG_ROS_DMA_PXT_DVY_MOBILE OVERLAY 630X920_Run of Site_Geo_F25-54_630 x 920_Click and View_NV_NA,205561904,10/15/2017,44822,522,44300,44300,0,0,0,0,0,44300,37885,37885
TJN_TJX_TJMaxx 2H DIG_FY18,Viant,"PJSPCK_TJN_TJC_031_Data_VIANT INC_PUR_ROI_MWB_DIR_DSP_TRG_RON_BTG_MKT_DVY_W25-54 + ONLINE SHOPPERS, CROSS DEVICE DISPLAY_Fixed Placement_Behavioral_F25-54_160 x 600_Click_NV_NA",204733041,10/3/2017,66,6,60,0,60,8,52,35,17,8,5,40
TJN_TJX_TJMaxx 2H DIG_FY18,Viant,"PKGJ3Y_TJN_TJC_031_Data_VIANT INC_PUR_ROI_TWB_DIR_CUS_TRG_NAT_BTG_MKT_DVY_W25-54 + KEYWORD TARGETING, CROSS DEVICE NATIVE - Dresses_Fixed Placement_Contextual_F25-54_1 x 1_Click_NV_NA",206771810,10/19/2017,8772,112,8660,8660,0,0,0,0,0,8660,6793,6793
TJN_TJX_TJMaxx 2H DIG_FY18,xAd Inc.,PJMTMQ_TJN_TJX_028_Mobile_GROUND TRUTH FKA XAD_DST_SV1_MAP_DIR_RCH_TRG_RON_PXT_PXT_DVY_PHASE 1_PROXIMITY LOYALTY PLACEMENT - RICH MEDIA STORE LOCATOR - TJ Maxx_Run of Network_Geo_F25-54_320 x 50_Click and View_NV_NA,204442090,10/19/2017,5,0,5,3,2,1,1,1,0,4,4,5
TJN_TJX_TJMaxx 2H DIG_FY18,xAd Inc.,PJMTNB_TJN_TJX_028_Mobile_GROUND TRUTH FKA XAD_DST_SV1_MAP_DIR_DSP_TRG_RON_BTG_BTG_DVY_PHASE 1_BEHAVIORAL AUDIENCE TRENDSETTERS PLACEMENT - STANDARD BANNER - Fall Handbag_Run of Network_Behavioral_F25-54_300 x 250_Click and View_NV_NA,204447833,9/10/2017,10523,147,10376,10355,21,3,18,11,7,10358,6330,6341
TJN_MAR_023_Marshalls 2H Digital_F18,xAd Inc.,PJQ0YK_TJN_MAR_023_Mobile_GROUND TRUTH FKA XAD_DST_SV1_MAP_DIR_DSP_TRG_RON_BTG_PXT_DVY_MARSHALLS SHOPPERS - DYNAMIC DISTANCE_Run of Network_Geo_F25-54_300 x 250_Click and View_NV_NA,204543440,9/28/2017,1902,69,1833,1833,0,0,0,0,0,1833,1833,1833
TJN_TJX_TJMaxx 2H DIG_FY18,xAd Inc.,PJMTN5_TJN_TJX_028_Mobile_GROUND TRUTH FKA XAD_DST_SV1_MAP_DIR_RCH_TRG_RON_BTG_BTG_DVY_PHASE 1_BEHAVIORAL AUDIENCE TRENDSETTERS PLACEMENT - RICH MEDIA STORE LOCATOR - TJ Maxx_Run of Network_Behavioral_F25-54_320 x 50_Click and View_NV_NA,204442936,9/21/2017,6853,91,6762,1619,5143,42,5101,5029,72,1661,1638,6667
TJN_MAR_023_Marshalls 2H Digital_F18,xAd Inc.,PJQ0YB_TJN_MAR_023_Mobile_GROUND TRUTH FKA XAD_DST_SV1_MAP_DIR_DSP_TRG_RON_PXT_BTG_DVY_PROXIMITY CONQUESTING - DYNAMIC DISTANCE_Run of Network_Geo_F25-54_320 x 50_Click and View_NV_NA,204541799,9/13/2017,26642,309,26333,19796,6537,1031,5506,4906,600,20827,8163,13069
TJN_TJX_TJMaxx 2H DIG_FY18,Viant,"PJNSGP_TJN_TJX_028_Data_VIANT INC_DSI_SV1_MWB_DIR_DSP_TRG_RON_BTG_CTG_DVY_PHASE 1_VIANT DIRECT MATCH RETAIL, TJX PORFOLIO LOYALISTS, DISPLAY_Fixed Placement_Behavioral_F25-54_300 x 50_Standard_NV_NA",204525579,10/10/2017,8,1,7,0,7,0,7,7,0,0,0,7
TJN_TJX_TJMaxx 2H DIG_FY18,Foursquare,"PJPRQH_TJN_TJX_028_Audience_FOURSQUARE LABS, INC_DST_SV1_MAP_PRO_DSP_TRG_RON_PXT_BTG_DVY_PHASE 1_PINPOINT STRATEGIC SAVERS AV_Run of Network_Geo_F25-54_300 x 250_Standard_NV_NA",204481807,10/4/2017,50,0,50,18,32,1,31,21,10,19,13,34
TJN_MAR_023_Marshalls 2H Digital_F18,Bustle,PK5G3V_TJN_MAR_023_Content_BUSTLE_Native Content Module - Fall Fashion Finds Topics Page_Run of Site_Contextual_F25-54_1 x 1_Click and View_NV_NA,206334768,10/18/2017,13093,485,12608,2,12606,11511,1095,907,188,11513,9536,10443
TJN_MAR_023_Marshalls 2H Digital_F18,xAd Inc.,PJQ0YN_TJN_MAR_023_Mobile_GROUND TRUTH FKA XAD_DST_SV1_MAP_DIR_DSP_TRG_RON_PXT_BTG_DVY_GEOBLOCKS LOYALTY - DYNAMIC DISTANCE_Run of Network_Geo_F25-54_320 x 50_Click and View_NV_NA,204558328,9/21/2017,17378,460,16918,12368,4550,1866,2684,2512,172,14234,10982,13494
TJN_TJX_TJMaxx 2H DIG_FY18,Viant,"PJSPCL_TJN_TJC_031_Data_VIANT INC_PUR_ROI_TWB_DIR_DSP_TRG_RON_BTG_MKT_DVY_W25-54 + ONLINE SHOPPERS, CROSS DEVICE DISPLAY_Fixed Placement_Behavioral_F25-54_728 x 90_Click_NV_NA",204715987,10/16/2017,1565,170,1395,2,1393,56,1337,943,394,58,41,984
TJN_TJX_TJMaxx 2H DIG_FY18,Viant,"PK2X7K_TJN_TJX_028_Data_VIANT INC_DSI_SV1_DSK_DIR_RCH_TRG_INT_BTG_CTG_DVY_PHASE 1_VIANT IMP, W25-54 STRATEGIC SAVERS, CONTOBOX - Honeycomb_Fixed Placement_Behavioral_F25-54_160 x 600_Click and View_NV_NA",205726917,10/21/2017,14,4,10,8,2,0,2,2,0,8,8,10
TJN_MAR_023_Marshalls 2H Digital_F18,xAd Inc.,PJQ0YQ_TJN_MAR_023_Mobile_GROUND TRUTH FKA XAD_DST_SV1_MAP_DIR_DSP_TRG_RON_PXT_BTG_DVY_GEOBLOCKS CONQUESTING - DYNAMIC DISTANCE_Run of Network_Geo_F25-54_320 x 50_Click and View_NV_NA,204595632,10/12/2017,9875,192,9683,6655,3028,1185,1843,1163,680,7840,4947,6110
TJN_TJX_TJMaxx 2H DIG_FY18,PlaceIQ,PK1YGX_TJN_TJX_028_Mobile_PLACEIQ INC_DST_SV1_MAP_DIR_DSP_TRG_RON_BTG_PXT_DVY_PHASE 1_STANDARD BANNER_TRENDSETTERS_APPROVAL SEEKING SHOPPERS+LIVE OR WORK BY TJMAXX - TJ Maxx_Run of Network_Behavioral_F25-54_320 x 50_Click and View_NV_NA,205563545,10/14/2017,30741,508,30233,15779,14454,240,14214,14020,194,16019,15800,29820
TJN_MAR_023_Marshalls 2H Digital_F18,xAd Inc.,PJQ0YB_TJN_MAR_023_Mobile_GROUND TRUTH FKA XAD_DST_SV1_MAP_DIR_DSP_TRG_RON_PXT_BTG_DVY_PROXIMITY CONQUESTING - DYNAMIC DISTANCE_Run of Network_Geo_F25-54_320 x 50_Click and View_NV_NA,204541799,10/13/2017,8096,126,7970,6246,1724,210,1514,1285,229,6456,5180,6465
TJN_TJX_TJMaxx 2H DIG_FY18,xAd Inc.,PKF5KK_TJN_TJX_028_Mobile_GROUND TRUTH FKA XAD_DST_SV1_MAP_DIR_DSP_TRG_RON_RTG_RTG_DVY_PHASE 1_LOCATION AUDIENCE TJX SHOPPERS PLACEMENT - STANDARD BANNER - Booties_Run of Network_Retarget_F25-54_300 x 250_Click and View_NV_NA,206813071,10/19/2017,2432,79,2353,2353,0,0,0,0,0,2353,2353,2353
TJN_MAR_023_Marshalls 2H Digital_F18,NinthDecimal,PJPSRW_TJN_MAR_023_Mobile_NINTHDECIMAL_DST_SV1_MAP_DIR_RCH_TRG_RON_BTG_PXT_DVY_LOCATION GRAPH: TJX FAMILY LOYALISTS_Run of Network_Behavioral_F25-54_320 x 50_Click and View_NV_NA,204541739,10/5/2017,14570,297,14273,5912,8361,43,8318,8060,258,5955,5770,13830
TJN_TJX_TJMaxx 2H DIG_FY18,NBC Universal Media,PK3H78_TJN_TJX_028_Content_NBCUNI.COM_BAF_BS2_DSK_DIR_DSP_SPN_HPT_CTG_CTG_DCM_100% SOV NBC HOMEPAGE ROADBLOCK 9/26 - 728X90 MOBILE_HP Takeover_Contextual_F25-54_728 x 90_Standard_NV_NA,205634573,9/28/2017,8,0,8,0,8,0,8,8,0,0,0,8
TJN_MAR_023_Marshalls 2H Digital_F18,Spotify USA Inc.,PK0HLF_TJN_MAR_023_Audience_SPOTIFY USA INC_DST_SV2_MAP_DIR_DSP_TRG_CMP_DMA_PXT_DVY_MOBILE AUDIO COMPANION BANNER 640X640_Run of Site_Geo_F25-54_640 x 640_Click and View_NV_NA,205566308,10/2/2017,164735,2049,162686,162686,0,0,0,0,0,162686,148302,148302
TJN_TJX_TJMaxx 2H DIG_FY18,Viant,"PKGJ6Z_TJN_TJC_031_Data_VIANT INC_PUR_ROI_MWB_DIR_CUS_TRG_NAT_BTG_MKT_DVY_W25-54 + KEYWORD TARGETING, CROSS DEVICE NATIVE - Booties_Fixed Placement_Contextual_F25-54_0 x 0_Click_NV_NA",206833521,10/20/2017,19308,300,19008,19008,0,0,0,0,0,19008,11315,11315
TJN_MAR_023_Marshalls 2H Digital_F18,xAd Inc.,PJQ0Y9_TJN_MAR_023_Mobile_GROUND TRUTH FKA XAD_DST_SV1_MAP_DIR_RCH_TRG_RON_WEA_PXT_DVY_PROXIMITY LOYALTY - WEATHER LOCATOR UNIT_Run of Network_Weather_F25-54_300 x 250_Click and View_NV_NA,204541757,9/15/2017,904,128,776,264,512,79,433,415,18,343,329,744
TJN_TJX_TJMaxx 2H DIG_FY18,Viant,"PK2X7H_TJN_TJX_028_Data_VIANT INC_DSI_SV1_MWB_DIR_RCH_TRG_INT_BTG_CTG_DVY_PHASE 1_VIANT IMP, W25-54 STRATEGIC SAVERS, CONTOBOX - Honeycomb_Fixed Placement_Behavioral_F25-54_320 x 50_Click and View_NV_NA",205725975,9/30/2017,31336,358,30978,6,30972,5739,25233,12731,12502,5745,2899,15630
TJN_TJX_TJMaxx 2H DIG_FY18,Foursquare,"PK0H83_TJN_TJX_028_Audience_FOURSQUARE LABS, INC_DST_SV1_MAP_PRO_RCH_TRG_RON_PXT_BTG_DVY_PHASE 1_MOBILE RICH MEDIA COMPETITIVE CONQUESTING - Fall Honeycomb_Run of Network_Geo_F25-54_300 x 250_Standard_NV_NA",205344161,9/25/2017,2355,113,2242,946,1296,71,1225,436,789,1017,362,798
TJN_TJX_TJMaxx 2H DIG_FY18,Foursquare,"PK0H81_TJN_TJX_028_Audience_FOURSQUARE LABS, INC_DST_SV1_MAP_PRO_RCH_TRG_RON_PXT_BTG_DVY_PHASE 1_MOBILE RICH MEDIA TRENDSETTERS - Fall Honeycomb_Run of Network_Geo_F25-54_300 x 250_Standard_NV_NA",205337093,10/14/2017,342,8,334,80,254,25,229,52,177,105,24,76
TJN_TJX_TJMaxx 2H DIG_FY18,xAd Inc.,PJMTN9_TJN_TJX_028_Mobile_GROUND TRUTH FKA XAD_DST_SV1_MAP_DIR_DSP_TRG_RON_BTG_BTG_DVY_PHASE 1_BEHAVIORAL AUDIENCE STRATEGIC SAVERS PLACEMENT - STANDARD BANNER - Fall Handbag_Run of Network_Behavioral_F25-54_300 x 250_Click and View_NV_NA,204447293,9/15/2017,11441,226,11215,11186,29,1,28,13,15,11187,5194,5207
TJN_TJX_TJMaxx 2H DIG_FY18,Viant,PJPXKV_TJN_TJX_028_Data_VIANT INC_DSI_SV1_DSK_DIR_DSP_TRG_RON_BTG_CTG_DVY_PHASE 1_DESKTOP DISPLAY VIANT IMP TARGETING - STRATEGIC SAVERS AV_Fixed Placement_Demo_F25-54_728 x 90_Standard_NV_NA,204526986,10/8/2017,151,55,96,0,96,40,56,32,24,40,23,55
TJN_TJX_TJMaxx 2H DIG_FY18,PlaceIQ,PK18V9_TJN_TJX_028_Mobile_PLACEIQ INC_DST_SV1_MAP_DIR_DSP_TRG_RON_BTG_PXT_DVY_PHASE 1_STANDARD BANNER_TJX PROXIMITY LOYALISTS_LIVE BY TJMAXX - Maxx You Maxx Life_Run of Network_Behavioral_F25-54_320 x 50_Click and View_NV_NA,205661862,10/13/2017,25871,340,25531,13144,12387,128,12259,12006,253,13272,12998,25004
TJN_TJX_TJMaxx 2H DIG_FY18,Conversant Inc.,PJPWPF_TJN_TJX_028_Audience_CONVERSANT_DST_SV1_TAP_NET_DSP_TRG_RON_BTG_BTG_DVY_PHASE 1_ TABLET LEADERBOARD - CONVERSANT SHOPPERS AV_Run of Site_Behavioral_P18+_728 x 90_Standard_NV_NA,204442915,9/21/2017,67,1,66,0,66,6,60,53,7,6,5,58
TJN_TJX_TJMaxx 2H DIG_FY18,Conversant Inc.,PJPWBV_TJN_TJX_028_Audience_CONVERSANT_DST_SV1_DSK_NET_DSP_TRG_RON_BTG_BTG_DVY_PHASE 1_ DESKTOP MEDIUM RECTANGLE - CJ INTERACTORS LAL MODELING_Run of Site_Behavioral_P18+_300 x 250_Standard_NV_NA,204447743,10/15/2017,97919,4036,93883,42,93841,9772,84069,43632,40437,9814,5093,48725
TJN_TJX_TJMaxx 2H DIG_FY18,Foursquare,"PJPSSZ_TJN_TJX_028_Audience_FOURSQUARE LABS, INC_DST_SV1_MAP_PRO_RCH_TRG_RON_PXT_BTG_DVY_PHASE 1_MOBILE RICH MEDIA COMPETITIVE CONQUESTING - Fall Handbag_Run of Network_Geo_F25-54_300 x 250_Standard_NV_NA",204478073,10/5/2017,2453,116,2337,638,1699,115,1584,454,1130,753,216,670
TJN_MAR_023_Marshalls 2H Digital_F18,xAd Inc.,PJQ0YH_TJN_MAR_023_Mobile_GROUND TRUTH FKA XAD_DST_SV1_MAP_DIR_DSP_TRG_RON_BTG_DMA_DVY_BEHAVIORAL - FASHION SHOPPER - DYNAMIC DISTANCE_Run of Network_Behavioral_F25-54_300 x 250_Click and View_NV_NA,204543443,10/5/2017,24990,1884,23106,22879,227,5,222,176,46,22884,18117,18293
TJN_TJX_TJMaxx 2H DIG_FY18,xAd Inc.,PKF44W_TJN_TJX_028_Mobile_GROUND TRUTH FKA XAD_DST_SV1_MAP_DIR_RCH_TRG_RON_BTG_BTG_DVY_PHASE 1_BEHAVIORAL AUDIENCE STRATEGIC SAVERS PLACEMENT - RICH MEDIA STORE LOCATOR - Find A Store V2_Run of Network_Behavioral_F25-54_320 x 50_Click and View_NV_NA,206833611,10/21/2017,7168,53,7115,3040,4075,174,3901,3298,603,3214,2717,6015
TJN_TJX_TJMaxx 2H DIG_FY18,Hulu,PK3CXN_TJN_TJX_027_Content_HULU_BAF_BS2_CTV_DIR_CUS_SPN_CHS_CTG_CTG_DVY_FALL TV SPONSORSHIP: PREMIUM SLATE - CONNECTED TV_FEP_Contextual_F25-54_1920 x 1080_Standard_NV_NA,205725861,9/29/2017,250176,803,249373,249373,0,0,0,0,0,249373,184824,184824
TJN_TJX_TJMaxx 2H DIG_FY18,Viant,"PJSPBX_TJN_TJC_031_Data_VIANT INC_PUR_ROI_TWB_DIR_DSP_TRG_RON_BTG_MKT_DVY_DETERMINSTIC LAL OF ECOM CONVERTERS, CROSS DEVICE DISPLAY_Fixed Placement_Behavioral_F25-54_728 x 90_Click_NV_NA",204716188,9/29/2017,159,4,155,0,155,23,132,62,70,23,11,73
TJN_TJX_TJMaxx 2H DIG_FY18,Viant,PJPXKR_TJN_TJX_028_Data_VIANT INC_DSI_SV1_DSK_DIR_DSP_TRG_RON_BTG_CTG_DVY_PHASE 1_DESKTOP DISPLAY VIANT IMP TARGETING - STRATEGIC SAVERS AV_Fixed Placement_Demo_F25-54_300 x 250_Standard_NV_NA,204475841,10/18/2017,3485,1253,2232,3,2229,378,1851,524,1327,381,108,632
TJN_TJX_TJMaxx 2H DIG_FY18,Conversant Inc.,PJPTMM_TJN_TJC_031_Audience_CONVERSANT_PUR_ROI_MAP_NET_DSP_TRG_RON_BTG_BTG_DVY_SMARTPHONE SMALL BANNER - COMPETITIVE CONQUESTING_Run of Site_Other_P18+_320 x 50_Standard_NV_NA,204483939,10/7/2017,22203,581,21622,0,21622,4228,17394,13365,4029,4228,3249,16614
TJN_TJX_TJMaxx 2H DIG_FY18,Viant,"PJNSGR_TJN_TJX_028_Data_VIANT INC_DSI_SV1_TWB_DIR_DSP_TRG_RON_BTG_CTG_DVY_PHASE 1_VIANT DIRECT MATCH RETAIL, TJX PORFOLIO LOYALISTS, DISPLAY_Fixed Placement_Behavioral_F25-54_160 x 600_Standard_NV_NA",204478520,10/19/2017,302,20,282,0,282,44,238,127,111,44,23,150
TJN_TJX_TJMaxx 2H DIG_FY18,NBC Universal Media,PK2KK7_TJN_TJX_028_Content_NBCUNI.COM_BAF_BS2_TAP_DIR_VID_SPN_ROS_BTG_CTG_MOA_THIS IS US SPONSORSHIP: TABLET - VIGNETTE 3_Run of Site_Behavioral_F25-54_1920 x 1080_Click and View_NV_NA,205569476,10/16/2017,8823,68,8755,8755,0,0,0,0,0,8755,5689,5689
TJN_TJX_TJMaxx 2H DIG_FY18,Viant,"PJSPCD_TJN_TJC_031_Data_VIANT INC_PUR_ROI_DSK_DIR_DSP_TRG_RON_BTG_MKT_DVY_W25-54 + ONLINE SHOPPERS, CROSS DEVICE DISPLAY_Fixed Placement_Behavioral_F25-54_728 x 90_Click_NV_NA",204733044,10/12/2017,8511,62,8449,1,8448,421,8027,6645,1382,422,349,6994
TJN_TJX_TJMaxx 2H DIG_FY18,Conversant Inc.,PJNPMH_TJN_TJC_031_Audience_CONVERSANT_PUR_ROI_MAP_NET_DSP_TRG_RON_BTG_BTG_DVY_SMARTPHONE SMALL BANNER - STRATEGIC SAVERS_Run of Site_Other_P18+_320 x 50_Standard_NV_NA,204442066,9/21/2017,6,6,0,0,0,0,0,0,0,0,0,0
TJN_TJX_TJMaxx 2H DIG_FY18,Viant,"PJNSGS_TJN_TJX_028_Data_VIANT INC_DSI_SV1_MWB_DIR_DSP_TRG_RON_BTG_CTG_DVY_PHASE 1_VIANT DIRECT MATCH RETAIL, TJX PORFOLIO LOYALISTS, DISPLAY_Fixed Placement_Behavioral_F25-54_320 x 50_Standard_NV_NA",204524922,9/18/2017,3361,8,3353,10,3343,137,3206,2577,629,147,118,2695
TJN_MAR_023_Marshalls 2H Digital_F18,xAd Inc.,PJQ0YS_TJN_MAR_023_Mobile_GROUND TRUTH FKA XAD_DST_SV1_MAP_DIR_DSP_TRG_RON_DMA_BTG_DVY_AV DMA TARGETING_Run of Network_Geo_F25-54_300 x 250_Click and View_NV_NA,204558337,10/18/2017,61818,649,61169,30637,30532,252,30280,20462,9818,30889,20874,41336
TJN_TJX_TJMaxx 2H DIG_FY18,Viant,"PJNSHC_TJN_TJX_028_Data_VIANT INC_DSI_SV1_DSK_DIR_DSP_TRG_RON_BTG_CTG_DVY_PHASE 1_VIANT DIRECT MATCH RETAIL, COMPETITIVE CONQUESTING, DISPLAY_Fixed Placement_Behavioral_F25-54_300 x 250_Standard_NV_NA",204478655,9/16/2017,340,7,333,0,333,39,294,216,78,39,29,245
TJN_TJX_TJMaxx 2H DIG_FY18,xAd Inc.,PJMTMZ_TJN_TJX_028_Mobile_GROUND TRUTH FKA XAD_DST_SV1_MAP_DIR_DSP_TRG_RON_RTG_RTG_DVY_PHASE 1_LOCATION AUDIENCE TJX SHOPPERS PLACEMENT - STANDARD BANNER - Maxx You Maxx Life_Run of Network_Retarget_F25-54_320 x 50_Click and View_NV_NA,204484011,10/10/2017,8033,38,7995,3103,4892,59,4833,3782,1051,3162,2474,6256
TJN_TJX_TJMaxx 2H DIG_FY18,xAd Inc.,PKF477_TJN_TJX_028_Mobile_GROUND TRUTH FKA XAD_DST_SV1_MAP_DIR_DSP_TRG_RON_PXT_PXT_DVY_PHASE 1_PROXIMITY LOYALTY PLACEMENT - STANDARD BANNER - Find A Store V2_Run of Network_Geo_F25-54_320 x 50_Click and View_NV_NA,206772098,10/14/2017,4515,132,4383,1626,2757,25,2732,1919,813,1651,1160,3079
TJN_TJX_TJMaxx 2H DIG_FY18,xAd Inc.,PJPXK2_TJN_TJX_028_Mobile_GROUND TRUTH FKA XAD_DST_SV1_MAP_DIR_DSP_TRG_RON_PXT_PXT_DVY_PHASE 1_PROXIMITY LOYALTY PLACEMENT - STANDARD BANNER - Fall Hero_Run of Network_Geo_F25-54_300 x 250_Click and View_NV_NA,204442945,9/15/2017,11164,213,10951,10845,106,30,76,22,54,10875,3148,3170
TJN_TJX_TJMaxx 2H DIG_FY18,xAd Inc.,PJMTN0_TJN_TJX_028_Mobile_GROUND TRUTH FKA XAD_DST_SV1_MAP_DIR_DSP_TRG_RON_RTG_RTG_DVY_PHASE 1_LOCATION AUDIENCE TJX SHOPPERS PLACEMENT - STANDARD BANNER - Fall Handbag_Run of Network_Retarget_F25-54_300 x 250_Click and View_NV_NA,204447842,10/10/2017,6130,57,6073,6032,41,0,41,31,10,6032,4561,4592
TJN_TJX_TJMaxx 2H DIG_FY18,Foursquare,"PJPSSX_TJN_TJX_028_Audience_FOURSQUARE LABS, INC_DST_SV1_MAP_PRO_RCH_TRG_RON_PXT_BTG_DVY_PHASE 1_MOBILE RICH MEDIA TRENDSETTERS - Fall Handbag_Run of Network_Geo_F25-54_300 x 250_Standard_NV_NA",204525354,10/6/2017,3710,211,3499,796,2703,196,2507,601,1906,992,238,839
TJN_TJX_TJMaxx 2H DIG_FY18,Conversant Inc.,PJPWPH_TJN_TJX_028_Audience_CONVERSANT_DST_SV1_MAP_NET_DSP_TRG_RON_BTG_BTG_DVY_PHASE 1_ SMARTPHONE MEDIUM RECTANGLE  - CONVERSANT SHOPPERS AV_Run of Site_Behavioral_P18+_300 x 250_Standard_NV_NA,204442060,10/5/2017,459,10,449,0,449,73,376,183,193,73,36,219
TJN_TJX_TJMaxx 2H DIG_FY18,Foursquare,"PKFMJQ_TJN_TJX_028_Audience_FOURSQUARE LABS, INC_DST_SV1_MAP_PRO_RCH_TRG_RON_PXT_BTG_DVY_PHASE 1_MOBILE RICH MEDIA COMPETITIVE CONQUESTING - Dresses_Run of Network_Geo_F25-54_300 x 250_Standard_NV_NA",206834001,10/18/2017,968,20,948,686,262,75,187,89,98,761,362,451
TJN_TJX_TJMaxx 2H DIG_FY18,xAd Inc.,PJMTNR_TJN_TJX_028_Mobile_GROUND TRUTH FKA XAD_DST_SV1_MAP_DIR_RCH_TRG_RON_BTG_BTG_DVY_PHASE 1_BEHAVIORAL AUDIENCE STRATEGIC SAVERS PLACEMENT - RICH MEDIA STORE LOCATOR - Fall Handbag_Run of Network_Behavioral_F25-54_300 x 250_Click and View_NV_NA,204442108,10/20/2017,3,1,2,1,1,0,1,1,0,1,1,2
TJN_TJX_TJMaxx 2H DIG_FY18,xAd Inc.,PJPXJZ_TJN_TJX_028_Mobile_GROUND TRUTH FKA XAD_DST_SV1_MAP_DIR_DSP_TRG_RON_BTG_BTG_DVY_PHASE 1_BEHAVIORAL AUDIENCE TRENDSETTERS PLACEMENT - STANDARD BANNER - Fall Hero_Run of Network_Behavioral_F25-54_300 x 250_Click and View_NV_NA,204446156,9/9/2017,10765,213,10552,10517,35,0,35,14,21,10517,4207,4221
TJN_TJX_TJMaxx 2H DIG_FY18,PlaceIQ,PK19Z0_TJN_TJX_028_Mobile_PLACEIQ INC_DST_SV1_MAP_DIR_RCH_TRG_RON_BTG_PTG_DVY_PHASE 1_RICH MEDIA_STRATEGIC SAVERS_APPAREL OR FURNISHINGS DISCRETIONARY SPEND+IMPULSE BUYER SHOPPERS_Run of Network_Behavioral_F25-54_320 x 50_Click and View_NV_NA,205563158,10/13/2017,34026,949,33077,13062,20015,542,19473,19132,341,13604,13366,32498
TJN_TJX_TJMaxx 2H DIG_FY18,Foursquare,"PJPSSX_TJN_TJX_028_Audience_FOURSQUARE LABS, INC_DST_SV1_MAP_PRO_RCH_TRG_RON_PXT_BTG_DVY_PHASE 1_MOBILE RICH MEDIA TRENDSETTERS - Fall Handbag_Run of Network_Geo_F25-54_300 x 250_Standard_NV_NA",204525354,10/11/2017,4206,514,3692,770,2922,246,2676,622,2054,1016,236,858
TJN_TJX_TJMaxx 2H DIG_FY18,Viant,"PK2X7D_TJN_TJX_028_Data_VIANT INC_DSI_SV1_TWB_DIR_RCH_TRG_INT_BTG_CTG_DVY_PHASE 1_VIANT IMP, W25-54 STRATEGIC SAVERS, CONTOBOX - Honeycomb_Fixed Placement_Behavioral_F25-54_728 x 90_Click and View_NV_NA",205727832,9/29/2017,8928,60,8868,7,8861,1085,7776,3536,4240,1092,497,4033
TJN_TJX_TJMaxx 2H DIG_FY18,Foursquare,"PJPSSW_TJN_TJX_028_Audience_FOURSQUARE LABS, INC_DST_SV1_MAP_PRO_RCH_TRG_RON_PXT_BTG_DVY_PHASE 1_MOBILE RICH MEDIA STRATEGIC SAVERS - Find A TJ Maxx Store_Run of Network_Geo_F25-54_320 x 50_Standard_NV_NA",204525357,9/21/2017,49603,2240,47363,27616,19747,2127,17620,11672,5948,29743,19703,31375
TJN_TJX_TJMaxx 2H DIG_FY18,Foursquare,"PK0H83_TJN_TJX_028_Audience_FOURSQUARE LABS, INC_DST_SV1_MAP_PRO_RCH_TRG_RON_PXT_BTG_DVY_PHASE 1_MOBILE RICH MEDIA COMPETITIVE CONQUESTING - Fall Honeycomb_Run of Network_Geo_F25-54_300 x 250_Standard_NV_NA",205344161,10/15/2017,204,5,199,79,120,6,114,38,76,85,28,66
TJN_TJX_TJMaxx 2H DIG_FY18,Conversant Inc.,PJPWP8_TJN_TJX_028_Audience_CONVERSANT_DST_SV1_DSK_NET_DSP_TRG_RON_BTG_BTG_DVY_PHASE 1_ DESKTOP LEADERBOARD - CONVERSANT SHOPPERS AV_Run of Site_Behavioral_P18+_728 x 90_Standard_NV_NA,204446132,9/27/2017,918,76,842,0,842,157,685,391,294,157,90,481
TJN_TJX_TJMaxx 2H DIG_FY18,Conversant Inc.,PJPWPB_TJN_TJX_028_Audience_CONVERSANT_DST_SV1_DSK_NET_DSP_TRG_RON_BTG_BTG_DVY_PHASE 1_ DESKTOP RECTANGLE - CONVERSANT SHOPPERS AV_Run of Site_Behavioral_P18+_300 x 600_Standard_NV_NA,204447254,9/15/2017,86,8,78,0,78,24,54,24,30,24,11,35
TJN_TJX_TJMaxx 2H DIG_FY18,Conversant Inc.,PJPTLN_TJN_TJC_031_Audience_CONVERSANT_PUR_ROI_MAP_NET_DSP_TRG_RON_BTG_BTG_DVY_SMARTPHONE MEDIUM RECTANGLE - TRENDSETTERS_Run of Site_Other_P18+_300 x 250_Standard_NV_NA,204446141,10/9/2017,9846,77,9769,0,9769,1427,8342,4642,3700,1427,794,5436
TJN_TJX_TJMaxx 2H DIG_FY18,xAd Inc.,PJMTN3_TJN_TJX_028_Mobile_GROUND TRUTH FKA XAD_DST_SV1_MAP_DIR_DSP_TRG_RON_RTG_RTG_DVY_PHASE 1_LOCATION AUDIENCE COMPETITIVE CONQUESTING PLACEMENT - STANDARD BANNER - Maxx You Maxx Life_Run of Network_Retarget_F25-54_320 x 50_Click and View_NV_NA,204442933,9/12/2017,43209,428,42781,7639,35142,1030,34112,26361,7751,8669,6651,33012
TJN_TJX_TJMaxx 2H DIG_FY18,xAd Inc.,PJPXJR_TJN_TJX_028_Mobile_GROUND TRUTH FKA XAD_DST_SV1_MAP_DIR_DSP_TRG_RON_RTG_RTG_DVY_PHASE 1_LOCATION AUDIENCE TJX SHOPPERS PLACEMENT - STANDARD BANNER - Fall Hero_Run of Network_Retarget_F25-54_300 x 250_Click and View_NV_NA,204442105,9/30/2017,22255,459,21796,21425,371,14,357,324,33,21439,19457,19781
TJN_TJX_TJMaxx 2H DIG_FY18,Viant,"PK2V4Y_TJN_TJX_028_Data_VIANT INC_DSI_SV1_MWB_DIR_RCH_TRG_INT_BTG_CTG_DVY_PHASE 1_VIANT IMP, W25-54 STRATEGIC SAVERS, CONTOBOX - Fall Homes_Fixed Placement_Behavioral_F25-54_320 x 50_Click and View_NV_NA",205685980,9/30/2017,30742,356,30386,4,30382,5555,24827,12632,12195,5559,2828,15460
TJN_TJX_TJMaxx 2H DIG_FY18,Viant,"PJNSGP_TJN_TJX_028_Data_VIANT INC_DSI_SV1_MWB_DIR_DSP_TRG_RON_BTG_CTG_DVY_PHASE 1_VIANT DIRECT MATCH RETAIL, TJX PORFOLIO LOYALISTS, DISPLAY_Fixed Placement_Behavioral_F25-54_300 x 50_Standard_NV_NA",204525579,10/12/2017,43,0,43,0,43,6,37,9,28,6,1,10
TJN_TJX_TJMaxx 2H DIG_FY18,NBC Universal Media,PK3H7R_TJN_TJX_028_Content_NBCUNI.COM_BAF_BS2_DSK_DIR_DSP_SPN_HPT_CTG_CTG_DCM_100% SOV NBC THIS IS US ROADBLOCK 10/17 - 300X50 MOBILE_HP Takeover_Contextual_F25-54_300 x 50_Standard_NV_NA,205726857,10/17/2017,7532,76,7456,0,7456,409,7047,5544,1503,409,322,5866
TJN_MAR_023_Marshalls 2H Digital_F18,xAd Inc.,PJQ0YQ_TJN_MAR_023_Mobile_GROUND TRUTH FKA XAD_DST_SV1_MAP_DIR_DSP_TRG_RON_PXT_BTG_DVY_GEOBLOCKS CONQUESTING - DYNAMIC DISTANCE_Run of Network_Geo_F25-54_320 x 50_Click and View_NV_NA,204595632,10/10/2017,9018,569,8449,7585,864,33,831,500,331,7618,4584,5084
TJN_TJX_TJMaxx 2H DIG_FY18,Foursquare,"PJMQ2D_TJN_TJX_028_Audience_FOURSQUARE LABS, INC_DST_SV1_MAP_PRO_DSP_TRG_RON_PXT_BTG_DVY_PHASE 1_PINPOINT STRATEGIC SAVERS_Run of Network_Geo_F25-54_300 x 250_Standard_NV_NA",204483457,9/10/2017,6855,1253,5602,2320,3282,1478,1804,567,1237,3798,1194,1761
TJN_TJX_TJMaxx 2H DIG_FY18,Viant,"PK2V4V_TJN_TJX_028_Data_VIANT INC_DSI_SV1_TWB_DIR_RCH_TRG_INT_BTG_CTG_DVY_PHASE 1_VIANT IMP, W25-54 STRATEGIC SAVERS, CONTOBOX - Fall Homes_Fixed Placement_Behavioral_F25-54_728 x 90_Click and View_NV_NA",205725966,10/13/2017,416,13,403,3,400,45,355,113,242,48,15,128
TJN_TJX_TJMaxx 2H DIG_FY18,Foursquare,"PJPRVH_TJN_TJX_028_Audience_FOURSQUARE LABS, INC_DST_SV1_MAP_PRO_DSP_TRG_RON_PXT_BTG_DVY_PHASE 1_PINPOINT COMPETITIVE CONQUESTING AV_Run of Network_Geo_F25-54_320 x 50_Standard_NV_NA",204478088,9/20/2017,2231,130,2101,1317,784,28,756,577,179,1345,1027,1604
TJN_TJX_TJMaxx 2H DIG_FY18,Viant,"PJNSHC_TJN_TJX_028_Data_VIANT INC_DSI_SV1_DSK_DIR_DSP_TRG_RON_BTG_CTG_DVY_PHASE 1_VIANT DIRECT MATCH RETAIL, COMPETITIVE CONQUESTING, DISPLAY_Fixed Placement_Behavioral_F25-54_300 x 250_Standard_NV_NA",204478655,9/19/2017,60109,7266,52843,0,52843,5902,46941,37795,9146,5902,4752,42547
TJN_TJX_TJMaxx 2H DIG_FY18,xAd Inc.,PJMTN5_TJN_TJX_028_Mobile_GROUND TRUTH FKA XAD_DST_SV1_MAP_DIR_RCH_TRG_RON_BTG_BTG_DVY_PHASE 1_BEHAVIORAL AUDIENCE TRENDSETTERS PLACEMENT - RICH MEDIA STORE LOCATOR - TJ Maxx_Run of Network_Behavioral_F25-54_320 x 50_Click and View_NV_NA,204442936,9/27/2017,17592,238,17354,7839,9515,293,9222,7752,1470,8132,6836,14588
TJN_TJX_TJMaxx 2H DIG_FY18,Viant,"PKGJ4T_TJN_TJC_031_Data_VIANT INC_PUR_ROI_DSK_DIR_CUS_TRG_NAT_BTG_MKT_DVY_W25-54 + KEYWORD TARGETING, CROSS DEVICE NATIVE - Booties_Fixed Placement_Contextual_F25-54_1 x 1_Click_NV_NA",206771945,10/17/2017,2279,130,2149,2149,0,0,0,0,0,2149,1435,1435
TJN_MAR_023_Marshalls 2H Digital_F18,xAd Inc.,PJQ0YH_TJN_MAR_023_Mobile_GROUND TRUTH FKA XAD_DST_SV1_MAP_DIR_DSP_TRG_RON_BTG_DMA_DVY_BEHAVIORAL - FASHION SHOPPER - DYNAMIC DISTANCE_Run of Network_Behavioral_F25-54_300 x 250_Click and View_NV_NA,204543443,10/17/2017,63512,1753,61759,61759,0,0,0,0,0,61759,55387,55387
TJN_TJX_TJMaxx 2H DIG_FY18,xAd Inc.,PJMTNQ_TJN_TJX_028_Mobile_GROUND TRUTH FKA XAD_DST_SV1_MAP_DIR_RCH_TRG_RON_BTG_BTG_DVY_PHASE 1_BEHAVIORAL AUDIENCE STRATEGIC SAVERS PLACEMENT - RICH MEDIA STORE LOCATOR - TJ Maxx_Run of Network_Behavioral_F25-54_320 x 50_Click and View_NV_NA,204447845,10/12/2017,7155,109,7046,2872,4174,158,4016,3231,785,3030,2438,5669
TJN_MAR_023_Marshalls 2H Digital_F18,NinthDecimal,"PJPSS1_TJN_MAR_023_Mobile_NINTHDECIMAL_DST_SV1_MAP_DIR_RCH_TRG_RON_BTG_DMA_DVY_TV TARGETING: PEOPLE WHO WATCH BRAVO, TLC, HGTV, A&E, LIFETIME, DISCOVERY_Run of Network_Behavioral_F25-54_320 x 50_Click and View_NV_NA",204541508,10/12/2017,75663,801,74862,16365,58497,335,58162,55501,2661,16700,15936,71437
TJN_TJX_TJMaxx 2H DIG_FY18,xAd Inc.,PJPXJX_TJN_TJX_028_Mobile_GROUND TRUTH FKA XAD_DST_SV1_MAP_DIR_DSP_TRG_RON_BTG_BTG_DVY_PHASE 1_BEHAVIORAL AUDIENCE STRATEGIC SAVERS PLACEMENT - STANDARD BANNER - TJMaxx_Run of Network_Behavioral_F25-54_320 x 50_Click and View_NV_NA,204447848,10/12/2017,14291,229,14062,3644,10418,105,10313,7636,2677,3749,2776,10412
TJN_MAR_023_Marshalls 2H Digital_F18,xAd Inc.,PJQ0YN_TJN_MAR_023_Mobile_GROUND TRUTH FKA XAD_DST_SV1_MAP_DIR_DSP_TRG_RON_PXT_BTG_DVY_GEOBLOCKS LOYALTY - DYNAMIC DISTANCE_Run of Network_Geo_F25-54_320 x 50_Click and View_NV_NA,204558328,9/27/2017,15891,429,15462,13410,2052,259,1793,1628,165,13669,12500,14128
TJN_TJX_TJMaxx 2H DIG_FY18,Conversant Inc.,PJPWPD_TJN_TJX_028_Audience_CONVERSANT_DST_SV1_MAP_NET_DSP_TRG_RON_BTG_BTG_DVY_PHASE 1_ SMARTPHONE SMALL BANNER  - CONVERSANT SHOPPERS AV_Run of Site_Behavioral_P18+_320 x 50_Standard_NV_NA,204447251,10/11/2017,676,18,658,0,658,71,587,432,155,71,52,484
TJN_TJX_TJMaxx 2H DIG_FY18,Foursquare,"PJPRQH_TJN_TJX_028_Audience_FOURSQUARE LABS, INC_DST_SV1_MAP_PRO_DSP_TRG_RON_PXT_BTG_DVY_PHASE 1_PINPOINT STRATEGIC SAVERS AV_Run of Network_Geo_F25-54_300 x 250_Standard_NV_NA",204481807,9/7/2017,219,34,185,82,103,78,25,13,12,160,83,96
TJN_MAR_023_Marshalls 2H Digital_F18,xAd Inc.,PJQ0YC_TJN_MAR_023_Mobile_GROUND TRUTH FKA XAD_DST_SV1_MAP_DIR_DSP_TRG_RON_PXT_BTG_DVY_PROXIMITY CONQUESTING - DYNAMIC DISTANCE_Run of Network_Geo_F25-54_300 x 250_Click and View_NV_NA,204595923,9/15/2017,7935,367,7568,7568,0,0,0,0,0,7568,4969,4969
TJN_TJX_TJMaxx 2H DIG_FY18,Conversant Inc.,PJPTMH_TJN_TJC_031_Audience_CONVERSANT_PUR_ROI_TAP_NET_DSP_TRG_RON_BTG_BTG_DVY_TABLET LEADERBOARD- COMPETITIVE CONQUESTING_Run of Site_Other_P18+_728 x 90_Standard_NV_NA,204483936,9/30/2017,55,0,55,0,55,15,40,19,21,15,7,26
TJN_TJX_TJMaxx 2H DIG_FY18,Viant,"PK2X7J_TJN_TJX_028_Data_VIANT INC_DSI_SV1_MWB_DIR_RCH_TRG_INT_BTG_CTG_DVY_PHASE 1_VIANT IMP, W25-54 STRATEGIC SAVERS, CONTOBOX - Honeycomb_Fixed Placement_Behavioral_F25-54_300 x 250_Click and View_NV_NA",205688479,10/20/2017,2,1,1,0,1,1,0,0,0,1,0,0
TJN_MAR_023_Marshalls 2H Digital_F18,Bustle,PK5G43_TJN_MAR_023_Content_BUSTLE_RON - Bustle & Elite Daily - Panoramic Unit_Run of Network_Contextual_F25-54_1 x 1_Click and View_NV_NA,206309983,10/18/2017,98821,2487,96334,1753,94581,86612,7969,3297,4672,88365,36559,39856
TJN_TJX_TJMaxx 2H DIG_FY18,Viant,"PJSPBW_TJN_TJC_031_Data_VIANT INC_PUR_ROI_MWB_DIR_DSP_TRG_RON_BTG_MKT_DVY_DETERMINSTIC LAL OF ECOM CONVERTERS, CROSS DEVICE DISPLAY_Fixed Placement_Behavioral_F25-54_300 x 50_Click_NV_NA",204733524,10/20/2017,282,16,266,0,266,29,237,182,55,29,22,204
TJN_TJX_TJMaxx 2H DIG_FY18,xAd Inc.,PJMTMQ_TJN_TJX_028_Mobile_GROUND TRUTH FKA XAD_DST_SV1_MAP_DIR_RCH_TRG_RON_PXT_PXT_DVY_PHASE 1_PROXIMITY LOYALTY PLACEMENT - RICH MEDIA STORE LOCATOR - TJ Maxx_Run of Network_Geo_F25-54_320 x 50_Click and View_NV_NA,204442090,9/23/2017,29340,541,28799,13580,15219,237,14982,14133,849,13817,13034,27167
TJN_MAR_023_Marshalls 2H Digital_F18,NinthDecimal,PJPSRT_TJN_MAR_023_Mobile_NINTHDECIMAL_DST_SV1_MAP_DIR_RCH_TRG_RON_PXT_DMA_DVY_GEOFENCE: 15-20-MILE RADIUS AROUND RURAL STORES_Run of Network_Geo_F25-54_320 x 50_Click and View_NV_NA,204542885,10/8/2017,30415,508,29907,10469,19438,84,19354,18936,418,10553,10325,29261
TJN_TJX_TJMaxx 2H DIG_FY18,Conversant Inc.,PJPWPH_TJN_TJX_028_Audience_CONVERSANT_DST_SV1_MAP_NET_DSP_TRG_RON_BTG_BTG_DVY_PHASE 1_ SMARTPHONE MEDIUM RECTANGLE  - CONVERSANT SHOPPERS AV_Run of Site_Behavioral_P18+_300 x 250_Standard_NV_NA,204442060,10/17/2017,760,4,756,0,756,138,618,389,229,138,87,476
TJN_TJX_TJMaxx 2H DIG_FY18,Conversant Inc.,PJPWP9_TJN_TJX_028_Audience_CONVERSANT_DST_SV1_DSK_NET_DSP_TRG_RON_BTG_BTG_DVY_PHASE 1_ DESKTOP MEDIUM RECTANGLE - CONVERSANT SHOPPERS AV_Run of Site_Behavioral_P18+_300 x 250_Standard_NV_NA,204483957,10/4/2017,1360,81,1279,0,1279,240,1039,580,459,240,134,714
TJN_TJX_TJMaxx 2H DIG_FY18,xAd Inc.,PJPXK1_TJN_TJX_028_Mobile_GROUND TRUTH FKA XAD_DST_SV1_MAP_DIR_DSP_TRG_RON_PXT_PXT_DVY_PHASE 1_PROXIMITY LOYALTY PLACEMENT - STANDARD BANNER - TJMaxx_Run of Network_Geo_F25-54_320 x 50_Click and View_NV_NA,204483996,9/6/2017,91099,1388,89711,56802,32909,12574,20335,19348,987,69376,66496,85844
TJN_TJX_TJMaxx 2H DIG_FY18,PlaceIQ,PK19YZ_TJN_TJX_028_Mobile_PLACEIQ INC_DST_SV1_MAP_DIR_RCH_TRG_RON_BTG_PTG_DVY_PHASE 1_RICH MEDIA_STRATEGIC SAVERS_INFORMER CONSUMER SHOPPERS+TOP TIER APPAREL SHOPPER_Run of Network_Behavioral_F25-54_320 x 50_Click and View_NV_NA,205563548,10/20/2017,9183,395,8788,4069,4719,273,4446,4358,88,4342,4256,8614
TJN_TJX_TJMaxx 2H DIG_FY18,xAd Inc.,PJMTMQ_TJN_TJX_028_Mobile_GROUND TRUTH FKA XAD_DST_SV1_MAP_DIR_RCH_TRG_RON_PXT_PXT_DVY_PHASE 1_PROXIMITY LOYALTY PLACEMENT - RICH MEDIA STORE LOCATOR - TJ Maxx_Run of Network_Geo_F25-54_320 x 50_Click and View_NV_NA,204442090,10/2/2017,7,2,5,3,2,2,0,0,0,5,5,5
TJN_TJX_TJMaxx 2H DIG_FY18,Conversant Inc.,PJPWPF_TJN_TJX_028_Audience_CONVERSANT_DST_SV1_TAP_NET_DSP_TRG_RON_BTG_BTG_DVY_PHASE 1_ TABLET LEADERBOARD - CONVERSANT SHOPPERS AV_Run of Site_Behavioral_P18+_728 x 90_Standard_NV_NA,204442915,9/27/2017,54,2,52,0,52,11,41,19,22,11,5,24
TJN_TJX_TJMaxx 2H DIG_FY18,Viant,"PJSPCK_TJN_TJC_031_Data_VIANT INC_PUR_ROI_MWB_DIR_DSP_TRG_RON_BTG_MKT_DVY_W25-54 + ONLINE SHOPPERS, CROSS DEVICE DISPLAY_Fixed Placement_Behavioral_F25-54_160 x 600_Click_NV_NA",204733041,10/9/2017,851,63,788,0,788,89,699,322,377,89,41,363
TJN_TJX_TJMaxx 2H DIG_FY18,xAd Inc.,PJMTMQ_TJN_TJX_028_Mobile_GROUND TRUTH FKA XAD_DST_SV1_MAP_DIR_RCH_TRG_RON_PXT_PXT_DVY_PHASE 1_PROXIMITY LOYALTY PLACEMENT - RICH MEDIA STORE LOCATOR - TJ Maxx_Run of Network_Geo_F25-54_320 x 50_Click and View_NV_NA,204442090,10/1/2017,6,1,5,3,2,2,0,0,0,5,5,5
TJN_TJX_TJMaxx 2H DIG_FY18,Conversant Inc.,PJNPLW_TJN_TJX_028_Audience_CONVERSANT_DST_SV1_DSK_NET_DSP_TRG_RON_BTG_BTG_DVY_PHASE 1_ DESKTOP MEDIUM RECTANGLE - CJ CONVERTERS LAL MODELING_Run of Site_Behavioral_P18+_300 x 250_Standard_NV_NA,204442024,10/7/2017,20774,917,19857,0,19857,2026,17831,9173,8658,2026,1042,10215
TJN_TJX_TJMaxx 2H DIG_FY18,Viant,"PK2V4S_TJN_TJX_028_Data_VIANT INC_DSI_SV1_TWB_DIR_RCH_TRG_INT_BTG_CTG_DVY_PHASE 1_VIANT IMP, W25-54 STRATEGIC SAVERS, CONTOBOX - Fall Homes_Fixed Placement_Behavioral_F25-54_300 x 250_Click and View_NV_NA",205687927,10/13/2017,104,26,78,6,72,7,65,46,19,13,9,55
TJN_TJX_TJMaxx 2H DIG_FY18,Hulu,PK3F7L_TJN_TJX_027_Content_HULU_BAF_BS2_CTV_DIR_CUS_SPN_CHS_CTG_CTG_DVY_HULU ROS: PREMIUM SLATE - CONNECTED TV_FEP_Contextual_F25-54_1920 x 1080_Standard_NV_NA,205685923,10/10/2017,12,0,12,12,0,0,0,0,0,12,8,8
TJN_TJX_TJMaxx 2H DIG_FY18,xAd Inc.,PKF5JX_TJN_TJX_028_Mobile_GROUND TRUTH FKA XAD_DST_SV1_MAP_DIR_DSP_TRG_RON_RTG_RTG_DVY_PHASE 1_LOCATION AUDIENCE COMPETITIVE CONQUESTING PLACEMENT - STANDARD BANNER - Find A Store V2_Run of Network_Retarget_F25-54_320 x 50_Click and View_NV_NA,206833629,10/19/2017,4836,62,4774,1995,2779,32,2747,2004,743,2027,1479,3483
TJN_TJX_TJMaxx 2H DIG_FY18,xAd Inc.,PKF4TV_TJN_TJX_028_Mobile_GROUND TRUTH FKA XAD_DST_SV1_MAP_DIR_DSP_TRG_RON_RTG_RTG_DVY_PHASE 1_LOCATION AUDIENCE COMPETITIVE CONQUESTING PLACEMENT - STANDARD BANNER - Sweaters_Run of Network_Retarget_F25-54_300 x 250_Click and View_NV_NA,206833632,10/19/2017,2479,28,2451,2451,0,0,0,0,0,2451,1923,1923
TJN_TJX_TJMaxx 2H DIG_FY18,Conversant Inc.,PJNPMD_TJN_TJC_031_Audience_CONVERSANT_PUR_ROI_TAP_NET_DSP_TRG_RON_BTG_BTG_DVY_TABLET MEDIUM RECTANGLE - STRATEGIC SAVERS_Run of Site_Other_P18+_300 x 250_Standard_NV_NA,204483960,9/21/2017,6,6,0,0,0,0,0,0,0,0,0,0
TJN_TJX_TJMaxx 2H DIG_FY18,xAd Inc.,PJYDBQ_TJN_TJX_028_Mobile_GROUND TRUTH FKA XAD_DST_SV1_MAP_DIR_RCH_TRG_RON_BTG_BTG_DVY_PHASE 1_BEHAVIORAL AUDIENCE TRENDSETTERS PLACEMENT - RICH MEDIA STORE LOCATOR - Fall Hero_Run of Network_Behavioral_F25-54_300 x 250_Click and View_NV_NA,205145231,9/25/2017,6449,86,6363,71,6292,51,6241,6021,220,122,118,6139
TJN_TJX_TJMaxx 2H DIG_FY18,Viant,"PJNSHC_TJN_TJX_028_Data_VIANT INC_DSI_SV1_DSK_DIR_DSP_TRG_RON_BTG_CTG_DVY_PHASE 1_VIANT DIRECT MATCH RETAIL, COMPETITIVE CONQUESTING, DISPLAY_Fixed Placement_Behavioral_F25-54_300 x 250_Standard_NV_NA",204478655,9/13/2017,277,0,277,0,277,19,258,195,63,19,14,209
TJN_TJX_TJMaxx 2H DIG_FY18,Viant,"PJNSHC_TJN_TJX_028_Data_VIANT INC_DSI_SV1_DSK_DIR_DSP_TRG_RON_BTG_CTG_DVY_PHASE 1_VIANT DIRECT MATCH RETAIL, COMPETITIVE CONQUESTING, DISPLAY_Fixed Placement_Behavioral_F25-54_300 x 250_Standard_NV_NA",204478655,10/13/2017,28384,980,27404,1,27403,2192,25211,15791,9420,2193,1374,17165
TJN_TJX_TJMaxx 2H DIG_FY18,Foursquare,"PJMQ2D_TJN_TJX_028_Audience_FOURSQUARE LABS, INC_DST_SV1_MAP_PRO_DSP_TRG_RON_PXT_BTG_DVY_PHASE 1_PINPOINT STRATEGIC SAVERS_Run of Network_Geo_F25-54_300 x 250_Standard_NV_NA",204483457,9/29/2017,9983,872,9111,1757,7354,470,6884,3154,3730,2227,1020,4174
TJN_TJX_TJMaxx 2H DIG_FY18,Foursquare,"PJPRV8_TJN_TJX_028_Audience_FOURSQUARE LABS, INC_DST_SV1_MAP_PRO_DSP_TRG_RON_PXT_BTG_DVY_PHASE 1_PINPOINT TRENDSETTERS AV_Run of Network_Geo_F25-54_300 x 250_Standard_NV_NA",204527100,10/10/2017,174,5,169,23,146,10,136,76,60,33,18,94
TJN_TJX_TJMaxx 2H DIG_FY18,Viant,"PJNSH6_TJN_TJX_028_Data_VIANT INC_DSI_SV1_TWB_DIR_DSP_TRG_RON_BTG_CTG_DVY_PHASE 1_VIANT DIRECT MATCH RETAIL, COMPETITIVE CONQUESTING, DISPLAY_Fixed Placement_Behavioral_F25-54_160 x 600_Standard_NV_NA",204483604,9/8/2017,328,36,292,0,292,62,230,167,63,62,45,212
TJN_MAR_023_Marshalls 2H Digital_F18,xAd Inc.,PJQ0YM_TJN_MAR_023_Mobile_GROUND TRUTH FKA XAD_DST_SV1_MAP_DIR_DSP_TRG_RON_BTG_PXT_DVY_COMPETITOR SHOPPERS - DYNAMIC DISTANCE_Run of Network_Geo_F25-54_300 x 250_Click and View_NV_NA,204555259,9/7/2017,3529,81,3448,3448,0,0,0,0,0,3448,3448,3448
TJN_TJX_TJMaxx 2H DIG_FY18,xAd Inc.,PJMTN8_TJN_TJX_028_Mobile_GROUND TRUTH FKA XAD_DST_SV1_MAP_DIR_DSP_TRG_RON_BTG_BTG_DVY_PHASE 1_BEHAVIORAL AUDIENCE STRATEGIC SAVERS PLACEMENT - STANDARD BANNER - Maxx You Maxx Life_Run of Network_Behavioral_F25-54_320 x 50_Click and View_NV_NA,204447851,9/30/2017,3,1,2,2,0,0,0,0,0,2,2,2
TJN_TJX_TJMaxx 2H DIG_FY18,NBC Universal Media,PK3H7L_TJN_TJX_028_Content_NBCUNI.COM_BAF_BS2_DSK_DIR_DSP_SPN_HPT_CTG_CTG_DCM_100% SOV NBC THIS IS US ROADBLOCK 10/3 - 728X90 MOBILE_HP Takeover_Contextual_F25-54_728 x 90_Standard_NV_NA,205727721,10/3/2017,1949,26,1923,0,1923,103,1820,1365,455,103,77,1442
TJN_TJX_TJMaxx 2H DIG_FY18,Viant,"PJNSGR_TJN_TJX_028_Data_VIANT INC_DSI_SV1_TWB_DIR_DSP_TRG_RON_BTG_CTG_DVY_PHASE 1_VIANT DIRECT MATCH RETAIL, TJX PORFOLIO LOYALISTS, DISPLAY_Fixed Placement_Behavioral_F25-54_160 x 600_Standard_NV_NA",204478520,9/11/2017,73,4,69,0,69,4,65,51,14,4,3,54
TJN_TJX_TJMaxx 2H DIG_FY18,Viant,"PJNSH7_TJN_TJX_028_Data_VIANT INC_DSI_SV1_MWB_DIR_DSP_TRG_RON_BTG_CTG_DVY_PHASE 1_VIANT DIRECT MATCH RETAIL, COMPETITIVE CONQUESTING, DISPLAY_Fixed Placement_Behavioral_F25-54_320 x 50_Standard_NV_NA",204477565,10/18/2017,46,5,41,0,41,4,37,26,11,4,3,29
TJN_TJX_TJMaxx 2H DIG_FY18,xAd Inc.,PJMTNC_TJN_TJX_028_Mobile_GROUND TRUTH FKA XAD_DST_SV1_MAP_DIR_DSP_TRG_RON_BTG_BTG_DVY_PHASE 1_BEHAVIORAL AUDIENCE TRENDSETTERS PLACEMENT - STANDARD BANNER - Maxx You Maxx Life_Run of Network_Behavioral_F25-54_320 x 50_Click and View_NV_NA,204447830,9/17/2017,20285,125,20160,3312,16848,4479,12369,11174,1195,7791,7038,18212
TJN_TJX_TJMaxx 2H DIG_FY18,Conversant Inc.,PJPWPD_TJN_TJX_028_Audience_CONVERSANT_DST_SV1_MAP_NET_DSP_TRG_RON_BTG_BTG_DVY_PHASE 1_ SMARTPHONE SMALL BANNER  - CONVERSANT SHOPPERS AV_Run of Site_Behavioral_P18+_320 x 50_Standard_NV_NA,204447251,10/6/2017,975,25,950,0,950,180,770,565,205,180,132,697
TJN_MAR_023_Marshalls 2H Digital_F18,Spotify USA Inc.,PK0HLF_TJN_MAR_023_Audience_SPOTIFY USA INC_DST_SV2_MAP_DIR_DSP_TRG_CMP_DMA_PXT_DVY_MOBILE AUDIO COMPANION BANNER 640X640_Run of Site_Geo_F25-54_640 x 640_Click and View_NV_NA,205566308,10/19/2017,155076,2193,152883,152883,0,0,0,0,0,152883,144746,144746
TJN_TJX_TJMaxx 2H DIG_FY18,NBC Universal Media,PK2LF3_TJN_TJX_028_Content_NBCUNI.COM_BAF_BS2_DSK_DIR_DSP_SPN_HPT_CTG_CTG_DCM_100% SOV NBC HOMEPAGE ROADBLOCK 9/26 - 300X250 DESKTOP_HP Takeover_Contextual_F25-54_300 x 250_Standard_NV_NA,205613773,9/29/2017,2,0,2,0,2,0,2,2,0,0,0,2
TJN_TJX_TJMaxx 2H DIG_FY18,Foursquare,"PJMQ2K_TJN_TJX_028_Audience_FOURSQUARE LABS, INC_DST_SV1_MAP_PRO_DSP_TRG_RON_PXT_BTG_DVY_PHASE 1_PINPOINT STRATEGIC SAVERS_Run of Network_Geo_F25-54_320 x 50_Standard_NV_NA",204483454,9/25/2017,134594,10896,123698,59330,64368,2736,61632,47409,14223,62066,47743,95152
TJN_TJX_TJMaxx 2H DIG_FY18,Viant,"PJNSH9_TJN_TJX_028_Data_VIANT INC_DSI_SV1_TWB_DIR_DSP_TRG_RON_BTG_CTG_DVY_PHASE 1_VIANT DIRECT MATCH RETAIL, COMPETITIVE CONQUESTING, DISPLAY_Fixed Placement_Behavioral_F25-54_300 x 250_Standard_NV_NA",204526701,9/30/2017,13655,53,13602,0,13602,2836,10766,8645,2121,2836,2277,10922
TJN_TJX_TJMaxx 2H DIG_FY18,Conversant Inc.,PJPWBT_TJN_TJX_028_Audience_CONVERSANT_DST_SV1_DSK_NET_DSP_TRG_RON_BTG_BTG_DVY_PHASE 1_ DESKTOP LEADERBOARD - CJ INTERACTORS LAL MODELING_Run of Site_Behavioral_P18+_728 x 90_Standard_NV_NA,204446096,10/4/2017,17037,1050,15987,0,15987,2811,13176,6319,6857,2811,1348,7667
TJN_TJX_TJMaxx 2H DIG_FY18,Conversant Inc.,PJNPMK_TJN_TJC_031_Audience_CONVERSANT_PUR_ROI_DSK_NET_DSP_TRG_RON_BTG_BTG_DVY_DESKTOP LEADERBOARD- STRATEGIC SAVERS_Run of Site_Other_P18+_728 x 90_Standard_NV_NA,204447263,10/15/2017,15001,1333,13668,0,13668,1354,12314,9144,3170,1354,1005,10149
TJN_TJX_TJMaxx 2H DIG_FY18,Viant,"PKGK9X_TJN_TJX_028_Data_VIANT INC_DSI_SV1_TWB_DIR_CUS_TRG_NAT_BTG_CTG_DVY_PHASE 1_VIANT LIFESTYLE, TRENDSETTERS NATIVE- Booties_Fixed Placement_Contextual_F25-54_0 x 0_Click and View_NV_NA",206833284,10/17/2017,12104,265,11839,11839,0,0,0,0,0,11839,7908,7908
TJN_TJX_TJMaxx 2H DIG_FY18,Conversant Inc.,PJNPMG_TJN_TJC_031_Audience_CONVERSANT_PUR_ROI_DSK_NET_DSP_TRG_RON_BTG_BTG_DVY_DESKTOP WIDE SKYSCRAPER- STRATEGIC SAVERS_Run of Site_Other_P18+_160 x 600_Standard_NV_NA,204443410,10/18/2017,739,46,693,0,693,79,614,276,338,79,36,312
TJN_TJX_TJMaxx 2H DIG_FY18,PlaceIQ,PKFRJR_TJN_TJX_028_Mobile_PLACEIQ INC_DST_SV1_MAP_DIR_RCH_TRG_RON_BTG_PXT_DVY_PHASE 1_RICH MEDIA_TJX PORTFOLIO LOYALISTS - Rich Media Version 2_Run of Network_Behavioral_F25-54_320 x 50_Click and View_NV_NA,206772326,10/21/2017,22490,461,22029,8796,13233,515,12718,12555,163,9311,9192,21747
TJN_TJX_TJMaxx 2H DIG_FY18,Conversant Inc.,PJNPLY_TJN_TJX_028_Audience_CONVERSANT_DST_SV1_DSK_NET_DSP_TRG_RON_BTG_BTG_DVY_PHASE 1_ DESKTOP WIDE SKYSCRAPER - CJ CONVERTERS LAL MODELING_Run of Site_Behavioral_P18+_160 x 600_Standard_NV_NA,204443386,10/7/2017,5750,405,5345,0,5345,780,4565,1737,2828,780,297,2034
TJN_TJX_TJMaxx 2H DIG_FY18,xAd Inc.,PJPXJY_TJN_TJX_028_Mobile_GROUND TRUTH FKA XAD_DST_SV1_MAP_DIR_DSP_TRG_RON_BTG_BTG_DVY_PHASE 1_BEHAVIORAL AUDIENCE STRATEGIC SAVERS PLACEMENT - STANDARD BANNER - Fall Hero_Run of Network_Behavioral_F25-54_300 x 250_Click and View_NV_NA,204484017,9/11/2017,9520,161,9359,9337,22,5,17,7,10,9342,3847,3854
TJN_TJX_TJMaxx 2H DIG_FY18,xAd Inc.,PJPXK0_TJN_TJX_028_Mobile_GROUND TRUTH FKA XAD_DST_SV1_MAP_DIR_DSP_TRG_RON_BTG_BTG_DVY_PHASE 1_BEHAVIORAL AUDIENCE TRENDSETTERS PLACEMENT - STANDARD BANNER - TJMaxx_Run of Network_Behavioral_F25-54_320 x 50_Click and View_NV_NA,204483993,9/17/2017,22237,169,22068,3275,18793,4749,14044,12278,1766,8024,7015,19293
TJN_TJX_TJMaxx 2H DIG_FY18,Viant,"PK2V4X_TJN_TJX_028_Data_VIANT INC_DSI_SV1_DSK_DIR_RCH_TRG_INT_BTG_CTG_DVY_PHASE 1_VIANT IMP, W25-54 STRATEGIC SAVERS, CONTOBOX - Fall Homes_Fixed Placement_Behavioral_F25-54_300 x 250_Click and View_NV_NA",205688458,10/20/2017,14,3,11,5,6,0,6,6,0,5,5,11
TJN_TJX_TJMaxx 2H DIG_FY18,Viant,"PK2X7B_TJN_TJX_028_Data_VIANT INC_DSI_SV1_TWB_DIR_RCH_TRG_INT_BTG_CTG_DVY_PHASE 1_VIANT IMP, W25-54 STRATEGIC SAVERS, CONTOBOX - Honeycomb_Fixed Placement_Behavioral_F25-54_300 x 250_Click and View_NV_NA",205687939,10/18/2017,6,3,3,2,1,0,1,1,0,2,2,3
TJN_TJX_TJMaxx 2H DIG_FY18,Viant,"PJSPCK_TJN_TJC_031_Data_VIANT INC_PUR_ROI_MWB_DIR_DSP_TRG_RON_BTG_MKT_DVY_W25-54 + ONLINE SHOPPERS, CROSS DEVICE DISPLAY_Fixed Placement_Behavioral_F25-54_160 x 600_Click_NV_NA",204733041,10/19/2017,2184,83,2101,1,2100,161,1939,433,1506,162,36,469
TJN_TJX_TJMaxx 2H DIG_FY18,xAd Inc.,PJMTMQ_TJN_TJX_028_Mobile_GROUND TRUTH FKA XAD_DST_SV1_MAP_DIR_RCH_TRG_RON_PXT_PXT_DVY_PHASE 1_PROXIMITY LOYALTY PLACEMENT - RICH MEDIA STORE LOCATOR - TJ Maxx_Run of Network_Geo_F25-54_320 x 50_Click and View_NV_NA,204442090,10/3/2017,6,3,3,1,2,2,0,0,0,3,3,3
TJN_TJX_TJMaxx 2H DIG_FY18,Viant,"PK2X7H_TJN_TJX_028_Data_VIANT INC_DSI_SV1_MWB_DIR_RCH_TRG_INT_BTG_CTG_DVY_PHASE 1_VIANT IMP, W25-54 STRATEGIC SAVERS, CONTOBOX - Honeycomb_Fixed Placement_Behavioral_F25-54_320 x 50_Click and View_NV_NA",205725975,9/22/2017,4720,70,4650,4,4646,479,4167,864,3303,483,100,964
TJN_TJX_TJMaxx 2H DIG_FY18,NBC Universal Media,PK2KJK_TJN_TJX_028_Content_NBCUNI.COM_BAF_BS2_DSK_DIR_VID_SPN_ROS_BTG_CTG_MOA_THIS IS US SPONSORSHIP: DESKTOP - VIGNETTE 2_Run of Site_Behavioral_F25-54_1920 x 1080_Click and View_NV_NA,205568882,10/9/2017,41390,765,40625,40625,0,0,0,0,0,40625,26486,26486
TJN_TJX_TJMaxx 2H DIG_FY18,Foursquare,"PKFMKJ_TJN_TJX_028_Audience_FOURSQUARE LABS, INC_DST_SV1_MAP_PRO_RCH_TRG_RON_PXT_BTG_DVY_PHASE 1_MOBILE RICH MEDIA TRENDSETTERS - Find A Store V2_Run of Network_Geo_F25-54_320 x 50_Standard_NV_NA",206812600,10/19/2017,37034,870,36164,26117,10047,1309,8738,7713,1025,27426,24209,31922
TJN_MAR_023_Marshalls 2H Digital_F18,xAd Inc.,PJQ0Y6_TJN_MAR_023_Mobile_GROUND TRUTH FKA XAD_DST_SV1_MAP_DIR_DSP_TRG_RON_PXT_BTG_DVY_PROXIMITY LOYALTY - DYNAMIC DISTANCE_Run of Network_Geo_F25-54_320 x 50_Click and View_NV_NA,204556888,9/8/2017,126654,2643,124011,86349,37662,5947,31715,26231,5484,92296,73519,99750
TJN_TJX_TJMaxx 2H DIG_FY18,Foursquare,"PJPRVC_TJN_TJX_028_Audience_FOURSQUARE LABS, INC_DST_SV1_MAP_PRO_DSP_TRG_RON_PXT_BTG_DVY_PHASE 1_PINPOINT TRENDSETTERS AV_Run of Network_Geo_F25-54_320 x 50_Standard_NV_NA",204527421,9/25/2017,2800,245,2555,993,1562,60,1502,1163,339,1053,815,1978
TJN_TJX_TJMaxx 2H DIG_FY18,Conversant Inc.,PJPWPD_TJN_TJX_028_Audience_CONVERSANT_DST_SV1_MAP_NET_DSP_TRG_RON_BTG_BTG_DVY_PHASE 1_ SMARTPHONE SMALL BANNER  - CONVERSANT SHOPPERS AV_Run of Site_Behavioral_P18+_320 x 50_Standard_NV_NA,204447251,9/21/2017,1924,28,1896,0,1896,371,1525,1249,276,371,304,1553
TJN_TJX_TJMaxx 2H DIG_FY18,Conversant Inc.,PJNPLX_TJN_TJX_028_Audience_CONVERSANT_DST_SV1_DSK_NET_DSP_TRG_RON_BTG_BTG_DVY_PHASE 1_ DESKTOP RECTANGLE - CJ CONVERTERS LAL MODELING_Run of Site_Behavioral_P18+_300 x 600_Standard_NV_NA,204442894,10/18/2017,107,19,88,0,88,13,75,12,63,13,2,14
TJN_TJX_TJMaxx 2H DIG_FY18,Conversant Inc.,PJNPMC_TJN_TJC_031_Audience_CONVERSANT_PUR_ROI_TAP_NET_DSP_TRG_RON_BTG_BTG_DVY_TABLET LEADERBOARD- STRATEGIC SAVERS_Run of Site_Other_P18+_728 x 90_Standard_NV_NA,204442918,10/20/2017,105,4,101,0,101,22,79,30,49,22,8,38
TJN_TJX_TJMaxx 2H DIG_FY18,Conversant Inc.,PJPWPG_TJN_TJX_028_Audience_CONVERSANT_DST_SV1_TAP_NET_DSP_TRG_RON_BTG_BTG_DVY_PHASE 1_ TABLET MEDIUM RECTANGLE  - CONVERSANT SHOPPERS AV_Run of Site_Behavioral_P18+_300 x 250_Standard_NV_NA,204446129,9/18/2017,586,13,573,0,573,91,482,200,282,91,38,238
TJN_MAR_023_Marshalls 2H Digital_F18,NinthDecimal,PJPSRW_TJN_MAR_023_Mobile_NINTHDECIMAL_DST_SV1_MAP_DIR_RCH_TRG_RON_BTG_PXT_DVY_LOCATION GRAPH: TJX FAMILY LOYALISTS_Run of Network_Behavioral_F25-54_320 x 50_Click and View_NV_NA,204541739,9/10/2017,1111,13,1098,191,907,6,901,873,28,197,191,1064
TJN_TJX_TJMaxx 2H DIG_FY18,Viant,"PK2X7C_TJN_TJX_028_Data_VIANT INC_DSI_SV1_TWB_DIR_RCH_TRG_INT_BTG_CTG_DVY_PHASE 1_VIANT IMP, W25-54 STRATEGIC SAVERS, CONTOBOX - Honeycomb_Fixed Placement_Behavioral_F25-54_160 x 600_Click and View_NV_NA",205685992,10/13/2017,3,1,2,0,2,0,2,2,0,0,0,2
TJN_TJX_TJMaxx 2H DIG_FY18,xAd Inc.,PJMTNF_TJN_TJX_028_Mobile_GROUND TRUTH FKA XAD_DST_SV1_MAP_DIR_DSP_TRG_RON_PXT_PXT_DVY_PHASE 1_PROXIMITY LOYALTY PLACEMENT - STANDARD BANNER - Fall Handbag_Run of Network_Geo_F25-54_300 x 250_Click and View_NV_NA,204446159,9/12/2017,11445,188,11257,11185,72,10,62,18,44,11195,3250,3268
TJN_TJX_TJMaxx 2H DIG_FY18,Viant,"PJSPCF_TJN_TJC_031_Data_VIANT INC_PUR_ROI_DSK_DIR_DSP_TRG_RON_BTG_MKT_DVY_W25-54 + ONLINE SHOPPERS, CROSS DEVICE DISPLAY_Fixed Placement_Behavioral_F25-54_320 x 50_Click_NV_NA",204715639,10/8/2017,5633,86,5547,0,5547,658,4889,4178,711,658,562,4740
TJN_TJX_TJMaxx 2H DIG_FY18,xAd Inc.,PKF499_TJN_TJX_028_Mobile_GROUND TRUTH FKA XAD_DST_SV1_MAP_DIR_DSP_TRG_RON_BTG_BTG_DVY_PHASE 1_BEHAVIORAL AUDIENCE TRENDSETTERS PLACEMENT - STANDARD BANNER - Booties_Run of Network_Behavioral_F25-54_300 x 250_Click and View_NV_NA,206832846,10/20/2017,3692,57,3635,2497,1138,3,1135,1097,38,2500,2416,3513
TJN_TJX_TJMaxx 2H DIG_FY18,Conversant Inc.,PJPTMH_TJN_TJC_031_Audience_CONVERSANT_PUR_ROI_TAP_NET_DSP_TRG_RON_BTG_BTG_DVY_TABLET LEADERBOARD- COMPETITIVE CONQUESTING_Run of Site_Other_P18+_728 x 90_Standard_NV_NA,204483936,10/16/2017,175,0,175,47,128,15,113,102,11,62,56,158
TJN_TJX_TJMaxx 2H DIG_FY18,Conversant Inc.,PJNPMD_TJN_TJC_031_Audience_CONVERSANT_PUR_ROI_TAP_NET_DSP_TRG_RON_BTG_BTG_DVY_TABLET MEDIUM RECTANGLE - STRATEGIC SAVERS_Run of Site_Other_P18+_300 x 250_Standard_NV_NA,204483960,10/6/2017,5671,90,5581,0,5581,775,4806,2540,2266,775,410,2950
TJN_TJX_TJMaxx 2H DIG_FY18,Viant,"PJSPCG_TJN_TJC_031_Data_VIANT INC_PUR_ROI_DSK_DIR_DSP_TRG_RON_BTG_MKT_DVY_W25-54 + ONLINE SHOPPERS, CROSS DEVICE DISPLAY_Fixed Placement_Behavioral_F25-54_300 x 50_Click_NV_NA",204716182,10/10/2017,2,1,1,0,1,0,1,1,0,0,0,1
TJN_TJX_TJMaxx 2H DIG_FY18,Foursquare,"PJYHWD_TJN_TJX_028_Audience_FOURSQUARE LABS, INC_DST_SV1_MAP_PRO_DSP_TRG_RON_PXT_BTG_DVY_PHASE 1_PINPOINT COMPETITIVE CONQUESTING_Run of Network_Geo_F25-54_300 x 250_Standard_NV_NA",205235284,9/15/2017,12704,1656,11048,5400,5648,3054,2594,1278,1316,8454,4165,5443
TJN_TJX_TJMaxx 2H DIG_FY18,Viant,"PJNSGR_TJN_TJX_028_Data_VIANT INC_DSI_SV1_TWB_DIR_DSP_TRG_RON_BTG_CTG_DVY_PHASE 1_VIANT DIRECT MATCH RETAIL, TJX PORFOLIO LOYALISTS, DISPLAY_Fixed Placement_Behavioral_F25-54_160 x 600_Standard_NV_NA",204478520,9/26/2017,58,0,58,0,58,4,54,12,42,4,1,13
TJN_TJX_TJMaxx 2H DIG_FY18,Viant,"PJNSH9_TJN_TJX_028_Data_VIANT INC_DSI_SV1_TWB_DIR_DSP_TRG_RON_BTG_CTG_DVY_PHASE 1_VIANT DIRECT MATCH RETAIL, COMPETITIVE CONQUESTING, DISPLAY_Fixed Placement_Behavioral_F25-54_300 x 250_Standard_NV_NA",204526701,10/16/2017,13161,30,13131,0,13131,2831,10300,8158,2142,2831,2242,10400
TJN_TJX_TJMaxx 2H DIG_FY18,xAd Inc.,PKF8TX_TJN_TJX_028_Mobile_GROUND TRUTH FKA XAD_DST_SV1_MAP_DIR_RCH_TRG_RON_PXT_PXT_DVY_PHASE 1_PROXIMITY LOYALTY PLACEMENT - RICH MEDIA STORE LOCATOR - Dresses_Run of Network_Geo_F25-54_300 x 250_Click and View_NV_NA,206772077,10/20/2017,5362,61,5301,46,5255,14,5241,4983,258,60,57,5040
TJN_TJX_TJMaxx 2H DIG_FY18,Foursquare,"PJPRQJ_TJN_TJX_028_Audience_FOURSQUARE LABS, INC_DST_SV1_MAP_PRO_DSP_TRG_RON_PXT_BTG_DVY_PHASE 1_PINPOINT STRATEGIC SAVERS AV_Run of Network_Geo_F25-54_320 x 50_Standard_NV_NA",204525369,10/8/2017,3662,45,3617,720,2897,119,2778,2091,687,839,632,2723
TJN_MAR_023_Marshalls 2H Digital_F18,xAd Inc.,PJQ0YG_TJN_MAR_023_Mobile_GROUND TRUTH FKA XAD_DST_SV1_MAP_DIR_DSP_TRG_RON_BTG_DMA_DVY_BEHAVIORAL - FASHION SHOPPER - DYNAMIC DISTANCE_Run of Network_Behavioral_F25-54_320 x 50_Click and View_NV_NA,204557581,10/20/2017,61922,758,61164,55500,5664,339,5325,3985,1340,55839,41097,45082
TJN_MAR_023_Marshalls 2H Digital_F18,Bustle,"PK5G3X_TJN_MAR_023_Content_BUSTLE_ROC Fashion, Lifestyle Channel - Panoramic Unit_Run of Site_Contextual_F25-54_1 x 1_Click and View_NV_NA",206333601,10/21/2017,167102,2234,164868,75,164793,151240,13553,8150,5403,151315,90992,99142
TJN_MAR_023_Marshalls 2H Digital_F18,xAd Inc.,PJQ0YJ_TJN_MAR_023_Mobile_GROUND TRUTH FKA XAD_DST_SV1_MAP_DIR_DSP_TRG_RON_BTG_PXT_DVY_MARSHALLS SHOPPERS - DYNAMIC DISTANCE_Run of Network_Geo_F25-54_320 x 50_Click and View_NV_NA,204595911,9/15/2017,10435,167,10268,4789,5479,3302,2177,1700,477,8091,5885,7585
TJN_TJX_TJMaxx 2H DIG_FY18,Conversant Inc.,PJNPMD_TJN_TJC_031_Audience_CONVERSANT_PUR_ROI_TAP_NET_DSP_TRG_RON_BTG_BTG_DVY_TABLET MEDIUM RECTANGLE - STRATEGIC SAVERS_Run of Site_Other_P18+_300 x 250_Standard_NV_NA,204483960,10/11/2017,4286,63,4223,4,4219,618,3601,1871,1730,622,323,2194
TJN_TJX_TJMaxx 2H DIG_FY18,Viant,"PK2X7H_TJN_TJX_028_Data_VIANT INC_DSI_SV1_MWB_DIR_RCH_TRG_INT_BTG_CTG_DVY_PHASE 1_VIANT IMP, W25-54 STRATEGIC SAVERS, CONTOBOX - Honeycomb_Fixed Placement_Behavioral_F25-54_320 x 50_Click and View_NV_NA",205725975,9/24/2017,8064,74,7990,4,7986,797,7189,972,6217,801,108,1080
TJN_MAR_023_Marshalls 2H Digital_F18,Spotify USA Inc.,PK0HLF_TJN_MAR_023_Audience_SPOTIFY USA INC_DST_SV2_MAP_DIR_DSP_TRG_CMP_DMA_PXT_DVY_MOBILE AUDIO COMPANION BANNER 640X640_Run of Site_Geo_F25-54_640 x 640_Click and View_NV_NA,205566308,10/9/2017,155701,1466,154235,154235,0,0,0,0,0,154235,135511,135511
TJN_MAR_023_Marshalls 2H Digital_F18,xAd Inc.,PJQ0YK_TJN_MAR_023_Mobile_GROUND TRUTH FKA XAD_DST_SV1_MAP_DIR_DSP_TRG_RON_BTG_PXT_DVY_MARSHALLS SHOPPERS - DYNAMIC DISTANCE_Run of Network_Geo_F25-54_300 x 250_Click and View_NV_NA,204543440,10/20/2017,54381,11079,43302,43302,0,0,0,0,0,43302,40152,40152
TJN_TJX_TJMaxx 2H DIG_FY18,xAd Inc.,PJMTND_TJN_TJX_028_Mobile_GROUND TRUTH FKA XAD_DST_SV1_MAP_DIR_DSP_TRG_RON_PXT_PXT_DVY_PHASE 1_PROXIMITY LOYALTY PLACEMENT - STANDARD BANNER - Maxx You Maxx Life_Run of Network_Geo_F25-54_320 x 50_Click and View_NV_NA,204442096,10/5/2017,4,1,3,1,2,1,1,1,0,2,2,3
TJN_TJX_TJMaxx 2H DIG_FY18,Foursquare,"PJPQKZ_TJN_TJX_028_Audience_FOURSQUARE LABS, INC_DST_SV1_MAP_PRO_DSP_TRG_RON_PXT_BTG_DVY_PHASE 1_PINPOINT TRENDSETTERS_Run of Network_Geo_F25-54_300 x 250_Standard_NV_NA",204481813,9/10/2017,3672,584,3088,1244,1844,713,1131,356,775,1957,616,972
TJN_TJX_TJMaxx 2H DIG_FY18,NBC Universal Media,PK3H7L_TJN_TJX_028_Content_NBCUNI.COM_BAF_BS2_DSK_DIR_DSP_SPN_HPT_CTG_CTG_DCM_100% SOV NBC THIS IS US ROADBLOCK 10/3 - 728X90 MOBILE_HP Takeover_Contextual_F25-54_728 x 90_Standard_NV_NA,205727721,10/2/2017,1,0,1,0,1,0,1,1,0,0,0,1
TJN_TJX_TJMaxx 2H DIG_FY18,xAd Inc.,PJPXJQ_TJN_TJX_028_Mobile_GROUND TRUTH FKA XAD_DST_SV1_MAP_DIR_DSP_TRG_RON_RTG_RTG_DVY_PHASE 1_LOCATION AUDIENCE TJX SHOPPERS PLACEMENT - STANDARD BANNER - TJMaxx_Run of Network_Retarget_F25-54_320 x 50_Click and View_NV_NA,204447839,9/25/2017,78830,1278,77552,25955,51597,35341,16256,15210,1046,61296,48465,63675
TJN_MAR_023_Marshalls 2H Digital_F18,xAd Inc.,PJQ0Y6_TJN_MAR_023_Mobile_GROUND TRUTH FKA XAD_DST_SV1_MAP_DIR_DSP_TRG_RON_PXT_BTG_DVY_PROXIMITY LOYALTY - DYNAMIC DISTANCE_Run of Network_Geo_F25-54_320 x 50_Click and View_NV_NA,204556888,10/7/2017,50339,1222,49117,37749,11368,1016,10352,7923,2429,38765,26930,34853
TJN_TJX_TJMaxx 2H DIG_FY18,Hulu,PK3DG3_TJN_TJX_027_Content_HULU_BAF_BS2_PKG_DIR_VID_SPN_CHS_CTG_CTG_DVY_FALL TV SPONSORSHIP:MASTHEAD BRAND - DESKTOP_FEP_Contextual_F25-54_1 x 1_Standard_NV_NA,205685902,9/28/2017,2,0,2,2,0,0,0,0,0,2,2,2
TJN_TJX_TJMaxx 2H DIG_FY18,xAd Inc.,PJMTN8_TJN_TJX_028_Mobile_GROUND TRUTH FKA XAD_DST_SV1_MAP_DIR_DSP_TRG_RON_BTG_BTG_DVY_PHASE 1_BEHAVIORAL AUDIENCE STRATEGIC SAVERS PLACEMENT - STANDARD BANNER - Maxx You Maxx Life_Run of Network_Behavioral_F25-54_320 x 50_Click and View_NV_NA,204447851,10/16/2017,13512,207,13305,3167,10138,109,10029,7175,2854,3276,2344,9519
TJN_MAR_023_Marshalls 2H Digital_F18,xAd Inc.,PJQ0YF_TJN_MAR_023_Mobile_GROUND TRUTH FKA XAD_DST_SV1_MAP_DIR_RCH_TRG_RON_WEA_PXT_DVY_PROXIMITY CONQUESTING - WEATHER LOCATOR UNIT_Run of Network_Weather_F25-54_300 x 250_Click and View_NV_NA,204596913,9/20/2017,446,10,436,6,430,16,414,396,18,22,21,417
TJN_TJX_TJMaxx 2H DIG_FY18,NBC Universal Media,PK2KL9_TJN_TJX_028_Content_NBCUNI.COM_BAF_BS2_DSK_DIR_VID_SPN_ROS_BTG_CTG_MOA_THIS IS US SPONSORSHIP: DESKTOP - VIGNETTE 4_Run of Site_Behavioral_F25-54_1920 x 1080_Click and View_NV_NA,205568894,10/17/2017,13178,222,12956,12956,0,0,0,0,0,12956,8654,8654
TJN_TJX_TJMaxx 2H DIG_FY18,Viant,"PJSPBZ_TJN_TJC_031_Data_VIANT INC_PUR_ROI_TWB_DIR_DSP_TRG_RON_BTG_MKT_DVY_DETERMINSTIC LAL OF ECOM CONVERTERS, CROSS DEVICE DISPLAY_Fixed Placement_Behavioral_F25-54_160 x 600_Click_NV_NA",204716194,10/12/2017,220,5,215,0,215,47,168,24,144,47,7,31
TJN_TJX_TJMaxx 2H DIG_FY18,xAd Inc.,PJPXK0_TJN_TJX_028_Mobile_GROUND TRUTH FKA XAD_DST_SV1_MAP_DIR_DSP_TRG_RON_BTG_BTG_DVY_PHASE 1_BEHAVIORAL AUDIENCE TRENDSETTERS PLACEMENT - STANDARD BANNER - TJMaxx_Run of Network_Behavioral_F25-54_320 x 50_Click and View_NV_NA,204483993,9/6/2017,44162,588,43574,16657,26917,3592,23325,22683,642,20249,17393,40076
TJN_TJX_TJMaxx 2H DIG_FY18,Viant,"PK2V4Z_TJN_TJX_028_Data_VIANT INC_DSI_SV1_MWB_DIR_RCH_TRG_INT_BTG_CTG_DVY_PHASE 1_VIANT IMP, W25-54 STRATEGIC SAVERS, CONTOBOX - Fall Homes_Fixed Placement_Behavioral_F25-54_300 x 250_Click and View_NV_NA",205726911,10/6/2017,627,10,617,3,614,44,570,170,400,47,14,184
TJN_MAR_023_Marshalls 2H Digital_F18,NinthDecimal,PJPSRW_TJN_MAR_023_Mobile_NINTHDECIMAL_DST_SV1_MAP_DIR_RCH_TRG_RON_BTG_PXT_DVY_LOCATION GRAPH: TJX FAMILY LOYALISTS_Run of Network_Behavioral_F25-54_320 x 50_Click and View_NV_NA,204541739,9/29/2017,7081,174,6907,5080,1827,32,1795,1633,162,5112,4651,6284
TJN_TJX_TJMaxx 2H DIG_FY18,Foursquare,"PJPRVG_TJN_TJX_028_Audience_FOURSQUARE LABS, INC_DST_SV1_MAP_PRO_DSP_TRG_RON_PXT_BTG_DVY_PHASE 1_PINPOINT COMPETITIVE CONQUESTING AV_Run of Network_Geo_F25-54_300 x 250_Standard_NV_NA",204527412,9/12/2017,470,26,444,139,305,42,263,65,198,181,45,110
TJN_MAR_023_Marshalls 2H Digital_F18,xAd Inc.,PJQ0Y8_TJN_MAR_023_Mobile_GROUND TRUTH FKA XAD_DST_SV1_MAP_DIR_RCH_TRG_RON_WEA_PXT_DVY_PROXIMITY LOYALTY - WEATHER LOCATOR UNIT_Run of Network_Weather_F25-54_320 x 50_Click and View_NV_NA,204556189,10/18/2017,54518,1826,52692,25475,27217,390,26827,25391,1436,25865,24480,49871
TJN_TJX_TJMaxx 2H DIG_FY18,Conversant Inc.,PJPWBT_TJN_TJX_028_Audience_CONVERSANT_DST_SV1_DSK_NET_DSP_TRG_RON_BTG_BTG_DVY_PHASE 1_ DESKTOP LEADERBOARD - CJ INTERACTORS LAL MODELING_Run of Site_Behavioral_P18+_728 x 90_Standard_NV_NA,204446096,10/21/2017,3484,226,3258,0,3258,429,2829,1066,1763,429,162,1228
TJN_TJX_TJMaxx 2H DIG_FY18,xAd Inc.,PJYDBV_TJN_TJX_028_Mobile_GROUND TRUTH FKA XAD_DST_SV1_MAP_DIR_RCH_TRG_RON_BTG_BTG_DVY_PHASE 1_BEHAVIORAL AUDIENCE STRATEGIC SAVERS PLACEMENT - RICH MEDIA STORE LOCATOR - Maxx You Maxx Life_Run of Network_Behavioral_F25-54_320 x 50_Click and View_NV_NA,205148243,9/27/2017,19061,283,18778,7433,11345,365,10980,9134,1846,7798,6487,15621
TJN_TJX_TJMaxx 2H DIG_FY18,Conversant Inc.,PJNPMH_TJN_TJC_031_Audience_CONVERSANT_PUR_ROI_MAP_NET_DSP_TRG_RON_BTG_BTG_DVY_SMARTPHONE SMALL BANNER - STRATEGIC SAVERS_Run of Site_Other_P18+_320 x 50_Standard_NV_NA,204442066,10/11/2017,58858,794,58064,13,58051,6274,51777,39818,11959,6287,4835,44653
TJN_TJX_TJMaxx 2H DIG_FY18,Viant,PJPXKV_TJN_TJX_028_Data_VIANT INC_DSI_SV1_DSK_DIR_DSP_TRG_RON_BTG_CTG_DVY_PHASE 1_DESKTOP DISPLAY VIANT IMP TARGETING - STRATEGIC SAVERS AV_Fixed Placement_Demo_F25-54_728 x 90_Standard_NV_NA,204526986,10/7/2017,120,43,77,0,77,25,52,32,20,25,15,47
TJN_TJX_TJMaxx 2H DIG_FY18,xAd Inc.,PJMTNC_TJN_TJX_028_Mobile_GROUND TRUTH FKA XAD_DST_SV1_MAP_DIR_DSP_TRG_RON_BTG_BTG_DVY_PHASE 1_BEHAVIORAL AUDIENCE TRENDSETTERS PLACEMENT - STANDARD BANNER - Maxx You Maxx Life_Run of Network_Behavioral_F25-54_320 x 50_Click and View_NV_NA,204447830,9/6/2017,45642,593,45049,16830,28219,3978,24241,23552,689,20808,18538,42090
TJN_TJX_TJMaxx 2H DIG_FY18,PlaceIQ,PK1YGX_TJN_TJX_028_Mobile_PLACEIQ INC_DST_SV1_MAP_DIR_DSP_TRG_RON_BTG_PXT_DVY_PHASE 1_STANDARD BANNER_TRENDSETTERS_APPROVAL SEEKING SHOPPERS+LIVE OR WORK BY TJMAXX - TJ Maxx_Run of Network_Behavioral_F25-54_320 x 50_Click and View_NV_NA,205563545,10/20/2017,21276,364,20912,10503,10409,80,10329,10233,96,10583,10485,20718
TJN_TJX_TJMaxx 2H DIG_FY18,Foursquare,"PJPSSW_TJN_TJX_028_Audience_FOURSQUARE LABS, INC_DST_SV1_MAP_PRO_RCH_TRG_RON_PXT_BTG_DVY_PHASE 1_MOBILE RICH MEDIA STRATEGIC SAVERS - Find A TJ Maxx Store_Run of Network_Geo_F25-54_320 x 50_Standard_NV_NA",204525357,10/6/2017,25012,775,24237,9050,15187,1861,13326,7757,5569,10911,6351,14108
TJN_TJX_TJMaxx 2H DIG_FY18,Viant,"PKGK1J_TJN_TJX_028_Data_VIANT INC_DSI_SV1_TWB_DIR_RCH_TRG_INT_BTG_CTG_DVY_PHASE 1_VIANT IMP, W25-54 STRATEGIC SAVERS, CONTOBOX - Dresses_Fixed Placement_Behavioral_F25-54_160 x 600_Click and View_NV_NA",206772461,10/20/2017,1,0,1,0,1,0,1,1,0,0,0,1
TJN_TJX_TJMaxx 2H DIG_FY18,xAd Inc.,PJMTMR_TJN_TJX_028_Mobile_GROUND TRUTH FKA XAD_DST_SV1_MAP_DIR_RCH_TRG_RON_PXT_PXT_DVY_PHASE 1_PROXIMITY LOYALTY PLACEMENT - RICH MEDIA STORE LOCATOR - Fall Handbag_Run of Network_Geo_F25-54_300 x 250_Click and View_NV_NA,204442093,10/13/2017,19611,316,19295,3052,16243,105,16138,15127,1011,3157,2959,18086
TJN_TJX_TJMaxx 2H DIG_FY18,Conversant Inc.,PJPWC1_TJN_TJX_028_Audience_CONVERSANT_DST_SV1_MAP_NET_DSP_TRG_RON_BTG_BTG_DVY_PHASE 1_ SMARTPHONE MEDIUM RECTANGLE  - CJ INTERACTORS LAL MODELING_Run of Site_Behavioral_P18+_300 x 250_Standard_NV_NA,204483942,10/13/2017,27555,460,27095,82,27013,4022,22991,5995,16996,4104,1070,7065
TJN_TJX_TJMaxx 2H DIG_FY18,xAd Inc.,PJPXJY_TJN_TJX_028_Mobile_GROUND TRUTH FKA XAD_DST_SV1_MAP_DIR_DSP_TRG_RON_BTG_BTG_DVY_PHASE 1_BEHAVIORAL AUDIENCE STRATEGIC SAVERS PLACEMENT - STANDARD BANNER - Fall Hero_Run of Network_Behavioral_F25-54_300 x 250_Click and View_NV_NA,204484017,10/9/2017,8332,106,8226,8224,2,0,2,1,1,8224,4112,4113
TJN_MAR_023_Marshalls 2H Digital_F18,Bustle,PK5G3Z_TJN_MAR_023_Content_BUSTLE_RON - Bustle & Elite Daily 3rd Party Data Targeted & Keyword Targeted - Panoramic_Run of Network_Contextual_F25-54_1 x 1_Click and View_NV_NA,206333610,10/13/2017,174972,4117,170855,2874,167981,97348,70633,45489,25144,100222,64545,110034
TJN_TJX_TJMaxx 2H DIG_FY18,Viant,"PJNSGR_TJN_TJX_028_Data_VIANT INC_DSI_SV1_TWB_DIR_DSP_TRG_RON_BTG_CTG_DVY_PHASE 1_VIANT DIRECT MATCH RETAIL, TJX PORFOLIO LOYALISTS, DISPLAY_Fixed Placement_Behavioral_F25-54_160 x 600_Standard_NV_NA",204478520,10/9/2017,50,2,48,0,48,8,40,20,20,8,4,24
TJN_TJX_TJMaxx 2H DIG_FY18,Viant,"PJNSHG_TJN_TJX_028_Data_VIANT INC_DSI_SV1_DSK_DIR_DSP_TRG_RON_BTG_CTG_DVY_PHASE 1_VIANT DIRECT MATCH RETAIL, COMPETITIVE CONQUESTING, DISPLAY_Fixed Placement_Behavioral_F25-54_728 x 90_Standard_NV_NA",204478490,9/15/2017,1609,100,1509,0,1509,129,1380,1128,252,129,105,1233
TJN_TJX_TJMaxx 2H DIG_FY18,Viant,PJPXKS_TJN_TJX_028_Data_VIANT INC_DSI_SV1_DSK_DIR_DSP_TRG_RON_BTG_CTG_DVY_PHASE 1_DESKTOP DISPLAY VIANT IMP TARGETING - STRATEGIC SAVERS AV_Fixed Placement_Demo_F25-54_160 x 600_Standard_NV_NA,204477475,9/15/2017,1115,172,943,0,943,172,771,700,71,172,156,856
TJN_TJX_TJMaxx 2H DIG_FY18,Viant,"PJSPBS_TJN_TJC_031_Data_VIANT INC_PUR_ROI_DSK_DIR_DSP_TRG_RON_BTG_MKT_DVY_DETERMINSTIC LAL OF ECOM CONVERTERS, CROSS DEVICE DISPLAY_Fixed Placement_Behavioral_F25-54_728 x 90_Click_NV_NA",204733518,10/11/2017,46938,3910,43028,5,43023,1750,41273,34169,7104,1755,1453,35622
TJN_TJX_TJMaxx 2H DIG_FY18,Viant,"PK2V4Y_TJN_TJX_028_Data_VIANT INC_DSI_SV1_MWB_DIR_RCH_TRG_INT_BTG_CTG_DVY_PHASE 1_VIANT IMP, W25-54 STRATEGIC SAVERS, CONTOBOX - Fall Homes_Fixed Placement_Behavioral_F25-54_320 x 50_Click and View_NV_NA",205685980,10/16/2017,452,7,445,6,439,82,357,203,154,88,50,253
TJN_TJX_TJMaxx 2H DIG_FY18,xAd Inc.,PJMTN2_TJN_TJX_028_Mobile_GROUND TRUTH FKA XAD_DST_SV1_MAP_DIR_DSP_TRG_RON_RTG_RTG_DVY_PHASE 1_LOCATION AUDIENCE COMPETITIVE CONQUESTING PLACEMENT - STANDARD BANNER - Fall Handbag_Run of Network_Retarget_F25-54_300 x 250_Click and View_NV_NA,204447824,10/18/2017,6935,73,6862,6861,1,0,1,0,1,6861,0,0
TJN_TJX_TJMaxx 2H DIG_FY18,xAd Inc.,PJPXJR_TJN_TJX_028_Mobile_GROUND TRUTH FKA XAD_DST_SV1_MAP_DIR_DSP_TRG_RON_RTG_RTG_DVY_PHASE 1_LOCATION AUDIENCE TJX SHOPPERS PLACEMENT - STANDARD BANNER - Fall Hero_Run of Network_Retarget_F25-54_300 x 250_Click and View_NV_NA,204442105,10/16/2017,1,0,1,1,0,0,0,0,0,1,1,1
TJN_TJX_TJMaxx 2H DIG_FY18,Viant,"PJSPBS_TJN_TJC_031_Data_VIANT INC_PUR_ROI_DSK_DIR_DSP_TRG_RON_BTG_MKT_DVY_DETERMINSTIC LAL OF ECOM CONVERTERS, CROSS DEVICE DISPLAY_Fixed Placement_Behavioral_F25-54_728 x 90_Click_NV_NA",204733518,10/6/2017,3554,314,3240,0,3240,101,3139,2737,402,101,88,2825
TJN_TJX_TJMaxx 2H DIG_FY18,xAd Inc.,PJMTNB_TJN_TJX_028_Mobile_GROUND TRUTH FKA XAD_DST_SV1_MAP_DIR_DSP_TRG_RON_BTG_BTG_DVY_PHASE 1_BEHAVIORAL AUDIENCE TRENDSETTERS PLACEMENT - STANDARD BANNER - Fall Handbag_Run of Network_Behavioral_F25-54_300 x 250_Click and View_NV_NA,204447833,10/17/2017,8494,92,8402,8402,0,0,0,0,0,8402,7130,7130
TJN_TJX_TJMaxx 2H DIG_FY18,xAd Inc.,PJPXK1_TJN_TJX_028_Mobile_GROUND TRUTH FKA XAD_DST_SV1_MAP_DIR_DSP_TRG_RON_PXT_PXT_DVY_PHASE 1_PROXIMITY LOYALTY PLACEMENT - STANDARD BANNER - TJMaxx_Run of Network_Geo_F25-54_320 x 50_Click and View_NV_NA,204483996,9/17/2017,46537,702,45835,13994,31841,12430,19411,14692,4719,26424,20178,34870
TJN_TJX_TJMaxx 2H DIG_FY18,Foursquare,"PJPSSX_TJN_TJX_028_Audience_FOURSQUARE LABS, INC_DST_SV1_MAP_PRO_RCH_TRG_RON_PXT_BTG_DVY_PHASE 1_MOBILE RICH MEDIA TRENDSETTERS - Fall Handbag_Run of Network_Geo_F25-54_300 x 250_Standard_NV_NA",204525354,9/21/2017,4657,198,4459,1152,3307,225,3082,746,2336,1377,333,1079
TJN_TJX_TJMaxx 2H DIG_FY18,xAd Inc.,PJPXJS_TJN_TJX_028_Mobile_GROUND TRUTH FKA XAD_DST_SV1_MAP_DIR_DSP_TRG_RON_RTG_RTG_DVY_PHASE 1_LOCATION AUDIENCE COMPETITIVE CONQUESTING PLACEMENT - STANDARD BANNER - Fall Hero_Run of Network_Retarget_F25-54_300 x 250_Click and View_NV_NA,204446153,10/15/2017,7744,216,7528,7414,114,3,111,98,13,7417,6548,6646
TJN_TJX_TJMaxx 2H DIG_FY18,Conversant Inc.,PJPTLM_TJN_TJC_031_Audience_CONVERSANT_PUR_ROI_MAP_NET_DSP_TRG_RON_BTG_BTG_DVY_SMARTPHONE SMALL BANNER - TRENDSETTERS_Run of Site_Other_P18+_320 x 50_Standard_NV_NA,204447785,10/12/2017,70547,898,69649,4,69645,5943,63702,54795,8907,5947,5115,59910
TJN_TJX_TJMaxx 2H DIG_FY18,Conversant Inc.,PJPWP9_TJN_TJX_028_Audience_CONVERSANT_DST_SV1_DSK_NET_DSP_TRG_RON_BTG_BTG_DVY_PHASE 1_ DESKTOP MEDIUM RECTANGLE - CONVERSANT SHOPPERS AV_Run of Site_Behavioral_P18+_300 x 250_Standard_NV_NA,204483957,10/21/2017,1409,55,1354,0,1354,372,982,327,655,372,124,451
TJN_TJX_TJMaxx 2H DIG_FY18,Conversant Inc.,PJNPMJ_TJN_TJC_031_Audience_CONVERSANT_PUR_ROI_MAP_NET_DSP_TRG_RON_BTG_BTG_DVY_SMARTPHONE MEDIUM RECTANGLE - STRATEGIC SAVERS_Run of Site_Other_P18+_300 x 250_Standard_NV_NA,204442063,10/18/2017,361,8,353,0,353,74,279,105,174,74,28,133
TJN_TJX_TJMaxx 2H DIG_FY18,Foursquare,"PJPSSW_TJN_TJX_028_Audience_FOURSQUARE LABS, INC_DST_SV1_MAP_PRO_RCH_TRG_RON_PXT_BTG_DVY_PHASE 1_MOBILE RICH MEDIA STRATEGIC SAVERS - Find A TJ Maxx Store_Run of Network_Geo_F25-54_320 x 50_Standard_NV_NA",204525357,10/11/2017,35026,1206,33820,8762,25058,1794,23264,12917,10347,10556,5861,18778
TJN_TJX_TJMaxx 2H DIG_FY18,Foursquare,"PJYHWF_TJN_TJX_028_Audience_FOURSQUARE LABS, INC_DST_SV1_MAP_PRO_DSP_TRG_RON_PXT_BTG_DVY_PHASE 1_PINPOINT COMPETITIVE CONQUESTING_Run of Network_Geo_F25-54_320 x 50_Standard_NV_NA",205183220,9/27/2017,165093,10253,154840,120484,34356,923,33433,27938,5495,121407,101453,129391
TJN_MAR_023_Marshalls 2H Digital_F18,Spotify USA Inc.,PK0HLF_TJN_MAR_023_Audience_SPOTIFY USA INC_DST_SV2_MAP_DIR_DSP_TRG_CMP_DMA_PXT_DVY_MOBILE AUDIO COMPANION BANNER 640X640_Run of Site_Geo_F25-54_640 x 640_Click and View_NV_NA,205566308,9/26/2017,11,1,10,10,0,0,0,0,0,10,9,9
TJN_TJX_TJMaxx 2H DIG_FY18,NBC Universal Media,PK2KJZ_TJN_TJX_028_Content_NBCUNI.COM_BAF_BS2_MAP_DIR_VID_SPN_ROS_BTG_CTG_MOA_THIS IS US SPONSORSHIP: MOBILE - VIGNETTE 3_Run of Site_Behavioral_F25-54_1920 x 1080_Click and View_NV_NA,205568891,10/14/2017,12786,64,12722,12722,0,0,0,0,0,12722,9104,9104
TJN_TJX_TJMaxx 2H DIG_FY18,PlaceIQ,PKF0S1_TJN_TJX_028_Mobile_PLACEIQ INC_DST_SV1_MAP_DIR_DSP_TRG_RON_BTG_PXT_DVY_PHASE 1_STANDARD BANNER_TJX PROXIMITY LOYALISTS_WORK BY TJMAXX - Booties_Run of Network_Behavioral_F25-54_300 x 250_Click and View_NV_NA,206833239,10/20/2017,145,15,130,59,71,0,71,70,1,59,58,128
TJN_TJX_TJMaxx 2H DIG_FY18,Conversant Inc.,PJPTLN_TJN_TJC_031_Audience_CONVERSANT_PUR_ROI_MAP_NET_DSP_TRG_RON_BTG_BTG_DVY_SMARTPHONE MEDIUM RECTANGLE - TRENDSETTERS_Run of Site_Other_P18+_300 x 250_Standard_NV_NA,204446141,10/19/2017,988,21,967,0,967,200,767,193,574,200,50,243
TJN_TJX_TJMaxx 2H DIG_FY18,Hulu,PK3F7J_TJN_TJX_027_Content_HULU_BAF_BS2_TAP_DIR_CUS_SPN_CHS_CTG_CTG_DVY_HULU ROS: PREMIUM SLATE - TABLET IN APP_FEP_Contextual_F25-54_1920 x 1080_Standard_NV_NA,205725864,9/25/2017,2,0,2,2,0,0,0,0,0,2,1,1
TJN_TJX_TJMaxx 2H DIG_FY18,Hulu,PK3DG6_TJN_TJX_027_Content_HULU_BAF_BS2_TWB_DIR_VID_SPN_CHS_CTG_CTG_DVY_FALL TV SPONSORSHIP: MASTHEAD BRAND - CONNECTED TV_FEP_Contextual_F25-54_1 x 1_Standard_NV_NA,205634534,9/27/2017,5,0,5,5,0,0,0,0,0,5,4,4
TJN_TJX_TJMaxx 2H DIG_FY18,Conversant Inc.,PJNPMH_TJN_TJC_031_Audience_CONVERSANT_PUR_ROI_MAP_NET_DSP_TRG_RON_BTG_BTG_DVY_SMARTPHONE SMALL BANNER - STRATEGIC SAVERS_Run of Site_Other_P18+_320 x 50_Standard_NV_NA,204442066,10/6/2017,25571,570,25001,1,25000,4054,20946,13963,6983,4055,2703,16666
TJN_TJX_TJMaxx 2H DIG_FY18,Viant,"PK2X7F_TJN_TJX_028_Data_VIANT INC_DSI_SV1_DSK_DIR_RCH_TRG_INT_BTG_CTG_DVY_PHASE 1_VIANT IMP, W25-54 STRATEGIC SAVERS, CONTOBOX - Honeycomb_Fixed Placement_Behavioral_F25-54_728 x 90_Click and View_NV_NA",205727841,10/10/2017,13306,695,12611,5,12606,720,11886,3730,8156,725,228,3958
TJN_TJX_TJMaxx 2H DIG_FY18,Hulu,PK3DG3_TJN_TJX_027_Content_HULU_BAF_BS2_PKG_DIR_VID_SPN_CHS_CTG_CTG_DVY_FALL TV SPONSORSHIP:MASTHEAD BRAND - DESKTOP_FEP_Contextual_F25-54_1 x 1_Standard_NV_NA,205685902,10/14/2017,1,0,1,1,0,0,0,0,0,1,1,1
TJN_TJX_TJMaxx 2H DIG_FY18,Viant,"PK2V4Z_TJN_TJX_028_Data_VIANT INC_DSI_SV1_MWB_DIR_RCH_TRG_INT_BTG_CTG_DVY_PHASE 1_VIANT IMP, W25-54 STRATEGIC SAVERS, CONTOBOX - Fall Homes_Fixed Placement_Behavioral_F25-54_300 x 250_Click and View_NV_NA",205726911,10/11/2017,65,47,18,4,14,4,10,9,1,8,7,16
TJN_MAR_023_Marshalls 2H Digital_F18,xAd Inc.,PJQ0YL_TJN_MAR_023_Mobile_GROUND TRUTH FKA XAD_DST_SV1_MAP_DIR_DSP_TRG_RON_BTG_PXT_DVY_COMPETITOR SHOPPERS - DYNAMIC DISTANCE_Run of Network_Geo_F25-54_320 x 50_Click and View_NV_NA,204595638,10/18/2017,7355,82,7273,4539,2734,79,2655,2482,173,4618,4316,6798
TJN_TJX_TJMaxx 2H DIG_FY18,Conversant Inc.,PJPWC1_TJN_TJX_028_Audience_CONVERSANT_DST_SV1_MAP_NET_DSP_TRG_RON_BTG_BTG_DVY_PHASE 1_ SMARTPHONE MEDIUM RECTANGLE  - CJ INTERACTORS LAL MODELING_Run of Site_Behavioral_P18+_300 x 250_Standard_NV_NA,204483942,9/19/2017,6,6,0,0,0,0,0,0,0,0,0,0
TJN_TJX_TJMaxx 2H DIG_FY18,Foursquare,"PJPQKZ_TJN_TJX_028_Audience_FOURSQUARE LABS, INC_DST_SV1_MAP_PRO_DSP_TRG_RON_PXT_BTG_DVY_PHASE 1_PINPOINT TRENDSETTERS_Run of Network_Geo_F25-54_300 x 250_Standard_NV_NA",204481813,9/29/2017,8880,722,8158,3253,4905,268,4637,2467,2170,3521,1873,4340
TJN_TJX_TJMaxx 2H DIG_FY18,Viant,"PK2V50_TJN_TJX_028_Data_VIANT INC_DSI_SV1_DSK_DIR_RCH_TRG_INT_BTG_CTG_DVY_PHASE 1_VIANT IMP, W25-54 STRATEGIC SAVERS, CONTOBOX - Fall Homes_Fixed Placement_Behavioral_F25-54_160 x 600_Click and View_NV_NA",205726908,9/29/2017,106,8,98,1,97,16,81,32,49,17,7,39
TJN_TJX_TJMaxx 2H DIG_FY18,Viant,"PJNSGV_TJN_TJX_028_Data_VIANT INC_DSI_SV1_DSK_DIR_DSP_TRG_RON_BTG_CTG_DVY_PHASE 1_VIANT DIRECT MATCH RETAIL, TJX PORFOLIO LOYALISTS, DISPLAY_Fixed Placement_Behavioral_F25-54_728 x 90_Standard_NV_NA",204478511,10/15/2017,15793,322,15471,2,15469,364,15105,12581,2524,366,305,12886
TJN_TJX_TJMaxx 2H DIG_FY18,xAd Inc.,PJPXK1_TJN_TJX_028_Mobile_GROUND TRUTH FKA XAD_DST_SV1_MAP_DIR_DSP_TRG_RON_PXT_PXT_DVY_PHASE 1_PROXIMITY LOYALTY PLACEMENT - STANDARD BANNER - TJMaxx_Run of Network_Geo_F25-54_320 x 50_Click and View_NV_NA,204483996,9/30/2017,42018,765,41253,36168,5085,220,4865,3971,894,36388,15407,19378
TJN_TJX_TJMaxx 2H DIG_FY18,Conversant Inc.,PJPWBY_TJN_TJX_028_Audience_CONVERSANT_DST_SV1_MAP_NET_DSP_TRG_RON_BTG_BTG_DVY_PHASE 1_ SMARTPHONE SMALL BANNER  - CJ INTERACTORS LAL MODELING_Run of Site_Behavioral_P18+_320 x 50_Standard_NV_NA,204442030,10/14/2017,74235,968,73267,419,72848,10296,62552,37058,25494,10715,6348,43406
TJN_TJX_TJMaxx 2H DIG_FY18,Viant,"PJNSGM_TJN_TJX_028_Data_VIANT INC_DSI_SV1_TWB_DIR_DSP_TRG_RON_BTG_CTG_DVY_PHASE 1_VIANT DIRECT MATCH RETAIL, TJX PORFOLIO LOYALISTS, DISPLAY_Fixed Placement_Behavioral_F25-54_728 x 90_Standard_NV_NA",204526722,10/20/2017,11891,65,11826,0,11826,1217,10609,4490,6119,1217,515,5005
TJN_TJX_TJMaxx 2H DIG_FY18,Conversant Inc.,PJNPMK_TJN_TJC_031_Audience_CONVERSANT_PUR_ROI_DSK_NET_DSP_TRG_RON_BTG_BTG_DVY_DESKTOP LEADERBOARD- STRATEGIC SAVERS_Run of Site_Other_P18+_728 x 90_Standard_NV_NA,204447263,10/21/2017,2037,66,1971,0,1971,403,1568,908,660,403,233,1141
TJN_MAR_023_Marshalls 2H Digital_F18,xAd Inc.,PJQ0YC_TJN_MAR_023_Mobile_GROUND TRUTH FKA XAD_DST_SV1_MAP_DIR_DSP_TRG_RON_PXT_BTG_DVY_PROXIMITY CONQUESTING - DYNAMIC DISTANCE_Run of Network_Geo_F25-54_300 x 250_Click and View_NV_NA,204595923,9/8/2017,7729,73,7656,7656,0,0,0,0,0,7656,6125,6125
TJN_TJX_TJMaxx 2H DIG_FY18,Viant,"PJNSH8_TJN_TJX_028_Data_VIANT INC_DSI_SV1_TWB_DIR_DSP_TRG_RON_BTG_CTG_DVY_PHASE 1_VIANT DIRECT MATCH RETAIL, COMPETITIVE CONQUESTING, DISPLAY_Fixed Placement_Behavioral_F25-54_728 x 90_Standard_NV_NA",204483019,9/19/2017,794,2,792,0,792,95,697,325,372,95,44,369
TJN_MAR_023_Marshalls 2H Digital_F18,xAd Inc.,PJQ0YQ_TJN_MAR_023_Mobile_GROUND TRUTH FKA XAD_DST_SV1_MAP_DIR_DSP_TRG_RON_PXT_BTG_DVY_GEOBLOCKS CONQUESTING - DYNAMIC DISTANCE_Run of Network_Geo_F25-54_320 x 50_Click and View_NV_NA,204595632,9/13/2017,18550,342,18208,11914,6294,1305,4989,4496,493,13219,9936,14432
TJN_TJX_TJMaxx 2H DIG_FY18,xAd Inc.,PJMTN0_TJN_TJX_028_Mobile_GROUND TRUTH FKA XAD_DST_SV1_MAP_DIR_DSP_TRG_RON_RTG_RTG_DVY_PHASE 1_LOCATION AUDIENCE TJX SHOPPERS PLACEMENT - STANDARD BANNER - Fall Handbag_Run of Network_Retarget_F25-54_300 x 250_Click and View_NV_NA,204447842,9/19/2017,12181,357,11824,11817,7,1,6,6,0,11818,11818,11824
TJN_MAR_023_Marshalls 2H Digital_F18,xAd Inc.,PJQ0YB_TJN_MAR_023_Mobile_GROUND TRUTH FKA XAD_DST_SV1_MAP_DIR_DSP_TRG_RON_PXT_BTG_DVY_PROXIMITY CONQUESTING - DYNAMIC DISTANCE_Run of Network_Geo_F25-54_320 x 50_Click and View_NV_NA,204541799,10/12/2017,6325,90,6235,4722,1513,137,1376,1198,178,4859,4046,5244
TJN_MAR_023_Marshalls 2H Digital_F18,xAd Inc.,PJQ0YQ_TJN_MAR_023_Mobile_GROUND TRUTH FKA XAD_DST_SV1_MAP_DIR_DSP_TRG_RON_PXT_BTG_DVY_GEOBLOCKS CONQUESTING - DYNAMIC DISTANCE_Run of Network_Geo_F25-54_320 x 50_Click and View_NV_NA,204595632,10/13/2017,12695,188,12507,9156,3351,1118,2233,1040,1193,10274,4785,5825
TJN_TJX_TJMaxx 2H DIG_FY18,Conversant Inc.,PJNPMG_TJN_TJC_031_Audience_CONVERSANT_PUR_ROI_DSK_NET_DSP_TRG_RON_BTG_BTG_DVY_DESKTOP WIDE SKYSCRAPER- STRATEGIC SAVERS_Run of Site_Other_P18+_160 x 600_Standard_NV_NA,204443410,10/2/2017,3,0,3,0,3,0,3,0,3,0,0,0
TJN_MAR_023_Marshalls 2H Digital_F18,xAd Inc.,PJQ0YH_TJN_MAR_023_Mobile_GROUND TRUTH FKA XAD_DST_SV1_MAP_DIR_DSP_TRG_RON_BTG_DMA_DVY_BEHAVIORAL - FASHION SHOPPER - DYNAMIC DISTANCE_Run of Network_Behavioral_F25-54_300 x 250_Click and View_NV_NA,204543443,9/18/2017,12762,511,12251,12247,4,0,4,0,4,12247,0,0
TJN_TJX_TJMaxx 2H DIG_FY18,Viant,"PJNSH7_TJN_TJX_028_Data_VIANT INC_DSI_SV1_MWB_DIR_DSP_TRG_RON_BTG_CTG_DVY_PHASE 1_VIANT DIRECT MATCH RETAIL, COMPETITIVE CONQUESTING, DISPLAY_Fixed Placement_Behavioral_F25-54_320 x 50_Standard_NV_NA",204477565,9/23/2017,22526,341,22185,8,22177,1160,21017,16370,4647,1168,910,17280
TJN_TJX_TJMaxx 2H DIG_FY18,Foursquare,"PK0H7Z_TJN_TJX_028_Audience_FOURSQUARE LABS, INC_DST_SV1_MAP_PRO_RCH_TRG_RON_PXT_BTG_DVY_PHASE 1_MOBILE RICH MEDIA STRATEGIC SAVERS - Fall Honeycomb_Run of Network_Geo_F25-54_300 x 250_Standard_NV_NA",205341980,9/21/2017,6346,358,5988,1723,4265,299,3966,894,3072,2022,456,1350
TJN_TJX_TJMaxx 2H DIG_FY18,NBC Universal Media,PK3H7Q_TJN_TJX_028_Content_NBCUNI.COM_BAF_BS2_DSK_DIR_DSP_SPN_HPT_CTG_CTG_DCM_100% SOV NBC THIS IS US ROADBLOCK 10/17 - 728X90 MOBILE_HP Takeover_Contextual_F25-54_728 x 90_Standard_NV_NA,205685944,10/20/2017,1,1,0,0,0,0,0,0,0,0,0,0
TJN_TJX_TJMaxx 2H DIG_FY18,Conversant Inc.,PJNPLZ_TJN_TJX_028_Audience_CONVERSANT_DST_SV1_MAP_NET_DSP_TRG_RON_BTG_BTG_DVY_PHASE 1_ SMARTPHONE SMALL BANNER  - CJ CONVERTERS LAL MODELING_Run of Site_Behavioral_P18+_320 x 50_Standard_NV_NA,204442891,10/8/2017,31452,394,31058,22,31036,4241,26795,16101,10694,4263,2562,18663
TJN_TJX_TJMaxx 2H DIG_FY18,xAd Inc.,PJPXJQ_TJN_TJX_028_Mobile_GROUND TRUTH FKA XAD_DST_SV1_MAP_DIR_DSP_TRG_RON_RTG_RTG_DVY_PHASE 1_LOCATION AUDIENCE TJX SHOPPERS PLACEMENT - STANDARD BANNER - TJMaxx_Run of Network_Retarget_F25-54_320 x 50_Click and View_NV_NA,204447839,9/7/2017,34890,478,34412,3892,30520,19518,11002,8443,2559,23410,18077,26520
TJN_TJX_TJMaxx 2H DIG_FY18,Viant,"PK2V4V_TJN_TJX_028_Data_VIANT INC_DSI_SV1_TWB_DIR_RCH_TRG_INT_BTG_CTG_DVY_PHASE 1_VIANT IMP, W25-54 STRATEGIC SAVERS, CONTOBOX - Fall Homes_Fixed Placement_Behavioral_F25-54_728 x 90_Click and View_NV_NA",205725966,10/10/2017,2528,11,2517,9,2508,234,2274,638,1636,243,68,706
TJN_TJX_TJMaxx 2H DIG_FY18,Conversant Inc.,PJPTMN_TJN_TJC_031_Audience_CONVERSANT_PUR_ROI_MAP_NET_DSP_TRG_RON_BTG_BTG_DVY_SMARTPHONE MEDIUM RECTANGLE - COMPETITIVE CONQUESTING_Run of Site_Other_P18+_300 x 250_Standard_NV_NA,204447221,9/29/2017,17,0,17,0,17,2,15,8,7,2,1,9
TJN_TJX_TJMaxx 2H DIG_FY18,xAd Inc.,PJMTMZ_TJN_TJX_028_Mobile_GROUND TRUTH FKA XAD_DST_SV1_MAP_DIR_DSP_TRG_RON_RTG_RTG_DVY_PHASE 1_LOCATION AUDIENCE TJX SHOPPERS PLACEMENT - STANDARD BANNER - Maxx You Maxx Life_Run of Network_Retarget_F25-54_320 x 50_Click and View_NV_NA,204484011,9/19/2017,33251,461,32790,12617,20173,630,19543,17010,2533,13247,11097,28107
TJN_TJX_TJMaxx 2H DIG_FY18,Foursquare,"PK0H84_TJN_TJX_028_Audience_FOURSQUARE LABS, INC_DST_SV1_MAP_PRO_RCH_TRG_RON_PXT_BTG_DVY_PHASE 1_MOBILE RICH MEDIA COMPETITIVE CONQUESTING - Find A Store_Run of Network_Geo_F25-54_320 x 50_Standard_NV_NA",205427847,10/8/2017,30037,552,29485,22173,7312,874,6438,4503,1935,23047,16120,20623
TJN_TJX_TJMaxx 2H DIG_FY18,NBC Universal Media,PK3H7J_TJN_TJX_028_Content_NBCUNI.COM_BAF_BS2_DSK_DIR_DSP_SPN_HPT_CTG_CTG_DCM_100% SOV NBC THIS IS US ROADBLOCK 9/26 - 728X90 MOBILE_HP Takeover_Contextual_F25-54_728 x 90_Standard_NV_NA,205727727,9/26/2017,5536,46,5490,137,5353,229,5124,4072,1052,366,291,4363
TJN_MAR_023_Marshalls 2H Digital_F18,Bustle,PK5G3V_TJN_MAR_023_Content_BUSTLE_Native Content Module - Fall Fashion Finds Topics Page_Run of Site_Contextual_F25-54_1 x 1_Click and View_NV_NA,206334768,10/19/2017,4429,111,4318,2,4316,3944,372,292,80,3946,3097,3389
TJN_TJX_TJMaxx 2H DIG_FY18,Conversant Inc.,PJPWPH_TJN_TJX_028_Audience_CONVERSANT_DST_SV1_MAP_NET_DSP_TRG_RON_BTG_BTG_DVY_PHASE 1_ SMARTPHONE MEDIUM RECTANGLE  - CONVERSANT SHOPPERS AV_Run of Site_Behavioral_P18+_300 x 250_Standard_NV_NA,204442060,9/18/2017,535,6,529,0,529,73,456,216,240,73,35,251
TJN_MAR_023_Marshalls 2H Digital_F18,NinthDecimal,PJPSRS_TJN_MAR_023_Mobile_NINTHDECIMAL_DST_SV1_MAP_DIR_RCH_TRG_RON_PXT_DMA_DVY_GEOFENCE: 5-10-MILE RADIUS AROUND SUBURBAN STORES_Run of Network_Geo_F25-54_320 x 50_Click and View_NV_NA,204541748,9/22/2017,527689,16767,510922,182007,328915,2144,326771,317663,9108,184151,179018,496681
TJN_MAR_023_Marshalls 2H Digital_F18,xAd Inc.,PJQ0YD_TJN_MAR_023_Mobile_GROUND TRUTH FKA XAD_DST_SV1_MAP_DIR_RCH_TRG_RON_WEA_PXT_DVY_PROXIMITY CONQUESTING - WEATHER LOCATOR UNIT_Run of Network_Weather_F25-54_320 x 50_Click and View_NV_NA,204541553,10/8/2017,10616,260,10356,3278,7078,202,6876,6211,665,3480,3143,9354
TJN_TJX_TJMaxx 2H DIG_FY18,Viant,"PJNSGW_TJN_TJX_028_Data_VIANT INC_DSI_SV1_DSK_DIR_DSP_TRG_RON_BTG_CTG_DVY_PHASE 1_VIANT DIRECT MATCH RETAIL, TJX PORFOLIO LOYALISTS, DISPLAY_Fixed Placement_Behavioral_F25-54_300 x 250_Standard_NV_NA",204478514,10/6/2017,10543,501,10042,0,10042,433,9609,6555,3054,433,295,6850
TJN_TJX_TJMaxx 2H DIG_FY18,PlaceIQ,PK19Z0_TJN_TJX_028_Mobile_PLACEIQ INC_DST_SV1_MAP_DIR_RCH_TRG_RON_BTG_PTG_DVY_PHASE 1_RICH MEDIA_STRATEGIC SAVERS_APPAREL OR FURNISHINGS DISCRETIONARY SPEND+IMPULSE BUYER SHOPPERS_Run of Network_Behavioral_F25-54_320 x 50_Click and View_NV_NA,205563158,10/10/2017,37270,961,36309,13035,23274,674,22600,22197,403,13709,13465,35662
TJN_TJX_TJMaxx 2H DIG_FY18,xAd Inc.,PKF4ND_TJN_TJX_028_Mobile_GROUND TRUTH FKA XAD_DST_SV1_MAP_DIR_RCH_TRG_RON_BTG_BTG_DVY_PHASE 1_BEHAVIORAL AUDIENCE TRENDSETTERS PLACEMENT - RICH MEDIA STORE LOCATOR - Dresses_Run of Network_Behavioral_F25-54_300 x 250_Click and View_NV_NA,206812747,10/17/2017,1184,20,1164,13,1151,4,1147,1085,62,17,16,1101
TJN_MAR_023_Marshalls 2H Digital_F18,xAd Inc.,PJQ0Y7_TJN_MAR_023_Mobile_GROUND TRUTH FKA XAD_DST_SV1_MAP_DIR_DSP_TRG_RON_PXT_BTG_DVY_PROXIMITY LOYALTY - DYNAMIC DISTANCE_Run of Network_Geo_F25-54_300 x 250_Click and View_NV_NA,204541754,9/4/2017,31,0,31,0,31,4,27,27,0,4,4,31
TJN_TJX_TJMaxx 2H DIG_FY18,Viant,"PJNSGS_TJN_TJX_028_Data_VIANT INC_DSI_SV1_MWB_DIR_DSP_TRG_RON_BTG_CTG_DVY_PHASE 1_VIANT DIRECT MATCH RETAIL, TJX PORFOLIO LOYALISTS, DISPLAY_Fixed Placement_Behavioral_F25-54_320 x 50_Standard_NV_NA",204524922,10/5/2017,22304,207,22097,2,22095,1390,20705,16015,4690,1392,1077,17092
TJN_TJX_TJMaxx 2H DIG_FY18,xAd Inc.,PKF5KK_TJN_TJX_028_Mobile_GROUND TRUTH FKA XAD_DST_SV1_MAP_DIR_DSP_TRG_RON_RTG_RTG_DVY_PHASE 1_LOCATION AUDIENCE TJX SHOPPERS PLACEMENT - STANDARD BANNER - Booties_Run of Network_Retarget_F25-54_300 x 250_Click and View_NV_NA,206813071,10/18/2017,2099,29,2070,2070,0,0,0,0,0,2070,2070,2070
TJN_TJX_TJMaxx 2H DIG_FY18,PlaceIQ,PK18V9_TJN_TJX_028_Mobile_PLACEIQ INC_DST_SV1_MAP_DIR_DSP_TRG_RON_BTG_PXT_DVY_PHASE 1_STANDARD BANNER_TJX PROXIMITY LOYALISTS_LIVE BY TJMAXX - Maxx You Maxx Life_Run of Network_Behavioral_F25-54_320 x 50_Click and View_NV_NA,205661862,10/12/2017,31114,558,30556,15410,15146,133,15013,14656,357,15543,15173,29829
TJN_TJX_TJMaxx 2H DIG_FY18,Foursquare,"PJPRVH_TJN_TJX_028_Audience_FOURSQUARE LABS, INC_DST_SV1_MAP_PRO_DSP_TRG_RON_PXT_BTG_DVY_PHASE 1_PINPOINT COMPETITIVE CONQUESTING AV_Run of Network_Geo_F25-54_320 x 50_Standard_NV_NA",204478088,10/9/2017,4191,73,4118,2110,2008,77,1931,1591,340,2187,1802,3393
TJN_TJX_TJMaxx 2H DIG_FY18,NBC Universal Media,PK2KL1_TJN_TJX_028_Content_NBCUNI.COM_BAF_BS2_OTT_DIR_VID_SPN_ROS_BTG_CTG_MOA_THIS IS US SPONSORSHIP: OTT - VIGNETTE 3_Run of Site_Behavioral_F25-54_1920 x 1080_Click and View_NV_NA,205614505,10/14/2017,100083,136,99947,99947,0,0,0,0,0,99947,71526,71526
TJN_TJX_TJMaxx 2H DIG_FY18,Conversant Inc.,PJPTLL_TJN_TJC_031_Audience_CONVERSANT_PUR_ROI_DSK_NET_DSP_TRG_RON_BTG_BTG_DVY_DESKTOP WIDE SKYSCRAPER- TRENDSETTERS_Run of Site_Other_P18+_160 x 600_Standard_NV_NA,204447269,10/8/2017,8874,293,8581,0,8581,2559,6022,1802,4220,2559,766,2568
TJN_TJX_TJMaxx 2H DIG_FY18,Viant,"PJNSH8_TJN_TJX_028_Data_VIANT INC_DSI_SV1_TWB_DIR_DSP_TRG_RON_BTG_CTG_DVY_PHASE 1_VIANT DIRECT MATCH RETAIL, COMPETITIVE CONQUESTING, DISPLAY_Fixed Placement_Behavioral_F25-54_728 x 90_Standard_NV_NA",204483019,9/13/2017,1735,228,1507,0,1507,1057,450,408,42,1057,958,1366
TJN_TJX_TJMaxx 2H DIG_FY18,Viant,"PJSPBR_TJN_TJC_031_Data_VIANT INC_PUR_ROI_DSK_DIR_DSP_TRG_RON_BTG_MKT_DVY_DETERMINSTIC LAL OF ECOM CONVERTERS, CROSS DEVICE DISPLAY_Fixed Placement_Behavioral_F25-54_300 x 250_Click_NV_NA",204715645,10/14/2017,4607,281,4326,1,4325,216,4109,3183,926,217,168,3351
TJN_TJX_TJMaxx 2H DIG_FY18,xAd Inc.,PJMTN0_TJN_TJX_028_Mobile_GROUND TRUTH FKA XAD_DST_SV1_MAP_DIR_DSP_TRG_RON_RTG_RTG_DVY_PHASE 1_LOCATION AUDIENCE TJX SHOPPERS PLACEMENT - STANDARD BANNER - Fall Handbag_Run of Network_Retarget_F25-54_300 x 250_Click and View_NV_NA,204447842,9/13/2017,12528,551,11977,11963,14,0,14,3,11,11963,2564,2567
TJN_MAR_023_Marshalls 2H Digital_F18,xAd Inc.,PJQ0YQ_TJN_MAR_023_Mobile_GROUND TRUTH FKA XAD_DST_SV1_MAP_DIR_DSP_TRG_RON_PXT_BTG_DVY_GEOBLOCKS CONQUESTING - DYNAMIC DISTANCE_Run of Network_Geo_F25-54_320 x 50_Click and View_NV_NA,204595632,9/19/2017,18896,320,18576,13139,5437,4219,1218,645,573,17358,9167,9812
TJN_TJX_TJMaxx 2H DIG_FY18,Conversant Inc.,PJNPLX_TJN_TJX_028_Audience_CONVERSANT_DST_SV1_DSK_NET_DSP_TRG_RON_BTG_BTG_DVY_PHASE 1_ DESKTOP RECTANGLE - CJ CONVERTERS LAL MODELING_Run of Site_Behavioral_P18+_300 x 600_Standard_NV_NA,204442894,10/3/2017,551,34,517,0,517,73,444,83,361,73,14,97
TJN_TJX_TJMaxx 2H DIG_FY18,Viant,"PJNSH6_TJN_TJX_028_Data_VIANT INC_DSI_SV1_TWB_DIR_DSP_TRG_RON_BTG_CTG_DVY_PHASE 1_VIANT DIRECT MATCH RETAIL, COMPETITIVE CONQUESTING, DISPLAY_Fixed Placement_Behavioral_F25-54_160 x 600_Standard_NV_NA",204483604,9/15/2017,2,0,2,0,2,0,2,1,1,0,0,1
TJN_TJX_TJMaxx 2H DIG_FY18,Foursquare,"PK0H82_TJN_TJX_028_Audience_FOURSQUARE LABS, INC_DST_SV1_MAP_PRO_RCH_TRG_RON_PXT_BTG_DVY_PHASE 1_MOBILE RICH MEDIA TRENDSETTERS - Find A Store_Run of Network_Geo_F25-54_320 x 50_Standard_NV_NA",205394971,10/14/2017,25559,260,25299,10442,14857,1072,13785,7947,5838,11514,6638,14585
TJN_TJX_TJMaxx 2H DIG_FY18,xAd Inc.,PJMTMZ_TJN_TJX_028_Mobile_GROUND TRUTH FKA XAD_DST_SV1_MAP_DIR_DSP_TRG_RON_RTG_RTG_DVY_PHASE 1_LOCATION AUDIENCE TJX SHOPPERS PLACEMENT - STANDARD BANNER - Maxx You Maxx Life_Run of Network_Retarget_F25-54_320 x 50_Click and View_NV_NA,204484011,10/13/2017,8440,101,8339,3924,4415,392,4023,2873,1150,4316,2866,5739
TJN_TJX_TJMaxx 2H DIG_FY18,Foursquare,"PJPRV8_TJN_TJX_028_Audience_FOURSQUARE LABS, INC_DST_SV1_MAP_PRO_DSP_TRG_RON_PXT_BTG_DVY_PHASE 1_PINPOINT TRENDSETTERS AV_Run of Network_Geo_F25-54_300 x 250_Standard_NV_NA",204527100,9/16/2017,587,45,542,165,377,59,318,128,190,224,90,218
TJN_TJX_TJMaxx 2H DIG_FY18,Conversant Inc.,PJNPLV_TJN_TJX_028_Audience_CONVERSANT_DST_SV1_DSK_NET_DSP_TRG_RON_BTG_BTG_DVY_PHASE 1_ DESKTOP LEADERBOARD - CJ CONVERTERS LAL MODELING_Run of Site_Behavioral_P18+_728 x 90_Standard_NV_NA,204483933,10/17/2017,67665,5558,62107,12,62095,6815,55280,24598,30682,6827,3038,27636
TJN_TJX_TJMaxx 2H DIG_FY18,xAd Inc.,PJMTMZ_TJN_TJX_028_Mobile_GROUND TRUTH FKA XAD_DST_SV1_MAP_DIR_DSP_TRG_RON_RTG_RTG_DVY_PHASE 1_LOCATION AUDIENCE TJX SHOPPERS PLACEMENT - STANDARD BANNER - Maxx You Maxx Life_Run of Network_Retarget_F25-54_320 x 50_Click and View_NV_NA,204484011,9/13/2017,35768,624,35144,5910,29234,12986,16248,12600,3648,18896,14446,27046
TJN_TJX_TJMaxx 2H DIG_FY18,Viant,"PJNSH8_TJN_TJX_028_Data_VIANT INC_DSI_SV1_TWB_DIR_DSP_TRG_RON_BTG_CTG_DVY_PHASE 1_VIANT DIRECT MATCH RETAIL, COMPETITIVE CONQUESTING, DISPLAY_Fixed Placement_Behavioral_F25-54_728 x 90_Standard_NV_NA",204483019,10/13/2017,8,0,8,0,8,2,6,5,1,2,2,7
TJN_TJX_TJMaxx 2H DIG_FY18,xAd Inc.,PJMTMQ_TJN_TJX_028_Mobile_GROUND TRUTH FKA XAD_DST_SV1_MAP_DIR_RCH_TRG_RON_PXT_PXT_DVY_PHASE 1_PROXIMITY LOYALTY PLACEMENT - RICH MEDIA STORE LOCATOR - TJ Maxx_Run of Network_Geo_F25-54_320 x 50_Click and View_NV_NA,204442090,10/18/2017,1,0,1,1,0,0,0,0,0,1,1,1
TJN_TJX_TJMaxx 2H DIG_FY18,xAd Inc.,PJMTN0_TJN_TJX_028_Mobile_GROUND TRUTH FKA XAD_DST_SV1_MAP_DIR_DSP_TRG_RON_RTG_RTG_DVY_PHASE 1_LOCATION AUDIENCE TJX SHOPPERS PLACEMENT - STANDARD BANNER - Fall Handbag_Run of Network_Retarget_F25-54_300 x 250_Click and View_NV_NA,204447842,10/13/2017,7675,168,7507,7411,96,0,96,87,9,7411,6716,6803
TJN_TJX_TJMaxx 2H DIG_FY18,Viant,"PJNSHB_TJN_TJX_028_Data_VIANT INC_DSI_SV1_MWB_DIR_DSP_TRG_RON_BTG_CTG_DVY_PHASE 1_VIANT DIRECT MATCH RETAIL, COMPETITIVE CONQUESTING, DISPLAY_Fixed Placement_Behavioral_F25-54_300 x 50_Standard_NV_NA",204478658,9/28/2017,7,3,4,0,4,0,4,4,0,0,0,4
TJN_TJX_TJMaxx 2H DIG_FY18,Viant,"PJNSH9_TJN_TJX_028_Data_VIANT INC_DSI_SV1_TWB_DIR_DSP_TRG_RON_BTG_CTG_DVY_PHASE 1_VIANT DIRECT MATCH RETAIL, COMPETITIVE CONQUESTING, DISPLAY_Fixed Placement_Behavioral_F25-54_300 x 250_Standard_NV_NA",204526701,9/6/2017,145,54,91,0,91,29,62,53,9,29,25,78
TJN_TJX_TJMaxx 2H DIG_FY18,Viant,"PK2X7B_TJN_TJX_028_Data_VIANT INC_DSI_SV1_TWB_DIR_RCH_TRG_INT_BTG_CTG_DVY_PHASE 1_VIANT IMP, W25-54 STRATEGIC SAVERS, CONTOBOX - Honeycomb_Fixed Placement_Behavioral_F25-54_300 x 250_Click and View_NV_NA",205687939,10/3/2017,18226,156,18070,16,18054,4093,13961,9909,4052,4109,2916,12825
TJN_TJX_TJMaxx 2H DIG_FY18,Viant,"PJNSGW_TJN_TJX_028_Data_VIANT INC_DSI_SV1_DSK_DIR_DSP_TRG_RON_BTG_CTG_DVY_PHASE 1_VIANT DIRECT MATCH RETAIL, TJX PORFOLIO LOYALISTS, DISPLAY_Fixed Placement_Behavioral_F25-54_300 x 250_Standard_NV_NA",204478514,10/11/2017,18604,781,17823,0,17823,1446,16377,8533,7844,1446,753,9286
TJN_MAR_023_Marshalls 2H Digital_F18,xAd Inc.,PJQ0YR_TJN_MAR_023_Mobile_GROUND TRUTH FKA XAD_DST_SV1_MAP_DIR_DSP_TRG_RON_PXT_BTG_DVY_GEOBLOCKS CONQUESTING - DYNAMIC DISTANCE_Run of Network_Geo_F25-54_300 x 250_Click and View_NV_NA,204555244,10/20/2017,88163,2729,85434,85433,1,0,1,0,1,85433,0,0
TJN_TJX_TJMaxx 2H DIG_FY18,xAd Inc.,PJYDBW_TJN_TJX_028_Mobile_GROUND TRUTH FKA XAD_DST_SV1_MAP_DIR_RCH_TRG_RON_BTG_BTG_DVY_PHASE 1_BEHAVIORAL AUDIENCE STRATEGIC SAVERS PLACEMENT - RICH MEDIA STORE LOCATOR - Fall Hero_Run of Network_Behavioral_F25-54_300 x 250_Click and View_NV_NA,205207030,10/8/2017,4981,78,4903,999,3904,80,3824,1807,2017,1079,510,2317
TJN_TJX_TJMaxx 2H DIG_FY18,Foursquare,"PJPRVG_TJN_TJX_028_Audience_FOURSQUARE LABS, INC_DST_SV1_MAP_PRO_DSP_TRG_RON_PXT_BTG_DVY_PHASE 1_PINPOINT COMPETITIVE CONQUESTING AV_Run of Network_Geo_F25-54_300 x 250_Standard_NV_NA",204527412,9/27/2017,174,5,169,64,105,7,98,59,39,71,43,102
TJN_TJX_TJMaxx 2H DIG_FY18,Foursquare,"PJPSSY_TJN_TJX_028_Audience_FOURSQUARE LABS, INC_DST_SV1_MAP_PRO_RCH_TRG_RON_PXT_BTG_DVY_PHASE 1_MOBILE RICH MEDIA TRENDSETTERS - Find A TJ Maxx Store_Run of Network_Geo_F25-54_320 x 50_Standard_NV_NA",204527598,10/16/2017,8,5,3,3,0,0,0,0,0,3,2,2
TJN_TJX_TJMaxx 2H DIG_FY18,xAd Inc.,PJMTN8_TJN_TJX_028_Mobile_GROUND TRUTH FKA XAD_DST_SV1_MAP_DIR_DSP_TRG_RON_BTG_BTG_DVY_PHASE 1_BEHAVIORAL AUDIENCE STRATEGIC SAVERS PLACEMENT - STANDARD BANNER - Maxx You Maxx Life_Run of Network_Behavioral_F25-54_320 x 50_Click and View_NV_NA,204447851,9/6/2017,53287,776,52511,30603,21908,6560,15348,14486,862,37163,32226,46712
TJN_TJX_TJMaxx 2H DIG_FY18,Foursquare,"PJPRVC_TJN_TJX_028_Audience_FOURSQUARE LABS, INC_DST_SV1_MAP_PRO_DSP_TRG_RON_PXT_BTG_DVY_PHASE 1_PINPOINT TRENDSETTERS AV_Run of Network_Geo_F25-54_320 x 50_Standard_NV_NA",204527421,9/7/2017,6694,827,5867,4228,1639,51,1588,1153,435,4279,3107,4260
TJN_TJX_TJMaxx 2H DIG_FY18,xAd Inc.,PJMTN4_TJN_TJX_028_Mobile_GROUND TRUTH FKA XAD_DST_SV1_MAP_DIR_RCH_TRG_RON_BTG_BTG_DVY_PHASE 1_BEHAVIORAL AUDIENCE TRENDSETTERS PLACEMENT - RICH MEDIA STORE LOCATOR - Fall Handbag_Run of Network_Behavioral_F25-54_300 x 250_Click and View_NV_NA,204447281,10/17/2017,1135,19,1116,4,1112,1,1111,1069,42,5,5,1074
TJN_MAR_023_Marshalls 2H Digital_F18,NinthDecimal,PJPSRS_TJN_MAR_023_Mobile_NINTHDECIMAL_DST_SV1_MAP_DIR_RCH_TRG_RON_PXT_DMA_DVY_GEOFENCE: 5-10-MILE RADIUS AROUND SUBURBAN STORES_Run of Network_Geo_F25-54_320 x 50_Click and View_NV_NA,204541748,9/24/2017,84233,1887,82346,29359,52987,318,52669,51145,1524,29677,28818,79963
TJN_MAR_023_Marshalls 2H Digital_F18,xAd Inc.,PJQ0YC_TJN_MAR_023_Mobile_GROUND TRUTH FKA XAD_DST_SV1_MAP_DIR_DSP_TRG_RON_PXT_BTG_DVY_PROXIMITY CONQUESTING - DYNAMIC DISTANCE_Run of Network_Geo_F25-54_300 x 250_Click and View_NV_NA,204595923,10/7/2017,11948,550,11398,11395,3,0,3,0,3,11395,0,0
TJN_TJX_TJMaxx 2H DIG_FY18,Viant,"PKGJYF_TJN_TJX_028_Data_VIANT INC_DSI_SV1_DSK_DIR_RCH_TRG_INT_BTG_CTG_DVY_PHASE 1_VIANT IMP, W25-54 STRATEGIC SAVERS, CONTOBOX - Dresses_Fixed Placement_Behavioral_F25-54_728 x 90_Click and View_NV_NA",206772464,10/18/2017,9,4,5,1,4,0,4,4,0,1,1,5
TJN_TJX_TJMaxx 2H DIG_FY18,xAd Inc.,PKF473_TJN_TJX_028_Mobile_GROUND TRUTH FKA XAD_DST_SV1_MAP_DIR_DSP_TRG_RON_PXT_PXT_DVY_PHASE 1_PROXIMITY LOYALTY PLACEMENT - STANDARD BANNER - Find A Store V1_Run of Network_Geo_F25-54_320 x 50_Click and View_NV_NA,206813098,10/20/2017,3162,32,3130,727,2403,21,2382,1880,502,748,590,2470
TJN_TJX_TJMaxx 2H DIG_FY18,Conversant Inc.,PJNPML_TJN_TJC_031_Audience_CONVERSANT_PUR_ROI_DSK_NET_DSP_TRG_RON_BTG_BTG_DVY_DESKTOP MEDIUM RECTANGLE- STRATEGIC SAVERS_Run of Site_Other_P18+_300 x 250_Standard_NV_NA,204443407,10/8/2017,19826,799,19027,0,19027,3108,15919,8455,7464,3108,1651,10106
TJN_TJX_TJMaxx 2H DIG_FY18,Viant,"PJNSGV_TJN_TJX_028_Data_VIANT INC_DSI_SV1_DSK_DIR_DSP_TRG_RON_BTG_CTG_DVY_PHASE 1_VIANT DIRECT MATCH RETAIL, TJX PORFOLIO LOYALISTS, DISPLAY_Fixed Placement_Behavioral_F25-54_728 x 90_Standard_NV_NA",204478511,10/4/2017,37702,1785,35917,0,35917,1732,34185,26535,7650,1732,1344,27879
TJN_TJX_TJMaxx 2H DIG_FY18,PlaceIQ,PK18VC_TJN_TJX_028_Mobile_PLACEIQ INC_DST_SV1_MAP_DIR_RCH_TRG_RON_BTG_PXT_DVY_PHASE 1_RICH MEDIA_TJX PORTFOLIO LOYALISTS_Run of Network_Behavioral_F25-54_320 x 50_Click and View_NV_NA,205568912,10/20/2017,9750,208,9542,4535,5007,169,4838,4737,101,4704,4606,9343
TJN_TJX_TJMaxx 2H DIG_FY18,Viant,"PJNSH7_TJN_TJX_028_Data_VIANT INC_DSI_SV1_MWB_DIR_DSP_TRG_RON_BTG_CTG_DVY_PHASE 1_VIANT DIRECT MATCH RETAIL, COMPETITIVE CONQUESTING, DISPLAY_Fixed Placement_Behavioral_F25-54_320 x 50_Standard_NV_NA",204477565,10/1/2017,1327,23,1304,0,1304,80,1224,1045,179,80,68,1113
TJN_MAR_023_Marshalls 2H Digital_F18,NinthDecimal,PJPSRX_TJN_MAR_023_Mobile_NINTHDECIMAL_DST_SV1_MAP_DIR_RCH_TRG_RON_BTG_PXT_DVY_LOCATION GRAPH: COMPETITIVE CONQUESTING_Run of Network_Behavioral_F25-54_320 x 50_Click and View_NV_NA,204542879,10/8/2017,17440,290,17150,6251,10899,79,10820,10488,332,6330,6136,16624
TJN_TJX_TJMaxx 2H DIG_FY18,Viant,"PJNSGT_TJN_TJX_028_Data_VIANT INC_DSI_SV1_DSK_DIR_DSP_TRG_RON_BTG_CTG_DVY_PHASE 1_VIANT DIRECT MATCH RETAIL, TJX PORFOLIO LOYALISTS, DISPLAY_Fixed Placement_Behavioral_F25-54_160 x 600_Standard_NV_NA",204483025,9/21/2017,9834,670,9164,0,9164,717,8447,3585,4862,717,304,3889
TJN_MAR_023_Marshalls 2H Digital_F18,xAd Inc.,PJQ0YF_TJN_MAR_023_Mobile_GROUND TRUTH FKA XAD_DST_SV1_MAP_DIR_RCH_TRG_RON_WEA_PXT_DVY_PROXIMITY CONQUESTING - WEATHER LOCATOR UNIT_Run of Network_Weather_F25-54_300 x 250_Click and View_NV_NA,204596913,10/19/2017,109,1,108,0,108,1,107,102,5,1,1,103
TJN_TJX_TJMaxx 2H DIG_FY18,xAd Inc.,PJMTNC_TJN_TJX_028_Mobile_GROUND TRUTH FKA XAD_DST_SV1_MAP_DIR_DSP_TRG_RON_BTG_BTG_DVY_PHASE 1_BEHAVIORAL AUDIENCE TRENDSETTERS PLACEMENT - STANDARD BANNER - Maxx You Maxx Life_Run of Network_Behavioral_F25-54_320 x 50_Click and View_NV_NA,204447830,10/16/2017,3,1,2,2,0,0,0,0,0,2,1,1
TJN_TJX_TJMaxx 2H DIG_FY18,NBC Universal Media,PK2LGS_TJN_TJX_028_Content_NBCUNI.COM_BAF_BS2_DSK_DIR_DSP_SPN_HPT_CTG_CTG_DCM_100% SOV NBC THIS IS US ROADBLOCK 9/26 - 970X66 DESKTOP_HP Takeover_Contextual_F25-54_970 x 66_Standard_NV_NA,205661835,9/30/2017,1,0,1,0,1,0,1,1,0,0,0,1
TJN_MAR_023_Marshalls 2H Digital_F18,xAd Inc.,PJQ0YF_TJN_MAR_023_Mobile_GROUND TRUTH FKA XAD_DST_SV1_MAP_DIR_RCH_TRG_RON_WEA_PXT_DVY_PROXIMITY CONQUESTING - WEATHER LOCATOR UNIT_Run of Network_Weather_F25-54_300 x 250_Click and View_NV_NA,204596913,9/11/2017,615,5,610,230,380,1,379,366,13,231,223,589
TJN_TJX_TJMaxx 2H DIG_FY18,Viant,"PK2X7K_TJN_TJX_028_Data_VIANT INC_DSI_SV1_DSK_DIR_RCH_TRG_INT_BTG_CTG_DVY_PHASE 1_VIANT IMP, W25-54 STRATEGIC SAVERS, CONTOBOX - Honeycomb_Fixed Placement_Behavioral_F25-54_160 x 600_Click and View_NV_NA",205726917,9/25/2017,106,10,96,3,93,9,84,33,51,12,5,38
TJN_TJX_TJMaxx 2H DIG_FY18,Viant,PJPXKR_TJN_TJX_028_Data_VIANT INC_DSI_SV1_DSK_DIR_DSP_TRG_RON_BTG_CTG_DVY_PHASE 1_DESKTOP DISPLAY VIANT IMP TARGETING - STRATEGIC SAVERS AV_Fixed Placement_Demo_F25-54_300 x 250_Standard_NV_NA,204475841,10/1/2017,753,22,731,1,730,61,669,263,406,62,24,287
TJN_TJX_TJMaxx 2H DIG_FY18,PlaceIQ,PK1YHC_TJN_TJX_028_Mobile_PLACEIQ INC_DST_SV1_MAP_DIR_RCH_TRG_RON_BTG_PXT_DVY_PHASE 1_RICH MEDIA_TJX PROXIMITY LOYALISTS_DRIVE BY_Run of Network_Behavioral_F25-54_320 x 50_Click and View_NV_NA,205613803,10/19/2017,29202,601,28601,12533,16068,406,15662,15460,202,12939,12772,28232
TJN_TJX_TJMaxx 2H DIG_FY18,Conversant Inc.,PJPTLP_TJN_TJC_031_Audience_CONVERSANT_PUR_ROI_DSK_NET_DSP_TRG_RON_BTG_BTG_DVY_DESKTOP LEADERBOARD- TRENDSETTERS_Run of Site_Other_P18+_728 x 90_Standard_NV_NA,204447782,10/12/2017,18806,1560,17246,0,17246,2139,15107,10765,4342,2139,1524,12289
TJN_TJX_TJMaxx 2H DIG_FY18,Viant,"PK2V4S_TJN_TJX_028_Data_VIANT INC_DSI_SV1_TWB_DIR_RCH_TRG_INT_BTG_CTG_DVY_PHASE 1_VIANT IMP, W25-54 STRATEGIC SAVERS, CONTOBOX - Fall Homes_Fixed Placement_Behavioral_F25-54_300 x 250_Click and View_NV_NA",205687927,10/10/2017,665,15,650,9,641,119,522,303,219,128,74,377
TJN_TJX_TJMaxx 2H DIG_FY18,xAd Inc.,PJMTN0_TJN_TJX_028_Mobile_GROUND TRUTH FKA XAD_DST_SV1_MAP_DIR_DSP_TRG_RON_RTG_RTG_DVY_PHASE 1_LOCATION AUDIENCE TJX SHOPPERS PLACEMENT - STANDARD BANNER - Fall Handbag_Run of Network_Retarget_F25-54_300 x 250_Click and View_NV_NA,204447842,9/16/2017,13939,659,13280,13275,5,1,4,3,1,13276,9957,9960
TJN_TJX_TJMaxx 2H DIG_FY18,Viant,"PJNSH8_TJN_TJX_028_Data_VIANT INC_DSI_SV1_TWB_DIR_DSP_TRG_RON_BTG_CTG_DVY_PHASE 1_VIANT DIRECT MATCH RETAIL, COMPETITIVE CONQUESTING, DISPLAY_Fixed Placement_Behavioral_F25-54_728 x 90_Standard_NV_NA",204483019,9/16/2017,2,0,2,0,2,0,2,0,2,0,0,0
TJN_TJX_TJMaxx 2H DIG_FY18,xAd Inc.,PJPXK2_TJN_TJX_028_Mobile_GROUND TRUTH FKA XAD_DST_SV1_MAP_DIR_DSP_TRG_RON_PXT_PXT_DVY_PHASE 1_PROXIMITY LOYALTY PLACEMENT - STANDARD BANNER - Fall Hero_Run of Network_Geo_F25-54_300 x 250_Click and View_NV_NA,204442945,9/8/2017,11659,274,11385,11245,140,12,128,50,78,11257,4397,4447
TJN_MAR_023_Marshalls 2H Digital_F18,NinthDecimal,PJPSRY_TJN_MAR_023_Mobile_NINTHDECIMAL_DST_SV1_MAP_DIR_RCH_TRG_RON_BTG_PXT_DVY_LOCATION GRAPH: LABOR DAY SALES SHOPPERS_Run of Network_Behavioral_F25-54_320 x 50_Click and View_NV_NA,204542876,9/14/2017,1402,7,1395,219,1176,7,1169,1144,25,226,221,1365
TJN_TJX_TJMaxx 2H DIG_FY18,Foursquare,"PK0H80_TJN_TJX_028_Audience_FOURSQUARE LABS, INC_DST_SV1_MAP_PRO_RCH_TRG_RON_PXT_BTG_DVY_PHASE 1_MOBILE RICH MEDIA STRATEGIC SAVERS - Find A Store_Run of Network_Geo_F25-54_320 x 50_Standard_NV_NA",205394974,10/8/2017,30313,701,29612,13241,16371,1877,14494,9198,5296,15118,9594,18792
TJN_TJX_TJMaxx 2H DIG_FY18,Hulu,PK3F7L_TJN_TJX_027_Content_HULU_BAF_BS2_CTV_DIR_CUS_SPN_CHS_CTG_CTG_DVY_HULU ROS: PREMIUM SLATE - CONNECTED TV_FEP_Contextual_F25-54_1920 x 1080_Standard_NV_NA,205685923,10/13/2017,40291,104,40187,40187,0,0,0,0,0,40187,27543,27543
TJN_MAR_023_Marshalls 2H Digital_F18,xAd Inc.,PJQ0YL_TJN_MAR_023_Mobile_GROUND TRUTH FKA XAD_DST_SV1_MAP_DIR_DSP_TRG_RON_BTG_PXT_DVY_COMPETITOR SHOPPERS - DYNAMIC DISTANCE_Run of Network_Geo_F25-54_320 x 50_Click and View_NV_NA,204595638,10/3/2017,2,0,2,0,2,1,1,1,0,1,1,2
TJN_TJX_TJMaxx 2H DIG_FY18,Viant,"PJNSHF_TJN_TJX_028_Data_VIANT INC_DSI_SV1_MWB_DIR_DSP_TRG_RON_BTG_CTG_DVY_PHASE 1_VIANT DIRECT MATCH RETAIL, COMPETITIVE CONQUESTING, DISPLAY_Fixed Placement_Behavioral_F25-54_300 x 250_Standard_NV_NA",204483016,10/12/2017,5,0,5,0,5,1,4,2,2,1,1,3
TJN_TJX_TJMaxx 2H DIG_FY18,NBC Universal Media,PK2KJL_TJN_TJX_028_Content_NBCUNI.COM_BAF_BS2_MAP_DIR_VID_SPN_ROS_BTG_CTG_MOA_THIS IS US SPONSORSHIP: MOBILE - VIGNETTE 2_Run of Site_Behavioral_F25-54_1920 x 1080_Click and View_NV_NA,205563473,10/10/2017,9053,16,9037,9037,0,0,0,0,0,9037,5844,5844
TJN_TJX_TJMaxx 2H DIG_FY18,Foursquare,"PJPRV8_TJN_TJX_028_Audience_FOURSQUARE LABS, INC_DST_SV1_MAP_PRO_DSP_TRG_RON_PXT_BTG_DVY_PHASE 1_PINPOINT TRENDSETTERS AV_Run of Network_Geo_F25-54_300 x 250_Standard_NV_NA",204527100,9/13/2017,678,39,639,157,482,57,425,126,299,214,63,189
TJN_MAR_023_Marshalls 2H Digital_F18,xAd Inc.,PJQ0YP_TJN_MAR_023_Mobile_GROUND TRUTH FKA XAD_DST_SV1_MAP_DIR_DSP_TRG_RON_PXT_BTG_DVY_GEOBLOCKS LOYALTY - DYNAMIC DISTANCE_Run of Network_Geo_F25-54_300 x 250_Click and View_NV_NA,204537983,9/22/2017,5889,172,5717,5687,30,9,21,5,16,5696,1356,1361
TJN_TJX_TJMaxx 2H DIG_FY18,Viant,"PJNSHD_TJN_TJX_028_Data_VIANT INC_DSI_SV1_DSK_DIR_DSP_TRG_RON_BTG_CTG_DVY_PHASE 1_VIANT DIRECT MATCH RETAIL, COMPETITIVE CONQUESTING, DISPLAY_Fixed Placement_Behavioral_F25-54_160 x 600_Standard_NV_NA",204477281,10/11/2017,16232,1116,15116,0,15116,1275,13841,10078,3763,1275,928,11006
TJN_TJX_TJMaxx 2H DIG_FY18,Conversant Inc.,PJPWPB_TJN_TJX_028_Audience_CONVERSANT_DST_SV1_DSK_NET_DSP_TRG_RON_BTG_BTG_DVY_PHASE 1_ DESKTOP RECTANGLE - CONVERSANT SHOPPERS AV_Run of Site_Behavioral_P18+_300 x 600_Standard_NV_NA,204447254,10/7/2017,352,15,337,0,337,93,244,80,164,93,30,110
TJN_TJX_TJMaxx 2H DIG_FY18,Viant,"PJNSHC_TJN_TJX_028_Data_VIANT INC_DSI_SV1_DSK_DIR_DSP_TRG_RON_BTG_CTG_DVY_PHASE 1_VIANT DIRECT MATCH RETAIL, COMPETITIVE CONQUESTING, DISPLAY_Fixed Placement_Behavioral_F25-54_300 x 250_Standard_NV_NA",204478655,10/10/2017,25975,1220,24755,1,24754,1006,23748,16319,7429,1007,692,17011
TJN_TJX_TJMaxx 2H DIG_FY18,xAd Inc.,PJMTMZ_TJN_TJX_028_Mobile_GROUND TRUTH FKA XAD_DST_SV1_MAP_DIR_DSP_TRG_RON_RTG_RTG_DVY_PHASE 1_LOCATION AUDIENCE TJX SHOPPERS PLACEMENT - STANDARD BANNER - Maxx You Maxx Life_Run of Network_Retarget_F25-54_320 x 50_Click and View_NV_NA,204484011,9/16/2017,34042,218,33824,9932,23892,11818,12074,10912,1162,21750,19426,30338
TJN_TJX_TJMaxx 2H DIG_FY18,xAd Inc.,PJPXJZ_TJN_TJX_028_Mobile_GROUND TRUTH FKA XAD_DST_SV1_MAP_DIR_DSP_TRG_RON_BTG_BTG_DVY_PHASE 1_BEHAVIORAL AUDIENCE TRENDSETTERS PLACEMENT - STANDARD BANNER - Fall Hero_Run of Network_Behavioral_F25-54_300 x 250_Click and View_NV_NA,204446156,10/15/2017,9030,181,8849,8692,157,1,156,131,25,8693,7300,7431
TJN_TJX_TJMaxx 2H DIG_FY18,Foursquare,"PJPQL0_TJN_TJX_028_Audience_FOURSQUARE LABS, INC_DST_SV1_MAP_PRO_DSP_TRG_RON_PXT_BTG_DVY_PHASE 1_PINPOINT TRENDSETTERS_Run of Network_Geo_F25-54_320 x 50_Standard_NV_NA",204478094,9/5/2017,175867,12004,163863,131785,32078,696,31382,26353,5029,132481,111251,137604
TJN_TJX_TJMaxx 2H DIG_FY18,Foursquare,"PJPRVH_TJN_TJX_028_Audience_FOURSQUARE LABS, INC_DST_SV1_MAP_PRO_DSP_TRG_RON_PXT_BTG_DVY_PHASE 1_PINPOINT COMPETITIVE CONQUESTING AV_Run of Network_Geo_F25-54_320 x 50_Standard_NV_NA",204478088,9/26/2017,2624,197,2427,1590,837,25,812,668,144,1615,1329,1997
TJN_TJX_TJMaxx 2H DIG_FY18,Foursquare,"PJPRV8_TJN_TJX_028_Audience_FOURSQUARE LABS, INC_DST_SV1_MAP_PRO_DSP_TRG_RON_PXT_BTG_DVY_PHASE 1_PINPOINT TRENDSETTERS AV_Run of Network_Geo_F25-54_300 x 250_Standard_NV_NA",204527100,10/13/2017,3,2,1,0,1,0,1,1,0,0,0,1
TJN_TJX_TJMaxx 2H DIG_FY18,Viant,"PJNSGS_TJN_TJX_028_Data_VIANT INC_DSI_SV1_MWB_DIR_DSP_TRG_RON_BTG_CTG_DVY_PHASE 1_VIANT DIRECT MATCH RETAIL, TJX PORFOLIO LOYALISTS, DISPLAY_Fixed Placement_Behavioral_F25-54_320 x 50_Standard_NV_NA",204524922,10/17/2017,13946,216,13730,17,13713,730,12983,10106,2877,747,581,10687
TJN_MAR_023_Marshalls 2H Digital_F18,xAd Inc.,PJQ0YS_TJN_MAR_023_Mobile_GROUND TRUTH FKA XAD_DST_SV1_MAP_DIR_DSP_TRG_RON_DMA_BTG_DVY_AV DMA TARGETING_Run of Network_Geo_F25-54_300 x 250_Click and View_NV_NA,204558337,10/1/2017,48356,770,47586,15400,32186,2603,29583,21493,8090,18003,13220,34713
TJN_TJX_TJMaxx 2H DIG_FY18,PlaceIQ,PK18PW_TJN_TJX_028_Mobile_PLACEIQ INC_DST_SV1_MAP_DIR_DSP_TRG_RON_BTG_PXT_DVY_PHASE 1_STANDARD BANNER_TRENDSTTERS_SOCIAL MEDIA INFLUENCER PLUS NEARBY TJMAXX - Maxx You Maxx Life_Run of Network_Behavioral_F25-54_320 x 50_Click and View_NV_NA,205566944,10/16/2017,24178,895,23283,12461,10822,113,10709,10493,216,12574,12320,22813
TJN_MAR_023_Marshalls 2H Digital_F18,NinthDecimal,PJPSRR_TJN_MAR_023_Mobile_NINTHDECIMAL_DST_SV1_MAP_DIR_RCH_TRG_RON_PXT_DMA_DVY_GEOFENCE: 2-MILE RADIUS AROUND URBAN STORES_Run of Network_Geo_F25-54_320 x 50_Click and View_NV_NA,204541523,10/8/2017,19346,469,18877,8944,9933,44,9889,9616,273,8988,8740,18356
TJN_TJX_TJMaxx 2H DIG_FY18,Conversant Inc.,PJNPLV_TJN_TJX_028_Audience_CONVERSANT_DST_SV1_DSK_NET_DSP_TRG_RON_BTG_BTG_DVY_PHASE 1_ DESKTOP LEADERBOARD - CJ CONVERTERS LAL MODELING_Run of Site_Behavioral_P18+_728 x 90_Standard_NV_NA,204483933,10/5/2017,11086,936,10150,0,10150,1085,9065,4309,4756,1085,516,4825
TJN_TJX_TJMaxx 2H DIG_FY18,Viant,"PJNSHB_TJN_TJX_028_Data_VIANT INC_DSI_SV1_MWB_DIR_DSP_TRG_RON_BTG_CTG_DVY_PHASE 1_VIANT DIRECT MATCH RETAIL, COMPETITIVE CONQUESTING, DISPLAY_Fixed Placement_Behavioral_F25-54_300 x 50_Standard_NV_NA",204478658,10/14/2017,14,0,14,0,14,4,10,10,0,4,4,14
TJN_MAR_023_Marshalls 2H Digital_F18,xAd Inc.,PJQ0YS_TJN_MAR_023_Mobile_GROUND TRUTH FKA XAD_DST_SV1_MAP_DIR_DSP_TRG_RON_DMA_BTG_DVY_AV DMA TARGETING_Run of Network_Geo_F25-54_300 x 250_Click and View_NV_NA,204558337,10/2/2017,57046,721,56325,13479,42846,519,42327,32892,9435,13998,10878,43770
TJN_TJX_TJMaxx 2H DIG_FY18,Conversant Inc.,PJPTLK_TJN_TJC_031_Audience_CONVERSANT_PUR_ROI_DSK_NET_DSP_TRG_RON_BTG_BTG_DVY_DESKTOP RECTANGLE- TRENDSETTERS_Run of Site_Other_P18+_300 x 600_Standard_NV_NA,204483963,10/12/2017,7326,447,6879,0,6879,1357,5522,1685,3837,1357,414,2099
TJN_TJX_TJMaxx 2H DIG_FY18,xAd Inc.,PJMTNF_TJN_TJX_028_Mobile_GROUND TRUTH FKA XAD_DST_SV1_MAP_DIR_DSP_TRG_RON_PXT_PXT_DVY_PHASE 1_PROXIMITY LOYALTY PLACEMENT - STANDARD BANNER - Fall Handbag_Run of Network_Geo_F25-54_300 x 250_Click and View_NV_NA,204446159,9/27/2017,14873,336,14537,14416,121,27,94,10,84,14443,1536,1546
TJN_TJX_TJMaxx 2H DIG_FY18,Conversant Inc.,PJPTLJ_TJN_TJC_031_Audience_CONVERSANT_PUR_ROI_TAP_NET_DSP_TRG_RON_BTG_BTG_DVY_TABLET MEDIUM RECTANGLE - TRENDSETTERS_Run of Site_Other_P18+_300 x 250_Standard_NV_NA,204447266,10/20/2017,1435,17,1418,1,1417,302,1115,179,936,303,49,228
TJN_TJX_TJMaxx 2H DIG_FY18,Viant,"PJNSHB_TJN_TJX_028_Data_VIANT INC_DSI_SV1_MWB_DIR_DSP_TRG_RON_BTG_CTG_DVY_PHASE 1_VIANT DIRECT MATCH RETAIL, COMPETITIVE CONQUESTING, DISPLAY_Fixed Placement_Behavioral_F25-54_300 x 50_Standard_NV_NA",204478658,9/14/2017,1,1,0,0,0,0,0,0,0,0,0,0
TJN_TJX_TJMaxx 2H DIG_FY18,Foursquare,"PK0H82_TJN_TJX_028_Audience_FOURSQUARE LABS, INC_DST_SV1_MAP_PRO_RCH_TRG_RON_PXT_BTG_DVY_PHASE 1_MOBILE RICH MEDIA TRENDSETTERS - Find A Store_Run of Network_Geo_F25-54_320 x 50_Standard_NV_NA",205394971,9/28/2017,33087,974,32113,24496,7617,665,6952,4798,2154,25161,17365,22163
TJN_MAR_023_Marshalls 2H Digital_F18,xAd Inc.,PJQ0Y8_TJN_MAR_023_Mobile_GROUND TRUTH FKA XAD_DST_SV1_MAP_DIR_RCH_TRG_RON_WEA_PXT_DVY_PROXIMITY LOYALTY - WEATHER LOCATOR UNIT_Run of Network_Weather_F25-54_320 x 50_Click and View_NV_NA,204556189,10/3/2017,4,1,3,1,2,1,1,1,0,2,2,3
TJN_MAR_023_Marshalls 2H Digital_F18,xAd Inc.,PJQ0YS_TJN_MAR_023_Mobile_GROUND TRUTH FKA XAD_DST_SV1_MAP_DIR_DSP_TRG_RON_DMA_BTG_DVY_AV DMA TARGETING_Run of Network_Geo_F25-54_300 x 250_Click and View_NV_NA,204558337,9/23/2017,56140,788,55352,10660,44692,4794,39898,33001,6897,15454,12608,45609
TJN_TJX_TJMaxx 2H DIG_FY18,NBC Universal Media,PK2HF5_TJN_TJX_028_Content_NBCUNI.COM_BAF_BS2_MAP_DIR_VID_SPN_ROS_BTG_CTG_MOA_THIS IS US SPONSORSHIP: DESKTOP - VIGNETTE 1_Run of Site_Behavioral_F25-54_1920 x 1080_Click and View_NV_NA,205566893,10/3/2017,1091,41,1050,1050,0,0,0,0,0,1050,663,663
TJN_TJX_TJMaxx 2H DIG_FY18,xAd Inc.,PJPXK2_TJN_TJX_028_Mobile_GROUND TRUTH FKA XAD_DST_SV1_MAP_DIR_DSP_TRG_RON_PXT_PXT_DVY_PHASE 1_PROXIMITY LOYALTY PLACEMENT - STANDARD BANNER - Fall Hero_Run of Network_Geo_F25-54_300 x 250_Click and View_NV_NA,204442945,10/7/2017,5689,172,5517,4088,1429,17,1412,1316,96,4105,3826,5142
TJN_TJX_TJMaxx 2H DIG_FY18,xAd Inc.,PJPXJR_TJN_TJX_028_Mobile_GROUND TRUTH FKA XAD_DST_SV1_MAP_DIR_DSP_TRG_RON_RTG_RTG_DVY_PHASE 1_LOCATION AUDIENCE TJX SHOPPERS PLACEMENT - STANDARD BANNER - Fall Hero_Run of Network_Retarget_F25-54_300 x 250_Click and View_NV_NA,204442105,9/6/2017,20077,580,19497,17728,1769,29,1740,1684,56,17757,17068,18752
TJN_TJX_TJMaxx 2H DIG_FY18,Viant,"PJNSHD_TJN_TJX_028_Data_VIANT INC_DSI_SV1_DSK_DIR_DSP_TRG_RON_BTG_CTG_DVY_PHASE 1_VIANT DIRECT MATCH RETAIL, COMPETITIVE CONQUESTING, DISPLAY_Fixed Placement_Behavioral_F25-54_160 x 600_Standard_NV_NA",204477281,10/6/2017,1632,129,1503,0,1503,142,1361,683,678,142,71,754
TJN_TJX_TJMaxx 2H DIG_FY18,Foursquare,"PJPRV8_TJN_TJX_028_Audience_FOURSQUARE LABS, INC_DST_SV1_MAP_PRO_DSP_TRG_RON_PXT_BTG_DVY_PHASE 1_PINPOINT TRENDSETTERS AV_Run of Network_Geo_F25-54_300 x 250_Standard_NV_NA",204527100,9/19/2017,119,9,110,30,80,2,78,34,44,32,14,48
TJN_MAR_023_Marshalls 2H Digital_F18,xAd Inc.,PJQ0YQ_TJN_MAR_023_Mobile_GROUND TRUTH FKA XAD_DST_SV1_MAP_DIR_DSP_TRG_RON_PXT_BTG_DVY_GEOBLOCKS CONQUESTING - DYNAMIC DISTANCE_Run of Network_Geo_F25-54_320 x 50_Click and View_NV_NA,204595632,9/16/2017,18796,205,18591,11155,7436,6380,1056,825,231,17535,13845,14670
TJN_TJX_TJMaxx 2H DIG_FY18,Viant,PJPXKR_TJN_TJX_028_Data_VIANT INC_DSI_SV1_DSK_DIR_DSP_TRG_RON_BTG_CTG_DVY_PHASE 1_DESKTOP DISPLAY VIANT IMP TARGETING - STRATEGIC SAVERS AV_Fixed Placement_Demo_F25-54_300 x 250_Standard_NV_NA,204475841,10/2/2017,4927,102,4825,1,4824,338,4486,813,3673,339,61,874
TJN_MAR_023_Marshalls 2H Digital_F18,xAd Inc.,PJQ0YP_TJN_MAR_023_Mobile_GROUND TRUTH FKA XAD_DST_SV1_MAP_DIR_DSP_TRG_RON_PXT_BTG_DVY_GEOBLOCKS LOYALTY - DYNAMIC DISTANCE_Run of Network_Geo_F25-54_300 x 250_Click and View_NV_NA,204537983,9/24/2017,5620,133,5487,5387,100,14,86,43,43,5401,2664,2707
TJN_TJX_TJMaxx 2H DIG_FY18,Conversant Inc.,PJNPMF_TJN_TJC_031_Audience_CONVERSANT_PUR_ROI_DSK_NET_DSP_TRG_RON_BTG_BTG_DVY_DESKTOP RECTANGLE- STRATEGIC SAVERS_Run of Site_Other_P18+_300 x 600_Standard_NV_NA,204442069,10/9/2017,3869,210,3659,0,3659,958,2701,599,2102,958,212,811
TJN_TJX_TJMaxx 2H DIG_FY18,Foursquare,"PJPST0_TJN_TJX_028_Audience_FOURSQUARE LABS, INC_DST_SV1_MAP_PRO_RCH_TRG_RON_PXT_BTG_DVY_PHASE 1_MOBILE RICH MEDIA COMPETITIVE CONQUESTING - Find A TJ Maxx Store_Run of Network_Geo_F25-54_320 x 50_Standard_NV_NA",204525348,10/8/2017,24336,477,23859,18792,5067,685,4382,3277,1105,19477,14566,17843
TJN_TJX_TJMaxx 2H DIG_FY18,NBC Universal Media,PK2JQT_TJN_TJX_028_Content_NBCUNI.COM_BAF_BS2_TAP_DIR_VID_SPN_ROS_BTG_CTG_MOA_THIS IS US SPONSORSHIP: TABLET - VIGNETTE 1_Run of Site_Behavioral_F25-54_1920 x 1080_Click and View_NV_NA,205563488,10/3/2017,1814,12,1802,1802,0,0,0,0,0,1802,1138,1138
TJN_TJX_TJMaxx 2H DIG_FY18,Viant,PJPXKR_TJN_TJX_028_Data_VIANT INC_DSI_SV1_DSK_DIR_DSP_TRG_RON_BTG_CTG_DVY_PHASE 1_DESKTOP DISPLAY VIANT IMP TARGETING - STRATEGIC SAVERS AV_Fixed Placement_Demo_F25-54_300 x 250_Standard_NV_NA,204475841,9/23/2017,36027,780,35247,14,35233,2823,32410,5537,26873,2837,485,6022
TJN_TJX_TJMaxx 2H DIG_FY18,xAd Inc.,PKF8WH_TJN_TJX_028_Mobile_GROUND TRUTH FKA XAD_DST_SV1_MAP_DIR_RCH_TRG_RON_PXT_PXT_DVY_PHASE 1_PROXIMITY LOYALTY PLACEMENT - RICH MEDIA STORE LOCATOR - Find A Store V2_Run of Network_Geo_F25-54_320 x 50_Click and View_NV_NA,206834115,10/18/2017,9656,135,9521,3036,6485,19,6466,6130,336,3055,2896,9026
TJN_TJX_TJMaxx 2H DIG_FY18,Viant,"PKGJ73_TJN_TJC_031_Data_VIANT INC_PUR_ROI_MWB_DIR_CUS_TRG_NAT_BTG_MKT_DVY_W25-54 + KEYWORD TARGETING, CROSS DEVICE NATIVE - Dresses_Fixed Placement_Contextual_F25-54_0 x 0_Click_NV_NA",206772485,10/16/2017,8,0,8,8,0,0,0,0,0,8,5,5
TJN_TJX_TJMaxx 2H DIG_FY18,Viant,"PJNSGR_TJN_TJX_028_Data_VIANT INC_DSI_SV1_TWB_DIR_DSP_TRG_RON_BTG_CTG_DVY_PHASE 1_VIANT DIRECT MATCH RETAIL, TJX PORFOLIO LOYALISTS, DISPLAY_Fixed Placement_Behavioral_F25-54_160 x 600_Standard_NV_NA",204478520,9/20/2017,317,5,312,0,312,54,258,88,170,54,18,106
TJN_TJX_TJMaxx 2H DIG_FY18,xAd Inc.,PKF446_TJN_TJX_028_Mobile_GROUND TRUTH FKA XAD_DST_SV1_MAP_DIR_RCH_TRG_RON_BTG_BTG_DVY_PHASE 1_BEHAVIORAL AUDIENCE STRATEGIC SAVERS PLACEMENT - RICH MEDIA STORE LOCATOR - Sweaters_Run of Network_Behavioral_F25-54_300 x 250_Click and View_NV_NA,206772560,10/17/2017,2653,45,2608,878,1730,69,1661,808,853,947,461,1269
TJN_TJX_TJMaxx 2H DIG_FY18,Conversant Inc.,PJPWPG_TJN_TJX_028_Audience_CONVERSANT_DST_SV1_TAP_NET_DSP_TRG_RON_BTG_BTG_DVY_PHASE 1_ TABLET MEDIUM RECTANGLE  - CONVERSANT SHOPPERS AV_Run of Site_Behavioral_P18+_300 x 250_Standard_NV_NA,204446129,10/5/2017,410,6,404,0,404,68,336,189,147,68,38,227
TJN_TJX_TJMaxx 2H DIG_FY18,Conversant Inc.,PJPWBX_TJN_TJX_028_Audience_CONVERSANT_DST_SV1_DSK_NET_DSP_TRG_RON_BTG_BTG_DVY_PHASE 1_ DESKTOP WIDE SKYSCRAPER - CJ INTERACTORS LAL MODELING_Run of Site_Behavioral_P18+_160 x 600_Standard_NV_NA,204442033,10/11/2017,26439,1704,24735,10,24725,3655,21070,6736,14334,3665,1172,7908
TJN_MAR_023_Marshalls 2H Digital_F18,NinthDecimal,PJPSRY_TJN_MAR_023_Mobile_NINTHDECIMAL_DST_SV1_MAP_DIR_RCH_TRG_RON_BTG_PXT_DVY_LOCATION GRAPH: LABOR DAY SALES SHOPPERS_Run of Network_Behavioral_F25-54_320 x 50_Click and View_NV_NA,204542876,9/5/2017,140,4,136,21,115,3,112,110,2,24,24,134
TJN_MAR_023_Marshalls 2H Digital_F18,xAd Inc.,PJQ0YL_TJN_MAR_023_Mobile_GROUND TRUTH FKA XAD_DST_SV1_MAP_DIR_DSP_TRG_RON_BTG_PXT_DVY_COMPETITOR SHOPPERS - DYNAMIC DISTANCE_Run of Network_Geo_F25-54_320 x 50_Click and View_NV_NA,204595638,9/23/2017,9994,156,9838,8285,1553,414,1139,1017,122,8699,7035,8052
TJN_TJX_TJMaxx 2H DIG_FY18,Foursquare,"PJPQL0_TJN_TJX_028_Audience_FOURSQUARE LABS, INC_DST_SV1_MAP_PRO_DSP_TRG_RON_PXT_BTG_DVY_PHASE 1_PINPOINT TRENDSETTERS_Run of Network_Geo_F25-54_320 x 50_Standard_NV_NA",204478094,10/14/2017,138724,1672,137052,79315,57737,2425,55312,45092,10220,81740,66637,111729
TJN_TJX_TJMaxx 2H DIG_FY18,xAd Inc.,PJMTN8_TJN_TJX_028_Mobile_GROUND TRUTH FKA XAD_DST_SV1_MAP_DIR_DSP_TRG_RON_BTG_BTG_DVY_PHASE 1_BEHAVIORAL AUDIENCE STRATEGIC SAVERS PLACEMENT - STANDARD BANNER - Maxx You Maxx Life_Run of Network_Behavioral_F25-54_320 x 50_Click and View_NV_NA,204447851,9/17/2017,20857,117,20740,2789,17951,4469,13482,12445,1037,7258,6700,19145
TJN_TJX_TJMaxx 2H DIG_FY18,xAd Inc.,PJPXJY_TJN_TJX_028_Mobile_GROUND TRUTH FKA XAD_DST_SV1_MAP_DIR_DSP_TRG_RON_BTG_BTG_DVY_PHASE 1_BEHAVIORAL AUDIENCE STRATEGIC SAVERS PLACEMENT - STANDARD BANNER - Fall Hero_Run of Network_Behavioral_F25-54_300 x 250_Click and View_NV_NA,204484017,9/20/2017,20798,516,20282,20264,18,2,16,6,10,20266,7600,7606
TJN_TJX_TJMaxx 2H DIG_FY18,NBC Universal Media,PK2HF5_TJN_TJX_028_Content_NBCUNI.COM_BAF_BS2_MAP_DIR_VID_SPN_ROS_BTG_CTG_MOA_THIS IS US SPONSORSHIP: DESKTOP - VIGNETTE 1_Run of Site_Behavioral_F25-54_1920 x 1080_Click and View_NV_NA,205566893,10/1/2017,1480,42,1438,1438,0,0,0,0,0,1438,1034,1034
TJN_MAR_023_Marshalls 2H Digital_F18,xAd Inc.,PJQ0Y8_TJN_MAR_023_Mobile_GROUND TRUTH FKA XAD_DST_SV1_MAP_DIR_RCH_TRG_RON_WEA_PXT_DVY_PROXIMITY LOYALTY - WEATHER LOCATOR UNIT_Run of Network_Weather_F25-54_320 x 50_Click and View_NV_NA,204556189,10/1/2017,6,4,2,2,0,0,0,0,0,2,2,2
TJN_TJX_TJMaxx 2H DIG_FY18,PlaceIQ,PKFRSS_TJN_TJX_028_Mobile_PLACEIQ INC_DST_SV1_MAP_DIR_DSP_TRG_RON_BTG_PXT_DVY_PHASE 1_STANDARD BANNER_TRENDSETTERS_APPROVAL SEEKING SHOPPERS+LIVE OR WORK BY TJMAXX - Sweaters_Run of Network_Behavioral_F25-54_300 x 250_Click and View_NV_NA,206833266,10/20/2017,209,14,195,186,9,2,7,7,0,188,188,195
TJN_MAR_023_Marshalls 2H Digital_F18,xAd Inc.,PJQ0YL_TJN_MAR_023_Mobile_GROUND TRUTH FKA XAD_DST_SV1_MAP_DIR_DSP_TRG_RON_BTG_PXT_DVY_COMPETITOR SHOPPERS - DYNAMIC DISTANCE_Run of Network_Geo_F25-54_320 x 50_Click and View_NV_NA,204595638,10/2/2017,3,2,1,1,0,0,0,0,0,1,1,1
TJN_TJX_TJMaxx 2H DIG_FY18,Viant,"PJNSGV_TJN_TJX_028_Data_VIANT INC_DSI_SV1_DSK_DIR_DSP_TRG_RON_BTG_CTG_DVY_PHASE 1_VIANT DIRECT MATCH RETAIL, TJX PORFOLIO LOYALISTS, DISPLAY_Fixed Placement_Behavioral_F25-54_728 x 90_Standard_NV_NA",204478511,10/21/2017,43760,574,43186,31,43155,2550,40605,32902,7703,2581,2091,34993
TJN_TJX_TJMaxx 2H DIG_FY18,Foursquare,"PJPQL0_TJN_TJX_028_Audience_FOURSQUARE LABS, INC_DST_SV1_MAP_PRO_DSP_TRG_RON_PXT_BTG_DVY_PHASE 1_PINPOINT TRENDSETTERS_Run of Network_Geo_F25-54_320 x 50_Standard_NV_NA",204478094,9/14/2017,77773,4507,73266,48507,24759,1682,23077,17373,5704,50189,37784,55157
TJN_TJX_TJMaxx 2H DIG_FY18,Viant,"PJNSGN_TJN_TJX_028_Data_VIANT INC_DSI_SV1_TWB_DIR_DSP_TRG_RON_BTG_CTG_DVY_PHASE 1_VIANT DIRECT MATCH RETAIL, TJX PORFOLIO LOYALISTS, DISPLAY_Fixed Placement_Behavioral_F25-54_300 x 250_Standard_NV_NA",204526347,10/14/2017,447,3,444,0,444,17,427,330,97,17,13,343
TJN_TJX_TJMaxx 2H DIG_FY18,Viant,"PJNSH9_TJN_TJX_028_Data_VIANT INC_DSI_SV1_TWB_DIR_DSP_TRG_RON_BTG_CTG_DVY_PHASE 1_VIANT DIRECT MATCH RETAIL, COMPETITIVE CONQUESTING, DISPLAY_Fixed Placement_Behavioral_F25-54_300 x 250_Standard_NV_NA",204526701,9/17/2017,5124,71,5053,0,5053,626,4427,3198,1229,626,452,3650
TJN_TJX_TJMaxx 2H DIG_FY18,Viant,"PJSPCJ_TJN_TJC_031_Data_VIANT INC_PUR_ROI_MWB_DIR_DSP_TRG_RON_BTG_MKT_DVY_W25-54 + ONLINE SHOPPERS, CROSS DEVICE DISPLAY_Fixed Placement_Behavioral_F25-54_300 x 250_Click_NV_NA",204733038,10/6/2017,694,11,683,0,683,91,592,357,235,91,55,412
TJN_TJX_TJMaxx 2H DIG_FY18,xAd Inc.,PJMTNC_TJN_TJX_028_Mobile_GROUND TRUTH FKA XAD_DST_SV1_MAP_DIR_DSP_TRG_RON_BTG_BTG_DVY_PHASE 1_BEHAVIORAL AUDIENCE TRENDSETTERS PLACEMENT - STANDARD BANNER - Maxx You Maxx Life_Run of Network_Behavioral_F25-54_320 x 50_Click and View_NV_NA,204447830,9/30/2017,3,2,1,1,0,0,0,0,0,1,1,1
TJN_MAR_023_Marshalls 2H Digital_F18,NinthDecimal,PJPSRV_TJN_MAR_023_Mobile_NINTHDECIMAL_DST_SV1_MAP_DIR_RCH_TRG_RON_BTG_PXT_DVY_LOCATION GRAPH: MARSHALLS LOYALISTS_Run of Network_Behavioral_F25-54_320 x 50_Click and View_NV_NA,204555232,10/12/2017,107497,1811,105686,35905,69781,366,69415,67179,2236,36271,35103,102282
TJN_TJX_TJMaxx 2H DIG_FY18,xAd Inc.,PKF44R_TJN_TJX_028_Mobile_GROUND TRUTH FKA XAD_DST_SV1_MAP_DIR_RCH_TRG_RON_BTG_BTG_DVY_PHASE 1_BEHAVIORAL AUDIENCE STRATEGIC SAVERS PLACEMENT - RICH MEDIA STORE LOCATOR - Find A Store V1_Run of Network_Behavioral_F25-54_320 x 50_Click and View_NV_NA,206772029,10/21/2017,6975,62,6913,2925,3988,158,3830,3222,608,3083,2594,5816
TJN_TJX_TJMaxx 2H DIG_FY18,xAd Inc.,PKF5JT_TJN_TJX_028_Mobile_GROUND TRUTH FKA XAD_DST_SV1_MAP_DIR_DSP_TRG_RON_RTG_RTG_DVY_PHASE 1_LOCATION AUDIENCE COMPETITIVE CONQUESTING PLACEMENT - STANDARD BANNER - Find A Store V1_Run of Network_Retarget_F25-54_320 x 50_Click and View_NV_NA,206813083,10/20/2017,4013,23,3990,854,3136,37,3099,2306,793,891,663,2969
TJN_TJX_TJMaxx 2H DIG_FY18,Viant,"PJNSHD_TJN_TJX_028_Data_VIANT INC_DSI_SV1_DSK_DIR_DSP_TRG_RON_BTG_CTG_DVY_PHASE 1_VIANT DIRECT MATCH RETAIL, COMPETITIVE CONQUESTING, DISPLAY_Fixed Placement_Behavioral_F25-54_160 x 600_Standard_NV_NA",204477281,9/21/2017,5096,314,4782,0,4782,313,4469,2040,2429,313,143,2183
TJN_TJX_TJMaxx 2H DIG_FY18,Viant,"PJNSGN_TJN_TJX_028_Data_VIANT INC_DSI_SV1_TWB_DIR_DSP_TRG_RON_BTG_CTG_DVY_PHASE 1_VIANT DIRECT MATCH RETAIL, TJX PORFOLIO LOYALISTS, DISPLAY_Fixed Placement_Behavioral_F25-54_300 x 250_Standard_NV_NA",204526347,9/14/2017,92,6,86,0,86,8,78,32,46,8,3,35
TJN_TJX_TJMaxx 2H DIG_FY18,xAd Inc.,PJMTN2_TJN_TJX_028_Mobile_GROUND TRUTH FKA XAD_DST_SV1_MAP_DIR_DSP_TRG_RON_RTG_RTG_DVY_PHASE 1_LOCATION AUDIENCE COMPETITIVE CONQUESTING PLACEMENT - STANDARD BANNER - Fall Handbag_Run of Network_Retarget_F25-54_300 x 250_Click and View_NV_NA,204447824,9/23/2017,12890,211,12679,12674,5,0,5,3,2,12674,7604,7607
TJN_TJX_TJMaxx 2H DIG_FY18,NBC Universal Media,PK2JQT_TJN_TJX_028_Content_NBCUNI.COM_BAF_BS2_TAP_DIR_VID_SPN_ROS_BTG_CTG_MOA_THIS IS US SPONSORSHIP: TABLET - VIGNETTE 1_Run of Site_Behavioral_F25-54_1920 x 1080_Click and View_NV_NA,205563488,10/1/2017,1914,11,1903,1903,0,0,0,0,0,1903,1368,1368
TJN_TJX_TJMaxx 2H DIG_FY18,Conversant Inc.,PJPWBW_TJN_TJX_028_Audience_CONVERSANT_DST_SV1_DSK_NET_DSP_TRG_RON_BTG_BTG_DVY_PHASE 1_ DESKTOP RECTANGLE - CJ INTERACTORS LAL MODELING_Run of Site_Behavioral_P18+_300 x 600_Standard_NV_NA,204447740,10/5/2017,1497,135,1362,0,1362,229,1133,348,785,229,70,418
TJN_TJX_TJMaxx 2H DIG_FY18,xAd Inc.,PJPXJS_TJN_TJX_028_Mobile_GROUND TRUTH FKA XAD_DST_SV1_MAP_DIR_DSP_TRG_RON_RTG_RTG_DVY_PHASE 1_LOCATION AUDIENCE COMPETITIVE CONQUESTING PLACEMENT - STANDARD BANNER - Fall Hero_Run of Network_Retarget_F25-54_300 x 250_Click and View_NV_NA,204446153,9/9/2017,12284,392,11892,11882,10,2,8,2,6,11884,2971,2973
TJN_TJX_TJMaxx 2H DIG_FY18,Conversant Inc.,PJPWP9_TJN_TJX_028_Audience_CONVERSANT_DST_SV1_DSK_NET_DSP_TRG_RON_BTG_BTG_DVY_PHASE 1_ DESKTOP MEDIUM RECTANGLE - CONVERSANT SHOPPERS AV_Run of Site_Behavioral_P18+_300 x 250_Standard_NV_NA,204483957,10/15/2017,1340,65,1275,0,1275,38,1237,1036,201,38,32,1068
TJN_TJX_TJMaxx 2H DIG_FY18,xAd Inc.,PJPXK0_TJN_TJX_028_Mobile_GROUND TRUTH FKA XAD_DST_SV1_MAP_DIR_DSP_TRG_RON_BTG_BTG_DVY_PHASE 1_BEHAVIORAL AUDIENCE TRENDSETTERS PLACEMENT - STANDARD BANNER - TJMaxx_Run of Network_Behavioral_F25-54_320 x 50_Click and View_NV_NA,204483993,9/30/2017,3,0,3,2,1,1,0,0,0,3,3,3
TJN_MAR_023_Marshalls 2H Digital_F18,NinthDecimal,PJPSRZ_TJN_MAR_023_Mobile_NINTHDECIMAL_DST_SV1_MAP_DIR_RCH_TRG_RON_BTG_DMA_DVY_CONSUMER JOURNEY: BARGAIN HUNTERS_Run of Network_Behavioral_F25-54_320 x 50_Click and View_NV_NA,204542873,10/12/2017,78173,1112,77061,21726,55335,299,55036,52593,2443,22025,21047,73640
TJN_TJX_TJMaxx 2H DIG_FY18,Viant,"PK2X7C_TJN_TJX_028_Data_VIANT INC_DSI_SV1_TWB_DIR_RCH_TRG_INT_BTG_CTG_DVY_PHASE 1_VIANT IMP, W25-54 STRATEGIC SAVERS, CONTOBOX - Honeycomb_Fixed Placement_Behavioral_F25-54_160 x 600_Click and View_NV_NA",205685992,10/10/2017,33,6,27,3,24,1,23,4,19,4,1,5
TJN_TJX_TJMaxx 2H DIG_FY18,Viant,"PKGK68_TJN_TJX_028_Data_VIANT INC_DSI_SV1_MWB_DIR_CUS_TRG_NAT_BTG_CTG_DVY_PHASE 1_VIANT LIFESTYLE, TRENDSETTERS NATIVE- Booties_Fixed Placement_Contextual_F25-54_0 x 0_Click and View_NV_NA",206772389,10/20/2017,48162,592,47570,47570,0,0,0,0,0,47570,28316,28316
TJN_TJX_TJMaxx 2H DIG_FY18,NBC Universal Media,PK2JQT_TJN_TJX_028_Content_NBCUNI.COM_BAF_BS2_TAP_DIR_VID_SPN_ROS_BTG_CTG_MOA_THIS IS US SPONSORSHIP: TABLET - VIGNETTE 1_Run of Site_Behavioral_F25-54_1920 x 1080_Click and View_NV_NA,205563488,10/2/2017,899,8,891,891,0,0,0,0,0,891,665,665
TJN_TJX_TJMaxx 2H DIG_FY18,Foursquare,"PKFMKZ_TJN_TJX_028_Audience_FOURSQUARE LABS, INC_DST_SV1_MAP_PRO_RCH_TRG_RON_PXT_BTG_DVY_PHASE 1_MOBILE RICH MEDIA TRENDSETTERS - Dresses_Run of Network_Geo_F25-54_300 x 250_Standard_NV_NA",206771852,10/20/2017,1953,72,1881,1370,511,234,277,125,152,1604,724,849
TJN_MAR_023_Marshalls 2H Digital_F18,xAd Inc.,PJQ0YF_TJN_MAR_023_Mobile_GROUND TRUTH FKA XAD_DST_SV1_MAP_DIR_RCH_TRG_RON_WEA_PXT_DVY_PROXIMITY CONQUESTING - WEATHER LOCATOR UNIT_Run of Network_Weather_F25-54_300 x 250_Click and View_NV_NA,204596913,9/26/2017,451,6,445,9,436,145,291,273,18,154,144,417
TJN_TJX_TJMaxx 2H DIG_FY18,Conversant Inc.,PJNPMF_TJN_TJC_031_Audience_CONVERSANT_PUR_ROI_DSK_NET_DSP_TRG_RON_BTG_BTG_DVY_DESKTOP RECTANGLE- STRATEGIC SAVERS_Run of Site_Other_P18+_300 x 600_Standard_NV_NA,204442069,10/19/2017,192,12,180,0,180,39,141,51,90,39,14,65
TJN_TJX_TJMaxx 2H DIG_FY18,xAd Inc.,PJMTND_TJN_TJX_028_Mobile_GROUND TRUTH FKA XAD_DST_SV1_MAP_DIR_DSP_TRG_RON_PXT_PXT_DVY_PHASE 1_PROXIMITY LOYALTY PLACEMENT - STANDARD BANNER - Maxx You Maxx Life_Run of Network_Geo_F25-54_320 x 50_Click and View_NV_NA,204442096,9/18/2017,38438,740,37698,14725,22973,3809,19164,13936,5228,18534,12595,26531
TJN_TJX_TJMaxx 2H DIG_FY18,Hulu,PK3F7G_TJN_TJX_027_Content_HULU_BAF_BS2_MAP_DIR_CUS_SPN_CHS_CTG_CTG_DVY_HULU ROS: PREMIUM SLATE - MOBILE IN APP_FEP_Contextual_F25-54_1920 x 1080_Standard_NV_NA,205634552,10/14/2017,8446,37,8409,8409,0,0,0,0,0,8409,6018,6018
TJN_TJX_TJMaxx 2H DIG_FY18,xAd Inc.,PJMTNB_TJN_TJX_028_Mobile_GROUND TRUTH FKA XAD_DST_SV1_MAP_DIR_DSP_TRG_RON_BTG_BTG_DVY_PHASE 1_BEHAVIORAL AUDIENCE TRENDSETTERS PLACEMENT - STANDARD BANNER - Fall Handbag_Run of Network_Behavioral_F25-54_300 x 250_Click and View_NV_NA,204447833,9/18/2017,9842,184,9658,9653,5,0,5,4,1,9653,7722,7726
TJN_TJX_TJMaxx 2H DIG_FY18,Conversant Inc.,PJPWPF_TJN_TJX_028_Audience_CONVERSANT_DST_SV1_TAP_NET_DSP_TRG_RON_BTG_BTG_DVY_PHASE 1_ TABLET LEADERBOARD - CONVERSANT SHOPPERS AV_Run of Site_Behavioral_P18+_728 x 90_Standard_NV_NA,204442915,9/12/2017,33,0,33,0,33,9,24,3,21,9,1,4
TJN_TJX_TJMaxx 2H DIG_FY18,Viant,PJPXKR_TJN_TJX_028_Data_VIANT INC_DSI_SV1_DSK_DIR_DSP_TRG_RON_BTG_CTG_DVY_PHASE 1_DESKTOP DISPLAY VIANT IMP TARGETING - STRATEGIC SAVERS AV_Fixed Placement_Demo_F25-54_300 x 250_Standard_NV_NA,204475841,10/3/2017,598,137,461,1,460,60,400,183,217,61,28,211
TJN_TJX_TJMaxx 2H DIG_FY18,Viant,"PJNSHG_TJN_TJX_028_Data_VIANT INC_DSI_SV1_DSK_DIR_DSP_TRG_RON_BTG_CTG_DVY_PHASE 1_VIANT DIRECT MATCH RETAIL, COMPETITIVE CONQUESTING, DISPLAY_Fixed Placement_Behavioral_F25-54_728 x 90_Standard_NV_NA",204478490,10/7/2017,4959,73,4886,0,4886,713,4173,2156,2017,713,368,2524
TJN_TJX_TJMaxx 2H DIG_FY18,Viant,PJPXKS_TJN_TJX_028_Data_VIANT INC_DSI_SV1_DSK_DIR_DSP_TRG_RON_BTG_CTG_DVY_PHASE 1_DESKTOP DISPLAY VIANT IMP TARGETING - STRATEGIC SAVERS AV_Fixed Placement_Demo_F25-54_160 x 600_Standard_NV_NA,204477475,10/7/2017,2,0,2,0,2,0,2,1,1,0,0,1
TJN_TJX_TJMaxx 2H DIG_FY18,Viant,"PJSPCG_TJN_TJC_031_Data_VIANT INC_PUR_ROI_DSK_DIR_DSP_TRG_RON_BTG_MKT_DVY_W25-54 + ONLINE SHOPPERS, CROSS DEVICE DISPLAY_Fixed Placement_Behavioral_F25-54_300 x 50_Click_NV_NA",204716182,10/13/2017,49,3,46,0,46,0,46,37,9,0,0,37
TJN_TJX_TJMaxx 2H DIG_FY18,Viant,"PK2V4W_TJN_TJX_028_Data_VIANT INC_DSI_SV1_DSK_DIR_RCH_TRG_INT_BTG_CTG_DVY_PHASE 1_VIANT IMP, W25-54 STRATEGIC SAVERS, CONTOBOX - Fall Homes_Fixed Placement_Behavioral_F25-54_728 x 90_Click and View_NV_NA",205687309,10/17/2017,1049,45,1004,5,999,73,926,832,94,78,70,902
TJN_TJX_TJMaxx 2H DIG_FY18,Viant,"PJSPCJ_TJN_TJC_031_Data_VIANT INC_PUR_ROI_MWB_DIR_DSP_TRG_RON_BTG_MKT_DVY_W25-54 + ONLINE SHOPPERS, CROSS DEVICE DISPLAY_Fixed Placement_Behavioral_F25-54_300 x 250_Click_NV_NA",204733038,10/11/2017,1,0,1,0,1,0,1,1,0,0,0,1
TJN_MAR_023_Marshalls 2H Digital_F18,xAd Inc.,PJQ0YL_TJN_MAR_023_Mobile_GROUND TRUTH FKA XAD_DST_SV1_MAP_DIR_DSP_TRG_RON_BTG_PXT_DVY_COMPETITOR SHOPPERS - DYNAMIC DISTANCE_Run of Network_Geo_F25-54_320 x 50_Click and View_NV_NA,204595638,10/1/2017,1,0,1,0,1,1,0,0,0,1,1,1
TJN_MAR_023_Marshalls 2H Digital_F18,xAd Inc.,PJQ0Y9_TJN_MAR_023_Mobile_GROUND TRUTH FKA XAD_DST_SV1_MAP_DIR_RCH_TRG_RON_WEA_PXT_DVY_PROXIMITY LOYALTY - WEATHER LOCATOR UNIT_Run of Network_Weather_F25-54_300 x 250_Click and View_NV_NA,204541757,10/8/2017,61160,903,60257,17630,42627,693,41934,33827,8107,18323,14781,48608
TJN_TJX_TJMaxx 2H DIG_FY18,Conversant Inc.,PJNPMK_TJN_TJC_031_Audience_CONVERSANT_PUR_ROI_DSK_NET_DSP_TRG_RON_BTG_BTG_DVY_DESKTOP LEADERBOARD- STRATEGIC SAVERS_Run of Site_Other_P18+_728 x 90_Standard_NV_NA,204447263,10/4/2017,2324,72,2252,0,2252,405,1847,792,1055,405,174,966
TJN_TJX_TJMaxx 2H DIG_FY18,Foursquare,"PJPRVH_TJN_TJX_028_Audience_FOURSQUARE LABS, INC_DST_SV1_MAP_PRO_DSP_TRG_RON_PXT_BTG_DVY_PHASE 1_PINPOINT COMPETITIVE CONQUESTING AV_Run of Network_Geo_F25-54_320 x 50_Standard_NV_NA",204478088,9/11/2017,1883,61,1822,1104,718,30,688,469,219,1134,773,1242
TJN_TJX_TJMaxx 2H DIG_FY18,Conversant Inc.,PJPWBT_TJN_TJX_028_Audience_CONVERSANT_DST_SV1_DSK_NET_DSP_TRG_RON_BTG_BTG_DVY_PHASE 1_ DESKTOP LEADERBOARD - CJ INTERACTORS LAL MODELING_Run of Site_Behavioral_P18+_728 x 90_Standard_NV_NA,204446096,10/15/2017,44947,2357,42590,29,42561,5191,37370,16883,20487,5220,2358,19241
TJN_TJX_TJMaxx 2H DIG_FY18,xAd Inc.,PJMTN5_TJN_TJX_028_Mobile_GROUND TRUTH FKA XAD_DST_SV1_MAP_DIR_RCH_TRG_RON_BTG_BTG_DVY_PHASE 1_BEHAVIORAL AUDIENCE TRENDSETTERS PLACEMENT - RICH MEDIA STORE LOCATOR - TJ Maxx_Run of Network_Behavioral_F25-54_320 x 50_Click and View_NV_NA,204442936,9/12/2017,5,2,3,3,0,0,0,0,0,3,3,3
TJN_TJX_TJMaxx 2H DIG_FY18,NBC Universal Media,PK2HF5_TJN_TJX_028_Content_NBCUNI.COM_BAF_BS2_MAP_DIR_VID_SPN_ROS_BTG_CTG_MOA_THIS IS US SPONSORSHIP: DESKTOP - VIGNETTE 1_Run of Site_Behavioral_F25-54_1920 x 1080_Click and View_NV_NA,205566893,10/2/2017,863,22,841,841,0,0,0,0,0,841,628,628
TJN_TJX_TJMaxx 2H DIG_FY18,Foursquare,"PJPSSV_TJN_TJX_028_Audience_FOURSQUARE LABS, INC_DST_SV1_MAP_PRO_RCH_TRG_RON_PXT_BTG_DVY_PHASE 1_MOBILE RICH MEDIA STRATEGIC SAVERS - Fall Handbag_Run of Network_Geo_F25-54_300 x 250_Standard_NV_NA",204525360,10/5/2017,7590,398,7192,888,6304,435,5869,1217,4652,1323,274,1491
TJN_TJX_TJMaxx 2H DIG_FY18,Viant,"PK2X7G_TJN_TJX_028_Data_VIANT INC_DSI_SV1_DSK_DIR_RCH_TRG_INT_BTG_CTG_DVY_PHASE 1_VIANT IMP, W25-54 STRATEGIC SAVERS, CONTOBOX - Honeycomb_Fixed Placement_Behavioral_F25-54_300 x 250_Click and View_NV_NA",205688467,10/14/2017,4136,90,4046,8,4038,624,3414,1584,1830,632,293,1877
TJN_TJX_TJMaxx 2H DIG_FY18,Viant,"PJNSGQ_TJN_TJX_028_Data_VIANT INC_DSI_SV1_MWB_DIR_DSP_TRG_RON_BTG_CTG_DVY_PHASE 1_VIANT DIRECT MATCH RETAIL, TJX PORFOLIO LOYALISTS, DISPLAY_Fixed Placement_Behavioral_F25-54_300 x 250_Standard_NV_NA",204482395,10/20/2017,1696,14,1682,0,1682,184,1498,1175,323,184,144,1319
TJN_TJX_TJMaxx 2H DIG_FY18,Conversant Inc.,PJNPM2_TJN_TJX_028_Audience_CONVERSANT_DST_SV1_MAP_NET_DSP_TRG_RON_BTG_BTG_DVY_PHASE 1_ SMARTPHONE MEDIUM RECTANGLE  - CJ CONVERTERS LAL MODELING_Run of Site_Behavioral_P18+_300 x 250_Standard_NV_NA,204442021,10/20/2017,40585,718,39867,55,39812,6806,33006,7751,25255,6861,1611,9362
TJN_MAR_023_Marshalls 2H Digital_F18,xAd Inc.,PJQ0Y8_TJN_MAR_023_Mobile_GROUND TRUTH FKA XAD_DST_SV1_MAP_DIR_RCH_TRG_RON_WEA_PXT_DVY_PROXIMITY LOYALTY - WEATHER LOCATOR UNIT_Run of Network_Weather_F25-54_320 x 50_Click and View_NV_NA,204556189,10/2/2017,8,6,2,2,0,0,0,0,0,2,2,2
TJN_TJX_TJMaxx 2H DIG_FY18,Hulu,PK3CXJ_TJN_TJX_027_Content_HULU_BAF_BS2_MAP_DIR_CUS_SPN_CHS_CTG_CTG_DVY_FALL TV SPONSORSHIP: PREMIUM SLATE - MOBILE IN APP_FEP_Contextual_F25-54_1920 x 1080_Standard_NV_NA,205683919,10/12/2017,5,0,5,5,0,0,0,0,0,5,3,3
TJN_TJX_TJMaxx 2H DIG_FY18,Viant,PJPXKV_TJN_TJX_028_Data_VIANT INC_DSI_SV1_DSK_DIR_DSP_TRG_RON_BTG_CTG_DVY_PHASE 1_DESKTOP DISPLAY VIANT IMP TARGETING - STRATEGIC SAVERS AV_Fixed Placement_Demo_F25-54_728 x 90_Standard_NV_NA,204526986,9/15/2017,941,304,637,0,637,101,536,388,148,101,73,461
TJN_TJX_TJMaxx 2H DIG_FY18,xAd Inc.,PJMTN9_TJN_TJX_028_Mobile_GROUND TRUTH FKA XAD_DST_SV1_MAP_DIR_DSP_TRG_RON_BTG_BTG_DVY_PHASE 1_BEHAVIORAL AUDIENCE STRATEGIC SAVERS PLACEMENT - STANDARD BANNER - Fall Handbag_Run of Network_Behavioral_F25-54_300 x 250_Click and View_NV_NA,204447293,10/8/2017,8525,155,8370,8366,4,1,3,0,3,8367,0,0
TJN_TJX_TJMaxx 2H DIG_FY18,Conversant Inc.,PJPWBX_TJN_TJX_028_Audience_CONVERSANT_DST_SV1_DSK_NET_DSP_TRG_RON_BTG_BTG_DVY_PHASE 1_ DESKTOP WIDE SKYSCRAPER - CJ INTERACTORS LAL MODELING_Run of Site_Behavioral_P18+_160 x 600_Standard_NV_NA,204442033,10/6/2017,11804,997,10807,0,10807,1454,9353,3538,5815,1454,550,4088
TJN_TJX_TJMaxx 2H DIG_FY18,Hulu,PK3CXH_TJN_TJX_027_Content_HULU_BAF_BS2_DSK_DIR_CUS_SPN_CHS_CTG_CTG_DVY_FALL TV SPONSORSHIP: PREMIUM SLATE - DESKTOP_FEP_Contextual_F25-54_1920 x 1080_Standard_NV_NA,205683922,10/11/2017,26779,562,26217,26217,0,0,0,0,0,26217,17107,17107
TJN_MAR_023_Marshalls 2H Digital_F18,xAd Inc.,PJQ0YN_TJN_MAR_023_Mobile_GROUND TRUTH FKA XAD_DST_SV1_MAP_DIR_DSP_TRG_RON_PXT_BTG_DVY_GEOBLOCKS LOYALTY - DYNAMIC DISTANCE_Run of Network_Geo_F25-54_320 x 50_Click and View_NV_NA,204558328,9/12/2017,35098,725,34373,23088,11285,2168,9117,8006,1111,25256,16288,24294
TJN_MAR_023_Marshalls 2H Digital_F18,xAd Inc.,PJQ0Y8_TJN_MAR_023_Mobile_GROUND TRUTH FKA XAD_DST_SV1_MAP_DIR_RCH_TRG_RON_WEA_PXT_DVY_PROXIMITY LOYALTY - WEATHER LOCATOR UNIT_Run of Network_Weather_F25-54_320 x 50_Click and View_NV_NA,204556189,9/23/2017,26617,572,26045,13249,12796,154,12642,11922,720,13403,12640,24562
TJN_MAR_023_Marshalls 2H Digital_F18,NinthDecimal,PJPSS0_TJN_MAR_023_Mobile_NINTHDECIMAL_DST_SV1_MAP_DIR_RCH_TRG_RON_BTG_DMA_DVY_3RD PARTY: SURPRISE CHOOSERS_Run of Network_Behavioral_F25-54_320 x 50_Click and View_NV_NA,204595875,9/29/2017,1100,18,1082,373,709,5,704,689,15,378,370,1059
TJN_MAR_023_Marshalls 2H Digital_F18,xAd Inc.,PJQ0YS_TJN_MAR_023_Mobile_GROUND TRUTH FKA XAD_DST_SV1_MAP_DIR_DSP_TRG_RON_DMA_BTG_DVY_AV DMA TARGETING_Run of Network_Geo_F25-54_300 x 250_Click and View_NV_NA,204558337,10/3/2017,58192,772,57420,11110,46310,769,45541,33043,12498,11879,8619,41662
TJN_MAR_023_Marshalls 2H Digital_F18,xAd Inc.,PJQ0Y6_TJN_MAR_023_Mobile_GROUND TRUTH FKA XAD_DST_SV1_MAP_DIR_DSP_TRG_RON_PXT_BTG_DVY_PROXIMITY LOYALTY - DYNAMIC DISTANCE_Run of Network_Geo_F25-54_320 x 50_Click and View_NV_NA,204556888,9/15/2017,93530,1972,91558,62298,29260,12609,16651,13789,2862,74907,49728,63517
TJN_TJX_TJMaxx 2H DIG_FY18,Foursquare,"PJPRVH_TJN_TJX_028_Audience_FOURSQUARE LABS, INC_DST_SV1_MAP_PRO_DSP_TRG_RON_PXT_BTG_DVY_PHASE 1_PINPOINT COMPETITIVE CONQUESTING AV_Run of Network_Geo_F25-54_320 x 50_Standard_NV_NA",204478088,10/19/2017,5938,124,5814,4879,935,28,907,839,68,4907,4539,5378
TJN_TJX_TJMaxx 2H DIG_FY18,Conversant Inc.,PJPWPG_TJN_TJX_028_Audience_CONVERSANT_DST_SV1_TAP_NET_DSP_TRG_RON_BTG_BTG_DVY_PHASE 1_ TABLET MEDIUM RECTANGLE  - CONVERSANT SHOPPERS AV_Run of Site_Behavioral_P18+_300 x 250_Standard_NV_NA,204446129,10/17/2017,709,7,702,0,702,146,556,339,217,146,89,428
TJN_TJX_TJMaxx 2H DIG_FY18,xAd Inc.,PJMTN3_TJN_TJX_028_Mobile_GROUND TRUTH FKA XAD_DST_SV1_MAP_DIR_DSP_TRG_RON_RTG_RTG_DVY_PHASE 1_LOCATION AUDIENCE COMPETITIVE CONQUESTING PLACEMENT - STANDARD BANNER - Maxx You Maxx Life_Run of Network_Retarget_F25-54_320 x 50_Click and View_NV_NA,204442933,9/27/2017,43373,559,42814,16935,25879,10303,15576,12843,2733,27238,22166,35009
TJN_TJX_TJMaxx 2H DIG_FY18,Conversant Inc.,PJPTLQ_TJN_TJC_031_Audience_CONVERSANT_PUR_ROI_DSK_NET_DSP_TRG_RON_BTG_BTG_DVY_DESKTOP MEDIUM RECTANGLE- TRENDSETTERS_Run of Site_Other_P18+_300 x 250_Standard_NV_NA,204446138,10/16/2017,22748,1866,20882,3,20879,1895,18984,14064,4920,1898,1406,15470
TJN_TJX_TJMaxx 2H DIG_FY18,Viant,"PK2X7F_TJN_TJX_028_Data_VIANT INC_DSI_SV1_DSK_DIR_RCH_TRG_INT_BTG_CTG_DVY_PHASE 1_VIANT IMP, W25-54 STRATEGIC SAVERS, CONTOBOX - Honeycomb_Fixed Placement_Behavioral_F25-54_728 x 90_Click and View_NV_NA",205727841,10/13/2017,1311,26,1285,3,1282,156,1126,818,308,159,116,934
TJN_TJX_TJMaxx 2H DIG_FY18,Viant,"PJNSGT_TJN_TJX_028_Data_VIANT INC_DSI_SV1_DSK_DIR_DSP_TRG_RON_BTG_CTG_DVY_PHASE 1_VIANT DIRECT MATCH RETAIL, TJX PORFOLIO LOYALISTS, DISPLAY_Fixed Placement_Behavioral_F25-54_160 x 600_Standard_NV_NA",204483025,10/6/2017,9241,368,8873,0,8873,428,8445,3866,4579,428,196,4062
TJN_TJX_TJMaxx 2H DIG_FY18,Conversant Inc.,PJPTML_TJN_TJC_031_Audience_CONVERSANT_PUR_ROI_DSK_NET_DSP_TRG_RON_BTG_BTG_DVY_DESKTOP WIDE SKYSCRAPER- COMPETITIVE CONQUESTING_Run of Site_Other_P18+_160 x 600_Standard_NV_NA,204447224,10/20/2017,807,31,776,0,776,161,615,131,484,161,34,165
TJN_TJX_TJMaxx 2H DIG_FY18,Foursquare,"PJMQ2K_TJN_TJX_028_Audience_FOURSQUARE LABS, INC_DST_SV1_MAP_PRO_DSP_TRG_RON_PXT_BTG_DVY_PHASE 1_PINPOINT STRATEGIC SAVERS_Run of Network_Geo_F25-54_320 x 50_Standard_NV_NA",204483454,9/7/2017,74667,10665,64002,48860,15142,491,14651,11745,2906,49351,39562,51307
TJN_TJX_TJMaxx 2H DIG_FY18,Foursquare,"PK0H7Z_TJN_TJX_028_Audience_FOURSQUARE LABS, INC_DST_SV1_MAP_PRO_RCH_TRG_RON_PXT_BTG_DVY_PHASE 1_MOBILE RICH MEDIA STRATEGIC SAVERS - Fall Honeycomb_Run of Network_Geo_F25-54_300 x 250_Standard_NV_NA",205341980,10/11/2017,7251,669,6582,1487,5095,400,4695,1204,3491,1887,484,1688
TJN_TJX_TJMaxx 2H DIG_FY18,Foursquare,"PJPQL0_TJN_TJX_028_Audience_FOURSQUARE LABS, INC_DST_SV1_MAP_PRO_DSP_TRG_RON_PXT_BTG_DVY_PHASE 1_PINPOINT TRENDSETTERS_Run of Network_Geo_F25-54_320 x 50_Standard_NV_NA",204478094,9/28/2017,109573,4312,105261,71653,33608,1067,32541,25580,6961,72720,57164,82744
TJN_TJX_TJMaxx 2H DIG_FY18,Viant,"PK2X7B_TJN_TJX_028_Data_VIANT INC_DSI_SV1_TWB_DIR_RCH_TRG_INT_BTG_CTG_DVY_PHASE 1_VIANT IMP, W25-54 STRATEGIC SAVERS, CONTOBOX - Honeycomb_Fixed Placement_Behavioral_F25-54_300 x 250_Click and View_NV_NA",205687939,10/1/2017,10611,115,10496,4,10492,2547,7945,5324,2621,2551,1709,7033
TJN_TJX_TJMaxx 2H DIG_FY18,Viant,"PJSPCM_TJN_TJC_031_Data_VIANT INC_PUR_ROI_TWB_DIR_DSP_TRG_RON_BTG_MKT_DVY_W25-54 + ONLINE SHOPPERS, CROSS DEVICE DISPLAY_Fixed Placement_Behavioral_F25-54_300 x 250_Click_NV_NA",204733512,10/20/2017,67428,760,66668,4,66664,6500,60164,41044,19120,6504,4437,45481
TJN_TJX_TJMaxx 2H DIG_FY18,xAd Inc.,PJPXJR_TJN_TJX_028_Mobile_GROUND TRUTH FKA XAD_DST_SV1_MAP_DIR_DSP_TRG_RON_RTG_RTG_DVY_PHASE 1_LOCATION AUDIENCE TJX SHOPPERS PLACEMENT - STANDARD BANNER - Fall Hero_Run of Network_Retarget_F25-54_300 x 250_Click and View_NV_NA,204442105,9/17/2017,12002,263,11739,11651,88,8,80,79,1,11659,11513,11592
TJN_TJX_TJMaxx 2H DIG_FY18,PlaceIQ,PKFRK3_TJN_TJX_028_Mobile_PLACEIQ INC_DST_SV1_MAP_DIR_DSP_TRG_RON_BTG_PXT_DVY_PHASE 1_STANDARD BANNER_TJX PROXIMITY LOYALISTS_WORK BY TJMAXX - Find a Store V2_Run of Network_Behavioral_F25-54_320 x 50_Click and View_NV_NA,206831769,10/21/2017,24546,588,23958,20323,3635,54,3581,3572,9,20377,20326,23898
TJN_MAR_023_Marshalls 2H Digital_F18,Bustle,"PK5G3X_TJN_MAR_023_Content_BUSTLE_ROC Fashion, Lifestyle Channel - Panoramic Unit_Run of Site_Contextual_F25-54_1 x 1_Click and View_NV_NA",206333601,10/15/2017,408060,5988,402072,247,401825,368969,32856,17811,15045,369216,200149,217960
TJN_MAR_023_Marshalls 2H Digital_F18,xAd Inc.,PJQ0YM_TJN_MAR_023_Mobile_GROUND TRUTH FKA XAD_DST_SV1_MAP_DIR_DSP_TRG_RON_BTG_PXT_DVY_COMPETITOR SHOPPERS - DYNAMIC DISTANCE_Run of Network_Geo_F25-54_300 x 250_Click and View_NV_NA,204555259,9/25/2017,3548,474,3074,3006,68,2,66,61,5,3008,2777,2838
TJN_MAR_023_Marshalls 2H Digital_F18,xAd Inc.,PJQ0YJ_TJN_MAR_023_Mobile_GROUND TRUTH FKA XAD_DST_SV1_MAP_DIR_DSP_TRG_RON_BTG_PXT_DVY_MARSHALLS SHOPPERS - DYNAMIC DISTANCE_Run of Network_Geo_F25-54_320 x 50_Click and View_NV_NA,204595911,10/7/2017,7340,119,7221,2681,4540,37,4503,3315,1188,2718,2006,5321
TJN_TJX_TJMaxx 2H DIG_FY18,Conversant Inc.,PJPTMP_TJN_TJC_031_Audience_CONVERSANT_PUR_ROI_DSK_NET_DSP_TRG_RON_BTG_BTG_DVY_DESKTOP LEADERBOARD- COMPETITIVE CONQUESTING_Run of Site_Other_P18+_728 x 90_Standard_NV_NA,204443389,10/16/2017,7655,829,6826,0,6826,704,6122,4683,1439,704,539,5222
TJN_TJX_TJMaxx 2H DIG_FY18,xAd Inc.,PJPXK1_TJN_TJX_028_Mobile_GROUND TRUTH FKA XAD_DST_SV1_MAP_DIR_DSP_TRG_RON_PXT_PXT_DVY_PHASE 1_PROXIMITY LOYALTY PLACEMENT - STANDARD BANNER - TJMaxx_Run of Network_Geo_F25-54_320 x 50_Click and View_NV_NA,204483996,10/16/2017,9958,394,9564,1239,8325,97,8228,5567,2661,1336,904,6471
TJN_TJX_TJMaxx 2H DIG_FY18,xAd Inc.,PJYDBR_TJN_TJX_028_Mobile_GROUND TRUTH FKA XAD_DST_SV1_MAP_DIR_RCH_TRG_RON_BTG_BTG_DVY_PHASE 1_BEHAVIORAL AUDIENCE TRENDSETTERS PLACEMENT - RICH MEDIA STORE LOCATOR - Maxx You Maxx Life_Run of Network_Behavioral_F25-54_320 x 50_Click and View_NV_NA,205145234,9/24/2017,17124,180,16944,8959,7985,162,7823,7099,724,9121,8277,15376
TJN_TJX_TJMaxx 2H DIG_FY18,Conversant Inc.,PJPWP8_TJN_TJX_028_Audience_CONVERSANT_DST_SV1_DSK_NET_DSP_TRG_RON_BTG_BTG_DVY_PHASE 1_ DESKTOP LEADERBOARD - CONVERSANT SHOPPERS AV_Run of Site_Behavioral_P18+_728 x 90_Standard_NV_NA,204446132,9/12/2017,596,70,526,0,526,21,505,321,184,21,13,334
TJN_TJX_TJMaxx 2H DIG_FY18,Viant,"PJNSGN_TJN_TJX_028_Data_VIANT INC_DSI_SV1_TWB_DIR_DSP_TRG_RON_BTG_CTG_DVY_PHASE 1_VIANT DIRECT MATCH RETAIL, TJX PORFOLIO LOYALISTS, DISPLAY_Fixed Placement_Behavioral_F25-54_300 x 250_Standard_NV_NA",204526347,9/28/2017,3,1,2,0,2,0,2,2,0,0,0,2
TJN_TJX_TJMaxx 2H DIG_FY18,Conversant Inc.,PJPWBW_TJN_TJX_028_Audience_CONVERSANT_DST_SV1_DSK_NET_DSP_TRG_RON_BTG_BTG_DVY_PHASE 1_ DESKTOP RECTANGLE - CJ INTERACTORS LAL MODELING_Run of Site_Behavioral_P18+_300 x 600_Standard_NV_NA,204447740,10/17/2017,14127,1133,12994,2,12992,1542,11450,3775,7675,1544,509,4284
TJN_MAR_023_Marshalls 2H Digital_F18,xAd Inc.,PJQ0YF_TJN_MAR_023_Mobile_GROUND TRUTH FKA XAD_DST_SV1_MAP_DIR_RCH_TRG_RON_WEA_PXT_DVY_PROXIMITY CONQUESTING - WEATHER LOCATOR UNIT_Run of Network_Weather_F25-54_300 x 250_Click and View_NV_NA,204596913,10/9/2017,1227,11,1216,20,1196,55,1141,1016,125,75,67,1083
TJN_TJX_TJMaxx 2H DIG_FY18,Foursquare,"PJPSSY_TJN_TJX_028_Audience_FOURSQUARE LABS, INC_DST_SV1_MAP_PRO_RCH_TRG_RON_PXT_BTG_DVY_PHASE 1_MOBILE RICH MEDIA TRENDSETTERS - Find A TJ Maxx Store_Run of Network_Geo_F25-54_320 x 50_Standard_NV_NA",204527598,9/30/2017,123279,2929,120350,64734,55616,3229,52387,35856,16531,67963,46517,82373
TJN_TJX_TJMaxx 2H DIG_FY18,xAd Inc.,PJYDBM_TJN_TJX_028_Mobile_GROUND TRUTH FKA XAD_DST_SV1_MAP_DIR_RCH_TRG_RON_PXT_PXT_DVY_PHASE 1_PROXIMITY LOYALTY PLACEMENT - RICH MEDIA STORE LOCATOR - Fall Hero_Run of Network_Geo_F25-54_300 x 250_Click and View_NV_NA,205209355,9/29/2017,6260,21,6239,74,6165,21,6144,5854,290,95,91,5945
TJN_TJX_TJMaxx 2H DIG_FY18,xAd Inc.,PJMTMR_TJN_TJX_028_Mobile_GROUND TRUTH FKA XAD_DST_SV1_MAP_DIR_RCH_TRG_RON_PXT_PXT_DVY_PHASE 1_PROXIMITY LOYALTY PLACEMENT - RICH MEDIA STORE LOCATOR - Fall Handbag_Run of Network_Geo_F25-54_300 x 250_Click and View_NV_NA,204442093,10/10/2017,14835,64,14771,2229,12542,92,12450,11822,628,2321,2204,14026
TJN_TJX_TJMaxx 2H DIG_FY18,Conversant Inc.,PJPWC1_TJN_TJX_028_Audience_CONVERSANT_DST_SV1_MAP_NET_DSP_TRG_RON_BTG_BTG_DVY_PHASE 1_ SMARTPHONE MEDIUM RECTANGLE  - CJ INTERACTORS LAL MODELING_Run of Site_Behavioral_P18+_300 x 250_Standard_NV_NA,204483942,10/10/2017,14278,167,14111,88,14023,2335,11688,2362,9326,2423,490,2852
TJN_TJX_TJMaxx 2H DIG_FY18,Hulu,PK3F7G_TJN_TJX_027_Content_HULU_BAF_BS2_MAP_DIR_CUS_SPN_CHS_CTG_CTG_DVY_HULU ROS: PREMIUM SLATE - MOBILE IN APP_FEP_Contextual_F25-54_1920 x 1080_Standard_NV_NA,205634552,9/28/2017,4279,31,4248,4248,0,0,0,0,0,4248,3234,3234
TJN_TJX_TJMaxx 2H DIG_FY18,Foursquare,"PK0H83_TJN_TJX_028_Audience_FOURSQUARE LABS, INC_DST_SV1_MAP_PRO_RCH_TRG_RON_PXT_BTG_DVY_PHASE 1_MOBILE RICH MEDIA COMPETITIVE CONQUESTING - Fall Honeycomb_Run of Network_Geo_F25-54_300 x 250_Standard_NV_NA",205344161,10/4/2017,4292,230,4062,1658,2404,141,2263,791,1472,1799,629,1420
TJN_TJX_TJMaxx 2H DIG_FY18,Foursquare,"PJYHWD_TJN_TJX_028_Audience_FOURSQUARE LABS, INC_DST_SV1_MAP_PRO_DSP_TRG_RON_PXT_BTG_DVY_PHASE 1_PINPOINT COMPETITIVE CONQUESTING_Run of Network_Geo_F25-54_300 x 250_Standard_NV_NA",205235284,10/7/2017,4921,392,4529,2120,2409,155,2254,1349,905,2275,1362,2711
TJN_TJX_TJMaxx 2H DIG_FY18,Viant,"PK2V4W_TJN_TJX_028_Data_VIANT INC_DSI_SV1_DSK_DIR_RCH_TRG_INT_BTG_CTG_DVY_PHASE 1_VIANT IMP, W25-54 STRATEGIC SAVERS, CONTOBOX - Fall Homes_Fixed Placement_Behavioral_F25-54_728 x 90_Click and View_NV_NA",205687309,10/5/2017,3909,77,3832,4,3828,206,3622,1457,2165,210,84,1541
TJN_MAR_023_Marshalls 2H Digital_F18,xAd Inc.,PJQ0YJ_TJN_MAR_023_Mobile_GROUND TRUTH FKA XAD_DST_SV1_MAP_DIR_DSP_TRG_RON_BTG_PXT_DVY_MARSHALLS SHOPPERS - DYNAMIC DISTANCE_Run of Network_Geo_F25-54_320 x 50_Click and View_NV_NA,204595911,9/8/2017,11484,169,11315,6971,4344,653,3691,3007,684,7624,6088,9095
TJN_MAR_023_Marshalls 2H Digital_F18,NinthDecimal,PJPSS0_TJN_MAR_023_Mobile_NINTHDECIMAL_DST_SV1_MAP_DIR_RCH_TRG_RON_BTG_DMA_DVY_3RD PARTY: SURPRISE CHOOSERS_Run of Network_Behavioral_F25-54_320 x 50_Click and View_NV_NA,204595875,9/10/2017,6068,54,6014,1219,4795,46,4749,4626,123,1265,1232,5858
TJN_TJX_TJMaxx 2H DIG_FY18,PlaceIQ,PK19YY_TJN_TJX_028_Mobile_PLACEIQ INC_DST_SV1_MAP_DIR_RCH_TRG_RON_BTG_PTG_DVY_PHASE 1_RICH MEDIA_STRATEGIC SAVERS_FREQUENT WOMEN'S APPAREL SHOPPER+DISCRETIONARY SPEND SHOPPERS_Run of Network_Behavioral_F25-54_320 x 50_Click and View_NV_NA,205568681,10/8/2017,36829,925,35904,16105,19799,806,18993,18462,531,16911,16438,34900
TJN_TJX_TJMaxx 2H DIG_FY18,Viant,"PJNSGW_TJN_TJX_028_Data_VIANT INC_DSI_SV1_DSK_DIR_DSP_TRG_RON_BTG_CTG_DVY_PHASE 1_VIANT DIRECT MATCH RETAIL, TJX PORFOLIO LOYALISTS, DISPLAY_Fixed Placement_Behavioral_F25-54_300 x 250_Standard_NV_NA",204478514,9/21/2017,17857,4061,13796,0,13796,1006,12790,7505,5285,1006,590,8095
TJN_TJX_TJMaxx 2H DIG_FY18,Viant,"PK2X7B_TJN_TJX_028_Data_VIANT INC_DSI_SV1_TWB_DIR_RCH_TRG_INT_BTG_CTG_DVY_PHASE 1_VIANT IMP, W25-54 STRATEGIC SAVERS, CONTOBOX - Honeycomb_Fixed Placement_Behavioral_F25-54_300 x 250_Click and View_NV_NA",205687939,10/2/2017,27,15,12,3,9,4,5,5,0,7,7,12
TJN_TJX_TJMaxx 2H DIG_FY18,Foursquare,"PK0H7Z_TJN_TJX_028_Audience_FOURSQUARE LABS, INC_DST_SV1_MAP_PRO_RCH_TRG_RON_PXT_BTG_DVY_PHASE 1_MOBILE RICH MEDIA STRATEGIC SAVERS - Fall Honeycomb_Run of Network_Geo_F25-54_300 x 250_Standard_NV_NA",205341980,10/6/2017,5235,457,4778,940,3838,287,3551,873,2678,1227,302,1175
TJN_TJX_TJMaxx 2H DIG_FY18,PlaceIQ,PK18VB_TJN_TJX_028_Mobile_PLACEIQ INC_DST_SV1_MAP_DIR_DSP_TRG_RON_BTG_PXT_DVY_PHASE 1_STANDARD BANNER_TJX PROXIMITY LOYALISTS_WORK BY TJMAXX - Maxx You Maxx Life_Run of Network_Behavioral_F25-54_320 x 50_Click and View_NV_NA,205563149,10/20/2017,16937,358,16579,9714,6865,66,6799,6727,72,9780,9676,16403
TJN_TJX_TJMaxx 2H DIG_FY18,Foursquare,"PJPRQH_TJN_TJX_028_Audience_FOURSQUARE LABS, INC_DST_SV1_MAP_PRO_DSP_TRG_RON_PXT_BTG_DVY_PHASE 1_PINPOINT STRATEGIC SAVERS AV_Run of Network_Geo_F25-54_300 x 250_Standard_NV_NA",204481807,9/25/2017,287,18,269,55,214,10,204,66,138,65,21,87
TJN_TJX_TJMaxx 2H DIG_FY18,Viant,"PK2X7G_TJN_TJX_028_Data_VIANT INC_DSI_SV1_DSK_DIR_RCH_TRG_INT_BTG_CTG_DVY_PHASE 1_VIANT IMP, W25-54 STRATEGIC SAVERS, CONTOBOX - Honeycomb_Fixed Placement_Behavioral_F25-54_300 x 250_Click and View_NV_NA",205688467,9/28/2017,17,4,13,4,9,4,5,5,0,8,8,13
TJN_TJX_TJMaxx 2H DIG_FY18,xAd Inc.,PJYDBR_TJN_TJX_028_Mobile_GROUND TRUTH FKA XAD_DST_SV1_MAP_DIR_RCH_TRG_RON_BTG_BTG_DVY_PHASE 1_BEHAVIORAL AUDIENCE TRENDSETTERS PLACEMENT - RICH MEDIA STORE LOCATOR - Maxx You Maxx Life_Run of Network_Behavioral_F25-54_320 x 50_Click and View_NV_NA,205145234,9/22/2017,20379,205,20174,6192,13982,141,13841,13105,736,6333,5996,19101
TJN_TJX_TJMaxx 2H DIG_FY18,Viant,"PK2X7B_TJN_TJX_028_Data_VIANT INC_DSI_SV1_TWB_DIR_RCH_TRG_INT_BTG_CTG_DVY_PHASE 1_VIANT IMP, W25-54 STRATEGIC SAVERS, CONTOBOX - Honeycomb_Fixed Placement_Behavioral_F25-54_300 x 250_Click and View_NV_NA",205687939,9/23/2017,6913,64,6849,1,6848,676,6172,742,5430,677,81,823
TJN_TJX_TJMaxx 2H DIG_FY18,Conversant Inc.,PJNPLX_TJN_TJX_028_Audience_CONVERSANT_DST_SV1_DSK_NET_DSP_TRG_RON_BTG_BTG_DVY_PHASE 1_ DESKTOP RECTANGLE - CJ CONVERTERS LAL MODELING_Run of Site_Behavioral_P18+_300 x 600_Standard_NV_NA,204442894,10/2/2017,105,9,96,0,96,10,86,31,55,10,4,35
TJN_TJX_TJMaxx 2H DIG_FY18,Hulu,PK3CXL_TJN_TJX_027_Content_HULU_BAF_BS2_TAP_DIR_CUS_SPN_CHS_CTG_CTG_DVY_FALL TV SPONSORSHIP: PREMIUM SLATE - TABLET IN APP_FEP_Contextual_F25-54_1920 x 1080_Standard_NV_NA,205726818,9/29/2017,15253,126,15127,15127,0,0,0,0,0,15127,11211,11211
TJN_TJX_TJMaxx 2H DIG_FY18,Viant,"PJNSGT_TJN_TJX_028_Data_VIANT INC_DSI_SV1_DSK_DIR_DSP_TRG_RON_BTG_CTG_DVY_PHASE 1_VIANT DIRECT MATCH RETAIL, TJX PORFOLIO LOYALISTS, DISPLAY_Fixed Placement_Behavioral_F25-54_160 x 600_Standard_NV_NA",204483025,10/11/2017,8634,702,7932,0,7932,500,7432,5076,2356,500,341,5417
TJN_TJX_TJMaxx 2H DIG_FY18,xAd Inc.,PJMTNF_TJN_TJX_028_Mobile_GROUND TRUTH FKA XAD_DST_SV1_MAP_DIR_DSP_TRG_RON_PXT_PXT_DVY_PHASE 1_PROXIMITY LOYALTY PLACEMENT - STANDARD BANNER - Fall Handbag_Run of Network_Geo_F25-54_300 x 250_Click and View_NV_NA,204446159,10/11/2017,11500,169,11331,11324,7,0,7,5,2,11324,8089,8094
TJN_TJX_TJMaxx 2H DIG_FY18,xAd Inc.,PJYDBW_TJN_TJX_028_Mobile_GROUND TRUTH FKA XAD_DST_SV1_MAP_DIR_RCH_TRG_RON_BTG_BTG_DVY_PHASE 1_BEHAVIORAL AUDIENCE STRATEGIC SAVERS PLACEMENT - RICH MEDIA STORE LOCATOR - Fall Hero_Run of Network_Behavioral_F25-54_300 x 250_Click and View_NV_NA,205207030,10/7/2017,4743,65,4678,924,3754,64,3690,1817,1873,988,487,2304
TJN_TJX_TJMaxx 2H DIG_FY18,Viant,"PJSPBV_TJN_TJC_031_Data_VIANT INC_PUR_ROI_MWB_DIR_DSP_TRG_RON_BTG_MKT_DVY_DETERMINSTIC LAL OF ECOM CONVERTERS, CROSS DEVICE DISPLAY_Fixed Placement_Behavioral_F25-54_160 x 600_Click_NV_NA",204733791,10/17/2017,13930,484,13446,0,13446,899,12547,8695,3852,899,623,9318
TJN_MAR_023_Marshalls 2H Digital_F18,xAd Inc.,PJQ0YM_TJN_MAR_023_Mobile_GROUND TRUTH FKA XAD_DST_SV1_MAP_DIR_DSP_TRG_RON_BTG_PXT_DVY_COMPETITOR SHOPPERS - DYNAMIC DISTANCE_Run of Network_Geo_F25-54_300 x 250_Click and View_NV_NA,204555259,10/15/2017,5864,242,5622,5622,0,0,0,0,0,5622,4876,4876
TJN_TJX_TJMaxx 2H DIG_FY18,PlaceIQ,PK18VC_TJN_TJX_028_Mobile_PLACEIQ INC_DST_SV1_MAP_DIR_RCH_TRG_RON_BTG_PXT_DVY_PHASE 1_RICH MEDIA_TJX PORTFOLIO LOYALISTS_Run of Network_Behavioral_F25-54_320 x 50_Click and View_NV_NA,205568912,10/14/2017,30220,560,29660,13275,16385,579,15806,15480,326,13854,13568,29048
TJN_TJX_TJMaxx 2H DIG_FY18,Conversant Inc.,PJPTLM_TJN_TJC_031_Audience_CONVERSANT_PUR_ROI_MAP_NET_DSP_TRG_RON_BTG_BTG_DVY_SMARTPHONE SMALL BANNER - TRENDSETTERS_Run of Site_Other_P18+_320 x 50_Standard_NV_NA,204447785,10/13/2017,37697,457,37240,1,37239,2937,34302,30991,3311,2938,2654,33645
TJN_TJX_TJMaxx 2H DIG_FY18,xAd Inc.,PKF49F_TJN_TJX_028_Mobile_GROUND TRUTH FKA XAD_DST_SV1_MAP_DIR_DSP_TRG_RON_BTG_BTG_DVY_PHASE 1_BEHAVIORAL AUDIENCE TRENDSETTERS PLACEMENT - STANDARD BANNER - Sweaters_Run of Network_Behavioral_F25-54_300 x 250_Click and View_NV_NA,206812759,10/21/2017,2748,34,2714,2714,0,0,0,0,0,2714,2714,2714
TJN_MAR_023_Marshalls 2H Digital_F18,xAd Inc.,PJQ0YR_TJN_MAR_023_Mobile_GROUND TRUTH FKA XAD_DST_SV1_MAP_DIR_DSP_TRG_RON_PXT_BTG_DVY_GEOBLOCKS CONQUESTING - DYNAMIC DISTANCE_Run of Network_Geo_F25-54_300 x 250_Click and View_NV_NA,204555244,9/14/2017,6347,223,6124,6098,26,1,25,5,20,6099,1220,1225
TJN_TJX_TJMaxx 2H DIG_FY18,xAd Inc.,PKF473_TJN_TJX_028_Mobile_GROUND TRUTH FKA XAD_DST_SV1_MAP_DIR_DSP_TRG_RON_PXT_PXT_DVY_PHASE 1_PROXIMITY LOYALTY PLACEMENT - STANDARD BANNER - Find A Store V1_Run of Network_Geo_F25-54_320 x 50_Click and View_NV_NA,206813098,10/14/2017,3307,103,3204,872,2332,21,2311,1528,783,893,590,2118
TJN_TJX_TJMaxx 2H DIG_FY18,Conversant Inc.,PJPTLN_TJN_TJC_031_Audience_CONVERSANT_PUR_ROI_MAP_NET_DSP_TRG_RON_BTG_BTG_DVY_SMARTPHONE MEDIUM RECTANGLE - TRENDSETTERS_Run of Site_Other_P18+_300 x 250_Standard_NV_NA,204446141,10/18/2017,405,4,401,0,401,77,324,115,209,77,27,142
TJN_MAR_023_Marshalls 2H Digital_F18,xAd Inc.,PJQ0YC_TJN_MAR_023_Mobile_GROUND TRUTH FKA XAD_DST_SV1_MAP_DIR_DSP_TRG_RON_PXT_BTG_DVY_PROXIMITY CONQUESTING - DYNAMIC DISTANCE_Run of Network_Geo_F25-54_300 x 250_Click and View_NV_NA,204595923,10/8/2017,11712,792,10920,10918,2,1,1,1,0,10919,10919,10920
TJN_MAR_023_Marshalls 2H Digital_F18,xAd Inc.,PJQ0YL_TJN_MAR_023_Mobile_GROUND TRUTH FKA XAD_DST_SV1_MAP_DIR_DSP_TRG_RON_BTG_PXT_DVY_COMPETITOR SHOPPERS - DYNAMIC DISTANCE_Run of Network_Geo_F25-54_320 x 50_Click and View_NV_NA,204595638,10/19/2017,2717,20,2697,2553,144,2,142,110,32,2555,1979,2089
TJN_TJX_TJMaxx 2H DIG_FY18,Conversant Inc.,PJNPML_TJN_TJC_031_Audience_CONVERSANT_PUR_ROI_DSK_NET_DSP_TRG_RON_BTG_BTG_DVY_DESKTOP MEDIUM RECTANGLE- STRATEGIC SAVERS_Run of Site_Other_P18+_300 x 250_Standard_NV_NA,204443407,10/7/2017,14937,500,14437,0,14437,2070,12367,5769,6598,2070,966,6735
TJN_MAR_023_Marshalls 2H Digital_F18,xAd Inc.,PJQ0YR_TJN_MAR_023_Mobile_GROUND TRUTH FKA XAD_DST_SV1_MAP_DIR_DSP_TRG_RON_PXT_BTG_DVY_GEOBLOCKS CONQUESTING - DYNAMIC DISTANCE_Run of Network_Geo_F25-54_300 x 250_Click and View_NV_NA,204555244,10/14/2017,8632,418,8214,8214,0,0,0,0,0,8214,821,821
TJN_MAR_023_Marshalls 2H Digital_F18,NinthDecimal,PJPSRX_TJN_MAR_023_Mobile_NINTHDECIMAL_DST_SV1_MAP_DIR_RCH_TRG_RON_BTG_PXT_DVY_LOCATION GRAPH: COMPETITIVE CONQUESTING_Run of Network_Behavioral_F25-54_320 x 50_Click and View_NV_NA,204542879,10/7/2017,19373,289,19084,7890,11194,72,11122,10746,376,7962,7693,18439
TJN_TJX_TJMaxx 2H DIG_FY18,Conversant Inc.,PJPTLL_TJN_TJC_031_Audience_CONVERSANT_PUR_ROI_DSK_NET_DSP_TRG_RON_BTG_BTG_DVY_DESKTOP WIDE SKYSCRAPER- TRENDSETTERS_Run of Site_Other_P18+_160 x 600_Standard_NV_NA,204447269,10/7/2017,7762,271,7491,0,7491,2056,5435,1530,3905,2056,579,2109
TJN_TJX_TJMaxx 2H DIG_FY18,xAd Inc.,PJMTN2_TJN_TJX_028_Mobile_GROUND TRUTH FKA XAD_DST_SV1_MAP_DIR_DSP_TRG_RON_RTG_RTG_DVY_PHASE 1_LOCATION AUDIENCE COMPETITIVE CONQUESTING PLACEMENT - STANDARD BANNER - Fall Handbag_Run of Network_Retarget_F25-54_300 x 250_Click and View_NV_NA,204447824,10/19/2017,7535,113,7422,7421,1,1,0,0,0,7422,6388,6388
TJN_TJX_TJMaxx 2H DIG_FY18,Foursquare,"PK0H82_TJN_TJX_028_Audience_FOURSQUARE LABS, INC_DST_SV1_MAP_PRO_RCH_TRG_RON_PXT_BTG_DVY_PHASE 1_MOBILE RICH MEDIA TRENDSETTERS - Find A Store_Run of Network_Geo_F25-54_320 x 50_Standard_NV_NA",205394971,10/20/2017,1,0,1,1,0,0,0,0,0,1,1,1
TJN_TJX_TJMaxx 2H DIG_FY18,NBC Universal Media,PK2LH8_TJN_TJX_028_Content_NBCUNI.COM_BAF_BS2_DSK_DIR_DSP_SPN_HPT_CTG_CTG_DCM_100% SOV NBC THIS IS US ROADBLOCK 10/3 - 970X66 DESKTOP_HP Takeover_Contextual_F25-54_970 x 66_Standard_NV_NA,205566356,10/2/2017,4,0,4,0,4,0,4,4,0,0,0,4
TJN_MAR_023_Marshalls 2H Digital_F18,xAd Inc.,PJQ0YD_TJN_MAR_023_Mobile_GROUND TRUTH FKA XAD_DST_SV1_MAP_DIR_RCH_TRG_RON_WEA_PXT_DVY_PROXIMITY CONQUESTING - WEATHER LOCATOR UNIT_Run of Network_Weather_F25-54_320 x 50_Click and View_NV_NA,204541553,9/8/2017,18392,351,18041,12628,5413,75,5338,5167,171,12703,12296,17463
TJN_MAR_023_Marshalls 2H Digital_F18,Spotify USA Inc.,PK0HN8_TJN_MAR_023_Audience_SPOTIFY USA INC_DST_SV2_MAP_DIR_DSP_TRG_ROS_DMA_PXT_DVY_MOBILE OVERLAY 630X920_Run of Site_Geo_F25-54_630 x 920_Click and View_NV_NA,205561904,10/4/2017,45921,819,45102,45102,0,0,0,0,0,45102,39334,39334
TJN_TJX_TJMaxx 2H DIG_FY18,PlaceIQ,PKFS8N_TJN_TJX_028_Mobile_PLACEIQ INC_DST_SV1_MAP_DIR_DSP_TRG_RON_BTG_PXT_DVY_PHASE 1_STANDARD BANNER_TRENDSETTERS_APPROVAL SEEKING SHOPPERS+LIVE OR WORK BY TJMAXX - Dresses_Run of Network_Behavioral_F25-54_300 x 250_Click and View_NV_NA,206833473,10/20/2017,747,82,665,655,10,2,8,8,0,657,657,665
TJN_TJX_TJMaxx 2H DIG_FY18,Conversant Inc.,PJNPMJ_TJN_TJC_031_Audience_CONVERSANT_PUR_ROI_MAP_NET_DSP_TRG_RON_BTG_BTG_DVY_SMARTPHONE MEDIUM RECTANGLE - STRATEGIC SAVERS_Run of Site_Other_P18+_300 x 250_Standard_NV_NA,204442063,10/19/2017,880,11,869,1,868,175,693,177,516,176,45,222
TJN_TJX_TJMaxx 2H DIG_FY18,Viant,"PJSPBR_TJN_TJC_031_Data_VIANT INC_PUR_ROI_DSK_DIR_DSP_TRG_RON_BTG_MKT_DVY_DETERMINSTIC LAL OF ECOM CONVERTERS, CROSS DEVICE DISPLAY_Fixed Placement_Behavioral_F25-54_300 x 250_Click_NV_NA",204715645,10/20/2017,609,41,568,0,568,33,535,354,181,33,22,376
TJN_TJX_TJMaxx 2H DIG_FY18,xAd Inc.,PJPXJQ_TJN_TJX_028_Mobile_GROUND TRUTH FKA XAD_DST_SV1_MAP_DIR_DSP_TRG_RON_RTG_RTG_DVY_PHASE 1_LOCATION AUDIENCE TJX SHOPPERS PLACEMENT - STANDARD BANNER - TJMaxx_Run of Network_Retarget_F25-54_320 x 50_Click and View_NV_NA,204447839,9/9/2017,37983,542,37441,1870,35571,24525,11046,7829,3217,26395,18705,26534
TJN_MAR_023_Marshalls 2H Digital_F18,NinthDecimal,PJPSRT_TJN_MAR_023_Mobile_NINTHDECIMAL_DST_SV1_MAP_DIR_RCH_TRG_RON_PXT_DMA_DVY_GEOFENCE: 15-20-MILE RADIUS AROUND RURAL STORES_Run of Network_Geo_F25-54_320 x 50_Click and View_NV_NA,204542885,9/15/2017,26335,582,25753,10945,14808,82,14726,14360,366,11027,10753,25113
TJN_TJX_TJMaxx 2H DIG_FY18,Hulu,PK3DG4_TJN_TJX_027_Content_HULU_BAF_BS2_DSK_DIR_VID_SPN_CHS_CTG_CTG_DVY_FALL TV SPONSORSHIP: MASTHEAD BRAND - MOBILE IN APP_FEP_Contextual_F25-54_1 x 1_Standard_NV_NA,205725858,9/27/2017,5,0,5,5,0,0,0,0,0,5,4,4
TJN_TJX_TJMaxx 2H DIG_FY18,Viant,"PJNSH7_TJN_TJX_028_Data_VIANT INC_DSI_SV1_MWB_DIR_DSP_TRG_RON_BTG_CTG_DVY_PHASE 1_VIANT DIRECT MATCH RETAIL, COMPETITIVE CONQUESTING, DISPLAY_Fixed Placement_Behavioral_F25-54_320 x 50_Standard_NV_NA",204477565,9/26/2017,28214,482,27732,0,27732,1897,25835,19958,5877,1897,1465,21423
TJN_TJX_TJMaxx 2H DIG_FY18,Conversant Inc.,PJPTMN_TJN_TJC_031_Audience_CONVERSANT_PUR_ROI_MAP_NET_DSP_TRG_RON_BTG_BTG_DVY_SMARTPHONE MEDIUM RECTANGLE - COMPETITIVE CONQUESTING_Run of Site_Other_P18+_300 x 250_Standard_NV_NA,204447221,10/5/2017,8970,135,8835,0,8835,1116,7719,3615,4104,1116,523,4138
TJN_TJX_TJMaxx 2H DIG_FY18,Conversant Inc.,PJNPMF_TJN_TJC_031_Audience_CONVERSANT_PUR_ROI_DSK_NET_DSP_TRG_RON_BTG_BTG_DVY_DESKTOP RECTANGLE- STRATEGIC SAVERS_Run of Site_Other_P18+_300 x 600_Standard_NV_NA,204442069,10/2/2017,4,0,4,0,4,0,4,0,4,0,0,0
TJN_TJX_TJMaxx 2H DIG_FY18,NBC Universal Media,PK2KL1_TJN_TJX_028_Content_NBCUNI.COM_BAF_BS2_OTT_DIR_VID_SPN_ROS_BTG_CTG_MOA_THIS IS US SPONSORSHIP: OTT - VIGNETTE 3_Run of Site_Behavioral_F25-54_1920 x 1080_Click and View_NV_NA,205614505,10/20/2017,31981,43,31938,31938,0,0,0,0,0,31938,19011,19011
TJN_TJX_TJMaxx 2H DIG_FY18,Foursquare,"PJPRVC_TJN_TJX_028_Audience_FOURSQUARE LABS, INC_DST_SV1_MAP_PRO_DSP_TRG_RON_PXT_BTG_DVY_PHASE 1_PINPOINT TRENDSETTERS AV_Run of Network_Geo_F25-54_320 x 50_Standard_NV_NA",204527421,9/9/2017,1594,145,1449,670,779,23,756,443,313,693,406,849
TJN_MAR_023_Marshalls 2H Digital_F18,xAd Inc.,PJQ0YD_TJN_MAR_023_Mobile_GROUND TRUTH FKA XAD_DST_SV1_MAP_DIR_RCH_TRG_RON_WEA_PXT_DVY_PROXIMITY CONQUESTING - WEATHER LOCATOR UNIT_Run of Network_Weather_F25-54_320 x 50_Click and View_NV_NA,204541553,10/7/2017,9569,139,9430,3854,5576,107,5469,5005,464,3961,3625,8630
TJN_TJX_TJMaxx 2H DIG_FY18,Foursquare,"PJPRVC_TJN_TJX_028_Audience_FOURSQUARE LABS, INC_DST_SV1_MAP_PRO_DSP_TRG_RON_PXT_BTG_DVY_PHASE 1_PINPOINT TRENDSETTERS AV_Run of Network_Geo_F25-54_320 x 50_Standard_NV_NA",204527421,10/21/2017,3401,49,3352,2505,847,26,821,753,68,2531,2321,3074
TJN_MAR_023_Marshalls 2H Digital_F18,xAd Inc.,PJQ0YP_TJN_MAR_023_Mobile_GROUND TRUTH FKA XAD_DST_SV1_MAP_DIR_DSP_TRG_RON_PXT_BTG_DVY_GEOBLOCKS LOYALTY - DYNAMIC DISTANCE_Run of Network_Geo_F25-54_300 x 250_Click and View_NV_NA,204537983,9/30/2017,7472,720,6752,6724,28,1,27,4,23,6725,996,1000
TJN_TJX_TJMaxx 2H DIG_FY18,Viant,PJPXKR_TJN_TJX_028_Data_VIANT INC_DSI_SV1_DSK_DIR_DSP_TRG_RON_BTG_CTG_DVY_PHASE 1_DESKTOP DISPLAY VIANT IMP TARGETING - STRATEGIC SAVERS AV_Fixed Placement_Demo_F25-54_300 x 250_Standard_NV_NA,204475841,10/9/2017,366,50,316,0,316,23,293,125,168,23,10,135
TJN_TJX_TJMaxx 2H DIG_FY18,Conversant Inc.,PJPWC1_TJN_TJX_028_Audience_CONVERSANT_DST_SV1_MAP_NET_DSP_TRG_RON_BTG_BTG_DVY_PHASE 1_ SMARTPHONE MEDIUM RECTANGLE  - CJ INTERACTORS LAL MODELING_Run of Site_Behavioral_P18+_300 x 250_Standard_NV_NA,204483942,10/12/2017,27225,447,26778,58,26720,4074,22646,5359,17287,4132,978,6337
TJN_MAR_023_Marshalls 2H Digital_F18,xAd Inc.,PJQ0Y8_TJN_MAR_023_Mobile_GROUND TRUTH FKA XAD_DST_SV1_MAP_DIR_RCH_TRG_RON_WEA_PXT_DVY_PROXIMITY LOYALTY - WEATHER LOCATOR UNIT_Run of Network_Weather_F25-54_320 x 50_Click and View_NV_NA,204556189,10/19/2017,49029,1627,47402,25338,22064,321,21743,20731,1012,25659,24465,45196
TJN_TJX_TJMaxx 2H DIG_FY18,NBC Universal Media,PK2JQY_TJN_TJX_028_Content_NBCUNI.COM_BAF_BS2_OTT_DIR_VID_SPN_ROS_BTG_CTG_MOA_THIS IS US SPONSORSHIP: OTT - VIGNETTE 1_Run of Site_Behavioral_F25-54_1920 x 1080_Click and View_NV_NA,205566374,9/28/2017,1018,7,1011,1011,0,0,0,0,0,1011,769,769
TJN_MAR_023_Marshalls 2H Digital_F18,NinthDecimal,PJPSRX_TJN_MAR_023_Mobile_NINTHDECIMAL_DST_SV1_MAP_DIR_RCH_TRG_RON_BTG_PXT_DVY_LOCATION GRAPH: COMPETITIVE CONQUESTING_Run of Network_Behavioral_F25-54_320 x 50_Click and View_NV_NA,204542879,9/8/2017,10923,196,10727,3146,7581,61,7520,7271,249,3207,3101,10372
TJN_TJX_TJMaxx 2H DIG_FY18,Viant,"PJNSHD_TJN_TJX_028_Data_VIANT INC_DSI_SV1_DSK_DIR_DSP_TRG_RON_BTG_CTG_DVY_PHASE 1_VIANT DIRECT MATCH RETAIL, COMPETITIVE CONQUESTING, DISPLAY_Fixed Placement_Behavioral_F25-54_160 x 600_Standard_NV_NA",204477281,9/27/2017,78,4,74,0,74,5,69,32,37,5,2,34
TJN_TJX_TJMaxx 2H DIG_FY18,Viant,"PJNSGS_TJN_TJX_028_Data_VIANT INC_DSI_SV1_MWB_DIR_DSP_TRG_RON_BTG_CTG_DVY_PHASE 1_VIANT DIRECT MATCH RETAIL, TJX PORFOLIO LOYALISTS, DISPLAY_Fixed Placement_Behavioral_F25-54_320 x 50_Standard_NV_NA",204524922,9/29/2017,34,2,32,0,32,0,32,30,2,0,0,30
TJN_TJX_TJMaxx 2H DIG_FY18,Viant,"PJNSGM_TJN_TJX_028_Data_VIANT INC_DSI_SV1_TWB_DIR_DSP_TRG_RON_BTG_CTG_DVY_PHASE 1_VIANT DIRECT MATCH RETAIL, TJX PORFOLIO LOYALISTS, DISPLAY_Fixed Placement_Behavioral_F25-54_728 x 90_Standard_NV_NA",204526722,9/14/2017,911,134,777,0,777,583,194,139,55,583,418,557
TJN_TJX_TJMaxx 2H DIG_FY18,xAd Inc.,PJMTMR_TJN_TJX_028_Mobile_GROUND TRUTH FKA XAD_DST_SV1_MAP_DIR_RCH_TRG_RON_PXT_PXT_DVY_PHASE 1_PROXIMITY LOYALTY PLACEMENT - RICH MEDIA STORE LOCATOR - Fall Handbag_Run of Network_Geo_F25-54_300 x 250_Click and View_NV_NA,204442093,10/12/2017,19485,155,19330,2280,17050,54,16996,16180,816,2334,2222,18402
TJN_MAR_023_Marshalls 2H Digital_F18,xAd Inc.,PJQ0YS_TJN_MAR_023_Mobile_GROUND TRUTH FKA XAD_DST_SV1_MAP_DIR_DSP_TRG_RON_DMA_BTG_DVY_AV DMA TARGETING_Run of Network_Geo_F25-54_300 x 250_Click and View_NV_NA,204558337,10/9/2017,56557,830,55727,11130,44597,602,43995,32957,11038,11732,8789,41746
TJN_TJX_TJMaxx 2H DIG_FY18,xAd Inc.,PJMTNF_TJN_TJX_028_Mobile_GROUND TRUTH FKA XAD_DST_SV1_MAP_DIR_DSP_TRG_RON_PXT_PXT_DVY_PHASE 1_PROXIMITY LOYALTY PLACEMENT - STANDARD BANNER - Fall Handbag_Run of Network_Geo_F25-54_300 x 250_Click and View_NV_NA,204446159,10/6/2017,18409,753,17656,12547,5109,30,5079,4958,121,12577,12259,17217
TJN_TJX_TJMaxx 2H DIG_FY18,Conversant Inc.,PJNPLZ_TJN_TJX_028_Audience_CONVERSANT_DST_SV1_MAP_NET_DSP_TRG_RON_BTG_BTG_DVY_PHASE 1_ SMARTPHONE SMALL BANNER  - CJ CONVERTERS LAL MODELING_Run of Site_Behavioral_P18+_320 x 50_Standard_NV_NA,204442891,10/7/2017,22843,324,22519,15,22504,3190,19314,11167,8147,3205,1853,13020
TJN_TJX_TJMaxx 2H DIG_FY18,Conversant Inc.,PJPWBV_TJN_TJX_028_Audience_CONVERSANT_DST_SV1_DSK_NET_DSP_TRG_RON_BTG_BTG_DVY_PHASE 1_ DESKTOP MEDIUM RECTANGLE - CJ INTERACTORS LAL MODELING_Run of Site_Behavioral_P18+_300 x 250_Standard_NV_NA,204447743,10/4/2017,13773,901,12872,0,12872,2195,10677,3383,7294,2195,695,4078
TJN_MAR_023_Marshalls 2H Digital_F18,Bustle,PK5G3Z_TJN_MAR_023_Content_BUSTLE_RON - Bustle & Elite Daily 3rd Party Data Targeted & Keyword Targeted - Panoramic_Run of Network_Contextual_F25-54_1 x 1_Click and View_NV_NA,206333610,10/12/2017,349658,9341,340317,4060,336257,12500,323757,218341,105416,16560,11168,229509
TJN_TJX_TJMaxx 2H DIG_FY18,Conversant Inc.,PJPWBY_TJN_TJX_028_Audience_CONVERSANT_DST_SV1_MAP_NET_DSP_TRG_RON_BTG_BTG_DVY_PHASE 1_ SMARTPHONE SMALL BANNER  - CJ INTERACTORS LAL MODELING_Run of Site_Behavioral_P18+_320 x 50_Standard_NV_NA,204442030,10/20/2017,29314,482,28832,116,28716,4411,24305,10644,13661,4527,1983,12627
TJN_TJX_TJMaxx 2H DIG_FY18,Viant,"PJNSGM_TJN_TJX_028_Data_VIANT INC_DSI_SV1_TWB_DIR_DSP_TRG_RON_BTG_CTG_DVY_PHASE 1_VIANT DIRECT MATCH RETAIL, TJX PORFOLIO LOYALISTS, DISPLAY_Fixed Placement_Behavioral_F25-54_728 x 90_Standard_NV_NA",204526722,10/14/2017,12954,72,12882,1,12881,960,11921,8675,3246,961,699,9374
TJN_TJX_TJMaxx 2H DIG_FY18,Foursquare,"PK0H84_TJN_TJX_028_Audience_FOURSQUARE LABS, INC_DST_SV1_MAP_PRO_RCH_TRG_RON_PXT_BTG_DVY_PHASE 1_MOBILE RICH MEDIA COMPETITIVE CONQUESTING - Find A Store_Run of Network_Geo_F25-54_320 x 50_Standard_NV_NA",205427847,10/7/2017,31438,572,30866,23066,7800,933,6867,4438,2429,23999,15510,19948
TJN_MAR_023_Marshalls 2H Digital_F18,xAd Inc.,PJQ0YR_TJN_MAR_023_Mobile_GROUND TRUTH FKA XAD_DST_SV1_MAP_DIR_DSP_TRG_RON_PXT_BTG_DVY_GEOBLOCKS CONQUESTING - DYNAMIC DISTANCE_Run of Network_Geo_F25-54_300 x 250_Click and View_NV_NA,204555244,9/28/2017,5390,573,4817,4798,19,1,18,2,16,4799,533,535
TJN_MAR_023_Marshalls 2H Digital_F18,NinthDecimal,PJPSRV_TJN_MAR_023_Mobile_NINTHDECIMAL_DST_SV1_MAP_DIR_RCH_TRG_RON_BTG_PXT_DVY_LOCATION GRAPH: MARSHALLS LOYALISTS_Run of Network_Behavioral_F25-54_320 x 50_Click and View_NV_NA,204555232,10/10/2017,32503,313,32190,10835,21355,111,21244,20660,584,10946,10645,31305
TJN_TJX_TJMaxx 2H DIG_FY18,Viant,"PJSPBT_TJN_TJC_031_Data_VIANT INC_PUR_ROI_MWB_DIR_DSP_TRG_RON_BTG_MKT_DVY_DETERMINSTIC LAL OF ECOM CONVERTERS, CROSS DEVICE DISPLAY_Fixed Placement_Behavioral_F25-54_300 x 250_Click_NV_NA",204732642,10/16/2017,343,8,335,1,334,60,274,104,170,61,23,127
TJN_TJX_TJMaxx 2H DIG_FY18,Foursquare,"PJPRVH_TJN_TJX_028_Audience_FOURSQUARE LABS, INC_DST_SV1_MAP_PRO_DSP_TRG_RON_PXT_BTG_DVY_PHASE 1_PINPOINT COMPETITIVE CONQUESTING AV_Run of Network_Geo_F25-54_320 x 50_Standard_NV_NA",204478088,10/2/2017,1430,35,1395,912,483,15,468,387,81,927,767,1154
TJN_MAR_023_Marshalls 2H Digital_F18,xAd Inc.,PJQ0Y8_TJN_MAR_023_Mobile_GROUND TRUTH FKA XAD_DST_SV1_MAP_DIR_RCH_TRG_RON_WEA_PXT_DVY_PROXIMITY LOYALTY - WEATHER LOCATOR UNIT_Run of Network_Weather_F25-54_320 x 50_Click and View_NV_NA,204556189,9/11/2017,17025,410,16615,10008,6607,79,6528,6275,253,10087,9696,15971
TJN_TJX_TJMaxx 2H DIG_FY18,xAd Inc.,PKF8TR_TJN_TJX_028_Mobile_GROUND TRUTH FKA XAD_DST_SV1_MAP_DIR_RCH_TRG_RON_PXT_PXT_DVY_PHASE 1_PROXIMITY LOYALTY PLACEMENT - RICH MEDIA STORE LOCATOR - Booties_Run of Network_Geo_F25-54_300 x 250_Click and View_NV_NA,206832813,10/16/2017,3186,61,3125,69,3056,5,3051,2920,131,74,71,2991
TJN_TJX_TJMaxx 2H DIG_FY18,Viant,"PJSPBV_TJN_TJC_031_Data_VIANT INC_PUR_ROI_MWB_DIR_DSP_TRG_RON_BTG_MKT_DVY_DETERMINSTIC LAL OF ECOM CONVERTERS, CROSS DEVICE DISPLAY_Fixed Placement_Behavioral_F25-54_160 x 600_Click_NV_NA",204733791,10/5/2017,6875,463,6412,0,6412,384,6028,3437,2591,384,219,3656
TJN_TJX_TJMaxx 2H DIG_FY18,Conversant Inc.,PJPWP9_TJN_TJX_028_Audience_CONVERSANT_DST_SV1_DSK_NET_DSP_TRG_RON_BTG_BTG_DVY_PHASE 1_ DESKTOP MEDIUM RECTANGLE - CONVERSANT SHOPPERS AV_Run of Site_Behavioral_P18+_300 x 250_Standard_NV_NA,204483957,9/25/2017,1088,79,1009,0,1009,238,771,452,319,238,140,592
TJN_TJX_TJMaxx 2H DIG_FY18,Foursquare,"PJPST0_TJN_TJX_028_Audience_FOURSQUARE LABS, INC_DST_SV1_MAP_PRO_RCH_TRG_RON_PXT_BTG_DVY_PHASE 1_MOBILE RICH MEDIA COMPETITIVE CONQUESTING - Find A TJ Maxx Store_Run of Network_Geo_F25-54_320 x 50_Standard_NV_NA",204525348,10/7/2017,26753,520,26233,20544,5689,831,4858,3497,1361,21375,15387,18884
TJN_TJX_TJMaxx 2H DIG_FY18,PlaceIQ,PK18VC_TJN_TJX_028_Mobile_PLACEIQ INC_DST_SV1_MAP_DIR_RCH_TRG_RON_BTG_PXT_DVY_PHASE 1_RICH MEDIA_TJX PORTFOLIO LOYALISTS_Run of Network_Behavioral_F25-54_320 x 50_Click and View_NV_NA,205568912,9/28/2017,19634,626,19008,9106,9902,461,9441,9305,136,9567,9429,18734
TJN_TJX_TJMaxx 2H DIG_FY18,Viant,"PJNSGW_TJN_TJX_028_Data_VIANT INC_DSI_SV1_DSK_DIR_DSP_TRG_RON_BTG_CTG_DVY_PHASE 1_VIANT DIRECT MATCH RETAIL, TJX PORFOLIO LOYALISTS, DISPLAY_Fixed Placement_Behavioral_F25-54_300 x 250_Standard_NV_NA",204478514,9/27/2017,2177,74,2103,0,2103,79,2024,1490,534,79,58,1548
TJN_MAR_023_Marshalls 2H Digital_F18,NinthDecimal,PJPSRZ_TJN_MAR_023_Mobile_NINTHDECIMAL_DST_SV1_MAP_DIR_RCH_TRG_RON_BTG_DMA_DVY_CONSUMER JOURNEY: BARGAIN HUNTERS_Run of Network_Behavioral_F25-54_320 x 50_Click and View_NV_NA,204542873,10/10/2017,24050,159,23891,7171,16720,118,16602,16057,545,7289,7050,23107
TJN_TJX_TJMaxx 2H DIG_FY18,Foursquare,"PJPRVH_TJN_TJX_028_Audience_FOURSQUARE LABS, INC_DST_SV1_MAP_PRO_DSP_TRG_RON_PXT_BTG_DVY_PHASE 1_PINPOINT COMPETITIVE CONQUESTING AV_Run of Network_Geo_F25-54_320 x 50_Standard_NV_NA",204478088,9/23/2017,3092,161,2931,1857,1074,35,1039,898,141,1892,1635,2533
TJN_TJX_TJMaxx 2H DIG_FY18,Foursquare,"PJMQ2D_TJN_TJX_028_Audience_FOURSQUARE LABS, INC_DST_SV1_MAP_PRO_DSP_TRG_RON_PXT_BTG_DVY_PHASE 1_PINPOINT STRATEGIC SAVERS_Run of Network_Geo_F25-54_300 x 250_Standard_NV_NA",204483457,9/18/2017,29899,3907,25992,6532,19460,2977,16483,5789,10694,9509,3340,9129
TJN_MAR_023_Marshalls 2H Digital_F18,NinthDecimal,PJPSRR_TJN_MAR_023_Mobile_NINTHDECIMAL_DST_SV1_MAP_DIR_RCH_TRG_RON_PXT_DMA_DVY_GEOFENCE: 2-MILE RADIUS AROUND URBAN STORES_Run of Network_Geo_F25-54_320 x 50_Click and View_NV_NA,204541523,9/8/2017,14386,701,13685,6265,7420,44,7376,7157,219,6309,6122,13279
TJN_TJX_TJMaxx 2H DIG_FY18,Foursquare,"PJPRVG_TJN_TJX_028_Audience_FOURSQUARE LABS, INC_DST_SV1_MAP_PRO_DSP_TRG_RON_PXT_BTG_DVY_PHASE 1_PINPOINT COMPETITIVE CONQUESTING AV_Run of Network_Geo_F25-54_300 x 250_Standard_NV_NA",204527412,10/11/2017,123,5,118,47,71,4,67,38,29,51,29,67
TJN_TJX_TJMaxx 2H DIG_FY18,Hulu,PK3F7J_TJN_TJX_027_Content_HULU_BAF_BS2_TAP_DIR_CUS_SPN_CHS_CTG_CTG_DVY_HULU ROS: PREMIUM SLATE - TABLET IN APP_FEP_Contextual_F25-54_1920 x 1080_Standard_NV_NA,205725864,10/21/2017,3380,15,3365,3365,0,0,0,0,0,3365,2554,2554
TJN_TJX_TJMaxx 2H DIG_FY18,xAd Inc.,PJYDBR_TJN_TJX_028_Mobile_GROUND TRUTH FKA XAD_DST_SV1_MAP_DIR_RCH_TRG_RON_BTG_BTG_DVY_PHASE 1_BEHAVIORAL AUDIENCE TRENDSETTERS PLACEMENT - RICH MEDIA STORE LOCATOR - Maxx You Maxx Life_Run of Network_Behavioral_F25-54_320 x 50_Click and View_NV_NA,205145234,10/16/2017,1787,27,1760,660,1100,35,1065,913,152,695,596,1509
TJN_TJX_TJMaxx 2H DIG_FY18,Conversant Inc.,PJNPMG_TJN_TJC_031_Audience_CONVERSANT_PUR_ROI_DSK_NET_DSP_TRG_RON_BTG_BTG_DVY_DESKTOP WIDE SKYSCRAPER- STRATEGIC SAVERS_Run of Site_Other_P18+_160 x 600_Standard_NV_NA,204443410,10/9/2017,7762,400,7362,0,7362,1832,5530,1763,3767,1832,584,2347
TJN_TJX_TJMaxx 2H DIG_FY18,xAd Inc.,PJMTMQ_TJN_TJX_028_Mobile_GROUND TRUTH FKA XAD_DST_SV1_MAP_DIR_RCH_TRG_RON_PXT_PXT_DVY_PHASE 1_PROXIMITY LOYALTY PLACEMENT - RICH MEDIA STORE LOCATOR - TJ Maxx_Run of Network_Geo_F25-54_320 x 50_Click and View_NV_NA,204442090,9/20/2017,70571,1161,69410,46407,23003,332,22671,21487,1184,46739,44294,65781
TJN_TJX_TJMaxx 2H DIG_FY18,Conversant Inc.,PJPTLJ_TJN_TJC_031_Audience_CONVERSANT_PUR_ROI_TAP_NET_DSP_TRG_RON_BTG_BTG_DVY_TABLET MEDIUM RECTANGLE - TRENDSETTERS_Run of Site_Other_P18+_300 x 250_Standard_NV_NA,204447266,10/14/2017,556,3,553,0,553,73,480,387,93,73,59,446
TJN_TJX_TJMaxx 2H DIG_FY18,Viant,"PJNSH7_TJN_TJX_028_Data_VIANT INC_DSI_SV1_MWB_DIR_DSP_TRG_RON_BTG_CTG_DVY_PHASE 1_VIANT DIRECT MATCH RETAIL, COMPETITIVE CONQUESTING, DISPLAY_Fixed Placement_Behavioral_F25-54_320 x 50_Standard_NV_NA",204477565,10/9/2017,21973,321,21652,6,21646,1044,20602,16168,4434,1050,824,16992
TJN_TJX_TJMaxx 2H DIG_FY18,NBC Universal Media,PK2HF7_TJN_TJX_028_Content_NBCUNI.COM_BAF_BS2_DSK_DIR_VID_SPN_ROS_BTG_CTG_MOA_THIS IS US SPONSORSHIP: MOBILE - VIGNETTE 1_Run of Site_Behavioral_F25-54_1920 x 1080_Click and View_NV_NA,205568879,9/30/2017,1679,7,1672,1672,0,0,0,0,0,1672,1363,1363
TJN_TJX_TJMaxx 2H DIG_FY18,Viant,"PJSPBZ_TJN_TJC_031_Data_VIANT INC_PUR_ROI_TWB_DIR_DSP_TRG_RON_BTG_MKT_DVY_DETERMINSTIC LAL OF ECOM CONVERTERS, CROSS DEVICE DISPLAY_Fixed Placement_Behavioral_F25-54_160 x 600_Click_NV_NA",204716194,10/13/2017,54,2,52,0,52,15,37,3,34,15,1,4
TJN_TJX_TJMaxx 2H DIG_FY18,Viant,"PJSPBY_TJN_TJC_031_Data_VIANT INC_PUR_ROI_TWB_DIR_DSP_TRG_RON_BTG_MKT_DVY_DETERMINSTIC LAL OF ECOM CONVERTERS, CROSS DEVICE DISPLAY_Fixed Placement_Behavioral_F25-54_300 x 250_Click_NV_NA",204715651,10/21/2017,157,4,153,0,153,28,125,52,73,28,12,64
TJN_TJX_TJMaxx 2H DIG_FY18,Viant,"PJNSHB_TJN_TJX_028_Data_VIANT INC_DSI_SV1_MWB_DIR_DSP_TRG_RON_BTG_CTG_DVY_PHASE 1_VIANT DIRECT MATCH RETAIL, COMPETITIVE CONQUESTING, DISPLAY_Fixed Placement_Behavioral_F25-54_300 x 50_Standard_NV_NA",204478658,10/20/2017,50,1,49,0,49,6,43,35,8,6,5,40
TJN_TJX_TJMaxx 2H DIG_FY18,xAd Inc.,PJPXK1_TJN_TJX_028_Mobile_GROUND TRUTH FKA XAD_DST_SV1_MAP_DIR_DSP_TRG_RON_PXT_PXT_DVY_PHASE 1_PROXIMITY LOYALTY PLACEMENT - STANDARD BANNER - TJMaxx_Run of Network_Geo_F25-54_320 x 50_Click and View_NV_NA,204483996,9/24/2017,39439,711,38728,17160,21568,5617,15951,11182,4769,22777,15666,26848
TJN_TJX_TJMaxx 2H DIG_FY18,xAd Inc.,PJPXK2_TJN_TJX_028_Mobile_GROUND TRUTH FKA XAD_DST_SV1_MAP_DIR_DSP_TRG_RON_PXT_PXT_DVY_PHASE 1_PROXIMITY LOYALTY PLACEMENT - STANDARD BANNER - Fall Hero_Run of Network_Geo_F25-54_300 x 250_Click and View_NV_NA,204442945,10/8/2017,9898,229,9669,9610,59,10,49,18,31,9620,3534,3552
TJN_TJX_TJMaxx 2H DIG_FY18,NBC Universal Media,PK2KJV_TJN_TJX_028_Content_NBCUNI.COM_BAF_BS2_OTT_DIR_VID_SPN_ROS_BTG_CTG_MOA_THIS IS US SPONSORSHIP: OTT - VIGNETTE 2_Run of Site_Behavioral_F25-54_1920 x 1080_Click and View_NV_NA,205613677,10/4/2017,585699,822,584877,584877,0,0,0,0,0,584877,350893,350893
TJN_TJX_TJMaxx 2H DIG_FY18,xAd Inc.,PJMTN4_TJN_TJX_028_Mobile_GROUND TRUTH FKA XAD_DST_SV1_MAP_DIR_RCH_TRG_RON_BTG_BTG_DVY_PHASE 1_BEHAVIORAL AUDIENCE TRENDSETTERS PLACEMENT - RICH MEDIA STORE LOCATOR - Fall Handbag_Run of Network_Behavioral_F25-54_300 x 250_Click and View_NV_NA,204447281,9/29/2017,3433,51,3382,32,3350,15,3335,3166,169,47,45,3211
TJN_TJX_TJMaxx 2H DIG_FY18,xAd Inc.,PJMTN3_TJN_TJX_028_Mobile_GROUND TRUTH FKA XAD_DST_SV1_MAP_DIR_DSP_TRG_RON_RTG_RTG_DVY_PHASE 1_LOCATION AUDIENCE COMPETITIVE CONQUESTING PLACEMENT - STANDARD BANNER - Maxx You Maxx Life_Run of Network_Retarget_F25-54_320 x 50_Click and View_NV_NA,204442933,9/21/2017,28845,416,28429,6958,21471,2088,19383,18061,1322,9046,8415,26476
TJN_TJX_TJMaxx 2H DIG_FY18,Foursquare,"PK0H80_TJN_TJX_028_Audience_FOURSQUARE LABS, INC_DST_SV1_MAP_PRO_RCH_TRG_RON_PXT_BTG_DVY_PHASE 1_MOBILE RICH MEDIA STRATEGIC SAVERS - Find A Store_Run of Network_Geo_F25-54_320 x 50_Standard_NV_NA",205394974,10/7/2017,33135,815,32320,12933,19387,2223,17164,10142,7022,15156,8955,19097
TJN_TJX_TJMaxx 2H DIG_FY18,xAd Inc.,PJMTN2_TJN_TJX_028_Mobile_GROUND TRUTH FKA XAD_DST_SV1_MAP_DIR_DSP_TRG_RON_RTG_RTG_DVY_PHASE 1_LOCATION AUDIENCE COMPETITIVE CONQUESTING PLACEMENT - STANDARD BANNER - Fall Handbag_Run of Network_Retarget_F25-54_300 x 250_Click and View_NV_NA,204447824,9/11/2017,11317,224,11093,11083,10,1,9,2,7,11084,2463,2465
TJN_TJX_TJMaxx 2H DIG_FY18,Foursquare,"PJMQ2K_TJN_TJX_028_Audience_FOURSQUARE LABS, INC_DST_SV1_MAP_PRO_DSP_TRG_RON_PXT_BTG_DVY_PHASE 1_PINPOINT STRATEGIC SAVERS_Run of Network_Geo_F25-54_320 x 50_Standard_NV_NA",204483454,10/4/2017,84077,2642,81435,35957,45478,2026,43452,33705,9747,37983,29463,63168
TJN_TJX_TJMaxx 2H DIG_FY18,Conversant Inc.,PJPTMN_TJN_TJC_031_Audience_CONVERSANT_PUR_ROI_MAP_NET_DSP_TRG_RON_BTG_BTG_DVY_SMARTPHONE MEDIUM RECTANGLE - COMPETITIVE CONQUESTING_Run of Site_Other_P18+_300 x 250_Standard_NV_NA,204447221,10/17/2017,619,6,613,0,613,84,529,245,284,84,39,284
TJN_TJX_TJMaxx 2H DIG_FY18,Hulu,PK3F7F_TJN_TJX_027_Content_HULU_BAF_BS2_DSK_DIR_CUS_SPN_CHS_CTG_CTG_DVY_HULU ROS: PREMIUM SLATE - DESKTOP_FEP_Contextual_F25-54_1920 x 1080_Standard_NV_NA,205683925,9/26/2017,2056,35,2021,2021,0,0,0,0,0,2021,1453,1453
TJN_TJX_TJMaxx 2H DIG_FY18,Conversant Inc.,PJPWPB_TJN_TJX_028_Audience_CONVERSANT_DST_SV1_DSK_NET_DSP_TRG_RON_BTG_BTG_DVY_PHASE 1_ DESKTOP RECTANGLE - CONVERSANT SHOPPERS AV_Run of Site_Behavioral_P18+_300 x 600_Standard_NV_NA,204447254,10/8/2017,322,18,304,0,304,74,230,70,160,74,23,93
TJN_TJX_TJMaxx 2H DIG_FY18,Foursquare,"PJPRVG_TJN_TJX_028_Audience_FOURSQUARE LABS, INC_DST_SV1_MAP_PRO_DSP_TRG_RON_PXT_BTG_DVY_PHASE 1_PINPOINT COMPETITIVE CONQUESTING AV_Run of Network_Geo_F25-54_300 x 250_Standard_NV_NA",204527412,10/6/2017,183,11,172,69,103,5,98,75,23,74,57,132
TJN_TJX_TJMaxx 2H DIG_FY18,Viant,PJPXKR_TJN_TJX_028_Data_VIANT INC_DSI_SV1_DSK_DIR_DSP_TRG_RON_BTG_CTG_DVY_PHASE 1_DESKTOP DISPLAY VIANT IMP TARGETING - STRATEGIC SAVERS AV_Fixed Placement_Demo_F25-54_300 x 250_Standard_NV_NA,204475841,9/26/2017,42772,2341,40431,0,40431,3297,37134,4619,32515,3297,410,5029
TJN_MAR_023_Marshalls 2H Digital_F18,NinthDecimal,PJPSRS_TJN_MAR_023_Mobile_NINTHDECIMAL_DST_SV1_MAP_DIR_RCH_TRG_RON_PXT_DMA_DVY_GEOFENCE: 5-10-MILE RADIUS AROUND SUBURBAN STORES_Run of Network_Geo_F25-54_320 x 50_Click and View_NV_NA,204541748,9/30/2017,96364,2410,93954,42280,51674,298,51376,49967,1409,42578,41410,91377
TJN_TJX_TJMaxx 2H DIG_FY18,Conversant Inc.,PJPTLH_TJN_TJC_031_Audience_CONVERSANT_PUR_ROI_TAP_NET_DSP_TRG_RON_BTG_BTG_DVY_TABLET LEADERBOARD- TRENDSETTERS_Run of Site_Other_P18+_728 x 90_Standard_NV_NA,204447779,10/4/2017,152,0,152,0,152,35,117,49,68,35,15,64
TJN_MAR_023_Marshalls 2H Digital_F18,NinthDecimal,PJPSRR_TJN_MAR_023_Mobile_NINTHDECIMAL_DST_SV1_MAP_DIR_RCH_TRG_RON_PXT_DMA_DVY_GEOFENCE: 2-MILE RADIUS AROUND URBAN STORES_Run of Network_Geo_F25-54_320 x 50_Click and View_NV_NA,204541523,10/7/2017,21439,646,20793,10433,10360,54,10306,9984,322,10487,10159,20143
TJN_TJX_TJMaxx 2H DIG_FY18,Viant,"PJNSGM_TJN_TJX_028_Data_VIANT INC_DSI_SV1_TWB_DIR_DSP_TRG_RON_BTG_CTG_DVY_PHASE 1_VIANT DIRECT MATCH RETAIL, TJX PORFOLIO LOYALISTS, DISPLAY_Fixed Placement_Behavioral_F25-54_728 x 90_Standard_NV_NA",204526722,9/28/2017,10,1,9,0,9,0,9,9,0,0,0,9
TJN_TJX_TJMaxx 2H DIG_FY18,Viant,"PJSPCK_TJN_TJC_031_Data_VIANT INC_PUR_ROI_MWB_DIR_DSP_TRG_RON_BTG_MKT_DVY_W25-54 + ONLINE SHOPPERS, CROSS DEVICE DISPLAY_Fixed Placement_Behavioral_F25-54_160 x 600_Click_NV_NA",204733041,10/18/2017,1469,127,1342,1,1341,101,1240,397,843,102,33,430
TJN_TJX_TJMaxx 2H DIG_FY18,Viant,"PK2X7B_TJN_TJX_028_Data_VIANT INC_DSI_SV1_TWB_DIR_RCH_TRG_INT_BTG_CTG_DVY_PHASE 1_VIANT IMP, W25-54 STRATEGIC SAVERS, CONTOBOX - Honeycomb_Fixed Placement_Behavioral_F25-54_300 x 250_Click and View_NV_NA",205687939,10/19/2017,2,1,1,0,1,0,1,1,0,0,0,1
TJN_TJX_TJMaxx 2H DIG_FY18,Viant,"PK2X7C_TJN_TJX_028_Data_VIANT INC_DSI_SV1_TWB_DIR_RCH_TRG_INT_BTG_CTG_DVY_PHASE 1_VIANT IMP, W25-54 STRATEGIC SAVERS, CONTOBOX - Honeycomb_Fixed Placement_Behavioral_F25-54_160 x 600_Click and View_NV_NA",205685992,10/12/2017,3,0,3,0,3,0,3,0,3,0,0,0
TJN_TJX_TJMaxx 2H DIG_FY18,xAd Inc.,PKF429_TJN_TJX_028_Mobile_GROUND TRUTH FKA XAD_DST_SV1_MAP_DIR_RCH_TRG_RON_BTG_BTG_DVY_PHASE 1_BEHAVIORAL AUDIENCE STRATEGIC SAVERS PLACEMENT - RICH MEDIA STORE LOCATOR - Booties_Run of Network_Behavioral_F25-54_300 x 250_Click and View_NV_NA,206833602,10/17/2017,2589,34,2555,789,1766,104,1662,848,814,893,456,1304
TJN_TJX_TJMaxx 2H DIG_FY18,Foursquare,"PJPRVH_TJN_TJX_028_Audience_FOURSQUARE LABS, INC_DST_SV1_MAP_PRO_DSP_TRG_RON_PXT_BTG_DVY_PHASE 1_PINPOINT COMPETITIVE CONQUESTING AV_Run of Network_Geo_F25-54_320 x 50_Standard_NV_NA",204478088,10/1/2017,1568,65,1503,990,513,17,496,421,75,1007,855,1276
TJN_TJX_TJMaxx 2H DIG_FY18,Conversant Inc.,PJNPLX_TJN_TJX_028_Audience_CONVERSANT_DST_SV1_DSK_NET_DSP_TRG_RON_BTG_BTG_DVY_PHASE 1_ DESKTOP RECTANGLE - CJ CONVERTERS LAL MODELING_Run of Site_Behavioral_P18+_300 x 600_Standard_NV_NA,204442894,10/19/2017,3,0,3,0,3,0,3,2,1,0,0,2
TJN_MAR_023_Marshalls 2H Digital_F18,xAd Inc.,PJQ0YL_TJN_MAR_023_Mobile_GROUND TRUTH FKA XAD_DST_SV1_MAP_DIR_DSP_TRG_RON_BTG_PXT_DVY_COMPETITOR SHOPPERS - DYNAMIC DISTANCE_Run of Network_Geo_F25-54_320 x 50_Click and View_NV_NA,204595638,9/11/2017,9630,108,9522,6270,3252,896,2356,2156,200,7166,5248,7404
TJN_TJX_TJMaxx 2H DIG_FY18,Foursquare,"PKFMKJ_TJN_TJX_028_Audience_FOURSQUARE LABS, INC_DST_SV1_MAP_PRO_RCH_TRG_RON_PXT_BTG_DVY_PHASE 1_MOBILE RICH MEDIA TRENDSETTERS - Find A Store V2_Run of Network_Geo_F25-54_320 x 50_Standard_NV_NA",206812600,10/18/2017,23959,461,23498,15702,7796,671,7125,6203,922,16373,14254,20457
TJN_TJX_TJMaxx 2H DIG_FY18,xAd Inc.,PJPXK1_TJN_TJX_028_Mobile_GROUND TRUTH FKA XAD_DST_SV1_MAP_DIR_DSP_TRG_RON_PXT_PXT_DVY_PHASE 1_PROXIMITY LOYALTY PLACEMENT - STANDARD BANNER - TJMaxx_Run of Network_Geo_F25-54_320 x 50_Click and View_NV_NA,204483996,9/22/2017,43845,846,42999,17174,25825,11501,14324,11580,2744,28675,22875,34455
TJN_MAR_023_Marshalls 2H Digital_F18,xAd Inc.,PJQ0YS_TJN_MAR_023_Mobile_GROUND TRUTH FKA XAD_DST_SV1_MAP_DIR_DSP_TRG_RON_DMA_BTG_DVY_AV DMA TARGETING_Run of Network_Geo_F25-54_300 x 250_Click and View_NV_NA,204558337,9/26/2017,43387,1014,42373,14257,28116,1482,26634,22646,3988,15739,13138,35784
TJN_MAR_023_Marshalls 2H Digital_F18,xAd Inc.,PJQ0Y9_TJN_MAR_023_Mobile_GROUND TRUTH FKA XAD_DST_SV1_MAP_DIR_RCH_TRG_RON_WEA_PXT_DVY_PROXIMITY LOYALTY - WEATHER LOCATOR UNIT_Run of Network_Weather_F25-54_300 x 250_Click and View_NV_NA,204541757,10/7/2017,55246,619,54627,16956,37671,720,36951,28744,8207,17676,13750,42494
TJN_TJX_TJMaxx 2H DIG_FY18,Viant,"PJNSGQ_TJN_TJX_028_Data_VIANT INC_DSI_SV1_MWB_DIR_DSP_TRG_RON_BTG_CTG_DVY_PHASE 1_VIANT DIRECT MATCH RETAIL, TJX PORFOLIO LOYALISTS, DISPLAY_Fixed Placement_Behavioral_F25-54_300 x 250_Standard_NV_NA",204482395,9/14/2017,2,1,1,0,1,0,1,1,0,0,0,1
TJN_MAR_023_Marshalls 2H Digital_F18,Spotify USA Inc.,PK0HLF_TJN_MAR_023_Audience_SPOTIFY USA INC_DST_SV2_MAP_DIR_DSP_TRG_CMP_DMA_PXT_DVY_MOBILE AUDIO COMPANION BANNER 640X640_Run of Site_Geo_F25-54_640 x 640_Click and View_NV_NA,205566308,10/18/2017,158062,2412,155650,155650,0,0,0,0,0,155650,139741,139741
TJN_TJX_TJMaxx 2H DIG_FY18,xAd Inc.,PJYDBR_TJN_TJX_028_Mobile_GROUND TRUTH FKA XAD_DST_SV1_MAP_DIR_RCH_TRG_RON_BTG_BTG_DVY_PHASE 1_BEHAVIORAL AUDIENCE TRENDSETTERS PLACEMENT - RICH MEDIA STORE LOCATOR - Maxx You Maxx Life_Run of Network_Behavioral_F25-54_320 x 50_Click and View_NV_NA,205145234,9/30/2017,13079,161,12918,8440,4478,176,4302,3494,808,8616,6998,10492
TJN_TJX_TJMaxx 2H DIG_FY18,Viant,"PK2V4S_TJN_TJX_028_Data_VIANT INC_DSI_SV1_TWB_DIR_RCH_TRG_INT_BTG_CTG_DVY_PHASE 1_VIANT IMP, W25-54 STRATEGIC SAVERS, CONTOBOX - Fall Homes_Fixed Placement_Behavioral_F25-54_300 x 250_Click and View_NV_NA",205687927,10/12/2017,25,3,22,4,18,3,15,9,6,7,4,13
TJN_MAR_023_Marshalls 2H Digital_F18,NinthDecimal,"PJPSS1_TJN_MAR_023_Mobile_NINTHDECIMAL_DST_SV1_MAP_DIR_RCH_TRG_RON_BTG_DMA_DVY_TV TARGETING: PEOPLE WHO WATCH BRAVO, TLC, HGTV, A&E, LIFETIME, DISCOVERY_Run of Network_Behavioral_F25-54_320 x 50_Click and View_NV_NA",204541508,9/19/2017,11295,203,11092,2980,8112,66,8046,7734,312,3046,2928,10662
TJN_TJX_TJMaxx 2H DIG_FY18,xAd Inc.,PJPXJX_TJN_TJX_028_Mobile_GROUND TRUTH FKA XAD_DST_SV1_MAP_DIR_DSP_TRG_RON_BTG_BTG_DVY_PHASE 1_BEHAVIORAL AUDIENCE STRATEGIC SAVERS PLACEMENT - STANDARD BANNER - TJMaxx_Run of Network_Behavioral_F25-54_320 x 50_Click and View_NV_NA,204447848,9/19/2017,21314,197,21117,2933,18184,152,18032,16753,1279,3085,2866,19619
TJN_TJX_TJMaxx 2H DIG_FY18,Viant,"PJNSHF_TJN_TJX_028_Data_VIANT INC_DSI_SV1_MWB_DIR_DSP_TRG_RON_BTG_CTG_DVY_PHASE 1_VIANT DIRECT MATCH RETAIL, COMPETITIVE CONQUESTING, DISPLAY_Fixed Placement_Behavioral_F25-54_300 x 250_Standard_NV_NA",204483016,10/10/2017,10,0,10,0,10,3,7,1,6,3,0,1
TJN_TJX_TJMaxx 2H DIG_FY18,Viant,"PJNSH7_TJN_TJX_028_Data_VIANT INC_DSI_SV1_MWB_DIR_DSP_TRG_RON_BTG_CTG_DVY_PHASE 1_VIANT DIRECT MATCH RETAIL, COMPETITIVE CONQUESTING, DISPLAY_Fixed Placement_Behavioral_F25-54_320 x 50_Standard_NV_NA",204477565,10/19/2017,2357,31,2326,0,2326,395,1931,1606,325,395,329,1935
TJN_TJX_TJMaxx 2H DIG_FY18,xAd Inc.,PJPXJZ_TJN_TJX_028_Mobile_GROUND TRUTH FKA XAD_DST_SV1_MAP_DIR_DSP_TRG_RON_BTG_BTG_DVY_PHASE 1_BEHAVIORAL AUDIENCE TRENDSETTERS PLACEMENT - STANDARD BANNER - Fall Hero_Run of Network_Behavioral_F25-54_300 x 250_Click and View_NV_NA,204446156,9/25/2017,5245,64,5181,5177,4,1,3,0,3,5178,0,0
TJN_TJX_TJMaxx 2H DIG_FY18,xAd Inc.,PJMTN9_TJN_TJX_028_Mobile_GROUND TRUTH FKA XAD_DST_SV1_MAP_DIR_DSP_TRG_RON_BTG_BTG_DVY_PHASE 1_BEHAVIORAL AUDIENCE STRATEGIC SAVERS PLACEMENT - STANDARD BANNER - Fall Handbag_Run of Network_Behavioral_F25-54_300 x 250_Click and View_NV_NA,204447293,10/7/2017,3677,104,3573,2708,865,6,859,783,76,2714,2473,3256
TJN_TJX_TJMaxx 2H DIG_FY18,xAd Inc.,PJPXJS_TJN_TJX_028_Mobile_GROUND TRUTH FKA XAD_DST_SV1_MAP_DIR_DSP_TRG_RON_RTG_RTG_DVY_PHASE 1_LOCATION AUDIENCE COMPETITIVE CONQUESTING PLACEMENT - STANDARD BANNER - Fall Hero_Run of Network_Retarget_F25-54_300 x 250_Click and View_NV_NA,204446153,9/7/2017,5947,133,5814,4667,1147,21,1126,1074,52,4688,4472,5546
TJN_TJX_TJMaxx 2H DIG_FY18,Viant,"PJNSGQ_TJN_TJX_028_Data_VIANT INC_DSI_SV1_MWB_DIR_DSP_TRG_RON_BTG_CTG_DVY_PHASE 1_VIANT DIRECT MATCH RETAIL, TJX PORFOLIO LOYALISTS, DISPLAY_Fixed Placement_Behavioral_F25-54_300 x 250_Standard_NV_NA",204482395,10/14/2017,3381,29,3352,0,3352,475,2877,2492,385,475,411,2903
TJN_TJX_TJMaxx 2H DIG_FY18,Viant,"PK2X7G_TJN_TJX_028_Data_VIANT INC_DSI_SV1_DSK_DIR_RCH_TRG_INT_BTG_CTG_DVY_PHASE 1_VIANT IMP, W25-54 STRATEGIC SAVERS, CONTOBOX - Honeycomb_Fixed Placement_Behavioral_F25-54_300 x 250_Click and View_NV_NA",205688467,10/20/2017,12,5,7,3,4,0,4,4,0,3,3,7
TJN_TJX_TJMaxx 2H DIG_FY18,Conversant Inc.,PJNPM2_TJN_TJX_028_Audience_CONVERSANT_DST_SV1_MAP_NET_DSP_TRG_RON_BTG_BTG_DVY_PHASE 1_ SMARTPHONE MEDIUM RECTANGLE  - CJ CONVERTERS LAL MODELING_Run of Site_Behavioral_P18+_300 x 250_Standard_NV_NA,204442021,10/14/2017,12900,150,12750,19,12731,2047,10684,3237,7447,2066,626,3863
TJN_TJX_TJMaxx 2H DIG_FY18,Hulu,PK3CRZ_TJN_TJX_027_Content_HULU_BAF_BS2_DSK_DIR_VID_SPN_CHS_CTG_CTG_DVY_FALL TV SPONSORSHIP: VIDEO COMMERCIAL - DESKTOP_FEP_Contextual_F25-54_1920 x 1080_Standard_NV_NA,205727706,10/6/2017,14759,288,14471,14471,0,0,0,0,0,14471,10352,10352
TJN_TJX_TJMaxx 2H DIG_FY18,Conversant Inc.,PJPWBV_TJN_TJX_028_Audience_CONVERSANT_DST_SV1_DSK_NET_DSP_TRG_RON_BTG_BTG_DVY_PHASE 1_ DESKTOP MEDIUM RECTANGLE - CJ INTERACTORS LAL MODELING_Run of Site_Behavioral_P18+_300 x 250_Standard_NV_NA,204447743,10/21/2017,4584,292,4292,7,4285,692,3593,1284,2309,699,250,1534
TJN_TJX_TJMaxx 2H DIG_FY18,Conversant Inc.,PJNPMG_TJN_TJC_031_Audience_CONVERSANT_PUR_ROI_DSK_NET_DSP_TRG_RON_BTG_BTG_DVY_DESKTOP WIDE SKYSCRAPER- STRATEGIC SAVERS_Run of Site_Other_P18+_160 x 600_Standard_NV_NA,204443410,10/19/2017,945,57,888,0,888,170,718,204,514,170,48,252
TJN_TJX_TJMaxx 2H DIG_FY18,xAd Inc.,PJMTN2_TJN_TJX_028_Mobile_GROUND TRUTH FKA XAD_DST_SV1_MAP_DIR_DSP_TRG_RON_RTG_RTG_DVY_PHASE 1_LOCATION AUDIENCE COMPETITIVE CONQUESTING PLACEMENT - STANDARD BANNER - Fall Handbag_Run of Network_Retarget_F25-54_300 x 250_Click and View_NV_NA,204447824,9/26/2017,21300,497,20803,20781,22,3,19,7,12,20784,7657,7664
TJN_TJX_TJMaxx 2H DIG_FY18,Viant,"PJNSHC_TJN_TJX_028_Data_VIANT INC_DSI_SV1_DSK_DIR_DSP_TRG_RON_BTG_CTG_DVY_PHASE 1_VIANT DIRECT MATCH RETAIL, COMPETITIVE CONQUESTING, DISPLAY_Fixed Placement_Behavioral_F25-54_300 x 250_Standard_NV_NA",204478655,10/12/2017,26172,1298,24874,0,24874,1309,23565,12663,10902,1309,703,13366
TJN_TJX_TJMaxx 2H DIG_FY18,Foursquare,"PJPRVG_TJN_TJX_028_Audience_FOURSQUARE LABS, INC_DST_SV1_MAP_PRO_DSP_TRG_RON_PXT_BTG_DVY_PHASE 1_PINPOINT COMPETITIVE CONQUESTING AV_Run of Network_Geo_F25-54_300 x 250_Standard_NV_NA",204527412,9/21/2017,213,14,199,68,131,5,126,67,59,73,39,106
TJN_MAR_023_Marshalls 2H Digital_F18,xAd Inc.,PJQ0YS_TJN_MAR_023_Mobile_GROUND TRUTH FKA XAD_DST_SV1_MAP_DIR_DSP_TRG_RON_DMA_BTG_DVY_AV DMA TARGETING_Run of Network_Geo_F25-54_300 x 250_Click and View_NV_NA,204558337,9/11/2017,50127,964,49163,3427,45736,3690,42046,33543,8503,7117,5678,39221
TJN_MAR_023_Marshalls 2H Digital_F18,NinthDecimal,PJPSS0_TJN_MAR_023_Mobile_NINTHDECIMAL_DST_SV1_MAP_DIR_RCH_TRG_RON_BTG_DMA_DVY_3RD PARTY: SURPRISE CHOOSERS_Run of Network_Behavioral_F25-54_320 x 50_Click and View_NV_NA,204595875,10/5/2017,8488,137,8351,2898,5453,31,5422,5213,209,2929,2816,8029
TJN_MAR_023_Marshalls 2H Digital_F18,xAd Inc.,PJQ0YL_TJN_MAR_023_Mobile_GROUND TRUTH FKA XAD_DST_SV1_MAP_DIR_DSP_TRG_RON_BTG_PXT_DVY_COMPETITOR SHOPPERS - DYNAMIC DISTANCE_Run of Network_Geo_F25-54_320 x 50_Click and View_NV_NA,204595638,9/26/2017,8253,111,8142,6543,1599,89,1510,1351,159,6632,5476,6827
TJN_TJX_TJMaxx 2H DIG_FY18,xAd Inc.,PKF5JX_TJN_TJX_028_Mobile_GROUND TRUTH FKA XAD_DST_SV1_MAP_DIR_DSP_TRG_RON_RTG_RTG_DVY_PHASE 1_LOCATION AUDIENCE COMPETITIVE CONQUESTING PLACEMENT - STANDARD BANNER - Find A Store V2_Run of Network_Retarget_F25-54_320 x 50_Click and View_NV_NA,206833629,10/18/2017,5380,91,5289,2171,3118,26,3092,2295,797,2197,1631,3926
TJN_TJX_TJMaxx 2H DIG_FY18,Hulu,PK3CXL_TJN_TJX_027_Content_HULU_BAF_BS2_TAP_DIR_CUS_SPN_CHS_CTG_CTG_DVY_FALL TV SPONSORSHIP: PREMIUM SLATE - TABLET IN APP_FEP_Contextual_F25-54_1920 x 1080_Standard_NV_NA,205726818,10/17/2017,1061,5,1056,1056,0,0,0,0,0,1056,705,705
TJN_TJX_TJMaxx 2H DIG_FY18,xAd Inc.,PKF4TV_TJN_TJX_028_Mobile_GROUND TRUTH FKA XAD_DST_SV1_MAP_DIR_DSP_TRG_RON_RTG_RTG_DVY_PHASE 1_LOCATION AUDIENCE COMPETITIVE CONQUESTING PLACEMENT - STANDARD BANNER - Sweaters_Run of Network_Retarget_F25-54_300 x 250_Click and View_NV_NA,206833632,10/18/2017,2087,21,2066,2066,0,0,0,0,0,2066,1592,1592
TJN_TJX_TJMaxx 2H DIG_FY18,Hulu,PK3F7G_TJN_TJX_027_Content_HULU_BAF_BS2_MAP_DIR_CUS_SPN_CHS_CTG_CTG_DVY_HULU ROS: PREMIUM SLATE - MOBILE IN APP_FEP_Contextual_F25-54_1920 x 1080_Standard_NV_NA,205634552,10/20/2017,3061,25,3036,3036,0,0,0,0,0,3036,1807,1807
TJN_TJX_TJMaxx 2H DIG_FY18,Viant,"PJSPBT_TJN_TJC_031_Data_VIANT INC_PUR_ROI_MWB_DIR_DSP_TRG_RON_BTG_MKT_DVY_DETERMINSTIC LAL OF ECOM CONVERTERS, CROSS DEVICE DISPLAY_Fixed Placement_Behavioral_F25-54_300 x 250_Click_NV_NA",204732642,9/30/2017,10,1,9,0,9,3,6,5,1,3,2,7
TJN_TJX_TJMaxx 2H DIG_FY18,xAd Inc.,PJMTN3_TJN_TJX_028_Mobile_GROUND TRUTH FKA XAD_DST_SV1_MAP_DIR_DSP_TRG_RON_RTG_RTG_DVY_PHASE 1_LOCATION AUDIENCE COMPETITIVE CONQUESTING PLACEMENT - STANDARD BANNER - Maxx You Maxx Life_Run of Network_Retarget_F25-54_320 x 50_Click and View_NV_NA,204442933,10/6/2017,25972,447,25525,15741,9784,2553,7231,6865,366,18294,16437,23302
TJN_TJX_TJMaxx 2H DIG_FY18,Conversant Inc.,PJPTLP_TJN_TJC_031_Audience_CONVERSANT_PUR_ROI_DSK_NET_DSP_TRG_RON_BTG_BTG_DVY_DESKTOP LEADERBOARD- TRENDSETTERS_Run of Site_Other_P18+_728 x 90_Standard_NV_NA,204447782,10/10/2017,24576,1310,23266,1,23265,4954,18311,11856,6455,4955,3208,15064
TJN_TJX_TJMaxx 2H DIG_FY18,Viant,"PK2X7K_TJN_TJX_028_Data_VIANT INC_DSI_SV1_DSK_DIR_RCH_TRG_INT_BTG_CTG_DVY_PHASE 1_VIANT IMP, W25-54 STRATEGIC SAVERS, CONTOBOX - Honeycomb_Fixed Placement_Behavioral_F25-54_160 x 600_Click and View_NV_NA",205726917,10/15/2017,6277,272,6005,6,5999,341,5658,2345,3313,347,144,2489
TJN_TJX_TJMaxx 2H DIG_FY18,NBC Universal Media,PK2LFR_TJN_TJX_028_Content_NBCUNI.COM_BAF_BS2_DSK_DIR_DSP_SPN_HPT_CTG_CTG_DCM_100% SOV NBC HOMEPAGE ROADBLOCK 10/10 - 300X250 DESKTOP_HP Takeover_Contextual_F25-54_300 x 250_Standard_NV_NA,205614535,10/10/2017,83725,3507,80218,302,79916,3635,76281,34652,41629,3937,1788,36440
TJN_TJX_TJMaxx 2H DIG_FY18,Foursquare,"PJPRVC_TJN_TJX_028_Audience_FOURSQUARE LABS, INC_DST_SV1_MAP_PRO_DSP_TRG_RON_PXT_BTG_DVY_PHASE 1_PINPOINT TRENDSETTERS AV_Run of Network_Geo_F25-54_320 x 50_Standard_NV_NA",204527421,10/4/2017,3530,31,3499,893,2606,101,2505,1940,565,994,770,2710
TJN_TJX_TJMaxx 2H DIG_FY18,Foursquare,"PJPRVH_TJN_TJX_028_Audience_FOURSQUARE LABS, INC_DST_SV1_MAP_PRO_DSP_TRG_RON_PXT_BTG_DVY_PHASE 1_PINPOINT COMPETITIVE CONQUESTING AV_Run of Network_Geo_F25-54_320 x 50_Standard_NV_NA",204478088,10/3/2017,739,17,722,360,362,9,353,282,71,369,295,577
TJN_TJX_TJMaxx 2H DIG_FY18,Foursquare,"PJPSSV_TJN_TJX_028_Audience_FOURSQUARE LABS, INC_DST_SV1_MAP_PRO_RCH_TRG_RON_PXT_BTG_DVY_PHASE 1_MOBILE RICH MEDIA STRATEGIC SAVERS - Fall Handbag_Run of Network_Geo_F25-54_300 x 250_Standard_NV_NA",204525360,9/29/2017,2693,204,2489,375,2114,162,1952,464,1488,537,128,592
TJN_TJX_TJMaxx 2H DIG_FY18,Viant,"PJNSGT_TJN_TJX_028_Data_VIANT INC_DSI_SV1_DSK_DIR_DSP_TRG_RON_BTG_CTG_DVY_PHASE 1_VIANT DIRECT MATCH RETAIL, TJX PORFOLIO LOYALISTS, DISPLAY_Fixed Placement_Behavioral_F25-54_160 x 600_Standard_NV_NA",204483025,9/27/2017,221,17,204,0,204,12,192,110,82,12,7,117
TJN_TJX_TJMaxx 2H DIG_FY18,Viant,"PJNSHG_TJN_TJX_028_Data_VIANT INC_DSI_SV1_DSK_DIR_DSP_TRG_RON_BTG_CTG_DVY_PHASE 1_VIANT DIRECT MATCH RETAIL, COMPETITIVE CONQUESTING, DISPLAY_Fixed Placement_Behavioral_F25-54_728 x 90_Standard_NV_NA",204478490,10/8/2017,2692,18,2674,0,2674,425,2249,1194,1055,425,226,1420
TJN_TJX_TJMaxx 2H DIG_FY18,Viant,PJPXKS_TJN_TJX_028_Data_VIANT INC_DSI_SV1_DSK_DIR_DSP_TRG_RON_BTG_CTG_DVY_PHASE 1_DESKTOP DISPLAY VIANT IMP TARGETING - STRATEGIC SAVERS AV_Fixed Placement_Demo_F25-54_160 x 600_Standard_NV_NA,204477475,10/8/2017,2,0,2,0,2,1,1,0,1,1,0,0
TJN_TJX_TJMaxx 2H DIG_FY18,Foursquare,"PJPSSY_TJN_TJX_028_Audience_FOURSQUARE LABS, INC_DST_SV1_MAP_PRO_RCH_TRG_RON_PXT_BTG_DVY_PHASE 1_MOBILE RICH MEDIA TRENDSETTERS - Find A TJ Maxx Store_Run of Network_Geo_F25-54_320 x 50_Standard_NV_NA",204527598,9/22/2017,55922,1550,54372,43135,11237,1195,10042,7942,2100,44330,35060,43002
TJN_MAR_023_Marshalls 2H Digital_F18,NinthDecimal,"PJPSS1_TJN_MAR_023_Mobile_NINTHDECIMAL_DST_SV1_MAP_DIR_RCH_TRG_RON_BTG_DMA_DVY_TV TARGETING: PEOPLE WHO WATCH BRAVO, TLC, HGTV, A&E, LIFETIME, DISCOVERY_Run of Network_Behavioral_F25-54_320 x 50_Click and View_NV_NA",204541508,9/13/2017,50721,797,49924,14914,35010,211,34799,33601,1198,15125,14604,48205
TJN_TJX_TJMaxx 2H DIG_FY18,xAd Inc.,PJPXJX_TJN_TJX_028_Mobile_GROUND TRUTH FKA XAD_DST_SV1_MAP_DIR_DSP_TRG_RON_BTG_BTG_DVY_PHASE 1_BEHAVIORAL AUDIENCE STRATEGIC SAVERS PLACEMENT - STANDARD BANNER - TJMaxx_Run of Network_Behavioral_F25-54_320 x 50_Click and View_NV_NA,204447848,9/13/2017,21409,191,21218,3125,18093,202,17891,16029,1862,3327,2981,19010
TJN_TJX_TJMaxx 2H DIG_FY18,xAd Inc.,PJMTN3_TJN_TJX_028_Mobile_GROUND TRUTH FKA XAD_DST_SV1_MAP_DIR_DSP_TRG_RON_RTG_RTG_DVY_PHASE 1_LOCATION AUDIENCE COMPETITIVE CONQUESTING PLACEMENT - STANDARD BANNER - Maxx You Maxx Life_Run of Network_Retarget_F25-54_320 x 50_Click and View_NV_NA,204442933,10/11/2017,10303,143,10160,2523,7637,111,7526,5769,1757,2634,2019,7788
TJN_TJX_TJMaxx 2H DIG_FY18,xAd Inc.,PJMTNQ_TJN_TJX_028_Mobile_GROUND TRUTH FKA XAD_DST_SV1_MAP_DIR_RCH_TRG_RON_BTG_BTG_DVY_PHASE 1_BEHAVIORAL AUDIENCE STRATEGIC SAVERS PLACEMENT - RICH MEDIA STORE LOCATOR - TJ Maxx_Run of Network_Behavioral_F25-54_320 x 50_Click and View_NV_NA,204447845,9/13/2017,19,5,14,11,3,2,1,1,0,13,13,14
TJN_TJX_TJMaxx 2H DIG_FY18,Conversant Inc.,PJNPLX_TJN_TJX_028_Audience_CONVERSANT_DST_SV1_DSK_NET_DSP_TRG_RON_BTG_BTG_DVY_PHASE 1_ DESKTOP RECTANGLE - CJ CONVERTERS LAL MODELING_Run of Site_Behavioral_P18+_300 x 600_Standard_NV_NA,204442894,10/9/2017,5425,402,5023,0,5023,632,4391,1379,3012,632,198,1577
TJN_MAR_023_Marshalls 2H Digital_F18,Bustle,PK5G43_TJN_MAR_023_Content_BUSTLE_RON - Bustle & Elite Daily - Panoramic Unit_Run of Network_Contextual_F25-54_1 x 1_Click and View_NV_NA,206309983,10/19/2017,94483,2168,92315,2057,90258,82434,7824,3297,4527,84491,35604,38901
TJN_TJX_TJMaxx 2H DIG_FY18,Viant,"PK2X7B_TJN_TJX_028_Data_VIANT INC_DSI_SV1_TWB_DIR_RCH_TRG_INT_BTG_CTG_DVY_PHASE 1_VIANT IMP, W25-54 STRATEGIC SAVERS, CONTOBOX - Honeycomb_Fixed Placement_Behavioral_F25-54_300 x 250_Click and View_NV_NA",205687939,10/9/2017,1022,30,992,8,984,124,860,443,417,132,68,511
TJN_MAR_023_Marshalls 2H Digital_F18,xAd Inc.,PJQ0Y8_TJN_MAR_023_Mobile_GROUND TRUTH FKA XAD_DST_SV1_MAP_DIR_RCH_TRG_RON_WEA_PXT_DVY_PROXIMITY LOYALTY - WEATHER LOCATOR UNIT_Run of Network_Weather_F25-54_320 x 50_Click and View_NV_NA,204556189,9/26/2017,31594,688,30906,18875,12031,185,11846,11169,677,19060,17971,29140
TJN_TJX_TJMaxx 2H DIG_FY18,Foursquare,"PK0H7Z_TJN_TJX_028_Audience_FOURSQUARE LABS, INC_DST_SV1_MAP_PRO_RCH_TRG_RON_PXT_BTG_DVY_PHASE 1_MOBILE RICH MEDIA STRATEGIC SAVERS - Fall Honeycomb_Run of Network_Geo_F25-54_300 x 250_Standard_NV_NA",205341980,9/27/2017,5185,333,4852,1600,3252,213,3039,724,2315,1813,432,1156
TJN_TJX_TJMaxx 2H DIG_FY18,xAd Inc.,PKF5JT_TJN_TJX_028_Mobile_GROUND TRUTH FKA XAD_DST_SV1_MAP_DIR_DSP_TRG_RON_RTG_RTG_DVY_PHASE 1_LOCATION AUDIENCE COMPETITIVE CONQUESTING PLACEMENT - STANDARD BANNER - Find A Store V1_Run of Network_Retarget_F25-54_320 x 50_Click and View_NV_NA,206813083,10/14/2017,3843,97,3746,1522,2224,29,2195,1633,562,1551,1154,2787
TJN_TJX_TJMaxx 2H DIG_FY18,Foursquare,"PKFMK7_TJN_TJX_028_Audience_FOURSQUARE LABS, INC_DST_SV1_MAP_PRO_RCH_TRG_RON_PXT_BTG_DVY_PHASE 1_MOBILE RICH MEDIA COMPETITIVE CONQUESTING - Sweaters_Run of Network_Geo_F25-54_300 x 250_Standard_NV_NA",206832744,10/21/2017,19,0,19,17,2,0,2,1,1,17,9,10
TJN_TJX_TJMaxx 2H DIG_FY18,Conversant Inc.,PJPWPG_TJN_TJX_028_Audience_CONVERSANT_DST_SV1_TAP_NET_DSP_TRG_RON_BTG_BTG_DVY_PHASE 1_ TABLET MEDIUM RECTANGLE  - CONVERSANT SHOPPERS AV_Run of Site_Behavioral_P18+_300 x 250_Standard_NV_NA,204446129,9/29/2017,473,0,473,0,473,91,382,168,214,91,40,208
TJN_TJX_TJMaxx 2H DIG_FY18,NBC Universal Media,PK2HF5_TJN_TJX_028_Content_NBCUNI.COM_BAF_BS2_MAP_DIR_VID_SPN_ROS_BTG_CTG_MOA_THIS IS US SPONSORSHIP: DESKTOP - VIGNETTE 1_Run of Site_Behavioral_F25-54_1920 x 1080_Click and View_NV_NA,205566893,9/26/2017,436,7,429,429,0,0,0,0,0,429,309,309
TJN_MAR_023_Marshalls 2H Digital_F18,Spotify USA Inc.,PK0HN8_TJN_MAR_023_Audience_SPOTIFY USA INC_DST_SV2_MAP_DIR_DSP_TRG_ROS_DMA_PXT_DVY_MOBILE OVERLAY 630X920_Run of Site_Geo_F25-54_630 x 920_Click and View_NV_NA,205561904,10/21/2017,38534,392,38142,38142,0,0,0,0,0,38142,35207,35207
TJN_TJX_TJMaxx 2H DIG_FY18,Viant,"PJNSGN_TJN_TJX_028_Data_VIANT INC_DSI_SV1_TWB_DIR_DSP_TRG_RON_BTG_CTG_DVY_PHASE 1_VIANT DIRECT MATCH RETAIL, TJX PORFOLIO LOYALISTS, DISPLAY_Fixed Placement_Behavioral_F25-54_300 x 250_Standard_NV_NA",204526347,10/20/2017,1518,25,1493,0,1493,249,1244,663,581,249,133,796
TJN_TJX_TJMaxx 2H DIG_FY18,xAd Inc.,PJMTNQ_TJN_TJX_028_Mobile_GROUND TRUTH FKA XAD_DST_SV1_MAP_DIR_RCH_TRG_RON_BTG_BTG_DVY_PHASE 1_BEHAVIORAL AUDIENCE STRATEGIC SAVERS PLACEMENT - RICH MEDIA STORE LOCATOR - TJ Maxx_Run of Network_Behavioral_F25-54_320 x 50_Click and View_NV_NA,204447845,10/13/2017,8884,122,8762,3418,5344,178,5166,4120,1046,3596,2868,6988
TJN_MAR_023_Marshalls 2H Digital_F18,NinthDecimal,"PJPSS1_TJN_MAR_023_Mobile_NINTHDECIMAL_DST_SV1_MAP_DIR_RCH_TRG_RON_BTG_DMA_DVY_TV TARGETING: PEOPLE WHO WATCH BRAVO, TLC, HGTV, A&E, LIFETIME, DISCOVERY_Run of Network_Behavioral_F25-54_320 x 50_Click and View_NV_NA",204541508,10/13/2017,37215,409,36806,8396,28410,171,28239,26777,1462,8567,8123,34900
TJN_TJX_TJMaxx 2H DIG_FY18,xAd Inc.,PJPXJX_TJN_TJX_028_Mobile_GROUND TRUTH FKA XAD_DST_SV1_MAP_DIR_DSP_TRG_RON_BTG_BTG_DVY_PHASE 1_BEHAVIORAL AUDIENCE STRATEGIC SAVERS PLACEMENT - STANDARD BANNER - TJMaxx_Run of Network_Behavioral_F25-54_320 x 50_Click and View_NV_NA,204447848,10/13/2017,10769,120,10649,2619,8030,176,7854,6247,1607,2795,2232,8479
TJN_TJX_TJMaxx 2H DIG_FY18,NBC Universal Media,PK2KJY_TJN_TJX_028_Content_NBCUNI.COM_BAF_BS2_DSK_DIR_VID_SPN_ROS_BTG_CTG_MOA_THIS IS US SPONSORSHIP: DESKTOP - VIGNETTE 3_Run of Site_Behavioral_F25-54_1920 x 1080_Click and View_NV_NA,205659768,10/15/2017,28098,509,27589,27589,0,0,0,0,0,27589,18224,18224
TJN_MAR_023_Marshalls 2H Digital_F18,xAd Inc.,PJQ0YF_TJN_MAR_023_Mobile_GROUND TRUTH FKA XAD_DST_SV1_MAP_DIR_RCH_TRG_RON_WEA_PXT_DVY_PROXIMITY CONQUESTING - WEATHER LOCATOR UNIT_Run of Network_Weather_F25-54_300 x 250_Click and View_NV_NA,204596913,9/23/2017,272,2,270,8,262,65,197,189,8,73,70,259
TJN_TJX_TJMaxx 2H DIG_FY18,Viant,"PKGJ3N_TJN_TJC_031_Data_VIANT INC_PUR_ROI_TWB_DIR_CUS_TRG_NAT_BTG_MKT_DVY_W25-54 + KEYWORD TARGETING, CROSS DEVICE NATIVE - Booties_Fixed Placement_Contextual_F25-54_1 x 1_Click_NV_NA",206833311,10/16/2017,8,2,6,6,0,0,0,0,0,6,4,4
TJN_TJX_TJMaxx 2H DIG_FY18,Hulu,PK3CRZ_TJN_TJX_027_Content_HULU_BAF_BS2_DSK_DIR_VID_SPN_CHS_CTG_CTG_DVY_FALL TV SPONSORSHIP: VIDEO COMMERCIAL - DESKTOP_FEP_Contextual_F25-54_1920 x 1080_Standard_NV_NA,205727706,10/11/2017,22331,408,21923,21923,0,0,0,0,0,21923,14305,14305
TJN_TJX_TJMaxx 2H DIG_FY18,xAd Inc.,PKF4PH_TJN_TJX_028_Mobile_GROUND TRUTH FKA XAD_DST_SV1_MAP_DIR_RCH_TRG_RON_BTG_BTG_DVY_PHASE 1_BEHAVIORAL AUDIENCE TRENDSETTERS PLACEMENT - RICH MEDIA STORE LOCATOR - Find A Store V2_Run of Network_Behavioral_F25-54_320 x 50_Click and View_NV_NA,206812750,10/17/2017,4131,19,4112,1333,2779,67,2712,2332,380,1400,1204,3536
TJN_TJX_TJMaxx 2H DIG_FY18,xAd Inc.,PJMTN9_TJN_TJX_028_Mobile_GROUND TRUTH FKA XAD_DST_SV1_MAP_DIR_DSP_TRG_RON_BTG_BTG_DVY_PHASE 1_BEHAVIORAL AUDIENCE STRATEGIC SAVERS PLACEMENT - STANDARD BANNER - Fall Handbag_Run of Network_Behavioral_F25-54_300 x 250_Click and View_NV_NA,204447293,9/8/2017,7764,201,7563,6421,1142,16,1126,1069,57,6437,6038,7107
TJN_TJX_TJMaxx 2H DIG_FY18,Conversant Inc.,PJPTLK_TJN_TJC_031_Audience_CONVERSANT_PUR_ROI_DSK_NET_DSP_TRG_RON_BTG_BTG_DVY_DESKTOP RECTANGLE- TRENDSETTERS_Run of Site_Other_P18+_300 x 600_Standard_NV_NA,204483963,10/10/2017,6838,400,6438,0,6438,1639,4799,887,3912,1639,303,1190
TJN_TJX_TJMaxx 2H DIG_FY18,Conversant Inc.,PJPWBW_TJN_TJX_028_Audience_CONVERSANT_DST_SV1_DSK_NET_DSP_TRG_RON_BTG_BTG_DVY_PHASE 1_ DESKTOP RECTANGLE - CJ INTERACTORS LAL MODELING_Run of Site_Behavioral_P18+_300 x 600_Standard_NV_NA,204447740,9/29/2017,9,0,9,0,9,0,9,8,1,0,0,8
TJN_TJX_TJMaxx 2H DIG_FY18,NBC Universal Media,PK2JQT_TJN_TJX_028_Content_NBCUNI.COM_BAF_BS2_TAP_DIR_VID_SPN_ROS_BTG_CTG_MOA_THIS IS US SPONSORSHIP: TABLET - VIGNETTE 1_Run of Site_Behavioral_F25-54_1920 x 1080_Click and View_NV_NA,205563488,9/26/2017,520,2,518,518,0,0,0,0,0,518,373,373
TJN_TJX_TJMaxx 2H DIG_FY18,Foursquare,"PJPQL0_TJN_TJX_028_Audience_FOURSQUARE LABS, INC_DST_SV1_MAP_PRO_DSP_TRG_RON_PXT_BTG_DVY_PHASE 1_PINPOINT TRENDSETTERS_Run of Network_Geo_F25-54_320 x 50_Standard_NV_NA",204478094,10/20/2017,122966,2221,120745,97686,23059,522,22537,21367,1170,98208,93110,114477
TJN_TJX_TJMaxx 2H DIG_FY18,NBC Universal Media,PK2LFH_TJN_TJX_028_Content_NBCUNI.COM_BAF_BS2_DSK_DIR_DSP_SPN_HPT_CTG_CTG_DCM_100% SOV NBC HOMEPAGE ROADBLOCK 10/3 - 300X250 DESKTOP_HP Takeover_Contextual_F25-54_300 x 250_Standard_NV_NA,205566908,10/4/2017,85746,5356,80390,0,80390,4173,76217,38647,37570,4173,2116,40763
TJN_TJX_TJMaxx 2H DIG_FY18,Foursquare,"PJPSSY_TJN_TJX_028_Audience_FOURSQUARE LABS, INC_DST_SV1_MAP_PRO_RCH_TRG_RON_PXT_BTG_DVY_PHASE 1_MOBILE RICH MEDIA TRENDSETTERS - Find A TJ Maxx Store_Run of Network_Geo_F25-54_320 x 50_Standard_NV_NA",204527598,9/24/2017,78478,1793,76685,47517,29168,2293,26875,19431,7444,49810,36013,55444
TJN_MAR_023_Marshalls 2H Digital_F18,NinthDecimal,PJPSRS_TJN_MAR_023_Mobile_NINTHDECIMAL_DST_SV1_MAP_DIR_RCH_TRG_RON_PXT_DMA_DVY_GEOFENCE: 5-10-MILE RADIUS AROUND SUBURBAN STORES_Run of Network_Geo_F25-54_320 x 50_Click and View_NV_NA,204541748,10/16/2017,44212,961,43251,15209,28042,150,27892,27265,627,15359,15014,42279
TJN_MAR_023_Marshalls 2H Digital_F18,xAd Inc.,PJQ0Y9_TJN_MAR_023_Mobile_GROUND TRUTH FKA XAD_DST_SV1_MAP_DIR_RCH_TRG_RON_WEA_PXT_DVY_PROXIMITY LOYALTY - WEATHER LOCATOR UNIT_Run of Network_Weather_F25-54_300 x 250_Click and View_NV_NA,204541757,9/8/2017,1417,29,1388,12,1376,5,1371,1321,50,17,16,1337
TJN_TJX_TJMaxx 2H DIG_FY18,xAd Inc.,PJMTNF_TJN_TJX_028_Mobile_GROUND TRUTH FKA XAD_DST_SV1_MAP_DIR_DSP_TRG_RON_PXT_PXT_DVY_PHASE 1_PROXIMITY LOYALTY PLACEMENT - STANDARD BANNER - Fall Handbag_Run of Network_Geo_F25-54_300 x 250_Click and View_NV_NA,204446159,9/21/2017,10472,238,10234,10106,128,40,88,9,79,10146,1038,1047
TJN_TJX_TJMaxx 2H DIG_FY18,Conversant Inc.,PJNPMJ_TJN_TJC_031_Audience_CONVERSANT_PUR_ROI_MAP_NET_DSP_TRG_RON_BTG_BTG_DVY_SMARTPHONE MEDIUM RECTANGLE - STRATEGIC SAVERS_Run of Site_Other_P18+_300 x 250_Standard_NV_NA,204442063,10/9/2017,9271,32,9239,0,9239,1320,7919,4268,3651,1320,711,4979
TJN_TJX_TJMaxx 2H DIG_FY18,PlaceIQ,PK19Z0_TJN_TJX_028_Mobile_PLACEIQ INC_DST_SV1_MAP_DIR_RCH_TRG_RON_BTG_PTG_DVY_PHASE 1_RICH MEDIA_STRATEGIC SAVERS_APPAREL OR FURNISHINGS DISCRETIONARY SPEND+IMPULSE BUYER SHOPPERS_Run of Network_Behavioral_F25-54_320 x 50_Click and View_NV_NA,205563158,10/12/2017,35597,1006,34591,12268,22323,603,21720,21405,315,12871,12684,34089
TJN_TJX_TJMaxx 2H DIG_FY18,Viant,"PK2V4W_TJN_TJX_028_Data_VIANT INC_DSI_SV1_DSK_DIR_RCH_TRG_INT_BTG_CTG_DVY_PHASE 1_VIANT IMP, W25-54 STRATEGIC SAVERS, CONTOBOX - Fall Homes_Fixed Placement_Behavioral_F25-54_728 x 90_Click and View_NV_NA",205687309,9/29/2017,2541,25,2516,4,2512,225,2287,1083,1204,229,108,1191
TJN_TJX_TJMaxx 2H DIG_FY18,xAd Inc.,PJYDBQ_TJN_TJX_028_Mobile_GROUND TRUTH FKA XAD_DST_SV1_MAP_DIR_RCH_TRG_RON_BTG_BTG_DVY_PHASE 1_BEHAVIORAL AUDIENCE TRENDSETTERS PLACEMENT - RICH MEDIA STORE LOCATOR - Fall Hero_Run of Network_Behavioral_F25-54_300 x 250_Click and View_NV_NA,205145231,10/21/2017,864,10,854,4,850,4,846,800,46,8,8,808
TJN_TJX_TJMaxx 2H DIG_FY18,xAd Inc.,PJPXK0_TJN_TJX_028_Mobile_GROUND TRUTH FKA XAD_DST_SV1_MAP_DIR_DSP_TRG_RON_BTG_BTG_DVY_PHASE 1_BEHAVIORAL AUDIENCE TRENDSETTERS PLACEMENT - STANDARD BANNER - TJMaxx_Run of Network_Behavioral_F25-54_320 x 50_Click and View_NV_NA,204483993,9/24/2017,20857,186,20671,6453,14218,423,13795,12731,1064,6876,6289,19020
TJN_TJX_TJMaxx 2H DIG_FY18,NBC Universal Media,PK2LH8_TJN_TJX_028_Content_NBCUNI.COM_BAF_BS2_DSK_DIR_DSP_SPN_HPT_CTG_CTG_DCM_100% SOV NBC THIS IS US ROADBLOCK 10/3 - 970X66 DESKTOP_HP Takeover_Contextual_F25-54_970 x 66_Standard_NV_NA,205566356,10/3/2017,36656,833,35823,0,35823,1147,34676,27774,6902,1147,919,28693
TJN_TJX_TJMaxx 2H DIG_FY18,xAd Inc.,PJMTNC_TJN_TJX_028_Mobile_GROUND TRUTH FKA XAD_DST_SV1_MAP_DIR_DSP_TRG_RON_BTG_BTG_DVY_PHASE 1_BEHAVIORAL AUDIENCE TRENDSETTERS PLACEMENT - STANDARD BANNER - Maxx You Maxx Life_Run of Network_Behavioral_F25-54_320 x 50_Click and View_NV_NA,204447830,9/24/2017,18810,173,18637,6071,12566,2006,10560,9601,959,8077,7285,16886
TJN_TJX_TJMaxx 2H DIG_FY18,PlaceIQ,PK18VB_TJN_TJX_028_Mobile_PLACEIQ INC_DST_SV1_MAP_DIR_DSP_TRG_RON_BTG_PXT_DVY_PHASE 1_STANDARD BANNER_TJX PROXIMITY LOYALISTS_WORK BY TJMAXX - Maxx You Maxx Life_Run of Network_Behavioral_F25-54_320 x 50_Click and View_NV_NA,205563149,10/14/2017,28616,565,28051,13579,14472,181,14291,14077,214,13760,13554,27631
TJN_TJX_TJMaxx 2H DIG_FY18,xAd Inc.,PJMTN2_TJN_TJX_028_Mobile_GROUND TRUTH FKA XAD_DST_SV1_MAP_DIR_DSP_TRG_RON_RTG_RTG_DVY_PHASE 1_LOCATION AUDIENCE COMPETITIVE CONQUESTING PLACEMENT - STANDARD BANNER - Fall Handbag_Run of Network_Retarget_F25-54_300 x 250_Click and View_NV_NA,204447824,10/9/2017,6905,105,6800,6795,5,0,5,2,3,6795,2718,2720
TJN_TJX_TJMaxx 2H DIG_FY18,NBC Universal Media,PK2LGT_TJN_TJX_028_Content_NBCUNI.COM_BAF_BS2_DSK_DIR_DSP_SPN_HPT_CTG_CTG_DCM_100% SOV NBC THIS IS US ROADBLOCK 9/26 - 300X250 DESKTOP_HP Takeover_Contextual_F25-54_300 x 250_Standard_NV_NA,205566905,9/27/2017,156155,4764,151391,4,151387,6917,144470,83728,60742,6921,4011,87739
TJN_MAR_023_Marshalls 2H Digital_F18,xAd Inc.,PJQ0YR_TJN_MAR_023_Mobile_GROUND TRUTH FKA XAD_DST_SV1_MAP_DIR_DSP_TRG_RON_PXT_BTG_DVY_GEOBLOCKS CONQUESTING - DYNAMIC DISTANCE_Run of Network_Geo_F25-54_300 x 250_Click and View_NV_NA,204555244,9/5/2017,5230,137,5093,5086,7,0,7,2,5,5086,1453,1455
TJN_MAR_023_Marshalls 2H Digital_F18,Bustle,PKG3Z8_TJN_MAR_023_Content_BUSTLE_Custom Content Roadblock Custom Shot Feature 2 - Panoramic_Roadblock_Contextual_F25-54_1 x 1_Click and View_NV_NA,206711606,10/21/2017,9736,164,9572,5,9567,8773,794,689,105,8778,7617,8306
TJN_TJX_TJMaxx 2H DIG_FY18,xAd Inc.,PJPXJX_TJN_TJX_028_Mobile_GROUND TRUTH FKA XAD_DST_SV1_MAP_DIR_DSP_TRG_RON_BTG_BTG_DVY_PHASE 1_BEHAVIORAL AUDIENCE STRATEGIC SAVERS PLACEMENT - STANDARD BANNER - TJMaxx_Run of Network_Behavioral_F25-54_320 x 50_Click and View_NV_NA,204447848,9/16/2017,23267,133,23134,2329,20805,10616,10189,9206,983,12945,11696,20902
TJN_MAR_023_Marshalls 2H Digital_F18,NinthDecimal,"PJPSS1_TJN_MAR_023_Mobile_NINTHDECIMAL_DST_SV1_MAP_DIR_RCH_TRG_RON_BTG_DMA_DVY_TV TARGETING: PEOPLE WHO WATCH BRAVO, TLC, HGTV, A&E, LIFETIME, DISCOVERY_Run of Network_Behavioral_F25-54_320 x 50_Click and View_NV_NA",204541508,9/16/2017,14737,317,14420,4299,10121,67,10054,9569,485,4366,4155,13724
TJN_TJX_TJMaxx 2H DIG_FY18,Viant,"PJNSGP_TJN_TJX_028_Data_VIANT INC_DSI_SV1_MWB_DIR_DSP_TRG_RON_BTG_CTG_DVY_PHASE 1_VIANT DIRECT MATCH RETAIL, TJX PORFOLIO LOYALISTS, DISPLAY_Fixed Placement_Behavioral_F25-54_300 x 50_Standard_NV_NA",204525579,10/13/2017,30,2,28,0,28,1,27,13,14,1,0,13
TJN_MAR_023_Marshalls 2H Digital_F18,xAd Inc.,PJQ0YL_TJN_MAR_023_Mobile_GROUND TRUTH FKA XAD_DST_SV1_MAP_DIR_DSP_TRG_RON_BTG_PXT_DVY_COMPETITOR SHOPPERS - DYNAMIC DISTANCE_Run of Network_Geo_F25-54_320 x 50_Click and View_NV_NA,204595638,10/9/2017,6829,173,6656,4306,2350,74,2276,1691,585,4380,3253,4944
TJN_MAR_023_Marshalls 2H Digital_F18,NinthDecimal,PJPSS0_TJN_MAR_023_Mobile_NINTHDECIMAL_DST_SV1_MAP_DIR_RCH_TRG_RON_BTG_DMA_DVY_3RD PARTY: SURPRISE CHOOSERS_Run of Network_Behavioral_F25-54_320 x 50_Click and View_NV_NA,204595875,10/17/2017,27319,291,27028,7100,19928,135,19793,19102,691,7235,6982,26084
TJN_TJX_TJMaxx 2H DIG_FY18,Foursquare,"PKFMJQ_TJN_TJX_028_Audience_FOURSQUARE LABS, INC_DST_SV1_MAP_PRO_RCH_TRG_RON_PXT_BTG_DVY_PHASE 1_MOBILE RICH MEDIA COMPETITIVE CONQUESTING - Dresses_Run of Network_Geo_F25-54_300 x 250_Standard_NV_NA",206834001,10/19/2017,114,0,114,106,8,6,2,2,0,112,112,114
TJN_TJX_TJMaxx 2H DIG_FY18,Foursquare,"PJMQ2K_TJN_TJX_028_Audience_FOURSQUARE LABS, INC_DST_SV1_MAP_PRO_DSP_TRG_RON_PXT_BTG_DVY_PHASE 1_PINPOINT STRATEGIC SAVERS_Run of Network_Geo_F25-54_320 x 50_Standard_NV_NA",204483454,10/21/2017,80106,1044,79062,59355,19707,600,19107,17670,1437,59955,55446,73116
TJN_TJX_TJMaxx 2H DIG_FY18,Foursquare,"PJPQKZ_TJN_TJX_028_Audience_FOURSQUARE LABS, INC_DST_SV1_MAP_PRO_DSP_TRG_RON_PXT_BTG_DVY_PHASE 1_PINPOINT TRENDSETTERS_Run of Network_Geo_F25-54_300 x 250_Standard_NV_NA",204481813,9/18/2017,21786,2675,19111,6401,12710,1940,10770,4326,6444,8341,3350,7676
TJN_TJX_TJMaxx 2H DIG_FY18,Foursquare,"PJMQ2K_TJN_TJX_028_Audience_FOURSQUARE LABS, INC_DST_SV1_MAP_PRO_DSP_TRG_RON_PXT_BTG_DVY_PHASE 1_PINPOINT STRATEGIC SAVERS_Run of Network_Geo_F25-54_320 x 50_Standard_NV_NA",204483454,9/9/2017,64761,7160,57601,26396,31205,1729,29476,17428,12048,28125,16629,34057
TJN_TJX_TJMaxx 2H DIG_FY18,Foursquare,"PJYHWD_TJN_TJX_028_Audience_FOURSQUARE LABS, INC_DST_SV1_MAP_PRO_DSP_TRG_RON_PXT_BTG_DVY_PHASE 1_PINPOINT COMPETITIVE CONQUESTING_Run of Network_Geo_F25-54_300 x 250_Standard_NV_NA",205235284,10/8/2017,4775,315,4460,2200,2260,133,2127,1347,780,2333,1477,2824
TJN_TJX_TJMaxx 2H DIG_FY18,Viant,"PK2V4V_TJN_TJX_028_Data_VIANT INC_DSI_SV1_TWB_DIR_RCH_TRG_INT_BTG_CTG_DVY_PHASE 1_VIANT IMP, W25-54 STRATEGIC SAVERS, CONTOBOX - Fall Homes_Fixed Placement_Behavioral_F25-54_728 x 90_Click and View_NV_NA",205725966,10/12/2017,74,7,67,4,63,1,62,16,46,5,1,17
TJN_TJX_TJMaxx 2H DIG_FY18,PlaceIQ,PK19YY_TJN_TJX_028_Mobile_PLACEIQ INC_DST_SV1_MAP_DIR_RCH_TRG_RON_BTG_PTG_DVY_PHASE 1_RICH MEDIA_STRATEGIC SAVERS_FREQUENT WOMEN'S APPAREL SHOPPER+DISCRETIONARY SPEND SHOPPERS_Run of Network_Behavioral_F25-54_320 x 50_Click and View_NV_NA,205568681,10/7/2017,41129,841,40288,15075,25213,938,24275,23651,624,16013,15601,39252
TJN_MAR_023_Marshalls 2H Digital_F18,xAd Inc.,PJQ0YB_TJN_MAR_023_Mobile_GROUND TRUTH FKA XAD_DST_SV1_MAP_DIR_DSP_TRG_RON_PXT_BTG_DVY_PROXIMITY CONQUESTING - DYNAMIC DISTANCE_Run of Network_Geo_F25-54_320 x 50_Click and View_NV_NA,204541799,10/10/2017,5167,66,5101,4357,744,45,699,580,119,4402,3547,4127
TJN_TJX_TJMaxx 2H DIG_FY18,Viant,"PJNSGP_TJN_TJX_028_Data_VIANT INC_DSI_SV1_MWB_DIR_DSP_TRG_RON_BTG_CTG_DVY_PHASE 1_VIANT DIRECT MATCH RETAIL, TJX PORFOLIO LOYALISTS, DISPLAY_Fixed Placement_Behavioral_F25-54_300 x 50_Standard_NV_NA",204525579,9/13/2017,426,1,425,0,425,96,329,260,69,96,76,336
TJN_TJX_TJMaxx 2H DIG_FY18,Conversant Inc.,PJPTLH_TJN_TJC_031_Audience_CONVERSANT_PUR_ROI_TAP_NET_DSP_TRG_RON_BTG_BTG_DVY_TABLET LEADERBOARD- TRENDSETTERS_Run of Site_Other_P18+_728 x 90_Standard_NV_NA,204447779,10/21/2017,15,1,14,0,14,2,12,4,8,2,1,5
TJN_TJX_TJMaxx 2H DIG_FY18,Hulu,PK3CXH_TJN_TJX_027_Content_HULU_BAF_BS2_DSK_DIR_CUS_SPN_CHS_CTG_CTG_DVY_FALL TV SPONSORSHIP: PREMIUM SLATE - DESKTOP_FEP_Contextual_F25-54_1920 x 1080_Standard_NV_NA,205683922,9/27/2017,2,0,2,2,0,0,0,0,0,2,1,1
TJN_TJX_TJMaxx 2H DIG_FY18,Conversant Inc.,PJPWPD_TJN_TJX_028_Audience_CONVERSANT_DST_SV1_MAP_NET_DSP_TRG_RON_BTG_BTG_DVY_PHASE 1_ SMARTPHONE SMALL BANNER  - CONVERSANT SHOPPERS AV_Run of Site_Behavioral_P18+_320 x 50_Standard_NV_NA,204447251,9/12/2017,437,5,432,0,432,95,337,144,193,95,41,185
TJN_TJX_TJMaxx 2H DIG_FY18,Hulu,PK3F7J_TJN_TJX_027_Content_HULU_BAF_BS2_TAP_DIR_CUS_SPN_CHS_CTG_CTG_DVY_HULU ROS: PREMIUM SLATE - TABLET IN APP_FEP_Contextual_F25-54_1920 x 1080_Standard_NV_NA,205725864,10/4/2017,4,0,4,4,0,0,0,0,0,4,2,2
TJN_TJX_TJMaxx 2H DIG_FY18,Viant,"PJSPCD_TJN_TJC_031_Data_VIANT INC_PUR_ROI_DSK_DIR_DSP_TRG_RON_BTG_MKT_DVY_W25-54 + ONLINE SHOPPERS, CROSS DEVICE DISPLAY_Fixed Placement_Behavioral_F25-54_728 x 90_Click_NV_NA",204733044,10/13/2017,12621,108,12513,0,12513,596,11917,9659,2258,596,483,10142
TJN_MAR_023_Marshalls 2H Digital_F18,xAd Inc.,PJQ0YJ_TJN_MAR_023_Mobile_GROUND TRUTH FKA XAD_DST_SV1_MAP_DIR_DSP_TRG_RON_BTG_PXT_DVY_MARSHALLS SHOPPERS - DYNAMIC DISTANCE_Run of Network_Geo_F25-54_320 x 50_Click and View_NV_NA,204595911,10/8/2017,8304,84,8220,2853,5367,88,5279,3740,1539,2941,2090,5830
TJN_MAR_023_Marshalls 2H Digital_F18,NinthDecimal,PJPSRW_TJN_MAR_023_Mobile_NINTHDECIMAL_DST_SV1_MAP_DIR_RCH_TRG_RON_BTG_PXT_DVY_LOCATION GRAPH: TJX FAMILY LOYALISTS_Run of Network_Behavioral_F25-54_320 x 50_Click and View_NV_NA,204541739,9/18/2017,12186,323,11863,3960,7903,33,7870,7584,286,3993,3848,11432
TJN_TJX_TJMaxx 2H DIG_FY18,xAd Inc.,PJPXK0_TJN_TJX_028_Mobile_GROUND TRUTH FKA XAD_DST_SV1_MAP_DIR_DSP_TRG_RON_BTG_BTG_DVY_PHASE 1_BEHAVIORAL AUDIENCE TRENDSETTERS PLACEMENT - STANDARD BANNER - TJMaxx_Run of Network_Behavioral_F25-54_320 x 50_Click and View_NV_NA,204483993,9/22/2017,22390,219,22171,5374,16797,419,16378,14940,1438,5793,5262,20202
TJN_TJX_TJMaxx 2H DIG_FY18,Foursquare,"PJPRQJ_TJN_TJX_028_Audience_FOURSQUARE LABS, INC_DST_SV1_MAP_PRO_DSP_TRG_RON_PXT_BTG_DVY_PHASE 1_PINPOINT STRATEGIC SAVERS AV_Run of Network_Geo_F25-54_320 x 50_Standard_NV_NA",204525369,9/15/2017,2058,118,1940,505,1435,88,1347,891,456,593,392,1283
TJN_MAR_023_Marshalls 2H Digital_F18,xAd Inc.,PJQ0YS_TJN_MAR_023_Mobile_GROUND TRUTH FKA XAD_DST_SV1_MAP_DIR_DSP_TRG_RON_DMA_BTG_DVY_AV DMA TARGETING_Run of Network_Geo_F25-54_300 x 250_Click and View_NV_NA,204558337,10/19/2017,20952,230,20722,14501,6221,51,6170,4023,2147,14552,9488,13511
TJN_TJX_TJMaxx 2H DIG_FY18,Foursquare,"PKFMM6_TJN_TJX_028_Audience_FOURSQUARE LABS, INC_DST_SV1_MAP_PRO_RCH_TRG_RON_PXT_BTG_DVY_PHASE 1_MOBILE RICH MEDIA STRATEGIC SAVERS - Dresses_Run of Network_Geo_F25-54_300 x 250_Standard_NV_NA",206772518,10/20/2017,801,31,770,516,254,127,127,72,55,643,365,437
TJN_TJX_TJMaxx 2H DIG_FY18,xAd Inc.,PJMTNC_TJN_TJX_028_Mobile_GROUND TRUTH FKA XAD_DST_SV1_MAP_DIR_DSP_TRG_RON_BTG_BTG_DVY_PHASE 1_BEHAVIORAL AUDIENCE TRENDSETTERS PLACEMENT - STANDARD BANNER - Maxx You Maxx Life_Run of Network_Behavioral_F25-54_320 x 50_Click and View_NV_NA,204447830,9/22/2017,21863,236,21627,5198,16429,169,16260,14922,1338,5367,4895,19817
TJN_TJX_TJMaxx 2H DIG_FY18,Viant,"PJSPBY_TJN_TJC_031_Data_VIANT INC_PUR_ROI_TWB_DIR_DSP_TRG_RON_BTG_MKT_DVY_DETERMINSTIC LAL OF ECOM CONVERTERS, CROSS DEVICE DISPLAY_Fixed Placement_Behavioral_F25-54_300 x 250_Click_NV_NA",204715651,10/4/2017,289,7,282,0,282,48,234,92,142,48,19,111
TJN_TJX_TJMaxx 2H DIG_FY18,Viant,"PK2X7B_TJN_TJX_028_Data_VIANT INC_DSI_SV1_TWB_DIR_RCH_TRG_INT_BTG_CTG_DVY_PHASE 1_VIANT IMP, W25-54 STRATEGIC SAVERS, CONTOBOX - Honeycomb_Fixed Placement_Behavioral_F25-54_300 x 250_Click and View_NV_NA",205687939,9/26/2017,4162,43,4119,4,4115,603,3512,1173,2339,607,203,1376
TJN_MAR_023_Marshalls 2H Digital_F18,xAd Inc.,PJQ0Y8_TJN_MAR_023_Mobile_GROUND TRUTH FKA XAD_DST_SV1_MAP_DIR_RCH_TRG_RON_WEA_PXT_DVY_PROXIMITY LOYALTY - WEATHER LOCATOR UNIT_Run of Network_Weather_F25-54_320 x 50_Click and View_NV_NA,204556189,10/9/2017,214500,4776,209724,85368,124356,1978,122378,107731,14647,87346,76892,184623
TJN_TJX_TJMaxx 2H DIG_FY18,Hulu,PK3F7F_TJN_TJX_027_Content_HULU_BAF_BS2_DSK_DIR_CUS_SPN_CHS_CTG_CTG_DVY_HULU ROS: PREMIUM SLATE - DESKTOP_FEP_Contextual_F25-54_1920 x 1080_Standard_NV_NA,205683925,10/19/2017,2,0,2,2,0,0,0,0,0,2,2,2
TJN_TJX_TJMaxx 2H DIG_FY18,Viant,"PJNSGR_TJN_TJX_028_Data_VIANT INC_DSI_SV1_TWB_DIR_DSP_TRG_RON_BTG_CTG_DVY_PHASE 1_VIANT DIRECT MATCH RETAIL, TJX PORFOLIO LOYALISTS, DISPLAY_Fixed Placement_Behavioral_F25-54_160 x 600_Standard_NV_NA",204478520,10/18/2017,125,0,125,0,125,2,123,63,60,2,1,64
TJN_TJX_TJMaxx 2H DIG_FY18,Viant,"PJSPCM_TJN_TJC_031_Data_VIANT INC_PUR_ROI_TWB_DIR_DSP_TRG_RON_BTG_MKT_DVY_W25-54 + ONLINE SHOPPERS, CROSS DEVICE DISPLAY_Fixed Placement_Behavioral_F25-54_300 x 250_Click_NV_NA",204733512,10/14/2017,56009,470,55539,66,55473,6332,49141,34009,15132,6398,4428,38437
TJN_TJX_TJMaxx 2H DIG_FY18,Viant,PJPXKR_TJN_TJX_028_Data_VIANT INC_DSI_SV1_DSK_DIR_DSP_TRG_RON_BTG_CTG_DVY_PHASE 1_DESKTOP DISPLAY VIANT IMP TARGETING - STRATEGIC SAVERS AV_Fixed Placement_Demo_F25-54_300 x 250_Standard_NV_NA,204475841,10/19/2017,6748,4246,2502,7,2495,241,2254,475,1779,248,52,527
TJN_TJX_TJMaxx 2H DIG_FY18,Viant,"PJNSGP_TJN_TJX_028_Data_VIANT INC_DSI_SV1_MWB_DIR_DSP_TRG_RON_BTG_CTG_DVY_PHASE 1_VIANT DIRECT MATCH RETAIL, TJX PORFOLIO LOYALISTS, DISPLAY_Fixed Placement_Behavioral_F25-54_300 x 50_Standard_NV_NA",204525579,9/19/2017,16186,187,15999,0,15999,5575,10424,7596,2828,5575,4063,11659
TJN_TJX_TJMaxx 2H DIG_FY18,Conversant Inc.,PJPTML_TJN_TJC_031_Audience_CONVERSANT_PUR_ROI_DSK_NET_DSP_TRG_RON_BTG_BTG_DVY_DESKTOP WIDE SKYSCRAPER- COMPETITIVE CONQUESTING_Run of Site_Other_P18+_160 x 600_Standard_NV_NA,204447224,10/14/2017,24405,3134,21271,3,21268,1276,19992,14176,5816,1279,907,15083
TJN_TJX_TJMaxx 2H DIG_FY18,Viant,"PKGK52_TJN_TJX_028_Data_VIANT INC_DSI_SV1_DSK_DIR_CUS_TRG_NAT_BTG_CTG_DVY_PHASE 1_VIANT LIFESTYLE, TRENDSETTERS NATIVE- Booties_Fixed Placement_Contextual_F25-54_0 x 0_Click and View_NV_NA",206833275,10/21/2017,51402,2689,48713,48713,0,0,0,0,0,48713,36967,36967
TJN_MAR_023_Marshalls 2H Digital_F18,xAd Inc.,PJQ0YP_TJN_MAR_023_Mobile_GROUND TRUTH FKA XAD_DST_SV1_MAP_DIR_DSP_TRG_RON_PXT_BTG_DVY_GEOBLOCKS LOYALTY - DYNAMIC DISTANCE_Run of Network_Geo_F25-54_300 x 250_Click and View_NV_NA,204537983,10/16/2017,7647,217,7430,7430,0,0,0,0,0,7430,3715,3715
TJN_TJX_TJMaxx 2H DIG_FY18,NBC Universal Media,PK3H7H_TJN_TJX_028_Content_NBCUNI.COM_BAF_BS2_DSK_DIR_DSP_SPN_HPT_CTG_CTG_DCM_100% SOV NBC HOMEPAGE ROADBLOCK 10/17 - 300X50 MOBILE_HP Takeover_Contextual_F25-54_300 x 50_Standard_NV_NA,205687864,10/17/2017,22133,314,21819,7,21812,1465,20347,16020,4327,1472,1159,17179
TJN_TJX_TJMaxx 2H DIG_FY18,Viant,"PJSPBX_TJN_TJC_031_Data_VIANT INC_PUR_ROI_TWB_DIR_DSP_TRG_RON_BTG_MKT_DVY_DETERMINSTIC LAL OF ECOM CONVERTERS, CROSS DEVICE DISPLAY_Fixed Placement_Behavioral_F25-54_728 x 90_Click_NV_NA",204716188,10/12/2017,1267,21,1246,1,1245,185,1060,594,466,186,104,698
TJN_TJX_TJMaxx 2H DIG_FY18,Hulu,PK3CRZ_TJN_TJX_027_Content_HULU_BAF_BS2_DSK_DIR_VID_SPN_CHS_CTG_CTG_DVY_FALL TV SPONSORSHIP: VIDEO COMMERCIAL - DESKTOP_FEP_Contextual_F25-54_1920 x 1080_Standard_NV_NA,205727706,10/9/2017,5691,109,5582,5582,0,0,0,0,0,5582,3639,3639
TJN_TJX_TJMaxx 2H DIG_FY18,Hulu,PK3CXN_TJN_TJX_027_Content_HULU_BAF_BS2_CTV_DIR_CUS_SPN_CHS_CTG_CTG_DVY_FALL TV SPONSORSHIP: PREMIUM SLATE - CONNECTED TV_FEP_Contextual_F25-54_1920 x 1080_Standard_NV_NA,205725861,10/12/2017,124,1,123,123,0,0,0,0,0,123,83,83
TJN_TJX_TJMaxx 2H DIG_FY18,Foursquare,"PKFMMC_TJN_TJX_028_Audience_FOURSQUARE LABS, INC_DST_SV1_MAP_PRO_RCH_TRG_RON_PXT_BTG_DVY_PHASE 1_MOBILE RICH MEDIA STRATEGIC SAVERS - Sweaters_Run of Network_Geo_F25-54_300 x 250_Standard_NV_NA",206771960,10/18/2017,747,19,728,545,183,38,145,80,65,583,322,402
TJN_TJX_TJMaxx 2H DIG_FY18,Viant,"PK2X7F_TJN_TJX_028_Data_VIANT INC_DSI_SV1_DSK_DIR_RCH_TRG_INT_BTG_CTG_DVY_PHASE 1_VIANT IMP, W25-54 STRATEGIC SAVERS, CONTOBOX - Honeycomb_Fixed Placement_Behavioral_F25-54_728 x 90_Click and View_NV_NA",205727841,10/5/2017,3808,74,3734,1,3733,221,3512,1385,2127,222,88,1473
TJN_TJX_TJMaxx 2H DIG_FY18,Conversant Inc.,PJNPLW_TJN_TJX_028_Audience_CONVERSANT_DST_SV1_DSK_NET_DSP_TRG_RON_BTG_BTG_DVY_PHASE 1_ DESKTOP MEDIUM RECTANGLE - CJ CONVERTERS LAL MODELING_Run of Site_Behavioral_P18+_300 x 250_Standard_NV_NA,204442024,10/20/2017,190267,11564,178703,33,178670,17724,160946,74862,86084,17757,8259,83121
TJN_MAR_023_Marshalls 2H Digital_F18,Bustle,PK5G42_TJN_MAR_023_Content_BUSTLE_Custom Content Roadblock Standard Feature 1 - 300x250_Roadblock_Contextual_F25-54_300 x 250_Click and View_NV_NA,206309158,10/21/2017,19203,229,18974,7,18967,335,18632,15577,3055,342,286,15863
TJN_TJX_TJMaxx 2H DIG_FY18,Viant,"PK2V4X_TJN_TJX_028_Data_VIANT INC_DSI_SV1_DSK_DIR_RCH_TRG_INT_BTG_CTG_DVY_PHASE 1_VIANT IMP, W25-54 STRATEGIC SAVERS, CONTOBOX - Fall Homes_Fixed Placement_Behavioral_F25-54_300 x 250_Click and View_NV_NA",205688458,10/7/2017,3344,37,3307,3,3304,401,2903,1051,1852,404,146,1197
TJN_TJX_TJMaxx 2H DIG_FY18,xAd Inc.,PJMTN3_TJN_TJX_028_Mobile_GROUND TRUTH FKA XAD_DST_SV1_MAP_DIR_DSP_TRG_RON_RTG_RTG_DVY_PHASE 1_LOCATION AUDIENCE COMPETITIVE CONQUESTING PLACEMENT - STANDARD BANNER - Maxx You Maxx Life_Run of Network_Retarget_F25-54_320 x 50_Click and View_NV_NA,204442933,10/9/2017,8847,164,8683,2686,5997,69,5928,4655,1273,2755,2163,6818
TJN_TJX_TJMaxx 2H DIG_FY18,Viant,"PJNSGT_TJN_TJX_028_Data_VIANT INC_DSI_SV1_DSK_DIR_DSP_TRG_RON_BTG_CTG_DVY_PHASE 1_VIANT DIRECT MATCH RETAIL, TJX PORFOLIO LOYALISTS, DISPLAY_Fixed Placement_Behavioral_F25-54_160 x 600_Standard_NV_NA",204483025,10/2/2017,808,43,765,0,765,44,721,371,350,44,23,394
TJN_TJX_TJMaxx 2H DIG_FY18,Foursquare,"PJPRVC_TJN_TJX_028_Audience_FOURSQUARE LABS, INC_DST_SV1_MAP_PRO_DSP_TRG_RON_PXT_BTG_DVY_PHASE 1_PINPOINT TRENDSETTERS AV_Run of Network_Geo_F25-54_320 x 50_Standard_NV_NA",204527421,9/17/2017,4915,296,4619,1542,3077,126,2951,2185,766,1668,1235,3420
TJN_TJX_TJMaxx 2H DIG_FY18,Conversant Inc.,PJNPLX_TJN_TJX_028_Audience_CONVERSANT_DST_SV1_DSK_NET_DSP_TRG_RON_BTG_BTG_DVY_PHASE 1_ DESKTOP RECTANGLE - CJ CONVERTERS LAL MODELING_Run of Site_Behavioral_P18+_300 x 600_Standard_NV_NA,204442894,10/11/2017,7346,570,6776,1,6775,873,5902,1600,4302,874,237,1837
TJN_TJX_TJMaxx 2H DIG_FY18,Conversant Inc.,PJNPLY_TJN_TJX_028_Audience_CONVERSANT_DST_SV1_DSK_NET_DSP_TRG_RON_BTG_BTG_DVY_PHASE 1_ DESKTOP WIDE SKYSCRAPER - CJ CONVERTERS LAL MODELING_Run of Site_Behavioral_P18+_160 x 600_Standard_NV_NA,204443386,10/20/2017,34375,2078,32297,6,32291,4264,28027,10553,17474,4270,1608,12161
TJN_TJX_TJMaxx 2H DIG_FY18,Viant,"PJNSGM_TJN_TJX_028_Data_VIANT INC_DSI_SV1_TWB_DIR_DSP_TRG_RON_BTG_CTG_DVY_PHASE 1_VIANT DIRECT MATCH RETAIL, TJX PORFOLIO LOYALISTS, DISPLAY_Fixed Placement_Behavioral_F25-54_728 x 90_Standard_NV_NA",204526722,9/15/2017,3727,639,3088,0,3088,676,2412,2016,396,676,565,2581
TJN_TJX_TJMaxx 2H DIG_FY18,Viant,"PJNSGW_TJN_TJX_028_Data_VIANT INC_DSI_SV1_DSK_DIR_DSP_TRG_RON_BTG_CTG_DVY_PHASE 1_VIANT DIRECT MATCH RETAIL, TJX PORFOLIO LOYALISTS, DISPLAY_Fixed Placement_Behavioral_F25-54_300 x 250_Standard_NV_NA",204478514,10/3/2017,5351,147,5204,0,5204,230,4974,3520,1454,230,163,3683
TJN_TJX_TJMaxx 2H DIG_FY18,Viant,"PK2X7B_TJN_TJX_028_Data_VIANT INC_DSI_SV1_TWB_DIR_RCH_TRG_INT_BTG_CTG_DVY_PHASE 1_VIANT IMP, W25-54 STRATEGIC SAVERS, CONTOBOX - Honeycomb_Fixed Placement_Behavioral_F25-54_300 x 250_Click and View_NV_NA",205687939,10/11/2017,81,46,35,2,33,11,22,18,4,13,11,29
TJN_TJX_TJMaxx 2H DIG_FY18,xAd Inc.,PJMTNF_TJN_TJX_028_Mobile_GROUND TRUTH FKA XAD_DST_SV1_MAP_DIR_DSP_TRG_RON_PXT_PXT_DVY_PHASE 1_PROXIMITY LOYALTY PLACEMENT - STANDARD BANNER - Fall Handbag_Run of Network_Geo_F25-54_300 x 250_Click and View_NV_NA,204446159,9/11/2017,11046,165,10881,10779,102,8,94,26,68,10787,2984,3010
TJN_TJX_TJMaxx 2H DIG_FY18,Foursquare,"PK0H7Z_TJN_TJX_028_Audience_FOURSQUARE LABS, INC_DST_SV1_MAP_PRO_RCH_TRG_RON_PXT_BTG_DVY_PHASE 1_MOBILE RICH MEDIA STRATEGIC SAVERS - Fall Honeycomb_Run of Network_Geo_F25-54_300 x 250_Standard_NV_NA",205341980,10/1/2017,14686,2015,12671,1896,10775,820,9955,2449,7506,2716,668,3117
TJN_TJX_TJMaxx 2H DIG_FY18,Foursquare,"PJPRQJ_TJN_TJX_028_Audience_FOURSQUARE LABS, INC_DST_SV1_MAP_PRO_DSP_TRG_RON_PXT_BTG_DVY_PHASE 1_PINPOINT STRATEGIC SAVERS AV_Run of Network_Geo_F25-54_320 x 50_Standard_NV_NA",204525369,9/5/2017,2678,472,2206,879,1327,53,1274,998,276,932,730,1728
TJN_TJX_TJMaxx 2H DIG_FY18,xAd Inc.,PJMTNQ_TJN_TJX_028_Mobile_GROUND TRUTH FKA XAD_DST_SV1_MAP_DIR_RCH_TRG_RON_BTG_BTG_DVY_PHASE 1_BEHAVIORAL AUDIENCE STRATEGIC SAVERS PLACEMENT - RICH MEDIA STORE LOCATOR - TJ Maxx_Run of Network_Behavioral_F25-54_320 x 50_Click and View_NV_NA,204447845,9/10/2017,6,1,5,4,1,1,0,0,0,5,4,4
TJN_MAR_023_Marshalls 2H Digital_F18,NinthDecimal,"PJPSS1_TJN_MAR_023_Mobile_NINTHDECIMAL_DST_SV1_MAP_DIR_RCH_TRG_RON_BTG_DMA_DVY_TV TARGETING: PEOPLE WHO WATCH BRAVO, TLC, HGTV, A&E, LIFETIME, DISCOVERY_Run of Network_Behavioral_F25-54_320 x 50_Click and View_NV_NA",204541508,9/10/2017,7630,71,7559,1466,6093,47,6046,5892,154,1513,1474,7366
TJN_TJX_TJMaxx 2H DIG_FY18,xAd Inc.,PJPXJX_TJN_TJX_028_Mobile_GROUND TRUTH FKA XAD_DST_SV1_MAP_DIR_DSP_TRG_RON_BTG_BTG_DVY_PHASE 1_BEHAVIORAL AUDIENCE STRATEGIC SAVERS PLACEMENT - STANDARD BANNER - TJMaxx_Run of Network_Behavioral_F25-54_320 x 50_Click and View_NV_NA,204447848,9/10/2017,19445,126,19319,3866,15453,234,15219,13435,1784,4100,3619,17054
TJN_TJX_TJMaxx 2H DIG_FY18,Viant,"PJNSGT_TJN_TJX_028_Data_VIANT INC_DSI_SV1_DSK_DIR_DSP_TRG_RON_BTG_CTG_DVY_PHASE 1_VIANT DIRECT MATCH RETAIL, TJX PORFOLIO LOYALISTS, DISPLAY_Fixed Placement_Behavioral_F25-54_160 x 600_Standard_NV_NA",204483025,9/23/2017,15367,343,15024,0,15024,1483,13541,7032,6509,1483,770,7802
TJN_TJX_TJMaxx 2H DIG_FY18,Conversant Inc.,PJNPMG_TJN_TJC_031_Audience_CONVERSANT_PUR_ROI_DSK_NET_DSP_TRG_RON_BTG_BTG_DVY_DESKTOP WIDE SKYSCRAPER- STRATEGIC SAVERS_Run of Site_Other_P18+_160 x 600_Standard_NV_NA,204443410,9/21/2017,7,6,1,0,1,0,1,0,1,0,0,0
TJN_TJX_TJMaxx 2H DIG_FY18,Foursquare,"PK0H7Z_TJN_TJX_028_Audience_FOURSQUARE LABS, INC_DST_SV1_MAP_PRO_RCH_TRG_RON_PXT_BTG_DVY_PHASE 1_MOBILE RICH MEDIA STRATEGIC SAVERS - Fall Honeycomb_Run of Network_Geo_F25-54_300 x 250_Standard_NV_NA",205341980,10/2/2017,2544,416,2128,777,1351,80,1271,460,811,857,310,770
TJN_TJX_TJMaxx 2H DIG_FY18,Viant,"PK2X7H_TJN_TJX_028_Data_VIANT INC_DSI_SV1_MWB_DIR_RCH_TRG_INT_BTG_CTG_DVY_PHASE 1_VIANT IMP, W25-54 STRATEGIC SAVERS, CONTOBOX - Honeycomb_Fixed Placement_Behavioral_F25-54_320 x 50_Click and View_NV_NA",205725975,10/21/2017,402,8,394,1,393,61,332,133,199,62,25,158
TJN_TJX_TJMaxx 2H DIG_FY18,Viant,"PK2X7B_TJN_TJX_028_Data_VIANT INC_DSI_SV1_TWB_DIR_RCH_TRG_INT_BTG_CTG_DVY_PHASE 1_VIANT IMP, W25-54 STRATEGIC SAVERS, CONTOBOX - Honeycomb_Fixed Placement_Behavioral_F25-54_300 x 250_Click and View_NV_NA",205687939,10/6/2017,2040,64,1976,6,1970,304,1666,954,712,310,178,1132
TJN_TJX_TJMaxx 2H DIG_FY18,Viant,"PK2X7J_TJN_TJX_028_Data_VIANT INC_DSI_SV1_MWB_DIR_RCH_TRG_INT_BTG_CTG_DVY_PHASE 1_VIANT IMP, W25-54 STRATEGIC SAVERS, CONTOBOX - Honeycomb_Fixed Placement_Behavioral_F25-54_300 x 250_Click and View_NV_NA",205688479,10/7/2017,2926,48,2878,4,2874,203,2671,522,2149,207,40,562
TJN_TJX_TJMaxx 2H DIG_FY18,Viant,"PK2V4W_TJN_TJX_028_Data_VIANT INC_DSI_SV1_DSK_DIR_RCH_TRG_INT_BTG_CTG_DVY_PHASE 1_VIANT IMP, W25-54 STRATEGIC SAVERS, CONTOBOX - Fall Homes_Fixed Placement_Behavioral_F25-54_728 x 90_Click and View_NV_NA",205687309,10/13/2017,1313,56,1257,3,1254,154,1100,798,302,157,114,912
TJN_TJX_TJMaxx 2H DIG_FY18,Viant,"PJSPCG_TJN_TJC_031_Data_VIANT INC_PUR_ROI_DSK_DIR_DSP_TRG_RON_BTG_MKT_DVY_W25-54 + ONLINE SHOPPERS, CROSS DEVICE DISPLAY_Fixed Placement_Behavioral_F25-54_300 x 50_Click_NV_NA",204716182,10/17/2017,148,8,140,0,140,22,118,102,16,22,19,121
TJN_TJX_TJMaxx 2H DIG_FY18,Viant,"PJNSGT_TJN_TJX_028_Data_VIANT INC_DSI_SV1_DSK_DIR_DSP_TRG_RON_BTG_CTG_DVY_PHASE 1_VIANT DIRECT MATCH RETAIL, TJX PORFOLIO LOYALISTS, DISPLAY_Fixed Placement_Behavioral_F25-54_160 x 600_Standard_NV_NA",204483025,10/1/2017,719,24,695,0,695,51,644,306,338,51,24,330
TJN_MAR_023_Marshalls 2H Digital_F18,xAd Inc.,PJQ0YR_TJN_MAR_023_Mobile_GROUND TRUTH FKA XAD_DST_SV1_MAP_DIR_DSP_TRG_RON_PXT_BTG_DVY_GEOBLOCKS CONQUESTING - DYNAMIC DISTANCE_Run of Network_Geo_F25-54_300 x 250_Click and View_NV_NA,204555244,9/15/2017,5803,231,5572,5561,11,1,10,6,4,5562,3337,3343
TJN_TJX_TJMaxx 2H DIG_FY18,Foursquare,"PK0H7Z_TJN_TJX_028_Audience_FOURSQUARE LABS, INC_DST_SV1_MAP_PRO_RCH_TRG_RON_PXT_BTG_DVY_PHASE 1_MOBILE RICH MEDIA STRATEGIC SAVERS - Fall Honeycomb_Run of Network_Geo_F25-54_300 x 250_Standard_NV_NA",205341980,9/23/2017,5515,641,4874,1475,3399,224,3175,1007,2168,1699,539,1546
TJN_TJX_TJMaxx 2H DIG_FY18,Viant,"PJNSH7_TJN_TJX_028_Data_VIANT INC_DSI_SV1_MWB_DIR_DSP_TRG_RON_BTG_CTG_DVY_PHASE 1_VIANT DIRECT MATCH RETAIL, COMPETITIVE CONQUESTING, DISPLAY_Fixed Placement_Behavioral_F25-54_320 x 50_Standard_NV_NA",204477565,9/21/2017,1739,46,1693,0,1693,104,1589,1104,485,104,72,1176
TJN_TJX_TJMaxx 2H DIG_FY18,Conversant Inc.,PJPTMQ_TJN_TJC_031_Audience_CONVERSANT_PUR_ROI_DSK_NET_DSP_TRG_RON_BTG_BTG_DVY_DESKTOP MEDIUM RECTANGLE- COMPETITIVE CONQUESTING_Run of Site_Other_P18+_300 x 250_Standard_NV_NA,204447218,10/4/2017,4953,140,4813,0,4813,729,4084,1590,2494,729,284,1874
TJN_TJX_TJMaxx 2H DIG_FY18,Foursquare,"PKFMKF_TJN_TJX_028_Audience_FOURSQUARE LABS, INC_DST_SV1_MAP_PRO_RCH_TRG_RON_PXT_BTG_DVY_PHASE 1_MOBILE RICH MEDIA TRENDSETTERS - Find A Store V1_Run of Network_Geo_F25-54_320 x 50_Standard_NV_NA",206833551,10/18/2017,23963,501,23462,15659,7803,782,7021,6114,907,16441,14317,20431
TJN_TJX_TJMaxx 2H DIG_FY18,xAd Inc.,PJYDBR_TJN_TJX_028_Mobile_GROUND TRUTH FKA XAD_DST_SV1_MAP_DIR_RCH_TRG_RON_BTG_BTG_DVY_PHASE 1_BEHAVIORAL AUDIENCE TRENDSETTERS PLACEMENT - RICH MEDIA STORE LOCATOR - Maxx You Maxx Life_Run of Network_Behavioral_F25-54_320 x 50_Click and View_NV_NA,205145234,10/15/2017,5356,89,5267,2925,2342,90,2252,2097,155,3015,2807,4904
TJN_TJX_TJMaxx 2H DIG_FY18,xAd Inc.,PJPXJQ_TJN_TJX_028_Mobile_GROUND TRUTH FKA XAD_DST_SV1_MAP_DIR_DSP_TRG_RON_RTG_RTG_DVY_PHASE 1_LOCATION AUDIENCE TJX SHOPPERS PLACEMENT - STANDARD BANNER - TJMaxx_Run of Network_Retarget_F25-54_320 x 50_Click and View_NV_NA,204447839,9/17/2017,33627,389,33238,9780,23458,8890,14568,12626,1942,18670,16340,28966
TJN_TJX_TJMaxx 2H DIG_FY18,Viant,"PK2X7D_TJN_TJX_028_Data_VIANT INC_DSI_SV1_TWB_DIR_RCH_TRG_INT_BTG_CTG_DVY_PHASE 1_VIANT IMP, W25-54 STRATEGIC SAVERS, CONTOBOX - Honeycomb_Fixed Placement_Behavioral_F25-54_728 x 90_Click and View_NV_NA",205727832,10/12/2017,68,7,61,3,58,5,53,8,45,8,1,9
TJN_TJX_TJMaxx 2H DIG_FY18,Conversant Inc.,PJNPLX_TJN_TJX_028_Audience_CONVERSANT_DST_SV1_DSK_NET_DSP_TRG_RON_BTG_BTG_DVY_PHASE 1_ DESKTOP RECTANGLE - CJ CONVERTERS LAL MODELING_Run of Site_Behavioral_P18+_300 x 600_Standard_NV_NA,204442894,10/6/2017,4093,349,3744,0,3744,501,3243,1070,2173,501,165,1235
TJN_MAR_023_Marshalls 2H Digital_F18,xAd Inc.,PJQ0YF_TJN_MAR_023_Mobile_GROUND TRUTH FKA XAD_DST_SV1_MAP_DIR_RCH_TRG_RON_WEA_PXT_DVY_PROXIMITY CONQUESTING - WEATHER LOCATOR UNIT_Run of Network_Weather_F25-54_300 x 250_Click and View_NV_NA,204596913,9/27/2017,913,45,868,52,816,187,629,591,38,239,225,816
TJN_TJX_TJMaxx 2H DIG_FY18,PlaceIQ,PK19YZ_TJN_TJX_028_Mobile_PLACEIQ INC_DST_SV1_MAP_DIR_RCH_TRG_RON_BTG_PTG_DVY_PHASE 1_RICH MEDIA_STRATEGIC SAVERS_INFORMER CONSUMER SHOPPERS+TOP TIER APPAREL SHOPPER_Run of Network_Behavioral_F25-54_320 x 50_Click and View_NV_NA,205563548,10/7/2017,48984,932,48052,18173,29879,1391,28488,27946,542,19564,19192,47138
TJN_MAR_023_Marshalls 2H Digital_F18,NinthDecimal,PJPSRT_TJN_MAR_023_Mobile_NINTHDECIMAL_DST_SV1_MAP_DIR_RCH_TRG_RON_PXT_DMA_DVY_GEOFENCE: 15-20-MILE RADIUS AROUND RURAL STORES_Run of Network_Geo_F25-54_320 x 50_Click and View_NV_NA,204542885,9/14/2017,25872,551,25321,10474,14847,91,14756,14402,354,10565,10312,24714
TJN_TJX_TJMaxx 2H DIG_FY18,Viant,"PK2X7K_TJN_TJX_028_Data_VIANT INC_DSI_SV1_DSK_DIR_RCH_TRG_INT_BTG_CTG_DVY_PHASE 1_VIANT IMP, W25-54 STRATEGIC SAVERS, CONTOBOX - Honeycomb_Fixed Placement_Behavioral_F25-54_160 x 600_Click and View_NV_NA",205726917,9/30/2017,1276,42,1234,2,1232,88,1144,555,589,90,44,599
TJN_TJX_TJMaxx 2H DIG_FY18,Viant,"PJNSGP_TJN_TJX_028_Data_VIANT INC_DSI_SV1_MWB_DIR_DSP_TRG_RON_BTG_CTG_DVY_PHASE 1_VIANT DIRECT MATCH RETAIL, TJX PORFOLIO LOYALISTS, DISPLAY_Fixed Placement_Behavioral_F25-54_300 x 50_Standard_NV_NA",204525579,9/29/2017,6,0,6,0,6,2,4,4,0,2,2,6
TJN_TJX_TJMaxx 2H DIG_FY18,Viant,"PKGJ6J_TJN_TJC_031_Data_VIANT INC_PUR_ROI_TWB_DIR_CUS_TRG_NAT_BTG_MKT_DVY_W25-54 + KEYWORD TARGETING, CROSS DEVICE NATIVE - Dresses_Fixed Placement_Contextual_F25-54_0 x 0_Click_NV_NA",206833317,10/17/2017,1,0,1,1,0,0,0,0,0,1,1,1
TJN_TJX_TJMaxx 2H DIG_FY18,Conversant Inc.,PJPWPG_TJN_TJX_028_Audience_CONVERSANT_DST_SV1_TAP_NET_DSP_TRG_RON_BTG_BTG_DVY_PHASE 1_ TABLET MEDIUM RECTANGLE  - CONVERSANT SHOPPERS AV_Run of Site_Behavioral_P18+_300 x 250_Standard_NV_NA,204446129,9/16/2017,480,8,472,0,472,84,388,184,204,84,40,224
TJN_MAR_023_Marshalls 2H Digital_F18,NinthDecimal,PJPSRT_TJN_MAR_023_Mobile_NINTHDECIMAL_DST_SV1_MAP_DIR_RCH_TRG_RON_PXT_DMA_DVY_GEOFENCE: 15-20-MILE RADIUS AROUND RURAL STORES_Run of Network_Geo_F25-54_320 x 50_Click and View_NV_NA,204542885,10/14/2017,39021,726,38295,14513,23782,127,23655,23085,570,14640,14287,37372
TJN_TJX_TJMaxx 2H DIG_FY18,Viant,"PJSPBW_TJN_TJC_031_Data_VIANT INC_PUR_ROI_MWB_DIR_DSP_TRG_RON_BTG_MKT_DVY_DETERMINSTIC LAL OF ECOM CONVERTERS, CROSS DEVICE DISPLAY_Fixed Placement_Behavioral_F25-54_300 x 50_Click_NV_NA",204733524,10/7/2017,8192,85,8107,0,8107,1097,7010,5538,1472,1097,867,6405
TJN_TJX_TJMaxx 2H DIG_FY18,Foursquare,"PJPRVG_TJN_TJX_028_Audience_FOURSQUARE LABS, INC_DST_SV1_MAP_PRO_DSP_TRG_RON_PXT_BTG_DVY_PHASE 1_PINPOINT COMPETITIVE CONQUESTING AV_Run of Network_Geo_F25-54_300 x 250_Standard_NV_NA",204527412,10/19/2017,91,1,90,77,13,2,11,8,3,79,57,65
TJN_TJX_TJMaxx 2H DIG_FY18,NBC Universal Media,PK2LGS_TJN_TJX_028_Content_NBCUNI.COM_BAF_BS2_DSK_DIR_DSP_SPN_HPT_CTG_CTG_DCM_100% SOV NBC THIS IS US ROADBLOCK 9/26 - 970X66 DESKTOP_HP Takeover_Contextual_F25-54_970 x 66_Standard_NV_NA,205661835,9/25/2017,9,7,2,0,2,0,2,2,0,0,0,2
TJN_TJX_TJMaxx 2H DIG_FY18,Viant,"PJSPBT_TJN_TJC_031_Data_VIANT INC_PUR_ROI_MWB_DIR_DSP_TRG_RON_BTG_MKT_DVY_DETERMINSTIC LAL OF ECOM CONVERTERS, CROSS DEVICE DISPLAY_Fixed Placement_Behavioral_F25-54_300 x 250_Click_NV_NA",204732642,10/15/2017,467,6,461,0,461,61,400,182,218,61,28,210
TJN_TJX_TJMaxx 2H DIG_FY18,Conversant Inc.,PJNPMD_TJN_TJC_031_Audience_CONVERSANT_PUR_ROI_TAP_NET_DSP_TRG_RON_BTG_BTG_DVY_TABLET MEDIUM RECTANGLE - STRATEGIC SAVERS_Run of Site_Other_P18+_300 x 250_Standard_NV_NA,204483960,10/18/2017,359,7,352,0,352,71,281,110,171,71,28,138
TJN_TJX_TJMaxx 2H DIG_FY18,Foursquare,"PKFMLR_TJN_TJX_028_Audience_FOURSQUARE LABS, INC_DST_SV1_MAP_PRO_RCH_TRG_RON_PXT_BTG_DVY_PHASE 1_MOBILE RICH MEDIA STRATEGIC SAVERS - Find A Store V2_Run of Network_Geo_F25-54_320 x 50_Standard_NV_NA",206832741,10/18/2017,7647,139,7508,5008,2500,275,2225,1962,263,5283,4659,6621
TJN_TJX_TJMaxx 2H DIG_FY18,xAd Inc.,PJMTN2_TJN_TJX_028_Mobile_GROUND TRUTH FKA XAD_DST_SV1_MAP_DIR_DSP_TRG_RON_RTG_RTG_DVY_PHASE 1_LOCATION AUDIENCE COMPETITIVE CONQUESTING PLACEMENT - STANDARD BANNER - Fall Handbag_Run of Network_Retarget_F25-54_300 x 250_Click and View_NV_NA,204447824,10/6/2017,9816,291,9525,7851,1674,14,1660,1618,42,7865,7661,9279
TJN_TJX_TJMaxx 2H DIG_FY18,Conversant Inc.,PJPWPG_TJN_TJX_028_Audience_CONVERSANT_DST_SV1_TAP_NET_DSP_TRG_RON_BTG_BTG_DVY_PHASE 1_ TABLET MEDIUM RECTANGLE  - CONVERSANT SHOPPERS AV_Run of Site_Behavioral_P18+_300 x 250_Standard_NV_NA,204446129,9/13/2017,386,4,382,0,382,97,285,63,222,97,21,84
TJN_TJX_TJMaxx 2H DIG_FY18,xAd Inc.,PJYDBV_TJN_TJX_028_Mobile_GROUND TRUTH FKA XAD_DST_SV1_MAP_DIR_RCH_TRG_RON_BTG_BTG_DVY_PHASE 1_BEHAVIORAL AUDIENCE STRATEGIC SAVERS PLACEMENT - RICH MEDIA STORE LOCATOR - Maxx You Maxx Life_Run of Network_Behavioral_F25-54_320 x 50_Click and View_NV_NA,205148243,9/20/2017,38762,300,38462,7547,30915,262,30653,29588,1065,7809,7538,37126
TJN_TJX_TJMaxx 2H DIG_FY18,Viant,"PJSPBS_TJN_TJC_031_Data_VIANT INC_PUR_ROI_DSK_DIR_DSP_TRG_RON_BTG_MKT_DVY_DETERMINSTIC LAL OF ECOM CONVERTERS, CROSS DEVICE DISPLAY_Fixed Placement_Behavioral_F25-54_728 x 90_Click_NV_NA",204733518,10/18/2017,18513,842,17671,2,17669,1241,16428,13905,2523,1243,1052,14957
TJN_TJX_TJMaxx 2H DIG_FY18,NBC Universal Media,PK2LHQ_TJN_TJX_028_Content_NBCUNI.COM_BAF_BS2_DSK_DIR_DSP_SPN_HPT_CTG_CTG_DCM_100% SOV NBC THIS IS US ROADBLOCK 10/17 - 300X250 DESKTOP_HP Takeover_Contextual_F25-54_300 x 250_Standard_NV_NA,205566398,10/17/2017,30322,619,29703,73,29630,917,28713,20994,7719,990,724,21718
TJN_TJX_TJMaxx 2H DIG_FY18,Conversant Inc.,PJNPMJ_TJN_TJC_031_Audience_CONVERSANT_PUR_ROI_MAP_NET_DSP_TRG_RON_BTG_BTG_DVY_SMARTPHONE MEDIUM RECTANGLE - STRATEGIC SAVERS_Run of Site_Other_P18+_300 x 250_Standard_NV_NA,204442063,10/6/2017,5418,72,5346,0,5346,724,4622,2384,2238,724,373,2757
TJN_TJX_TJMaxx 2H DIG_FY18,Foursquare,"PJPRVG_TJN_TJX_028_Audience_FOURSQUARE LABS, INC_DST_SV1_MAP_PRO_DSP_TRG_RON_PXT_BTG_DVY_PHASE 1_PINPOINT COMPETITIVE CONQUESTING AV_Run of Network_Geo_F25-54_300 x 250_Standard_NV_NA",204527412,9/11/2017,492,27,465,101,364,53,311,81,230,154,40,121
TJN_TJX_TJMaxx 2H DIG_FY18,Conversant Inc.,PJPWPG_TJN_TJX_028_Audience_CONVERSANT_DST_SV1_TAP_NET_DSP_TRG_RON_BTG_BTG_DVY_PHASE 1_ TABLET MEDIUM RECTANGLE  - CONVERSANT SHOPPERS AV_Run of Site_Behavioral_P18+_300 x 250_Standard_NV_NA,204446129,10/13/2017,196,2,194,0,194,33,161,116,45,33,24,140
TJN_MAR_023_Marshalls 2H Digital_F18,xAd Inc.,PJQ0YS_TJN_MAR_023_Mobile_GROUND TRUTH FKA XAD_DST_SV1_MAP_DIR_DSP_TRG_RON_DMA_BTG_DVY_AV DMA TARGETING_Run of Network_Geo_F25-54_300 x 250_Click and View_NV_NA,204558337,9/21/2017,50052,1098,48954,8365,40589,4817,35772,27976,7796,13182,6177,34153
TJN_TJX_TJMaxx 2H DIG_FY18,xAd Inc.,PJMTNQ_TJN_TJX_028_Mobile_GROUND TRUTH FKA XAD_DST_SV1_MAP_DIR_RCH_TRG_RON_BTG_BTG_DVY_PHASE 1_BEHAVIORAL AUDIENCE STRATEGIC SAVERS PLACEMENT - RICH MEDIA STORE LOCATOR - TJ Maxx_Run of Network_Behavioral_F25-54_320 x 50_Click and View_NV_NA,204447845,9/29/2017,17686,208,17478,9034,8444,389,8055,6301,1754,9423,7371,13672
TJN_TJX_TJMaxx 2H DIG_FY18,Conversant Inc.,PJPWP9_TJN_TJX_028_Audience_CONVERSANT_DST_SV1_DSK_NET_DSP_TRG_RON_BTG_BTG_DVY_PHASE 1_ DESKTOP MEDIUM RECTANGLE - CONVERSANT SHOPPERS AV_Run of Site_Behavioral_P18+_300 x 250_Standard_NV_NA,204483957,9/22/2017,1290,77,1213,0,1213,266,947,675,272,266,190,865
TJN_TJX_TJMaxx 2H DIG_FY18,xAd Inc.,PJMTNR_TJN_TJX_028_Mobile_GROUND TRUTH FKA XAD_DST_SV1_MAP_DIR_RCH_TRG_RON_BTG_BTG_DVY_PHASE 1_BEHAVIORAL AUDIENCE STRATEGIC SAVERS PLACEMENT - RICH MEDIA STORE LOCATOR - Fall Handbag_Run of Network_Behavioral_F25-54_300 x 250_Click and View_NV_NA,204442108,10/7/2017,4652,67,4585,924,3661,59,3602,1833,1769,983,500,2333
TJN_MAR_023_Marshalls 2H Digital_F18,NinthDecimal,"PJPSS1_TJN_MAR_023_Mobile_NINTHDECIMAL_DST_SV1_MAP_DIR_RCH_TRG_RON_BTG_DMA_DVY_TV TARGETING: PEOPLE WHO WATCH BRAVO, TLC, HGTV, A&E, LIFETIME, DISCOVERY_Run of Network_Behavioral_F25-54_320 x 50_Click and View_NV_NA",204541508,9/29/2017,1412,34,1378,462,916,7,909,890,19,469,459,1349
TJN_TJX_TJMaxx 2H DIG_FY18,Viant,"PK2X7F_TJN_TJX_028_Data_VIANT INC_DSI_SV1_DSK_DIR_RCH_TRG_INT_BTG_CTG_DVY_PHASE 1_VIANT IMP, W25-54 STRATEGIC SAVERS, CONTOBOX - Honeycomb_Fixed Placement_Behavioral_F25-54_728 x 90_Click and View_NV_NA",205727841,10/17/2017,1009,31,978,5,973,67,906,808,98,72,64,872
TJN_TJX_TJMaxx 2H DIG_FY18,xAd Inc.,PJPXJX_TJN_TJX_028_Mobile_GROUND TRUTH FKA XAD_DST_SV1_MAP_DIR_DSP_TRG_RON_BTG_BTG_DVY_PHASE 1_BEHAVIORAL AUDIENCE STRATEGIC SAVERS PLACEMENT - STANDARD BANNER - TJMaxx_Run of Network_Behavioral_F25-54_320 x 50_Click and View_NV_NA,204447848,9/29/2017,2,0,2,1,1,1,0,0,0,2,2,2
TJN_TJX_TJMaxx 2H DIG_FY18,Foursquare,"PJPSSV_TJN_TJX_028_Audience_FOURSQUARE LABS, INC_DST_SV1_MAP_PRO_RCH_TRG_RON_PXT_BTG_DVY_PHASE 1_MOBILE RICH MEDIA STRATEGIC SAVERS - Fall Handbag_Run of Network_Geo_F25-54_300 x 250_Standard_NV_NA",204525360,9/19/2017,11313,678,10635,1760,8875,666,8209,1887,6322,2426,558,2445
TJN_TJX_TJMaxx 2H DIG_FY18,xAd Inc.,PJMTND_TJN_TJX_028_Mobile_GROUND TRUTH FKA XAD_DST_SV1_MAP_DIR_DSP_TRG_RON_PXT_PXT_DVY_PHASE 1_PROXIMITY LOYALTY PLACEMENT - STANDARD BANNER - Maxx You Maxx Life_Run of Network_Geo_F25-54_320 x 50_Click and View_NV_NA,204442096,10/10/2017,9632,145,9487,1063,8424,148,8276,5574,2702,1211,816,6390
TJN_TJX_TJMaxx 2H DIG_FY18,xAd Inc.,PJMTN3_TJN_TJX_028_Mobile_GROUND TRUTH FKA XAD_DST_SV1_MAP_DIR_DSP_TRG_RON_RTG_RTG_DVY_PHASE 1_LOCATION AUDIENCE COMPETITIVE CONQUESTING PLACEMENT - STANDARD BANNER - Maxx You Maxx Life_Run of Network_Retarget_F25-54_320 x 50_Click and View_NV_NA,204442933,9/26/2017,36825,419,36406,13652,22754,788,21966,18924,3042,14440,12225,31149
TJN_TJX_TJMaxx 2H DIG_FY18,Hulu,PK3CXH_TJN_TJX_027_Content_HULU_BAF_BS2_DSK_DIR_CUS_SPN_CHS_CTG_CTG_DVY_FALL TV SPONSORSHIP: PREMIUM SLATE - DESKTOP_FEP_Contextual_F25-54_1920 x 1080_Standard_NV_NA,205683922,10/2/2017,18,0,18,18,0,0,0,0,0,18,13,13
TJN_TJX_TJMaxx 2H DIG_FY18,Conversant Inc.,PJNPMH_TJN_TJC_031_Audience_CONVERSANT_PUR_ROI_MAP_NET_DSP_TRG_RON_BTG_BTG_DVY_SMARTPHONE SMALL BANNER - STRATEGIC SAVERS_Run of Site_Other_P18+_320 x 50_Standard_NV_NA,204442066,10/18/2017,1694,21,1673,0,1673,295,1378,781,597,295,167,948
TJN_TJX_TJMaxx 2H DIG_FY18,Viant,"PJSPCL_TJN_TJC_031_Data_VIANT INC_PUR_ROI_TWB_DIR_DSP_TRG_RON_BTG_MKT_DVY_W25-54 + ONLINE SHOPPERS, CROSS DEVICE DISPLAY_Fixed Placement_Behavioral_F25-54_728 x 90_Click_NV_NA",204715987,10/4/2017,608,14,594,0,594,25,569,516,53,25,23,539
TJN_TJX_TJMaxx 2H DIG_FY18,Conversant Inc.,PJPWBW_TJN_TJX_028_Audience_CONVERSANT_DST_SV1_DSK_NET_DSP_TRG_RON_BTG_BTG_DVY_PHASE 1_ DESKTOP RECTANGLE - CJ INTERACTORS LAL MODELING_Run of Site_Behavioral_P18+_300 x 600_Standard_NV_NA,204447740,10/13/2017,10395,792,9603,2,9601,1276,8325,2582,5743,1278,396,2978
TJN_TJX_TJMaxx 2H DIG_FY18,Foursquare,"PJMQ2K_TJN_TJX_028_Audience_FOURSQUARE LABS, INC_DST_SV1_MAP_PRO_DSP_TRG_RON_PXT_BTG_DVY_PHASE 1_PINPOINT STRATEGIC SAVERS_Run of Network_Geo_F25-54_320 x 50_Standard_NV_NA",204483454,9/6/2017,152967,17675,135292,97510,37782,1515,36267,29540,6727,99025,80657,110197
TJN_TJX_TJMaxx 2H DIG_FY18,Foursquare,"PJPRQH_TJN_TJX_028_Audience_FOURSQUARE LABS, INC_DST_SV1_MAP_PRO_DSP_TRG_RON_PXT_BTG_DVY_PHASE 1_PINPOINT STRATEGIC SAVERS AV_Run of Network_Geo_F25-54_300 x 250_Standard_NV_NA",204481807,10/16/2017,114,4,110,24,86,5,81,51,30,29,18,69
TJN_MAR_023_Marshalls 2H Digital_F18,xAd Inc.,PJQ0Y8_TJN_MAR_023_Mobile_GROUND TRUTH FKA XAD_DST_SV1_MAP_DIR_RCH_TRG_RON_WEA_PXT_DVY_PROXIMITY LOYALTY - WEATHER LOCATOR UNIT_Run of Network_Weather_F25-54_320 x 50_Click and View_NV_NA,204556189,10/11/2017,202250,6470,195780,76495,119285,1489,117796,105575,12221,77984,69893,175468
TJN_TJX_TJMaxx 2H DIG_FY18,xAd Inc.,PJMTNB_TJN_TJX_028_Mobile_GROUND TRUTH FKA XAD_DST_SV1_MAP_DIR_DSP_TRG_RON_BTG_BTG_DVY_PHASE 1_BEHAVIORAL AUDIENCE TRENDSETTERS PLACEMENT - STANDARD BANNER - Fall Handbag_Run of Network_Behavioral_F25-54_300 x 250_Click and View_NV_NA,204447833,10/10/2017,7381,48,7333,7310,23,0,23,17,6,7310,5403,5420
TJN_TJX_TJMaxx 2H DIG_FY18,Viant,PJPXKR_TJN_TJX_028_Data_VIANT INC_DSI_SV1_DSK_DIR_DSP_TRG_RON_BTG_CTG_DVY_PHASE 1_DESKTOP DISPLAY VIANT IMP TARGETING - STRATEGIC SAVERS AV_Fixed Placement_Demo_F25-54_300 x 250_Standard_NV_NA,204475841,9/21/2017,1830,67,1763,0,1763,246,1517,749,768,246,121,870
TJN_MAR_023_Marshalls 2H Digital_F18,xAd Inc.,PJQ0YL_TJN_MAR_023_Mobile_GROUND TRUTH FKA XAD_DST_SV1_MAP_DIR_DSP_TRG_RON_BTG_PXT_DVY_COMPETITOR SHOPPERS - DYNAMIC DISTANCE_Run of Network_Geo_F25-54_320 x 50_Click and View_NV_NA,204595638,10/6/2017,6483,115,6368,3877,2491,59,2432,1150,1282,3936,1852,3002
TJN_TJX_TJMaxx 2H DIG_FY18,Conversant Inc.,PJPWPG_TJN_TJX_028_Audience_CONVERSANT_DST_SV1_TAP_NET_DSP_TRG_RON_BTG_BTG_DVY_PHASE 1_ TABLET MEDIUM RECTANGLE  - CONVERSANT SHOPPERS AV_Run of Site_Behavioral_P18+_300 x 250_Standard_NV_NA,204446129,9/19/2017,205,8,197,0,197,42,155,60,95,42,16,76
TJN_TJX_TJMaxx 2H DIG_FY18,Foursquare,"PJYHWF_TJN_TJX_028_Audience_FOURSQUARE LABS, INC_DST_SV1_MAP_PRO_DSP_TRG_RON_PXT_BTG_DVY_PHASE 1_PINPOINT COMPETITIVE CONQUESTING_Run of Network_Geo_F25-54_320 x 50_Standard_NV_NA",205183220,9/20/2017,128165,4672,123493,93422,30071,987,29084,23804,5280,94409,77270,101074
TJN_TJX_TJMaxx 2H DIG_FY18,Viant,"PK2V4Z_TJN_TJX_028_Data_VIANT INC_DSI_SV1_MWB_DIR_RCH_TRG_INT_BTG_CTG_DVY_PHASE 1_VIANT IMP, W25-54 STRATEGIC SAVERS, CONTOBOX - Fall Homes_Fixed Placement_Behavioral_F25-54_300 x 250_Click and View_NV_NA",205726911,10/18/2017,5,4,1,0,1,1,0,0,0,1,1,1
TJN_TJX_TJMaxx 2H DIG_FY18,Viant,"PJSPCG_TJN_TJC_031_Data_VIANT INC_PUR_ROI_DSK_DIR_DSP_TRG_RON_BTG_MKT_DVY_W25-54 + ONLINE SHOPPERS, CROSS DEVICE DISPLAY_Fixed Placement_Behavioral_F25-54_300 x 50_Click_NV_NA",204716182,10/5/2017,245,0,245,0,245,88,157,113,44,88,63,176
TJN_MAR_023_Marshalls 2H Digital_F18,xAd Inc.,PJQ0Y8_TJN_MAR_023_Mobile_GROUND TRUTH FKA XAD_DST_SV1_MAP_DIR_RCH_TRG_RON_WEA_PXT_DVY_PROXIMITY LOYALTY - WEATHER LOCATOR UNIT_Run of Network_Weather_F25-54_320 x 50_Click and View_NV_NA,204556189,10/6/2017,308765,7213,301552,175221,126331,2421,123910,109459,14451,177642,156925,266384
TJN_TJX_TJMaxx 2H DIG_FY18,NBC Universal Media,PK2HF5_TJN_TJX_028_Content_NBCUNI.COM_BAF_BS2_MAP_DIR_VID_SPN_ROS_BTG_CTG_MOA_THIS IS US SPONSORSHIP: DESKTOP - VIGNETTE 1_Run of Site_Behavioral_F25-54_1920 x 1080_Click and View_NV_NA,205566893,10/6/2017,1,0,1,1,0,0,0,0,0,1,1,1
TJN_MAR_023_Marshalls 2H Digital_F18,xAd Inc.,PJQ0YL_TJN_MAR_023_Mobile_GROUND TRUTH FKA XAD_DST_SV1_MAP_DIR_DSP_TRG_RON_BTG_PXT_DVY_COMPETITOR SHOPPERS - DYNAMIC DISTANCE_Run of Network_Geo_F25-54_320 x 50_Click and View_NV_NA,204595638,10/11/2017,7332,102,7230,4456,2774,270,2504,2195,309,4726,4126,6321
TJN_TJX_TJMaxx 2H DIG_FY18,Conversant Inc.,PJPTMM_TJN_TJC_031_Audience_CONVERSANT_PUR_ROI_MAP_NET_DSP_TRG_RON_BTG_BTG_DVY_SMARTPHONE SMALL BANNER - COMPETITIVE CONQUESTING_Run of Site_Other_P18+_320 x 50_Standard_NV_NA,204483939,10/20/2017,1618,28,1590,2,1588,429,1159,509,650,431,189,698
TJN_TJX_TJMaxx 2H DIG_FY18,xAd Inc.,PJMTNF_TJN_TJX_028_Mobile_GROUND TRUTH FKA XAD_DST_SV1_MAP_DIR_DSP_TRG_RON_PXT_PXT_DVY_PHASE 1_PROXIMITY LOYALTY PLACEMENT - STANDARD BANNER - Fall Handbag_Run of Network_Geo_F25-54_300 x 250_Click and View_NV_NA,204446159,10/19/2017,10069,270,9799,9786,13,0,13,10,3,9786,7528,7538
TJN_TJX_TJMaxx 2H DIG_FY18,Foursquare,"PJMQ2D_TJN_TJX_028_Audience_FOURSQUARE LABS, INC_DST_SV1_MAP_PRO_DSP_TRG_RON_PXT_BTG_DVY_PHASE 1_PINPOINT STRATEGIC SAVERS_Run of Network_Geo_F25-54_300 x 250_Standard_NV_NA",204483457,10/12/2017,5359,79,5280,3254,2026,127,1899,1060,839,3381,1887,2947
TJN_TJX_TJMaxx 2H DIG_FY18,Conversant Inc.,PJPWBX_TJN_TJX_028_Audience_CONVERSANT_DST_SV1_DSK_NET_DSP_TRG_RON_BTG_BTG_DVY_PHASE 1_ DESKTOP WIDE SKYSCRAPER - CJ INTERACTORS LAL MODELING_Run of Site_Behavioral_P18+_160 x 600_Standard_NV_NA,204442033,10/2/2017,706,42,664,0,664,61,603,146,457,61,15,161
TJN_TJX_TJMaxx 2H DIG_FY18,Conversant Inc.,PJPWP9_TJN_TJX_028_Audience_CONVERSANT_DST_SV1_DSK_NET_DSP_TRG_RON_BTG_BTG_DVY_PHASE 1_ DESKTOP MEDIUM RECTANGLE - CONVERSANT SHOPPERS AV_Run of Site_Behavioral_P18+_300 x 250_Standard_NV_NA,204483957,9/24/2017,1280,59,1221,0,1221,195,1026,359,667,195,68,427
TJN_TJX_TJMaxx 2H DIG_FY18,Conversant Inc.,PJNPMJ_TJN_TJC_031_Audience_CONVERSANT_PUR_ROI_MAP_NET_DSP_TRG_RON_BTG_BTG_DVY_SMARTPHONE MEDIUM RECTANGLE - STRATEGIC SAVERS_Run of Site_Other_P18+_300 x 250_Standard_NV_NA,204442063,10/11/2017,4329,67,4262,0,4262,647,3615,1884,1731,647,337,2221
TJN_TJX_TJMaxx 2H DIG_FY18,xAd Inc.,PJMTNR_TJN_TJX_028_Mobile_GROUND TRUTH FKA XAD_DST_SV1_MAP_DIR_RCH_TRG_RON_BTG_BTG_DVY_PHASE 1_BEHAVIORAL AUDIENCE STRATEGIC SAVERS PLACEMENT - RICH MEDIA STORE LOCATOR - Fall Handbag_Run of Network_Behavioral_F25-54_300 x 250_Click and View_NV_NA,204442108,9/8/2017,1398,16,1382,120,1262,26,1236,630,606,146,74,704
TJN_TJX_TJMaxx 2H DIG_FY18,Viant,"PK2V4T_TJN_TJX_028_Data_VIANT INC_DSI_SV1_TWB_DIR_RCH_TRG_INT_BTG_CTG_DVY_PHASE 1_VIANT IMP, W25-54 STRATEGIC SAVERS, CONTOBOX - Fall Homes_Fixed Placement_Behavioral_F25-54_160 x 600_Click and View_NV_NA",205687933,10/7/2017,55,3,52,1,51,3,48,3,45,4,0,3
TJN_TJX_TJMaxx 2H DIG_FY18,Foursquare,"PJPSSW_TJN_TJX_028_Audience_FOURSQUARE LABS, INC_DST_SV1_MAP_PRO_RCH_TRG_RON_PXT_BTG_DVY_PHASE 1_MOBILE RICH MEDIA STRATEGIC SAVERS - Find A TJ Maxx Store_Run of Network_Geo_F25-54_320 x 50_Standard_NV_NA",204525357,10/18/2017,3,2,1,0,1,0,1,1,0,0,0,1
TJN_MAR_023_Marshalls 2H Digital_F18,NinthDecimal,PJPSRT_TJN_MAR_023_Mobile_NINTHDECIMAL_DST_SV1_MAP_DIR_RCH_TRG_RON_PXT_DMA_DVY_GEOFENCE: 15-20-MILE RADIUS AROUND RURAL STORES_Run of Network_Geo_F25-54_320 x 50_Click and View_NV_NA,204542885,9/28/2017,41811,979,40832,18345,22487,110,22377,21955,422,18455,18107,40062
TJN_MAR_023_Marshalls 2H Digital_F18,Bustle,PKGB7T_TJN_MAR_023_Content_BUSTLE_Custom Content Roadblock Custom Shot Feature 1 - 300x250_Roadblock_Contextual_F25-54_300 x 250_Click and View_NV_NA,206751412,10/21/2017,8593,108,8485,2,8483,7758,725,459,266,7760,4913,5372
TJN_TJX_TJMaxx 2H DIG_FY18,xAd Inc.,PJPXK1_TJN_TJX_028_Mobile_GROUND TRUTH FKA XAD_DST_SV1_MAP_DIR_DSP_TRG_RON_PXT_PXT_DVY_PHASE 1_PROXIMITY LOYALTY PLACEMENT - STANDARD BANNER - TJMaxx_Run of Network_Geo_F25-54_320 x 50_Click and View_NV_NA,204483996,9/25/2017,83039,1606,81433,42491,38942,22276,16666,12748,3918,64767,41052,53800
TJN_TJX_TJMaxx 2H DIG_FY18,xAd Inc.,PJMTN2_TJN_TJX_028_Mobile_GROUND TRUTH FKA XAD_DST_SV1_MAP_DIR_DSP_TRG_RON_RTG_RTG_DVY_PHASE 1_LOCATION AUDIENCE COMPETITIVE CONQUESTING PLACEMENT - STANDARD BANNER - Fall Handbag_Run of Network_Retarget_F25-54_300 x 250_Click and View_NV_NA,204447824,10/11/2017,8480,122,8358,8346,12,0,12,11,1,8346,7651,7662
TJN_TJX_TJMaxx 2H DIG_FY18,Foursquare,"PJPSSV_TJN_TJX_028_Audience_FOURSQUARE LABS, INC_DST_SV1_MAP_PRO_RCH_TRG_RON_PXT_BTG_DVY_PHASE 1_MOBILE RICH MEDIA STRATEGIC SAVERS - Fall Handbag_Run of Network_Geo_F25-54_300 x 250_Standard_NV_NA",204525360,10/13/2017,6166,149,6017,888,5129,439,4690,1108,3582,1327,314,1422
TJN_TJX_TJMaxx 2H DIG_FY18,Conversant Inc.,PJPWBW_TJN_TJX_028_Audience_CONVERSANT_DST_SV1_DSK_NET_DSP_TRG_RON_BTG_BTG_DVY_PHASE 1_ DESKTOP RECTANGLE - CJ INTERACTORS LAL MODELING_Run of Site_Behavioral_P18+_300 x 600_Standard_NV_NA,204447740,9/19/2017,6,6,0,0,0,0,0,0,0,0,0,0
TJN_MAR_023_Marshalls 2H Digital_F18,xAd Inc.,PJQ0YM_TJN_MAR_023_Mobile_GROUND TRUTH FKA XAD_DST_SV1_MAP_DIR_DSP_TRG_RON_BTG_PXT_DVY_COMPETITOR SHOPPERS - DYNAMIC DISTANCE_Run of Network_Geo_F25-54_300 x 250_Click and View_NV_NA,204555259,10/16/2017,4760,112,4648,4648,0,0,0,0,0,4648,4031,4031
TJN_MAR_023_Marshalls 2H Digital_F18,xAd Inc.,PJQ0YQ_TJN_MAR_023_Mobile_GROUND TRUTH FKA XAD_DST_SV1_MAP_DIR_DSP_TRG_RON_PXT_BTG_DVY_GEOBLOCKS CONQUESTING - DYNAMIC DISTANCE_Run of Network_Geo_F25-54_320 x 50_Click and View_NV_NA,204595632,10/17/2017,10398,166,10232,8309,1923,175,1748,1312,436,8484,6359,7671
TJN_TJX_TJMaxx 2H DIG_FY18,Viant,"PJNSHD_TJN_TJX_028_Data_VIANT INC_DSI_SV1_DSK_DIR_DSP_TRG_RON_BTG_CTG_DVY_PHASE 1_VIANT DIRECT MATCH RETAIL, COMPETITIVE CONQUESTING, DISPLAY_Fixed Placement_Behavioral_F25-54_160 x 600_Standard_NV_NA",204477281,10/1/2017,28,1,27,0,27,2,25,16,9,2,1,17
TJN_MAR_023_Marshalls 2H Digital_F18,xAd Inc.,PJQ0YP_TJN_MAR_023_Mobile_GROUND TRUTH FKA XAD_DST_SV1_MAP_DIR_DSP_TRG_RON_PXT_BTG_DVY_GEOBLOCKS LOYALTY - DYNAMIC DISTANCE_Run of Network_Geo_F25-54_300 x 250_Click and View_NV_NA,204537983,10/15/2017,10532,274,10258,10258,0,0,0,0,0,10258,2624,2624
TJN_TJX_TJMaxx 2H DIG_FY18,Conversant Inc.,PJNPLV_TJN_TJX_028_Audience_CONVERSANT_DST_SV1_DSK_NET_DSP_TRG_RON_BTG_BTG_DVY_PHASE 1_ DESKTOP LEADERBOARD - CJ CONVERTERS LAL MODELING_Run of Site_Behavioral_P18+_728 x 90_Standard_NV_NA,204483933,9/19/2017,6,6,0,0,0,0,0,0,0,0,0,0
TJN_TJX_TJMaxx 2H DIG_FY18,NBC Universal Media,PK3H7J_TJN_TJX_028_Content_NBCUNI.COM_BAF_BS2_DSK_DIR_DSP_SPN_HPT_CTG_CTG_DCM_100% SOV NBC THIS IS US ROADBLOCK 9/26 - 728X90 MOBILE_HP Takeover_Contextual_F25-54_728 x 90_Standard_NV_NA,205727727,9/27/2017,6179,159,6020,0,6020,360,5660,4209,1451,360,268,4477
TJN_MAR_023_Marshalls 2H Digital_F18,xAd Inc.,PJQ0YS_TJN_MAR_023_Mobile_GROUND TRUTH FKA XAD_DST_SV1_MAP_DIR_DSP_TRG_RON_DMA_BTG_DVY_AV DMA TARGETING_Run of Network_Geo_F25-54_300 x 250_Click and View_NV_NA,204558337,10/11/2017,66928,1011,65917,4965,60952,2029,58923,38613,20310,6994,4583,43196
TJN_TJX_TJMaxx 2H DIG_FY18,Foursquare,"PJPRQJ_TJN_TJX_028_Audience_FOURSQUARE LABS, INC_DST_SV1_MAP_PRO_DSP_TRG_RON_PXT_BTG_DVY_PHASE 1_PINPOINT STRATEGIC SAVERS AV_Run of Network_Geo_F25-54_320 x 50_Standard_NV_NA",204525369,9/28/2017,1240,12,1228,111,1117,40,1077,822,255,151,115,937
TJN_TJX_TJMaxx 2H DIG_FY18,Foursquare,"PJPRQH_TJN_TJX_028_Audience_FOURSQUARE LABS, INC_DST_SV1_MAP_PRO_DSP_TRG_RON_PXT_BTG_DVY_PHASE 1_PINPOINT STRATEGIC SAVERS AV_Run of Network_Geo_F25-54_300 x 250_Standard_NV_NA",204481807,9/30/2017,22,0,22,13,9,0,9,6,3,13,9,15
TJN_TJX_TJMaxx 2H DIG_FY18,xAd Inc.,PJPXJZ_TJN_TJX_028_Mobile_GROUND TRUTH FKA XAD_DST_SV1_MAP_DIR_DSP_TRG_RON_BTG_BTG_DVY_PHASE 1_BEHAVIORAL AUDIENCE TRENDSETTERS PLACEMENT - STANDARD BANNER - Fall Hero_Run of Network_Behavioral_F25-54_300 x 250_Click and View_NV_NA,204446156,9/22/2017,10889,225,10664,10650,14,1,13,8,5,10651,6554,6562
TJN_TJX_TJMaxx 2H DIG_FY18,xAd Inc.,PKF4ND_TJN_TJX_028_Mobile_GROUND TRUTH FKA XAD_DST_SV1_MAP_DIR_RCH_TRG_RON_BTG_BTG_DVY_PHASE 1_BEHAVIORAL AUDIENCE TRENDSETTERS PLACEMENT - RICH MEDIA STORE LOCATOR - Dresses_Run of Network_Behavioral_F25-54_300 x 250_Click and View_NV_NA,206812747,10/13/2017,360,10,350,0,350,2,348,325,23,2,2,327
TJN_TJX_TJMaxx 2H DIG_FY18,xAd Inc.,PJPXJQ_TJN_TJX_028_Mobile_GROUND TRUTH FKA XAD_DST_SV1_MAP_DIR_DSP_TRG_RON_RTG_RTG_DVY_PHASE 1_LOCATION AUDIENCE TJX SHOPPERS PLACEMENT - STANDARD BANNER - TJMaxx_Run of Network_Retarget_F25-54_320 x 50_Click and View_NV_NA,204447839,9/6/2017,58744,1010,57734,26119,31615,17172,14443,13816,627,43291,38421,52237
TJN_TJX_TJMaxx 2H DIG_FY18,Viant,"PK2X7H_TJN_TJX_028_Data_VIANT INC_DSI_SV1_MWB_DIR_RCH_TRG_INT_BTG_CTG_DVY_PHASE 1_VIANT IMP, W25-54 STRATEGIC SAVERS, CONTOBOX - Honeycomb_Fixed Placement_Behavioral_F25-54_320 x 50_Click and View_NV_NA",205725975,10/4/2017,22170,275,21895,4,21891,2839,19052,9865,9187,2843,1472,11337
TJN_TJX_TJMaxx 2H DIG_FY18,Foursquare,"PJPRV8_TJN_TJX_028_Audience_FOURSQUARE LABS, INC_DST_SV1_MAP_PRO_DSP_TRG_RON_PXT_BTG_DVY_PHASE 1_PINPOINT TRENDSETTERS AV_Run of Network_Geo_F25-54_300 x 250_Standard_NV_NA",204527100,10/5/2017,104,2,102,40,62,4,58,39,19,44,30,69
TJN_TJX_TJMaxx 2H DIG_FY18,Viant,"PJSPCJ_TJN_TJC_031_Data_VIANT INC_PUR_ROI_MWB_DIR_DSP_TRG_RON_BTG_MKT_DVY_W25-54 + ONLINE SHOPPERS, CROSS DEVICE DISPLAY_Fixed Placement_Behavioral_F25-54_300 x 250_Click_NV_NA",204733038,10/3/2017,30,0,30,0,30,7,23,5,18,7,2,7
TJN_TJX_TJMaxx 2H DIG_FY18,NBC Universal Media,PK2LGT_TJN_TJX_028_Content_NBCUNI.COM_BAF_BS2_DSK_DIR_DSP_SPN_HPT_CTG_CTG_DCM_100% SOV NBC THIS IS US ROADBLOCK 9/26 - 300X250 DESKTOP_HP Takeover_Contextual_F25-54_300 x 250_Standard_NV_NA,205566905,10/3/2017,1,0,1,0,1,0,1,0,1,0,0,0
TJN_TJX_TJMaxx 2H DIG_FY18,Foursquare,"PJPSSY_TJN_TJX_028_Audience_FOURSQUARE LABS, INC_DST_SV1_MAP_PRO_RCH_TRG_RON_PXT_BTG_DVY_PHASE 1_MOBILE RICH MEDIA TRENDSETTERS - Find A TJ Maxx Store_Run of Network_Geo_F25-54_320 x 50_Standard_NV_NA",204527598,9/25/2017,55316,1541,53775,38800,14975,1250,13725,9883,3842,40050,28839,38722
TJN_TJX_TJMaxx 2H DIG_FY18,Hulu,PK3F7L_TJN_TJX_027_Content_HULU_BAF_BS2_CTV_DIR_CUS_SPN_CHS_CTG_CTG_DVY_HULU ROS: PREMIUM SLATE - CONNECTED TV_FEP_Contextual_F25-54_1920 x 1080_Standard_NV_NA,205685923,10/5/2017,1,0,1,1,0,0,0,0,0,1,1,1
TJN_TJX_TJMaxx 2H DIG_FY18,Hulu,PK3F7F_TJN_TJX_027_Content_HULU_BAF_BS2_DSK_DIR_CUS_SPN_CHS_CTG_CTG_DVY_HULU ROS: PREMIUM SLATE - DESKTOP_FEP_Contextual_F25-54_1920 x 1080_Standard_NV_NA,205683925,10/11/2017,591,6,585,585,0,0,0,0,0,585,382,382
TJN_TJX_TJMaxx 2H DIG_FY18,Conversant Inc.,PJPTMQ_TJN_TJC_031_Audience_CONVERSANT_PUR_ROI_DSK_NET_DSP_TRG_RON_BTG_BTG_DVY_DESKTOP MEDIUM RECTANGLE- COMPETITIVE CONQUESTING_Run of Site_Other_P18+_300 x 250_Standard_NV_NA,204447218,10/21/2017,1964,59,1905,0,1905,350,1555,563,992,350,127,690
TJN_MAR_023_Marshalls 2H Digital_F18,xAd Inc.,PJQ0Y8_TJN_MAR_023_Mobile_GROUND TRUTH FKA XAD_DST_SV1_MAP_DIR_RCH_TRG_RON_WEA_PXT_DVY_PROXIMITY LOYALTY - WEATHER LOCATOR UNIT_Run of Network_Weather_F25-54_320 x 50_Click and View_NV_NA,204556189,9/21/2017,24787,558,24229,12717,11512,173,11339,10363,976,12890,11780,22143
TJN_TJX_TJMaxx 2H DIG_FY18,Viant,PJPXKR_TJN_TJX_028_Data_VIANT INC_DSI_SV1_DSK_DIR_DSP_TRG_RON_BTG_CTG_DVY_PHASE 1_DESKTOP DISPLAY VIANT IMP TARGETING - STRATEGIC SAVERS AV_Fixed Placement_Demo_F25-54_300 x 250_Standard_NV_NA,204475841,10/11/2017,441,89,352,2,350,35,315,161,154,37,19,180
TJN_TJX_TJMaxx 2H DIG_FY18,xAd Inc.,PJMTN1_TJN_TJX_028_Mobile_GROUND TRUTH FKA XAD_DST_SV1_MAP_DIR_DSP_TRG_RON_DMA_DMA_DVY_PHASE 1_ADDED VALUE DMA TARGETING STANDALONE: STANDARD BANNER - Maxx You Maxx Life_Run of Network_Geo_F25-54_320 x 50_Click and View_NV_NA,204443461,10/7/2017,3,1,2,2,0,0,0,0,0,2,2,2
TJN_TJX_TJMaxx 2H DIG_FY18,xAd Inc.,PJMTN1_TJN_TJX_028_Mobile_GROUND TRUTH FKA XAD_DST_SV1_MAP_DIR_DSP_TRG_RON_DMA_DMA_DVY_PHASE 1_ADDED VALUE DMA TARGETING STANDALONE: STANDARD BANNER - Maxx You Maxx Life_Run of Network_Geo_F25-54_320 x 50_Click and View_NV_NA,204443461,9/8/2017,21011,381,20630,7093,13537,219,13318,8824,4494,7312,4845,13669
TJN_TJX_TJMaxx 2H DIG_FY18,Viant,PJPXKV_TJN_TJX_028_Data_VIANT INC_DSI_SV1_DSK_DIR_DSP_TRG_RON_BTG_CTG_DVY_PHASE 1_DESKTOP DISPLAY VIANT IMP TARGETING - STRATEGIC SAVERS AV_Fixed Placement_Demo_F25-54_728 x 90_Standard_NV_NA,204526986,10/20/2017,10558,5586,4972,7,4965,273,4692,1784,2908,280,106,1890
TJN_TJX_TJMaxx 2H DIG_FY18,Viant,"PKGK94_TJN_TJX_028_Data_VIANT INC_DSI_SV1_MWB_DIR_CUS_TRG_NAT_BTG_CTG_DVY_PHASE 1_VIANT LIFESTYLE, TRENDSETTERS NATIVE- Dresses_Fixed Placement_Contextual_F25-54_0 x 0_Click and View_NV_NA",206772386,10/20/2017,47791,574,47217,47217,0,0,0,0,0,47217,28106,28106
TJN_TJX_TJMaxx 2H DIG_FY18,Conversant Inc.,PJPWP8_TJN_TJX_028_Audience_CONVERSANT_DST_SV1_DSK_NET_DSP_TRG_RON_BTG_BTG_DVY_PHASE 1_ DESKTOP LEADERBOARD - CONVERSANT SHOPPERS AV_Run of Site_Behavioral_P18+_728 x 90_Standard_NV_NA,204446132,9/20/2017,339,32,307,0,307,42,265,185,80,42,29,214
TJN_TJX_TJMaxx 2H DIG_FY18,Foursquare,"PJPRVG_TJN_TJX_028_Audience_FOURSQUARE LABS, INC_DST_SV1_MAP_PRO_DSP_TRG_RON_PXT_BTG_DVY_PHASE 1_PINPOINT COMPETITIVE CONQUESTING AV_Run of Network_Geo_F25-54_300 x 250_Standard_NV_NA",204527412,9/26/2017,159,16,143,56,87,9,78,47,31,65,39,86
TJN_TJX_TJMaxx 2H DIG_FY18,xAd Inc.,PJMTN0_TJN_TJX_028_Mobile_GROUND TRUTH FKA XAD_DST_SV1_MAP_DIR_DSP_TRG_RON_RTG_RTG_DVY_PHASE 1_LOCATION AUDIENCE TJX SHOPPERS PLACEMENT - STANDARD BANNER - Fall Handbag_Run of Network_Retarget_F25-54_300 x 250_Click and View_NV_NA,204447842,10/17/2017,6636,156,6480,6476,4,0,4,4,0,6476,6476,6480
TJN_TJX_TJMaxx 2H DIG_FY18,Viant,"PJNSH8_TJN_TJX_028_Data_VIANT INC_DSI_SV1_TWB_DIR_DSP_TRG_RON_BTG_CTG_DVY_PHASE 1_VIANT DIRECT MATCH RETAIL, COMPETITIVE CONQUESTING, DISPLAY_Fixed Placement_Behavioral_F25-54_728 x 90_Standard_NV_NA",204483019,10/17/2017,139,4,135,0,135,14,121,27,94,14,3,30
TJN_MAR_023_Marshalls 2H Digital_F18,xAd Inc.,PJQ0YL_TJN_MAR_023_Mobile_GROUND TRUTH FKA XAD_DST_SV1_MAP_DIR_DSP_TRG_RON_BTG_PXT_DVY_COMPETITOR SHOPPERS - DYNAMIC DISTANCE_Run of Network_Geo_F25-54_320 x 50_Click and View_NV_NA,204595638,9/21/2017,10118,172,9946,7795,2151,560,1591,1466,125,8355,6957,8423
TJN_TJX_TJMaxx 2H DIG_FY18,Viant,PJPXKR_TJN_TJX_028_Data_VIANT INC_DSI_SV1_DSK_DIR_DSP_TRG_RON_BTG_CTG_DVY_PHASE 1_DESKTOP DISPLAY VIANT IMP TARGETING - STRATEGIC SAVERS AV_Fixed Placement_Demo_F25-54_300 x 250_Standard_NV_NA,204475841,10/6/2017,611,61,550,0,550,47,503,232,271,47,22,254
TJN_MAR_023_Marshalls 2H Digital_F18,xAd Inc.,PJQ0YM_TJN_MAR_023_Mobile_GROUND TRUTH FKA XAD_DST_SV1_MAP_DIR_DSP_TRG_RON_BTG_PXT_DVY_COMPETITOR SHOPPERS - DYNAMIC DISTANCE_Run of Network_Geo_F25-54_300 x 250_Click and View_NV_NA,204555259,9/30/2017,2230,215,2015,2015,0,0,0,0,0,2015,1846,1846
TJN_TJX_TJMaxx 2H DIG_FY18,Foursquare,"PJPRVC_TJN_TJX_028_Audience_FOURSQUARE LABS, INC_DST_SV1_MAP_PRO_DSP_TRG_RON_PXT_BTG_DVY_PHASE 1_PINPOINT TRENDSETTERS AV_Run of Network_Geo_F25-54_320 x 50_Standard_NV_NA",204527421,9/6/2017,7890,901,6989,5113,1876,57,1819,1403,416,5170,3988,5391
TJN_TJX_TJMaxx 2H DIG_FY18,xAd Inc.,PJMTN8_TJN_TJX_028_Mobile_GROUND TRUTH FKA XAD_DST_SV1_MAP_DIR_DSP_TRG_RON_BTG_BTG_DVY_PHASE 1_BEHAVIORAL AUDIENCE STRATEGIC SAVERS PLACEMENT - STANDARD BANNER - Maxx You Maxx Life_Run of Network_Behavioral_F25-54_320 x 50_Click and View_NV_NA,204447851,9/7/2017,8735,125,8610,2648,5962,845,5117,4967,150,3493,3398,8365
TJN_TJX_TJMaxx 2H DIG_FY18,Viant,"PJNSHC_TJN_TJX_028_Data_VIANT INC_DSI_SV1_DSK_DIR_DSP_TRG_RON_BTG_CTG_DVY_PHASE 1_VIANT DIRECT MATCH RETAIL, COMPETITIVE CONQUESTING, DISPLAY_Fixed Placement_Behavioral_F25-54_300 x 250_Standard_NV_NA",204478655,9/18/2017,46672,3403,43269,0,43269,4338,38931,31489,7442,4338,3509,34998
TJN_TJX_TJMaxx 2H DIG_FY18,xAd Inc.,PJPXJZ_TJN_TJX_028_Mobile_GROUND TRUTH FKA XAD_DST_SV1_MAP_DIR_DSP_TRG_RON_BTG_BTG_DVY_PHASE 1_BEHAVIORAL AUDIENCE TRENDSETTERS PLACEMENT - STANDARD BANNER - Fall Hero_Run of Network_Behavioral_F25-54_300 x 250_Click and View_NV_NA,204446156,9/24/2017,10876,170,10706,10696,10,0,10,6,4,10696,6418,6424
TJN_TJX_TJMaxx 2H DIG_FY18,xAd Inc.,PJMTMZ_TJN_TJX_028_Mobile_GROUND TRUTH FKA XAD_DST_SV1_MAP_DIR_DSP_TRG_RON_RTG_RTG_DVY_PHASE 1_LOCATION AUDIENCE TJX SHOPPERS PLACEMENT - STANDARD BANNER - Maxx You Maxx Life_Run of Network_Retarget_F25-54_320 x 50_Click and View_NV_NA,204484011,10/17/2017,9119,102,9017,2869,6148,89,6059,4767,1292,2958,2327,7094
TJN_TJX_TJMaxx 2H DIG_FY18,xAd Inc.,PKF4B4_TJN_TJX_028_Mobile_GROUND TRUTH FKA XAD_DST_SV1_MAP_DIR_DSP_TRG_RON_BTG_BTG_DVY_PHASE 1_BEHAVIORAL AUDIENCE TRENDSETTERS PLACEMENT - STANDARD BANNER - Find A Store V2_Run of Network_Behavioral_F25-54_320 x 50_Click and View_NV_NA,206832834,10/21/2017,5047,33,5014,1875,3139,42,3097,2403,694,1917,1487,3890
TJN_TJX_TJMaxx 2H DIG_FY18,Foursquare,"PK0H81_TJN_TJX_028_Audience_FOURSQUARE LABS, INC_DST_SV1_MAP_PRO_RCH_TRG_RON_PXT_BTG_DVY_PHASE 1_MOBILE RICH MEDIA TRENDSETTERS - Fall Honeycomb_Run of Network_Geo_F25-54_300 x 250_Standard_NV_NA",205337093,10/7/2017,246,6,240,83,157,7,150,59,91,90,35,94
TJN_TJX_TJMaxx 2H DIG_FY18,Conversant Inc.,PJNPLV_TJN_TJX_028_Audience_CONVERSANT_DST_SV1_DSK_NET_DSP_TRG_RON_BTG_BTG_DVY_PHASE 1_ DESKTOP LEADERBOARD - CJ CONVERTERS LAL MODELING_Run of Site_Behavioral_P18+_728 x 90_Standard_NV_NA,204483933,10/13/2017,41265,3251,38014,7,38007,4017,33990,15749,18241,4024,1864,17613
TJN_TJX_TJMaxx 2H DIG_FY18,Viant,"PJNSH9_TJN_TJX_028_Data_VIANT INC_DSI_SV1_TWB_DIR_DSP_TRG_RON_BTG_CTG_DVY_PHASE 1_VIANT DIRECT MATCH RETAIL, COMPETITIVE CONQUESTING, DISPLAY_Fixed Placement_Behavioral_F25-54_300 x 250_Standard_NV_NA",204526701,9/7/2017,145,5,140,0,140,15,125,42,83,15,5,47
TJN_TJX_TJMaxx 2H DIG_FY18,Conversant Inc.,PJPWBX_TJN_TJX_028_Audience_CONVERSANT_DST_SV1_DSK_NET_DSP_TRG_RON_BTG_BTG_DVY_PHASE 1_ DESKTOP WIDE SKYSCRAPER - CJ INTERACTORS LAL MODELING_Run of Site_Behavioral_P18+_160 x 600_Standard_NV_NA,204442033,10/3/2017,1596,69,1527,0,1527,209,1318,353,965,209,56,409
TJN_TJX_TJMaxx 2H DIG_FY18,Conversant Inc.,PJNPMJ_TJN_TJC_031_Audience_CONVERSANT_PUR_ROI_MAP_NET_DSP_TRG_RON_BTG_BTG_DVY_SMARTPHONE MEDIUM RECTANGLE - STRATEGIC SAVERS_Run of Site_Other_P18+_300 x 250_Standard_NV_NA,204442063,9/21/2017,6,6,0,0,0,0,0,0,0,0,0,0
TJN_MAR_023_Marshalls 2H Digital_F18,xAd Inc.,PJQ0YS_TJN_MAR_023_Mobile_GROUND TRUTH FKA XAD_DST_SV1_MAP_DIR_DSP_TRG_RON_DMA_BTG_DVY_AV DMA TARGETING_Run of Network_Geo_F25-54_300 x 250_Click and View_NV_NA,204558337,10/6/2017,49568,840,48728,8025,40703,433,40270,32601,7669,8458,6847,39448
TJN_TJX_TJMaxx 2H DIG_FY18,xAd Inc.,PJMTNF_TJN_TJX_028_Mobile_GROUND TRUTH FKA XAD_DST_SV1_MAP_DIR_DSP_TRG_RON_PXT_PXT_DVY_PHASE 1_PROXIMITY LOYALTY PLACEMENT - STANDARD BANNER - Fall Handbag_Run of Network_Geo_F25-54_300 x 250_Click and View_NV_NA,204446159,10/9/2017,9859,168,9691,9673,18,0,18,14,4,9673,7523,7537
TJN_TJX_TJMaxx 2H DIG_FY18,Viant,"PJNSHD_TJN_TJX_028_Data_VIANT INC_DSI_SV1_DSK_DIR_DSP_TRG_RON_BTG_CTG_DVY_PHASE 1_VIANT DIRECT MATCH RETAIL, COMPETITIVE CONQUESTING, DISPLAY_Fixed Placement_Behavioral_F25-54_160 x 600_Standard_NV_NA",204477281,9/23/2017,848,65,783,0,783,75,708,328,380,75,35,363
TJN_MAR_023_Marshalls 2H Digital_F18,Bustle,PK5G41_TJN_MAR_023_Content_BUSTLE_Custom Content Roadblock Standard Feature 1 - Panoramic_Roadblock_Contextual_F25-54_1 x 1_Click and View_NV_NA,206335290,10/21/2017,3317,39,3278,0,3278,273,3005,2203,802,273,200,2403
TJN_TJX_TJMaxx 2H DIG_FY18,xAd Inc.,PJMTN2_TJN_TJX_028_Mobile_GROUND TRUTH FKA XAD_DST_SV1_MAP_DIR_DSP_TRG_RON_RTG_RTG_DVY_PHASE 1_LOCATION AUDIENCE COMPETITIVE CONQUESTING PLACEMENT - STANDARD BANNER - Fall Handbag_Run of Network_Retarget_F25-54_300 x 250_Click and View_NV_NA,204447824,9/21/2017,12146,291,11855,11849,6,0,6,4,2,11849,7899,7903
TJN_TJX_TJMaxx 2H DIG_FY18,Viant,"PJSPBZ_TJN_TJC_031_Data_VIANT INC_PUR_ROI_TWB_DIR_DSP_TRG_RON_BTG_MKT_DVY_DETERMINSTIC LAL OF ECOM CONVERTERS, CROSS DEVICE DISPLAY_Fixed Placement_Behavioral_F25-54_160 x 600_Click_NV_NA",204716194,9/29/2017,16,0,16,0,16,1,15,3,12,1,0,3
TJN_TJX_TJMaxx 2H DIG_FY18,xAd Inc.,PKF49Y_TJN_TJX_028_Mobile_GROUND TRUTH FKA XAD_DST_SV1_MAP_DIR_DSP_TRG_RON_BTG_BTG_DVY_PHASE 1_BEHAVIORAL AUDIENCE TRENDSETTERS PLACEMENT - STANDARD BANNER - Find A Store V1_Run of Network_Behavioral_F25-54_320 x 50_Click and View_NV_NA,206812693,10/20/2017,6842,63,6779,2724,4055,44,4011,2786,1225,2768,1923,4709
TJN_TJX_TJMaxx 2H DIG_FY18,xAd Inc.,PJMTN3_TJN_TJX_028_Mobile_GROUND TRUTH FKA XAD_DST_SV1_MAP_DIR_DSP_TRG_RON_RTG_RTG_DVY_PHASE 1_LOCATION AUDIENCE COMPETITIVE CONQUESTING PLACEMENT - STANDARD BANNER - Maxx You Maxx Life_Run of Network_Retarget_F25-54_320 x 50_Click and View_NV_NA,204442933,9/11/2017,36003,386,35617,5722,29895,1397,28498,21355,7143,7119,5317,26672
TJN_TJX_TJMaxx 2H DIG_FY18,Foursquare,"PJPSSX_TJN_TJX_028_Audience_FOURSQUARE LABS, INC_DST_SV1_MAP_PRO_RCH_TRG_RON_PXT_BTG_DVY_PHASE 1_MOBILE RICH MEDIA TRENDSETTERS - Fall Handbag_Run of Network_Geo_F25-54_300 x 250_Standard_NV_NA",204525354,10/18/2017,2,1,1,0,1,1,0,0,0,1,0,0
TJN_TJX_TJMaxx 2H DIG_FY18,xAd Inc.,PJMTN4_TJN_TJX_028_Mobile_GROUND TRUTH FKA XAD_DST_SV1_MAP_DIR_RCH_TRG_RON_BTG_BTG_DVY_PHASE 1_BEHAVIORAL AUDIENCE TRENDSETTERS PLACEMENT - RICH MEDIA STORE LOCATOR - Fall Handbag_Run of Network_Behavioral_F25-54_300 x 250_Click and View_NV_NA,204447281,10/13/2017,2933,53,2880,34,2846,10,2836,2717,119,44,42,2759
TJN_MAR_023_Marshalls 2H Digital_F18,xAd Inc.,PJQ0YK_TJN_MAR_023_Mobile_GROUND TRUTH FKA XAD_DST_SV1_MAP_DIR_DSP_TRG_RON_BTG_PXT_DVY_MARSHALLS SHOPPERS - DYNAMIC DISTANCE_Run of Network_Geo_F25-54_300 x 250_Click and View_NV_NA,204543440,10/7/2017,4906,115,4791,4791,0,0,0,0,0,4791,4791,4791
TJN_MAR_023_Marshalls 2H Digital_F18,NinthDecimal,PJPSRS_TJN_MAR_023_Mobile_NINTHDECIMAL_DST_SV1_MAP_DIR_RCH_TRG_RON_PXT_DMA_DVY_GEOFENCE: 5-10-MILE RADIUS AROUND SUBURBAN STORES_Run of Network_Geo_F25-54_320 x 50_Click and View_NV_NA,204541748,10/15/2017,36379,714,35665,13828,21837,92,21745,21216,529,13920,13581,34797
TJN_MAR_023_Marshalls 2H Digital_F18,NinthDecimal,PJPSRW_TJN_MAR_023_Mobile_NINTHDECIMAL_DST_SV1_MAP_DIR_RCH_TRG_RON_BTG_PXT_DVY_LOCATION GRAPH: TJX FAMILY LOYALISTS_Run of Network_Behavioral_F25-54_320 x 50_Click and View_NV_NA,204541739,10/12/2017,149582,2091,147491,44716,102775,506,102269,98380,3889,45222,43502,141882
TJN_TJX_TJMaxx 2H DIG_FY18,Viant,"PJNSGW_TJN_TJX_028_Data_VIANT INC_DSI_SV1_DSK_DIR_DSP_TRG_RON_BTG_CTG_DVY_PHASE 1_VIANT DIRECT MATCH RETAIL, TJX PORFOLIO LOYALISTS, DISPLAY_Fixed Placement_Behavioral_F25-54_300 x 250_Standard_NV_NA",204478514,10/2/2017,128,3,125,0,125,15,110,65,45,15,9,74
TJN_MAR_023_Marshalls 2H Digital_F18,xAd Inc.,PJQ0YQ_TJN_MAR_023_Mobile_GROUND TRUTH FKA XAD_DST_SV1_MAP_DIR_DSP_TRG_RON_PXT_BTG_DVY_GEOBLOCKS CONQUESTING - DYNAMIC DISTANCE_Run of Network_Geo_F25-54_320 x 50_Click and View_NV_NA,204595632,10/5/2017,19495,349,19146,15243,3903,327,3576,2993,583,15570,12711,15704
TJN_MAR_023_Marshalls 2H Digital_F18,xAd Inc.,PJQ0YN_TJN_MAR_023_Mobile_GROUND TRUTH FKA XAD_DST_SV1_MAP_DIR_DSP_TRG_RON_PXT_BTG_DVY_GEOBLOCKS LOYALTY - DYNAMIC DISTANCE_Run of Network_Geo_F25-54_320 x 50_Click and View_NV_NA,204558328,9/20/2017,19229,543,18686,17851,835,500,335,275,60,18351,1632,1907
TJN_TJX_TJMaxx 2H DIG_FY18,NBC Universal Media,PK2LGL_TJN_TJX_028_Content_NBCUNI.COM_BAF_BS2_DSK_DIR_DSP_SPN_HPT_CTG_CTG_DCM_100% SOV NBC HOMEPAGE ROADBLOCK 10/17 - 300X250 DESKTOP_HP Takeover_Contextual_F25-54_300 x 250_Standard_NV_NA,205662876,10/20/2017,1,1,0,0,0,0,0,0,0,0,0,0
TJN_TJX_TJMaxx 2H DIG_FY18,Foursquare,"PJPRQJ_TJN_TJX_028_Audience_FOURSQUARE LABS, INC_DST_SV1_MAP_PRO_DSP_TRG_RON_PXT_BTG_DVY_PHASE 1_PINPOINT STRATEGIC SAVERS AV_Run of Network_Geo_F25-54_320 x 50_Standard_NV_NA",204525369,9/14/2017,1179,32,1147,202,945,43,902,642,260,245,174,816
TJN_MAR_023_Marshalls 2H Digital_F18,Bustle,PK5G43_TJN_MAR_023_Content_BUSTLE_RON - Bustle & Elite Daily - Panoramic Unit_Run of Network_Contextual_F25-54_1 x 1_Click and View_NV_NA,206309983,10/11/2017,49313,1220,48093,1367,46726,42784,3942,1989,1953,44151,22277,24266
TJN_TJX_TJMaxx 2H DIG_FY18,Viant,"PJNSGT_TJN_TJX_028_Data_VIANT INC_DSI_SV1_DSK_DIR_DSP_TRG_RON_BTG_CTG_DVY_PHASE 1_VIANT DIRECT MATCH RETAIL, TJX PORFOLIO LOYALISTS, DISPLAY_Fixed Placement_Behavioral_F25-54_160 x 600_Standard_NV_NA",204483025,10/3/2017,5321,151,5170,0,5170,274,4896,2386,2510,274,134,2520
TJN_TJX_TJMaxx 2H DIG_FY18,xAd Inc.,PJMTN3_TJN_TJX_028_Mobile_GROUND TRUTH FKA XAD_DST_SV1_MAP_DIR_DSP_TRG_RON_RTG_RTG_DVY_PHASE 1_LOCATION AUDIENCE COMPETITIVE CONQUESTING PLACEMENT - STANDARD BANNER - Maxx You Maxx Life_Run of Network_Retarget_F25-54_320 x 50_Click and View_NV_NA,204442933,10/19/2017,9175,101,9074,3945,5129,41,5088,3637,1451,3986,2849,6486
TJN_TJX_TJMaxx 2H DIG_FY18,Foursquare,"PJPRVH_TJN_TJX_028_Audience_FOURSQUARE LABS, INC_DST_SV1_MAP_PRO_DSP_TRG_RON_PXT_BTG_DVY_PHASE 1_PINPOINT COMPETITIVE CONQUESTING AV_Run of Network_Geo_F25-54_320 x 50_Standard_NV_NA",204478088,9/27/2017,3380,114,3266,1960,1306,57,1249,1033,216,2017,1668,2701
TJN_TJX_TJMaxx 2H DIG_FY18,xAd Inc.,PJMTN5_TJN_TJX_028_Mobile_GROUND TRUTH FKA XAD_DST_SV1_MAP_DIR_RCH_TRG_RON_BTG_BTG_DVY_PHASE 1_BEHAVIORAL AUDIENCE TRENDSETTERS PLACEMENT - RICH MEDIA STORE LOCATOR - TJ Maxx_Run of Network_Behavioral_F25-54_320 x 50_Click and View_NV_NA,204442936,9/20/2017,39970,562,39408,19227,20181,226,19955,19297,658,19453,18811,38108
TJN_TJX_TJMaxx 2H DIG_FY18,Viant,"PJNSGW_TJN_TJX_028_Data_VIANT INC_DSI_SV1_DSK_DIR_DSP_TRG_RON_BTG_CTG_DVY_PHASE 1_VIANT DIRECT MATCH RETAIL, TJX PORFOLIO LOYALISTS, DISPLAY_Fixed Placement_Behavioral_F25-54_300 x 250_Standard_NV_NA",204478514,9/23/2017,30761,553,30208,0,30208,1526,28682,20243,8439,1526,1077,21320
TJN_MAR_023_Marshalls 2H Digital_F18,xAd Inc.,PJQ0YG_TJN_MAR_023_Mobile_GROUND TRUTH FKA XAD_DST_SV1_MAP_DIR_DSP_TRG_RON_BTG_DMA_DVY_BEHAVIORAL - FASHION SHOPPER - DYNAMIC DISTANCE_Run of Network_Behavioral_F25-54_320 x 50_Click and View_NV_NA,204557581,10/7/2017,68309,747,67562,56852,10710,534,10176,8296,1880,57386,46736,55032
TJN_TJX_TJMaxx 2H DIG_FY18,NBC Universal Media,PK2KJY_TJN_TJX_028_Content_NBCUNI.COM_BAF_BS2_DSK_DIR_VID_SPN_ROS_BTG_CTG_MOA_THIS IS US SPONSORSHIP: DESKTOP - VIGNETTE 3_Run of Site_Behavioral_F25-54_1920 x 1080_Click and View_NV_NA,205659768,10/16/2017,24342,539,23803,23803,0,0,0,0,0,23803,15468,15468
TJN_TJX_TJMaxx 2H DIG_FY18,Conversant Inc.,PJPWPF_TJN_TJX_028_Audience_CONVERSANT_DST_SV1_TAP_NET_DSP_TRG_RON_BTG_BTG_DVY_PHASE 1_ TABLET LEADERBOARD - CONVERSANT SHOPPERS AV_Run of Site_Behavioral_P18+_728 x 90_Standard_NV_NA,204442915,9/20/2017,61,1,60,0,60,11,49,41,8,11,9,50
TJN_TJX_TJMaxx 2H DIG_FY18,Conversant Inc.,PJPWPD_TJN_TJX_028_Audience_CONVERSANT_DST_SV1_MAP_NET_DSP_TRG_RON_BTG_BTG_DVY_PHASE 1_ SMARTPHONE SMALL BANNER  - CONVERSANT SHOPPERS AV_Run of Site_Behavioral_P18+_320 x 50_Standard_NV_NA,204447251,10/18/2017,1375,32,1343,0,1343,214,1129,944,185,214,179,1123
TJN_TJX_TJMaxx 2H DIG_FY18,Foursquare,"PJPRV8_TJN_TJX_028_Audience_FOURSQUARE LABS, INC_DST_SV1_MAP_PRO_DSP_TRG_RON_PXT_BTG_DVY_PHASE 1_PINPOINT TRENDSETTERS AV_Run of Network_Geo_F25-54_300 x 250_Standard_NV_NA",204527100,10/17/2017,88,0,88,28,60,4,56,28,28,32,16,44
TJN_TJX_TJMaxx 2H DIG_FY18,Viant,"PJNSH7_TJN_TJX_028_Data_VIANT INC_DSI_SV1_MWB_DIR_DSP_TRG_RON_BTG_CTG_DVY_PHASE 1_VIANT DIRECT MATCH RETAIL, COMPETITIVE CONQUESTING, DISPLAY_Fixed Placement_Behavioral_F25-54_320 x 50_Standard_NV_NA",204477565,10/6/2017,5132,246,4886,0,4886,571,4315,2734,1581,571,362,3096
TJN_TJX_TJMaxx 2H DIG_FY18,Viant,"PJNSGS_TJN_TJX_028_Data_VIANT INC_DSI_SV1_MWB_DIR_DSP_TRG_RON_BTG_CTG_DVY_PHASE 1_VIANT DIRECT MATCH RETAIL, TJX PORFOLIO LOYALISTS, DISPLAY_Fixed Placement_Behavioral_F25-54_320 x 50_Standard_NV_NA",204524922,10/13/2017,156,1,155,0,155,10,145,126,19,10,9,135
TJN_TJX_TJMaxx 2H DIG_FY18,Hulu,PK3CRZ_TJN_TJX_027_Content_HULU_BAF_BS2_DSK_DIR_VID_SPN_CHS_CTG_CTG_DVY_FALL TV SPONSORSHIP: VIDEO COMMERCIAL - DESKTOP_FEP_Contextual_F25-54_1920 x 1080_Standard_NV_NA,205727706,10/19/2017,12062,260,11802,11802,0,0,0,0,0,11802,9258,9258
TJN_TJX_TJMaxx 2H DIG_FY18,Conversant Inc.,PJNPMG_TJN_TJC_031_Audience_CONVERSANT_PUR_ROI_DSK_NET_DSP_TRG_RON_BTG_BTG_DVY_DESKTOP WIDE SKYSCRAPER- STRATEGIC SAVERS_Run of Site_Other_P18+_160 x 600_Standard_NV_NA,204443410,10/6/2017,5904,277,5627,0,5627,1281,4346,1334,3012,1281,393,1727
TJN_TJX_TJMaxx 2H DIG_FY18,Viant,"PJNSGS_TJN_TJX_028_Data_VIANT INC_DSI_SV1_MWB_DIR_DSP_TRG_RON_BTG_CTG_DVY_PHASE 1_VIANT DIRECT MATCH RETAIL, TJX PORFOLIO LOYALISTS, DISPLAY_Fixed Placement_Behavioral_F25-54_320 x 50_Standard_NV_NA",204524922,9/13/2017,2,0,2,0,2,0,2,2,0,0,0,2
TJN_TJX_TJMaxx 2H DIG_FY18,Hulu,PK3F7L_TJN_TJX_027_Content_HULU_BAF_BS2_CTV_DIR_CUS_SPN_CHS_CTG_CTG_DVY_HULU ROS: PREMIUM SLATE - CONNECTED TV_FEP_Contextual_F25-54_1920 x 1080_Standard_NV_NA,205685923,10/17/2017,2774,8,2766,2766,0,0,0,0,0,2766,1848,1848
TJN_MAR_023_Marshalls 2H Digital_F18,xAd Inc.,PJQ0Y6_TJN_MAR_023_Mobile_GROUND TRUTH FKA XAD_DST_SV1_MAP_DIR_DSP_TRG_RON_PXT_BTG_DVY_PROXIMITY LOYALTY - DYNAMIC DISTANCE_Run of Network_Geo_F25-54_320 x 50_Click and View_NV_NA,204556888,10/20/2017,128580,2395,126185,118467,7718,1118,6600,6327,273,119585,105163,111490
TJN_TJX_TJMaxx 2H DIG_FY18,Foursquare,"PKFMJ8_TJN_TJX_028_Audience_FOURSQUARE LABS, INC_DST_SV1_MAP_PRO_RCH_TRG_RON_PXT_BTG_DVY_PHASE 1_MOBILE RICH MEDIA COMPETITIVE CONQUESTING - Find A Store V2_Run of Network_Geo_F25-54_320 x 50_Standard_NV_NA",206812588,10/21/2017,3587,66,3521,2781,740,128,612,571,41,2909,2714,3285
TJN_TJX_TJMaxx 2H DIG_FY18,Conversant Inc.,PJNPMG_TJN_TJC_031_Audience_CONVERSANT_PUR_ROI_DSK_NET_DSP_TRG_RON_BTG_BTG_DVY_DESKTOP WIDE SKYSCRAPER- STRATEGIC SAVERS_Run of Site_Other_P18+_160 x 600_Standard_NV_NA,204443410,10/11/2017,10155,591,9564,1,9563,2289,7274,2403,4871,2290,757,3160
TJN_TJX_TJMaxx 2H DIG_FY18,Conversant Inc.,PJPWPH_TJN_TJX_028_Audience_CONVERSANT_DST_SV1_MAP_NET_DSP_TRG_RON_BTG_BTG_DVY_PHASE 1_ SMARTPHONE MEDIUM RECTANGLE  - CONVERSANT SHOPPERS AV_Run of Site_Behavioral_P18+_300 x 250_Standard_NV_NA,204442060,10/10/2017,274,3,271,0,271,39,232,98,134,39,16,114
TJN_TJX_TJMaxx 2H DIG_FY18,Conversant Inc.,PJNPMC_TJN_TJC_031_Audience_CONVERSANT_PUR_ROI_TAP_NET_DSP_TRG_RON_BTG_BTG_DVY_TABLET LEADERBOARD- STRATEGIC SAVERS_Run of Site_Other_P18+_728 x 90_Standard_NV_NA,204442918,10/7/2017,1224,15,1209,0,1209,177,1032,615,417,177,105,720
TJN_TJX_TJMaxx 2H DIG_FY18,Foursquare,"PJPRVG_TJN_TJX_028_Audience_FOURSQUARE LABS, INC_DST_SV1_MAP_PRO_DSP_TRG_RON_PXT_BTG_DVY_PHASE 1_PINPOINT COMPETITIVE CONQUESTING AV_Run of Network_Geo_F25-54_300 x 250_Standard_NV_NA",204527412,10/9/2017,140,7,133,62,71,5,66,51,15,67,52,103
TJN_TJX_TJMaxx 2H DIG_FY18,Conversant Inc.,PJPTLM_TJN_TJC_031_Audience_CONVERSANT_PUR_ROI_MAP_NET_DSP_TRG_RON_BTG_BTG_DVY_SMARTPHONE SMALL BANNER - TRENDSETTERS_Run of Site_Other_P18+_320 x 50_Standard_NV_NA,204447785,9/29/2017,1,0,1,0,1,0,1,0,1,0,0,0
TJN_TJX_TJMaxx 2H DIG_FY18,Viant,"PJNSH8_TJN_TJX_028_Data_VIANT INC_DSI_SV1_TWB_DIR_DSP_TRG_RON_BTG_CTG_DVY_PHASE 1_VIANT DIRECT MATCH RETAIL, COMPETITIVE CONQUESTING, DISPLAY_Fixed Placement_Behavioral_F25-54_728 x 90_Standard_NV_NA",204483019,10/5/2017,3,3,0,0,0,0,0,0,0,0,0,0
TJN_TJX_TJMaxx 2H DIG_FY18,xAd Inc.,PJPXK0_TJN_TJX_028_Mobile_GROUND TRUTH FKA XAD_DST_SV1_MAP_DIR_DSP_TRG_RON_BTG_BTG_DVY_PHASE 1_BEHAVIORAL AUDIENCE TRENDSETTERS PLACEMENT - STANDARD BANNER - TJMaxx_Run of Network_Behavioral_F25-54_320 x 50_Click and View_NV_NA,204483993,9/25/2017,9601,99,9502,3071,6431,454,5977,5516,461,3525,3197,8713
TJN_TJX_TJMaxx 2H DIG_FY18,PlaceIQ,PK1YGY_TJN_TJX_028_Mobile_PLACEIQ INC_DST_SV1_MAP_DIR_DSP_TRG_RON_BTG_PTG_DVY_PHASE 1_STANDARD BANNER_TRENDSETTERS_ONLINE SHOPPER+TJMAXX SHOPPERS - TJ Maxx_Run of Network_Behavioral_F25-54_320 x 50_Click and View_NV_NA,205661871,10/20/2017,20095,453,19642,10128,9514,91,9423,9331,92,10219,10119,19450
TJN_TJX_TJMaxx 2H DIG_FY18,Viant,"PK2X7K_TJN_TJX_028_Data_VIANT INC_DSI_SV1_DSK_DIR_RCH_TRG_INT_BTG_CTG_DVY_PHASE 1_VIANT IMP, W25-54 STRATEGIC SAVERS, CONTOBOX - Honeycomb_Fixed Placement_Behavioral_F25-54_160 x 600_Click and View_NV_NA",205726917,10/16/2017,3486,183,3303,8,3295,156,3139,1319,1820,164,69,1388
TJN_MAR_023_Marshalls 2H Digital_F18,NinthDecimal,PJPSRT_TJN_MAR_023_Mobile_NINTHDECIMAL_DST_SV1_MAP_DIR_RCH_TRG_RON_PXT_DMA_DVY_GEOFENCE: 15-20-MILE RADIUS AROUND RURAL STORES_Run of Network_Geo_F25-54_320 x 50_Click and View_NV_NA,204542885,9/5/2017,16601,287,16314,7305,9009,43,8966,8755,211,7348,7175,15930
TJN_TJX_TJMaxx 2H DIG_FY18,Viant,"PJSPCL_TJN_TJC_031_Data_VIANT INC_PUR_ROI_TWB_DIR_DSP_TRG_RON_BTG_MKT_DVY_W25-54 + ONLINE SHOPPERS, CROSS DEVICE DISPLAY_Fixed Placement_Behavioral_F25-54_728 x 90_Click_NV_NA",204715987,10/21/2017,962,37,925,0,925,67,858,629,229,67,49,678
TJN_TJX_TJMaxx 2H DIG_FY18,Foursquare,"PJMQ2K_TJN_TJX_028_Audience_FOURSQUARE LABS, INC_DST_SV1_MAP_PRO_DSP_TRG_RON_PXT_BTG_DVY_PHASE 1_PINPOINT STRATEGIC SAVERS_Run of Network_Geo_F25-54_320 x 50_Standard_NV_NA",204483454,9/17/2017,160486,10547,149939,66294,83645,4890,78755,58991,19764,71184,53320,112311
TJN_TJX_TJMaxx 2H DIG_FY18,xAd Inc.,PJMTMZ_TJN_TJX_028_Mobile_GROUND TRUTH FKA XAD_DST_SV1_MAP_DIR_DSP_TRG_RON_RTG_RTG_DVY_PHASE 1_LOCATION AUDIENCE TJX SHOPPERS PLACEMENT - STANDARD BANNER - Maxx You Maxx Life_Run of Network_Retarget_F25-54_320 x 50_Click and View_NV_NA,204484011,10/5/2017,5,1,4,2,2,1,1,1,0,3,3,4
TJN_TJX_TJMaxx 2H DIG_FY18,Viant,"PJNSH7_TJN_TJX_028_Data_VIANT INC_DSI_SV1_MWB_DIR_DSP_TRG_RON_BTG_CTG_DVY_PHASE 1_VIANT DIRECT MATCH RETAIL, COMPETITIVE CONQUESTING, DISPLAY_Fixed Placement_Behavioral_F25-54_320 x 50_Standard_NV_NA",204477565,10/11/2017,4532,223,4309,0,4309,311,3998,3467,531,311,270,3737
TJN_TJX_TJMaxx 2H DIG_FY18,xAd Inc.,PJMTNC_TJN_TJX_028_Mobile_GROUND TRUTH FKA XAD_DST_SV1_MAP_DIR_DSP_TRG_RON_BTG_BTG_DVY_PHASE 1_BEHAVIORAL AUDIENCE TRENDSETTERS PLACEMENT - STANDARD BANNER - Maxx You Maxx Life_Run of Network_Behavioral_F25-54_320 x 50_Click and View_NV_NA,204447830,9/25/2017,11369,139,11230,3026,8204,293,7911,7255,656,3319,3029,10284
TJN_MAR_023_Marshalls 2H Digital_F18,xAd Inc.,PJQ0YG_TJN_MAR_023_Mobile_GROUND TRUTH FKA XAD_DST_SV1_MAP_DIR_DSP_TRG_RON_BTG_DMA_DVY_BEHAVIORAL - FASHION SHOPPER - DYNAMIC DISTANCE_Run of Network_Behavioral_F25-54_320 x 50_Click and View_NV_NA,204557581,9/8/2017,38979,582,38397,28297,10100,5794,4306,3711,595,34091,28316,32027
TJN_TJX_TJMaxx 2H DIG_FY18,xAd Inc.,PJPXJY_TJN_TJX_028_Mobile_GROUND TRUTH FKA XAD_DST_SV1_MAP_DIR_DSP_TRG_RON_BTG_BTG_DVY_PHASE 1_BEHAVIORAL AUDIENCE STRATEGIC SAVERS PLACEMENT - STANDARD BANNER - Fall Hero_Run of Network_Behavioral_F25-54_300 x 250_Click and View_NV_NA,204484017,9/12/2017,11513,167,11346,11306,40,12,28,18,10,11318,7276,7294
TJN_TJX_TJMaxx 2H DIG_FY18,xAd Inc.,PJPXJR_TJN_TJX_028_Mobile_GROUND TRUTH FKA XAD_DST_SV1_MAP_DIR_DSP_TRG_RON_RTG_RTG_DVY_PHASE 1_LOCATION AUDIENCE TJX SHOPPERS PLACEMENT - STANDARD BANNER - Fall Hero_Run of Network_Retarget_F25-54_300 x 250_Click and View_NV_NA,204442105,9/7/2017,9256,319,8937,7847,1090,10,1080,1044,36,7857,7596,8640
TJN_TJX_TJMaxx 2H DIG_FY18,xAd Inc.,PJMTNF_TJN_TJX_028_Mobile_GROUND TRUTH FKA XAD_DST_SV1_MAP_DIR_DSP_TRG_RON_PXT_PXT_DVY_PHASE 1_PROXIMITY LOYALTY PLACEMENT - STANDARD BANNER - Fall Handbag_Run of Network_Geo_F25-54_300 x 250_Click and View_NV_NA,204446159,9/26/2017,13390,221,13169,13041,128,34,94,15,79,13075,2086,2101
TJN_TJX_TJMaxx 2H DIG_FY18,Viant,"PJSPCF_TJN_TJC_031_Data_VIANT INC_PUR_ROI_DSK_DIR_DSP_TRG_RON_BTG_MKT_DVY_W25-54 + ONLINE SHOPPERS, CROSS DEVICE DISPLAY_Fixed Placement_Behavioral_F25-54_320 x 50_Click_NV_NA",204715639,10/14/2017,5777,97,5680,3,5677,792,4885,4099,786,795,667,4766
TJN_TJX_TJMaxx 2H DIG_FY18,Viant,"PJNSGW_TJN_TJX_028_Data_VIANT INC_DSI_SV1_DSK_DIR_DSP_TRG_RON_BTG_CTG_DVY_PHASE 1_VIANT DIRECT MATCH RETAIL, TJX PORFOLIO LOYALISTS, DISPLAY_Fixed Placement_Behavioral_F25-54_300 x 250_Standard_NV_NA",204478514,10/1/2017,1371,46,1325,0,1325,89,1236,918,318,89,66,984
TJN_TJX_TJMaxx 2H DIG_FY18,Viant,"PK2V50_TJN_TJX_028_Data_VIANT INC_DSI_SV1_DSK_DIR_RCH_TRG_INT_BTG_CTG_DVY_PHASE 1_VIANT IMP, W25-54 STRATEGIC SAVERS, CONTOBOX - Fall Homes_Fixed Placement_Behavioral_F25-54_160 x 600_Click and View_NV_NA",205726908,10/12/2017,27016,2830,24186,2,24184,1429,22755,9861,12894,1431,620,10481
TJN_TJX_TJMaxx 2H DIG_FY18,Foursquare,"PJPQKZ_TJN_TJX_028_Audience_FOURSQUARE LABS, INC_DST_SV1_MAP_PRO_DSP_TRG_RON_PXT_BTG_DVY_PHASE 1_PINPOINT TRENDSETTERS_Run of Network_Geo_F25-54_300 x 250_Standard_NV_NA",204481813,10/12/2017,4203,69,4134,2344,1790,100,1690,1065,625,2444,1540,2605
TJN_TJX_TJMaxx 2H DIG_FY18,NBC Universal Media,PK2LHP_TJN_TJX_028_Content_NBCUNI.COM_BAF_BS2_DSK_DIR_DSP_SPN_HPT_CTG_CTG_DCM_100% SOV NBC THIS IS US ROADBLOCK 10/17 - 970X66 DESKTOP_HP Takeover_Contextual_F25-54_970 x 66_Standard_NV_NA,205563524,10/16/2017,10,0,10,0,10,0,10,10,0,0,0,10
TJN_TJX_TJMaxx 2H DIG_FY18,Foursquare,"PKFML5_TJN_TJX_028_Audience_FOURSQUARE LABS, INC_DST_SV1_MAP_PRO_RCH_TRG_RON_PXT_BTG_DVY_PHASE 1_MOBILE RICH MEDIA TRENDSETTERS - Sweaters_Run of Network_Geo_F25-54_300 x 250_Standard_NV_NA",206824533,10/18/2017,2133,29,2104,1320,784,128,656,303,353,1448,669,972
TJN_TJX_TJMaxx 2H DIG_FY18,Foursquare,"PJPSSZ_TJN_TJX_028_Audience_FOURSQUARE LABS, INC_DST_SV1_MAP_PRO_RCH_TRG_RON_PXT_BTG_DVY_PHASE 1_MOBILE RICH MEDIA COMPETITIVE CONQUESTING - Fall Handbag_Run of Network_Geo_F25-54_300 x 250_Standard_NV_NA",204478073,10/10/2017,1707,93,1614,710,904,59,845,233,612,769,212,445
TJN_MAR_023_Marshalls 2H Digital_F18,xAd Inc.,PJQ0YH_TJN_MAR_023_Mobile_GROUND TRUTH FKA XAD_DST_SV1_MAP_DIR_DSP_TRG_RON_BTG_DMA_DVY_BEHAVIORAL - FASHION SHOPPER - DYNAMIC DISTANCE_Run of Network_Behavioral_F25-54_300 x 250_Click and View_NV_NA,204543443,10/10/2017,54873,2063,52810,52810,0,0,0,0,0,52810,41931,41931
TJN_TJX_TJMaxx 2H DIG_FY18,Viant,"PJNSGR_TJN_TJX_028_Data_VIANT INC_DSI_SV1_TWB_DIR_DSP_TRG_RON_BTG_CTG_DVY_PHASE 1_VIANT DIRECT MATCH RETAIL, TJX PORFOLIO LOYALISTS, DISPLAY_Fixed Placement_Behavioral_F25-54_160 x 600_Standard_NV_NA",204478520,9/12/2017,668,35,633,0,633,68,565,452,113,68,54,506
TJN_MAR_023_Marshalls 2H Digital_F18,xAd Inc.,PJQ0YK_TJN_MAR_023_Mobile_GROUND TRUTH FKA XAD_DST_SV1_MAP_DIR_DSP_TRG_RON_BTG_PXT_DVY_MARSHALLS SHOPPERS - DYNAMIC DISTANCE_Run of Network_Geo_F25-54_300 x 250_Click and View_NV_NA,204543440,9/8/2017,3258,85,3173,3173,0,0,0,0,0,3173,3173,3173
TJN_TJX_TJMaxx 2H DIG_FY18,Viant,"PJNSGS_TJN_TJX_028_Data_VIANT INC_DSI_SV1_MWB_DIR_DSP_TRG_RON_BTG_CTG_DVY_PHASE 1_VIANT DIRECT MATCH RETAIL, TJX PORFOLIO LOYALISTS, DISPLAY_Fixed Placement_Behavioral_F25-54_320 x 50_Standard_NV_NA",204524922,9/19/2017,5927,65,5862,2,5860,320,5540,4039,1501,322,235,4274
TJN_TJX_TJMaxx 2H DIG_FY18,Foursquare,"PK0H7Z_TJN_TJX_028_Audience_FOURSQUARE LABS, INC_DST_SV1_MAP_PRO_RCH_TRG_RON_PXT_BTG_DVY_PHASE 1_MOBILE RICH MEDIA STRATEGIC SAVERS - Fall Honeycomb_Run of Network_Geo_F25-54_300 x 250_Standard_NV_NA",205341980,10/3/2017,14479,963,13516,7039,6477,332,6145,1668,4477,7371,2001,3669
TJN_TJX_TJMaxx 2H DIG_FY18,PlaceIQ,PK19YZ_TJN_TJX_028_Mobile_PLACEIQ INC_DST_SV1_MAP_DIR_RCH_TRG_RON_BTG_PTG_DVY_PHASE 1_RICH MEDIA_STRATEGIC SAVERS_INFORMER CONSUMER SHOPPERS+TOP TIER APPAREL SHOPPER_Run of Network_Behavioral_F25-54_320 x 50_Click and View_NV_NA,205563548,10/8/2017,46955,699,46256,15922,30334,1357,28977,28328,649,17279,16892,45220
TJN_TJX_TJMaxx 2H DIG_FY18,xAd Inc.,PJYDBM_TJN_TJX_028_Mobile_GROUND TRUTH FKA XAD_DST_SV1_MAP_DIR_RCH_TRG_RON_PXT_PXT_DVY_PHASE 1_PROXIMITY LOYALTY PLACEMENT - RICH MEDIA STORE LOCATOR - Fall Hero_Run of Network_Geo_F25-54_300 x 250_Click and View_NV_NA,205209355,10/13/2017,8230,82,8148,134,8014,16,7998,7628,370,150,143,7771
TJN_TJX_TJMaxx 2H DIG_FY18,Foursquare,"PJPSSW_TJN_TJX_028_Audience_FOURSQUARE LABS, INC_DST_SV1_MAP_PRO_RCH_TRG_RON_PXT_BTG_DVY_PHASE 1_MOBILE RICH MEDIA STRATEGIC SAVERS - Find A TJ Maxx Store_Run of Network_Geo_F25-54_320 x 50_Standard_NV_NA",204525357,9/20/2017,50240,2277,47963,26247,21716,2406,19310,12433,6877,28653,18449,30882
TJN_MAR_023_Marshalls 2H Digital_F18,xAd Inc.,PJQ0YL_TJN_MAR_023_Mobile_GROUND TRUTH FKA XAD_DST_SV1_MAP_DIR_DSP_TRG_RON_BTG_PXT_DVY_COMPETITOR SHOPPERS - DYNAMIC DISTANCE_Run of Network_Geo_F25-54_320 x 50_Click and View_NV_NA,204595638,9/27/2017,8221,212,8009,7034,975,137,838,738,100,7171,5843,6581
TJN_MAR_023_Marshalls 2H Digital_F18,NinthDecimal,PJPSRT_TJN_MAR_023_Mobile_NINTHDECIMAL_DST_SV1_MAP_DIR_RCH_TRG_RON_PXT_DMA_DVY_GEOFENCE: 15-20-MILE RADIUS AROUND RURAL STORES_Run of Network_Geo_F25-54_320 x 50_Click and View_NV_NA,204542885,10/20/2017,58361,966,57395,24313,33082,189,32893,32111,782,24502,23919,56030
TJN_TJX_TJMaxx 2H DIG_FY18,Viant,"PJNSH6_TJN_TJX_028_Data_VIANT INC_DSI_SV1_TWB_DIR_DSP_TRG_RON_BTG_CTG_DVY_PHASE 1_VIANT DIRECT MATCH RETAIL, COMPETITIVE CONQUESTING, DISPLAY_Fixed Placement_Behavioral_F25-54_160 x 600_Standard_NV_NA",204483604,9/14/2017,6,0,6,0,6,0,6,4,2,0,0,4
TJN_TJX_TJMaxx 2H DIG_FY18,Viant,"PJNSGT_TJN_TJX_028_Data_VIANT INC_DSI_SV1_DSK_DIR_DSP_TRG_RON_BTG_CTG_DVY_PHASE 1_VIANT DIRECT MATCH RETAIL, TJX PORFOLIO LOYALISTS, DISPLAY_Fixed Placement_Behavioral_F25-54_160 x 600_Standard_NV_NA",204483025,9/26/2017,3951,185,3766,0,3766,488,3278,2268,1010,488,338,2606
TJN_TJX_TJMaxx 2H DIG_FY18,Viant,"PJSPBW_TJN_TJC_031_Data_VIANT INC_PUR_ROI_MWB_DIR_DSP_TRG_RON_BTG_MKT_DVY_DETERMINSTIC LAL OF ECOM CONVERTERS, CROSS DEVICE DISPLAY_Fixed Placement_Behavioral_F25-54_300 x 50_Click_NV_NA",204733524,10/8/2017,8781,125,8656,0,8656,1216,7440,5846,1594,1216,955,6801
TJN_TJX_TJMaxx 2H DIG_FY18,Conversant Inc.,PJNPMF_TJN_TJC_031_Audience_CONVERSANT_PUR_ROI_DSK_NET_DSP_TRG_RON_BTG_BTG_DVY_DESKTOP RECTANGLE- STRATEGIC SAVERS_Run of Site_Other_P18+_300 x 600_Standard_NV_NA,204442069,9/21/2017,15,12,3,0,3,0,3,0,3,0,0,0
TJN_TJX_TJMaxx 2H DIG_FY18,xAd Inc.,PKF44W_TJN_TJX_028_Mobile_GROUND TRUTH FKA XAD_DST_SV1_MAP_DIR_RCH_TRG_RON_BTG_BTG_DVY_PHASE 1_BEHAVIORAL AUDIENCE STRATEGIC SAVERS PLACEMENT - RICH MEDIA STORE LOCATOR - Find A Store V2_Run of Network_Behavioral_F25-54_320 x 50_Click and View_NV_NA,206833611,10/16/2017,3692,52,3640,1722,1918,68,1850,1579,271,1790,1528,3107
TJN_MAR_023_Marshalls 2H Digital_F18,NinthDecimal,PJPSRW_TJN_MAR_023_Mobile_NINTHDECIMAL_DST_SV1_MAP_DIR_RCH_TRG_RON_BTG_PXT_DVY_LOCATION GRAPH: TJX FAMILY LOYALISTS_Run of Network_Behavioral_F25-54_320 x 50_Click and View_NV_NA,204541739,10/10/2017,31772,186,31586,10963,20623,93,20530,19892,638,11056,10712,30604
TJN_MAR_023_Marshalls 2H Digital_F18,NinthDecimal,PJPSRS_TJN_MAR_023_Mobile_NINTHDECIMAL_DST_SV1_MAP_DIR_RCH_TRG_RON_PXT_DMA_DVY_GEOFENCE: 5-10-MILE RADIUS AROUND SUBURBAN STORES_Run of Network_Geo_F25-54_320 x 50_Click and View_NV_NA,204541748,9/25/2017,68772,1640,67132,22801,44331,251,44080,42979,1101,23052,22476,65455
TJN_TJX_TJMaxx 2H DIG_FY18,Viant,"PK2X7J_TJN_TJX_028_Data_VIANT INC_DSI_SV1_MWB_DIR_RCH_TRG_INT_BTG_CTG_DVY_PHASE 1_VIANT IMP, W25-54 STRATEGIC SAVERS, CONTOBOX - Honeycomb_Fixed Placement_Behavioral_F25-54_300 x 250_Click and View_NV_NA",205688479,10/8/2017,2254,32,2222,2,2220,146,2074,357,1717,148,25,382
TJN_TJX_TJMaxx 2H DIG_FY18,xAd Inc.,PJPXJS_TJN_TJX_028_Mobile_GROUND TRUTH FKA XAD_DST_SV1_MAP_DIR_DSP_TRG_RON_RTG_RTG_DVY_PHASE 1_LOCATION AUDIENCE COMPETITIVE CONQUESTING PLACEMENT - STANDARD BANNER - Fall Hero_Run of Network_Retarget_F25-54_300 x 250_Click and View_NV_NA,204446153,9/6/2017,19380,537,18843,15155,3688,31,3657,3544,113,15186,14610,18154
TJN_TJX_TJMaxx 2H DIG_FY18,Foursquare,"PJYHWF_TJN_TJX_028_Audience_FOURSQUARE LABS, INC_DST_SV1_MAP_PRO_DSP_TRG_RON_PXT_BTG_DVY_PHASE 1_PINPOINT COMPETITIVE CONQUESTING_Run of Network_Geo_F25-54_320 x 50_Standard_NV_NA",205183220,10/18/2017,127534,2832,124702,109893,14809,354,14455,13794,661,110247,105206,119000
TJN_TJX_TJMaxx 2H DIG_FY18,xAd Inc.,PJMTN2_TJN_TJX_028_Mobile_GROUND TRUTH FKA XAD_DST_SV1_MAP_DIR_DSP_TRG_RON_RTG_RTG_DVY_PHASE 1_LOCATION AUDIENCE COMPETITIVE CONQUESTING PLACEMENT - STANDARD BANNER - Fall Handbag_Run of Network_Retarget_F25-54_300 x 250_Click and View_NV_NA,204447824,9/27/2017,23675,601,23074,23067,7,1,6,1,5,23068,3845,3846
TJN_TJX_TJMaxx 2H DIG_FY18,Viant,"PJNSGP_TJN_TJX_028_Data_VIANT INC_DSI_SV1_MWB_DIR_DSP_TRG_RON_BTG_CTG_DVY_PHASE 1_VIANT DIRECT MATCH RETAIL, TJX PORFOLIO LOYALISTS, DISPLAY_Fixed Placement_Behavioral_F25-54_300 x 50_Standard_NV_NA",204525579,10/5/2017,276,5,271,0,271,86,185,119,66,86,55,174
TJN_TJX_TJMaxx 2H DIG_FY18,Hulu,PK3CXL_TJN_TJX_027_Content_HULU_BAF_BS2_TAP_DIR_CUS_SPN_CHS_CTG_CTG_DVY_FALL TV SPONSORSHIP: PREMIUM SLATE - TABLET IN APP_FEP_Contextual_F25-54_1920 x 1080_Standard_NV_NA,205726818,10/13/2017,7122,63,7059,7059,0,0,0,0,0,7059,4838,4838
TJN_TJX_TJMaxx 2H DIG_FY18,Viant,"PJNSH9_TJN_TJX_028_Data_VIANT INC_DSI_SV1_TWB_DIR_DSP_TRG_RON_BTG_CTG_DVY_PHASE 1_VIANT DIRECT MATCH RETAIL, COMPETITIVE CONQUESTING, DISPLAY_Fixed Placement_Behavioral_F25-54_300 x 250_Standard_NV_NA",204526701,10/4/2017,1,0,1,0,1,1,0,0,0,1,1,1
TJN_TJX_TJMaxx 2H DIG_FY18,Viant,"PJSPCJ_TJN_TJC_031_Data_VIANT INC_PUR_ROI_MWB_DIR_DSP_TRG_RON_BTG_MKT_DVY_W25-54 + ONLINE SHOPPERS, CROSS DEVICE DISPLAY_Fixed Placement_Behavioral_F25-54_300 x 250_Click_NV_NA",204733038,10/9/2017,70,2,68,3,65,13,52,11,41,16,3,14
TJN_MAR_023_Marshalls 2H Digital_F18,NinthDecimal,PJPSS0_TJN_MAR_023_Mobile_NINTHDECIMAL_DST_SV1_MAP_DIR_RCH_TRG_RON_BTG_DMA_DVY_3RD PARTY: SURPRISE CHOOSERS_Run of Network_Behavioral_F25-54_320 x 50_Click and View_NV_NA,204595875,9/16/2017,13728,321,13407,4027,9380,67,9313,8896,417,4094,3911,12807
TJN_TJX_TJMaxx 2H DIG_FY18,PlaceIQ,PK18PW_TJN_TJX_028_Mobile_PLACEIQ INC_DST_SV1_MAP_DIR_DSP_TRG_RON_BTG_PXT_DVY_PHASE 1_STANDARD BANNER_TRENDSTTERS_SOCIAL MEDIA INFLUENCER PLUS NEARBY TJMAXX - Maxx You Maxx Life_Run of Network_Behavioral_F25-54_320 x 50_Click and View_NV_NA,205566944,10/15/2017,24861,569,24292,14088,10204,81,10123,9799,324,14169,13716,23515
TJN_TJX_TJMaxx 2H DIG_FY18,Viant,"PK2V4X_TJN_TJX_028_Data_VIANT INC_DSI_SV1_DSK_DIR_RCH_TRG_INT_BTG_CTG_DVY_PHASE 1_VIANT IMP, W25-54 STRATEGIC SAVERS, CONTOBOX - Fall Homes_Fixed Placement_Behavioral_F25-54_300 x 250_Click and View_NV_NA",205688458,10/8/2017,3430,36,3394,5,3389,373,3016,1340,1676,378,168,1508
TJN_TJX_TJMaxx 2H DIG_FY18,xAd Inc.,PJMTMQ_TJN_TJX_028_Mobile_GROUND TRUTH FKA XAD_DST_SV1_MAP_DIR_RCH_TRG_RON_PXT_PXT_DVY_PHASE 1_PROXIMITY LOYALTY PLACEMENT - RICH MEDIA STORE LOCATOR - TJ Maxx_Run of Network_Geo_F25-54_320 x 50_Click and View_NV_NA,204442090,9/12/2017,11,0,11,7,4,4,0,0,0,11,9,9
TJN_TJX_TJMaxx 2H DIG_FY18,Conversant Inc.,PJPTMH_TJN_TJC_031_Audience_CONVERSANT_PUR_ROI_TAP_NET_DSP_TRG_RON_BTG_BTG_DVY_TABLET LEADERBOARD- COMPETITIVE CONQUESTING_Run of Site_Other_P18+_728 x 90_Standard_NV_NA,204483936,10/4/2017,658,4,654,0,654,111,543,309,234,111,63,372
TJN_TJX_TJMaxx 2H DIG_FY18,xAd Inc.,PJPXJZ_TJN_TJX_028_Mobile_GROUND TRUTH FKA XAD_DST_SV1_MAP_DIR_DSP_TRG_RON_BTG_BTG_DVY_PHASE 1_BEHAVIORAL AUDIENCE TRENDSETTERS PLACEMENT - STANDARD BANNER - Fall Hero_Run of Network_Behavioral_F25-54_300 x 250_Click and View_NV_NA,204446156,10/16/2017,16,0,16,16,0,0,0,0,0,16,13,13
TJN_TJX_TJMaxx 2H DIG_FY18,xAd Inc.,PJMTNQ_TJN_TJX_028_Mobile_GROUND TRUTH FKA XAD_DST_SV1_MAP_DIR_RCH_TRG_RON_BTG_BTG_DVY_PHASE 1_BEHAVIORAL AUDIENCE STRATEGIC SAVERS PLACEMENT - RICH MEDIA STORE LOCATOR - TJ Maxx_Run of Network_Behavioral_F25-54_320 x 50_Click and View_NV_NA,204447845,10/17/2017,11,1,10,8,2,0,2,1,1,8,4,5
TJN_TJX_TJMaxx 2H DIG_FY18,Viant,"PK2X7F_TJN_TJX_028_Data_VIANT INC_DSI_SV1_DSK_DIR_RCH_TRG_INT_BTG_CTG_DVY_PHASE 1_VIANT IMP, W25-54 STRATEGIC SAVERS, CONTOBOX - Honeycomb_Fixed Placement_Behavioral_F25-54_728 x 90_Click and View_NV_NA",205727841,9/29/2017,2494,38,2456,2,2454,215,2239,1059,1180,217,103,1162
TJN_MAR_023_Marshalls 2H Digital_F18,NinthDecimal,"PJPSS1_TJN_MAR_023_Mobile_NINTHDECIMAL_DST_SV1_MAP_DIR_RCH_TRG_RON_BTG_DMA_DVY_TV TARGETING: PEOPLE WHO WATCH BRAVO, TLC, HGTV, A&E, LIFETIME, DISCOVERY_Run of Network_Behavioral_F25-54_320 x 50_Click and View_NV_NA",204541508,10/17/2017,28591,370,28221,6925,21296,136,21160,20386,774,7061,6803,27189
TJN_TJX_TJMaxx 2H DIG_FY18,xAd Inc.,PKF462_TJN_TJX_028_Mobile_GROUND TRUTH FKA XAD_DST_SV1_MAP_DIR_DSP_TRG_RON_PXT_PXT_DVY_PHASE 1_PROXIMITY LOYALTY PLACEMENT - STANDARD BANNER - Booties_Run of Network_Geo_F25-54_300 x 250_Click and View_NV_NA,206812774,10/19/2017,3287,68,3219,3214,5,0,5,0,5,3214,0,0
TJN_MAR_023_Marshalls 2H Digital_F18,xAd Inc.,PJQ0YB_TJN_MAR_023_Mobile_GROUND TRUTH FKA XAD_DST_SV1_MAP_DIR_DSP_TRG_RON_PXT_BTG_DVY_PROXIMITY CONQUESTING - DYNAMIC DISTANCE_Run of Network_Geo_F25-54_320 x 50_Click and View_NV_NA,204541799,9/18/2017,20883,351,20532,13814,6718,3224,3494,3125,369,17038,12651,15776
TJN_TJX_TJMaxx 2H DIG_FY18,Conversant Inc.,PJNPLY_TJN_TJX_028_Audience_CONVERSANT_DST_SV1_DSK_NET_DSP_TRG_RON_BTG_BTG_DVY_PHASE 1_ DESKTOP WIDE SKYSCRAPER - CJ CONVERTERS LAL MODELING_Run of Site_Behavioral_P18+_160 x 600_Standard_NV_NA,204443386,10/14/2017,8045,455,7590,1,7589,1028,6561,2585,3976,1029,405,2990
TJN_TJX_TJMaxx 2H DIG_FY18,Foursquare,"PJPSSZ_TJN_TJX_028_Audience_FOURSQUARE LABS, INC_DST_SV1_MAP_PRO_RCH_TRG_RON_PXT_BTG_DVY_PHASE 1_MOBILE RICH MEDIA COMPETITIVE CONQUESTING - Fall Handbag_Run of Network_Geo_F25-54_300 x 250_Standard_NV_NA",204478073,10/12/2017,2752,61,2691,1059,1632,80,1552,499,1053,1139,366,865
TJN_MAR_023_Marshalls 2H Digital_F18,xAd Inc.,PJQ0YH_TJN_MAR_023_Mobile_GROUND TRUTH FKA XAD_DST_SV1_MAP_DIR_DSP_TRG_RON_BTG_DMA_DVY_BEHAVIORAL - FASHION SHOPPER - DYNAMIC DISTANCE_Run of Network_Behavioral_F25-54_300 x 250_Click and View_NV_NA,204543443,10/12/2017,64479,2439,62040,62040,0,0,0,0,0,62040,49259,49259
TJN_TJX_TJMaxx 2H DIG_FY18,NBC Universal Media,PK2JQT_TJN_TJX_028_Content_NBCUNI.COM_BAF_BS2_TAP_DIR_VID_SPN_ROS_BTG_CTG_MOA_THIS IS US SPONSORSHIP: TABLET - VIGNETTE 1_Run of Site_Behavioral_F25-54_1920 x 1080_Click and View_NV_NA,205563488,9/27/2017,2133,10,2123,2123,0,0,0,0,0,2123,1510,1510
TJN_TJX_TJMaxx 2H DIG_FY18,Foursquare,"PJPQKZ_TJN_TJX_028_Audience_FOURSQUARE LABS, INC_DST_SV1_MAP_PRO_DSP_TRG_RON_PXT_BTG_DVY_PHASE 1_PINPOINT TRENDSETTERS_Run of Network_Geo_F25-54_300 x 250_Standard_NV_NA",204481813,10/10/2017,7610,608,7002,3103,3899,194,3705,1913,1792,3297,1702,3615
TJN_TJX_TJMaxx 2H DIG_FY18,Viant,"PK2V50_TJN_TJX_028_Data_VIANT INC_DSI_SV1_DSK_DIR_RCH_TRG_INT_BTG_CTG_DVY_PHASE 1_VIANT IMP, W25-54 STRATEGIC SAVERS, CONTOBOX - Fall Homes_Fixed Placement_Behavioral_F25-54_160 x 600_Click and View_NV_NA",205726908,10/10/2017,317,20,297,2,295,13,282,98,184,15,5,103
TJN_TJX_TJMaxx 2H DIG_FY18,Conversant Inc.,PJNPLW_TJN_TJX_028_Audience_CONVERSANT_DST_SV1_DSK_NET_DSP_TRG_RON_BTG_BTG_DVY_PHASE 1_ DESKTOP MEDIUM RECTANGLE - CJ CONVERTERS LAL MODELING_Run of Site_Behavioral_P18+_300 x 250_Standard_NV_NA,204442024,10/14/2017,28568,1351,27217,7,27210,2756,24454,12822,11632,2763,1449,14271
TJN_TJX_TJMaxx 2H DIG_FY18,xAd Inc.,PJYDBV_TJN_TJX_028_Mobile_GROUND TRUTH FKA XAD_DST_SV1_MAP_DIR_RCH_TRG_RON_BTG_BTG_DVY_PHASE 1_BEHAVIORAL AUDIENCE STRATEGIC SAVERS PLACEMENT - RICH MEDIA STORE LOCATOR - Maxx You Maxx Life_Run of Network_Behavioral_F25-54_320 x 50_Click and View_NV_NA,205148243,10/18/2017,8,0,8,8,0,0,0,0,0,8,7,7
TJN_TJX_TJMaxx 2H DIG_FY18,PlaceIQ,PKFS8T_TJN_TJX_028_Mobile_PLACEIQ INC_DST_SV1_MAP_DIR_DSP_TRG_RON_BTG_PTG_DVY_PHASE 1_STANDARD BANNER_TRENDSETTERS_ONLINE SHOPPER+TJMAXX SHOPPERS - Find a Store V2_Run of Network_Behavioral_F25-54_320 x 50_Click and View_NV_NA,206833467,10/21/2017,23344,396,22948,13627,9321,94,9227,9140,87,13721,13592,22732
TJN_TJX_TJMaxx 2H DIG_FY18,Conversant Inc.,PJPWP9_TJN_TJX_028_Audience_CONVERSANT_DST_SV1_DSK_NET_DSP_TRG_RON_BTG_BTG_DVY_PHASE 1_ DESKTOP MEDIUM RECTANGLE - CONVERSANT SHOPPERS AV_Run of Site_Behavioral_P18+_300 x 250_Standard_NV_NA,204483957,9/30/2017,1197,57,1140,0,1140,237,903,437,466,237,115,552
TJN_TJX_TJMaxx 2H DIG_FY18,Conversant Inc.,PJPWPH_TJN_TJX_028_Audience_CONVERSANT_DST_SV1_MAP_NET_DSP_TRG_RON_BTG_BTG_DVY_PHASE 1_ SMARTPHONE MEDIUM RECTANGLE  - CONVERSANT SHOPPERS AV_Run of Site_Behavioral_P18+_300 x 250_Standard_NV_NA,204442060,10/12/2017,294,1,293,0,293,57,236,54,182,57,13,67
TJN_TJX_TJMaxx 2H DIG_FY18,Conversant Inc.,PJPWBX_TJN_TJX_028_Audience_CONVERSANT_DST_SV1_DSK_NET_DSP_TRG_RON_BTG_BTG_DVY_PHASE 1_ DESKTOP WIDE SKYSCRAPER - CJ INTERACTORS LAL MODELING_Run of Site_Behavioral_P18+_160 x 600_Standard_NV_NA,204442033,10/9/2017,15519,875,14644,0,14644,2239,12405,4622,7783,2239,834,5456
TJN_MAR_023_Marshalls 2H Digital_F18,xAd Inc.,PJQ0Y6_TJN_MAR_023_Mobile_GROUND TRUTH FKA XAD_DST_SV1_MAP_DIR_DSP_TRG_RON_PXT_BTG_DVY_PROXIMITY LOYALTY - DYNAMIC DISTANCE_Run of Network_Geo_F25-54_320 x 50_Click and View_NV_NA,204556888,9/5/2017,102768,2059,100709,84170,16539,9276,7263,6501,762,93446,84861,91362
TJN_TJX_TJMaxx 2H DIG_FY18,Viant,"PJNSHD_TJN_TJX_028_Data_VIANT INC_DSI_SV1_DSK_DIR_DSP_TRG_RON_BTG_CTG_DVY_PHASE 1_VIANT DIRECT MATCH RETAIL, COMPETITIVE CONQUESTING, DISPLAY_Fixed Placement_Behavioral_F25-54_160 x 600_Standard_NV_NA",204477281,10/19/2017,8526,542,7984,0,7984,679,7305,4566,2739,679,424,4990
TJN_TJX_TJMaxx 2H DIG_FY18,NBC Universal Media,PK2HF5_TJN_TJX_028_Content_NBCUNI.COM_BAF_BS2_MAP_DIR_VID_SPN_ROS_BTG_CTG_MOA_THIS IS US SPONSORSHIP: DESKTOP - VIGNETTE 1_Run of Site_Behavioral_F25-54_1920 x 1080_Click and View_NV_NA,205566893,9/27/2017,963,38,925,925,0,0,0,0,0,925,658,658
TJN_TJX_TJMaxx 2H DIG_FY18,xAd Inc.,PJMTNC_TJN_TJX_028_Mobile_GROUND TRUTH FKA XAD_DST_SV1_MAP_DIR_DSP_TRG_RON_BTG_BTG_DVY_PHASE 1_BEHAVIORAL AUDIENCE TRENDSETTERS PLACEMENT - STANDARD BANNER - Maxx You Maxx Life_Run of Network_Behavioral_F25-54_320 x 50_Click and View_NV_NA,204447830,10/15/2017,14278,203,14075,5916,8159,1319,6840,4667,2173,7235,4534,9201
TJN_TJX_TJMaxx 2H DIG_FY18,Foursquare,"PK0H7Z_TJN_TJX_028_Audience_FOURSQUARE LABS, INC_DST_SV1_MAP_PRO_RCH_TRG_RON_PXT_BTG_DVY_PHASE 1_MOBILE RICH MEDIA STRATEGIC SAVERS - Fall Honeycomb_Run of Network_Geo_F25-54_300 x 250_Standard_NV_NA",205341980,9/26/2017,2968,220,2748,709,2039,142,1897,488,1409,851,219,707
TJN_MAR_023_Marshalls 2H Digital_F18,xAd Inc.,PJQ0Y8_TJN_MAR_023_Mobile_GROUND TRUTH FKA XAD_DST_SV1_MAP_DIR_RCH_TRG_RON_WEA_PXT_DVY_PROXIMITY LOYALTY - WEATHER LOCATOR UNIT_Run of Network_Weather_F25-54_320 x 50_Click and View_NV_NA,204556189,9/27/2017,32533,922,31611,19590,12021,155,11866,11182,684,19745,18607,29789
TJN_TJX_TJMaxx 2H DIG_FY18,xAd Inc.,PJMTN3_TJN_TJX_028_Mobile_GROUND TRUTH FKA XAD_DST_SV1_MAP_DIR_DSP_TRG_RON_RTG_RTG_DVY_PHASE 1_LOCATION AUDIENCE COMPETITIVE CONQUESTING PLACEMENT - STANDARD BANNER - Maxx You Maxx Life_Run of Network_Retarget_F25-54_320 x 50_Click and View_NV_NA,204442933,9/23/2017,32282,307,31975,13603,18372,970,17402,15331,2071,14573,12699,28030
TJN_TJX_TJMaxx 2H DIG_FY18,Viant,"PK2V4T_TJN_TJX_028_Data_VIANT INC_DSI_SV1_TWB_DIR_RCH_TRG_INT_BTG_CTG_DVY_PHASE 1_VIANT IMP, W25-54 STRATEGIC SAVERS, CONTOBOX - Fall Homes_Fixed Placement_Behavioral_F25-54_160 x 600_Click and View_NV_NA",205687933,10/8/2017,53,0,53,0,53,3,50,1,49,3,0,1
TJN_TJX_TJMaxx 2H DIG_FY18,Viant,"PJNSGW_TJN_TJX_028_Data_VIANT INC_DSI_SV1_DSK_DIR_DSP_TRG_RON_BTG_CTG_DVY_PHASE 1_VIANT DIRECT MATCH RETAIL, TJX PORFOLIO LOYALISTS, DISPLAY_Fixed Placement_Behavioral_F25-54_300 x 250_Standard_NV_NA",204478514,10/19/2017,8690,542,8148,1,8147,561,7586,4839,2747,562,358,5197
TJN_TJX_TJMaxx 2H DIG_FY18,Foursquare,"PJPSSY_TJN_TJX_028_Audience_FOURSQUARE LABS, INC_DST_SV1_MAP_PRO_RCH_TRG_RON_PXT_BTG_DVY_PHASE 1_MOBILE RICH MEDIA TRENDSETTERS - Find A TJ Maxx Store_Run of Network_Geo_F25-54_320 x 50_Standard_NV_NA",204527598,10/15/2017,28719,315,28404,11408,16996,1102,15894,9214,6680,12510,7252,16466
TJN_TJX_TJMaxx 2H DIG_FY18,Hulu,PK3CXH_TJN_TJX_027_Content_HULU_BAF_BS2_DSK_DIR_CUS_SPN_CHS_CTG_CTG_DVY_FALL TV SPONSORSHIP: PREMIUM SLATE - DESKTOP_FEP_Contextual_F25-54_1920 x 1080_Standard_NV_NA,205683922,9/26/2017,1,0,1,1,0,0,0,0,0,1,1,1
TJN_TJX_TJMaxx 2H DIG_FY18,xAd Inc.,PJMTN3_TJN_TJX_028_Mobile_GROUND TRUTH FKA XAD_DST_SV1_MAP_DIR_DSP_TRG_RON_RTG_RTG_DVY_PHASE 1_LOCATION AUDIENCE COMPETITIVE CONQUESTING PLACEMENT - STANDARD BANNER - Maxx You Maxx Life_Run of Network_Retarget_F25-54_320 x 50_Click and View_NV_NA,204442933,10/2/2017,3,1,2,2,0,0,0,0,0,2,2,2
TJN_TJX_TJMaxx 2H DIG_FY18,Viant,"PJNSGT_TJN_TJX_028_Data_VIANT INC_DSI_SV1_DSK_DIR_DSP_TRG_RON_BTG_CTG_DVY_PHASE 1_VIANT DIRECT MATCH RETAIL, TJX PORFOLIO LOYALISTS, DISPLAY_Fixed Placement_Behavioral_F25-54_160 x 600_Standard_NV_NA",204483025,10/9/2017,7811,607,7204,0,7204,511,6693,4375,2318,511,334,4709
TJN_TJX_TJMaxx 2H DIG_FY18,NBC Universal Media,PK2KJN_TJN_TJX_028_Content_NBCUNI.COM_BAF_BS2_TAP_DIR_VID_SPN_ROS_BTG_CTG_MOA_THIS IS US SPONSORSHIP: TABLET - VIGNETTE 2_Run of Site_Behavioral_F25-54_1920 x 1080_Click and View_NV_NA,205569482,10/10/2017,5563,37,5526,5526,0,0,0,0,0,5526,3574,3574
TJN_TJX_TJMaxx 2H DIG_FY18,Viant,"PK2X7K_TJN_TJX_028_Data_VIANT INC_DSI_SV1_DSK_DIR_RCH_TRG_INT_BTG_CTG_DVY_PHASE 1_VIANT IMP, W25-54 STRATEGIC SAVERS, CONTOBOX - Honeycomb_Fixed Placement_Behavioral_F25-54_160 x 600_Click and View_NV_NA",205726917,9/22/2017,43,8,35,2,33,2,31,16,15,4,2,18
TJN_TJX_TJMaxx 2H DIG_FY18,Viant,"PKGK55_TJN_TJX_028_Data_VIANT INC_DSI_SV1_DSK_DIR_CUS_TRG_NAT_BTG_CTG_DVY_PHASE 1_VIANT LIFESTYLE, TRENDSETTERS NATIVE- Dresses_Fixed Placement_Contextual_F25-54_0 x 0_Click and View_NV_NA",206833278,10/19/2017,38900,3103,35797,35797,0,0,0,0,0,35797,28079,28079
TJN_TJX_TJMaxx 2H DIG_FY18,Viant,"PJNSH6_TJN_TJX_028_Data_VIANT INC_DSI_SV1_TWB_DIR_DSP_TRG_RON_BTG_CTG_DVY_PHASE 1_VIANT DIRECT MATCH RETAIL, COMPETITIVE CONQUESTING, DISPLAY_Fixed Placement_Behavioral_F25-54_160 x 600_Standard_NV_NA",204483604,9/28/2017,2,0,2,0,2,0,2,0,2,0,0,0
TJN_MAR_023_Marshalls 2H Digital_F18,NinthDecimal,PJPSS0_TJN_MAR_023_Mobile_NINTHDECIMAL_DST_SV1_MAP_DIR_RCH_TRG_RON_BTG_DMA_DVY_3RD PARTY: SURPRISE CHOOSERS_Run of Network_Behavioral_F25-54_320 x 50_Click and View_NV_NA,204595875,9/13/2017,44591,750,43841,12906,30935,190,30745,29669,1076,13096,12638,42307
TJN_MAR_023_Marshalls 2H Digital_F18,xAd Inc.,PJQ0YF_TJN_MAR_023_Mobile_GROUND TRUTH FKA XAD_DST_SV1_MAP_DIR_RCH_TRG_RON_WEA_PXT_DVY_PROXIMITY CONQUESTING - WEATHER LOCATOR UNIT_Run of Network_Weather_F25-54_300 x 250_Click and View_NV_NA,204596913,10/11/2017,1593,37,1556,23,1533,44,1489,1392,97,67,63,1455
TJN_MAR_023_Marshalls 2H Digital_F18,xAd Inc.,PJQ0YP_TJN_MAR_023_Mobile_GROUND TRUTH FKA XAD_DST_SV1_MAP_DIR_DSP_TRG_RON_PXT_BTG_DVY_GEOBLOCKS LOYALTY - DYNAMIC DISTANCE_Run of Network_Geo_F25-54_300 x 250_Click and View_NV_NA,204537983,9/25/2017,11401,814,10587,10492,95,6,89,29,60,10498,3423,3452
TJN_TJX_TJMaxx 2H DIG_FY18,Conversant Inc.,PJPTMM_TJN_TJC_031_Audience_CONVERSANT_PUR_ROI_MAP_NET_DSP_TRG_RON_BTG_BTG_DVY_SMARTPHONE SMALL BANNER - COMPETITIVE CONQUESTING_Run of Site_Other_P18+_320 x 50_Standard_NV_NA,204483939,10/14/2017,46867,530,46337,5,46332,3684,42648,35303,7345,3689,3054,38357
TJN_TJX_TJMaxx 2H DIG_FY18,NBC Universal Media,PK2LGT_TJN_TJX_028_Content_NBCUNI.COM_BAF_BS2_DSK_DIR_DSP_SPN_HPT_CTG_CTG_DCM_100% SOV NBC THIS IS US ROADBLOCK 9/26 - 300X250 DESKTOP_HP Takeover_Contextual_F25-54_300 x 250_Standard_NV_NA,205566905,9/26/2017,132226,1663,130563,303,130260,5849,124411,82228,42183,6152,4066,86294
TJN_TJX_TJMaxx 2H DIG_FY18,Viant,"PJNSGP_TJN_TJX_028_Data_VIANT INC_DSI_SV1_MWB_DIR_DSP_TRG_RON_BTG_CTG_DVY_PHASE 1_VIANT DIRECT MATCH RETAIL, TJX PORFOLIO LOYALISTS, DISPLAY_Fixed Placement_Behavioral_F25-54_300 x 50_Standard_NV_NA",204525579,10/17/2017,89,1,88,0,88,4,84,73,11,4,3,76
TJN_TJX_TJMaxx 2H DIG_FY18,Viant,"PK2V4Y_TJN_TJX_028_Data_VIANT INC_DSI_SV1_MWB_DIR_RCH_TRG_INT_BTG_CTG_DVY_PHASE 1_VIANT IMP, W25-54 STRATEGIC SAVERS, CONTOBOX - Fall Homes_Fixed Placement_Behavioral_F25-54_320 x 50_Click and View_NV_NA",205685980,10/4/2017,22041,237,21804,6,21798,2754,19044,9927,9117,2760,1439,11366
TJN_MAR_023_Marshalls 2H Digital_F18,NinthDecimal,PJPSS0_TJN_MAR_023_Mobile_NINTHDECIMAL_DST_SV1_MAP_DIR_RCH_TRG_RON_BTG_DMA_DVY_3RD PARTY: SURPRISE CHOOSERS_Run of Network_Behavioral_F25-54_320 x 50_Click and View_NV_NA,204595875,10/13/2017,35610,406,35204,8468,26736,172,26564,25261,1303,8640,8216,33477
TJN_TJX_TJMaxx 2H DIG_FY18,Hulu,PK3CRZ_TJN_TJX_027_Content_HULU_BAF_BS2_DSK_DIR_VID_SPN_CHS_CTG_CTG_DVY_FALL TV SPONSORSHIP: VIDEO COMMERCIAL - DESKTOP_FEP_Contextual_F25-54_1920 x 1080_Standard_NV_NA,205727706,10/2/2017,22148,382,21766,21766,0,0,0,0,0,21766,16255,16255
TJN_MAR_023_Marshalls 2H Digital_F18,NinthDecimal,"PJPSS1_TJN_MAR_023_Mobile_NINTHDECIMAL_DST_SV1_MAP_DIR_RCH_TRG_RON_BTG_DMA_DVY_TV TARGETING: PEOPLE WHO WATCH BRAVO, TLC, HGTV, A&E, LIFETIME, DISCOVERY_Run of Network_Behavioral_F25-54_320 x 50_Click and View_NV_NA",204541508,10/5/2017,9738,147,9591,3265,6326,37,6289,6062,227,3302,3183,9245
TJN_TJX_TJMaxx 2H DIG_FY18,xAd Inc.,PJPXJX_TJN_TJX_028_Mobile_GROUND TRUTH FKA XAD_DST_SV1_MAP_DIR_DSP_TRG_RON_BTG_BTG_DVY_PHASE 1_BEHAVIORAL AUDIENCE STRATEGIC SAVERS PLACEMENT - STANDARD BANNER - TJMaxx_Run of Network_Behavioral_F25-54_320 x 50_Click and View_NV_NA,204447848,10/5/2017,2,0,2,0,2,1,1,1,0,1,1,2
TJN_MAR_023_Marshalls 2H Digital_F18,xAd Inc.,PJQ0YH_TJN_MAR_023_Mobile_GROUND TRUTH FKA XAD_DST_SV1_MAP_DIR_DSP_TRG_RON_BTG_DMA_DVY_BEHAVIORAL - FASHION SHOPPER - DYNAMIC DISTANCE_Run of Network_Behavioral_F25-54_300 x 250_Click and View_NV_NA,204543443,9/4/2017,3,0,3,0,3,0,3,3,0,0,0,3
TJN_TJX_TJMaxx 2H DIG_FY18,Hulu,PK3CRZ_TJN_TJX_027_Content_HULU_BAF_BS2_DSK_DIR_VID_SPN_CHS_CTG_CTG_DVY_FALL TV SPONSORSHIP: VIDEO COMMERCIAL - DESKTOP_FEP_Contextual_F25-54_1920 x 1080_Standard_NV_NA,205727706,10/1/2017,33921,512,33409,33409,0,0,0,0,0,33409,24025,24025
TJN_TJX_TJMaxx 2H DIG_FY18,xAd Inc.,PJMTNQ_TJN_TJX_028_Mobile_GROUND TRUTH FKA XAD_DST_SV1_MAP_DIR_RCH_TRG_RON_BTG_BTG_DVY_PHASE 1_BEHAVIORAL AUDIENCE STRATEGIC SAVERS PLACEMENT - RICH MEDIA STORE LOCATOR - TJ Maxx_Run of Network_Behavioral_F25-54_320 x 50_Click and View_NV_NA,204447845,10/5/2017,11,1,10,6,4,3,1,1,0,9,9,10
TJN_TJX_TJMaxx 2H DIG_FY18,Foursquare,"PJPRVG_TJN_TJX_028_Audience_FOURSQUARE LABS, INC_DST_SV1_MAP_PRO_DSP_TRG_RON_PXT_BTG_DVY_PHASE 1_PINPOINT COMPETITIVE CONQUESTING AV_Run of Network_Geo_F25-54_300 x 250_Standard_NV_NA",204527412,10/3/2017,115,0,115,30,85,1,84,52,32,31,19,71
TJN_MAR_023_Marshalls 2H Digital_F18,xAd Inc.,PJQ0YF_TJN_MAR_023_Mobile_GROUND TRUTH FKA XAD_DST_SV1_MAP_DIR_RCH_TRG_RON_WEA_PXT_DVY_PROXIMITY CONQUESTING - WEATHER LOCATOR UNIT_Run of Network_Weather_F25-54_300 x 250_Click and View_NV_NA,204596913,10/6/2017,1244,23,1221,66,1155,137,1018,915,103,203,182,1097
TJN_TJX_TJMaxx 2H DIG_FY18,Viant,"PJSPCD_TJN_TJC_031_Data_VIANT INC_PUR_ROI_DSK_DIR_DSP_TRG_RON_BTG_MKT_DVY_W25-54 + ONLINE SHOPPERS, CROSS DEVICE DISPLAY_Fixed Placement_Behavioral_F25-54_728 x 90_Click_NV_NA",204733044,10/17/2017,11089,128,10961,0,10961,421,10540,8710,1830,421,348,9058
TJN_TJX_TJMaxx 2H DIG_FY18,Viant,"PK2X7K_TJN_TJX_028_Data_VIANT INC_DSI_SV1_DSK_DIR_RCH_TRG_INT_BTG_CTG_DVY_PHASE 1_VIANT IMP, W25-54 STRATEGIC SAVERS, CONTOBOX - Honeycomb_Fixed Placement_Behavioral_F25-54_160 x 600_Click and View_NV_NA",205726917,9/24/2017,92,8,84,0,84,1,83,18,65,1,0,18
TJN_TJX_TJMaxx 2H DIG_FY18,Foursquare,"PJPRVH_TJN_TJX_028_Audience_FOURSQUARE LABS, INC_DST_SV1_MAP_PRO_DSP_TRG_RON_PXT_BTG_DVY_PHASE 1_PINPOINT COMPETITIVE CONQUESTING AV_Run of Network_Geo_F25-54_320 x 50_Standard_NV_NA",204478088,9/21/2017,2376,144,2232,1456,776,29,747,603,144,1485,1199,1802
TJN_MAR_023_Marshalls 2H Digital_F18,xAd Inc.,PJQ0Y7_TJN_MAR_023_Mobile_GROUND TRUTH FKA XAD_DST_SV1_MAP_DIR_DSP_TRG_RON_PXT_BTG_DVY_PROXIMITY LOYALTY - DYNAMIC DISTANCE_Run of Network_Geo_F25-54_300 x 250_Click and View_NV_NA,204541754,9/18/2017,38466,2320,36146,36094,52,5,47,26,21,36099,19970,19996
TJN_TJX_TJMaxx 2H DIG_FY18,Viant,"PJNSHF_TJN_TJX_028_Data_VIANT INC_DSI_SV1_MWB_DIR_DSP_TRG_RON_BTG_CTG_DVY_PHASE 1_VIANT DIRECT MATCH RETAIL, COMPETITIVE CONQUESTING, DISPLAY_Fixed Placement_Behavioral_F25-54_300 x 250_Standard_NV_NA",204483016,9/18/2017,113,0,113,0,113,7,106,34,72,7,2,36
TJN_MAR_023_Marshalls 2H Digital_F18,NinthDecimal,PJPSS0_TJN_MAR_023_Mobile_NINTHDECIMAL_DST_SV1_MAP_DIR_RCH_TRG_RON_BTG_DMA_DVY_3RD PARTY: SURPRISE CHOOSERS_Run of Network_Behavioral_F25-54_320 x 50_Click and View_NV_NA,204595875,9/19/2017,11393,193,11200,2925,8275,77,8198,7911,287,3002,2897,10808
TJN_TJX_TJMaxx 2H DIG_FY18,xAd Inc.,PJMTN3_TJN_TJX_028_Mobile_GROUND TRUTH FKA XAD_DST_SV1_MAP_DIR_DSP_TRG_RON_RTG_RTG_DVY_PHASE 1_LOCATION AUDIENCE COMPETITIVE CONQUESTING PLACEMENT - STANDARD BANNER - Maxx You Maxx Life_Run of Network_Retarget_F25-54_320 x 50_Click and View_NV_NA,204442933,10/1/2017,3,0,3,2,1,1,0,0,0,3,3,3
TJN_TJX_TJMaxx 2H DIG_FY18,Viant,"PK2X7B_TJN_TJX_028_Data_VIANT INC_DSI_SV1_TWB_DIR_RCH_TRG_INT_BTG_CTG_DVY_PHASE 1_VIANT IMP, W25-54 STRATEGIC SAVERS, CONTOBOX - Honeycomb_Fixed Placement_Behavioral_F25-54_300 x 250_Click and View_NV_NA",205687939,9/27/2017,3551,42,3509,6,3503,444,3059,751,2308,450,110,861
TJN_TJX_TJMaxx 2H DIG_FY18,Foursquare,"PK0H7Z_TJN_TJX_028_Audience_FOURSQUARE LABS, INC_DST_SV1_MAP_PRO_RCH_TRG_RON_PXT_BTG_DVY_PHASE 1_MOBILE RICH MEDIA STRATEGIC SAVERS - Fall Honeycomb_Run of Network_Geo_F25-54_300 x 250_Standard_NV_NA",205341980,10/9/2017,5303,579,4724,1277,3447,223,3224,801,2423,1500,373,1174
TJN_MAR_023_Marshalls 2H Digital_F18,NinthDecimal,PJPSRY_TJN_MAR_023_Mobile_NINTHDECIMAL_DST_SV1_MAP_DIR_RCH_TRG_RON_BTG_PXT_DVY_LOCATION GRAPH: LABOR DAY SALES SHOPPERS_Run of Network_Behavioral_F25-54_320 x 50_Click and View_NV_NA,204542876,9/15/2017,572,9,563,133,430,5,425,400,25,138,130,530
TJN_TJX_TJMaxx 2H DIG_FY18,xAd Inc.,PKF4G3_TJN_TJX_028_Mobile_GROUND TRUTH FKA XAD_DST_SV1_MAP_DIR_DSP_TRG_RON_BTG_BTG_DVY_PHASE 1_BEHAVIORAL AUDIENCE STRATEGIC SAVERS PLACEMENT - STANDARD BANNER - Find A Store V2_Run of Network_Behavioral_F25-54_320 x 50_Click and View_NV_NA,206772056,10/19/2017,12850,152,12698,7366,5332,129,5203,3751,1452,7495,5403,9154
TJN_TJX_TJMaxx 2H DIG_FY18,xAd Inc.,PJMTNR_TJN_TJX_028_Mobile_GROUND TRUTH FKA XAD_DST_SV1_MAP_DIR_RCH_TRG_RON_BTG_BTG_DVY_PHASE 1_BEHAVIORAL AUDIENCE STRATEGIC SAVERS PLACEMENT - RICH MEDIA STORE LOCATOR - Fall Handbag_Run of Network_Behavioral_F25-54_300 x 250_Click and View_NV_NA,204442108,10/8/2017,5100,70,5030,1037,3993,75,3918,1859,2059,1112,528,2387
TJN_MAR_023_Marshalls 2H Digital_F18,Bustle,PK5G3V_TJN_MAR_023_Content_BUSTLE_Native Content Module - Fall Fashion Finds Topics Page_Run of Site_Contextual_F25-54_1 x 1_Click and View_NV_NA,206334768,10/11/2017,5937,269,5668,7,5661,5216,445,120,325,5223,1408,1528
TJN_TJX_TJMaxx 2H DIG_FY18,Hulu,PK3CRZ_TJN_TJX_027_Content_HULU_BAF_BS2_DSK_DIR_VID_SPN_CHS_CTG_CTG_DVY_FALL TV SPONSORSHIP: VIDEO COMMERCIAL - DESKTOP_FEP_Contextual_F25-54_1920 x 1080_Standard_NV_NA,205727706,10/3/2017,24161,329,23832,23832,0,0,0,0,0,23832,15051,15051
TJN_TJX_TJMaxx 2H DIG_FY18,xAd Inc.,PKF49Y_TJN_TJX_028_Mobile_GROUND TRUTH FKA XAD_DST_SV1_MAP_DIR_DSP_TRG_RON_BTG_BTG_DVY_PHASE 1_BEHAVIORAL AUDIENCE TRENDSETTERS PLACEMENT - STANDARD BANNER - Find A Store V1_Run of Network_Behavioral_F25-54_320 x 50_Click and View_NV_NA,206812693,10/14/2017,6561,85,6476,2495,3981,50,3931,3032,899,2545,1963,4995
TJN_TJX_TJMaxx 2H DIG_FY18,Foursquare,"PJPRVG_TJN_TJX_028_Audience_FOURSQUARE LABS, INC_DST_SV1_MAP_PRO_DSP_TRG_RON_PXT_BTG_DVY_PHASE 1_PINPOINT COMPETITIVE CONQUESTING AV_Run of Network_Geo_F25-54_300 x 250_Standard_NV_NA",204527412,10/1/2017,119,5,114,46,68,3,65,44,21,49,33,77
TJN_TJX_TJMaxx 2H DIG_FY18,xAd Inc.,PJMTND_TJN_TJX_028_Mobile_GROUND TRUTH FKA XAD_DST_SV1_MAP_DIR_DSP_TRG_RON_PXT_PXT_DVY_PHASE 1_PROXIMITY LOYALTY PLACEMENT - STANDARD BANNER - Maxx You Maxx Life_Run of Network_Geo_F25-54_320 x 50_Click and View_NV_NA,204442096,10/12/2017,12053,277,11776,1644,10132,102,10030,6186,3844,1746,1077,7263
TJN_TJX_TJMaxx 2H DIG_FY18,xAd Inc.,PJMTNB_TJN_TJX_028_Mobile_GROUND TRUTH FKA XAD_DST_SV1_MAP_DIR_DSP_TRG_RON_BTG_BTG_DVY_PHASE 1_BEHAVIORAL AUDIENCE TRENDSETTERS PLACEMENT - STANDARD BANNER - Fall Handbag_Run of Network_Behavioral_F25-54_300 x 250_Click and View_NV_NA,204447833,10/12/2017,8403,106,8297,8296,1,0,1,1,0,8296,8296,8297
TJN_TJX_TJMaxx 2H DIG_FY18,Viant,"PJSPBV_TJN_TJC_031_Data_VIANT INC_PUR_ROI_MWB_DIR_DSP_TRG_RON_BTG_MKT_DVY_DETERMINSTIC LAL OF ECOM CONVERTERS, CROSS DEVICE DISPLAY_Fixed Placement_Behavioral_F25-54_160 x 600_Click_NV_NA",204733791,10/13/2017,29075,2092,26983,2,26981,1310,25671,15771,9900,1312,806,16577
TJN_TJX_TJMaxx 2H DIG_FY18,Foursquare,"PKFMKW_TJN_TJX_028_Audience_FOURSQUARE LABS, INC_DST_SV1_MAP_PRO_RCH_TRG_RON_PXT_BTG_DVY_PHASE 1_MOBILE RICH MEDIA TRENDSETTERS - Booties_Run of Network_Geo_F25-54_300 x 250_Standard_NV_NA",206833557,10/18/2017,2231,51,2180,1322,858,147,711,333,378,1469,688,1021
TJN_TJX_TJMaxx 2H DIG_FY18,xAd Inc.,PKF49C_TJN_TJX_028_Mobile_GROUND TRUTH FKA XAD_DST_SV1_MAP_DIR_DSP_TRG_RON_BTG_BTG_DVY_PHASE 1_BEHAVIORAL AUDIENCE TRENDSETTERS PLACEMENT - STANDARD BANNER - Dresses_Run of Network_Behavioral_F25-54_300 x 250_Click and View_NV_NA,206832825,10/19/2017,2871,37,2834,2834,0,0,0,0,0,2834,2834,2834
TJN_TJX_TJMaxx 2H DIG_FY18,Viant,"PJNSH7_TJN_TJX_028_Data_VIANT INC_DSI_SV1_MWB_DIR_DSP_TRG_RON_BTG_CTG_DVY_PHASE 1_VIANT DIRECT MATCH RETAIL, COMPETITIVE CONQUESTING, DISPLAY_Fixed Placement_Behavioral_F25-54_320 x 50_Standard_NV_NA",204477565,9/27/2017,46,15,31,0,31,9,22,18,4,9,7,25
TJN_TJX_TJMaxx 2H DIG_FY18,Conversant Inc.,PJPTLM_TJN_TJC_031_Audience_CONVERSANT_PUR_ROI_MAP_NET_DSP_TRG_RON_BTG_BTG_DVY_SMARTPHONE SMALL BANNER - TRENDSETTERS_Run of Site_Other_P18+_320 x 50_Standard_NV_NA,204447785,10/17/2017,24268,346,23922,9,23913,2210,21703,18550,3153,2219,1897,20447
TJN_MAR_023_Marshalls 2H Digital_F18,xAd Inc.,PJQ0YF_TJN_MAR_023_Mobile_GROUND TRUTH FKA XAD_DST_SV1_MAP_DIR_RCH_TRG_RON_WEA_PXT_DVY_PROXIMITY CONQUESTING - WEATHER LOCATOR UNIT_Run of Network_Weather_F25-54_300 x 250_Click and View_NV_NA,204596913,9/21/2017,372,7,365,6,359,11,348,341,7,17,17,358
TJN_TJX_TJMaxx 2H DIG_FY18,Viant,"PJNSGT_TJN_TJX_028_Data_VIANT INC_DSI_SV1_DSK_DIR_DSP_TRG_RON_BTG_CTG_DVY_PHASE 1_VIANT DIRECT MATCH RETAIL, TJX PORFOLIO LOYALISTS, DISPLAY_Fixed Placement_Behavioral_F25-54_160 x 600_Standard_NV_NA",204483025,10/19/2017,5973,282,5691,0,5691,297,5394,3440,1954,297,189,3629
TJN_TJX_TJMaxx 2H DIG_FY18,Conversant Inc.,PJPTMH_TJN_TJC_031_Audience_CONVERSANT_PUR_ROI_TAP_NET_DSP_TRG_RON_BTG_BTG_DVY_TABLET LEADERBOARD- COMPETITIVE CONQUESTING_Run of Site_Other_P18+_728 x 90_Standard_NV_NA,204483936,10/21/2017,21,0,21,0,21,3,18,7,11,3,1,8
TJN_TJX_TJMaxx 2H DIG_FY18,xAd Inc.,PJMTMZ_TJN_TJX_028_Mobile_GROUND TRUTH FKA XAD_DST_SV1_MAP_DIR_DSP_TRG_RON_RTG_RTG_DVY_PHASE 1_LOCATION AUDIENCE TJX SHOPPERS PLACEMENT - STANDARD BANNER - Maxx You Maxx Life_Run of Network_Retarget_F25-54_320 x 50_Click and View_NV_NA,204484011,9/10/2017,35123,567,34556,4352,30204,15680,14524,11281,3243,20032,15467,26748
TJN_TJX_TJMaxx 2H DIG_FY18,xAd Inc.,PJMTN3_TJN_TJX_028_Mobile_GROUND TRUTH FKA XAD_DST_SV1_MAP_DIR_DSP_TRG_RON_RTG_RTG_DVY_PHASE 1_LOCATION AUDIENCE COMPETITIVE CONQUESTING PLACEMENT - STANDARD BANNER - Maxx You Maxx Life_Run of Network_Retarget_F25-54_320 x 50_Click and View_NV_NA,204442933,10/3/2017,1,0,1,1,0,0,0,0,0,1,1,1
TJN_TJX_TJMaxx 2H DIG_FY18,Viant,PJPXKV_TJN_TJX_028_Data_VIANT INC_DSI_SV1_DSK_DIR_DSP_TRG_RON_BTG_CTG_DVY_PHASE 1_DESKTOP DISPLAY VIANT IMP TARGETING - STRATEGIC SAVERS AV_Fixed Placement_Demo_F25-54_728 x 90_Standard_NV_NA,204526986,9/14/2017,79,9,70,0,70,69,1,1,0,69,69,70
TJN_TJX_TJMaxx 2H DIG_FY18,Viant,"PJSPBZ_TJN_TJC_031_Data_VIANT INC_PUR_ROI_TWB_DIR_DSP_TRG_RON_BTG_MKT_DVY_DETERMINSTIC LAL OF ECOM CONVERTERS, CROSS DEVICE DISPLAY_Fixed Placement_Behavioral_F25-54_160 x 600_Click_NV_NA",204716194,10/5/2017,157,4,153,0,153,45,108,14,94,45,6,20
TJN_TJX_TJMaxx 2H DIG_FY18,Foursquare,"PJPRVH_TJN_TJX_028_Audience_FOURSQUARE LABS, INC_DST_SV1_MAP_PRO_DSP_TRG_RON_PXT_BTG_DVY_PHASE 1_PINPOINT COMPETITIVE CONQUESTING AV_Run of Network_Geo_F25-54_320 x 50_Standard_NV_NA",204478088,10/6/2017,3803,85,3718,1948,1770,60,1710,1414,296,2008,1660,3074
TJN_TJX_TJMaxx 2H DIG_FY18,Viant,PJPXKV_TJN_TJX_028_Data_VIANT INC_DSI_SV1_DSK_DIR_DSP_TRG_RON_BTG_CTG_DVY_PHASE 1_DESKTOP DISPLAY VIANT IMP TARGETING - STRATEGIC SAVERS AV_Fixed Placement_Demo_F25-54_728 x 90_Standard_NV_NA,204526986,10/14/2017,5068,605,4463,0,4463,250,4213,2900,1313,250,172,3072
TJN_TJX_TJMaxx 2H DIG_FY18,Viant,"PJNSH8_TJN_TJX_028_Data_VIANT INC_DSI_SV1_TWB_DIR_DSP_TRG_RON_BTG_CTG_DVY_PHASE 1_VIANT DIRECT MATCH RETAIL, COMPETITIVE CONQUESTING, DISPLAY_Fixed Placement_Behavioral_F25-54_728 x 90_Standard_NV_NA",204483019,9/10/2017,764,70,694,0,694,354,340,269,71,354,280,549
TJN_TJX_TJMaxx 2H DIG_FY18,Viant,"PJNSGW_TJN_TJX_028_Data_VIANT INC_DSI_SV1_DSK_DIR_DSP_TRG_RON_BTG_CTG_DVY_PHASE 1_VIANT DIRECT MATCH RETAIL, TJX PORFOLIO LOYALISTS, DISPLAY_Fixed Placement_Behavioral_F25-54_300 x 250_Standard_NV_NA",204478514,10/9/2017,5014,261,4753,0,4753,279,4474,2701,1773,279,168,2869
TJN_TJX_TJMaxx 2H DIG_FY18,Foursquare,"PK0H81_TJN_TJX_028_Audience_FOURSQUARE LABS, INC_DST_SV1_MAP_PRO_RCH_TRG_RON_PXT_BTG_DVY_PHASE 1_MOBILE RICH MEDIA TRENDSETTERS - Fall Honeycomb_Run of Network_Geo_F25-54_300 x 250_Standard_NV_NA",205337093,10/8/2017,662,31,631,185,446,27,419,110,309,212,56,166
TJN_TJX_TJMaxx 2H DIG_FY18,xAd Inc.,PJMTN0_TJN_TJX_028_Mobile_GROUND TRUTH FKA XAD_DST_SV1_MAP_DIR_DSP_TRG_RON_RTG_RTG_DVY_PHASE 1_LOCATION AUDIENCE TJX SHOPPERS PLACEMENT - STANDARD BANNER - Fall Handbag_Run of Network_Retarget_F25-54_300 x 250_Click and View_NV_NA,204447842,9/10/2017,12012,748,11264,11163,101,3,98,89,9,11166,10141,10230
TJN_TJX_TJMaxx 2H DIG_FY18,Foursquare,"PJPQL0_TJN_TJX_028_Audience_FOURSQUARE LABS, INC_DST_SV1_MAP_PRO_DSP_TRG_RON_PXT_BTG_DVY_PHASE 1_PINPOINT TRENDSETTERS_Run of Network_Geo_F25-54_320 x 50_Standard_NV_NA",204478094,9/15/2017,113289,5099,108190,70109,38081,2592,35489,26782,8707,72701,54864,81646
TJN_TJX_TJMaxx 2H DIG_FY18,Viant,"PJNSHD_TJN_TJX_028_Data_VIANT INC_DSI_SV1_DSK_DIR_DSP_TRG_RON_BTG_CTG_DVY_PHASE 1_VIANT DIRECT MATCH RETAIL, COMPETITIVE CONQUESTING, DISPLAY_Fixed Placement_Behavioral_F25-54_160 x 600_Standard_NV_NA",204477281,9/26/2017,2381,224,2157,0,2157,120,2037,1123,914,120,66,1189
TJN_TJX_TJMaxx 2H DIG_FY18,Viant,"PJNSH9_TJN_TJX_028_Data_VIANT INC_DSI_SV1_TWB_DIR_DSP_TRG_RON_BTG_CTG_DVY_PHASE 1_VIANT DIRECT MATCH RETAIL, COMPETITIVE CONQUESTING, DISPLAY_Fixed Placement_Behavioral_F25-54_300 x 250_Standard_NV_NA",204526701,9/9/2017,791,67,724,0,724,52,672,429,243,52,33,462
TJN_TJX_TJMaxx 2H DIG_FY18,Conversant Inc.,PJPWPD_TJN_TJX_028_Audience_CONVERSANT_DST_SV1_MAP_NET_DSP_TRG_RON_BTG_BTG_DVY_PHASE 1_ SMARTPHONE SMALL BANNER  - CONVERSANT SHOPPERS AV_Run of Site_Behavioral_P18+_320 x 50_Standard_NV_NA,204447251,9/20/2017,1538,19,1519,0,1519,285,1234,1037,197,285,240,1277
TJN_TJX_TJMaxx 2H DIG_FY18,Conversant Inc.,PJPWPF_TJN_TJX_028_Audience_CONVERSANT_DST_SV1_TAP_NET_DSP_TRG_RON_BTG_BTG_DVY_PHASE 1_ TABLET LEADERBOARD - CONVERSANT SHOPPERS AV_Run of Site_Behavioral_P18+_728 x 90_Standard_NV_NA,204442915,10/18/2017,131,3,128,0,128,23,105,87,18,23,19,106
TJN_TJX_TJMaxx 2H DIG_FY18,Foursquare,"PK0H7Z_TJN_TJX_028_Audience_FOURSQUARE LABS, INC_DST_SV1_MAP_PRO_RCH_TRG_RON_PXT_BTG_DVY_PHASE 1_MOBILE RICH MEDIA STRATEGIC SAVERS - Fall Honeycomb_Run of Network_Geo_F25-54_300 x 250_Standard_NV_NA",205341980,10/19/2017,1,1,0,0,0,0,0,0,0,0,0,0
TJN_TJX_TJMaxx 2H DIG_FY18,xAd Inc.,PJPXJS_TJN_TJX_028_Mobile_GROUND TRUTH FKA XAD_DST_SV1_MAP_DIR_DSP_TRG_RON_RTG_RTG_DVY_PHASE 1_LOCATION AUDIENCE COMPETITIVE CONQUESTING PLACEMENT - STANDARD BANNER - Fall Hero_Run of Network_Retarget_F25-54_300 x 250_Click and View_NV_NA,204446153,9/17/2017,13215,281,12934,12918,16,4,12,2,10,12922,2154,2156
TJN_TJX_TJMaxx 2H DIG_FY18,Viant,"PKGJ50_TJN_TJC_031_Data_VIANT INC_PUR_ROI_DSK_DIR_CUS_TRG_NAT_BTG_MKT_DVY_W25-54 + KEYWORD TARGETING, CROSS DEVICE NATIVE - Dresses_Fixed Placement_Contextual_F25-54_1 x 1_Click_NV_NA",206833302,10/19/2017,18555,1362,17193,17193,0,0,0,0,0,17193,13487,13487
TJN_TJX_TJMaxx 2H DIG_FY18,xAd Inc.,PJPXK1_TJN_TJX_028_Mobile_GROUND TRUTH FKA XAD_DST_SV1_MAP_DIR_DSP_TRG_RON_PXT_PXT_DVY_PHASE 1_PROXIMITY LOYALTY PLACEMENT - STANDARD BANNER - TJMaxx_Run of Network_Geo_F25-54_320 x 50_Click and View_NV_NA,204483996,10/15/2017,9575,219,9356,2969,6387,463,5924,4153,1771,3432,2394,6547
TJN_MAR_023_Marshalls 2H Digital_F18,xAd Inc.,PJQ0Y6_TJN_MAR_023_Mobile_GROUND TRUTH FKA XAD_DST_SV1_MAP_DIR_DSP_TRG_RON_PXT_BTG_DVY_PROXIMITY LOYALTY - DYNAMIC DISTANCE_Run of Network_Geo_F25-54_320 x 50_Click and View_NV_NA,204556888,9/28/2017,68829,1883,66946,55740,11206,1816,9390,7925,1465,57556,42763,50688
TJN_MAR_023_Marshalls 2H Digital_F18,Bustle,"PK5G3X_TJN_MAR_023_Content_BUSTLE_ROC Fashion, Lifestyle Channel - Panoramic Unit_Run of Site_Contextual_F25-54_1 x 1_Click and View_NV_NA",206333601,10/16/2017,231768,5220,226548,99,226449,207700,18749,10784,7965,207799,119521,130305
TJN_TJX_TJMaxx 2H DIG_FY18,Foursquare,"PJPRVH_TJN_TJX_028_Audience_FOURSQUARE LABS, INC_DST_SV1_MAP_PRO_DSP_TRG_RON_PXT_BTG_DVY_PHASE 1_PINPOINT COMPETITIVE CONQUESTING AV_Run of Network_Geo_F25-54_320 x 50_Standard_NV_NA",204478088,10/11/2017,2884,53,2831,1324,1507,74,1433,1202,231,1398,1173,2375
TJN_TJX_TJMaxx 2H DIG_FY18,Viant,"PJNSH9_TJN_TJX_028_Data_VIANT INC_DSI_SV1_TWB_DIR_DSP_TRG_RON_BTG_CTG_DVY_PHASE 1_VIANT DIRECT MATCH RETAIL, COMPETITIVE CONQUESTING, DISPLAY_Fixed Placement_Behavioral_F25-54_300 x 250_Standard_NV_NA",204526701,10/21/2017,12995,72,12923,0,12923,1934,10989,8907,2082,1934,1568,10475
TJN_TJX_TJMaxx 2H DIG_FY18,Conversant Inc.,PJPTMP_TJN_TJC_031_Audience_CONVERSANT_PUR_ROI_DSK_NET_DSP_TRG_RON_BTG_BTG_DVY_DESKTOP LEADERBOARD- COMPETITIVE CONQUESTING_Run of Site_Other_P18+_728 x 90_Standard_NV_NA,204443389,10/15/2017,13881,1560,12321,0,12321,1337,10984,8504,2480,1337,1035,9539
TJN_TJX_TJMaxx 2H DIG_FY18,Viant,"PJNSGV_TJN_TJX_028_Data_VIANT INC_DSI_SV1_DSK_DIR_DSP_TRG_RON_BTG_CTG_DVY_PHASE 1_VIANT DIRECT MATCH RETAIL, TJX PORFOLIO LOYALISTS, DISPLAY_Fixed Placement_Behavioral_F25-54_728 x 90_Standard_NV_NA",204478511,9/17/2017,45988,2591,43397,0,43397,2282,41115,31638,9477,2282,1756,33394
TJN_TJX_TJMaxx 2H DIG_FY18,NBC Universal Media,PK3H7F_TJN_TJX_028_Content_NBCUNI.COM_BAF_BS2_DSK_DIR_DSP_SPN_HPT_CTG_CTG_DCM_100% SOV NBC HOMEPAGE ROADBLOCK 10/10 - 300X50 MOBILE_HP Takeover_Contextual_F25-54_300 x 50_Standard_NV_NA,205634588,10/10/2017,41810,355,41455,7,41448,2351,39097,30494,8603,2358,1839,32333
TJN_TJX_TJMaxx 2H DIG_FY18,Foursquare,"PJPRVG_TJN_TJX_028_Audience_FOURSQUARE LABS, INC_DST_SV1_MAP_PRO_DSP_TRG_RON_PXT_BTG_DVY_PHASE 1_PINPOINT COMPETITIVE CONQUESTING AV_Run of Network_Geo_F25-54_300 x 250_Standard_NV_NA",204527412,9/23/2017,194,17,177,68,109,7,102,54,48,75,40,94
TJN_TJX_TJMaxx 2H DIG_FY18,Hulu,PK3F7L_TJN_TJX_027_Content_HULU_BAF_BS2_CTV_DIR_CUS_SPN_CHS_CTG_CTG_DVY_HULU ROS: PREMIUM SLATE - CONNECTED TV_FEP_Contextual_F25-54_1920 x 1080_Standard_NV_NA,205685923,9/29/2017,8978,28,8950,8950,0,0,0,0,0,8950,6633,6633
TJN_MAR_023_Marshalls 2H Digital_F18,xAd Inc.,PJQ0YN_TJN_MAR_023_Mobile_GROUND TRUTH FKA XAD_DST_SV1_MAP_DIR_DSP_TRG_RON_PXT_BTG_DVY_GEOBLOCKS LOYALTY - DYNAMIC DISTANCE_Run of Network_Geo_F25-54_320 x 50_Click and View_NV_NA,204558328,10/18/2017,12684,172,12512,11572,940,91,849,651,198,11663,8506,9157
TJN_MAR_023_Marshalls 2H Digital_F18,NinthDecimal,PJPSRV_TJN_MAR_023_Mobile_NINTHDECIMAL_DST_SV1_MAP_DIR_RCH_TRG_RON_BTG_PXT_DVY_LOCATION GRAPH: MARSHALLS LOYALISTS_Run of Network_Behavioral_F25-54_320 x 50_Click and View_NV_NA,204555232,9/18/2017,18587,190,18397,5750,12647,65,12582,12107,475,5815,5595,17702
TJN_TJX_TJMaxx 2H DIG_FY18,xAd Inc.,PJMTN8_TJN_TJX_028_Mobile_GROUND TRUTH FKA XAD_DST_SV1_MAP_DIR_DSP_TRG_RON_BTG_BTG_DVY_PHASE 1_BEHAVIORAL AUDIENCE STRATEGIC SAVERS PLACEMENT - STANDARD BANNER - Maxx You Maxx Life_Run of Network_Behavioral_F25-54_320 x 50_Click and View_NV_NA,204447851,10/21/2017,10552,112,10440,2841,7599,98,7501,5491,2010,2939,2151,7642
TJN_TJX_TJMaxx 2H DIG_FY18,Viant,"PJNSGN_TJN_TJX_028_Data_VIANT INC_DSI_SV1_TWB_DIR_DSP_TRG_RON_BTG_CTG_DVY_PHASE 1_VIANT DIRECT MATCH RETAIL, TJX PORFOLIO LOYALISTS, DISPLAY_Fixed Placement_Behavioral_F25-54_300 x 250_Standard_NV_NA",204526347,9/15/2017,221,73,148,0,148,15,133,55,78,15,6,61
TJN_MAR_023_Marshalls 2H Digital_F18,xAd Inc.,PJQ0YQ_TJN_MAR_023_Mobile_GROUND TRUTH FKA XAD_DST_SV1_MAP_DIR_DSP_TRG_RON_PXT_BTG_DVY_GEOBLOCKS CONQUESTING - DYNAMIC DISTANCE_Run of Network_Geo_F25-54_320 x 50_Click and View_NV_NA,204595632,9/10/2017,18235,297,17938,9801,8137,3588,4549,3289,1260,13389,9313,12602
TJN_TJX_TJMaxx 2H DIG_FY18,xAd Inc.,PJMTN8_TJN_TJX_028_Mobile_GROUND TRUTH FKA XAD_DST_SV1_MAP_DIR_DSP_TRG_RON_BTG_BTG_DVY_PHASE 1_BEHAVIORAL AUDIENCE STRATEGIC SAVERS PLACEMENT - STANDARD BANNER - Maxx You Maxx Life_Run of Network_Behavioral_F25-54_320 x 50_Click and View_NV_NA,204447851,9/9/2017,20977,159,20818,3406,17412,233,17179,14296,2883,3639,3028,17324
TJN_MAR_023_Marshalls 2H Digital_F18,NinthDecimal,PJPSRZ_TJN_MAR_023_Mobile_NINTHDECIMAL_DST_SV1_MAP_DIR_RCH_TRG_RON_BTG_DMA_DVY_CONSUMER JOURNEY: BARGAIN HUNTERS_Run of Network_Behavioral_F25-54_320 x 50_Click and View_NV_NA,204542873,9/18/2017,19500,505,18995,6770,12225,84,12141,11701,440,6854,6606,18307
TJN_TJX_TJMaxx 2H DIG_FY18,Foursquare,"PJPRVG_TJN_TJX_028_Audience_FOURSQUARE LABS, INC_DST_SV1_MAP_PRO_DSP_TRG_RON_PXT_BTG_DVY_PHASE 1_PINPOINT COMPETITIVE CONQUESTING AV_Run of Network_Geo_F25-54_300 x 250_Standard_NV_NA",204527412,10/2/2017,26,2,24,9,15,0,15,12,3,9,7,19
TJN_TJX_TJMaxx 2H DIG_FY18,Conversant Inc.,PJPTLQ_TJN_TJC_031_Audience_CONVERSANT_PUR_ROI_DSK_NET_DSP_TRG_RON_BTG_BTG_DVY_DESKTOP MEDIUM RECTANGLE- TRENDSETTERS_Run of Site_Other_P18+_300 x 250_Standard_NV_NA,204446138,10/15/2017,10989,2361,8628,0,8628,1052,7576,4758,2818,1052,661,5419
TJN_TJX_TJMaxx 2H DIG_FY18,Foursquare,"PJMQ2D_TJN_TJX_028_Audience_FOURSQUARE LABS, INC_DST_SV1_MAP_PRO_DSP_TRG_RON_PXT_BTG_DVY_PHASE 1_PINPOINT STRATEGIC SAVERS_Run of Network_Geo_F25-54_300 x 250_Standard_NV_NA",204483457,10/10/2017,9051,864,8187,3378,4809,284,4525,2360,2165,3662,1910,4270
TJN_TJX_TJMaxx 2H DIG_FY18,Foursquare,"PJPRV8_TJN_TJX_028_Audience_FOURSQUARE LABS, INC_DST_SV1_MAP_PRO_DSP_TRG_RON_PXT_BTG_DVY_PHASE 1_PINPOINT TRENDSETTERS AV_Run of Network_Geo_F25-54_300 x 250_Standard_NV_NA",204527100,9/29/2017,153,2,151,37,114,7,107,66,41,44,27,93
TJN_TJX_TJMaxx 2H DIG_FY18,xAd Inc.,PJMTN5_TJN_TJX_028_Mobile_GROUND TRUTH FKA XAD_DST_SV1_MAP_DIR_RCH_TRG_RON_BTG_BTG_DVY_PHASE 1_BEHAVIORAL AUDIENCE TRENDSETTERS PLACEMENT - RICH MEDIA STORE LOCATOR - TJ Maxx_Run of Network_Behavioral_F25-54_320 x 50_Click and View_NV_NA,204442936,10/18/2017,8,3,5,4,1,0,1,1,0,4,4,5
TJN_TJX_TJMaxx 2H DIG_FY18,Viant,"PJSPCJ_TJN_TJC_031_Data_VIANT INC_PUR_ROI_MWB_DIR_DSP_TRG_RON_BTG_MKT_DVY_W25-54 + ONLINE SHOPPERS, CROSS DEVICE DISPLAY_Fixed Placement_Behavioral_F25-54_300 x 250_Click_NV_NA",204733038,10/19/2017,137,2,135,0,135,9,126,92,34,9,7,99
TJN_TJX_TJMaxx 2H DIG_FY18,xAd Inc.,PJMTMZ_TJN_TJX_028_Mobile_GROUND TRUTH FKA XAD_DST_SV1_MAP_DIR_DSP_TRG_RON_RTG_RTG_DVY_PHASE 1_LOCATION AUDIENCE TJX SHOPPERS PLACEMENT - STANDARD BANNER - Maxx You Maxx Life_Run of Network_Retarget_F25-54_320 x 50_Click and View_NV_NA,204484011,9/29/2017,38712,764,37948,27923,10025,4299,5726,4765,961,32222,23278,28043
TJN_TJX_TJMaxx 2H DIG_FY18,Foursquare,"PJPSSX_TJN_TJX_028_Audience_FOURSQUARE LABS, INC_DST_SV1_MAP_PRO_RCH_TRG_RON_PXT_BTG_DVY_PHASE 1_MOBILE RICH MEDIA TRENDSETTERS - Fall Handbag_Run of Network_Geo_F25-54_300 x 250_Standard_NV_NA",204525354,9/20/2017,4820,277,4543,1064,3479,285,3194,792,2402,1349,335,1127
TJN_TJX_TJMaxx 2H DIG_FY18,Conversant Inc.,PJPWBT_TJN_TJX_028_Audience_CONVERSANT_DST_SV1_DSK_NET_DSP_TRG_RON_BTG_BTG_DVY_PHASE 1_ DESKTOP LEADERBOARD - CJ INTERACTORS LAL MODELING_Run of Site_Behavioral_P18+_728 x 90_Standard_NV_NA,204446096,10/16/2017,101705,6386,95319,19,95300,9884,85416,41532,43884,9903,4815,46347
TJN_TJX_TJMaxx 2H DIG_FY18,Conversant Inc.,PJNPMF_TJN_TJC_031_Audience_CONVERSANT_PUR_ROI_DSK_NET_DSP_TRG_RON_BTG_BTG_DVY_DESKTOP RECTANGLE- STRATEGIC SAVERS_Run of Site_Other_P18+_300 x 600_Standard_NV_NA,204442069,10/11/2017,6751,359,6392,0,6392,1413,4979,953,4026,1413,270,1223
TJN_TJX_TJMaxx 2H DIG_FY18,xAd Inc.,PKF5KT_TJN_TJX_028_Mobile_GROUND TRUTH FKA XAD_DST_SV1_MAP_DIR_DSP_TRG_RON_RTG_RTG_DVY_PHASE 1_LOCATION AUDIENCE TJX SHOPPERS PLACEMENT - STANDARD BANNER - Dresses_Run of Network_Retarget_F25-54_300 x 250_Click and View_NV_NA,206832789,10/20/2017,2213,55,2158,2157,1,0,1,1,0,2157,2157,2158
TJN_TJX_TJMaxx 2H DIG_FY18,Viant,"PJSPCF_TJN_TJC_031_Data_VIANT INC_PUR_ROI_DSK_DIR_DSP_TRG_RON_BTG_MKT_DVY_W25-54 + ONLINE SHOPPERS, CROSS DEVICE DISPLAY_Fixed Placement_Behavioral_F25-54_320 x 50_Click_NV_NA",204715639,10/20/2017,4874,77,4797,0,4797,566,4231,3229,1002,566,432,3661
TJN_TJX_TJMaxx 2H DIG_FY18,xAd Inc.,PJMTN0_TJN_TJX_028_Mobile_GROUND TRUTH FKA XAD_DST_SV1_MAP_DIR_DSP_TRG_RON_RTG_RTG_DVY_PHASE 1_LOCATION AUDIENCE TJX SHOPPERS PLACEMENT - STANDARD BANNER - Fall Handbag_Run of Network_Retarget_F25-54_300 x 250_Click and View_NV_NA,204447842,9/29/2017,23733,607,23126,22694,432,11,421,404,17,22705,21788,22192
TJN_TJX_TJMaxx 2H DIG_FY18,Foursquare,"PKFMM0_TJN_TJX_028_Audience_FOURSQUARE LABS, INC_DST_SV1_MAP_PRO_RCH_TRG_RON_PXT_BTG_DVY_PHASE 1_MOBILE RICH MEDIA STRATEGIC SAVERS - Booties_Run of Network_Geo_F25-54_300 x 250_Standard_NV_NA",206813029,10/17/2017,4212,34,4178,557,3621,230,3391,807,2584,787,187,994
TJN_TJX_TJMaxx 2H DIG_FY18,Conversant Inc.,PJPTLM_TJN_TJC_031_Audience_CONVERSANT_PUR_ROI_MAP_NET_DSP_TRG_RON_BTG_BTG_DVY_SMARTPHONE SMALL BANNER - TRENDSETTERS_Run of Site_Other_P18+_320 x 50_Standard_NV_NA,204447785,10/5/2017,14925,256,14669,0,14669,2896,11773,6649,5124,2896,1636,8285
TJN_TJX_TJMaxx 2H DIG_FY18,PlaceIQ,PKFS8P_TJN_TJX_028_Mobile_PLACEIQ INC_DST_SV1_MAP_DIR_DSP_TRG_RON_BTG_PTG_DVY_PHASE 1_STANDARD BANNER_TRENDSETTERS_ONLINE SHOPPER+TJMAXX SHOPPERS - Dresses_Run of Network_Behavioral_F25-54_300 x 250_Click and View_NV_NA,206812534,10/20/2017,243,48,195,127,68,1,67,67,0,128,128,195
TJN_TJX_TJMaxx 2H DIG_FY18,Viant,"PKGKB1_TJN_TJX_028_Data_VIANT INC_DSI_SV1_TWB_DIR_CUS_TRG_NAT_BTG_CTG_DVY_PHASE 1_VIANT LIFESTYLE, TRENDSETTERS NATIVE- Dresses_Fixed Placement_Contextual_F25-54_0 x 0_Click and View_NV_NA",206772458,10/18/2017,11226,165,11061,11061,0,0,0,0,0,11061,8525,8525
TJN_TJX_TJMaxx 2H DIG_FY18,Viant,PJPXKV_TJN_TJX_028_Data_VIANT INC_DSI_SV1_DSK_DIR_DSP_TRG_RON_BTG_CTG_DVY_PHASE 1_DESKTOP DISPLAY VIANT IMP TARGETING - STRATEGIC SAVERS AV_Fixed Placement_Demo_F25-54_728 x 90_Standard_NV_NA,204526986,9/28/2017,152,97,55,0,55,11,44,14,30,11,4,18
TJN_TJX_TJMaxx 2H DIG_FY18,Conversant Inc.,PJNPMC_TJN_TJC_031_Audience_CONVERSANT_PUR_ROI_TAP_NET_DSP_TRG_RON_BTG_BTG_DVY_TABLET LEADERBOARD- STRATEGIC SAVERS_Run of Site_Other_P18+_728 x 90_Standard_NV_NA,204442918,10/8/2017,877,4,873,0,873,142,731,422,309,142,82,504
TJN_TJX_TJMaxx 2H DIG_FY18,Hulu,PK3CXH_TJN_TJX_027_Content_HULU_BAF_BS2_DSK_DIR_CUS_SPN_CHS_CTG_CTG_DVY_FALL TV SPONSORSHIP: PREMIUM SLATE - DESKTOP_FEP_Contextual_F25-54_1920 x 1080_Standard_NV_NA,205683922,10/19/2017,127,1,126,126,0,0,0,0,0,126,99,99
TJN_TJX_TJMaxx 2H DIG_FY18,Foursquare,"PJPRQH_TJN_TJX_028_Audience_FOURSQUARE LABS, INC_DST_SV1_MAP_PRO_DSP_TRG_RON_PXT_BTG_DVY_PHASE 1_PINPOINT STRATEGIC SAVERS AV_Run of Network_Geo_F25-54_300 x 250_Standard_NV_NA",204481807,9/24/2017,227,13,214,53,161,10,151,60,91,63,25,85
TJN_TJX_TJMaxx 2H DIG_FY18,Hulu,PK3CXN_TJN_TJX_027_Content_HULU_BAF_BS2_CTV_DIR_CUS_SPN_CHS_CTG_CTG_DVY_FALL TV SPONSORSHIP: PREMIUM SLATE - CONNECTED TV_FEP_Contextual_F25-54_1920 x 1080_Standard_NV_NA,205725861,10/10/2017,11,0,11,11,0,0,0,0,0,11,7,7
TJN_TJX_TJMaxx 2H DIG_FY18,Viant,"PJSPBZ_TJN_TJC_031_Data_VIANT INC_PUR_ROI_TWB_DIR_DSP_TRG_RON_BTG_MKT_DVY_DETERMINSTIC LAL OF ECOM CONVERTERS, CROSS DEVICE DISPLAY_Fixed Placement_Behavioral_F25-54_160 x 600_Click_NV_NA",204716194,10/17/2017,224,5,219,0,219,55,164,30,134,55,10,40
TJN_TJX_TJMaxx 2H DIG_FY18,Viant,"PJSPBX_TJN_TJC_031_Data_VIANT INC_PUR_ROI_TWB_DIR_DSP_TRG_RON_BTG_MKT_DVY_DETERMINSTIC LAL OF ECOM CONVERTERS, CROSS DEVICE DISPLAY_Fixed Placement_Behavioral_F25-54_728 x 90_Click_NV_NA",204716188,10/10/2017,1253,5,1248,0,1248,215,1033,535,498,215,111,646
TJN_MAR_023_Marshalls 2H Digital_F18,xAd Inc.,PJQ0YM_TJN_MAR_023_Mobile_GROUND TRUTH FKA XAD_DST_SV1_MAP_DIR_DSP_TRG_RON_BTG_PXT_DVY_COMPETITOR SHOPPERS - DYNAMIC DISTANCE_Run of Network_Geo_F25-54_300 x 250_Click and View_NV_NA,204555259,9/22/2017,3043,56,2987,2987,0,0,0,0,0,2987,2806,2806
TJN_TJX_TJMaxx 2H DIG_FY18,Conversant Inc.,PJPWP8_TJN_TJX_028_Audience_CONVERSANT_DST_SV1_DSK_NET_DSP_TRG_RON_BTG_BTG_DVY_PHASE 1_ DESKTOP LEADERBOARD - CONVERSANT SHOPPERS AV_Run of Site_Behavioral_P18+_728 x 90_Standard_NV_NA,204446132,10/18/2017,1823,236,1587,0,1587,147,1440,1096,344,147,112,1208
TJN_TJX_TJMaxx 2H DIG_FY18,Viant,"PJNSGW_TJN_TJX_028_Data_VIANT INC_DSI_SV1_DSK_DIR_DSP_TRG_RON_BTG_CTG_DVY_PHASE 1_VIANT DIRECT MATCH RETAIL, TJX PORFOLIO LOYALISTS, DISPLAY_Fixed Placement_Behavioral_F25-54_300 x 250_Standard_NV_NA",204478514,9/26/2017,186220,21806,164414,0,164414,2923,161491,104475,57016,2923,1891,106366
TJN_TJX_TJMaxx 2H DIG_FY18,PlaceIQ,PK1YGY_TJN_TJX_028_Mobile_PLACEIQ INC_DST_SV1_MAP_DIR_DSP_TRG_RON_BTG_PTG_DVY_PHASE 1_STANDARD BANNER_TRENDSETTERS_ONLINE SHOPPER+TJMAXX SHOPPERS - TJ Maxx_Run of Network_Behavioral_F25-54_320 x 50_Click and View_NV_NA,205661871,10/14/2017,30741,836,29905,15409,14496,182,14314,13723,591,15591,14947,28670
TJN_TJX_TJMaxx 2H DIG_FY18,xAd Inc.,PKF4NT_TJN_TJX_028_Mobile_GROUND TRUTH FKA XAD_DST_SV1_MAP_DIR_RCH_TRG_RON_BTG_BTG_DVY_PHASE 1_BEHAVIORAL AUDIENCE TRENDSETTERS PLACEMENT - RICH MEDIA STORE LOCATOR - Sweaters_Run of Network_Behavioral_F25-54_300 x 250_Click and View_NV_NA,206813092,10/18/2017,1276,15,1261,4,1257,3,1254,1200,54,7,7,1207
TJN_TJX_TJMaxx 2H DIG_FY18,xAd Inc.,PJPXJR_TJN_TJX_028_Mobile_GROUND TRUTH FKA XAD_DST_SV1_MAP_DIR_DSP_TRG_RON_RTG_RTG_DVY_PHASE 1_LOCATION AUDIENCE TJX SHOPPERS PLACEMENT - STANDARD BANNER - Fall Hero_Run of Network_Retarget_F25-54_300 x 250_Click and View_NV_NA,204442105,9/9/2017,12059,798,11261,11211,50,0,50,45,5,11211,10090,10135
TJN_TJX_TJMaxx 2H DIG_FY18,xAd Inc.,PJMTNF_TJN_TJX_028_Mobile_GROUND TRUTH FKA XAD_DST_SV1_MAP_DIR_DSP_TRG_RON_PXT_PXT_DVY_PHASE 1_PROXIMITY LOYALTY PLACEMENT - STANDARD BANNER - Fall Handbag_Run of Network_Geo_F25-54_300 x 250_Click and View_NV_NA,204446159,9/23/2017,11270,206,11064,10997,67,20,47,2,45,11017,469,471
TJN_TJX_TJMaxx 2H DIG_FY18,Viant,"PJNSHD_TJN_TJX_028_Data_VIANT INC_DSI_SV1_DSK_DIR_DSP_TRG_RON_BTG_CTG_DVY_PHASE 1_VIANT DIRECT MATCH RETAIL, COMPETITIVE CONQUESTING, DISPLAY_Fixed Placement_Behavioral_F25-54_160 x 600_Standard_NV_NA",204477281,10/9/2017,7567,499,7068,0,7068,495,6573,4258,2315,495,321,4579
TJN_TJX_TJMaxx 2H DIG_FY18,Conversant Inc.,PJPWP9_TJN_TJX_028_Audience_CONVERSANT_DST_SV1_DSK_NET_DSP_TRG_RON_BTG_BTG_DVY_PHASE 1_ DESKTOP MEDIUM RECTANGLE - CONVERSANT SHOPPERS AV_Run of Site_Behavioral_P18+_300 x 250_Standard_NV_NA,204483957,10/16/2017,1490,125,1365,0,1365,173,1192,867,325,173,126,993
TJN_MAR_023_Marshalls 2H Digital_F18,xAd Inc.,PJQ0Y6_TJN_MAR_023_Mobile_GROUND TRUTH FKA XAD_DST_SV1_MAP_DIR_DSP_TRG_RON_PXT_BTG_DVY_PROXIMITY LOYALTY - DYNAMIC DISTANCE_Run of Network_Geo_F25-54_320 x 50_Click and View_NV_NA,204556888,10/14/2017,44516,1207,43309,34487,8822,3930,4892,4411,481,38417,32787,37198
TJN_TJX_TJMaxx 2H DIG_FY18,Conversant Inc.,PJPWBX_TJN_TJX_028_Audience_CONVERSANT_DST_SV1_DSK_NET_DSP_TRG_RON_BTG_BTG_DVY_PHASE 1_ DESKTOP WIDE SKYSCRAPER - CJ INTERACTORS LAL MODELING_Run of Site_Behavioral_P18+_160 x 600_Standard_NV_NA,204442033,10/19/2017,2130,174,1956,0,1956,308,1648,487,1161,308,91,578
TJN_MAR_023_Marshalls 2H Digital_F18,xAd Inc.,PJQ0YQ_TJN_MAR_023_Mobile_GROUND TRUTH FKA XAD_DST_SV1_MAP_DIR_DSP_TRG_RON_PXT_BTG_DVY_GEOBLOCKS CONQUESTING - DYNAMIC DISTANCE_Run of Network_Geo_F25-54_320 x 50_Click and View_NV_NA,204595632,9/29/2017,13086,321,12765,11680,1085,315,770,552,218,11995,8446,8998
TJN_MAR_023_Marshalls 2H Digital_F18,xAd Inc.,PJQ0YS_TJN_MAR_023_Mobile_GROUND TRUTH FKA XAD_DST_SV1_MAP_DIR_DSP_TRG_RON_DMA_BTG_DVY_AV DMA TARGETING_Run of Network_Geo_F25-54_300 x 250_Click and View_NV_NA,204558337,9/27/2017,49636,1311,48325,21439,26886,1381,25505,20425,5080,22820,17555,37980
TJN_TJX_TJMaxx 2H DIG_FY18,Foursquare,"PJPRV8_TJN_TJX_028_Audience_FOURSQUARE LABS, INC_DST_SV1_MAP_PRO_DSP_TRG_RON_PXT_BTG_DVY_PHASE 1_PINPOINT TRENDSETTERS AV_Run of Network_Geo_F25-54_300 x 250_Standard_NV_NA",204527100,9/10/2017,130,16,114,62,52,7,45,12,33,69,18,30
TJN_TJX_TJMaxx 2H DIG_FY18,Viant,"PK2V4Y_TJN_TJX_028_Data_VIANT INC_DSI_SV1_MWB_DIR_RCH_TRG_INT_BTG_CTG_DVY_PHASE 1_VIANT IMP, W25-54 STRATEGIC SAVERS, CONTOBOX - Fall Homes_Fixed Placement_Behavioral_F25-54_320 x 50_Click and View_NV_NA",205685980,10/21/2017,13,5,8,2,6,1,5,5,0,3,3,8
TJN_MAR_023_Marshalls 2H Digital_F18,xAd Inc.,PJQ0Y6_TJN_MAR_023_Mobile_GROUND TRUTH FKA XAD_DST_SV1_MAP_DIR_DSP_TRG_RON_PXT_BTG_DVY_PROXIMITY LOYALTY - DYNAMIC DISTANCE_Run of Network_Geo_F25-54_320 x 50_Click and View_NV_NA,204556888,9/14/2017,98364,2253,96111,70478,25633,5242,20391,16991,3400,75720,47326,64317
TJN_TJX_TJMaxx 2H DIG_FY18,Conversant Inc.,PJPTMN_TJN_TJC_031_Audience_CONVERSANT_PUR_ROI_MAP_NET_DSP_TRG_RON_BTG_BTG_DVY_SMARTPHONE MEDIUM RECTANGLE - COMPETITIVE CONQUESTING_Run of Site_Other_P18+_300 x 250_Standard_NV_NA,204447221,10/13/2017,611,5,606,0,606,78,528,407,121,78,60,467
TJN_MAR_023_Marshalls 2H Digital_F18,xAd Inc.,PJQ0YK_TJN_MAR_023_Mobile_GROUND TRUTH FKA XAD_DST_SV1_MAP_DIR_DSP_TRG_RON_BTG_PXT_DVY_MARSHALLS SHOPPERS - DYNAMIC DISTANCE_Run of Network_Geo_F25-54_300 x 250_Click and View_NV_NA,204543440,10/8/2017,4743,126,4617,4617,0,0,0,0,0,4617,4617,4617
TJN_TJX_TJMaxx 2H DIG_FY18,Foursquare,"PJPRQH_TJN_TJX_028_Audience_FOURSQUARE LABS, INC_DST_SV1_MAP_PRO_DSP_TRG_RON_PXT_BTG_DVY_PHASE 1_PINPOINT STRATEGIC SAVERS AV_Run of Network_Geo_F25-54_300 x 250_Standard_NV_NA",204481807,9/22/2017,225,31,194,90,104,5,99,36,63,95,35,71
TJN_TJX_TJMaxx 2H DIG_FY18,Conversant Inc.,PJNPMF_TJN_TJC_031_Audience_CONVERSANT_PUR_ROI_DSK_NET_DSP_TRG_RON_BTG_BTG_DVY_DESKTOP RECTANGLE- STRATEGIC SAVERS_Run of Site_Other_P18+_300 x 600_Standard_NV_NA,204442069,10/6/2017,4213,214,3999,0,3999,492,3507,868,2639,492,122,990
TJN_MAR_023_Marshalls 2H Digital_F18,xAd Inc.,PJQ0YM_TJN_MAR_023_Mobile_GROUND TRUTH FKA XAD_DST_SV1_MAP_DIR_DSP_TRG_RON_BTG_PXT_DVY_COMPETITOR SHOPPERS - DYNAMIC DISTANCE_Run of Network_Geo_F25-54_300 x 250_Click and View_NV_NA,204555259,9/24/2017,3531,102,3429,3353,76,1,75,70,5,3354,3107,3177
TJN_TJX_TJMaxx 2H DIG_FY18,Viant,"PK2X7D_TJN_TJX_028_Data_VIANT INC_DSI_SV1_TWB_DIR_RCH_TRG_INT_BTG_CTG_DVY_PHASE 1_VIANT IMP, W25-54 STRATEGIC SAVERS, CONTOBOX - Honeycomb_Fixed Placement_Behavioral_F25-54_728 x 90_Click and View_NV_NA",205727832,10/10/2017,5336,35,5301,22,5279,415,4864,1416,3448,437,127,1543
TJN_TJX_TJMaxx 2H DIG_FY18,Viant,PJPXKR_TJN_TJX_028_Data_VIANT INC_DSI_SV1_DSK_DIR_DSP_TRG_RON_BTG_CTG_DVY_PHASE 1_DESKTOP DISPLAY VIANT IMP TARGETING - STRATEGIC SAVERS AV_Fixed Placement_Demo_F25-54_300 x 250_Standard_NV_NA,204475841,9/27/2017,14811,2724,12087,1,12086,704,11382,4965,6417,705,308,5273
TJN_TJX_TJMaxx 2H DIG_FY18,Foursquare,"PJPRQJ_TJN_TJX_028_Audience_FOURSQUARE LABS, INC_DST_SV1_MAP_PRO_DSP_TRG_RON_PXT_BTG_DVY_PHASE 1_PINPOINT STRATEGIC SAVERS AV_Run of Network_Geo_F25-54_320 x 50_Standard_NV_NA",204525369,10/20/2017,1944,21,1923,925,998,34,964,871,93,959,866,1737
TJN_TJX_TJMaxx 2H DIG_FY18,xAd Inc.,PJYDBR_TJN_TJX_028_Mobile_GROUND TRUTH FKA XAD_DST_SV1_MAP_DIR_RCH_TRG_RON_BTG_BTG_DVY_PHASE 1_BEHAVIORAL AUDIENCE TRENDSETTERS PLACEMENT - RICH MEDIA STORE LOCATOR - Maxx You Maxx Life_Run of Network_Behavioral_F25-54_320 x 50_Click and View_NV_NA,205145234,9/25/2017,30347,401,29946,13495,16451,312,16139,15134,1005,13807,12947,28081
TJN_TJX_TJMaxx 2H DIG_FY18,Hulu,PK3F7F_TJN_TJX_027_Content_HULU_BAF_BS2_DSK_DIR_CUS_SPN_CHS_CTG_CTG_DVY_HULU ROS: PREMIUM SLATE - DESKTOP_FEP_Contextual_F25-54_1920 x 1080_Standard_NV_NA,205683925,9/27/2017,1437,24,1413,1413,0,0,0,0,0,1413,1005,1005
TJN_MAR_023_Marshalls 2H Digital_F18,xAd Inc.,PJQ0YG_TJN_MAR_023_Mobile_GROUND TRUTH FKA XAD_DST_SV1_MAP_DIR_DSP_TRG_RON_BTG_DMA_DVY_BEHAVIORAL - FASHION SHOPPER - DYNAMIC DISTANCE_Run of Network_Behavioral_F25-54_320 x 50_Click and View_NV_NA,204557581,10/8/2017,64788,785,64003,55241,8762,532,8230,6782,1448,55773,46038,52820
TJN_TJX_TJMaxx 2H DIG_FY18,Conversant Inc.,PJPWPB_TJN_TJX_028_Audience_CONVERSANT_DST_SV1_DSK_NET_DSP_TRG_RON_BTG_BTG_DVY_PHASE 1_ DESKTOP RECTANGLE - CONVERSANT SHOPPERS AV_Run of Site_Behavioral_P18+_300 x 600_Standard_NV_NA,204447254,9/14/2017,99,13,86,0,86,24,62,25,37,24,10,35
TJN_TJX_TJMaxx 2H DIG_FY18,NBC Universal Media,PK2KJK_TJN_TJX_028_Content_NBCUNI.COM_BAF_BS2_DSK_DIR_VID_SPN_ROS_BTG_CTG_MOA_THIS IS US SPONSORSHIP: DESKTOP - VIGNETTE 2_Run of Site_Behavioral_F25-54_1920 x 1080_Click and View_NV_NA,205568882,10/6/2017,56802,1122,55680,55680,0,0,0,0,0,55680,39830,39830
TJN_MAR_023_Marshalls 2H Digital_F18,NinthDecimal,PJPSRR_TJN_MAR_023_Mobile_NINTHDECIMAL_DST_SV1_MAP_DIR_RCH_TRG_RON_PXT_DMA_DVY_GEOFENCE: 2-MILE RADIUS AROUND URBAN STORES_Run of Network_Geo_F25-54_320 x 50_Click and View_NV_NA,204541523,10/20/2017,91441,2181,89260,38491,50769,293,50476,49009,1467,38784,37657,86666
TJN_TJX_TJMaxx 2H DIG_FY18,Conversant Inc.,PJPWPB_TJN_TJX_028_Audience_CONVERSANT_DST_SV1_DSK_NET_DSP_TRG_RON_BTG_BTG_DVY_PHASE 1_ DESKTOP RECTANGLE - CONVERSANT SHOPPERS AV_Run of Site_Behavioral_P18+_300 x 600_Standard_NV_NA,204447254,10/14/2017,58,3,55,0,55,12,43,23,20,12,6,29
TJN_TJX_TJMaxx 2H DIG_FY18,Conversant Inc.,PJPWPF_TJN_TJX_028_Audience_CONVERSANT_DST_SV1_TAP_NET_DSP_TRG_RON_BTG_BTG_DVY_PHASE 1_ TABLET LEADERBOARD - CONVERSANT SHOPPERS AV_Run of Site_Behavioral_P18+_728 x 90_Standard_NV_NA,204442915,10/3/2017,57,0,57,0,57,12,45,19,26,12,5,24
TJN_TJX_TJMaxx 2H DIG_FY18,Foursquare,"PKFML5_TJN_TJX_028_Audience_FOURSQUARE LABS, INC_DST_SV1_MAP_PRO_RCH_TRG_RON_PXT_BTG_DVY_PHASE 1_MOBILE RICH MEDIA TRENDSETTERS - Sweaters_Run of Network_Geo_F25-54_300 x 250_Standard_NV_NA",206824533,10/19/2017,4787,58,4729,3656,1073,333,740,356,384,3989,1919,2275
TJN_MAR_023_Marshalls 2H Digital_F18,NinthDecimal,PJPSRW_TJN_MAR_023_Mobile_NINTHDECIMAL_DST_SV1_MAP_DIR_RCH_TRG_RON_BTG_PXT_DVY_LOCATION GRAPH: TJX FAMILY LOYALISTS_Run of Network_Behavioral_F25-54_320 x 50_Click and View_NV_NA,204541739,9/19/2017,8174,154,8020,2686,5334,32,5302,5072,230,2718,2600,7672
TJN_TJX_TJMaxx 2H DIG_FY18,Conversant Inc.,PJNPMK_TJN_TJC_031_Audience_CONVERSANT_PUR_ROI_DSK_NET_DSP_TRG_RON_BTG_BTG_DVY_DESKTOP LEADERBOARD- STRATEGIC SAVERS_Run of Site_Other_P18+_728 x 90_Standard_NV_NA,204447263,10/16/2017,7394,617,6777,0,6777,762,6015,4146,1869,762,525,4671
TJN_TJX_TJMaxx 2H DIG_FY18,Viant,"PK2V4Z_TJN_TJX_028_Data_VIANT INC_DSI_SV1_MWB_DIR_RCH_TRG_INT_BTG_CTG_DVY_PHASE 1_VIANT IMP, W25-54 STRATEGIC SAVERS, CONTOBOX - Fall Homes_Fixed Placement_Behavioral_F25-54_300 x 250_Click and View_NV_NA",205726911,9/26/2017,761,8,753,5,748,51,697,142,555,56,11,153
TJN_TJX_TJMaxx 2H DIG_FY18,Foursquare,"PK0H80_TJN_TJX_028_Audience_FOURSQUARE LABS, INC_DST_SV1_MAP_PRO_RCH_TRG_RON_PXT_BTG_DVY_PHASE 1_MOBILE RICH MEDIA STRATEGIC SAVERS - Find A Store_Run of Network_Geo_F25-54_320 x 50_Standard_NV_NA",205394974,10/20/2017,1,1,0,0,0,0,0,0,0,0,0,0
TJN_TJX_TJMaxx 2H DIG_FY18,Conversant Inc.,PJPTLK_TJN_TJC_031_Audience_CONVERSANT_PUR_ROI_DSK_NET_DSP_TRG_RON_BTG_BTG_DVY_DESKTOP RECTANGLE- TRENDSETTERS_Run of Site_Other_P18+_300 x 600_Standard_NV_NA,204483963,10/17/2017,752,67,685,0,685,121,564,190,374,121,41,231
TJN_TJX_TJMaxx 2H DIG_FY18,Foursquare,"PJPQKZ_TJN_TJX_028_Audience_FOURSQUARE LABS, INC_DST_SV1_MAP_PRO_DSP_TRG_RON_PXT_BTG_DVY_PHASE 1_PINPOINT TRENDSETTERS_Run of Network_Geo_F25-54_300 x 250_Standard_NV_NA",204481813,9/13/2017,21855,2815,19040,4997,14043,2747,11296,3667,7629,7744,2514,6181
TJN_TJX_TJMaxx 2H DIG_FY18,Viant,"PJNSGT_TJN_TJX_028_Data_VIANT INC_DSI_SV1_DSK_DIR_DSP_TRG_RON_BTG_CTG_DVY_PHASE 1_VIANT DIRECT MATCH RETAIL, TJX PORFOLIO LOYALISTS, DISPLAY_Fixed Placement_Behavioral_F25-54_160 x 600_Standard_NV_NA",204483025,9/20/2017,8067,466,7601,0,7601,600,7001,3233,3768,600,277,3510
TJN_TJX_TJMaxx 2H DIG_FY18,xAd Inc.,PKF4CT_TJN_TJX_028_Mobile_GROUND TRUTH FKA XAD_DST_SV1_MAP_DIR_DSP_TRG_RON_BTG_BTG_DVY_PHASE 1_BEHAVIORAL AUDIENCE STRATEGIC SAVERS PLACEMENT - STANDARD BANNER - Dresses_Run of Network_Behavioral_F25-54_300 x 250_Click and View_NV_NA,206834097,10/17/2017,4108,51,4057,4057,0,0,0,0,0,4057,2710,2710
TJN_TJX_TJMaxx 2H DIG_FY18,xAd Inc.,PJMTN5_TJN_TJX_028_Mobile_GROUND TRUTH FKA XAD_DST_SV1_MAP_DIR_RCH_TRG_RON_BTG_BTG_DVY_PHASE 1_BEHAVIORAL AUDIENCE TRENDSETTERS PLACEMENT - RICH MEDIA STORE LOCATOR - TJ Maxx_Run of Network_Behavioral_F25-54_320 x 50_Click and View_NV_NA,204442936,10/3/2017,6,1,5,4,1,1,0,0,0,5,4,4
TJN_TJX_TJMaxx 2H DIG_FY18,Viant,"PJNSGP_TJN_TJX_028_Data_VIANT INC_DSI_SV1_MWB_DIR_DSP_TRG_RON_BTG_CTG_DVY_PHASE 1_VIANT DIRECT MATCH RETAIL, TJX PORFOLIO LOYALISTS, DISPLAY_Fixed Placement_Behavioral_F25-54_300 x 50_Standard_NV_NA",204525579,9/18/2017,21010,105,20905,0,20905,6374,14531,10975,3556,6374,4814,15789
TJN_TJX_TJMaxx 2H DIG_FY18,xAd Inc.,PJPXJZ_TJN_TJX_028_Mobile_GROUND TRUTH FKA XAD_DST_SV1_MAP_DIR_DSP_TRG_RON_BTG_BTG_DVY_PHASE 1_BEHAVIORAL AUDIENCE TRENDSETTERS PLACEMENT - STANDARD BANNER - Fall Hero_Run of Network_Behavioral_F25-54_300 x 250_Click and View_NV_NA,204446156,9/17/2017,9632,215,9417,9412,5,0,5,4,1,9412,7530,7534
TJN_TJX_TJMaxx 2H DIG_FY18,Conversant Inc.,PJNPMD_TJN_TJC_031_Audience_CONVERSANT_PUR_ROI_TAP_NET_DSP_TRG_RON_BTG_BTG_DVY_TABLET MEDIUM RECTANGLE - STRATEGIC SAVERS_Run of Site_Other_P18+_300 x 250_Standard_NV_NA,204483960,10/9/2017,9067,35,9032,1,9031,1308,7723,4118,3605,1309,698,4816
TJN_MAR_023_Marshalls 2H Digital_F18,Spotify USA Inc.,PK0HLF_TJN_MAR_023_Audience_SPOTIFY USA INC_DST_SV2_MAP_DIR_DSP_TRG_CMP_DMA_PXT_DVY_MOBILE AUDIO COMPANION BANNER 640X640_Run of Site_Geo_F25-54_640 x 640_Click and View_NV_NA,205566308,10/11/2017,152640,2060,150580,150580,0,0,0,0,0,150580,128589,128589
TJN_TJX_TJMaxx 2H DIG_FY18,Foursquare,"PJPQKZ_TJN_TJX_028_Audience_FOURSQUARE LABS, INC_DST_SV1_MAP_PRO_DSP_TRG_RON_PXT_BTG_DVY_PHASE 1_PINPOINT TRENDSETTERS_Run of Network_Geo_F25-54_300 x 250_Standard_NV_NA",204481813,10/13/2017,4783,79,4704,1810,2894,157,2737,1407,1330,1967,1011,2418
TJN_TJX_TJMaxx 2H DIG_FY18,Foursquare,"PJPSSW_TJN_TJX_028_Audience_FOURSQUARE LABS, INC_DST_SV1_MAP_PRO_RCH_TRG_RON_PXT_BTG_DVY_PHASE 1_MOBILE RICH MEDIA STRATEGIC SAVERS - Find A TJ Maxx Store_Run of Network_Geo_F25-54_320 x 50_Standard_NV_NA",204525357,9/26/2017,46834,2064,44770,24539,20231,2211,18020,10964,7056,26750,16276,27240
TJN_TJX_TJMaxx 2H DIG_FY18,Viant,"PK2V50_TJN_TJX_028_Data_VIANT INC_DSI_SV1_DSK_DIR_RCH_TRG_INT_BTG_CTG_DVY_PHASE 1_VIANT IMP, W25-54 STRATEGIC SAVERS, CONTOBOX - Fall Homes_Fixed Placement_Behavioral_F25-54_160 x 600_Click and View_NV_NA",205726908,10/13/2017,3945,534,3411,3,3408,155,3253,1203,2050,158,58,1261
TJN_MAR_023_Marshalls 2H Digital_F18,xAd Inc.,PJQ0YS_TJN_MAR_023_Mobile_GROUND TRUTH FKA XAD_DST_SV1_MAP_DIR_DSP_TRG_RON_DMA_BTG_DVY_AV DMA TARGETING_Run of Network_Geo_F25-54_300 x 250_Click and View_NV_NA,204558337,9/12/2017,95497,2542,92955,7392,85563,8858,76705,62612,14093,16250,13264,75876
TJN_MAR_023_Marshalls 2H Digital_F18,Spotify USA Inc.,PK0HLF_TJN_MAR_023_Audience_SPOTIFY USA INC_DST_SV2_MAP_DIR_DSP_TRG_CMP_DMA_PXT_DVY_MOBILE AUDIO COMPANION BANNER 640X640_Run of Site_Geo_F25-54_640 x 640_Click and View_NV_NA,205566308,10/6/2017,153453,1866,151587,151587,0,0,0,0,0,151587,134584,134584
TJN_TJX_TJMaxx 2H DIG_FY18,Conversant Inc.,PJPTLP_TJN_TJC_031_Audience_CONVERSANT_PUR_ROI_DSK_NET_DSP_TRG_RON_BTG_BTG_DVY_DESKTOP LEADERBOARD- TRENDSETTERS_Run of Site_Other_P18+_728 x 90_Standard_NV_NA,204447782,10/17/2017,2693,307,2386,0,2386,228,2158,1668,490,228,176,1844
TJN_MAR_023_Marshalls 2H Digital_F18,NinthDecimal,PJPSRW_TJN_MAR_023_Mobile_NINTHDECIMAL_DST_SV1_MAP_DIR_RCH_TRG_RON_BTG_PXT_DVY_LOCATION GRAPH: TJX FAMILY LOYALISTS_Run of Network_Behavioral_F25-54_320 x 50_Click and View_NV_NA,204541739,10/13/2017,63656,785,62871,19259,43612,226,43386,41856,1530,19485,18798,60654
TJN_MAR_023_Marshalls 2H Digital_F18,xAd Inc.,PJQ0YB_TJN_MAR_023_Mobile_GROUND TRUTH FKA XAD_DST_SV1_MAP_DIR_DSP_TRG_RON_PXT_BTG_DVY_PROXIMITY CONQUESTING - DYNAMIC DISTANCE_Run of Network_Geo_F25-54_320 x 50_Click and View_NV_NA,204541799,10/5/2017,11866,195,11671,10402,1269,182,1087,920,167,10584,8221,9141
TJN_TJX_TJMaxx 2H DIG_FY18,NBC Universal Media,PK3H7M_TJN_TJX_028_Content_NBCUNI.COM_BAF_BS2_DSK_DIR_DSP_SPN_HPT_CTG_CTG_DCM_100% SOV NBC THIS IS US ROADBLOCK 10/3 - 300X50 MOBILE_HP Takeover_Contextual_F25-54_300 x 50_Standard_NV_NA,205687846,10/4/2017,8898,147,8751,4,8747,774,7973,5932,2041,778,579,6511
TJN_TJX_TJMaxx 2H DIG_FY18,Foursquare,"PK0H7Z_TJN_TJX_028_Audience_FOURSQUARE LABS, INC_DST_SV1_MAP_PRO_RCH_TRG_RON_PXT_BTG_DVY_PHASE 1_MOBILE RICH MEDIA STRATEGIC SAVERS - Fall Honeycomb_Run of Network_Geo_F25-54_300 x 250_Standard_NV_NA",205341980,9/20/2017,6588,487,6101,1280,4821,362,4459,1053,3406,1642,388,1441
TJN_TJX_TJMaxx 2H DIG_FY18,Conversant Inc.,PJPWPD_TJN_TJX_028_Audience_CONVERSANT_DST_SV1_MAP_NET_DSP_TRG_RON_BTG_BTG_DVY_PHASE 1_ SMARTPHONE SMALL BANNER  - CONVERSANT SHOPPERS AV_Run of Site_Behavioral_P18+_320 x 50_Standard_NV_NA,204447251,10/19/2017,1780,38,1742,0,1742,316,1426,1036,390,316,230,1266
TJN_MAR_023_Marshalls 2H Digital_F18,xAd Inc.,PJQ0YC_TJN_MAR_023_Mobile_GROUND TRUTH FKA XAD_DST_SV1_MAP_DIR_DSP_TRG_RON_PXT_BTG_DVY_PROXIMITY CONQUESTING - DYNAMIC DISTANCE_Run of Network_Geo_F25-54_300 x 250_Click and View_NV_NA,204595923,9/28/2017,9257,730,8527,8519,8,0,8,1,7,8519,1065,1066
TJN_TJX_TJMaxx 2H DIG_FY18,NBC Universal Media,PK3H7G_TJN_TJX_028_Content_NBCUNI.COM_BAF_BS2_DSK_DIR_DSP_SPN_HPT_CTG_CTG_DCM_100% SOV NBC HOMEPAGE ROADBLOCK 10/17 - 728X90 MOBILE_HP Takeover_Contextual_F25-54_728 x 90_Standard_NV_NA,205725924,10/17/2017,3954,166,3788,1,3787,178,3609,3037,572,179,151,3188
TJN_MAR_023_Marshalls 2H Digital_F18,NinthDecimal,PJPSRW_TJN_MAR_023_Mobile_NINTHDECIMAL_DST_SV1_MAP_DIR_RCH_TRG_RON_BTG_PXT_DVY_LOCATION GRAPH: TJX FAMILY LOYALISTS_Run of Network_Behavioral_F25-54_320 x 50_Click and View_NV_NA,204541739,9/13/2017,14389,348,14041,5063,8978,42,8936,8721,215,5105,4982,13703
TJN_TJX_TJMaxx 2H DIG_FY18,Hulu,PK3CRZ_TJN_TJX_027_Content_HULU_BAF_BS2_DSK_DIR_VID_SPN_CHS_CTG_CTG_DVY_FALL TV SPONSORSHIP: VIDEO COMMERCIAL - DESKTOP_FEP_Contextual_F25-54_1920 x 1080_Standard_NV_NA,205727706,10/18/2017,5537,111,5426,5426,0,0,0,0,0,5426,4182,4182
TJN_TJX_TJMaxx 2H DIG_FY18,Viant,"PJNSHB_TJN_TJX_028_Data_VIANT INC_DSI_SV1_MWB_DIR_DSP_TRG_RON_BTG_CTG_DVY_PHASE 1_VIANT DIRECT MATCH RETAIL, COMPETITIVE CONQUESTING, DISPLAY_Fixed Placement_Behavioral_F25-54_300 x 50_Standard_NV_NA",204478658,10/7/2017,107,2,105,0,105,25,80,64,16,25,20,84
TJN_TJX_TJMaxx 2H DIG_FY18,Viant,"PJNSGS_TJN_TJX_028_Data_VIANT INC_DSI_SV1_MWB_DIR_DSP_TRG_RON_BTG_CTG_DVY_PHASE 1_VIANT DIRECT MATCH RETAIL, TJX PORFOLIO LOYALISTS, DISPLAY_Fixed Placement_Behavioral_F25-54_320 x 50_Standard_NV_NA",204524922,10/12/2017,3,1,2,0,2,0,2,2,0,0,0,2
TJN_TJX_TJMaxx 2H DIG_FY18,xAd Inc.,PJMTMR_TJN_TJX_028_Mobile_GROUND TRUTH FKA XAD_DST_SV1_MAP_DIR_RCH_TRG_RON_PXT_PXT_DVY_PHASE 1_PROXIMITY LOYALTY PLACEMENT - RICH MEDIA STORE LOCATOR - Fall Handbag_Run of Network_Geo_F25-54_300 x 250_Click and View_NV_NA,204442093,9/29/2017,32875,508,32367,9761,22606,158,22448,21231,1217,9919,9381,30612
TJN_TJX_TJMaxx 2H DIG_FY18,xAd Inc.,PJYDBM_TJN_TJX_028_Mobile_GROUND TRUTH FKA XAD_DST_SV1_MAP_DIR_RCH_TRG_RON_PXT_PXT_DVY_PHASE 1_PROXIMITY LOYALTY PLACEMENT - RICH MEDIA STORE LOCATOR - Fall Hero_Run of Network_Geo_F25-54_300 x 250_Click and View_NV_NA,205209355,10/10/2017,4855,8,4847,87,4760,29,4731,4537,194,116,111,4648
TJN_TJX_TJMaxx 2H DIG_FY18,Foursquare,"PJPQKZ_TJN_TJX_028_Audience_FOURSQUARE LABS, INC_DST_SV1_MAP_PRO_DSP_TRG_RON_PXT_BTG_DVY_PHASE 1_PINPOINT TRENDSETTERS_Run of Network_Geo_F25-54_300 x 250_Standard_NV_NA",204481813,9/19/2017,17876,1874,16002,4822,11180,822,10358,4309,6049,5644,2348,6657
TJN_TJX_TJMaxx 2H DIG_FY18,xAd Inc.,PJPXK2_TJN_TJX_028_Mobile_GROUND TRUTH FKA XAD_DST_SV1_MAP_DIR_DSP_TRG_RON_PXT_PXT_DVY_PHASE 1_PROXIMITY LOYALTY PLACEMENT - STANDARD BANNER - Fall Hero_Run of Network_Geo_F25-54_300 x 250_Click and View_NV_NA,204442945,9/14/2017,10970,227,10743,10635,108,21,87,13,74,10656,1592,1605
TJN_MAR_023_Marshalls 2H Digital_F18,NinthDecimal,PJPSRY_TJN_MAR_023_Mobile_NINTHDECIMAL_DST_SV1_MAP_DIR_RCH_TRG_RON_BTG_PXT_DVY_LOCATION GRAPH: LABOR DAY SALES SHOPPERS_Run of Network_Behavioral_F25-54_320 x 50_Click and View_NV_NA,204542876,9/8/2017,149,4,145,30,115,0,115,109,6,30,28,137
TJN_TJX_TJMaxx 2H DIG_FY18,Conversant Inc.,PJPTLJ_TJN_TJC_031_Audience_CONVERSANT_PUR_ROI_TAP_NET_DSP_TRG_RON_BTG_BTG_DVY_TABLET MEDIUM RECTANGLE - TRENDSETTERS_Run of Site_Other_P18+_300 x 250_Standard_NV_NA,204447266,10/8/2017,11442,86,11356,0,11356,1567,9789,6272,3517,1567,1004,7276
TJN_TJX_TJMaxx 2H DIG_FY18,Foursquare,"PJPSSY_TJN_TJX_028_Audience_FOURSQUARE LABS, INC_DST_SV1_MAP_PRO_RCH_TRG_RON_PXT_BTG_DVY_PHASE 1_MOBILE RICH MEDIA TRENDSETTERS - Find A TJ Maxx Store_Run of Network_Geo_F25-54_320 x 50_Standard_NV_NA",204527598,10/21/2017,2,2,0,0,0,0,0,0,0,0,0,0
TJN_TJX_TJMaxx 2H DIG_FY18,NBC Universal Media,PK2KJK_TJN_TJX_028_Content_NBCUNI.COM_BAF_BS2_DSK_DIR_VID_SPN_ROS_BTG_CTG_MOA_THIS IS US SPONSORSHIP: DESKTOP - VIGNETTE 2_Run of Site_Behavioral_F25-54_1920 x 1080_Click and View_NV_NA,205568882,10/11/2017,12,0,12,12,0,0,0,0,0,12,8,8
TJN_TJX_TJMaxx 2H DIG_FY18,xAd Inc.,PJMTN3_TJN_TJX_028_Mobile_GROUND TRUTH FKA XAD_DST_SV1_MAP_DIR_DSP_TRG_RON_RTG_RTG_DVY_PHASE 1_LOCATION AUDIENCE COMPETITIVE CONQUESTING PLACEMENT - STANDARD BANNER - Maxx You Maxx Life_Run of Network_Retarget_F25-54_320 x 50_Click and View_NV_NA,204442933,10/18/2017,9638,193,9445,2735,6710,91,6619,4768,1851,2826,2036,6804
TJN_TJX_TJMaxx 2H DIG_FY18,xAd Inc.,PJPXK2_TJN_TJX_028_Mobile_GROUND TRUTH FKA XAD_DST_SV1_MAP_DIR_DSP_TRG_RON_PXT_PXT_DVY_PHASE 1_PROXIMITY LOYALTY PLACEMENT - STANDARD BANNER - Fall Hero_Run of Network_Geo_F25-54_300 x 250_Click and View_NV_NA,204442945,10/14/2017,9931,125,9806,9806,0,0,0,0,0,9806,8939,8939
TJN_TJX_TJMaxx 2H DIG_FY18,Viant,"PJNSHF_TJN_TJX_028_Data_VIANT INC_DSI_SV1_MWB_DIR_DSP_TRG_RON_BTG_CTG_DVY_PHASE 1_VIANT DIRECT MATCH RETAIL, COMPETITIVE CONQUESTING, DISPLAY_Fixed Placement_Behavioral_F25-54_300 x 250_Standard_NV_NA",204483016,10/17/2017,2078,25,2053,0,2053,136,1917,1722,195,136,122,1844
TJN_TJX_TJMaxx 2H DIG_FY18,xAd Inc.,PJYDBV_TJN_TJX_028_Mobile_GROUND TRUTH FKA XAD_DST_SV1_MAP_DIR_RCH_TRG_RON_BTG_BTG_DVY_PHASE 1_BEHAVIORAL AUDIENCE STRATEGIC SAVERS PLACEMENT - RICH MEDIA STORE LOCATOR - Maxx You Maxx Life_Run of Network_Behavioral_F25-54_320 x 50_Click and View_NV_NA,205148243,10/2/2017,9,2,7,6,1,1,0,0,0,7,6,6
TJN_TJX_TJMaxx 2H DIG_FY18,xAd Inc.,PJPXK0_TJN_TJX_028_Mobile_GROUND TRUTH FKA XAD_DST_SV1_MAP_DIR_DSP_TRG_RON_BTG_BTG_DVY_PHASE 1_BEHAVIORAL AUDIENCE TRENDSETTERS PLACEMENT - STANDARD BANNER - TJMaxx_Run of Network_Behavioral_F25-54_320 x 50_Click and View_NV_NA,204483993,10/21/2017,1,0,1,0,1,0,1,1,0,0,0,1
TJN_TJX_TJMaxx 2H DIG_FY18,xAd Inc.,PJMTNC_TJN_TJX_028_Mobile_GROUND TRUTH FKA XAD_DST_SV1_MAP_DIR_DSP_TRG_RON_BTG_BTG_DVY_PHASE 1_BEHAVIORAL AUDIENCE TRENDSETTERS PLACEMENT - STANDARD BANNER - Maxx You Maxx Life_Run of Network_Behavioral_F25-54_320 x 50_Click and View_NV_NA,204447830,9/9/2017,20715,199,20516,3392,17124,271,16853,13655,3198,3663,2968,16623
TJN_TJX_TJMaxx 2H DIG_FY18,xAd Inc.,PJYDBQ_TJN_TJX_028_Mobile_GROUND TRUTH FKA XAD_DST_SV1_MAP_DIR_RCH_TRG_RON_BTG_BTG_DVY_PHASE 1_BEHAVIORAL AUDIENCE TRENDSETTERS PLACEMENT - RICH MEDIA STORE LOCATOR - Fall Hero_Run of Network_Behavioral_F25-54_300 x 250_Click and View_NV_NA,205145231,9/24/2017,2719,33,2686,30,2656,11,2645,2501,144,41,39,2540
TJN_TJX_TJMaxx 2H DIG_FY18,Conversant Inc.,PJPWPB_TJN_TJX_028_Audience_CONVERSANT_DST_SV1_DSK_NET_DSP_TRG_RON_BTG_BTG_DVY_PHASE 1_ DESKTOP RECTANGLE - CONVERSANT SHOPPERS AV_Run of Site_Behavioral_P18+_300 x 600_Standard_NV_NA,204447254,9/28/2017,131,7,124,0,124,45,79,18,61,45,10,28
TJN_TJX_TJMaxx 2H DIG_FY18,Conversant Inc.,PJPTLK_TJN_TJC_031_Audience_CONVERSANT_PUR_ROI_DSK_NET_DSP_TRG_RON_BTG_BTG_DVY_DESKTOP RECTANGLE- TRENDSETTERS_Run of Site_Other_P18+_300 x 600_Standard_NV_NA,204483963,10/5/2017,2954,153,2801,0,2801,336,2465,517,1948,336,70,587
TJN_MAR_023_Marshalls 2H Digital_F18,xAd Inc.,PJQ0YD_TJN_MAR_023_Mobile_GROUND TRUTH FKA XAD_DST_SV1_MAP_DIR_RCH_TRG_RON_WEA_PXT_DVY_PROXIMITY CONQUESTING - WEATHER LOCATOR UNIT_Run of Network_Weather_F25-54_320 x 50_Click and View_NV_NA,204541553,10/20/2017,34958,552,34406,17361,17045,192,16853,16255,598,17553,16930,33185
TJN_TJX_TJMaxx 2H DIG_FY18,Conversant Inc.,PJNPLV_TJN_TJX_028_Audience_CONVERSANT_DST_SV1_DSK_NET_DSP_TRG_RON_BTG_BTG_DVY_PHASE 1_ DESKTOP LEADERBOARD - CJ CONVERTERS LAL MODELING_Run of Site_Behavioral_P18+_728 x 90_Standard_NV_NA,204483933,10/12/2017,55498,4297,51201,27,51174,4904,46270,21676,24594,4931,2310,23986
TJN_TJX_TJMaxx 2H DIG_FY18,Viant,"PK2V4Z_TJN_TJX_028_Data_VIANT INC_DSI_SV1_MWB_DIR_RCH_TRG_INT_BTG_CTG_DVY_PHASE 1_VIANT IMP, W25-54 STRATEGIC SAVERS, CONTOBOX - Fall Homes_Fixed Placement_Behavioral_F25-54_300 x 250_Click and View_NV_NA",205726911,10/9/2017,3981,59,3922,7,3915,325,3590,505,3085,332,47,552
TJN_TJX_TJMaxx 2H DIG_FY18,xAd Inc.,PJYDBV_TJN_TJX_028_Mobile_GROUND TRUTH FKA XAD_DST_SV1_MAP_DIR_RCH_TRG_RON_BTG_BTG_DVY_PHASE 1_BEHAVIORAL AUDIENCE STRATEGIC SAVERS PLACEMENT - RICH MEDIA STORE LOCATOR - Maxx You Maxx Life_Run of Network_Behavioral_F25-54_320 x 50_Click and View_NV_NA,205148243,9/23/2017,19221,163,19058,4575,14483,210,14273,13466,807,4785,4514,17980
TJN_TJX_TJMaxx 2H DIG_FY18,xAd Inc.,PJPXK0_TJN_TJX_028_Mobile_GROUND TRUTH FKA XAD_DST_SV1_MAP_DIR_DSP_TRG_RON_BTG_BTG_DVY_PHASE 1_BEHAVIORAL AUDIENCE TRENDSETTERS PLACEMENT - STANDARD BANNER - TJMaxx_Run of Network_Behavioral_F25-54_320 x 50_Click and View_NV_NA,204483993,9/9/2017,20730,146,20584,3502,17082,269,16813,13342,3471,3771,2992,16334
TJN_TJX_TJMaxx 2H DIG_FY18,xAd Inc.,PJMTNC_TJN_TJX_028_Mobile_GROUND TRUTH FKA XAD_DST_SV1_MAP_DIR_DSP_TRG_RON_BTG_BTG_DVY_PHASE 1_BEHAVIORAL AUDIENCE TRENDSETTERS PLACEMENT - STANDARD BANNER - Maxx You Maxx Life_Run of Network_Behavioral_F25-54_320 x 50_Click and View_NV_NA,204447830,10/21/2017,2,0,2,2,0,0,0,0,0,2,1,1
TJN_TJX_TJMaxx 2H DIG_FY18,xAd Inc.,PJPXJS_TJN_TJX_028_Mobile_GROUND TRUTH FKA XAD_DST_SV1_MAP_DIR_DSP_TRG_RON_RTG_RTG_DVY_PHASE 1_LOCATION AUDIENCE COMPETITIVE CONQUESTING PLACEMENT - STANDARD BANNER - Fall Hero_Run of Network_Retarget_F25-54_300 x 250_Click and View_NV_NA,204446153,9/30/2017,23233,665,22568,22186,382,10,372,348,24,22196,20764,21112
TJN_TJX_TJMaxx 2H DIG_FY18,Foursquare,"PJMQ2K_TJN_TJX_028_Audience_FOURSQUARE LABS, INC_DST_SV1_MAP_PRO_DSP_TRG_RON_PXT_BTG_DVY_PHASE 1_PINPOINT STRATEGIC SAVERS_Run of Network_Geo_F25-54_320 x 50_Standard_NV_NA",204483454,9/24/2017,172561,10600,161961,55573,106388,4965,101423,72501,28922,60538,43275,115776
TJN_TJX_TJMaxx 2H DIG_FY18,Conversant Inc.,PJPWPD_TJN_TJX_028_Audience_CONVERSANT_DST_SV1_MAP_NET_DSP_TRG_RON_BTG_BTG_DVY_PHASE 1_ SMARTPHONE SMALL BANNER  - CONVERSANT SHOPPERS AV_Run of Site_Behavioral_P18+_320 x 50_Standard_NV_NA,204447251,9/11/2017,120,7,113,0,113,25,88,46,42,25,13,59
TJN_TJX_TJMaxx 2H DIG_FY18,Conversant Inc.,PJPWBY_TJN_TJX_028_Audience_CONVERSANT_DST_SV1_MAP_NET_DSP_TRG_RON_BTG_BTG_DVY_PHASE 1_ SMARTPHONE SMALL BANNER  - CJ INTERACTORS LAL MODELING_Run of Site_Behavioral_P18+_320 x 50_Standard_NV_NA,204442030,10/7/2017,37524,428,37096,26,37070,5479,31591,17827,13764,5505,3107,20934
TJN_TJX_TJMaxx 2H DIG_FY18,Viant,"PJNSGR_TJN_TJX_028_Data_VIANT INC_DSI_SV1_TWB_DIR_DSP_TRG_RON_BTG_CTG_DVY_PHASE 1_VIANT DIRECT MATCH RETAIL, TJX PORFOLIO LOYALISTS, DISPLAY_Fixed Placement_Behavioral_F25-54_160 x 600_Standard_NV_NA",204478520,10/6/2017,255,6,249,0,249,48,201,43,158,48,10,53
TJN_TJX_TJMaxx 2H DIG_FY18,Foursquare,"PK0H84_TJN_TJX_028_Audience_FOURSQUARE LABS, INC_DST_SV1_MAP_PRO_RCH_TRG_RON_PXT_BTG_DVY_PHASE 1_MOBILE RICH MEDIA COMPETITIVE CONQUESTING - Find A Store_Run of Network_Geo_F25-54_320 x 50_Standard_NV_NA",205427847,10/20/2017,2,1,1,0,1,0,1,1,0,0,0,1
TJN_TJX_TJMaxx 2H DIG_FY18,Viant,"PJNSGV_TJN_TJX_028_Data_VIANT INC_DSI_SV1_DSK_DIR_DSP_TRG_RON_BTG_CTG_DVY_PHASE 1_VIANT DIRECT MATCH RETAIL, TJX PORFOLIO LOYALISTS, DISPLAY_Fixed Placement_Behavioral_F25-54_728 x 90_Standard_NV_NA",204478511,9/30/2017,30188,740,29448,0,29448,1119,28329,23554,4775,1119,930,24484
TJN_TJX_TJMaxx 2H DIG_FY18,Conversant Inc.,PJNPLZ_TJN_TJX_028_Audience_CONVERSANT_DST_SV1_MAP_NET_DSP_TRG_RON_BTG_BTG_DVY_PHASE 1_ SMARTPHONE SMALL BANNER  - CJ CONVERTERS LAL MODELING_Run of Site_Behavioral_P18+_320 x 50_Standard_NV_NA,204442891,10/20/2017,51874,1001,50873,261,50612,7095,43517,19806,23711,7356,3348,23154
TJN_TJX_TJMaxx 2H DIG_FY18,Foursquare,"PJPSSW_TJN_TJX_028_Audience_FOURSQUARE LABS, INC_DST_SV1_MAP_PRO_RCH_TRG_RON_PXT_BTG_DVY_PHASE 1_MOBILE RICH MEDIA STRATEGIC SAVERS - Find A TJ Maxx Store_Run of Network_Geo_F25-54_320 x 50_Standard_NV_NA",204525357,10/9/2017,25337,798,24539,11465,13074,855,12219,7163,5056,12320,7222,14385
TJN_TJX_TJMaxx 2H DIG_FY18,Foursquare,"PJYHWF_TJN_TJX_028_Audience_FOURSQUARE LABS, INC_DST_SV1_MAP_PRO_DSP_TRG_RON_PXT_BTG_DVY_PHASE 1_PINPOINT COMPETITIVE CONQUESTING_Run of Network_Geo_F25-54_320 x 50_Standard_NV_NA",205183220,10/1/2017,259015,10218,248797,192735,56062,1437,54625,48669,5956,194172,173001,221670
TJN_TJX_TJMaxx 2H DIG_FY18,xAd Inc.,PJMTN4_TJN_TJX_028_Mobile_GROUND TRUTH FKA XAD_DST_SV1_MAP_DIR_RCH_TRG_RON_BTG_BTG_DVY_PHASE 1_BEHAVIORAL AUDIENCE TRENDSETTERS PLACEMENT - RICH MEDIA STORE LOCATOR - Fall Handbag_Run of Network_Behavioral_F25-54_300 x 250_Click and View_NV_NA,204447281,10/12/2017,3165,24,3141,37,3104,7,3097,2954,143,44,42,2996
TJN_MAR_023_Marshalls 2H Digital_F18,NinthDecimal,PJPSRW_TJN_MAR_023_Mobile_NINTHDECIMAL_DST_SV1_MAP_DIR_RCH_TRG_RON_BTG_PXT_DVY_LOCATION GRAPH: TJX FAMILY LOYALISTS_Run of Network_Behavioral_F25-54_320 x 50_Click and View_NV_NA,204541739,9/16/2017,12707,290,12417,4692,7725,39,7686,7431,255,4731,4574,12005
TJN_TJX_TJMaxx 2H DIG_FY18,Conversant Inc.,PJPTLN_TJN_TJC_031_Audience_CONVERSANT_PUR_ROI_MAP_NET_DSP_TRG_RON_BTG_BTG_DVY_SMARTPHONE MEDIUM RECTANGLE - TRENDSETTERS_Run of Site_Other_P18+_300 x 250_Standard_NV_NA,204446141,9/21/2017,6,6,0,0,0,0,0,0,0,0,0,0
TJN_TJX_TJMaxx 2H DIG_FY18,Viant,"PJNSGM_TJN_TJX_028_Data_VIANT INC_DSI_SV1_TWB_DIR_DSP_TRG_RON_BTG_CTG_DVY_PHASE 1_VIANT DIRECT MATCH RETAIL, TJX PORFOLIO LOYALISTS, DISPLAY_Fixed Placement_Behavioral_F25-54_728 x 90_Standard_NV_NA",204526722,10/8/2017,12937,80,12857,0,12857,534,12323,10050,2273,534,436,10486
TJN_MAR_023_Marshalls 2H Digital_F18,xAd Inc.,PJQ0YJ_TJN_MAR_023_Mobile_GROUND TRUTH FKA XAD_DST_SV1_MAP_DIR_DSP_TRG_RON_BTG_PXT_DVY_MARSHALLS SHOPPERS - DYNAMIC DISTANCE_Run of Network_Geo_F25-54_320 x 50_Click and View_NV_NA,204595911,9/5/2017,10690,233,10457,7757,2700,667,2033,1845,188,8424,7322,9167
TJN_TJX_TJMaxx 2H DIG_FY18,xAd Inc.,PJPXJY_TJN_TJX_028_Mobile_GROUND TRUTH FKA XAD_DST_SV1_MAP_DIR_DSP_TRG_RON_BTG_BTG_DVY_PHASE 1_BEHAVIORAL AUDIENCE STRATEGIC SAVERS PLACEMENT - STANDARD BANNER - Fall Hero_Run of Network_Behavioral_F25-54_300 x 250_Click and View_NV_NA,204484017,10/6/2017,11929,422,11507,8573,2934,25,2909,2798,111,8598,8263,11061
TJN_TJX_TJMaxx 2H DIG_FY18,Conversant Inc.,PJNPML_TJN_TJC_031_Audience_CONVERSANT_PUR_ROI_DSK_NET_DSP_TRG_RON_BTG_BTG_DVY_DESKTOP MEDIUM RECTANGLE- STRATEGIC SAVERS_Run of Site_Other_P18+_300 x 250_Standard_NV_NA,204443407,10/20/2017,1502,68,1434,0,1434,275,1159,442,717,275,105,547
TJN_TJX_TJMaxx 2H DIG_FY18,PlaceIQ,PK18VC_TJN_TJX_028_Mobile_PLACEIQ INC_DST_SV1_MAP_DIR_RCH_TRG_RON_BTG_PXT_DVY_PHASE 1_RICH MEDIA_TJX PORTFOLIO LOYALISTS_Run of Network_Behavioral_F25-54_320 x 50_Click and View_NV_NA,205568912,10/8/2017,33030,896,32134,12914,19220,553,18667,18290,377,13467,13195,31485
TJN_TJX_TJMaxx 2H DIG_FY18,xAd Inc.,PJYDBQ_TJN_TJX_028_Mobile_GROUND TRUTH FKA XAD_DST_SV1_MAP_DIR_RCH_TRG_RON_BTG_BTG_DVY_PHASE 1_BEHAVIORAL AUDIENCE TRENDSETTERS PLACEMENT - RICH MEDIA STORE LOCATOR - Fall Hero_Run of Network_Behavioral_F25-54_300 x 250_Click and View_NV_NA,205145231,9/22/2017,2190,18,2172,105,2067,11,2056,1948,108,116,110,2058
TJN_MAR_023_Marshalls 2H Digital_F18,NinthDecimal,PJPSRX_TJN_MAR_023_Mobile_NINTHDECIMAL_DST_SV1_MAP_DIR_RCH_TRG_RON_BTG_PXT_DVY_LOCATION GRAPH: COMPETITIVE CONQUESTING_Run of Network_Behavioral_F25-54_320 x 50_Click and View_NV_NA,204542879,10/20/2017,50258,813,49445,20838,28607,176,28431,27671,760,21014,20452,48123
TJN_MAR_023_Marshalls 2H Digital_F18,xAd Inc.,PJQ0YC_TJN_MAR_023_Mobile_GROUND TRUTH FKA XAD_DST_SV1_MAP_DIR_DSP_TRG_RON_PXT_BTG_DVY_PROXIMITY CONQUESTING - DYNAMIC DISTANCE_Run of Network_Geo_F25-54_300 x 250_Click and View_NV_NA,204595923,9/14/2017,8226,196,8030,8020,10,3,7,3,4,8023,3438,3441
TJN_TJX_TJMaxx 2H DIG_FY18,Foursquare,"PJPQKZ_TJN_TJX_028_Audience_FOURSQUARE LABS, INC_DST_SV1_MAP_PRO_DSP_TRG_RON_PXT_BTG_DVY_PHASE 1_PINPOINT TRENDSETTERS_Run of Network_Geo_F25-54_300 x 250_Standard_NV_NA",204481813,9/16/2017,20682,3173,17509,6383,11126,3068,8058,3115,4943,9451,3653,6768
TJN_MAR_023_Marshalls 2H Digital_F18,xAd Inc.,PJQ0YB_TJN_MAR_023_Mobile_GROUND TRUTH FKA XAD_DST_SV1_MAP_DIR_DSP_TRG_RON_PXT_BTG_DVY_PROXIMITY CONQUESTING - DYNAMIC DISTANCE_Run of Network_Geo_F25-54_320 x 50_Click and View_NV_NA,204541799,10/17/2017,6992,88,6904,5376,1528,73,1455,1192,263,5449,4400,5592
TJN_TJX_TJMaxx 2H DIG_FY18,Foursquare,"PJYHWF_TJN_TJX_028_Audience_FOURSQUARE LABS, INC_DST_SV1_MAP_PRO_DSP_TRG_RON_PXT_BTG_DVY_PHASE 1_PINPOINT COMPETITIVE CONQUESTING_Run of Network_Geo_F25-54_320 x 50_Standard_NV_NA",205183220,10/2/2017,222302,7912,214390,171196,43194,1051,42143,36930,5213,172247,150940,187870
TJN_TJX_TJMaxx 2H DIG_FY18,xAd Inc.,PJPXJY_TJN_TJX_028_Mobile_GROUND TRUTH FKA XAD_DST_SV1_MAP_DIR_DSP_TRG_RON_BTG_BTG_DVY_PHASE 1_BEHAVIORAL AUDIENCE STRATEGIC SAVERS PLACEMENT - STANDARD BANNER - Fall Hero_Run of Network_Behavioral_F25-54_300 x 250_Click and View_NV_NA,204484017,10/11/2017,8960,138,8822,8816,6,0,6,5,1,8816,7347,7352
TJN_TJX_TJMaxx 2H DIG_FY18,Conversant Inc.,PJPTLP_TJN_TJC_031_Audience_CONVERSANT_PUR_ROI_DSK_NET_DSP_TRG_RON_BTG_BTG_DVY_DESKTOP LEADERBOARD- TRENDSETTERS_Run of Site_Other_P18+_728 x 90_Standard_NV_NA,204447782,10/5/2017,8691,475,8216,0,8216,1199,7017,2483,4534,1199,424,2907
TJN_TJX_TJMaxx 2H DIG_FY18,xAd Inc.,PJPXK1_TJN_TJX_028_Mobile_GROUND TRUTH FKA XAD_DST_SV1_MAP_DIR_DSP_TRG_RON_PXT_PXT_DVY_PHASE 1_PROXIMITY LOYALTY PLACEMENT - STANDARD BANNER - TJMaxx_Run of Network_Geo_F25-54_320 x 50_Click and View_NV_NA,204483996,10/4/2017,2,1,1,1,0,0,0,0,0,1,1,1
TJN_TJX_TJMaxx 2H DIG_FY18,xAd Inc.,PJPXJX_TJN_TJX_028_Mobile_GROUND TRUTH FKA XAD_DST_SV1_MAP_DIR_DSP_TRG_RON_BTG_BTG_DVY_PHASE 1_BEHAVIORAL AUDIENCE STRATEGIC SAVERS PLACEMENT - STANDARD BANNER - TJMaxx_Run of Network_Behavioral_F25-54_320 x 50_Click and View_NV_NA,204447848,9/18/2017,22246,296,21950,2659,19291,193,19098,16792,2306,2852,2508,19300
TJN_TJX_TJMaxx 2H DIG_FY18,Viant,"PJNSGR_TJN_TJX_028_Data_VIANT INC_DSI_SV1_TWB_DIR_DSP_TRG_RON_BTG_CTG_DVY_PHASE 1_VIANT DIRECT MATCH RETAIL, TJX PORFOLIO LOYALISTS, DISPLAY_Fixed Placement_Behavioral_F25-54_160 x 600_Standard_NV_NA",204478520,10/11/2017,460,1,459,0,459,18,441,178,263,18,7,185
TJN_MAR_023_Marshalls 2H Digital_F18,NinthDecimal,"PJPSS1_TJN_MAR_023_Mobile_NINTHDECIMAL_DST_SV1_MAP_DIR_RCH_TRG_RON_BTG_DMA_DVY_TV TARGETING: PEOPLE WHO WATCH BRAVO, TLC, HGTV, A&E, LIFETIME, DISCOVERY_Run of Network_Behavioral_F25-54_320 x 50_Click and View_NV_NA",204541508,9/18/2017,14313,390,13923,4035,9888,70,9818,9378,440,4105,3921,13299
TJN_MAR_023_Marshalls 2H Digital_F18,xAd Inc.,PJQ0YC_TJN_MAR_023_Mobile_GROUND TRUTH FKA XAD_DST_SV1_MAP_DIR_DSP_TRG_RON_PXT_BTG_DVY_PROXIMITY CONQUESTING - DYNAMIC DISTANCE_Run of Network_Geo_F25-54_300 x 250_Click and View_NV_NA,204595923,10/14/2017,10184,366,9818,9817,1,0,1,1,0,9817,9817,9818
TJN_MAR_023_Marshalls 2H Digital_F18,xAd Inc.,PJQ0YR_TJN_MAR_023_Mobile_GROUND TRUTH FKA XAD_DST_SV1_MAP_DIR_DSP_TRG_RON_PXT_BTG_DVY_GEOBLOCKS CONQUESTING - DYNAMIC DISTANCE_Run of Network_Geo_F25-54_300 x 250_Click and View_NV_NA,204555244,10/8/2017,10362,745,9617,9609,8,0,8,1,7,9609,1201,1202
TJN_TJX_TJMaxx 2H DIG_FY18,Conversant Inc.,PJPTMP_TJN_TJC_031_Audience_CONVERSANT_PUR_ROI_DSK_NET_DSP_TRG_RON_BTG_BTG_DVY_DESKTOP LEADERBOARD- COMPETITIVE CONQUESTING_Run of Site_Other_P18+_728 x 90_Standard_NV_NA,204443389,10/4/2017,2264,79,2185,0,2185,445,1740,851,889,445,218,1069
TJN_MAR_023_Marshalls 2H Digital_F18,NinthDecimal,PJPSS0_TJN_MAR_023_Mobile_NINTHDECIMAL_DST_SV1_MAP_DIR_RCH_TRG_RON_BTG_DMA_DVY_3RD PARTY: SURPRISE CHOOSERS_Run of Network_Behavioral_F25-54_320 x 50_Click and View_NV_NA,204595875,10/10/2017,17449,86,17363,4593,12770,96,12674,12217,457,4689,4520,16737
TJN_TJX_TJMaxx 2H DIG_FY18,Foursquare,"PJYHWF_TJN_TJX_028_Audience_FOURSQUARE LABS, INC_DST_SV1_MAP_PRO_DSP_TRG_RON_PXT_BTG_DVY_PHASE 1_PINPOINT COMPETITIVE CONQUESTING_Run of Network_Geo_F25-54_320 x 50_Standard_NV_NA",205183220,9/23/2017,195519,6342,189177,130541,58636,2367,56269,46728,9541,132908,110372,157100
TJN_TJX_TJMaxx 2H DIG_FY18,Viant,"PJSPBS_TJN_TJC_031_Data_VIANT INC_PUR_ROI_DSK_DIR_DSP_TRG_RON_BTG_MKT_DVY_DETERMINSTIC LAL OF ECOM CONVERTERS, CROSS DEVICE DISPLAY_Fixed Placement_Behavioral_F25-54_728 x 90_Click_NV_NA",204733518,10/9/2017,13097,2205,10892,2,10890,411,10479,8884,1595,413,350,9234
TJN_TJX_TJMaxx 2H DIG_FY18,xAd Inc.,PJPXK2_TJN_TJX_028_Mobile_GROUND TRUTH FKA XAD_DST_SV1_MAP_DIR_DSP_TRG_RON_PXT_PXT_DVY_PHASE 1_PROXIMITY LOYALTY PLACEMENT - STANDARD BANNER - Fall Hero_Run of Network_Geo_F25-54_300 x 250_Click and View_NV_NA,204442945,9/28/2017,13956,252,13704,13626,78,13,65,5,60,13639,1049,1054
TJN_TJX_TJMaxx 2H DIG_FY18,Viant,"PJSPBR_TJN_TJC_031_Data_VIANT INC_PUR_ROI_DSK_DIR_DSP_TRG_RON_BTG_MKT_DVY_DETERMINSTIC LAL OF ECOM CONVERTERS, CROSS DEVICE DISPLAY_Fixed Placement_Behavioral_F25-54_300 x 250_Click_NV_NA",204715645,10/7/2017,8127,345,7782,0,7782,377,7405,5918,1487,377,301,6219
TJN_TJX_TJMaxx 2H DIG_FY18,Viant,"PK2X7C_TJN_TJX_028_Data_VIANT INC_DSI_SV1_TWB_DIR_RCH_TRG_INT_BTG_CTG_DVY_PHASE 1_VIANT IMP, W25-54 STRATEGIC SAVERS, CONTOBOX - Honeycomb_Fixed Placement_Behavioral_F25-54_160 x 600_Click and View_NV_NA",205685992,9/29/2017,10,2,8,0,8,1,7,2,5,1,0,2
TJN_TJX_TJMaxx 2H DIG_FY18,Foursquare,"PJMQ2K_TJN_TJX_028_Audience_FOURSQUARE LABS, INC_DST_SV1_MAP_PRO_DSP_TRG_RON_PXT_BTG_DVY_PHASE 1_PINPOINT STRATEGIC SAVERS_Run of Network_Geo_F25-54_320 x 50_Standard_NV_NA",204483454,9/22/2017,108249,11940,96309,50561,45748,1853,43895,35942,7953,52414,42918,78860
TJN_TJX_TJMaxx 2H DIG_FY18,Foursquare,"PK0H82_TJN_TJX_028_Audience_FOURSQUARE LABS, INC_DST_SV1_MAP_PRO_RCH_TRG_RON_PXT_BTG_DVY_PHASE 1_MOBILE RICH MEDIA TRENDSETTERS - Find A Store_Run of Network_Geo_F25-54_320 x 50_Standard_NV_NA",205394971,10/7/2017,32718,573,32145,21173,10972,1008,9964,6227,3737,22181,13862,20089
TJN_TJX_TJMaxx 2H DIG_FY18,PlaceIQ,PK18V9_TJN_TJX_028_Mobile_PLACEIQ INC_DST_SV1_MAP_DIR_DSP_TRG_RON_BTG_PXT_DVY_PHASE 1_STANDARD BANNER_TJX PROXIMITY LOYALISTS_LIVE BY TJMAXX - Maxx You Maxx Life_Run of Network_Behavioral_F25-54_320 x 50_Click and View_NV_NA,205661862,10/17/2017,48982,739,48243,18501,29742,212,29530,29228,302,18713,18522,47750
TJN_TJX_TJMaxx 2H DIG_FY18,Conversant Inc.,PJPWP8_TJN_TJX_028_Audience_CONVERSANT_DST_SV1_DSK_NET_DSP_TRG_RON_BTG_BTG_DVY_PHASE 1_ DESKTOP LEADERBOARD - CONVERSANT SHOPPERS AV_Run of Site_Behavioral_P18+_728 x 90_Standard_NV_NA,204446132,10/3/2017,713,43,670,0,670,113,557,349,208,113,71,420
TJN_TJX_TJMaxx 2H DIG_FY18,Conversant Inc.,PJPTLQ_TJN_TJC_031_Audience_CONVERSANT_PUR_ROI_DSK_NET_DSP_TRG_RON_BTG_BTG_DVY_DESKTOP MEDIUM RECTANGLE- TRENDSETTERS_Run of Site_Other_P18+_300 x 250_Standard_NV_NA,204446138,10/4/2017,5682,173,5509,0,5509,696,4813,2025,2788,696,293,2318
TJN_TJX_TJMaxx 2H DIG_FY18,Viant,"PJNSHF_TJN_TJX_028_Data_VIANT INC_DSI_SV1_MWB_DIR_DSP_TRG_RON_BTG_CTG_DVY_PHASE 1_VIANT DIRECT MATCH RETAIL, COMPETITIVE CONQUESTING, DISPLAY_Fixed Placement_Behavioral_F25-54_300 x 250_Standard_NV_NA",204483016,10/5/2017,13,1,12,0,12,2,10,4,6,2,1,5
TJN_TJX_TJMaxx 2H DIG_FY18,Foursquare,"PKFMJM_TJN_TJX_028_Audience_FOURSQUARE LABS, INC_DST_SV1_MAP_PRO_RCH_TRG_RON_PXT_BTG_DVY_PHASE 1_MOBILE RICH MEDIA COMPETITIVE CONQUESTING - Booties_Run of Network_Geo_F25-54_300 x 250_Standard_NV_NA",206771834,10/17/2017,1617,29,1588,578,1010,85,925,262,663,663,188,450
TJN_TJX_TJMaxx 2H DIG_FY18,NBC Universal Media,PK2KK7_TJN_TJX_028_Content_NBCUNI.COM_BAF_BS2_TAP_DIR_VID_SPN_ROS_BTG_CTG_MOA_THIS IS US SPONSORSHIP: TABLET - VIGNETTE 3_Run of Site_Behavioral_F25-54_1920 x 1080_Click and View_NV_NA,205569476,10/15/2017,11546,84,11462,11462,0,0,0,0,0,11462,7571,7571
TJN_TJX_TJMaxx 2H DIG_FY18,Conversant Inc.,PJPTLH_TJN_TJC_031_Audience_CONVERSANT_PUR_ROI_TAP_NET_DSP_TRG_RON_BTG_BTG_DVY_TABLET LEADERBOARD- TRENDSETTERS_Run of Site_Other_P18+_728 x 90_Standard_NV_NA,204447779,9/22/2017,1,0,1,0,1,0,1,1,0,0,0,1
TJN_TJX_TJMaxx 2H DIG_FY18,Conversant Inc.,PJPTLL_TJN_TJC_031_Audience_CONVERSANT_PUR_ROI_DSK_NET_DSP_TRG_RON_BTG_BTG_DVY_DESKTOP WIDE SKYSCRAPER- TRENDSETTERS_Run of Site_Other_P18+_160 x 600_Standard_NV_NA,204447269,10/20/2017,1180,49,1131,0,1131,201,930,208,722,201,45,253
TJN_TJX_TJMaxx 2H DIG_FY18,xAd Inc.,PJYDBV_TJN_TJX_028_Mobile_GROUND TRUTH FKA XAD_DST_SV1_MAP_DIR_RCH_TRG_RON_BTG_BTG_DVY_PHASE 1_BEHAVIORAL AUDIENCE STRATEGIC SAVERS PLACEMENT - RICH MEDIA STORE LOCATOR - Maxx You Maxx Life_Run of Network_Behavioral_F25-54_320 x 50_Click and View_NV_NA,205148243,10/1/2017,9,1,8,6,2,2,0,0,0,8,7,7
TJN_TJX_TJMaxx 2H DIG_FY18,Conversant Inc.,PJNPMH_TJN_TJC_031_Audience_CONVERSANT_PUR_ROI_MAP_NET_DSP_TRG_RON_BTG_BTG_DVY_SMARTPHONE SMALL BANNER - STRATEGIC SAVERS_Run of Site_Other_P18+_320 x 50_Standard_NV_NA,204442066,10/9/2017,28538,509,28029,1,28028,4294,23734,18065,5669,4295,3269,21334
TJN_TJX_TJMaxx 2H DIG_FY18,Viant,"PJNSH7_TJN_TJX_028_Data_VIANT INC_DSI_SV1_MWB_DIR_DSP_TRG_RON_BTG_CTG_DVY_PHASE 1_VIANT DIRECT MATCH RETAIL, COMPETITIVE CONQUESTING, DISPLAY_Fixed Placement_Behavioral_F25-54_320 x 50_Standard_NV_NA",204477565,9/12/2017,1,0,1,0,1,0,1,1,0,0,0,1
TJN_TJX_TJMaxx 2H DIG_FY18,Viant,"PK2X7H_TJN_TJX_028_Data_VIANT INC_DSI_SV1_MWB_DIR_RCH_TRG_INT_BTG_CTG_DVY_PHASE 1_VIANT IMP, W25-54 STRATEGIC SAVERS, CONTOBOX - Honeycomb_Fixed Placement_Behavioral_F25-54_320 x 50_Click and View_NV_NA",205725975,9/25/2017,7191,118,7073,6,7067,602,6465,1108,5357,608,104,1212
TJN_TJX_TJMaxx 2H DIG_FY18,NBC Universal Media,PK3H7F_TJN_TJX_028_Content_NBCUNI.COM_BAF_BS2_DSK_DIR_DSP_SPN_HPT_CTG_CTG_DCM_100% SOV NBC HOMEPAGE ROADBLOCK 10/10 - 300X50 MOBILE_HP Takeover_Contextual_F25-54_300 x 50_Standard_NV_NA,205634588,10/13/2017,1,1,0,0,0,0,0,0,0,0,0,0
TJN_TJX_TJMaxx 2H DIG_FY18,Viant,"PK2V4S_TJN_TJX_028_Data_VIANT INC_DSI_SV1_TWB_DIR_RCH_TRG_INT_BTG_CTG_DVY_PHASE 1_VIANT IMP, W25-54 STRATEGIC SAVERS, CONTOBOX - Fall Homes_Fixed Placement_Behavioral_F25-54_300 x 250_Click and View_NV_NA",205687927,9/29/2017,9111,84,9027,5,9022,1924,7098,3647,3451,1929,991,4638
TJN_TJX_TJMaxx 2H DIG_FY18,Foursquare,"PK0H83_TJN_TJX_028_Audience_FOURSQUARE LABS, INC_DST_SV1_MAP_PRO_RCH_TRG_RON_PXT_BTG_DVY_PHASE 1_MOBILE RICH MEDIA COMPETITIVE CONQUESTING - Fall Honeycomb_Run of Network_Geo_F25-54_300 x 250_Standard_NV_NA",205344161,9/30/2017,1296,59,1237,307,930,27,903,491,412,334,182,673
TJN_MAR_023_Marshalls 2H Digital_F18,xAd Inc.,PJQ0YJ_TJN_MAR_023_Mobile_GROUND TRUTH FKA XAD_DST_SV1_MAP_DIR_DSP_TRG_RON_BTG_PXT_DVY_MARSHALLS SHOPPERS - DYNAMIC DISTANCE_Run of Network_Geo_F25-54_320 x 50_Click and View_NV_NA,204595911,10/14/2017,6862,79,6783,2412,4371,167,4204,3248,956,2579,1995,5243
TJN_TJX_TJMaxx 2H DIG_FY18,Viant,"PJNSGV_TJN_TJX_028_Data_VIANT INC_DSI_SV1_DSK_DIR_DSP_TRG_RON_BTG_CTG_DVY_PHASE 1_VIANT DIRECT MATCH RETAIL, TJX PORFOLIO LOYALISTS, DISPLAY_Fixed Placement_Behavioral_F25-54_728 x 90_Standard_NV_NA",204478511,10/16/2017,26137,713,25424,0,25424,612,24812,17794,7018,612,439,18233
TJN_TJX_TJMaxx 2H DIG_FY18,Foursquare,"PJMQ2D_TJN_TJX_028_Audience_FOURSQUARE LABS, INC_DST_SV1_MAP_PRO_DSP_TRG_RON_PXT_BTG_DVY_PHASE 1_PINPOINT STRATEGIC SAVERS_Run of Network_Geo_F25-54_300 x 250_Standard_NV_NA",204483457,9/13/2017,29372,3747,25625,5790,19835,4329,15506,4478,11028,10119,2922,7400
TJN_TJX_TJMaxx 2H DIG_FY18,Viant,"PJNSHC_TJN_TJX_028_Data_VIANT INC_DSI_SV1_DSK_DIR_DSP_TRG_RON_BTG_CTG_DVY_PHASE 1_VIANT DIRECT MATCH RETAIL, COMPETITIVE CONQUESTING, DISPLAY_Fixed Placement_Behavioral_F25-54_300 x 250_Standard_NV_NA",204478655,9/29/2017,39469,1518,37951,0,37951,2895,35056,28971,6085,2895,2392,31363
TJN_MAR_023_Marshalls 2H Digital_F18,xAd Inc.,PJQ0YJ_TJN_MAR_023_Mobile_GROUND TRUTH FKA XAD_DST_SV1_MAP_DIR_DSP_TRG_RON_BTG_PXT_DVY_MARSHALLS SHOPPERS - DYNAMIC DISTANCE_Run of Network_Geo_F25-54_320 x 50_Click and View_NV_NA,204595911,9/14/2017,11662,178,11484,5217,6267,1528,4739,3443,1296,6745,4290,7733
TJN_TJX_TJMaxx 2H DIG_FY18,Foursquare,"PJMQ2D_TJN_TJX_028_Audience_FOURSQUARE LABS, INC_DST_SV1_MAP_PRO_DSP_TRG_RON_PXT_BTG_DVY_PHASE 1_PINPOINT STRATEGIC SAVERS_Run of Network_Geo_F25-54_300 x 250_Standard_NV_NA",204483457,10/13/2017,7480,73,7407,3020,4387,292,4095,1950,2145,3312,1577,3527
TJN_TJX_TJMaxx 2H DIG_FY18,Foursquare,"PJPSSY_TJN_TJX_028_Audience_FOURSQUARE LABS, INC_DST_SV1_MAP_PRO_RCH_TRG_RON_PXT_BTG_DVY_PHASE 1_MOBILE RICH MEDIA TRENDSETTERS - Find A TJ Maxx Store_Run of Network_Geo_F25-54_320 x 50_Standard_NV_NA",204527598,10/4/2017,46310,1208,45102,30605,14497,1589,12908,8686,4222,32194,21664,30350
TJN_TJX_TJMaxx 2H DIG_FY18,Foursquare,"PJPRVC_TJN_TJX_028_Audience_FOURSQUARE LABS, INC_DST_SV1_MAP_PRO_DSP_TRG_RON_PXT_BTG_DVY_PHASE 1_PINPOINT TRENDSETTERS AV_Run of Network_Geo_F25-54_320 x 50_Standard_NV_NA",204527421,9/22/2017,2336,277,2059,1010,1049,37,1012,833,179,1047,862,1695
TJN_TJX_TJMaxx 2H DIG_FY18,Viant,"PKGJ73_TJN_TJC_031_Data_VIANT INC_PUR_ROI_MWB_DIR_CUS_TRG_NAT_BTG_MKT_DVY_W25-54 + KEYWORD TARGETING, CROSS DEVICE NATIVE - Dresses_Fixed Placement_Contextual_F25-54_0 x 0_Click_NV_NA",206772485,10/21/2017,19522,218,19304,19304,0,0,0,0,0,19304,14650,14650
TJN_TJX_TJMaxx 2H DIG_FY18,xAd Inc.,PKF42P_TJN_TJX_028_Mobile_GROUND TRUTH FKA XAD_DST_SV1_MAP_DIR_RCH_TRG_RON_BTG_BTG_DVY_PHASE 1_BEHAVIORAL AUDIENCE STRATEGIC SAVERS PLACEMENT - RICH MEDIA STORE LOCATOR - Dresses_Run of Network_Behavioral_F25-54_300 x 250_Click and View_NV_NA,206812651,10/17/2017,2622,33,2589,791,1798,103,1695,851,844,894,449,1300
TJN_TJX_TJMaxx 2H DIG_FY18,Hulu,PK3CXJ_TJN_TJX_027_Content_HULU_BAF_BS2_MAP_DIR_CUS_SPN_CHS_CTG_CTG_DVY_FALL TV SPONSORSHIP: PREMIUM SLATE - MOBILE IN APP_FEP_Contextual_F25-54_1920 x 1080_Standard_NV_NA,205683919,10/5/2017,1,0,1,1,0,0,0,0,0,1,1,1
TJN_TJX_TJMaxx 2H DIG_FY18,Viant,"PJSPCM_TJN_TJC_031_Data_VIANT INC_PUR_ROI_TWB_DIR_DSP_TRG_RON_BTG_MKT_DVY_W25-54 + ONLINE SHOPPERS, CROSS DEVICE DISPLAY_Fixed Placement_Behavioral_F25-54_300 x 250_Click_NV_NA",204733512,10/8/2017,1175,28,1147,0,1147,94,1053,733,320,94,65,798
TJN_TJX_TJMaxx 2H DIG_FY18,xAd Inc.,PJPXJQ_TJN_TJX_028_Mobile_GROUND TRUTH FKA XAD_DST_SV1_MAP_DIR_DSP_TRG_RON_RTG_RTG_DVY_PHASE 1_LOCATION AUDIENCE TJX SHOPPERS PLACEMENT - STANDARD BANNER - TJMaxx_Run of Network_Retarget_F25-54_320 x 50_Click and View_NV_NA,204447839,9/24/2017,30399,318,30081,14664,15417,4308,11109,10159,950,18972,16088,26247
TJN_TJX_TJMaxx 2H DIG_FY18,Foursquare,"PJPSSX_TJN_TJX_028_Audience_FOURSQUARE LABS, INC_DST_SV1_MAP_PRO_RCH_TRG_RON_PXT_BTG_DVY_PHASE 1_MOBILE RICH MEDIA TRENDSETTERS - Fall Handbag_Run of Network_Geo_F25-54_300 x 250_Standard_NV_NA",204525354,10/9/2017,3785,265,3520,1029,2491,154,2337,708,1629,1183,358,1066
TJN_TJX_TJMaxx 2H DIG_FY18,xAd Inc.,PJMTNF_TJN_TJX_028_Mobile_GROUND TRUTH FKA XAD_DST_SV1_MAP_DIR_DSP_TRG_RON_PXT_PXT_DVY_PHASE 1_PROXIMITY LOYALTY PLACEMENT - STANDARD BANNER - Fall Handbag_Run of Network_Geo_F25-54_300 x 250_Click and View_NV_NA,204446159,10/18/2017,10064,279,9785,9778,7,0,7,5,2,9778,6984,6989
TJN_TJX_TJMaxx 2H DIG_FY18,xAd Inc.,PKF44R_TJN_TJX_028_Mobile_GROUND TRUTH FKA XAD_DST_SV1_MAP_DIR_RCH_TRG_RON_BTG_BTG_DVY_PHASE 1_BEHAVIORAL AUDIENCE STRATEGIC SAVERS PLACEMENT - RICH MEDIA STORE LOCATOR - Find A Store V1_Run of Network_Behavioral_F25-54_320 x 50_Click and View_NV_NA,206772029,10/16/2017,3636,62,3574,1713,1861,68,1793,1529,264,1781,1519,3048
TJN_TJX_TJMaxx 2H DIG_FY18,xAd Inc.,PJPXJS_TJN_TJX_028_Mobile_GROUND TRUTH FKA XAD_DST_SV1_MAP_DIR_DSP_TRG_RON_RTG_RTG_DVY_PHASE 1_LOCATION AUDIENCE COMPETITIVE CONQUESTING PLACEMENT - STANDARD BANNER - Fall Hero_Run of Network_Retarget_F25-54_300 x 250_Click and View_NV_NA,204446153,10/16/2017,19,0,19,19,0,0,0,0,0,19,16,16
TJN_TJX_TJMaxx 2H DIG_FY18,Conversant Inc.,PJPWP8_TJN_TJX_028_Audience_CONVERSANT_DST_SV1_DSK_NET_DSP_TRG_RON_BTG_BTG_DVY_PHASE 1_ DESKTOP LEADERBOARD - CONVERSANT SHOPPERS AV_Run of Site_Behavioral_P18+_728 x 90_Standard_NV_NA,204446132,10/1/2017,822,40,782,0,782,238,544,300,244,238,131,431
TJN_TJX_TJMaxx 2H DIG_FY18,Conversant Inc.,PJPTML_TJN_TJC_031_Audience_CONVERSANT_PUR_ROI_DSK_NET_DSP_TRG_RON_BTG_BTG_DVY_DESKTOP WIDE SKYSCRAPER- COMPETITIVE CONQUESTING_Run of Site_Other_P18+_160 x 600_Standard_NV_NA,204447224,10/8/2017,7808,255,7553,0,7553,2114,5439,1826,3613,2114,710,2536
TJN_TJX_TJMaxx 2H DIG_FY18,Conversant Inc.,PJPTLN_TJN_TJC_031_Audience_CONVERSANT_PUR_ROI_MAP_NET_DSP_TRG_RON_BTG_BTG_DVY_SMARTPHONE MEDIUM RECTANGLE - TRENDSETTERS_Run of Site_Other_P18+_300 x 250_Standard_NV_NA,204446141,10/11/2017,5716,75,5641,3,5638,865,4773,2304,2469,868,419,2723
TJN_TJX_TJMaxx 2H DIG_FY18,Viant,"PK2V4Y_TJN_TJX_028_Data_VIANT INC_DSI_SV1_MWB_DIR_RCH_TRG_INT_BTG_CTG_DVY_PHASE 1_VIANT IMP, W25-54 STRATEGIC SAVERS, CONTOBOX - Fall Homes_Fixed Placement_Behavioral_F25-54_320 x 50_Click and View_NV_NA",205685980,10/15/2017,461,6,455,10,445,78,367,210,157,88,50,260
TJN_TJX_TJMaxx 2H DIG_FY18,xAd Inc.,PJYDBV_TJN_TJX_028_Mobile_GROUND TRUTH FKA XAD_DST_SV1_MAP_DIR_RCH_TRG_RON_BTG_BTG_DVY_PHASE 1_BEHAVIORAL AUDIENCE STRATEGIC SAVERS PLACEMENT - RICH MEDIA STORE LOCATOR - Maxx You Maxx Life_Run of Network_Behavioral_F25-54_320 x 50_Click and View_NV_NA,205148243,10/3/2017,8,0,8,6,2,2,0,0,0,8,7,7
TJN_TJX_TJMaxx 2H DIG_FY18,Foursquare,"PJPSSV_TJN_TJX_028_Audience_FOURSQUARE LABS, INC_DST_SV1_MAP_PRO_RCH_TRG_RON_PXT_BTG_DVY_PHASE 1_MOBILE RICH MEDIA STRATEGIC SAVERS - Fall Handbag_Run of Network_Geo_F25-54_300 x 250_Standard_NV_NA",204525360,10/12/2017,4482,55,4427,870,3557,279,3278,918,2360,1149,322,1240
TJN_TJX_TJMaxx 2H DIG_FY18,xAd Inc.,PJPXJR_TJN_TJX_028_Mobile_GROUND TRUTH FKA XAD_DST_SV1_MAP_DIR_DSP_TRG_RON_RTG_RTG_DVY_PHASE 1_LOCATION AUDIENCE TJX SHOPPERS PLACEMENT - STANDARD BANNER - Fall Hero_Run of Network_Retarget_F25-54_300 x 250_Click and View_NV_NA,204442105,10/15/2017,7658,213,7445,7358,87,0,87,71,16,7358,6005,6076
TJN_TJX_TJMaxx 2H DIG_FY18,Foursquare,"PJMQ2D_TJN_TJX_028_Audience_FOURSQUARE LABS, INC_DST_SV1_MAP_PRO_DSP_TRG_RON_PXT_BTG_DVY_PHASE 1_PINPOINT STRATEGIC SAVERS_Run of Network_Geo_F25-54_300 x 250_Standard_NV_NA",204483457,9/19/2017,24226,2692,21534,4617,16917,1708,15209,5501,9708,6325,2288,7789
TJN_TJX_TJMaxx 2H DIG_FY18,Conversant Inc.,PJNPMH_TJN_TJC_031_Audience_CONVERSANT_PUR_ROI_MAP_NET_DSP_TRG_RON_BTG_BTG_DVY_SMARTPHONE SMALL BANNER - STRATEGIC SAVERS_Run of Site_Other_P18+_320 x 50_Standard_NV_NA,204442066,10/19/2017,2509,46,2463,0,2463,528,1935,871,1064,528,238,1109
TJN_TJX_TJMaxx 2H DIG_FY18,Conversant Inc.,PJPTLN_TJN_TJC_031_Audience_CONVERSANT_PUR_ROI_MAP_NET_DSP_TRG_RON_BTG_BTG_DVY_SMARTPHONE MEDIUM RECTANGLE - TRENDSETTERS_Run of Site_Other_P18+_300 x 250_Standard_NV_NA,204446141,10/6/2017,6884,84,6800,0,6800,898,5902,3225,2677,898,491,3716
TJN_TJX_TJMaxx 2H DIG_FY18,xAd Inc.,PJPXJY_TJN_TJX_028_Mobile_GROUND TRUTH FKA XAD_DST_SV1_MAP_DIR_DSP_TRG_RON_BTG_BTG_DVY_PHASE 1_BEHAVIORAL AUDIENCE STRATEGIC SAVERS PLACEMENT - STANDARD BANNER - Fall Hero_Run of Network_Behavioral_F25-54_300 x 250_Click and View_NV_NA,204484017,9/21/2017,9672,184,9488,9480,8,1,7,2,5,9481,2709,2711
TJN_TJX_TJMaxx 2H DIG_FY18,Conversant Inc.,PJPWP8_TJN_TJX_028_Audience_CONVERSANT_DST_SV1_DSK_NET_DSP_TRG_RON_BTG_BTG_DVY_PHASE 1_ DESKTOP LEADERBOARD - CONVERSANT SHOPPERS AV_Run of Site_Behavioral_P18+_728 x 90_Standard_NV_NA,204446132,10/2/2017,621,38,583,0,583,174,409,233,176,174,99,332
TJN_TJX_TJMaxx 2H DIG_FY18,Viant,"PJNSGR_TJN_TJX_028_Data_VIANT INC_DSI_SV1_TWB_DIR_DSP_TRG_RON_BTG_CTG_DVY_PHASE 1_VIANT DIRECT MATCH RETAIL, TJX PORFOLIO LOYALISTS, DISPLAY_Fixed Placement_Behavioral_F25-54_160 x 600_Standard_NV_NA",204478520,9/21/2017,1060,11,1049,0,1049,84,965,171,794,84,15,186
TJN_TJX_TJMaxx 2H DIG_FY18,xAd Inc.,PJPXJZ_TJN_TJX_028_Mobile_GROUND TRUTH FKA XAD_DST_SV1_MAP_DIR_DSP_TRG_RON_BTG_BTG_DVY_PHASE 1_BEHAVIORAL AUDIENCE TRENDSETTERS PLACEMENT - STANDARD BANNER - Fall Hero_Run of Network_Behavioral_F25-54_300 x 250_Click and View_NV_NA,204446156,9/6/2017,21104,761,20343,18576,1767,20,1747,1687,60,18596,17770,19457
TJN_TJX_TJMaxx 2H DIG_FY18,Conversant Inc.,PJPWP8_TJN_TJX_028_Audience_CONVERSANT_DST_SV1_DSK_NET_DSP_TRG_RON_BTG_BTG_DVY_PHASE 1_ DESKTOP LEADERBOARD - CONVERSANT SHOPPERS AV_Run of Site_Behavioral_P18+_728 x 90_Standard_NV_NA,204446132,9/23/2017,839,81,758,0,758,137,621,403,218,137,89,492
TJN_MAR_023_Marshalls 2H Digital_F18,NinthDecimal,PJPSRS_TJN_MAR_023_Mobile_NINTHDECIMAL_DST_SV1_MAP_DIR_RCH_TRG_RON_PXT_DMA_DVY_GEOFENCE: 5-10-MILE RADIUS AROUND SUBURBAN STORES_Run of Network_Geo_F25-54_320 x 50_Click and View_NV_NA,204541748,9/7/2017,16519,409,16110,6242,9868,128,9740,9549,191,6370,6245,15794
TJN_TJX_TJMaxx 2H DIG_FY18,Foursquare,"PJPRVC_TJN_TJX_028_Audience_FOURSQUARE LABS, INC_DST_SV1_MAP_PRO_DSP_TRG_RON_PXT_BTG_DVY_PHASE 1_PINPOINT TRENDSETTERS AV_Run of Network_Geo_F25-54_320 x 50_Standard_NV_NA",204527421,9/24/2017,2993,228,2765,806,1959,65,1894,1469,425,871,676,2145
TJN_TJX_TJMaxx 2H DIG_FY18,Conversant Inc.,PJPWPG_TJN_TJX_028_Audience_CONVERSANT_DST_SV1_TAP_NET_DSP_TRG_RON_BTG_BTG_DVY_PHASE 1_ TABLET MEDIUM RECTANGLE  - CONVERSANT SHOPPERS AV_Run of Site_Behavioral_P18+_300 x 250_Standard_NV_NA,204446129,10/12/2017,344,0,344,0,344,48,296,63,233,48,10,73
TJN_TJX_TJMaxx 2H DIG_FY18,Viant,"PJSPBS_TJN_TJC_031_Data_VIANT INC_PUR_ROI_DSK_DIR_DSP_TRG_RON_BTG_MKT_DVY_DETERMINSTIC LAL OF ECOM CONVERTERS, CROSS DEVICE DISPLAY_Fixed Placement_Behavioral_F25-54_728 x 90_Click_NV_NA",204733518,10/19/2017,1151,38,1113,1,1112,74,1038,845,193,75,61,906
TJN_TJX_TJMaxx 2H DIG_FY18,PlaceIQ,PK19YY_TJN_TJX_028_Mobile_PLACEIQ INC_DST_SV1_MAP_DIR_RCH_TRG_RON_BTG_PTG_DVY_PHASE 1_RICH MEDIA_STRATEGIC SAVERS_FREQUENT WOMEN'S APPAREL SHOPPER+DISCRETIONARY SPEND SHOPPERS_Run of Network_Behavioral_F25-54_320 x 50_Click and View_NV_NA,205568681,10/20/2017,10111,249,9862,4658,5204,204,5000,4859,141,4862,4725,9584
TJN_TJX_TJMaxx 2H DIG_FY18,Viant,PJPXKS_TJN_TJX_028_Data_VIANT INC_DSI_SV1_DSK_DIR_DSP_TRG_RON_BTG_CTG_DVY_PHASE 1_DESKTOP DISPLAY VIANT IMP TARGETING - STRATEGIC SAVERS AV_Fixed Placement_Demo_F25-54_160 x 600_Standard_NV_NA,204477475,9/28/2017,227,179,48,0,48,8,40,13,27,8,3,16
TJN_TJX_TJMaxx 2H DIG_FY18,Viant,"PJNSHG_TJN_TJX_028_Data_VIANT INC_DSI_SV1_DSK_DIR_DSP_TRG_RON_BTG_CTG_DVY_PHASE 1_VIANT DIRECT MATCH RETAIL, COMPETITIVE CONQUESTING, DISPLAY_Fixed Placement_Behavioral_F25-54_728 x 90_Standard_NV_NA",204478490,9/28/2017,5,0,5,0,5,0,5,5,0,0,0,5
TJN_MAR_023_Marshalls 2H Digital_F18,NinthDecimal,PJPSRZ_TJN_MAR_023_Mobile_NINTHDECIMAL_DST_SV1_MAP_DIR_RCH_TRG_RON_BTG_DMA_DVY_CONSUMER JOURNEY: BARGAIN HUNTERS_Run of Network_Behavioral_F25-54_320 x 50_Click and View_NV_NA,204542873,10/5/2017,9978,201,9777,4173,5604,40,5564,5378,186,4213,4072,9450
TJN_TJX_TJMaxx 2H DIG_FY18,xAd Inc.,PKF8WD_TJN_TJX_028_Mobile_GROUND TRUTH FKA XAD_DST_SV1_MAP_DIR_RCH_TRG_RON_PXT_PXT_DVY_PHASE 1_PROXIMITY LOYALTY PLACEMENT - RICH MEDIA STORE LOCATOR - Find A Store V1_Run of Network_Geo_F25-54_320 x 50_Click and View_NV_NA,206772065,10/20/2017,10646,137,10509,2646,7863,23,7840,7567,273,2669,2576,10143
TJN_TJX_TJMaxx 2H DIG_FY18,Foursquare,"PJYHWD_TJN_TJX_028_Audience_FOURSQUARE LABS, INC_DST_SV1_MAP_PRO_DSP_TRG_RON_PXT_BTG_DVY_PHASE 1_PINPOINT COMPETITIVE CONQUESTING_Run of Network_Geo_F25-54_300 x 250_Standard_NV_NA",205235284,9/14/2017,22313,2650,19663,8356,11307,4270,7037,3316,3721,12626,5950,9266
TJN_TJX_TJMaxx 2H DIG_FY18,Conversant Inc.,PJPWBW_TJN_TJX_028_Audience_CONVERSANT_DST_SV1_DSK_NET_DSP_TRG_RON_BTG_BTG_DVY_PHASE 1_ DESKTOP RECTANGLE - CJ INTERACTORS LAL MODELING_Run of Site_Behavioral_P18+_300 x 600_Standard_NV_NA,204447740,10/12/2017,11437,802,10635,6,10629,1516,9113,2882,6231,1522,481,3363
TJN_TJX_TJMaxx 2H DIG_FY18,xAd Inc.,PKF465_TJN_TJX_028_Mobile_GROUND TRUTH FKA XAD_DST_SV1_MAP_DIR_DSP_TRG_RON_PXT_PXT_DVY_PHASE 1_PROXIMITY LOYALTY PLACEMENT - STANDARD BANNER - Dresses_Run of Network_Geo_F25-54_300 x 250_Click and View_NV_NA,206813101,10/20/2017,2766,53,2713,2713,0,0,0,0,0,2713,2713,2713
TJN_MAR_023_Marshalls 2H Digital_F18,xAd Inc.,PJQ0YC_TJN_MAR_023_Mobile_GROUND TRUTH FKA XAD_DST_SV1_MAP_DIR_DSP_TRG_RON_PXT_BTG_DVY_PROXIMITY CONQUESTING - DYNAMIC DISTANCE_Run of Network_Geo_F25-54_300 x 250_Click and View_NV_NA,204595923,9/5/2017,5523,60,5463,5458,5,0,5,4,1,5458,4366,4370
TJN_MAR_023_Marshalls 2H Digital_F18,Bustle,PKGB5V_TJN_MAR_023_Content_BUSTLE_Custom Content Roadblock Custom Shot Feature 3 - Panoramic_Roadblock_Contextual_F25-54_1 x 1_Click and View_NV_NA,206751418,10/17/2017,19735,499,19236,12,19224,17836,1388,772,616,17848,9927,10699
TJN_TJX_TJMaxx 2H DIG_FY18,xAd Inc.,PJPXJQ_TJN_TJX_028_Mobile_GROUND TRUTH FKA XAD_DST_SV1_MAP_DIR_DSP_TRG_RON_RTG_RTG_DVY_PHASE 1_LOCATION AUDIENCE TJX SHOPPERS PLACEMENT - STANDARD BANNER - TJMaxx_Run of Network_Retarget_F25-54_320 x 50_Click and View_NV_NA,204447839,9/22/2017,34560,554,34006,8977,25029,14125,10904,10089,815,23102,19615,29704
TJN_TJX_TJMaxx 2H DIG_FY18,Foursquare,"PKFMLR_TJN_TJX_028_Audience_FOURSQUARE LABS, INC_DST_SV1_MAP_PRO_RCH_TRG_RON_PXT_BTG_DVY_PHASE 1_MOBILE RICH MEDIA STRATEGIC SAVERS - Find A Store V2_Run of Network_Geo_F25-54_320 x 50_Standard_NV_NA",206832741,10/19/2017,13686,406,13280,9065,4215,472,3743,3335,408,9537,8497,11832
TJN_TJX_TJMaxx 2H DIG_FY18,Viant,"PJSPBV_TJN_TJC_031_Data_VIANT INC_PUR_ROI_MWB_DIR_DSP_TRG_RON_BTG_MKT_DVY_DETERMINSTIC LAL OF ECOM CONVERTERS, CROSS DEVICE DISPLAY_Fixed Placement_Behavioral_F25-54_160 x 600_Click_NV_NA",204733791,10/10/2017,20106,1560,18546,13,18533,738,17795,11267,6528,751,475,11742
TJN_TJX_TJMaxx 2H DIG_FY18,Viant,"PJNSHD_TJN_TJX_028_Data_VIANT INC_DSI_SV1_DSK_DIR_DSP_TRG_RON_BTG_CTG_DVY_PHASE 1_VIANT DIRECT MATCH RETAIL, COMPETITIVE CONQUESTING, DISPLAY_Fixed Placement_Behavioral_F25-54_160 x 600_Standard_NV_NA",204477281,9/20/2017,5680,183,5497,0,5497,412,5085,2102,2983,412,170,2272
TJN_TJX_TJMaxx 2H DIG_FY18,Foursquare,"PJYHWF_TJN_TJX_028_Audience_FOURSQUARE LABS, INC_DST_SV1_MAP_PRO_DSP_TRG_RON_PXT_BTG_DVY_PHASE 1_PINPOINT COMPETITIVE CONQUESTING_Run of Network_Geo_F25-54_320 x 50_Standard_NV_NA",205183220,10/3/2017,50859,1661,49198,37148,12050,410,11640,10179,1461,37558,32844,43023
TJN_TJX_TJMaxx 2H DIG_FY18,Foursquare,"PJYHWD_TJN_TJX_028_Audience_FOURSQUARE LABS, INC_DST_SV1_MAP_PRO_DSP_TRG_RON_PXT_BTG_DVY_PHASE 1_PINPOINT COMPETITIVE CONQUESTING_Run of Network_Geo_F25-54_300 x 250_Standard_NV_NA",205235284,10/14/2017,1573,19,1554,1050,504,45,459,230,229,1095,549,779
TJN_MAR_023_Marshalls 2H Digital_F18,NinthDecimal,PJPSRV_TJN_MAR_023_Mobile_NINTHDECIMAL_DST_SV1_MAP_DIR_RCH_TRG_RON_BTG_PXT_DVY_LOCATION GRAPH: MARSHALLS LOYALISTS_Run of Network_Behavioral_F25-54_320 x 50_Click and View_NV_NA,204555232,10/5/2017,14829,337,14492,5511,8981,32,8949,8680,269,5543,5376,14056
TJN_TJX_TJMaxx 2H DIG_FY18,Conversant Inc.,PJPWPD_TJN_TJX_028_Audience_CONVERSANT_DST_SV1_MAP_NET_DSP_TRG_RON_BTG_BTG_DVY_PHASE 1_ SMARTPHONE SMALL BANNER  - CONVERSANT SHOPPERS AV_Run of Site_Behavioral_P18+_320 x 50_Standard_NV_NA,204447251,9/26/2017,1692,42,1650,0,1650,401,1249,964,285,401,309,1273
TJN_TJX_TJMaxx 2H DIG_FY18,Viant,"PJNSGN_TJN_TJX_028_Data_VIANT INC_DSI_SV1_TWB_DIR_DSP_TRG_RON_BTG_CTG_DVY_PHASE 1_VIANT DIRECT MATCH RETAIL, TJX PORFOLIO LOYALISTS, DISPLAY_Fixed Placement_Behavioral_F25-54_300 x 250_Standard_NV_NA",204526347,10/7/2017,536,4,532,0,532,36,496,360,136,36,26,386
TJN_TJX_TJMaxx 2H DIG_FY18,Viant,"PJNSGW_TJN_TJX_028_Data_VIANT INC_DSI_SV1_DSK_DIR_DSP_TRG_RON_BTG_CTG_DVY_PHASE 1_VIANT DIRECT MATCH RETAIL, TJX PORFOLIO LOYALISTS, DISPLAY_Fixed Placement_Behavioral_F25-54_300 x 250_Standard_NV_NA",204478514,9/20/2017,11445,2338,9107,0,9107,503,8604,5190,3414,503,303,5493
TJN_TJX_TJMaxx 2H DIG_FY18,xAd Inc.,PJMTN5_TJN_TJX_028_Mobile_GROUND TRUTH FKA XAD_DST_SV1_MAP_DIR_RCH_TRG_RON_BTG_BTG_DVY_PHASE 1_BEHAVIORAL AUDIENCE TRENDSETTERS PLACEMENT - RICH MEDIA STORE LOCATOR - TJ Maxx_Run of Network_Behavioral_F25-54_320 x 50_Click and View_NV_NA,204442936,9/23/2017,18677,210,18467,8323,10144,134,10010,9569,441,8457,8084,17653
TJN_TJX_TJMaxx 2H DIG_FY18,xAd Inc.,PKF46H_TJN_TJX_028_Mobile_GROUND TRUTH FKA XAD_DST_SV1_MAP_DIR_DSP_TRG_RON_PXT_PXT_DVY_PHASE 1_PROXIMITY LOYALTY PLACEMENT - STANDARD BANNER - Sweaters_Run of Network_Geo_F25-54_300 x 250_Click and View_NV_NA,206772605,10/20/2017,2766,53,2713,2713,0,0,0,0,0,2713,1628,1628
TJN_TJX_TJMaxx 2H DIG_FY18,Viant,"PK2V4W_TJN_TJX_028_Data_VIANT INC_DSI_SV1_DSK_DIR_RCH_TRG_INT_BTG_CTG_DVY_PHASE 1_VIANT IMP, W25-54 STRATEGIC SAVERS, CONTOBOX - Fall Homes_Fixed Placement_Behavioral_F25-54_728 x 90_Click and View_NV_NA",205687309,10/12/2017,2651,207,2444,8,2436,338,2098,1173,925,346,193,1366
TJN_MAR_023_Marshalls 2H Digital_F18,xAd Inc.,PJQ0YN_TJN_MAR_023_Mobile_GROUND TRUTH FKA XAD_DST_SV1_MAP_DIR_DSP_TRG_RON_PXT_BTG_DVY_GEOBLOCKS LOYALTY - DYNAMIC DISTANCE_Run of Network_Geo_F25-54_320 x 50_Click and View_NV_NA,204558328,10/2/2017,3,3,0,0,0,0,0,0,0,0,0,0
TJN_MAR_023_Marshalls 2H Digital_F18,Bustle,PKLNMT_TJN_MAR_023_Content_BUSTLE_HPTO - 300x250 10/17_Run of Site_Contextual_F25-54_300 x 250_Click and View_NV_NA,207143576,10/16/2017,24,1,23,0,23,1,22,17,5,1,1,18
TJN_TJX_TJMaxx 2H DIG_FY18,xAd Inc.,PKF5T8_TJN_TJX_028_Mobile_GROUND TRUTH FKA XAD_DST_SV1_MAP_DIR_DSP_TRG_RON_RTG_RTG_DVY_PHASE 1_LOCATION AUDIENCE TJX SHOPPERS PLACEMENT - STANDARD BANNER - Find A Store V1_Run of Network_Retarget_F25-54_320 x 50_Click and View_NV_NA,206772554,10/14/2017,4457,60,4397,2023,2374,37,2337,1698,639,2060,1497,3195
TJN_TJX_TJMaxx 2H DIG_FY18,PlaceIQ,PK19Z0_TJN_TJX_028_Mobile_PLACEIQ INC_DST_SV1_MAP_DIR_RCH_TRG_RON_BTG_PTG_DVY_PHASE 1_RICH MEDIA_STRATEGIC SAVERS_APPAREL OR FURNISHINGS DISCRETIONARY SPEND+IMPULSE BUYER SHOPPERS_Run of Network_Behavioral_F25-54_320 x 50_Click and View_NV_NA,205563158,9/29/2017,157137,5467,151670,88892,62778,2115,60663,58908,1755,91007,88374,147282
TJN_TJX_TJMaxx 2H DIG_FY18,xAd Inc.,PJMTN8_TJN_TJX_028_Mobile_GROUND TRUTH FKA XAD_DST_SV1_MAP_DIR_DSP_TRG_RON_BTG_BTG_DVY_PHASE 1_BEHAVIORAL AUDIENCE STRATEGIC SAVERS PLACEMENT - STANDARD BANNER - Maxx You Maxx Life_Run of Network_Behavioral_F25-54_320 x 50_Click and View_NV_NA,204447851,10/15/2017,13759,174,13585,3787,9798,2888,6910,4998,1912,6675,4786,9784
TJN_TJX_TJMaxx 2H DIG_FY18,Conversant Inc.,PJNPMD_TJN_TJC_031_Audience_CONVERSANT_PUR_ROI_TAP_NET_DSP_TRG_RON_BTG_BTG_DVY_TABLET MEDIUM RECTANGLE - STRATEGIC SAVERS_Run of Site_Other_P18+_300 x 250_Standard_NV_NA,204483960,10/19/2017,954,16,938,0,938,203,735,204,531,203,56,260
TJN_MAR_023_Marshalls 2H Digital_F18,xAd Inc.,PJQ0Y8_TJN_MAR_023_Mobile_GROUND TRUTH FKA XAD_DST_SV1_MAP_DIR_RCH_TRG_RON_WEA_PXT_DVY_PROXIMITY LOYALTY - WEATHER LOCATOR UNIT_Run of Network_Weather_F25-54_320 x 50_Click and View_NV_NA,204556189,9/12/2017,39382,1061,38321,26613,11708,140,11568,10196,1372,26753,23580,33776
TJN_MAR_023_Marshalls 2H Digital_F18,xAd Inc.,PJQ0YN_TJN_MAR_023_Mobile_GROUND TRUTH FKA XAD_DST_SV1_MAP_DIR_DSP_TRG_RON_PXT_BTG_DVY_GEOBLOCKS LOYALTY - DYNAMIC DISTANCE_Run of Network_Geo_F25-54_320 x 50_Click and View_NV_NA,204558328,9/23/2017,14353,427,13926,11282,2644,931,1713,1496,217,12213,9279,10775
TJN_TJX_TJMaxx 2H DIG_FY18,Conversant Inc.,PJPTLQ_TJN_TJC_031_Audience_CONVERSANT_PUR_ROI_DSK_NET_DSP_TRG_RON_BTG_BTG_DVY_DESKTOP MEDIUM RECTANGLE- TRENDSETTERS_Run of Site_Other_P18+_300 x 250_Standard_NV_NA,204446138,10/21/2017,1428,50,1378,1,1377,257,1120,359,761,258,83,442
TJN_TJX_TJMaxx 2H DIG_FY18,Viant,"PK2X7D_TJN_TJX_028_Data_VIANT INC_DSI_SV1_TWB_DIR_RCH_TRG_INT_BTG_CTG_DVY_PHASE 1_VIANT IMP, W25-54 STRATEGIC SAVERS, CONTOBOX - Honeycomb_Fixed Placement_Behavioral_F25-54_728 x 90_Click and View_NV_NA",205727832,10/13/2017,437,15,422,2,420,27,393,109,284,29,8,117
TJN_TJX_TJMaxx 2H DIG_FY18,Foursquare,"PJPRVG_TJN_TJX_028_Audience_FOURSQUARE LABS, INC_DST_SV1_MAP_PRO_DSP_TRG_RON_PXT_BTG_DVY_PHASE 1_PINPOINT COMPETITIVE CONQUESTING AV_Run of Network_Geo_F25-54_300 x 250_Standard_NV_NA",204527412,10/18/2017,127,4,123,109,14,0,14,10,4,109,78,88
TJN_TJX_TJMaxx 2H DIG_FY18,xAd Inc.,PJMTN5_TJN_TJX_028_Mobile_GROUND TRUTH FKA XAD_DST_SV1_MAP_DIR_RCH_TRG_RON_BTG_BTG_DVY_PHASE 1_BEHAVIORAL AUDIENCE TRENDSETTERS PLACEMENT - RICH MEDIA STORE LOCATOR - TJ Maxx_Run of Network_Behavioral_F25-54_320 x 50_Click and View_NV_NA,204442936,10/2/2017,5,0,5,3,2,2,0,0,0,5,4,4
TJN_MAR_023_Marshalls 2H Digital_F18,xAd Inc.,PJQ0YJ_TJN_MAR_023_Mobile_GROUND TRUTH FKA XAD_DST_SV1_MAP_DIR_DSP_TRG_RON_BTG_PXT_DVY_MARSHALLS SHOPPERS - DYNAMIC DISTANCE_Run of Network_Geo_F25-54_320 x 50_Click and View_NV_NA,204595911,9/28/2017,10017,194,9823,7434,2389,142,2247,1883,364,7576,6156,8039
TJN_TJX_TJMaxx 2H DIG_FY18,Foursquare,"PJPSSX_TJN_TJX_028_Audience_FOURSQUARE LABS, INC_DST_SV1_MAP_PRO_RCH_TRG_RON_PXT_BTG_DVY_PHASE 1_MOBILE RICH MEDIA TRENDSETTERS - Fall Handbag_Run of Network_Geo_F25-54_300 x 250_Standard_NV_NA",204525354,9/26/2017,1987,128,1859,554,1305,65,1240,355,885,619,177,532
TJN_TJX_TJMaxx 2H DIG_FY18,xAd Inc.,PJMTMQ_TJN_TJX_028_Mobile_GROUND TRUTH FKA XAD_DST_SV1_MAP_DIR_RCH_TRG_RON_PXT_PXT_DVY_PHASE 1_PROXIMITY LOYALTY PLACEMENT - RICH MEDIA STORE LOCATOR - TJ Maxx_Run of Network_Geo_F25-54_320 x 50_Click and View_NV_NA,204442090,9/27/2017,27887,529,27358,10102,17256,183,17073,16155,918,10285,9732,25887
TJN_TJX_TJMaxx 2H DIG_FY18,Hulu,PK3CXJ_TJN_TJX_027_Content_HULU_BAF_BS2_MAP_DIR_CUS_SPN_CHS_CTG_CTG_DVY_FALL TV SPONSORSHIP: PREMIUM SLATE - MOBILE IN APP_FEP_Contextual_F25-54_1920 x 1080_Standard_NV_NA,205683919,10/17/2017,1966,12,1954,1954,0,0,0,0,0,1954,1305,1305
TJN_TJX_TJMaxx 2H DIG_FY18,Conversant Inc.,PJPWPF_TJN_TJX_028_Audience_CONVERSANT_DST_SV1_TAP_NET_DSP_TRG_RON_BTG_BTG_DVY_PHASE 1_ TABLET LEADERBOARD - CONVERSANT SHOPPERS AV_Run of Site_Behavioral_P18+_728 x 90_Standard_NV_NA,204442915,10/2/2017,41,0,41,0,41,5,36,22,14,5,3,25
TJN_TJX_TJMaxx 2H DIG_FY18,Conversant Inc.,PJPWP9_TJN_TJX_028_Audience_CONVERSANT_DST_SV1_DSK_NET_DSP_TRG_RON_BTG_BTG_DVY_PHASE 1_ DESKTOP MEDIUM RECTANGLE - CONVERSANT SHOPPERS AV_Run of Site_Behavioral_P18+_300 x 250_Standard_NV_NA,204483957,9/17/2017,1258,56,1202,0,1202,216,986,310,676,216,68,378
TJN_TJX_TJMaxx 2H DIG_FY18,xAd Inc.,PJPXK1_TJN_TJX_028_Mobile_GROUND TRUTH FKA XAD_DST_SV1_MAP_DIR_DSP_TRG_RON_PXT_PXT_DVY_PHASE 1_PROXIMITY LOYALTY PLACEMENT - STANDARD BANNER - TJMaxx_Run of Network_Geo_F25-54_320 x 50_Click and View_NV_NA,204483996,9/9/2017,44371,556,43815,6287,37528,15521,22007,13691,8316,21808,13606,27297
TJN_TJX_TJMaxx 2H DIG_FY18,Viant,"PJSPCK_TJN_TJC_031_Data_VIANT INC_PUR_ROI_MWB_DIR_DSP_TRG_RON_BTG_MKT_DVY_W25-54 + ONLINE SHOPPERS, CROSS DEVICE DISPLAY_Fixed Placement_Behavioral_F25-54_160 x 600_Click_NV_NA",204733041,10/6/2017,122,10,112,0,112,7,105,36,69,7,2,38
TJN_TJX_TJMaxx 2H DIG_FY18,Foursquare,"PJPQL0_TJN_TJX_028_Audience_FOURSQUARE LABS, INC_DST_SV1_MAP_PRO_DSP_TRG_RON_PXT_BTG_DVY_PHASE 1_PINPOINT TRENDSETTERS_Run of Network_Geo_F25-54_320 x 50_Standard_NV_NA",204478094,10/7/2017,111177,2219,108958,61846,47112,1940,45172,36774,8398,63786,51927,88701
TJN_TJX_TJMaxx 2H DIG_FY18,xAd Inc.,PJPXK1_TJN_TJX_028_Mobile_GROUND TRUTH FKA XAD_DST_SV1_MAP_DIR_DSP_TRG_RON_PXT_PXT_DVY_PHASE 1_PROXIMITY LOYALTY PLACEMENT - STANDARD BANNER - TJMaxx_Run of Network_Geo_F25-54_320 x 50_Click and View_NV_NA,204483996,10/21/2017,7352,90,7262,2438,4824,58,4766,3146,1620,2496,1472,4618
TJN_TJX_TJMaxx 2H DIG_FY18,Foursquare,"PKFMKF_TJN_TJX_028_Audience_FOURSQUARE LABS, INC_DST_SV1_MAP_PRO_RCH_TRG_RON_PXT_BTG_DVY_PHASE 1_MOBILE RICH MEDIA TRENDSETTERS - Find A Store V1_Run of Network_Geo_F25-54_320 x 50_Standard_NV_NA",206833551,10/19/2017,36935,778,36157,25927,10230,1347,8883,7770,1113,27274,23857,31627
TJN_TJX_TJMaxx 2H DIG_FY18,Viant,"PJNSH9_TJN_TJX_028_Data_VIANT INC_DSI_SV1_TWB_DIR_DSP_TRG_RON_BTG_CTG_DVY_PHASE 1_VIANT DIRECT MATCH RETAIL, COMPETITIVE CONQUESTING, DISPLAY_Fixed Placement_Behavioral_F25-54_300 x 250_Standard_NV_NA",204526701,10/15/2017,10231,34,10197,0,10197,2018,8179,6380,1799,2018,1574,7954
TJN_TJX_TJMaxx 2H DIG_FY18,Conversant Inc.,PJPTMP_TJN_TJC_031_Audience_CONVERSANT_PUR_ROI_DSK_NET_DSP_TRG_RON_BTG_BTG_DVY_DESKTOP LEADERBOARD- COMPETITIVE CONQUESTING_Run of Site_Other_P18+_728 x 90_Standard_NV_NA,204443389,10/21/2017,2077,57,2020,0,2020,360,1660,508,1152,360,110,618
TJN_TJX_TJMaxx 2H DIG_FY18,xAd Inc.,PKF5TF_TJN_TJX_028_Mobile_GROUND TRUTH FKA XAD_DST_SV1_MAP_DIR_DSP_TRG_RON_RTG_RTG_DVY_PHASE 1_LOCATION AUDIENCE TJX SHOPPERS PLACEMENT - STANDARD BANNER - Find A Store V2_Run of Network_Retarget_F25-54_320 x 50_Click and View_NV_NA,206765393,10/13/2017,938,3,935,380,555,7,548,341,207,387,241,582
TJN_TJX_TJMaxx 2H DIG_FY18,Conversant Inc.,PJPWPF_TJN_TJX_028_Audience_CONVERSANT_DST_SV1_TAP_NET_DSP_TRG_RON_BTG_BTG_DVY_PHASE 1_ TABLET LEADERBOARD - CONVERSANT SHOPPERS AV_Run of Site_Behavioral_P18+_728 x 90_Standard_NV_NA,204442915,9/23/2017,61,3,58,0,58,22,36,9,27,22,6,15
TJN_TJX_TJMaxx 2H DIG_FY18,Viant,"PK2V4V_TJN_TJX_028_Data_VIANT INC_DSI_SV1_TWB_DIR_RCH_TRG_INT_BTG_CTG_DVY_PHASE 1_VIANT IMP, W25-54 STRATEGIC SAVERS, CONTOBOX - Fall Homes_Fixed Placement_Behavioral_F25-54_728 x 90_Click and View_NV_NA",205725966,9/29/2017,8907,69,8838,7,8831,1131,7700,3500,4200,1138,517,4017
TJN_TJX_TJMaxx 2H DIG_FY18,Conversant Inc.,PJPTMN_TJN_TJC_031_Audience_CONVERSANT_PUR_ROI_MAP_NET_DSP_TRG_RON_BTG_BTG_DVY_SMARTPHONE MEDIUM RECTANGLE - COMPETITIVE CONQUESTING_Run of Site_Other_P18+_300 x 250_Standard_NV_NA,204447221,10/10/2017,8693,47,8646,2,8644,1744,6900,3123,3777,1746,790,3913
TJN_TJX_TJMaxx 2H DIG_FY18,Hulu,PK3CXN_TJN_TJX_027_Content_HULU_BAF_BS2_CTV_DIR_CUS_SPN_CHS_CTG_CTG_DVY_FALL TV SPONSORSHIP: PREMIUM SLATE - CONNECTED TV_FEP_Contextual_F25-54_1920 x 1080_Standard_NV_NA,205725861,10/13/2017,104529,329,104200,104200,0,0,0,0,0,104200,71414,71414
TJN_TJX_TJMaxx 2H DIG_FY18,NBC Universal Media,PK2LHG_TJN_TJX_028_Content_NBCUNI.COM_BAF_BS2_DSK_DIR_DSP_SPN_HPT_CTG_CTG_DCM_100% SOV NBC THIS IS US ROADBLOCK 10/10 - 970X66 DESKTOP_HP Takeover_Contextual_F25-54_970 x 66_Standard_NV_NA,205568267,10/10/2017,32260,813,31447,167,31280,606,30674,24318,6356,773,613,24931
TJN_TJX_TJMaxx 2H DIG_FY18,Viant,"PJSPBX_TJN_TJC_031_Data_VIANT INC_PUR_ROI_TWB_DIR_DSP_TRG_RON_BTG_MKT_DVY_DETERMINSTIC LAL OF ECOM CONVERTERS, CROSS DEVICE DISPLAY_Fixed Placement_Behavioral_F25-54_728 x 90_Click_NV_NA",204716188,10/13/2017,507,10,497,1,496,68,428,224,204,69,36,260
TJN_TJX_TJMaxx 2H DIG_FY18,xAd Inc.,PJMTN9_TJN_TJX_028_Mobile_GROUND TRUTH FKA XAD_DST_SV1_MAP_DIR_DSP_TRG_RON_BTG_BTG_DVY_PHASE 1_BEHAVIORAL AUDIENCE STRATEGIC SAVERS PLACEMENT - STANDARD BANNER - Fall Handbag_Run of Network_Behavioral_F25-54_300 x 250_Click and View_NV_NA,204447293,10/20/2017,8092,110,7982,7982,0,0,0,0,0,7982,6463,6463
TJN_TJX_TJMaxx 2H DIG_FY18,Viant,"PK2X7G_TJN_TJX_028_Data_VIANT INC_DSI_SV1_DSK_DIR_RCH_TRG_INT_BTG_CTG_DVY_PHASE 1_VIANT IMP, W25-54 STRATEGIC SAVERS, CONTOBOX - Honeycomb_Fixed Placement_Behavioral_F25-54_300 x 250_Click and View_NV_NA",205688467,10/7/2017,2736,45,2691,2,2689,268,2421,789,1632,270,88,877
TJN_TJX_TJMaxx 2H DIG_FY18,Conversant Inc.,PJPTMH_TJN_TJC_031_Audience_CONVERSANT_PUR_ROI_TAP_NET_DSP_TRG_RON_BTG_BTG_DVY_TABLET LEADERBOARD- COMPETITIVE CONQUESTING_Run of Site_Other_P18+_728 x 90_Standard_NV_NA,204483936,10/15/2017,319,2,317,77,240,30,210,189,21,107,96,285
TJN_TJX_TJMaxx 2H DIG_FY18,Foursquare,"PJPQL0_TJN_TJX_028_Audience_FOURSQUARE LABS, INC_DST_SV1_MAP_PRO_DSP_TRG_RON_PXT_BTG_DVY_PHASE 1_PINPOINT TRENDSETTERS_Run of Network_Geo_F25-54_320 x 50_Standard_NV_NA",204478094,9/8/2017,88629,4117,84512,47094,37418,1441,35977,20784,15193,48535,28039,48823
TJN_TJX_TJMaxx 2H DIG_FY18,Conversant Inc.,PJPWPF_TJN_TJX_028_Audience_CONVERSANT_DST_SV1_TAP_NET_DSP_TRG_RON_BTG_BTG_DVY_PHASE 1_ TABLET LEADERBOARD - CONVERSANT SHOPPERS AV_Run of Site_Behavioral_P18+_728 x 90_Standard_NV_NA,204442915,10/1/2017,45,1,44,0,44,3,41,16,25,3,1,17
TJN_TJX_TJMaxx 2H DIG_FY18,Viant,"PJNSGQ_TJN_TJX_028_Data_VIANT INC_DSI_SV1_MWB_DIR_DSP_TRG_RON_BTG_CTG_DVY_PHASE 1_VIANT DIRECT MATCH RETAIL, TJX PORFOLIO LOYALISTS, DISPLAY_Fixed Placement_Behavioral_F25-54_300 x 250_Standard_NV_NA",204482395,10/8/2017,107,3,104,0,104,21,83,22,61,21,6,28
TJN_TJX_TJMaxx 2H DIG_FY18,Conversant Inc.,PJNPM2_TJN_TJX_028_Audience_CONVERSANT_DST_SV1_MAP_NET_DSP_TRG_RON_BTG_BTG_DVY_PHASE 1_ SMARTPHONE MEDIUM RECTANGLE  - CJ CONVERTERS LAL MODELING_Run of Site_Behavioral_P18+_300 x 250_Standard_NV_NA,204442021,10/8/2017,15512,219,15293,164,15129,2215,12914,3557,9357,2379,655,4212
TJN_MAR_023_Marshalls 2H Digital_F18,xAd Inc.,PJQ0Y9_TJN_MAR_023_Mobile_GROUND TRUTH FKA XAD_DST_SV1_MAP_DIR_RCH_TRG_RON_WEA_PXT_DVY_PROXIMITY LOYALTY - WEATHER LOCATOR UNIT_Run of Network_Weather_F25-54_300 x 250_Click and View_NV_NA,204541757,10/20/2017,269838,3308,266530,143950,122580,1396,121184,110420,10764,145346,132436,242856
TJN_TJX_TJMaxx 2H DIG_FY18,xAd Inc.,PJMTN2_TJN_TJX_028_Mobile_GROUND TRUTH FKA XAD_DST_SV1_MAP_DIR_DSP_TRG_RON_RTG_RTG_DVY_PHASE 1_LOCATION AUDIENCE COMPETITIVE CONQUESTING PLACEMENT - STANDARD BANNER - Fall Handbag_Run of Network_Retarget_F25-54_300 x 250_Click and View_NV_NA,204447824,9/12/2017,14316,204,14112,14096,16,0,16,6,10,14096,5286,5292
TJN_MAR_023_Marshalls 2H Digital_F18,xAd Inc.,PJQ0YP_TJN_MAR_023_Mobile_GROUND TRUTH FKA XAD_DST_SV1_MAP_DIR_DSP_TRG_RON_PXT_BTG_DVY_GEOBLOCKS LOYALTY - DYNAMIC DISTANCE_Run of Network_Geo_F25-54_300 x 250_Click and View_NV_NA,204537983,9/7/2017,5985,112,5873,5853,20,2,18,8,10,5855,2602,2610
TJN_TJX_TJMaxx 2H DIG_FY18,Viant,"PJSPCK_TJN_TJC_031_Data_VIANT INC_PUR_ROI_MWB_DIR_DSP_TRG_RON_BTG_MKT_DVY_W25-54 + ONLINE SHOPPERS, CROSS DEVICE DISPLAY_Fixed Placement_Behavioral_F25-54_160 x 600_Click_NV_NA",204733041,10/11/2017,1554,113,1441,0,1441,118,1323,509,814,118,45,554
TJN_MAR_023_Marshalls 2H Digital_F18,xAd Inc.,PJQ0YL_TJN_MAR_023_Mobile_GROUND TRUTH FKA XAD_DST_SV1_MAP_DIR_DSP_TRG_RON_BTG_PXT_DVY_COMPETITOR SHOPPERS - DYNAMIC DISTANCE_Run of Network_Geo_F25-54_320 x 50_Click and View_NV_NA,204595638,9/12/2017,18999,234,18765,14161,4604,971,3633,3396,237,15132,11189,14585
TJN_TJX_TJMaxx 2H DIG_FY18,Viant,"PJNSHG_TJN_TJX_028_Data_VIANT INC_DSI_SV1_DSK_DIR_DSP_TRG_RON_BTG_CTG_DVY_PHASE 1_VIANT DIRECT MATCH RETAIL, COMPETITIVE CONQUESTING, DISPLAY_Fixed Placement_Behavioral_F25-54_728 x 90_Standard_NV_NA",204478490,9/14/2017,384,7,377,0,377,15,362,329,33,15,14,343
TJN_TJX_TJMaxx 2H DIG_FY18,Foursquare,"PJMQ2D_TJN_TJX_028_Audience_FOURSQUARE LABS, INC_DST_SV1_MAP_PRO_DSP_TRG_RON_PXT_BTG_DVY_PHASE 1_PINPOINT STRATEGIC SAVERS_Run of Network_Geo_F25-54_300 x 250_Standard_NV_NA",204483457,9/16/2017,29444,4570,24874,7022,17852,4221,13631,4485,9146,11243,3699,8184
TJN_TJX_TJMaxx 2H DIG_FY18,Foursquare,"PJYHWD_TJN_TJX_028_Audience_FOURSQUARE LABS, INC_DST_SV1_MAP_PRO_DSP_TRG_RON_PXT_BTG_DVY_PHASE 1_PINPOINT COMPETITIVE CONQUESTING_Run of Network_Geo_F25-54_300 x 250_Standard_NV_NA",205235284,9/28/2017,5311,386,4925,2152,2773,155,2618,1289,1329,2307,1136,2425
TJN_MAR_023_Marshalls 2H Digital_F18,NinthDecimal,PJPSRZ_TJN_MAR_023_Mobile_NINTHDECIMAL_DST_SV1_MAP_DIR_RCH_TRG_RON_BTG_DMA_DVY_CONSUMER JOURNEY: BARGAIN HUNTERS_Run of Network_Behavioral_F25-54_320 x 50_Click and View_NV_NA,204542873,10/17/2017,33442,484,32958,9470,23488,137,23351,22512,839,9607,9262,31774
TJN_TJX_TJMaxx 2H DIG_FY18,xAd Inc.,PJMTN5_TJN_TJX_028_Mobile_GROUND TRUTH FKA XAD_DST_SV1_MAP_DIR_RCH_TRG_RON_BTG_BTG_DVY_PHASE 1_BEHAVIORAL AUDIENCE TRENDSETTERS PLACEMENT - RICH MEDIA STORE LOCATOR - TJ Maxx_Run of Network_Behavioral_F25-54_320 x 50_Click and View_NV_NA,204442936,10/1/2017,7,0,7,4,3,3,0,0,0,7,6,6
TJN_MAR_023_Marshalls 2H Digital_F18,NinthDecimal,PJPSRV_TJN_MAR_023_Mobile_NINTHDECIMAL_DST_SV1_MAP_DIR_RCH_TRG_RON_BTG_PXT_DVY_LOCATION GRAPH: MARSHALLS LOYALISTS_Run of Network_Behavioral_F25-54_320 x 50_Click and View_NV_NA,204555232,10/17/2017,59520,1358,58162,16658,41504,208,41296,39900,1396,16866,16296,56196
TJN_TJX_TJMaxx 2H DIG_FY18,Hulu,PK3F7G_TJN_TJX_027_Content_HULU_BAF_BS2_MAP_DIR_CUS_SPN_CHS_CTG_CTG_DVY_HULU ROS: PREMIUM SLATE - MOBILE IN APP_FEP_Contextual_F25-54_1920 x 1080_Standard_NV_NA,205634552,10/7/2017,2,0,2,2,0,0,0,0,0,2,1,1
TJN_TJX_TJMaxx 2H DIG_FY18,Conversant Inc.,PJPWPD_TJN_TJX_028_Audience_CONVERSANT_DST_SV1_MAP_NET_DSP_TRG_RON_BTG_BTG_DVY_PHASE 1_ SMARTPHONE SMALL BANNER  - CONVERSANT SHOPPERS AV_Run of Site_Behavioral_P18+_320 x 50_Standard_NV_NA,204447251,10/9/2017,134,2,132,0,132,25,107,80,27,25,19,99
TJN_TJX_TJMaxx 2H DIG_FY18,Viant,"PJNSHG_TJN_TJX_028_Data_VIANT INC_DSI_SV1_DSK_DIR_DSP_TRG_RON_BTG_CTG_DVY_PHASE 1_VIANT DIRECT MATCH RETAIL, COMPETITIVE CONQUESTING, DISPLAY_Fixed Placement_Behavioral_F25-54_728 x 90_Standard_NV_NA",204478490,10/14/2017,5802,138,5664,0,5664,757,4907,2638,2269,757,407,3045
TJN_TJX_TJMaxx 2H DIG_FY18,Viant,"PJNSGN_TJN_TJX_028_Data_VIANT INC_DSI_SV1_TWB_DIR_DSP_TRG_RON_BTG_CTG_DVY_PHASE 1_VIANT DIRECT MATCH RETAIL, TJX PORFOLIO LOYALISTS, DISPLAY_Fixed Placement_Behavioral_F25-54_300 x 250_Standard_NV_NA",204526347,9/8/2017,1254,176,1078,0,1078,65,1013,234,779,65,15,249
TJN_TJX_TJMaxx 2H DIG_FY18,Foursquare,"PKFMMC_TJN_TJX_028_Audience_FOURSQUARE LABS, INC_DST_SV1_MAP_PRO_RCH_TRG_RON_PXT_BTG_DVY_PHASE 1_MOBILE RICH MEDIA STRATEGIC SAVERS - Sweaters_Run of Network_Geo_F25-54_300 x 250_Standard_NV_NA",206771960,10/19/2017,1568,76,1492,1183,309,127,182,105,77,1310,756,861
TJN_MAR_023_Marshalls 2H Digital_F18,xAd Inc.,PJQ0YN_TJN_MAR_023_Mobile_GROUND TRUTH FKA XAD_DST_SV1_MAP_DIR_DSP_TRG_RON_PXT_BTG_DVY_GEOBLOCKS LOYALTY - DYNAMIC DISTANCE_Run of Network_Geo_F25-54_320 x 50_Click and View_NV_NA,204558328,10/1/2017,2,1,1,0,1,1,0,0,0,1,1,1
TJN_TJX_TJMaxx 2H DIG_FY18,Viant,"PJNSHB_TJN_TJX_028_Data_VIANT INC_DSI_SV1_MWB_DIR_DSP_TRG_RON_BTG_CTG_DVY_PHASE 1_VIANT DIRECT MATCH RETAIL, COMPETITIVE CONQUESTING, DISPLAY_Fixed Placement_Behavioral_F25-54_300 x 50_Standard_NV_NA",204478658,10/8/2017,50,0,50,0,50,18,32,24,8,18,14,38
TJN_TJX_TJMaxx 2H DIG_FY18,Foursquare,"PJPSSW_TJN_TJX_028_Audience_FOURSQUARE LABS, INC_DST_SV1_MAP_PRO_RCH_TRG_RON_PXT_BTG_DVY_PHASE 1_MOBILE RICH MEDIA STRATEGIC SAVERS - Find A TJ Maxx Store_Run of Network_Geo_F25-54_320 x 50_Standard_NV_NA",204525357,10/2/2017,53467,2504,50963,28289,22674,3621,19053,13074,5979,31910,21896,34970
TJN_MAR_023_Marshalls 2H Digital_F18,NinthDecimal,PJPSRS_TJN_MAR_023_Mobile_NINTHDECIMAL_DST_SV1_MAP_DIR_RCH_TRG_RON_PXT_DMA_DVY_GEOFENCE: 5-10-MILE RADIUS AROUND SUBURBAN STORES_Run of Network_Geo_F25-54_320 x 50_Click and View_NV_NA,204541748,10/4/2017,11139,255,10884,5918,4966,30,4936,4785,151,5948,5766,10551
TJN_MAR_023_Marshalls 2H Digital_F18,xAd Inc.,PJQ0Y7_TJN_MAR_023_Mobile_GROUND TRUTH FKA XAD_DST_SV1_MAP_DIR_DSP_TRG_RON_PXT_BTG_DVY_PROXIMITY LOYALTY - DYNAMIC DISTANCE_Run of Network_Geo_F25-54_300 x 250_Click and View_NV_NA,204541754,9/10/2017,40052,450,39602,39596,6,1,5,0,5,39597,0,0
TJN_MAR_023_Marshalls 2H Digital_F18,Bustle,PKGB7T_TJN_MAR_023_Content_BUSTLE_Custom Content Roadblock Custom Shot Feature 1 - 300x250_Roadblock_Contextual_F25-54_300 x 250_Click and View_NV_NA,206751412,10/15/2017,801,6,795,0,795,726,69,27,42,726,284,311
TJN_TJX_TJMaxx 2H DIG_FY18,Conversant Inc.,PJPTLJ_TJN_TJC_031_Audience_CONVERSANT_PUR_ROI_TAP_NET_DSP_TRG_RON_BTG_BTG_DVY_TABLET MEDIUM RECTANGLE - TRENDSETTERS_Run of Site_Other_P18+_300 x 250_Standard_NV_NA,204447266,10/7/2017,10292,89,10203,0,10203,1399,8804,5693,3111,1399,905,6598
TJN_TJX_TJMaxx 2H DIG_FY18,Viant,"PJNSGR_TJN_TJX_028_Data_VIANT INC_DSI_SV1_TWB_DIR_DSP_TRG_RON_BTG_CTG_DVY_PHASE 1_VIANT DIRECT MATCH RETAIL, TJX PORFOLIO LOYALISTS, DISPLAY_Fixed Placement_Behavioral_F25-54_160 x 600_Standard_NV_NA",204478520,9/27/2017,9,2,7,0,7,0,7,4,3,0,0,4
TJN_TJX_TJMaxx 2H DIG_FY18,Conversant Inc.,PJPTMN_TJN_TJC_031_Audience_CONVERSANT_PUR_ROI_MAP_NET_DSP_TRG_RON_BTG_BTG_DVY_SMARTPHONE MEDIUM RECTANGLE - COMPETITIVE CONQUESTING_Run of Site_Other_P18+_300 x 250_Standard_NV_NA,204447221,10/12/2017,1311,10,1301,0,1301,179,1122,691,431,179,110,801
TJN_TJX_TJMaxx 2H DIG_FY18,Foursquare,"PJPSSW_TJN_TJX_028_Audience_FOURSQUARE LABS, INC_DST_SV1_MAP_PRO_RCH_TRG_RON_PXT_BTG_DVY_PHASE 1_MOBILE RICH MEDIA STRATEGIC SAVERS - Find A TJ Maxx Store_Run of Network_Geo_F25-54_320 x 50_Standard_NV_NA",204525357,9/23/2017,63647,3094,60553,33674,26879,3278,23601,15518,8083,36952,24296,39814
TJN_TJX_TJMaxx 2H DIG_FY18,Viant,"PJNSGV_TJN_TJX_028_Data_VIANT INC_DSI_SV1_DSK_DIR_DSP_TRG_RON_BTG_CTG_DVY_PHASE 1_VIANT DIRECT MATCH RETAIL, TJX PORFOLIO LOYALISTS, DISPLAY_Fixed Placement_Behavioral_F25-54_728 x 90_Standard_NV_NA",204478511,9/24/2017,96784,4331,92453,0,92453,6035,86418,72728,13690,6035,5079,77807
TJN_TJX_TJMaxx 2H DIG_FY18,Viant,"PJSPBS_TJN_TJC_031_Data_VIANT INC_PUR_ROI_DSK_DIR_DSP_TRG_RON_BTG_MKT_DVY_DETERMINSTIC LAL OF ECOM CONVERTERS, CROSS DEVICE DISPLAY_Fixed Placement_Behavioral_F25-54_728 x 90_Click_NV_NA",204733518,10/1/2017,156,10,146,0,146,12,134,107,27,12,10,117
TJN_MAR_023_Marshalls 2H Digital_F18,xAd Inc.,PJQ0Y9_TJN_MAR_023_Mobile_GROUND TRUTH FKA XAD_DST_SV1_MAP_DIR_RCH_TRG_RON_WEA_PXT_DVY_PROXIMITY LOYALTY - WEATHER LOCATOR UNIT_Run of Network_Weather_F25-54_300 x 250_Click and View_NV_NA,204541757,9/5/2017,102,0,102,0,102,1,101,94,7,1,1,95
TJN_TJX_TJMaxx 2H DIG_FY18,Foursquare,"PJMQ2K_TJN_TJX_028_Audience_FOURSQUARE LABS, INC_DST_SV1_MAP_PRO_DSP_TRG_RON_PXT_BTG_DVY_PHASE 1_PINPOINT STRATEGIC SAVERS_Run of Network_Geo_F25-54_320 x 50_Standard_NV_NA",204483454,9/30/2017,70101,3456,66645,35192,31453,1096,30357,25895,4462,36288,30954,56849
TJN_TJX_TJMaxx 2H DIG_FY18,Viant,"PJNSH9_TJN_TJX_028_Data_VIANT INC_DSI_SV1_TWB_DIR_DSP_TRG_RON_BTG_CTG_DVY_PHASE 1_VIANT DIRECT MATCH RETAIL, COMPETITIVE CONQUESTING, DISPLAY_Fixed Placement_Behavioral_F25-54_300 x 250_Standard_NV_NA",204526701,9/25/2017,13630,34,13596,0,13596,2594,11002,8641,2361,2594,2037,10678
TJN_MAR_023_Marshalls 2H Digital_F18,xAd Inc.,PJQ0YB_TJN_MAR_023_Mobile_GROUND TRUTH FKA XAD_DST_SV1_MAP_DIR_DSP_TRG_RON_PXT_BTG_DVY_PROXIMITY CONQUESTING - DYNAMIC DISTANCE_Run of Network_Geo_F25-54_320 x 50_Click and View_NV_NA,204541799,9/29/2017,35104,760,34344,31553,2791,260,2531,2075,456,31813,23110,25185
TJN_TJX_TJMaxx 2H DIG_FY18,xAd Inc.,PKF49F_TJN_TJX_028_Mobile_GROUND TRUTH FKA XAD_DST_SV1_MAP_DIR_DSP_TRG_RON_BTG_BTG_DVY_PHASE 1_BEHAVIORAL AUDIENCE TRENDSETTERS PLACEMENT - STANDARD BANNER - Sweaters_Run of Network_Behavioral_F25-54_300 x 250_Click and View_NV_NA,206812759,10/16/2017,2873,53,2820,2820,0,0,0,0,0,2820,1832,1832
TJN_TJX_TJMaxx 2H DIG_FY18,xAd Inc.,PJMTNB_TJN_TJX_028_Mobile_GROUND TRUTH FKA XAD_DST_SV1_MAP_DIR_DSP_TRG_RON_BTG_BTG_DVY_PHASE 1_BEHAVIORAL AUDIENCE TRENDSETTERS PLACEMENT - STANDARD BANNER - Fall Handbag_Run of Network_Behavioral_F25-54_300 x 250_Click and View_NV_NA,204447833,9/16/2017,10640,224,10416,10411,5,3,2,2,0,10414,10414,10416
TJN_MAR_023_Marshalls 2H Digital_F18,NinthDecimal,PJPSRX_TJN_MAR_023_Mobile_NINTHDECIMAL_DST_SV1_MAP_DIR_RCH_TRG_RON_BTG_PXT_DVY_LOCATION GRAPH: COMPETITIVE CONQUESTING_Run of Network_Behavioral_F25-54_320 x 50_Click and View_NV_NA,204542879,9/28/2017,10979,226,10753,4584,6169,27,6142,5959,183,4611,4474,10433
TJN_TJX_TJMaxx 2H DIG_FY18,Viant,"PK2V4Z_TJN_TJX_028_Data_VIANT INC_DSI_SV1_MWB_DIR_RCH_TRG_INT_BTG_CTG_DVY_PHASE 1_VIANT IMP, W25-54 STRATEGIC SAVERS, CONTOBOX - Fall Homes_Fixed Placement_Behavioral_F25-54_300 x 250_Click and View_NV_NA",205726911,10/2/2017,16,8,8,3,5,2,3,3,0,5,5,8
TJN_TJX_TJMaxx 2H DIG_FY18,Foursquare,"PJPSSX_TJN_TJX_028_Audience_FOURSQUARE LABS, INC_DST_SV1_MAP_PRO_RCH_TRG_RON_PXT_BTG_DVY_PHASE 1_MOBILE RICH MEDIA TRENDSETTERS - Fall Handbag_Run of Network_Geo_F25-54_300 x 250_Standard_NV_NA",204525354,10/3/2017,8958,442,8516,3910,4606,240,4366,1196,3170,4150,1137,2333
TJN_TJX_TJMaxx 2H DIG_FY18,xAd Inc.,PJPXJS_TJN_TJX_028_Mobile_GROUND TRUTH FKA XAD_DST_SV1_MAP_DIR_DSP_TRG_RON_RTG_RTG_DVY_PHASE 1_LOCATION AUDIENCE COMPETITIVE CONQUESTING PLACEMENT - STANDARD BANNER - Fall Hero_Run of Network_Retarget_F25-54_300 x 250_Click and View_NV_NA,204446153,9/24/2017,12111,192,11919,11915,4,1,3,3,0,11916,11916,11919
TJN_TJX_TJMaxx 2H DIG_FY18,Viant,"PK2V4W_TJN_TJX_028_Data_VIANT INC_DSI_SV1_DSK_DIR_RCH_TRG_INT_BTG_CTG_DVY_PHASE 1_VIANT IMP, W25-54 STRATEGIC SAVERS, CONTOBOX - Fall Homes_Fixed Placement_Behavioral_F25-54_728 x 90_Click and View_NV_NA",205687309,10/10/2017,9551,299,9252,11,9241,599,8642,2219,6423,610,157,2376
TJN_TJX_TJMaxx 2H DIG_FY18,xAd Inc.,PJMTN8_TJN_TJX_028_Mobile_GROUND TRUTH FKA XAD_DST_SV1_MAP_DIR_DSP_TRG_RON_BTG_BTG_DVY_PHASE 1_BEHAVIORAL AUDIENCE STRATEGIC SAVERS PLACEMENT - STANDARD BANNER - Maxx You Maxx Life_Run of Network_Behavioral_F25-54_320 x 50_Click and View_NV_NA,204447851,9/25/2017,11063,121,10942,2888,8054,101,7953,7372,581,2989,2764,10136
TJN_TJX_TJMaxx 2H DIG_FY18,xAd Inc.,PJYDBV_TJN_TJX_028_Mobile_GROUND TRUTH FKA XAD_DST_SV1_MAP_DIR_RCH_TRG_RON_BTG_BTG_DVY_PHASE 1_BEHAVIORAL AUDIENCE STRATEGIC SAVERS PLACEMENT - RICH MEDIA STORE LOCATOR - Maxx You Maxx Life_Run of Network_Behavioral_F25-54_320 x 50_Click and View_NV_NA,205148243,10/9/2017,7469,100,7369,2194,5175,187,4988,3957,1031,2381,1889,5846
TJN_TJX_TJMaxx 2H DIG_FY18,Viant,"PK2V4Z_TJN_TJX_028_Data_VIANT INC_DSI_SV1_MWB_DIR_RCH_TRG_INT_BTG_CTG_DVY_PHASE 1_VIANT IMP, W25-54 STRATEGIC SAVERS, CONTOBOX - Fall Homes_Fixed Placement_Behavioral_F25-54_300 x 250_Click and View_NV_NA",205726911,9/23/2017,3961,40,3921,1,3920,163,3757,723,3034,164,32,755
TJN_TJX_TJMaxx 2H DIG_FY18,Foursquare,"PJPST0_TJN_TJX_028_Audience_FOURSQUARE LABS, INC_DST_SV1_MAP_PRO_RCH_TRG_RON_PXT_BTG_DVY_PHASE 1_MOBILE RICH MEDIA COMPETITIVE CONQUESTING - Find A TJ Maxx Store_Run of Network_Geo_F25-54_320 x 50_Standard_NV_NA",204525348,10/14/2017,23323,321,23002,17088,5914,314,5600,3923,1677,17402,12191,16114
TJN_TJX_TJMaxx 2H DIG_FY18,Conversant Inc.,PJPWC1_TJN_TJX_028_Audience_CONVERSANT_DST_SV1_MAP_NET_DSP_TRG_RON_BTG_BTG_DVY_PHASE 1_ SMARTPHONE MEDIUM RECTANGLE  - CJ INTERACTORS LAL MODELING_Run of Site_Behavioral_P18+_300 x 250_Standard_NV_NA,204483942,10/5/2017,3310,31,3279,2,3277,722,2555,832,1723,724,236,1068
TJN_TJX_TJMaxx 2H DIG_FY18,Viant,"PK2X7C_TJN_TJX_028_Data_VIANT INC_DSI_SV1_TWB_DIR_RCH_TRG_INT_BTG_CTG_DVY_PHASE 1_VIANT IMP, W25-54 STRATEGIC SAVERS, CONTOBOX - Honeycomb_Fixed Placement_Behavioral_F25-54_160 x 600_Click and View_NV_NA",205685992,10/17/2017,1,0,1,0,1,0,1,1,0,0,0,1
TJN_TJX_TJMaxx 2H DIG_FY18,xAd Inc.,PJYDBW_TJN_TJX_028_Mobile_GROUND TRUTH FKA XAD_DST_SV1_MAP_DIR_RCH_TRG_RON_BTG_BTG_DVY_PHASE 1_BEHAVIORAL AUDIENCE STRATEGIC SAVERS PLACEMENT - RICH MEDIA STORE LOCATOR - Fall Hero_Run of Network_Behavioral_F25-54_300 x 250_Click and View_NV_NA,205207030,9/28/2017,4903,123,4780,1424,3356,131,3225,1393,1832,1555,672,2065
TJN_TJX_TJMaxx 2H DIG_FY18,xAd Inc.,PJMTMR_TJN_TJX_028_Mobile_GROUND TRUTH FKA XAD_DST_SV1_MAP_DIR_RCH_TRG_RON_PXT_PXT_DVY_PHASE 1_PROXIMITY LOYALTY PLACEMENT - RICH MEDIA STORE LOCATOR - Fall Handbag_Run of Network_Geo_F25-54_300 x 250_Click and View_NV_NA,204442093,10/5/2017,8,3,5,5,0,0,0,0,0,5,5,5
TJN_TJX_TJMaxx 2H DIG_FY18,xAd Inc.,PJYDBQ_TJN_TJX_028_Mobile_GROUND TRUTH FKA XAD_DST_SV1_MAP_DIR_RCH_TRG_RON_BTG_BTG_DVY_PHASE 1_BEHAVIORAL AUDIENCE TRENDSETTERS PLACEMENT - RICH MEDIA STORE LOCATOR - Fall Hero_Run of Network_Behavioral_F25-54_300 x 250_Click and View_NV_NA,205145231,9/30/2017,2515,30,2485,66,2419,17,2402,2290,112,83,79,2369
TJN_TJX_TJMaxx 2H DIG_FY18,xAd Inc.,PJMTND_TJN_TJX_028_Mobile_GROUND TRUTH FKA XAD_DST_SV1_MAP_DIR_DSP_TRG_RON_PXT_PXT_DVY_PHASE 1_PROXIMITY LOYALTY PLACEMENT - STANDARD BANNER - Maxx You Maxx Life_Run of Network_Geo_F25-54_320 x 50_Click and View_NV_NA,204442096,9/16/2017,37458,551,36907,14576,22331,11336,10995,8942,2053,25912,19681,28623
TJN_TJX_TJMaxx 2H DIG_FY18,Conversant Inc.,PJPWBX_TJN_TJX_028_Audience_CONVERSANT_DST_SV1_DSK_NET_DSP_TRG_RON_BTG_BTG_DVY_PHASE 1_ DESKTOP WIDE SKYSCRAPER - CJ INTERACTORS LAL MODELING_Run of Site_Behavioral_P18+_160 x 600_Standard_NV_NA,204442033,10/18/2017,6254,484,5770,0,5770,856,4914,1553,3361,856,271,1824
TJN_TJX_TJMaxx 2H DIG_FY18,Conversant Inc.,PJPWP8_TJN_TJX_028_Audience_CONVERSANT_DST_SV1_DSK_NET_DSP_TRG_RON_BTG_BTG_DVY_PHASE 1_ DESKTOP LEADERBOARD - CONVERSANT SHOPPERS AV_Run of Site_Behavioral_P18+_728 x 90_Standard_NV_NA,204446132,10/19/2017,1638,225,1413,0,1413,183,1230,864,366,183,129,993
TJN_TJX_TJMaxx 2H DIG_FY18,Foursquare,"PK0H84_TJN_TJX_028_Audience_FOURSQUARE LABS, INC_DST_SV1_MAP_PRO_RCH_TRG_RON_PXT_BTG_DVY_PHASE 1_MOBILE RICH MEDIA COMPETITIVE CONQUESTING - Find A Store_Run of Network_Geo_F25-54_320 x 50_Standard_NV_NA",205427847,9/28/2017,30072,1019,29053,21827,7226,650,6576,4889,1687,22477,16711,21600
TJN_TJX_TJMaxx 2H DIG_FY18,Conversant Inc.,PJPWPF_TJN_TJX_028_Audience_CONVERSANT_DST_SV1_TAP_NET_DSP_TRG_RON_BTG_BTG_DVY_PHASE 1_ TABLET LEADERBOARD - CONVERSANT SHOPPERS AV_Run of Site_Behavioral_P18+_728 x 90_Standard_NV_NA,204442915,9/11/2017,8,6,2,0,2,0,2,1,1,0,0,1
TJN_TJX_TJMaxx 2H DIG_FY18,Foursquare,"PJPRVC_TJN_TJX_028_Audience_FOURSQUARE LABS, INC_DST_SV1_MAP_PRO_DSP_TRG_RON_PXT_BTG_DVY_PHASE 1_PINPOINT TRENDSETTERS AV_Run of Network_Geo_F25-54_320 x 50_Standard_NV_NA",204527421,10/16/2017,2293,40,2253,891,1362,74,1288,1037,251,965,777,1814
TJN_TJX_TJMaxx 2H DIG_FY18,xAd Inc.,PKF4NT_TJN_TJX_028_Mobile_GROUND TRUTH FKA XAD_DST_SV1_MAP_DIR_RCH_TRG_RON_BTG_BTG_DVY_PHASE 1_BEHAVIORAL AUDIENCE TRENDSETTERS PLACEMENT - RICH MEDIA STORE LOCATOR - Sweaters_Run of Network_Behavioral_F25-54_300 x 250_Click and View_NV_NA,206813092,10/19/2017,1223,16,1207,6,1201,8,1193,1133,60,14,13,1146
TJN_TJX_TJMaxx 2H DIG_FY18,Viant,"PJNSGV_TJN_TJX_028_Data_VIANT INC_DSI_SV1_DSK_DIR_DSP_TRG_RON_BTG_CTG_DVY_PHASE 1_VIANT DIRECT MATCH RETAIL, TJX PORFOLIO LOYALISTS, DISPLAY_Fixed Placement_Behavioral_F25-54_728 x 90_Standard_NV_NA",204478511,9/22/2017,39718,3081,36637,0,36637,2370,34267,28292,5975,2370,1957,30249
TJN_TJX_TJMaxx 2H DIG_FY18,Viant,"PK2V4Z_TJN_TJX_028_Data_VIANT INC_DSI_SV1_MWB_DIR_RCH_TRG_INT_BTG_CTG_DVY_PHASE 1_VIANT IMP, W25-54 STRATEGIC SAVERS, CONTOBOX - Fall Homes_Fixed Placement_Behavioral_F25-54_300 x 250_Click and View_NV_NA",205726911,10/1/2017,14,5,9,4,5,2,3,2,1,6,4,6
TJN_TJX_TJMaxx 2H DIG_FY18,xAd Inc.,PKF4SK_TJN_TJX_028_Mobile_GROUND TRUTH FKA XAD_DST_SV1_MAP_DIR_DSP_TRG_RON_RTG_RTG_DVY_PHASE 1_LOCATION AUDIENCE COMPETITIVE CONQUESTING PLACEMENT - STANDARD BANNER - Dresses_Run of Network_Retarget_F25-54_300 x 250_Click and View_NV_NA,206832798,10/17/2017,2419,18,2401,2401,0,0,0,0,0,2401,1604,1604
TJN_TJX_TJMaxx 2H DIG_FY18,xAd Inc.,PJPXJS_TJN_TJX_028_Mobile_GROUND TRUTH FKA XAD_DST_SV1_MAP_DIR_DSP_TRG_RON_RTG_RTG_DVY_PHASE 1_LOCATION AUDIENCE COMPETITIVE CONQUESTING PLACEMENT - STANDARD BANNER - Fall Hero_Run of Network_Retarget_F25-54_300 x 250_Click and View_NV_NA,204446153,9/22/2017,12796,279,12517,12505,12,0,12,4,8,12505,4168,4172
TJN_TJX_TJMaxx 2H DIG_FY18,NBC Universal Media,PK2HF7_TJN_TJX_028_Content_NBCUNI.COM_BAF_BS2_DSK_DIR_VID_SPN_ROS_BTG_CTG_MOA_THIS IS US SPONSORSHIP: MOBILE - VIGNETTE 1_Run of Site_Behavioral_F25-54_1920 x 1080_Click and View_NV_NA,205568879,10/4/2017,1392,10,1382,1382,0,0,0,0,0,1382,829,829
TJN_TJX_TJMaxx 2H DIG_FY18,Foursquare,"PK0H80_TJN_TJX_028_Audience_FOURSQUARE LABS, INC_DST_SV1_MAP_PRO_RCH_TRG_RON_PXT_BTG_DVY_PHASE 1_MOBILE RICH MEDIA STRATEGIC SAVERS - Find A Store_Run of Network_Geo_F25-54_320 x 50_Standard_NV_NA",205394974,10/14/2017,13515,163,13352,6512,6840,402,6438,4158,2280,6914,4465,8623
TJN_MAR_023_Marshalls 2H Digital_F18,xAd Inc.,PJQ0YN_TJN_MAR_023_Mobile_GROUND TRUTH FKA XAD_DST_SV1_MAP_DIR_DSP_TRG_RON_PXT_BTG_DVY_GEOBLOCKS LOYALTY - DYNAMIC DISTANCE_Run of Network_Geo_F25-54_320 x 50_Click and View_NV_NA,204558328,9/11/2017,18550,266,18284,9352,8932,2240,6692,5572,1120,11592,9069,14641
TJN_TJX_TJMaxx 2H DIG_FY18,Conversant Inc.,PJPWPB_TJN_TJX_028_Audience_CONVERSANT_DST_SV1_DSK_NET_DSP_TRG_RON_BTG_BTG_DVY_PHASE 1_ DESKTOP RECTANGLE - CONVERSANT SHOPPERS AV_Run of Site_Behavioral_P18+_300 x 600_Standard_NV_NA,204447254,10/20/2017,147,6,141,0,141,30,111,44,67,30,12,56
TJN_MAR_023_Marshalls 2H Digital_F18,NinthDecimal,PJPSRR_TJN_MAR_023_Mobile_NINTHDECIMAL_DST_SV1_MAP_DIR_RCH_TRG_RON_PXT_DMA_DVY_GEOFENCE: 2-MILE RADIUS AROUND URBAN STORES_Run of Network_Geo_F25-54_320 x 50_Click and View_NV_NA,204541523,9/14/2017,19265,754,18511,9302,9209,58,9151,8881,270,9360,9084,17965
TJN_TJX_TJMaxx 2H DIG_FY18,Viant,"PJSPBS_TJN_TJC_031_Data_VIANT INC_PUR_ROI_DSK_DIR_DSP_TRG_RON_BTG_MKT_DVY_DETERMINSTIC LAL OF ECOM CONVERTERS, CROSS DEVICE DISPLAY_Fixed Placement_Behavioral_F25-54_728 x 90_Click_NV_NA",204733518,10/2/2017,241,15,226,0,226,23,203,168,35,23,19,187
TJN_TJX_TJMaxx 2H DIG_FY18,Viant,"PJSPCJ_TJN_TJC_031_Data_VIANT INC_PUR_ROI_MWB_DIR_DSP_TRG_RON_BTG_MKT_DVY_W25-54 + ONLINE SHOPPERS, CROSS DEVICE DISPLAY_Fixed Placement_Behavioral_F25-54_300 x 250_Click_NV_NA",204733038,10/18/2017,185,2,183,1,182,19,163,117,46,20,14,131
TJN_MAR_023_Marshalls 2H Digital_F18,xAd Inc.,PJQ0YD_TJN_MAR_023_Mobile_GROUND TRUTH FKA XAD_DST_SV1_MAP_DIR_RCH_TRG_RON_WEA_PXT_DVY_PROXIMITY CONQUESTING - WEATHER LOCATOR UNIT_Run of Network_Weather_F25-54_320 x 50_Click and View_NV_NA,204541553,9/28/2017,11435,300,11135,4781,6354,86,6268,5888,380,4867,4572,10460
TJN_TJX_TJMaxx 2H DIG_FY18,Viant,"PKGKB1_TJN_TJX_028_Data_VIANT INC_DSI_SV1_TWB_DIR_CUS_TRG_NAT_BTG_CTG_DVY_PHASE 1_VIANT LIFESTYLE, TRENDSETTERS NATIVE- Dresses_Fixed Placement_Contextual_F25-54_0 x 0_Click and View_NV_NA",206772458,10/19/2017,42213,654,41559,41559,0,0,0,0,0,41559,32601,32601
TJN_TJX_TJMaxx 2H DIG_FY18,xAd Inc.,PJMTNR_TJN_TJX_028_Mobile_GROUND TRUTH FKA XAD_DST_SV1_MAP_DIR_RCH_TRG_RON_BTG_BTG_DVY_PHASE 1_BEHAVIORAL AUDIENCE STRATEGIC SAVERS PLACEMENT - RICH MEDIA STORE LOCATOR - Fall Handbag_Run of Network_Behavioral_F25-54_300 x 250_Click and View_NV_NA,204442108,9/15/2017,6,0,6,4,2,2,0,0,0,6,3,3
TJN_TJX_TJMaxx 2H DIG_FY18,Foursquare,"PJPRVH_TJN_TJX_028_Audience_FOURSQUARE LABS, INC_DST_SV1_MAP_PRO_DSP_TRG_RON_PXT_BTG_DVY_PHASE 1_PINPOINT COMPETITIVE CONQUESTING AV_Run of Network_Geo_F25-54_320 x 50_Standard_NV_NA",204478088,9/12/2017,1275,27,1248,606,642,31,611,421,190,637,439,860
TJN_TJX_TJMaxx 2H DIG_FY18,Foursquare,"PJYHWF_TJN_TJX_028_Audience_FOURSQUARE LABS, INC_DST_SV1_MAP_PRO_DSP_TRG_RON_PXT_BTG_DVY_PHASE 1_PINPOINT COMPETITIVE CONQUESTING_Run of Network_Geo_F25-54_320 x 50_Standard_NV_NA",205183220,10/9/2017,112340,2351,109989,86038,23951,901,23050,20351,2699,86939,76759,97110
TJN_TJX_TJMaxx 2H DIG_FY18,Foursquare,"PJPSSW_TJN_TJX_028_Audience_FOURSQUARE LABS, INC_DST_SV1_MAP_PRO_RCH_TRG_RON_PXT_BTG_DVY_PHASE 1_MOBILE RICH MEDIA STRATEGIC SAVERS - Find A TJ Maxx Store_Run of Network_Geo_F25-54_320 x 50_Standard_NV_NA",204525357,10/1/2017,58677,2704,55973,28512,27461,2805,24656,16776,7880,31317,21308,38084
TJN_TJX_TJMaxx 2H DIG_FY18,PlaceIQ,PKFQPZ_TJN_TJX_028_Mobile_PLACEIQ INC_DST_SV1_MAP_DIR_DSP_TRG_RON_BTG_PXT_DVY_PHASE 1_STANDARD BANNER_TJX PROXIMITY LOYALISTS_LIVE BY TJMAXX - Sweaters_Run of Network_Behavioral_F25-54_300 x 250_Click and View_NV_NA,206831778,10/20/2017,216,31,185,104,81,3,78,78,0,107,107,185
TJN_MAR_023_Marshalls 2H Digital_F18,NinthDecimal,PJPSRR_TJN_MAR_023_Mobile_NINTHDECIMAL_DST_SV1_MAP_DIR_RCH_TRG_RON_PXT_DMA_DVY_GEOFENCE: 2-MILE RADIUS AROUND URBAN STORES_Run of Network_Geo_F25-54_320 x 50_Click and View_NV_NA,204541523,10/14/2017,29245,655,28590,12825,15765,80,15685,15184,501,12905,12493,27677
TJN_TJX_TJMaxx 2H DIG_FY18,Conversant Inc.,PJPTLL_TJN_TJC_031_Audience_CONVERSANT_PUR_ROI_DSK_NET_DSP_TRG_RON_BTG_BTG_DVY_DESKTOP WIDE SKYSCRAPER- TRENDSETTERS_Run of Site_Other_P18+_160 x 600_Standard_NV_NA,204447269,10/14/2017,17289,4154,13135,1,13134,957,12177,8229,3948,958,647,8876
TJN_TJX_TJMaxx 2H DIG_FY18,Viant,"PJSPBR_TJN_TJC_031_Data_VIANT INC_PUR_ROI_DSK_DIR_DSP_TRG_RON_BTG_MKT_DVY_DETERMINSTIC LAL OF ECOM CONVERTERS, CROSS DEVICE DISPLAY_Fixed Placement_Behavioral_F25-54_300 x 250_Click_NV_NA",204715645,10/8/2017,8356,380,7976,0,7976,386,7590,6224,1366,386,317,6541
TJN_MAR_023_Marshalls 2H Digital_F18,xAd Inc.,PJQ0YN_TJN_MAR_023_Mobile_GROUND TRUTH FKA XAD_DST_SV1_MAP_DIR_DSP_TRG_RON_PXT_BTG_DVY_GEOBLOCKS LOYALTY - DYNAMIC DISTANCE_Run of Network_Geo_F25-54_320 x 50_Click and View_NV_NA,204558328,10/19/2017,7327,56,7271,7068,203,7,196,163,33,7075,5319,5482
TJN_TJX_TJMaxx 2H DIG_FY18,Foursquare,"PK0H82_TJN_TJX_028_Audience_FOURSQUARE LABS, INC_DST_SV1_MAP_PRO_RCH_TRG_RON_PXT_BTG_DVY_PHASE 1_MOBILE RICH MEDIA TRENDSETTERS - Find A Store_Run of Network_Geo_F25-54_320 x 50_Standard_NV_NA",205394971,10/8/2017,31829,561,31268,19794,11474,1027,10447,6720,3727,20821,13393,20113
TJN_TJX_TJMaxx 2H DIG_FY18,xAd Inc.,PJMTNB_TJN_TJX_028_Mobile_GROUND TRUTH FKA XAD_DST_SV1_MAP_DIR_DSP_TRG_RON_BTG_BTG_DVY_PHASE 1_BEHAVIORAL AUDIENCE TRENDSETTERS PLACEMENT - STANDARD BANNER - Fall Handbag_Run of Network_Behavioral_F25-54_300 x 250_Click and View_NV_NA,204447833,9/19/2017,11764,260,11504,11503,1,0,1,1,0,11503,11503,11504
TJN_TJX_TJMaxx 2H DIG_FY18,xAd Inc.,PJMTND_TJN_TJX_028_Mobile_GROUND TRUTH FKA XAD_DST_SV1_MAP_DIR_DSP_TRG_RON_PXT_PXT_DVY_PHASE 1_PROXIMITY LOYALTY PLACEMENT - STANDARD BANNER - Maxx You Maxx Life_Run of Network_Geo_F25-54_320 x 50_Click and View_NV_NA,204442096,9/19/2017,39755,704,39051,17084,21967,2983,18984,15519,3465,20067,15181,30700
TJN_TJX_TJMaxx 2H DIG_FY18,xAd Inc.,PKF8TR_TJN_TJX_028_Mobile_GROUND TRUTH FKA XAD_DST_SV1_MAP_DIR_RCH_TRG_RON_PXT_PXT_DVY_PHASE 1_PROXIMITY LOYALTY PLACEMENT - RICH MEDIA STORE LOCATOR - Booties_Run of Network_Geo_F25-54_300 x 250_Click and View_NV_NA,206832813,10/21/2017,5381,28,5353,88,5265,13,5252,4993,259,101,96,5089
TJN_TJX_TJMaxx 2H DIG_FY18,Conversant Inc.,PJPTLP_TJN_TJC_031_Audience_CONVERSANT_PUR_ROI_DSK_NET_DSP_TRG_RON_BTG_BTG_DVY_DESKTOP LEADERBOARD- TRENDSETTERS_Run of Site_Other_P18+_728 x 90_Standard_NV_NA,204447782,9/29/2017,5,0,5,0,5,0,5,5,0,0,0,5
TJN_TJX_TJMaxx 2H DIG_FY18,Foursquare,"PJPSSV_TJN_TJX_028_Audience_FOURSQUARE LABS, INC_DST_SV1_MAP_PRO_RCH_TRG_RON_PXT_BTG_DVY_PHASE 1_MOBILE RICH MEDIA STRATEGIC SAVERS - Fall Handbag_Run of Network_Geo_F25-54_300 x 250_Standard_NV_NA",204525360,10/10/2017,4642,337,4305,1057,3248,225,3023,716,2307,1282,304,1020
TJN_TJX_TJMaxx 2H DIG_FY18,xAd Inc.,PJMTN5_TJN_TJX_028_Mobile_GROUND TRUTH FKA XAD_DST_SV1_MAP_DIR_RCH_TRG_RON_BTG_BTG_DVY_PHASE 1_BEHAVIORAL AUDIENCE TRENDSETTERS PLACEMENT - RICH MEDIA STORE LOCATOR - TJ Maxx_Run of Network_Behavioral_F25-54_320 x 50_Click and View_NV_NA,204442936,10/19/2017,8,1,7,5,2,1,1,1,0,6,6,7
TJN_TJX_TJMaxx 2H DIG_FY18,Viant,"PJSPBT_TJN_TJC_031_Data_VIANT INC_PUR_ROI_MWB_DIR_DSP_TRG_RON_BTG_MKT_DVY_DETERMINSTIC LAL OF ECOM CONVERTERS, CROSS DEVICE DISPLAY_Fixed Placement_Behavioral_F25-54_300 x 250_Click_NV_NA",204732642,10/21/2017,8,0,8,0,8,1,7,2,5,1,0,2
TJN_TJX_TJMaxx 2H DIG_FY18,NBC Universal Media,PK3H7B_TJN_TJX_028_Content_NBCUNI.COM_BAF_BS2_DSK_DIR_DSP_SPN_HPT_CTG_CTG_DCM_100% SOV NBC HOMEPAGE ROADBLOCK 10/3 - 728X90 MOBILE_HP Takeover_Contextual_F25-54_728 x 90_Standard_NV_NA,205725903,10/2/2017,3,0,3,0,3,0,3,3,0,0,0,3
TJN_TJX_TJMaxx 2H DIG_FY18,xAd Inc.,PJMTN3_TJN_TJX_028_Mobile_GROUND TRUTH FKA XAD_DST_SV1_MAP_DIR_DSP_TRG_RON_RTG_RTG_DVY_PHASE 1_LOCATION AUDIENCE COMPETITIVE CONQUESTING PLACEMENT - STANDARD BANNER - Maxx You Maxx Life_Run of Network_Retarget_F25-54_320 x 50_Click and View_NV_NA,204442933,9/20/2017,66374,1100,65274,16179,49095,21329,27766,25186,2580,37508,30836,56022
TJN_MAR_023_Marshalls 2H Digital_F18,xAd Inc.,PJQ0YM_TJN_MAR_023_Mobile_GROUND TRUTH FKA XAD_DST_SV1_MAP_DIR_DSP_TRG_RON_BTG_PXT_DVY_COMPETITOR SHOPPERS - DYNAMIC DISTANCE_Run of Network_Geo_F25-54_300 x 250_Click and View_NV_NA,204555259,9/17/2017,3394,167,3227,3227,0,0,0,0,0,3227,3227,3227
TJN_TJX_TJMaxx 2H DIG_FY18,Viant,"PK2V4Y_TJN_TJX_028_Data_VIANT INC_DSI_SV1_MWB_DIR_RCH_TRG_INT_BTG_CTG_DVY_PHASE 1_VIANT IMP, W25-54 STRATEGIC SAVERS, CONTOBOX - Fall Homes_Fixed Placement_Behavioral_F25-54_320 x 50_Click and View_NV_NA",205685980,9/25/2017,7186,121,7065,7,7058,593,6465,1123,5342,600,104,1227
TJN_TJX_TJMaxx 2H DIG_FY18,xAd Inc.,PJPXJR_TJN_TJX_028_Mobile_GROUND TRUTH FKA XAD_DST_SV1_MAP_DIR_DSP_TRG_RON_RTG_RTG_DVY_PHASE 1_LOCATION AUDIENCE TJX SHOPPERS PLACEMENT - STANDARD BANNER - Fall Hero_Run of Network_Retarget_F25-54_300 x 250_Click and View_NV_NA,204442105,9/25/2017,41686,1022,40664,40260,404,9,395,371,24,40269,37822,38193
TJN_TJX_TJMaxx 2H DIG_FY18,Viant,"PJNSGM_TJN_TJX_028_Data_VIANT INC_DSI_SV1_TWB_DIR_DSP_TRG_RON_BTG_CTG_DVY_PHASE 1_VIANT DIRECT MATCH RETAIL, TJX PORFOLIO LOYALISTS, DISPLAY_Fixed Placement_Behavioral_F25-54_728 x 90_Standard_NV_NA",204526722,9/8/2017,316,172,144,0,144,92,52,42,10,92,74,116
TJN_TJX_TJMaxx 2H DIG_FY18,xAd Inc.,PJYDBW_TJN_TJX_028_Mobile_GROUND TRUTH FKA XAD_DST_SV1_MAP_DIR_RCH_TRG_RON_BTG_BTG_DVY_PHASE 1_BEHAVIORAL AUDIENCE STRATEGIC SAVERS PLACEMENT - RICH MEDIA STORE LOCATOR - Fall Hero_Run of Network_Behavioral_F25-54_300 x 250_Click and View_NV_NA,205207030,10/14/2017,3333,33,3300,2047,1253,81,1172,563,609,2128,1022,1585
TJN_TJX_TJMaxx 2H DIG_FY18,Foursquare,"PK0H7Z_TJN_TJX_028_Audience_FOURSQUARE LABS, INC_DST_SV1_MAP_PRO_RCH_TRG_RON_PXT_BTG_DVY_PHASE 1_MOBILE RICH MEDIA STRATEGIC SAVERS - Fall Honeycomb_Run of Network_Geo_F25-54_300 x 250_Standard_NV_NA",205341980,10/18/2017,2,1,1,0,1,1,0,0,0,1,0,0
TJN_TJX_TJMaxx 2H DIG_FY18,Viant,"PK2X7H_TJN_TJX_028_Data_VIANT INC_DSI_SV1_MWB_DIR_RCH_TRG_INT_BTG_CTG_DVY_PHASE 1_VIANT IMP, W25-54 STRATEGIC SAVERS, CONTOBOX - Honeycomb_Fixed Placement_Behavioral_F25-54_320 x 50_Click and View_NV_NA",205725975,10/15/2017,16,3,13,6,7,0,7,7,0,6,6,13
TJN_TJX_TJMaxx 2H DIG_FY18,PlaceIQ,PK18VC_TJN_TJX_028_Mobile_PLACEIQ INC_DST_SV1_MAP_DIR_RCH_TRG_RON_BTG_PXT_DVY_PHASE 1_RICH MEDIA_TJX PORTFOLIO LOYALISTS_Run of Network_Behavioral_F25-54_320 x 50_Click and View_NV_NA,205568912,10/7/2017,35752,764,34988,12817,22171,742,21429,20935,494,13559,13246,34181
TJN_MAR_023_Marshalls 2H Digital_F18,Bustle,PK5G3Z_TJN_MAR_023_Content_BUSTLE_RON - Bustle & Elite Daily 3rd Party Data Targeted & Keyword Targeted - Panoramic_Run of Network_Contextual_F25-54_1 x 1_Click and View_NV_NA,206333610,10/17/2017,145813,3663,142150,2454,139696,127799,11897,4326,7571,130253,47363,51689
TJN_TJX_TJMaxx 2H DIG_FY18,xAd Inc.,PJMTNC_TJN_TJX_028_Mobile_GROUND TRUTH FKA XAD_DST_SV1_MAP_DIR_DSP_TRG_RON_BTG_BTG_DVY_PHASE 1_BEHAVIORAL AUDIENCE TRENDSETTERS PLACEMENT - STANDARD BANNER - Maxx You Maxx Life_Run of Network_Behavioral_F25-54_320 x 50_Click and View_NV_NA,204447830,9/7/2017,13109,204,12905,3274,9631,1589,8042,7242,800,4863,4407,11649
TJN_TJX_TJMaxx 2H DIG_FY18,Conversant Inc.,PJPWPF_TJN_TJX_028_Audience_CONVERSANT_DST_SV1_TAP_NET_DSP_TRG_RON_BTG_BTG_DVY_PHASE 1_ TABLET LEADERBOARD - CONVERSANT SHOPPERS AV_Run of Site_Behavioral_P18+_728 x 90_Standard_NV_NA,204442915,10/19/2017,505,10,495,0,495,79,416,302,114,79,57,359
TJN_MAR_023_Marshalls 2H Digital_F18,xAd Inc.,PJQ0Y7_TJN_MAR_023_Mobile_GROUND TRUTH FKA XAD_DST_SV1_MAP_DIR_DSP_TRG_RON_PXT_BTG_DVY_PROXIMITY LOYALTY - DYNAMIC DISTANCE_Run of Network_Geo_F25-54_300 x 250_Click and View_NV_NA,204541754,9/29/2017,40702,2060,38642,38628,14,0,14,7,7,38628,19287,19294
TJN_TJX_TJMaxx 2H DIG_FY18,Viant,"PJSPBY_TJN_TJC_031_Data_VIANT INC_PUR_ROI_TWB_DIR_DSP_TRG_RON_BTG_MKT_DVY_DETERMINSTIC LAL OF ECOM CONVERTERS, CROSS DEVICE DISPLAY_Fixed Placement_Behavioral_F25-54_300 x 250_Click_NV_NA",204715651,10/16/2017,1066,21,1045,1,1044,184,860,353,507,185,76,429
TJN_MAR_023_Marshalls 2H Digital_F18,NinthDecimal,PJPSRX_TJN_MAR_023_Mobile_NINTHDECIMAL_DST_SV1_MAP_DIR_RCH_TRG_RON_BTG_PXT_DVY_LOCATION GRAPH: COMPETITIVE CONQUESTING_Run of Network_Behavioral_F25-54_320 x 50_Click and View_NV_NA,204542879,9/14/2017,15501,319,15182,5940,9242,61,9181,8881,300,6001,5805,14686
TJN_TJX_TJMaxx 2H DIG_FY18,Foursquare,"PJPST0_TJN_TJX_028_Audience_FOURSQUARE LABS, INC_DST_SV1_MAP_PRO_RCH_TRG_RON_PXT_BTG_DVY_PHASE 1_MOBILE RICH MEDIA COMPETITIVE CONQUESTING - Find A TJ Maxx Store_Run of Network_Geo_F25-54_320 x 50_Standard_NV_NA",204525348,9/28/2017,56926,1570,55356,48172,7184,768,6416,4857,1559,48940,37048,41905
TJN_TJX_TJMaxx 2H DIG_FY18,Viant,"PJNSHF_TJN_TJX_028_Data_VIANT INC_DSI_SV1_MWB_DIR_DSP_TRG_RON_BTG_CTG_DVY_PHASE 1_VIANT DIRECT MATCH RETAIL, COMPETITIVE CONQUESTING, DISPLAY_Fixed Placement_Behavioral_F25-54_300 x 250_Standard_NV_NA",204483016,9/29/2017,1,1,0,0,0,0,0,0,0,0,0,0
TJN_MAR_023_Marshalls 2H Digital_F18,xAd Inc.,PJQ0YC_TJN_MAR_023_Mobile_GROUND TRUTH FKA XAD_DST_SV1_MAP_DIR_DSP_TRG_RON_PXT_BTG_DVY_PROXIMITY CONQUESTING - DYNAMIC DISTANCE_Run of Network_Geo_F25-54_300 x 250_Click and View_NV_NA,204595923,10/20/2017,64480,1491,62989,62944,45,2,43,40,3,62946,58554,58594
TJN_TJX_TJMaxx 2H DIG_FY18,Conversant Inc.,PJPWP8_TJN_TJX_028_Audience_CONVERSANT_DST_SV1_DSK_NET_DSP_TRG_RON_BTG_BTG_DVY_PHASE 1_ DESKTOP LEADERBOARD - CONVERSANT SHOPPERS AV_Run of Site_Behavioral_P18+_728 x 90_Standard_NV_NA,204446132,9/11/2017,209,25,184,0,184,7,177,135,42,7,5,140
TJN_TJX_TJMaxx 2H DIG_FY18,xAd Inc.,PJMTMR_TJN_TJX_028_Mobile_GROUND TRUTH FKA XAD_DST_SV1_MAP_DIR_RCH_TRG_RON_PXT_PXT_DVY_PHASE 1_PROXIMITY LOYALTY PLACEMENT - RICH MEDIA STORE LOCATOR - Fall Handbag_Run of Network_Geo_F25-54_300 x 250_Click and View_NV_NA,204442093,10/17/2017,2,1,1,1,0,0,0,0,0,1,1,1
TJN_MAR_023_Marshalls 2H Digital_F18,xAd Inc.,PJQ0YB_TJN_MAR_023_Mobile_GROUND TRUTH FKA XAD_DST_SV1_MAP_DIR_DSP_TRG_RON_PXT_BTG_DVY_PROXIMITY CONQUESTING - DYNAMIC DISTANCE_Run of Network_Geo_F25-54_320 x 50_Click and View_NV_NA,204541799,9/10/2017,23780,296,23484,14110,9374,2646,6728,5765,963,16756,11489,17254
TJN_MAR_023_Marshalls 2H Digital_F18,xAd Inc.,PJQ0YR_TJN_MAR_023_Mobile_GROUND TRUTH FKA XAD_DST_SV1_MAP_DIR_DSP_TRG_RON_PXT_BTG_DVY_GEOBLOCKS CONQUESTING - DYNAMIC DISTANCE_Run of Network_Geo_F25-54_300 x 250_Click and View_NV_NA,204555244,10/7/2017,8942,628,8314,8303,11,0,11,1,10,8303,755,756
TJN_MAR_023_Marshalls 2H Digital_F18,NinthDecimal,PJPSRX_TJN_MAR_023_Mobile_NINTHDECIMAL_DST_SV1_MAP_DIR_RCH_TRG_RON_BTG_PXT_DVY_LOCATION GRAPH: COMPETITIVE CONQUESTING_Run of Network_Behavioral_F25-54_320 x 50_Click and View_NV_NA,204542879,10/14/2017,25477,327,25150,10921,14229,73,14156,13693,463,10994,10634,24327
TJN_TJX_TJMaxx 2H DIG_FY18,Conversant Inc.,PJNPML_TJN_TJC_031_Audience_CONVERSANT_PUR_ROI_DSK_NET_DSP_TRG_RON_BTG_BTG_DVY_DESKTOP MEDIUM RECTANGLE- STRATEGIC SAVERS_Run of Site_Other_P18+_300 x 250_Standard_NV_NA,204443407,10/14/2017,10953,500,10453,2,10451,1370,9081,5586,3495,1372,844,6430
TJN_TJX_TJMaxx 2H DIG_FY18,Viant,"PK2X7C_TJN_TJX_028_Data_VIANT INC_DSI_SV1_TWB_DIR_RCH_TRG_INT_BTG_CTG_DVY_PHASE 1_VIANT IMP, W25-54 STRATEGIC SAVERS, CONTOBOX - Honeycomb_Fixed Placement_Behavioral_F25-54_160 x 600_Click and View_NV_NA",205685992,10/5/2017,12,1,11,0,11,0,11,2,9,0,0,2
TJN_TJX_TJMaxx 2H DIG_FY18,Conversant Inc.,PJPWC1_TJN_TJX_028_Audience_CONVERSANT_DST_SV1_MAP_NET_DSP_TRG_RON_BTG_BTG_DVY_PHASE 1_ SMARTPHONE MEDIUM RECTANGLE  - CJ INTERACTORS LAL MODELING_Run of Site_Behavioral_P18+_300 x 250_Standard_NV_NA,204483942,10/17/2017,38920,704,38216,77,38139,5618,32521,9224,23297,5695,1615,10839
TJN_TJX_TJMaxx 2H DIG_FY18,xAd Inc.,PJYDBV_TJN_TJX_028_Mobile_GROUND TRUTH FKA XAD_DST_SV1_MAP_DIR_RCH_TRG_RON_BTG_BTG_DVY_PHASE 1_BEHAVIORAL AUDIENCE STRATEGIC SAVERS PLACEMENT - RICH MEDIA STORE LOCATOR - Maxx You Maxx Life_Run of Network_Behavioral_F25-54_320 x 50_Click and View_NV_NA,205148243,9/26/2017,16531,191,16340,2767,13573,314,13259,11979,1280,3081,2784,14763
TJN_TJX_TJMaxx 2H DIG_FY18,Viant,"PKGJ50_TJN_TJC_031_Data_VIANT INC_PUR_ROI_DSK_DIR_CUS_TRG_NAT_BTG_MKT_DVY_W25-54 + KEYWORD TARGETING, CROSS DEVICE NATIVE - Dresses_Fixed Placement_Contextual_F25-54_1 x 1_Click_NV_NA",206833302,10/18/2017,5023,248,4775,4775,0,0,0,0,0,4775,3680,3680
TJN_TJX_TJMaxx 2H DIG_FY18,xAd Inc.,PJYDBR_TJN_TJX_028_Mobile_GROUND TRUTH FKA XAD_DST_SV1_MAP_DIR_RCH_TRG_RON_BTG_BTG_DVY_PHASE 1_BEHAVIORAL AUDIENCE TRENDSETTERS PLACEMENT - RICH MEDIA STORE LOCATOR - Maxx You Maxx Life_Run of Network_Behavioral_F25-54_320 x 50_Click and View_NV_NA,205145234,10/21/2017,3,0,3,3,0,0,0,0,0,3,3,3
TJN_TJX_TJMaxx 2H DIG_FY18,xAd Inc.,PJPXK0_TJN_TJX_028_Mobile_GROUND TRUTH FKA XAD_DST_SV1_MAP_DIR_DSP_TRG_RON_BTG_BTG_DVY_PHASE 1_BEHAVIORAL AUDIENCE TRENDSETTERS PLACEMENT - STANDARD BANNER - TJMaxx_Run of Network_Behavioral_F25-54_320 x 50_Click and View_NV_NA,204483993,9/7/2017,14033,226,13807,3603,10204,1420,8784,7981,803,5023,4259,12240
TJN_TJX_TJMaxx 2H DIG_FY18,Hulu,PK3F7J_TJN_TJX_027_Content_HULU_BAF_BS2_TAP_DIR_CUS_SPN_CHS_CTG_CTG_DVY_HULU ROS: PREMIUM SLATE - TABLET IN APP_FEP_Contextual_F25-54_1920 x 1080_Standard_NV_NA,205725864,10/16/2017,2513,17,2496,2496,0,0,0,0,0,2496,1622,1622
TJN_TJX_TJMaxx 2H DIG_FY18,Conversant Inc.,PJPWBY_TJN_TJX_028_Audience_CONVERSANT_DST_SV1_MAP_NET_DSP_TRG_RON_BTG_BTG_DVY_PHASE 1_ SMARTPHONE SMALL BANNER  - CJ INTERACTORS LAL MODELING_Run of Site_Behavioral_P18+_320 x 50_Standard_NV_NA,204442030,10/8/2017,41605,494,41111,33,41078,5769,35309,21040,14269,5802,3457,24497
TJN_TJX_TJMaxx 2H DIG_FY18,xAd Inc.,PKF4CN_TJN_TJX_028_Mobile_GROUND TRUTH FKA XAD_DST_SV1_MAP_DIR_DSP_TRG_RON_BTG_BTG_DVY_PHASE 1_BEHAVIORAL AUDIENCE STRATEGIC SAVERS PLACEMENT - STANDARD BANNER - Booties_Run of Network_Behavioral_F25-54_300 x 250_Click and View_NV_NA,206833614,10/20/2017,4355,83,4272,4272,0,0,0,0,0,4272,2543,2543
TJN_TJX_TJMaxx 2H DIG_FY18,xAd Inc.,PJMTND_TJN_TJX_028_Mobile_GROUND TRUTH FKA XAD_DST_SV1_MAP_DIR_DSP_TRG_RON_PXT_PXT_DVY_PHASE 1_PROXIMITY LOYALTY PLACEMENT - STANDARD BANNER - Maxx You Maxx Life_Run of Network_Geo_F25-54_320 x 50_Click and View_NV_NA,204442096,10/13/2017,9261,306,8955,3502,5453,533,4920,3219,1701,4035,1462,4681
TJN_TJX_TJMaxx 2H DIG_FY18,xAd Inc.,PJMTNB_TJN_TJX_028_Mobile_GROUND TRUTH FKA XAD_DST_SV1_MAP_DIR_DSP_TRG_RON_BTG_BTG_DVY_PHASE 1_BEHAVIORAL AUDIENCE TRENDSETTERS PLACEMENT - STANDARD BANNER - Fall Handbag_Run of Network_Behavioral_F25-54_300 x 250_Click and View_NV_NA,204447833,9/13/2017,9932,190,9742,9725,17,0,17,7,10,9725,4004,4011
TJN_MAR_023_Marshalls 2H Digital_F18,xAd Inc.,PJQ0YR_TJN_MAR_023_Mobile_GROUND TRUTH FKA XAD_DST_SV1_MAP_DIR_DSP_TRG_RON_PXT_BTG_DVY_GEOBLOCKS CONQUESTING - DYNAMIC DISTANCE_Run of Network_Geo_F25-54_300 x 250_Click and View_NV_NA,204555244,9/8/2017,6086,201,5885,5867,18,5,13,3,10,5872,1355,1358
TJN_TJX_TJMaxx 2H DIG_FY18,Viant,"PJNSGT_TJN_TJX_028_Data_VIANT INC_DSI_SV1_DSK_DIR_DSP_TRG_RON_BTG_CTG_DVY_PHASE 1_VIANT DIRECT MATCH RETAIL, TJX PORFOLIO LOYALISTS, DISPLAY_Fixed Placement_Behavioral_F25-54_160 x 600_Standard_NV_NA",204483025,10/18/2017,6497,665,5832,8,5824,201,5623,3713,1910,209,138,3851
TJN_TJX_TJMaxx 2H DIG_FY18,Conversant Inc.,PJPTLK_TJN_TJC_031_Audience_CONVERSANT_PUR_ROI_DSK_NET_DSP_TRG_RON_BTG_BTG_DVY_DESKTOP RECTANGLE- TRENDSETTERS_Run of Site_Other_P18+_300 x 600_Standard_NV_NA,204483963,9/29/2017,6,0,6,0,6,0,6,0,6,0,0,0
TJN_TJX_TJMaxx 2H DIG_FY18,Conversant Inc.,PJPWBW_TJN_TJX_028_Audience_CONVERSANT_DST_SV1_DSK_NET_DSP_TRG_RON_BTG_BTG_DVY_PHASE 1_ DESKTOP RECTANGLE - CJ INTERACTORS LAL MODELING_Run of Site_Behavioral_P18+_300 x 600_Standard_NV_NA,204447740,10/10/2017,5872,497,5375,0,5375,770,4605,1487,3118,770,249,1736
TJN_TJX_TJMaxx 2H DIG_FY18,Foursquare,"PJPRQH_TJN_TJX_028_Audience_FOURSQUARE LABS, INC_DST_SV1_MAP_PRO_DSP_TRG_RON_PXT_BTG_DVY_PHASE 1_PINPOINT STRATEGIC SAVERS AV_Run of Network_Geo_F25-54_300 x 250_Standard_NV_NA",204481807,9/17/2017,847,48,799,163,636,66,570,152,418,229,61,213
TJN_TJX_TJMaxx 2H DIG_FY18,Conversant Inc.,PJNPLZ_TJN_TJX_028_Audience_CONVERSANT_DST_SV1_MAP_NET_DSP_TRG_RON_BTG_BTG_DVY_PHASE 1_ SMARTPHONE SMALL BANNER  - CJ CONVERTERS LAL MODELING_Run of Site_Behavioral_P18+_320 x 50_Standard_NV_NA,204442891,10/14/2017,24560,285,24275,107,24168,3458,20710,12235,8475,3565,2106,14341
TJN_TJX_TJMaxx 2H DIG_FY18,xAd Inc.,PJMTND_TJN_TJX_028_Mobile_GROUND TRUTH FKA XAD_DST_SV1_MAP_DIR_DSP_TRG_RON_PXT_PXT_DVY_PHASE 1_PROXIMITY LOYALTY PLACEMENT - STANDARD BANNER - Maxx You Maxx Life_Run of Network_Geo_F25-54_320 x 50_Click and View_NV_NA,204442096,9/13/2017,46722,804,45918,10746,35172,12547,22625,15016,7609,23293,13438,28454
TJN_TJX_TJMaxx 2H DIG_FY18,Viant,"PJSPBV_TJN_TJC_031_Data_VIANT INC_PUR_ROI_MWB_DIR_DSP_TRG_RON_BTG_MKT_DVY_DETERMINSTIC LAL OF ECOM CONVERTERS, CROSS DEVICE DISPLAY_Fixed Placement_Behavioral_F25-54_160 x 600_Click_NV_NA",204733791,10/12/2017,27664,2070,25594,1,25593,1369,24224,15223,9001,1370,861,16084
TJN_TJX_TJMaxx 2H DIG_FY18,xAd Inc.,PJMTNB_TJN_TJX_028_Mobile_GROUND TRUTH FKA XAD_DST_SV1_MAP_DIR_DSP_TRG_RON_BTG_BTG_DVY_PHASE 1_BEHAVIORAL AUDIENCE TRENDSETTERS PLACEMENT - STANDARD BANNER - Fall Handbag_Run of Network_Behavioral_F25-54_300 x 250_Click and View_NV_NA,204447833,10/13/2017,8363,192,8171,8110,61,0,61,53,8,8110,7046,7099
TJN_TJX_TJMaxx 2H DIG_FY18,Foursquare,"PK0H84_TJN_TJX_028_Audience_FOURSQUARE LABS, INC_DST_SV1_MAP_PRO_RCH_TRG_RON_PXT_BTG_DVY_PHASE 1_MOBILE RICH MEDIA COMPETITIVE CONQUESTING - Find A Store_Run of Network_Geo_F25-54_320 x 50_Standard_NV_NA",205427847,10/14/2017,25704,292,25412,17768,7644,360,7284,4793,2491,18128,11929,16722
TJN_TJX_TJMaxx 2H DIG_FY18,Viant,"PJNSGM_TJN_TJX_028_Data_VIANT INC_DSI_SV1_TWB_DIR_DSP_TRG_RON_BTG_CTG_DVY_PHASE 1_VIANT DIRECT MATCH RETAIL, TJX PORFOLIO LOYALISTS, DISPLAY_Fixed Placement_Behavioral_F25-54_728 x 90_Standard_NV_NA",204526722,10/7/2017,12834,58,12776,0,12776,751,12025,9525,2500,751,595,10120
TJN_MAR_023_Marshalls 2H Digital_F18,Spotify USA Inc.,PK0HN8_TJN_MAR_023_Audience_SPOTIFY USA INC_DST_SV2_MAP_DIR_DSP_TRG_ROS_DMA_PXT_DVY_MOBILE OVERLAY 630X920_Run of Site_Geo_F25-54_630 x 920_Click and View_NV_NA,205561904,9/30/2017,28055,227,27828,27828,0,0,0,0,0,27828,26186,26186
TJN_MAR_023_Marshalls 2H Digital_F18,NinthDecimal,PJPSRR_TJN_MAR_023_Mobile_NINTHDECIMAL_DST_SV1_MAP_DIR_RCH_TRG_RON_PXT_DMA_DVY_GEOFENCE: 2-MILE RADIUS AROUND URBAN STORES_Run of Network_Geo_F25-54_320 x 50_Click and View_NV_NA,204541523,9/28/2017,41723,1288,40435,18374,22061,98,21963,21450,513,18472,18041,39491
TJN_MAR_023_Marshalls 2H Digital_F18,xAd Inc.,PJQ0YD_TJN_MAR_023_Mobile_GROUND TRUTH FKA XAD_DST_SV1_MAP_DIR_RCH_TRG_RON_WEA_PXT_DVY_PROXIMITY CONQUESTING - WEATHER LOCATOR UNIT_Run of Network_Weather_F25-54_320 x 50_Click and View_NV_NA,204541553,10/14/2017,9929,223,9706,3859,5847,93,5754,5359,395,3952,3681,9040
TJN_TJX_TJMaxx 2H DIG_FY18,xAd Inc.,PJMTMQ_TJN_TJX_028_Mobile_GROUND TRUTH FKA XAD_DST_SV1_MAP_DIR_RCH_TRG_RON_PXT_PXT_DVY_PHASE 1_PROXIMITY LOYALTY PLACEMENT - RICH MEDIA STORE LOCATOR - TJ Maxx_Run of Network_Geo_F25-54_320 x 50_Click and View_NV_NA,204442090,9/21/2017,28992,558,28434,15201,13233,219,13014,12239,775,15420,14502,26741
TJN_TJX_TJMaxx 2H DIG_FY18,NBC Universal Media,PK3H7P_TJN_TJX_028_Content_NBCUNI.COM_BAF_BS2_DSK_DIR_DSP_SPN_HPT_CTG_CTG_DCM_100% SOV NBC THIS IS US ROADBLOCK 10/10 - 300X50 MOBILE_HP Takeover_Contextual_F25-54_300 x 50_Standard_NV_NA,205687852,10/9/2017,4,0,4,0,4,0,4,3,1,0,0,3
TJN_TJX_TJMaxx 2H DIG_FY18,Conversant Inc.,PJPWPG_TJN_TJX_028_Audience_CONVERSANT_DST_SV1_TAP_NET_DSP_TRG_RON_BTG_BTG_DVY_PHASE 1_ TABLET MEDIUM RECTANGLE  - CONVERSANT SHOPPERS AV_Run of Site_Behavioral_P18+_300 x 250_Standard_NV_NA,204446129,10/10/2017,261,2,259,0,259,45,214,72,142,45,15,87
TJN_TJX_TJMaxx 2H DIG_FY18,Foursquare,"PJYHWF_TJN_TJX_028_Audience_FOURSQUARE LABS, INC_DST_SV1_MAP_PRO_DSP_TRG_RON_PXT_BTG_DVY_PHASE 1_PINPOINT COMPETITIVE CONQUESTING_Run of Network_Geo_F25-54_320 x 50_Standard_NV_NA",205183220,9/26/2017,167367,11303,156064,117150,38914,1119,37795,31326,6469,118269,98026,129352
TJN_MAR_023_Marshalls 2H Digital_F18,Spotify USA Inc.,PK0HLF_TJN_MAR_023_Audience_SPOTIFY USA INC_DST_SV2_MAP_DIR_DSP_TRG_CMP_DMA_PXT_DVY_MOBILE AUDIO COMPANION BANNER 640X640_Run of Site_Geo_F25-54_640 x 640_Click and View_NV_NA,205566308,9/27/2017,147684,1831,145853,145853,0,0,0,0,0,145853,136773,136773
TJN_MAR_023_Marshalls 2H Digital_F18,Bustle,PK5G42_TJN_MAR_023_Content_BUSTLE_Custom Content Roadblock Standard Feature 1 - 300x250_Roadblock_Contextual_F25-54_300 x 250_Click and View_NV_NA,206309158,10/15/2017,1406,14,1392,0,1392,20,1372,1226,146,20,18,1244
TJN_MAR_023_Marshalls 2H Digital_F18,xAd Inc.,PJQ0YD_TJN_MAR_023_Mobile_GROUND TRUTH FKA XAD_DST_SV1_MAP_DIR_RCH_TRG_RON_WEA_PXT_DVY_PROXIMITY CONQUESTING - WEATHER LOCATOR UNIT_Run of Network_Weather_F25-54_320 x 50_Click and View_NV_NA,204541553,9/14/2017,16045,251,15794,5887,9907,1788,8119,7368,751,7675,6965,14333
TJN_TJX_TJMaxx 2H DIG_FY18,xAd Inc.,PKF49C_TJN_TJX_028_Mobile_GROUND TRUTH FKA XAD_DST_SV1_MAP_DIR_DSP_TRG_RON_BTG_BTG_DVY_PHASE 1_BEHAVIORAL AUDIENCE TRENDSETTERS PLACEMENT - STANDARD BANNER - Dresses_Run of Network_Behavioral_F25-54_300 x 250_Click and View_NV_NA,206832825,10/18/2017,2663,33,2630,2630,0,0,0,0,0,2630,2630,2630
TJN_TJX_TJMaxx 2H DIG_FY18,Foursquare,"PKFMKW_TJN_TJX_028_Audience_FOURSQUARE LABS, INC_DST_SV1_MAP_PRO_RCH_TRG_RON_PXT_BTG_DVY_PHASE 1_MOBILE RICH MEDIA TRENDSETTERS - Booties_Run of Network_Geo_F25-54_300 x 250_Standard_NV_NA",206833557,10/19/2017,3970,36,3934,2932,1002,274,728,368,360,3206,1621,1989
TJN_TJX_TJMaxx 2H DIG_FY18,Conversant Inc.,PJPWPD_TJN_TJX_028_Audience_CONVERSANT_DST_SV1_MAP_NET_DSP_TRG_RON_BTG_BTG_DVY_PHASE 1_ SMARTPHONE SMALL BANNER  - CONVERSANT SHOPPERS AV_Run of Site_Behavioral_P18+_320 x 50_Standard_NV_NA,204447251,10/3/2017,1511,41,1470,0,1470,338,1132,884,248,338,264,1148
TJN_TJX_TJMaxx 2H DIG_FY18,Foursquare,"PK0H80_TJN_TJX_028_Audience_FOURSQUARE LABS, INC_DST_SV1_MAP_PRO_RCH_TRG_RON_PXT_BTG_DVY_PHASE 1_MOBILE RICH MEDIA STRATEGIC SAVERS - Find A Store_Run of Network_Geo_F25-54_320 x 50_Standard_NV_NA",205394974,9/28/2017,38911,2131,36780,23196,13584,1474,12110,8474,3636,24670,17263,25737
TJN_TJX_TJMaxx 2H DIG_FY18,Viant,"PJSPBY_TJN_TJC_031_Data_VIANT INC_PUR_ROI_TWB_DIR_DSP_TRG_RON_BTG_MKT_DVY_DETERMINSTIC LAL OF ECOM CONVERTERS, CROSS DEVICE DISPLAY_Fixed Placement_Behavioral_F25-54_300 x 250_Click_NV_NA",204715651,9/30/2017,277,7,270,0,270,49,221,102,119,49,23,125
TJN_MAR_023_Marshalls 2H Digital_F18,NinthDecimal,PJPSRX_TJN_MAR_023_Mobile_NINTHDECIMAL_DST_SV1_MAP_DIR_RCH_TRG_RON_BTG_PXT_DVY_LOCATION GRAPH: COMPETITIVE CONQUESTING_Run of Network_Behavioral_F25-54_320 x 50_Click and View_NV_NA,204542879,9/5/2017,12249,239,12010,5519,6491,58,6433,6185,248,5577,5362,11547
TJN_TJX_TJMaxx 2H DIG_FY18,Conversant Inc.,PJPWBV_TJN_TJX_028_Audience_CONVERSANT_DST_SV1_DSK_NET_DSP_TRG_RON_BTG_BTG_DVY_PHASE 1_ DESKTOP MEDIUM RECTANGLE - CJ INTERACTORS LAL MODELING_Run of Site_Behavioral_P18+_300 x 250_Standard_NV_NA,204447743,10/16/2017,255308,16514,238794,28,238766,17274,221492,132360,89132,17302,10339,142699
TJN_TJX_TJMaxx 2H DIG_FY18,Foursquare,"PKFMLQ_TJN_TJX_028_Audience_FOURSQUARE LABS, INC_DST_SV1_MAP_PRO_RCH_TRG_RON_PXT_BTG_DVY_PHASE 1_MOBILE RICH MEDIA STRATEGIC SAVERS - Find A Store V1_Run of Network_Geo_F25-54_320 x 50_Standard_NV_NA",206772506,10/17/2017,14960,237,14723,5027,9696,561,9135,5440,3695,5588,3328,8768
TJN_TJX_TJMaxx 2H DIG_FY18,PlaceIQ,PKFS31_TJN_TJX_028_Mobile_PLACEIQ INC_DST_SV1_MAP_DIR_DSP_TRG_RON_BTG_PTG_DVY_PHASE 1_STANDARD BANNER_TRENDSETTERS_ONLINE SHOPPER+TJMAXX SHOPPERS - Sweaters_Run of Network_Behavioral_F25-54_300 x 250_Click and View_NV_NA,206771780,10/21/2017,401,47,354,203,151,1,150,145,5,204,197,342
TJN_TJX_TJMaxx 2H DIG_FY18,Foursquare,"PJYHWD_TJN_TJX_028_Audience_FOURSQUARE LABS, INC_DST_SV1_MAP_PRO_DSP_TRG_RON_PXT_BTG_DVY_PHASE 1_PINPOINT COMPETITIVE CONQUESTING_Run of Network_Geo_F25-54_300 x 250_Standard_NV_NA",205235284,10/20/2017,2262,84,2178,1695,483,143,340,151,189,1838,816,967
TJN_TJX_TJMaxx 2H DIG_FY18,Hulu,PK3F7J_TJN_TJX_027_Content_HULU_BAF_BS2_TAP_DIR_CUS_SPN_CHS_CTG_CTG_DVY_HULU ROS: PREMIUM SLATE - TABLET IN APP_FEP_Contextual_F25-54_1920 x 1080_Standard_NV_NA,205725864,9/30/2017,20,2,18,18,0,0,0,0,0,18,15,15
TJN_TJX_TJMaxx 2H DIG_FY18,xAd Inc.,PKF4G3_TJN_TJX_028_Mobile_GROUND TRUTH FKA XAD_DST_SV1_MAP_DIR_DSP_TRG_RON_BTG_BTG_DVY_PHASE 1_BEHAVIORAL AUDIENCE STRATEGIC SAVERS PLACEMENT - STANDARD BANNER - Find A Store V2_Run of Network_Behavioral_F25-54_320 x 50_Click and View_NV_NA,206772056,10/18/2017,14644,236,14408,6179,8229,136,8093,6141,1952,6315,4792,10933
TJN_TJX_TJMaxx 2H DIG_FY18,xAd Inc.,PKF8WD_TJN_TJX_028_Mobile_GROUND TRUTH FKA XAD_DST_SV1_MAP_DIR_RCH_TRG_RON_PXT_PXT_DVY_PHASE 1_PROXIMITY LOYALTY PLACEMENT - RICH MEDIA STORE LOCATOR - Find A Store V1_Run of Network_Geo_F25-54_320 x 50_Click and View_NV_NA,206772065,10/14/2017,1,1,0,0,0,0,0,0,0,0,0,0
TJN_TJX_TJMaxx 2H DIG_FY18,Conversant Inc.,PJPWPF_TJN_TJX_028_Audience_CONVERSANT_DST_SV1_TAP_NET_DSP_TRG_RON_BTG_BTG_DVY_PHASE 1_ TABLET LEADERBOARD - CONVERSANT SHOPPERS AV_Run of Site_Behavioral_P18+_728 x 90_Standard_NV_NA,204442915,10/9/2017,15,0,15,0,15,1,14,5,9,1,0,5
TJN_TJX_TJMaxx 2H DIG_FY18,PlaceIQ,PK19YY_TJN_TJX_028_Mobile_PLACEIQ INC_DST_SV1_MAP_DIR_RCH_TRG_RON_BTG_PTG_DVY_PHASE 1_RICH MEDIA_STRATEGIC SAVERS_FREQUENT WOMEN'S APPAREL SHOPPER+DISCRETIONARY SPEND SHOPPERS_Run of Network_Behavioral_F25-54_320 x 50_Click and View_NV_NA,205568681,10/14/2017,32893,478,32415,14696,17719,666,17053,16681,372,15362,15027,31708
TJN_TJX_TJMaxx 2H DIG_FY18,NBC Universal Media,PK2LFG_TJN_TJX_028_Content_NBCUNI.COM_BAF_BS2_DSK_DIR_DSP_SPN_HPT_CTG_CTG_DCM_100% SOV NBC HOMEPAGE ROADBLOCK 10/3 - 970X66 DESKTOP_HP Takeover_Contextual_F25-54_970 x 66_Standard_NV_NA,205568660,10/5/2017,2,0,2,0,2,0,2,2,0,0,0,2
TJN_TJX_TJMaxx 2H DIG_FY18,xAd Inc.,PJMTN4_TJN_TJX_028_Mobile_GROUND TRUTH FKA XAD_DST_SV1_MAP_DIR_RCH_TRG_RON_BTG_BTG_DVY_PHASE 1_BEHAVIORAL AUDIENCE TRENDSETTERS PLACEMENT - RICH MEDIA STORE LOCATOR - Fall Handbag_Run of Network_Behavioral_F25-54_300 x 250_Click and View_NV_NA,204447281,10/10/2017,2617,3,2614,31,2583,11,2572,2423,149,42,40,2463
TJN_TJX_TJMaxx 2H DIG_FY18,xAd Inc.,PJMTMQ_TJN_TJX_028_Mobile_GROUND TRUTH FKA XAD_DST_SV1_MAP_DIR_RCH_TRG_RON_PXT_PXT_DVY_PHASE 1_PROXIMITY LOYALTY PLACEMENT - RICH MEDIA STORE LOCATOR - TJ Maxx_Run of Network_Geo_F25-54_320 x 50_Click and View_NV_NA,204442090,10/6/2017,24848,399,24449,15569,8880,184,8696,8312,384,15753,15057,23369
TJN_MAR_023_Marshalls 2H Digital_F18,NinthDecimal,PJPSRV_TJN_MAR_023_Mobile_NINTHDECIMAL_DST_SV1_MAP_DIR_RCH_TRG_RON_BTG_PXT_DVY_LOCATION GRAPH: MARSHALLS LOYALISTS_Run of Network_Behavioral_F25-54_320 x 50_Click and View_NV_NA,204555232,9/29/2017,7366,201,7165,5238,1927,25,1902,1722,180,5263,4765,6487
TJN_TJX_TJMaxx 2H DIG_FY18,NBC Universal Media,PK3H7B_TJN_TJX_028_Content_NBCUNI.COM_BAF_BS2_DSK_DIR_DSP_SPN_HPT_CTG_CTG_DCM_100% SOV NBC HOMEPAGE ROADBLOCK 10/3 - 728X90 MOBILE_HP Takeover_Contextual_F25-54_728 x 90_Standard_NV_NA,205725903,10/3/2017,4415,108,4307,0,4307,235,4072,3359,713,235,194,3553
TJN_TJX_TJMaxx 2H DIG_FY18,xAd Inc.,PJMTN5_TJN_TJX_028_Mobile_GROUND TRUTH FKA XAD_DST_SV1_MAP_DIR_RCH_TRG_RON_BTG_BTG_DVY_PHASE 1_BEHAVIORAL AUDIENCE TRENDSETTERS PLACEMENT - RICH MEDIA STORE LOCATOR - TJ Maxx_Run of Network_Behavioral_F25-54_320 x 50_Click and View_NV_NA,204442936,10/9/2017,6543,91,6452,2287,4165,139,4026,3198,828,2426,1927,5125
TJN_TJX_TJMaxx 2H DIG_FY18,Viant,"PKGJ6C_TJN_TJC_031_Data_VIANT INC_PUR_ROI_TWB_DIR_CUS_TRG_NAT_BTG_MKT_DVY_W25-54 + KEYWORD TARGETING, CROSS DEVICE NATIVE - Booties_Fixed Placement_Contextual_F25-54_0 x 0_Click_NV_NA",206833314,10/20/2017,8617,110,8507,8507,0,0,0,0,0,8507,5064,5064
TJN_TJX_TJMaxx 2H DIG_FY18,Viant,"PJSPCL_TJN_TJC_031_Data_VIANT INC_PUR_ROI_TWB_DIR_DSP_TRG_RON_BTG_MKT_DVY_W25-54 + ONLINE SHOPPERS, CROSS DEVICE DISPLAY_Fixed Placement_Behavioral_F25-54_728 x 90_Click_NV_NA",204715987,10/15/2017,1558,68,1490,0,1490,67,1423,1057,366,67,50,1107
TJN_MAR_023_Marshalls 2H Digital_F18,xAd Inc.,PJQ0YN_TJN_MAR_023_Mobile_GROUND TRUTH FKA XAD_DST_SV1_MAP_DIR_DSP_TRG_RON_PXT_BTG_DVY_GEOBLOCKS LOYALTY - DYNAMIC DISTANCE_Run of Network_Geo_F25-54_320 x 50_Click and View_NV_NA,204558328,10/9/2017,11063,234,10829,9580,1249,277,972,843,129,9857,8476,9319
TJN_MAR_023_Marshalls 2H Digital_F18,xAd Inc.,PJQ0Y9_TJN_MAR_023_Mobile_GROUND TRUTH FKA XAD_DST_SV1_MAP_DIR_RCH_TRG_RON_WEA_PXT_DVY_PROXIMITY LOYALTY - WEATHER LOCATOR UNIT_Run of Network_Weather_F25-54_300 x 250_Click and View_NV_NA,204541757,9/28/2017,2675,51,2624,1777,847,34,813,554,259,1811,1234,1788
TJN_TJX_TJMaxx 2H DIG_FY18,Conversant Inc.,PJPWPD_TJN_TJX_028_Audience_CONVERSANT_DST_SV1_MAP_NET_DSP_TRG_RON_BTG_BTG_DVY_PHASE 1_ SMARTPHONE SMALL BANNER  - CONVERSANT SHOPPERS AV_Run of Site_Behavioral_P18+_320 x 50_Standard_NV_NA,204447251,10/1/2017,1737,18,1719,0,1719,407,1312,1024,288,407,318,1342
TJN_MAR_023_Marshalls 2H Digital_F18,NinthDecimal,PJPSRZ_TJN_MAR_023_Mobile_NINTHDECIMAL_DST_SV1_MAP_DIR_RCH_TRG_RON_BTG_DMA_DVY_CONSUMER JOURNEY: BARGAIN HUNTERS_Run of Network_Behavioral_F25-54_320 x 50_Click and View_NV_NA,204542873,9/29/2017,4311,148,4163,1879,2284,8,2276,2238,38,1887,1855,4093
TJN_TJX_TJMaxx 2H DIG_FY18,Foursquare,"PJPRV8_TJN_TJX_028_Audience_FOURSQUARE LABS, INC_DST_SV1_MAP_PRO_DSP_TRG_RON_PXT_BTG_DVY_PHASE 1_PINPOINT TRENDSETTERS AV_Run of Network_Geo_F25-54_300 x 250_Standard_NV_NA",204527100,9/18/2017,256,29,227,90,137,30,107,39,68,120,44,83
TJN_TJX_TJMaxx 2H DIG_FY18,Conversant Inc.,PJNPLV_TJN_TJX_028_Audience_CONVERSANT_DST_SV1_DSK_NET_DSP_TRG_RON_BTG_BTG_DVY_PHASE 1_ DESKTOP LEADERBOARD - CJ CONVERTERS LAL MODELING_Run of Site_Behavioral_P18+_728 x 90_Standard_NV_NA,204483933,10/10/2017,33269,2738,30531,5,30526,3099,27427,12534,14893,3104,1419,13953
TJN_TJX_TJMaxx 2H DIG_FY18,Conversant Inc.,PJPWPD_TJN_TJX_028_Audience_CONVERSANT_DST_SV1_MAP_NET_DSP_TRG_RON_BTG_BTG_DVY_PHASE 1_ SMARTPHONE SMALL BANNER  - CONVERSANT SHOPPERS AV_Run of Site_Behavioral_P18+_320 x 50_Standard_NV_NA,204447251,10/2/2017,1477,26,1451,0,1451,331,1120,878,242,331,259,1137
TJN_TJX_TJMaxx 2H DIG_FY18,Conversant Inc.,PJPWC0_TJN_TJX_028_Audience_CONVERSANT_DST_SV1_TAP_NET_DSP_TRG_RON_BTG_BTG_DVY_PHASE 1_ TABLET MEDIUM RECTANGLE  - CJ INTERACTORS LAL MODELING_Run of Site_Behavioral_P18+_300 x 250_Standard_NV_NA,204443392,9/19/2017,5,5,0,0,0,0,0,0,0,0,0,0
TJN_TJX_TJMaxx 2H DIG_FY18,Viant,"PJSPCM_TJN_TJC_031_Data_VIANT INC_PUR_ROI_TWB_DIR_DSP_TRG_RON_BTG_MKT_DVY_W25-54 + ONLINE SHOPPERS, CROSS DEVICE DISPLAY_Fixed Placement_Behavioral_F25-54_300 x 250_Click_NV_NA",204733512,10/7/2017,1906,29,1877,0,1877,102,1775,1259,516,102,72,1331
TJN_MAR_023_Marshalls 2H Digital_F18,Spotify USA Inc.,PK0HN8_TJN_MAR_023_Audience_SPOTIFY USA INC_DST_SV2_MAP_DIR_DSP_TRG_ROS_DMA_PXT_DVY_MOBILE OVERLAY 630X920_Run of Site_Geo_F25-54_630 x 920_Click and View_NV_NA,205561904,10/16/2017,53265,913,52352,52352,0,0,0,0,0,52352,45403,45403
TJN_TJX_TJMaxx 2H DIG_FY18,Viant,"PJNSHC_TJN_TJX_028_Data_VIANT INC_DSI_SV1_DSK_DIR_DSP_TRG_RON_BTG_CTG_DVY_PHASE 1_VIANT DIRECT MATCH RETAIL, COMPETITIVE CONQUESTING, DISPLAY_Fixed Placement_Behavioral_F25-54_300 x 250_Standard_NV_NA",204478655,10/5/2017,9816,452,9364,0,9364,851,8513,5780,2733,851,578,6358
TJN_TJX_TJMaxx 2H DIG_FY18,Foursquare,"PKFMK7_TJN_TJX_028_Audience_FOURSQUARE LABS, INC_DST_SV1_MAP_PRO_RCH_TRG_RON_PXT_BTG_DVY_PHASE 1_MOBILE RICH MEDIA COMPETITIVE CONQUESTING - Sweaters_Run of Network_Geo_F25-54_300 x 250_Standard_NV_NA",206832744,10/16/2017,2359,43,2316,625,1691,117,1574,473,1101,742,223,696
TJN_MAR_023_Marshalls 2H Digital_F18,xAd Inc.,PJQ0YD_TJN_MAR_023_Mobile_GROUND TRUTH FKA XAD_DST_SV1_MAP_DIR_RCH_TRG_RON_WEA_PXT_DVY_PROXIMITY CONQUESTING - WEATHER LOCATOR UNIT_Run of Network_Weather_F25-54_320 x 50_Click and View_NV_NA,204541553,9/5/2017,13809,343,13466,10042,3424,71,3353,3186,167,10113,9609,12795
TJN_TJX_TJMaxx 2H DIG_FY18,Conversant Inc.,PJPWPD_TJN_TJX_028_Audience_CONVERSANT_DST_SV1_MAP_NET_DSP_TRG_RON_BTG_BTG_DVY_PHASE 1_ SMARTPHONE SMALL BANNER  - CONVERSANT SHOPPERS AV_Run of Site_Behavioral_P18+_320 x 50_Standard_NV_NA,204447251,9/23/2017,1154,14,1140,0,1140,224,916,669,247,224,164,833
TJN_TJX_TJMaxx 2H DIG_FY18,Conversant Inc.,PJPTML_TJN_TJC_031_Audience_CONVERSANT_PUR_ROI_DSK_NET_DSP_TRG_RON_BTG_BTG_DVY_DESKTOP WIDE SKYSCRAPER- COMPETITIVE CONQUESTING_Run of Site_Other_P18+_160 x 600_Standard_NV_NA,204447224,10/7/2017,7002,267,6735,0,6735,1941,4794,1678,3116,1941,679,2357
TJN_TJX_TJMaxx 2H DIG_FY18,NBC Universal Media,PK2KJL_TJN_TJX_028_Content_NBCUNI.COM_BAF_BS2_MAP_DIR_VID_SPN_ROS_BTG_CTG_MOA_THIS IS US SPONSORSHIP: MOBILE - VIGNETTE 2_Run of Site_Behavioral_F25-54_1920 x 1080_Click and View_NV_NA,205563473,10/5/2017,56880,406,56474,56474,0,0,0,0,0,56474,33859,33859
TJN_TJX_TJMaxx 2H DIG_FY18,Conversant Inc.,PJPWPH_TJN_TJX_028_Audience_CONVERSANT_DST_SV1_MAP_NET_DSP_TRG_RON_BTG_BTG_DVY_PHASE 1_ SMARTPHONE MEDIUM RECTANGLE  - CONVERSANT SHOPPERS AV_Run of Site_Behavioral_P18+_300 x 250_Standard_NV_NA,204442060,9/16/2017,450,5,445,0,445,80,365,178,187,80,39,217
TJN_TJX_TJMaxx 2H DIG_FY18,NBC Universal Media,PK2LH9_TJN_TJX_028_Content_NBCUNI.COM_BAF_BS2_DSK_DIR_DSP_SPN_HPT_CTG_CTG_DCM_100% SOV NBC THIS IS US ROADBLOCK 10/3 - 300X250 DESKTOP_HP Takeover_Contextual_F25-54_300 x 250_Standard_NV_NA,205659765,10/5/2017,1,0,1,0,1,0,1,1,0,0,0,1
TJN_TJX_TJMaxx 2H DIG_FY18,Viant,"PK2V4S_TJN_TJX_028_Data_VIANT INC_DSI_SV1_TWB_DIR_RCH_TRG_INT_BTG_CTG_DVY_PHASE 1_VIANT IMP, W25-54 STRATEGIC SAVERS, CONTOBOX - Fall Homes_Fixed Placement_Behavioral_F25-54_300 x 250_Click and View_NV_NA",205687927,10/5/2017,2825,82,2743,5,2738,323,2415,1332,1083,328,181,1513
TJN_TJX_TJMaxx 2H DIG_FY18,PlaceIQ,PK19Z0_TJN_TJX_028_Mobile_PLACEIQ INC_DST_SV1_MAP_DIR_RCH_TRG_RON_BTG_PTG_DVY_PHASE 1_RICH MEDIA_STRATEGIC SAVERS_APPAREL OR FURNISHINGS DISCRETIONARY SPEND+IMPULSE BUYER SHOPPERS_Run of Network_Behavioral_F25-54_320 x 50_Click and View_NV_NA,205563158,10/17/2017,29001,868,28133,10382,17751,625,17126,16895,231,11007,10859,27754
TJN_TJX_TJMaxx 2H DIG_FY18,Foursquare,"PKFMJ7_TJN_TJX_028_Audience_FOURSQUARE LABS, INC_DST_SV1_MAP_PRO_RCH_TRG_RON_PXT_BTG_DVY_PHASE 1_MOBILE RICH MEDIA COMPETITIVE CONQUESTING - Find A Store V1_Run of Network_Geo_F25-54_320 x 50_Standard_NV_NA",206812597,10/20/2017,3501,63,3438,2706,732,122,610,572,38,2828,2652,3224
TJN_MAR_023_Marshalls 2H Digital_F18,NinthDecimal,PJPSRS_TJN_MAR_023_Mobile_NINTHDECIMAL_DST_SV1_MAP_DIR_RCH_TRG_RON_PXT_DMA_DVY_GEOFENCE: 5-10-MILE RADIUS AROUND SUBURBAN STORES_Run of Network_Geo_F25-54_320 x 50_Click and View_NV_NA,204541748,10/21/2017,46537,921,45616,18808,26808,163,26645,26092,553,18971,18577,44669
TJN_MAR_023_Marshalls 2H Digital_F18,xAd Inc.,PJQ0YH_TJN_MAR_023_Mobile_GROUND TRUTH FKA XAD_DST_SV1_MAP_DIR_DSP_TRG_RON_BTG_DMA_DVY_BEHAVIORAL - FASHION SHOPPER - DYNAMIC DISTANCE_Run of Network_Behavioral_F25-54_300 x 250_Click and View_NV_NA,204543443,9/16/2017,12666,511,12155,12151,4,0,4,0,4,12151,0,0
TJN_TJX_TJMaxx 2H DIG_FY18,Viant,"PJNSGW_TJN_TJX_028_Data_VIANT INC_DSI_SV1_DSK_DIR_DSP_TRG_RON_BTG_CTG_DVY_PHASE 1_VIANT DIRECT MATCH RETAIL, TJX PORFOLIO LOYALISTS, DISPLAY_Fixed Placement_Behavioral_F25-54_300 x 250_Standard_NV_NA",204478514,10/18/2017,10504,585,9919,0,9919,520,9399,6500,2899,520,360,6860
TJN_TJX_TJMaxx 2H DIG_FY18,xAd Inc.,PJMTMQ_TJN_TJX_028_Mobile_GROUND TRUTH FKA XAD_DST_SV1_MAP_DIR_RCH_TRG_RON_PXT_PXT_DVY_PHASE 1_PROXIMITY LOYALTY PLACEMENT - RICH MEDIA STORE LOCATOR - TJ Maxx_Run of Network_Geo_F25-54_320 x 50_Click and View_NV_NA,204442090,10/11/2017,11862,137,11725,2452,9273,42,9231,8758,473,2494,2366,11124
TJN_MAR_023_Marshalls 2H Digital_F18,xAd Inc.,PJQ0YK_TJN_MAR_023_Mobile_GROUND TRUTH FKA XAD_DST_SV1_MAP_DIR_DSP_TRG_RON_BTG_PXT_DVY_MARSHALLS SHOPPERS - DYNAMIC DISTANCE_Run of Network_Geo_F25-54_300 x 250_Click and View_NV_NA,204543440,9/15/2017,3213,88,3125,3125,0,0,0,0,0,3125,3125,3125
TJN_TJX_TJMaxx 2H DIG_FY18,Viant,"PK2V4V_TJN_TJX_028_Data_VIANT INC_DSI_SV1_TWB_DIR_RCH_TRG_INT_BTG_CTG_DVY_PHASE 1_VIANT IMP, W25-54 STRATEGIC SAVERS, CONTOBOX - Fall Homes_Fixed Placement_Behavioral_F25-54_728 x 90_Click and View_NV_NA",205725966,10/17/2017,198,7,191,2,189,16,173,64,109,18,7,71
TJN_MAR_023_Marshalls 2H Digital_F18,xAd Inc.,PJQ0YG_TJN_MAR_023_Mobile_GROUND TRUTH FKA XAD_DST_SV1_MAP_DIR_DSP_TRG_RON_BTG_DMA_DVY_BEHAVIORAL - FASHION SHOPPER - DYNAMIC DISTANCE_Run of Network_Behavioral_F25-54_320 x 50_Click and View_NV_NA,204557581,9/15/2017,37834,554,37280,27319,9961,6099,3862,3660,202,33418,28084,31744
TJN_MAR_023_Marshalls 2H Digital_F18,NinthDecimal,PJPSS0_TJN_MAR_023_Mobile_NINTHDECIMAL_DST_SV1_MAP_DIR_RCH_TRG_RON_BTG_DMA_DVY_3RD PARTY: SURPRISE CHOOSERS_Run of Network_Behavioral_F25-54_320 x 50_Click and View_NV_NA,204595875,10/12/2017,77992,1010,76982,18352,58630,392,58238,55674,2564,18744,17919,73593
TJN_TJX_TJMaxx 2H DIG_FY18,Conversant Inc.,PJPWP8_TJN_TJX_028_Audience_CONVERSANT_DST_SV1_DSK_NET_DSP_TRG_RON_BTG_BTG_DVY_PHASE 1_ DESKTOP LEADERBOARD - CONVERSANT SHOPPERS AV_Run of Site_Behavioral_P18+_728 x 90_Standard_NV_NA,204446132,9/26/2017,713,36,677,0,677,215,462,267,195,215,124,391
TJN_TJX_TJMaxx 2H DIG_FY18,Viant,"PKGK55_TJN_TJX_028_Data_VIANT INC_DSI_SV1_DSK_DIR_CUS_TRG_NAT_BTG_CTG_DVY_PHASE 1_VIANT LIFESTYLE, TRENDSETTERS NATIVE- Dresses_Fixed Placement_Contextual_F25-54_0 x 0_Click and View_NV_NA",206833278,10/18/2017,13904,838,13066,13066,0,0,0,0,0,13066,10070,10070
TJN_TJX_TJMaxx 2H DIG_FY18,Viant,"PKGJ3N_TJN_TJC_031_Data_VIANT INC_PUR_ROI_TWB_DIR_CUS_TRG_NAT_BTG_MKT_DVY_W25-54 + KEYWORD TARGETING, CROSS DEVICE NATIVE - Booties_Fixed Placement_Contextual_F25-54_1 x 1_Click_NV_NA",206833311,10/21/2017,9251,73,9178,9178,0,0,0,0,0,9178,6965,6965
TJN_TJX_TJMaxx 2H DIG_FY18,Hulu,PK3CXJ_TJN_TJX_027_Content_HULU_BAF_BS2_MAP_DIR_CUS_SPN_CHS_CTG_CTG_DVY_FALL TV SPONSORSHIP: PREMIUM SLATE - MOBILE IN APP_FEP_Contextual_F25-54_1920 x 1080_Standard_NV_NA,205683919,9/29/2017,26206,207,25999,25999,0,0,0,0,0,25999,19269,19269
TJN_MAR_023_Marshalls 2H Digital_F18,NinthDecimal,PJPSRS_TJN_MAR_023_Mobile_NINTHDECIMAL_DST_SV1_MAP_DIR_RCH_TRG_RON_PXT_DMA_DVY_GEOFENCE: 5-10-MILE RADIUS AROUND SUBURBAN STORES_Run of Network_Geo_F25-54_320 x 50_Click and View_NV_NA,204541748,9/9/2017,16053,335,15718,6250,9468,93,9375,9139,236,6343,6183,15322
TJN_MAR_023_Marshalls 2H Digital_F18,xAd Inc.,PJQ0YJ_TJN_MAR_023_Mobile_GROUND TRUTH FKA XAD_DST_SV1_MAP_DIR_DSP_TRG_RON_BTG_PXT_DVY_MARSHALLS SHOPPERS - DYNAMIC DISTANCE_Run of Network_Geo_F25-54_320 x 50_Click and View_NV_NA,204595911,10/20/2017,64063,803,63260,50181,13079,578,12501,10638,1863,50759,42875,53513
TJN_TJX_TJMaxx 2H DIG_FY18,Foursquare,"PJPRVG_TJN_TJX_028_Audience_FOURSQUARE LABS, INC_DST_SV1_MAP_PRO_DSP_TRG_RON_PXT_BTG_DVY_PHASE 1_PINPOINT COMPETITIVE CONQUESTING AV_Run of Network_Geo_F25-54_300 x 250_Standard_NV_NA",204527412,9/20/2017,227,14,213,70,143,11,132,53,79,81,33,86
TJN_TJX_TJMaxx 2H DIG_FY18,Viant,"PJNSHG_TJN_TJX_028_Data_VIANT INC_DSI_SV1_DSK_DIR_DSP_TRG_RON_BTG_CTG_DVY_PHASE 1_VIANT DIRECT MATCH RETAIL, COMPETITIVE CONQUESTING, DISPLAY_Fixed Placement_Behavioral_F25-54_728 x 90_Standard_NV_NA",204478490,10/20/2017,29912,1269,28643,0,28643,2016,26627,15464,11163,2016,1171,16635
TJN_MAR_023_Marshalls 2H Digital_F18,NinthDecimal,PJPSRV_TJN_MAR_023_Mobile_NINTHDECIMAL_DST_SV1_MAP_DIR_RCH_TRG_RON_BTG_PXT_DVY_LOCATION GRAPH: MARSHALLS LOYALISTS_Run of Network_Behavioral_F25-54_320 x 50_Click and View_NV_NA,204555232,9/10/2017,406,11,395,128,267,3,264,254,10,131,126,380
TJN_TJX_TJMaxx 2H DIG_FY18,Viant,PJPXKS_TJN_TJX_028_Data_VIANT INC_DSI_SV1_DSK_DIR_DSP_TRG_RON_BTG_CTG_DVY_PHASE 1_DESKTOP DISPLAY VIANT IMP TARGETING - STRATEGIC SAVERS AV_Fixed Placement_Demo_F25-54_160 x 600_Standard_NV_NA,204477475,10/20/2017,3001,1540,1461,3,1458,124,1334,508,826,127,48,556
TJN_TJX_TJMaxx 2H DIG_FY18,PlaceIQ,PK19YY_TJN_TJX_028_Mobile_PLACEIQ INC_DST_SV1_MAP_DIR_RCH_TRG_RON_BTG_PTG_DVY_PHASE 1_RICH MEDIA_STRATEGIC SAVERS_FREQUENT WOMEN'S APPAREL SHOPPER+DISCRETIONARY SPEND SHOPPERS_Run of Network_Behavioral_F25-54_320 x 50_Click and View_NV_NA,205568681,9/28/2017,21983,3582,18401,6495,11906,409,11497,9181,2316,6904,5513,14694
TJN_MAR_023_Marshalls 2H Digital_F18,xAd Inc.,PJQ0YH_TJN_MAR_023_Mobile_GROUND TRUTH FKA XAD_DST_SV1_MAP_DIR_DSP_TRG_RON_BTG_DMA_DVY_BEHAVIORAL - FASHION SHOPPER - DYNAMIC DISTANCE_Run of Network_Behavioral_F25-54_300 x 250_Click and View_NV_NA,204543443,9/13/2017,11416,233,11183,11153,30,2,28,25,3,11155,9847,9872
TJN_TJX_TJMaxx 2H DIG_FY18,xAd Inc.,PJPXK1_TJN_TJX_028_Mobile_GROUND TRUTH FKA XAD_DST_SV1_MAP_DIR_DSP_TRG_RON_PXT_PXT_DVY_PHASE 1_PROXIMITY LOYALTY PLACEMENT - STANDARD BANNER - TJMaxx_Run of Network_Geo_F25-54_320 x 50_Click and View_NV_NA,204483996,9/7/2017,38763,729,38034,9606,28428,16449,11979,10601,1378,26055,23237,33838
TJN_MAR_023_Marshalls 2H Digital_F18,xAd Inc.,PJQ0YF_TJN_MAR_023_Mobile_GROUND TRUTH FKA XAD_DST_SV1_MAP_DIR_RCH_TRG_RON_WEA_PXT_DVY_PROXIMITY CONQUESTING - WEATHER LOCATOR UNIT_Run of Network_Weather_F25-54_300 x 250_Click and View_NV_NA,204596913,9/12/2017,1229,27,1202,661,541,8,533,511,22,669,641,1152
TJN_TJX_TJMaxx 2H DIG_FY18,xAd Inc.,PJYDBV_TJN_TJX_028_Mobile_GROUND TRUTH FKA XAD_DST_SV1_MAP_DIR_RCH_TRG_RON_BTG_BTG_DVY_PHASE 1_BEHAVIORAL AUDIENCE STRATEGIC SAVERS PLACEMENT - RICH MEDIA STORE LOCATOR - Maxx You Maxx Life_Run of Network_Behavioral_F25-54_320 x 50_Click and View_NV_NA,205148243,10/19/2017,10,3,7,6,1,0,1,1,0,6,6,7
TJN_TJX_TJMaxx 2H DIG_FY18,Foursquare,"PJPSSX_TJN_TJX_028_Audience_FOURSQUARE LABS, INC_DST_SV1_MAP_PRO_RCH_TRG_RON_PXT_BTG_DVY_PHASE 1_MOBILE RICH MEDIA TRENDSETTERS - Fall Handbag_Run of Network_Geo_F25-54_300 x 250_Standard_NV_NA",204525354,9/23/2017,3309,265,3044,967,2077,122,1955,657,1298,1089,366,1023
TJN_TJX_TJMaxx 2H DIG_FY18,xAd Inc.,PJPXJQ_TJN_TJX_028_Mobile_GROUND TRUTH FKA XAD_DST_SV1_MAP_DIR_DSP_TRG_RON_RTG_RTG_DVY_PHASE 1_LOCATION AUDIENCE TJX SHOPPERS PLACEMENT - STANDARD BANNER - TJMaxx_Run of Network_Retarget_F25-54_320 x 50_Click and View_NV_NA,204447839,9/30/2017,39074,548,38526,23802,14724,8687,6037,5109,928,32489,19275,24384
TJN_MAR_023_Marshalls 2H Digital_F18,Bustle,PK5G41_TJN_MAR_023_Content_BUSTLE_Custom Content Roadblock Standard Feature 1 - Panoramic_Roadblock_Contextual_F25-54_1 x 1_Click and View_NV_NA,206335290,10/15/2017,1193,20,1173,0,1173,67,1106,818,288,67,50,868
TJN_TJX_TJMaxx 2H DIG_FY18,Conversant Inc.,PJPWPF_TJN_TJX_028_Audience_CONVERSANT_DST_SV1_TAP_NET_DSP_TRG_RON_BTG_BTG_DVY_PHASE 1_ TABLET LEADERBOARD - CONVERSANT SHOPPERS AV_Run of Site_Behavioral_P18+_728 x 90_Standard_NV_NA,204442915,9/26/2017,48,0,48,0,48,11,37,18,19,11,5,23
TJN_TJX_TJMaxx 2H DIG_FY18,xAd Inc.,PJYDBQ_TJN_TJX_028_Mobile_GROUND TRUTH FKA XAD_DST_SV1_MAP_DIR_RCH_TRG_RON_BTG_BTG_DVY_PHASE 1_BEHAVIORAL AUDIENCE TRENDSETTERS PLACEMENT - RICH MEDIA STORE LOCATOR - Fall Hero_Run of Network_Behavioral_F25-54_300 x 250_Click and View_NV_NA,205145231,10/16/2017,1277,17,1260,11,1249,5,1244,1170,74,16,15,1185
TJN_TJX_TJMaxx 2H DIG_FY18,Foursquare,"PJPSSX_TJN_TJX_028_Audience_FOURSQUARE LABS, INC_DST_SV1_MAP_PRO_RCH_TRG_RON_PXT_BTG_DVY_PHASE 1_MOBILE RICH MEDIA TRENDSETTERS - Fall Handbag_Run of Network_Geo_F25-54_300 x 250_Standard_NV_NA",204525354,10/2/2017,1630,139,1491,405,1086,46,1040,452,588,451,196,648
TJN_TJX_TJMaxx 2H DIG_FY18,Viant,"PJNSHD_TJN_TJX_028_Data_VIANT INC_DSI_SV1_DSK_DIR_DSP_TRG_RON_BTG_CTG_DVY_PHASE 1_VIANT DIRECT MATCH RETAIL, COMPETITIVE CONQUESTING, DISPLAY_Fixed Placement_Behavioral_F25-54_160 x 600_Standard_NV_NA",204477281,10/18/2017,9996,914,9082,0,9082,653,8429,5852,2577,653,453,6305
TJN_MAR_023_Marshalls 2H Digital_F18,xAd Inc.,PJQ0YQ_TJN_MAR_023_Mobile_GROUND TRUTH FKA XAD_DST_SV1_MAP_DIR_DSP_TRG_RON_PXT_BTG_DVY_GEOBLOCKS CONQUESTING - DYNAMIC DISTANCE_Run of Network_Geo_F25-54_320 x 50_Click and View_NV_NA,204595632,9/18/2017,20005,326,19679,14137,5542,4109,1433,889,544,18246,12604,13493
TJN_TJX_TJMaxx 2H DIG_FY18,Viant,"PK2V4Z_TJN_TJX_028_Data_VIANT INC_DSI_SV1_MWB_DIR_RCH_TRG_INT_BTG_CTG_DVY_PHASE 1_VIANT IMP, W25-54 STRATEGIC SAVERS, CONTOBOX - Fall Homes_Fixed Placement_Behavioral_F25-54_300 x 250_Click and View_NV_NA",205726911,10/3/2017,15593,314,15279,5,15274,1303,13971,1945,12026,1308,182,2127
TJN_TJX_TJMaxx 2H DIG_FY18,Foursquare,"PJPSSZ_TJN_TJX_028_Audience_FOURSQUARE LABS, INC_DST_SV1_MAP_PRO_RCH_TRG_RON_PXT_BTG_DVY_PHASE 1_MOBILE RICH MEDIA COMPETITIVE CONQUESTING - Fall Handbag_Run of Network_Geo_F25-54_300 x 250_Standard_NV_NA",204478073,10/13/2017,2447,39,2408,854,1554,86,1468,431,1037,940,276,707
TJN_MAR_023_Marshalls 2H Digital_F18,xAd Inc.,PJQ0YH_TJN_MAR_023_Mobile_GROUND TRUTH FKA XAD_DST_SV1_MAP_DIR_DSP_TRG_RON_BTG_DMA_DVY_BEHAVIORAL - FASHION SHOPPER - DYNAMIC DISTANCE_Run of Network_Behavioral_F25-54_300 x 250_Click and View_NV_NA,204543443,10/13/2017,66024,2020,64004,63945,59,1,58,53,5,63946,58356,58409
TJN_MAR_023_Marshalls 2H Digital_F18,NinthDecimal,PJPSRZ_TJN_MAR_023_Mobile_NINTHDECIMAL_DST_SV1_MAP_DIR_RCH_TRG_RON_BTG_DMA_DVY_CONSUMER JOURNEY: BARGAIN HUNTERS_Run of Network_Behavioral_F25-54_320 x 50_Click and View_NV_NA,204542873,9/10/2017,16648,329,16319,6761,9558,45,9513,9251,262,6806,6619,15870
TJN_TJX_TJMaxx 2H DIG_FY18,Conversant Inc.,PJPWPH_TJN_TJX_028_Audience_CONVERSANT_DST_SV1_MAP_NET_DSP_TRG_RON_BTG_BTG_DVY_PHASE 1_ SMARTPHONE MEDIUM RECTANGLE  - CONVERSANT SHOPPERS AV_Run of Site_Behavioral_P18+_300 x 250_Standard_NV_NA,204442060,10/13/2017,259,1,258,0,258,38,220,161,59,38,28,189
TJN_MAR_023_Marshalls 2H Digital_F18,xAd Inc.,PJQ0Y9_TJN_MAR_023_Mobile_GROUND TRUTH FKA XAD_DST_SV1_MAP_DIR_RCH_TRG_RON_WEA_PXT_DVY_PROXIMITY LOYALTY - WEATHER LOCATOR UNIT_Run of Network_Weather_F25-54_300 x 250_Click and View_NV_NA,204541757,10/14/2017,111365,1860,109505,13992,95513,2465,93048,73983,19065,16457,13085,87068
TJN_TJX_TJMaxx 2H DIG_FY18,Conversant Inc.,PJPTLH_TJN_TJC_031_Audience_CONVERSANT_PUR_ROI_TAP_NET_DSP_TRG_RON_BTG_BTG_DVY_TABLET LEADERBOARD- TRENDSETTERS_Run of Site_Other_P18+_728 x 90_Standard_NV_NA,204447779,10/16/2017,373,5,368,51,317,41,276,246,30,92,82,328
TJN_TJX_TJMaxx 2H DIG_FY18,xAd Inc.,PKF462_TJN_TJX_028_Mobile_GROUND TRUTH FKA XAD_DST_SV1_MAP_DIR_DSP_TRG_RON_PXT_PXT_DVY_PHASE 1_PROXIMITY LOYALTY PLACEMENT - STANDARD BANNER - Booties_Run of Network_Geo_F25-54_300 x 250_Click and View_NV_NA,206812774,10/18/2017,3239,56,3183,3181,2,0,2,2,0,3181,3181,3183
TJN_TJX_TJMaxx 2H DIG_FY18,xAd Inc.,PJMTN9_TJN_TJX_028_Mobile_GROUND TRUTH FKA XAD_DST_SV1_MAP_DIR_DSP_TRG_RON_BTG_BTG_DVY_PHASE 1_BEHAVIORAL AUDIENCE STRATEGIC SAVERS PLACEMENT - STANDARD BANNER - Fall Handbag_Run of Network_Behavioral_F25-54_300 x 250_Click and View_NV_NA,204447293,9/14/2017,10993,269,10724,10683,41,9,32,6,26,10692,2005,2011
TJN_TJX_TJMaxx 2H DIG_FY18,xAd Inc.,PJMTN5_TJN_TJX_028_Mobile_GROUND TRUTH FKA XAD_DST_SV1_MAP_DIR_RCH_TRG_RON_BTG_BTG_DVY_PHASE 1_BEHAVIORAL AUDIENCE TRENDSETTERS PLACEMENT - RICH MEDIA STORE LOCATOR - TJ Maxx_Run of Network_Behavioral_F25-54_320 x 50_Click and View_NV_NA,204442936,9/26/2017,16413,164,16249,5798,10451,218,10233,9275,958,6016,5453,14728
TJN_TJX_TJMaxx 2H DIG_FY18,Foursquare,"PJPRQH_TJN_TJX_028_Audience_FOURSQUARE LABS, INC_DST_SV1_MAP_PRO_DSP_TRG_RON_PXT_BTG_DVY_PHASE 1_PINPOINT STRATEGIC SAVERS AV_Run of Network_Geo_F25-54_300 x 250_Standard_NV_NA",204481807,9/6/2017,1445,237,1208,584,624,388,236,113,123,972,465,578
TJN_TJX_TJMaxx 2H DIG_FY18,Viant,"PK2X7G_TJN_TJX_028_Data_VIANT INC_DSI_SV1_DSK_DIR_RCH_TRG_INT_BTG_CTG_DVY_PHASE 1_VIANT IMP, W25-54 STRATEGIC SAVERS, CONTOBOX - Honeycomb_Fixed Placement_Behavioral_F25-54_300 x 250_Click and View_NV_NA",205688467,10/8/2017,2457,25,2432,2,2430,270,2160,909,1251,272,114,1023
TJN_TJX_TJMaxx 2H DIG_FY18,xAd Inc.,PKF8V1_TJN_TJX_028_Mobile_GROUND TRUTH FKA XAD_DST_SV1_MAP_DIR_RCH_TRG_RON_PXT_PXT_DVY_PHASE 1_PROXIMITY LOYALTY PLACEMENT - RICH MEDIA STORE LOCATOR - Sweaters_Run of Network_Geo_F25-54_300 x 250_Click and View_NV_NA,206834118,10/20/2017,5349,55,5294,48,5246,12,5234,4962,272,60,57,5019
TJN_MAR_023_Marshalls 2H Digital_F18,xAd Inc.,PJQ0Y9_TJN_MAR_023_Mobile_GROUND TRUTH FKA XAD_DST_SV1_MAP_DIR_RCH_TRG_RON_WEA_PXT_DVY_PROXIMITY LOYALTY - WEATHER LOCATOR UNIT_Run of Network_Weather_F25-54_300 x 250_Click and View_NV_NA,204541757,9/14/2017,578,32,546,35,511,34,477,459,18,69,66,525
TJN_TJX_TJMaxx 2H DIG_FY18,Viant,"PKGJV4_TJN_TJX_028_Data_VIANT INC_DSI_SV1_DSK_DIR_RCH_TRG_INT_BTG_CTG_DVY_PHASE 1_VIANT IMP, W25-54 STRATEGIC SAVERS, CONTOBOX - Dresses_Fixed Placement_Behavioral_F25-54_160 x 600_Click and View_NV_NA",206833287,10/21/2017,926,133,793,1,792,33,759,327,432,34,15,342
TJN_TJX_TJMaxx 2H DIG_FY18,Foursquare,"PJMQ2K_TJN_TJX_028_Audience_FOURSQUARE LABS, INC_DST_SV1_MAP_PRO_DSP_TRG_RON_PXT_BTG_DVY_PHASE 1_PINPOINT STRATEGIC SAVERS_Run of Network_Geo_F25-54_320 x 50_Standard_NV_NA",204483454,10/16/2017,104926,1560,103366,51372,51994,2263,49731,39545,10186,53635,42649,82194
TJN_TJX_TJMaxx 2H DIG_FY18,Viant,"PJNSGQ_TJN_TJX_028_Data_VIANT INC_DSI_SV1_MWB_DIR_DSP_TRG_RON_BTG_CTG_DVY_PHASE 1_VIANT DIRECT MATCH RETAIL, TJX PORFOLIO LOYALISTS, DISPLAY_Fixed Placement_Behavioral_F25-54_300 x 250_Standard_NV_NA",204482395,10/7/2017,180,1,179,0,179,33,146,54,92,33,12,66
TJN_TJX_TJMaxx 2H DIG_FY18,Conversant Inc.,PJNPM2_TJN_TJX_028_Audience_CONVERSANT_DST_SV1_MAP_NET_DSP_TRG_RON_BTG_BTG_DVY_PHASE 1_ SMARTPHONE MEDIUM RECTANGLE  - CJ CONVERTERS LAL MODELING_Run of Site_Behavioral_P18+_300 x 250_Standard_NV_NA,204442021,10/7/2017,9745,133,9612,46,9566,1400,8166,2637,5529,1446,467,3104
TJN_TJX_TJMaxx 2H DIG_FY18,xAd Inc.,PJMTN9_TJN_TJX_028_Mobile_GROUND TRUTH FKA XAD_DST_SV1_MAP_DIR_DSP_TRG_RON_BTG_BTG_DVY_PHASE 1_BEHAVIORAL AUDIENCE STRATEGIC SAVERS PLACEMENT - STANDARD BANNER - Fall Handbag_Run of Network_Behavioral_F25-54_300 x 250_Click and View_NV_NA,204447293,10/14/2017,7810,95,7715,7703,12,0,12,9,3,7703,5777,5786
TJN_MAR_023_Marshalls 2H Digital_F18,xAd Inc.,PJQ0YN_TJN_MAR_023_Mobile_GROUND TRUTH FKA XAD_DST_SV1_MAP_DIR_DSP_TRG_RON_PXT_BTG_DVY_GEOBLOCKS LOYALTY - DYNAMIC DISTANCE_Run of Network_Geo_F25-54_320 x 50_Click and View_NV_NA,204558328,9/26/2017,12799,310,12489,9990,2499,279,2220,1913,307,10269,8034,9947
TJN_TJX_TJMaxx 2H DIG_FY18,Foursquare,"PJPSSW_TJN_TJX_028_Audience_FOURSQUARE LABS, INC_DST_SV1_MAP_PRO_RCH_TRG_RON_PXT_BTG_DVY_PHASE 1_MOBILE RICH MEDIA STRATEGIC SAVERS - Find A TJ Maxx Store_Run of Network_Geo_F25-54_320 x 50_Standard_NV_NA",204525357,10/3/2017,40318,1544,38774,23683,15091,2457,12634,9029,3605,26140,18681,27710
TJN_TJX_TJMaxx 2H DIG_FY18,Foursquare,"PK0H83_TJN_TJX_028_Audience_FOURSQUARE LABS, INC_DST_SV1_MAP_PRO_RCH_TRG_RON_PXT_BTG_DVY_PHASE 1_MOBILE RICH MEDIA COMPETITIVE CONQUESTING - Fall Honeycomb_Run of Network_Geo_F25-54_300 x 250_Standard_NV_NA",205344161,9/24/2017,2657,156,2501,987,1514,78,1436,614,822,1065,455,1069
TJN_MAR_023_Marshalls 2H Digital_F18,Bustle,PKG3Z8_TJN_MAR_023_Content_BUSTLE_Custom Content Roadblock Custom Shot Feature 2 - Panoramic_Roadblock_Contextual_F25-54_1 x 1_Click and View_NV_NA,206711606,10/16/2017,699,8,691,0,691,630,61,38,23,630,392,430
TJN_TJX_TJMaxx 2H DIG_FY18,Conversant Inc.,PJPWPH_TJN_TJX_028_Audience_CONVERSANT_DST_SV1_MAP_NET_DSP_TRG_RON_BTG_BTG_DVY_PHASE 1_ SMARTPHONE MEDIUM RECTANGLE  - CONVERSANT SHOPPERS AV_Run of Site_Behavioral_P18+_300 x 250_Standard_NV_NA,204442060,9/13/2017,395,4,391,0,391,100,291,54,237,100,19,73
TJN_TJX_TJMaxx 2H DIG_FY18,xAd Inc.,PKF4B4_TJN_TJX_028_Mobile_GROUND TRUTH FKA XAD_DST_SV1_MAP_DIR_DSP_TRG_RON_BTG_BTG_DVY_PHASE 1_BEHAVIORAL AUDIENCE TRENDSETTERS PLACEMENT - STANDARD BANNER - Find A Store V2_Run of Network_Behavioral_F25-54_320 x 50_Click and View_NV_NA,206832834,10/15/2017,6044,100,5944,2186,3758,616,3142,2457,685,2802,2026,4483
TJN_TJX_TJMaxx 2H DIG_FY18,Viant,"PJNSHC_TJN_TJX_028_Data_VIANT INC_DSI_SV1_DSK_DIR_DSP_TRG_RON_BTG_CTG_DVY_PHASE 1_VIANT DIRECT MATCH RETAIL, COMPETITIVE CONQUESTING, DISPLAY_Fixed Placement_Behavioral_F25-54_300 x 250_Standard_NV_NA",204478655,10/17/2017,25874,1359,24515,1,24514,2472,22042,11868,10174,2473,1332,13200
TJN_TJX_TJMaxx 2H DIG_FY18,xAd Inc.,PJMTMZ_TJN_TJX_028_Mobile_GROUND TRUTH FKA XAD_DST_SV1_MAP_DIR_DSP_TRG_RON_RTG_RTG_DVY_PHASE 1_LOCATION AUDIENCE TJX SHOPPERS PLACEMENT - STANDARD BANNER - Maxx You Maxx Life_Run of Network_Retarget_F25-54_320 x 50_Click and View_NV_NA,204484011,9/18/2017,30503,323,30180,9754,20426,395,20031,18183,1848,10149,9096,27279
TJN_TJX_TJMaxx 2H DIG_FY18,Foursquare,"PJYHWF_TJN_TJX_028_Audience_FOURSQUARE LABS, INC_DST_SV1_MAP_PRO_DSP_TRG_RON_PXT_BTG_DVY_PHASE 1_PINPOINT COMPETITIVE CONQUESTING_Run of Network_Geo_F25-54_320 x 50_Standard_NV_NA",205183220,10/19/2017,95586,2460,93126,82353,10773,206,10567,10124,443,82559,79098,89222
TJN_MAR_023_Marshalls 2H Digital_F18,NinthDecimal,PJPSRR_TJN_MAR_023_Mobile_NINTHDECIMAL_DST_SV1_MAP_DIR_RCH_TRG_RON_PXT_DMA_DVY_GEOFENCE: 2-MILE RADIUS AROUND URBAN STORES_Run of Network_Geo_F25-54_320 x 50_Click and View_NV_NA,204541523,9/5/2017,17961,653,17308,9140,8168,56,8112,7848,264,9196,8897,16745
TJN_TJX_TJMaxx 2H DIG_FY18,Foursquare,"PJPSSZ_TJN_TJX_028_Audience_FOURSQUARE LABS, INC_DST_SV1_MAP_PRO_RCH_TRG_RON_PXT_BTG_DVY_PHASE 1_MOBILE RICH MEDIA COMPETITIVE CONQUESTING - Fall Handbag_Run of Network_Geo_F25-54_300 x 250_Standard_NV_NA",204478073,9/19/2017,2873,166,2707,916,1791,133,1658,456,1202,1049,289,745
TJN_MAR_023_Marshalls 2H Digital_F18,xAd Inc.,PJQ0YH_TJN_MAR_023_Mobile_GROUND TRUTH FKA XAD_DST_SV1_MAP_DIR_DSP_TRG_RON_BTG_DMA_DVY_BEHAVIORAL - FASHION SHOPPER - DYNAMIC DISTANCE_Run of Network_Behavioral_F25-54_300 x 250_Click and View_NV_NA,204543443,9/19/2017,12789,496,12293,12253,40,4,36,33,3,12257,11235,11268
TJN_TJX_TJMaxx 2H DIG_FY18,Viant,"PJNSGS_TJN_TJX_028_Data_VIANT INC_DSI_SV1_MWB_DIR_DSP_TRG_RON_BTG_CTG_DVY_PHASE 1_VIANT DIRECT MATCH RETAIL, TJX PORFOLIO LOYALISTS, DISPLAY_Fixed Placement_Behavioral_F25-54_320 x 50_Standard_NV_NA",204524922,10/10/2017,16,0,16,0,16,0,16,14,2,0,0,14
TJN_TJX_TJMaxx 2H DIG_FY18,Foursquare,"PJPQL0_TJN_TJX_028_Audience_FOURSQUARE LABS, INC_DST_SV1_MAP_PRO_DSP_TRG_RON_PXT_BTG_DVY_PHASE 1_PINPOINT TRENDSETTERS_Run of Network_Geo_F25-54_320 x 50_Standard_NV_NA",204478094,10/8/2017,104017,1902,102115,55497,46618,1831,44787,36976,7811,57328,47330,84306
TJN_TJX_TJMaxx 2H DIG_FY18,xAd Inc.,PJYDBM_TJN_TJX_028_Mobile_GROUND TRUTH FKA XAD_DST_SV1_MAP_DIR_RCH_TRG_RON_PXT_PXT_DVY_PHASE 1_PROXIMITY LOYALTY PLACEMENT - RICH MEDIA STORE LOCATOR - Fall Hero_Run of Network_Geo_F25-54_300 x 250_Click and View_NV_NA,205209355,10/12/2017,6819,42,6777,96,6681,13,6668,6403,265,109,105,6508
TJN_TJX_TJMaxx 2H DIG_FY18,Viant,"PJSPBS_TJN_TJC_031_Data_VIANT INC_PUR_ROI_DSK_DIR_DSP_TRG_RON_BTG_MKT_DVY_DETERMINSTIC LAL OF ECOM CONVERTERS, CROSS DEVICE DISPLAY_Fixed Placement_Behavioral_F25-54_728 x 90_Click_NV_NA",204733518,10/3/2017,5371,530,4841,0,4841,270,4571,3638,933,270,215,3853
TJN_TJX_TJMaxx 2H DIG_FY18,xAd Inc.,PJMTN0_TJN_TJX_028_Mobile_GROUND TRUTH FKA XAD_DST_SV1_MAP_DIR_DSP_TRG_RON_RTG_RTG_DVY_PHASE 1_LOCATION AUDIENCE TJX SHOPPERS PLACEMENT - STANDARD BANNER - Fall Handbag_Run of Network_Retarget_F25-54_300 x 250_Click and View_NV_NA,204447842,9/18/2017,12036,324,11712,11692,20,1,19,12,7,11693,7385,7397
TJN_TJX_TJMaxx 2H DIG_FY18,xAd Inc.,PJMTN1_TJN_TJX_028_Mobile_GROUND TRUTH FKA XAD_DST_SV1_MAP_DIR_DSP_TRG_RON_DMA_DMA_DVY_PHASE 1_ADDED VALUE DMA TARGETING STANDALONE: STANDARD BANNER - Maxx You Maxx Life_Run of Network_Geo_F25-54_320 x 50_Click and View_NV_NA,204443461,9/15/2017,29513,768,28745,523,28222,16593,11629,10093,1536,17116,14855,24948
TJN_TJX_TJMaxx 2H DIG_FY18,Viant,"PJNSH8_TJN_TJX_028_Data_VIANT INC_DSI_SV1_TWB_DIR_DSP_TRG_RON_BTG_CTG_DVY_PHASE 1_VIANT DIRECT MATCH RETAIL, COMPETITIVE CONQUESTING, DISPLAY_Fixed Placement_Behavioral_F25-54_728 x 90_Standard_NV_NA",204483019,9/18/2017,1535,3,1532,0,1532,88,1444,1148,296,88,70,1218
TJN_TJX_TJMaxx 2H DIG_FY18,Viant,"PK2V4S_TJN_TJX_028_Data_VIANT INC_DSI_SV1_TWB_DIR_RCH_TRG_INT_BTG_CTG_DVY_PHASE 1_VIANT IMP, W25-54 STRATEGIC SAVERS, CONTOBOX - Fall Homes_Fixed Placement_Behavioral_F25-54_300 x 250_Click and View_NV_NA",205687927,10/17/2017,283,5,278,4,274,18,256,139,117,22,12,151
TJN_TJX_TJMaxx 2H DIG_FY18,PlaceIQ,PK19Z0_TJN_TJX_028_Mobile_PLACEIQ INC_DST_SV1_MAP_DIR_RCH_TRG_RON_BTG_PTG_DVY_PHASE 1_RICH MEDIA_STRATEGIC SAVERS_APPAREL OR FURNISHINGS DISCRETIONARY SPEND+IMPULSE BUYER SHOPPERS_Run of Network_Behavioral_F25-54_320 x 50_Click and View_NV_NA,205563158,10/5/2017,30371,735,29636,18545,11091,573,10518,10305,213,19118,18731,29036
TJN_TJX_TJMaxx 2H DIG_FY18,xAd Inc.,PKF5L5_TJN_TJX_028_Mobile_GROUND TRUTH FKA XAD_DST_SV1_MAP_DIR_DSP_TRG_RON_RTG_RTG_DVY_PHASE 1_LOCATION AUDIENCE TJX SHOPPERS PLACEMENT - STANDARD BANNER - Sweaters_Run of Network_Retarget_F25-54_300 x 250_Click and View_NV_NA,206833599,10/17/2017,2456,50,2406,2406,0,0,0,0,0,2406,2406,2406
TJN_TJX_TJMaxx 2H DIG_FY18,xAd Inc.,PJYDBR_TJN_TJX_028_Mobile_GROUND TRUTH FKA XAD_DST_SV1_MAP_DIR_RCH_TRG_RON_BTG_BTG_DVY_PHASE 1_BEHAVIORAL AUDIENCE TRENDSETTERS PLACEMENT - RICH MEDIA STORE LOCATOR - Maxx You Maxx Life_Run of Network_Behavioral_F25-54_320 x 50_Click and View_NV_NA,205145234,10/4/2017,7,2,5,4,1,1,0,0,0,5,4,4
TJN_TJX_TJMaxx 2H DIG_FY18,Conversant Inc.,PJPTMQ_TJN_TJC_031_Audience_CONVERSANT_PUR_ROI_DSK_NET_DSP_TRG_RON_BTG_BTG_DVY_DESKTOP MEDIUM RECTANGLE- COMPETITIVE CONQUESTING_Run of Site_Other_P18+_300 x 250_Standard_NV_NA,204447218,10/15/2017,9361,619,8742,1,8741,1004,7737,5443,2294,1005,707,6150
TJN_TJX_TJMaxx 2H DIG_FY18,xAd Inc.,PJMTNF_TJN_TJX_028_Mobile_GROUND TRUTH FKA XAD_DST_SV1_MAP_DIR_DSP_TRG_RON_PXT_PXT_DVY_PHASE 1_PROXIMITY LOYALTY PLACEMENT - STANDARD BANNER - Fall Handbag_Run of Network_Geo_F25-54_300 x 250_Click and View_NV_NA,204446159,9/20/2017,20615,463,20152,20025,127,33,94,25,69,20058,5335,5360
TJN_TJX_TJMaxx 2H DIG_FY18,Foursquare,"PJPSSX_TJN_TJX_028_Audience_FOURSQUARE LABS, INC_DST_SV1_MAP_PRO_RCH_TRG_RON_PXT_BTG_DVY_PHASE 1_MOBILE RICH MEDIA TRENDSETTERS - Fall Handbag_Run of Network_Geo_F25-54_300 x 250_Standard_NV_NA",204525354,10/1/2017,10206,1131,9075,2471,6604,418,6186,1827,4359,2889,853,2680
TJN_MAR_023_Marshalls 2H Digital_F18,xAd Inc.,PJQ0YP_TJN_MAR_023_Mobile_GROUND TRUTH FKA XAD_DST_SV1_MAP_DIR_DSP_TRG_RON_PXT_BTG_DVY_GEOBLOCKS LOYALTY - DYNAMIC DISTANCE_Run of Network_Geo_F25-54_300 x 250_Click and View_NV_NA,204537983,10/21/2017,61634,3115,58519,58508,11,0,11,11,0,58508,58460,58471
TJN_TJX_TJMaxx 2H DIG_FY18,Viant,"PJNSGN_TJN_TJX_028_Data_VIANT INC_DSI_SV1_TWB_DIR_DSP_TRG_RON_BTG_CTG_DVY_PHASE 1_VIANT DIRECT MATCH RETAIL, TJX PORFOLIO LOYALISTS, DISPLAY_Fixed Placement_Behavioral_F25-54_300 x 250_Standard_NV_NA",204526347,10/8/2017,332,3,329,0,329,23,306,236,70,23,18,254
TJN_TJX_TJMaxx 2H DIG_FY18,Viant,"PK2V4V_TJN_TJX_028_Data_VIANT INC_DSI_SV1_TWB_DIR_RCH_TRG_INT_BTG_CTG_DVY_PHASE 1_VIANT IMP, W25-54 STRATEGIC SAVERS, CONTOBOX - Fall Homes_Fixed Placement_Behavioral_F25-54_728 x 90_Click and View_NV_NA",205725966,10/5/2017,6459,87,6372,5,6367,691,5676,1555,4121,696,191,1746
TJN_TJX_TJMaxx 2H DIG_FY18,Viant,"PKGK52_TJN_TJX_028_Data_VIANT INC_DSI_SV1_DSK_DIR_CUS_TRG_NAT_BTG_CTG_DVY_PHASE 1_VIANT LIFESTYLE, TRENDSETTERS NATIVE- Booties_Fixed Placement_Contextual_F25-54_0 x 0_Click and View_NV_NA",206833275,10/16/2017,4794,227,4567,4567,0,0,0,0,0,4567,2968,2968
TJN_MAR_023_Marshalls 2H Digital_F18,xAd Inc.,PJQ0YM_TJN_MAR_023_Mobile_GROUND TRUTH FKA XAD_DST_SV1_MAP_DIR_DSP_TRG_RON_BTG_PXT_DVY_COMPETITOR SHOPPERS - DYNAMIC DISTANCE_Run of Network_Geo_F25-54_300 x 250_Click and View_NV_NA,204555259,9/6/2017,3379,44,3335,3335,0,0,0,0,0,3335,3335,3335
TJN_TJX_TJMaxx 2H DIG_FY18,Foursquare,"PJPRVC_TJN_TJX_028_Audience_FOURSQUARE LABS, INC_DST_SV1_MAP_PRO_DSP_TRG_RON_PXT_BTG_DVY_PHASE 1_PINPOINT TRENDSETTERS AV_Run of Network_Geo_F25-54_320 x 50_Standard_NV_NA",204527421,9/30/2017,1912,28,1884,478,1406,50,1356,1022,334,528,398,1420
TJN_MAR_023_Marshalls 2H Digital_F18,Bustle,PK5G3W_TJN_MAR_023_Content_BUSTLE_HPTO - Panoramic Unit 10/12_Run of Site_Contextual_F25-54_1 x 1_Click and View_NV_NA,206334465,10/11/2017,28,5,23,0,23,22,1,0,1,22,0,0
TJN_TJX_TJMaxx 2H DIG_FY18,xAd Inc.,PKF5T8_TJN_TJX_028_Mobile_GROUND TRUTH FKA XAD_DST_SV1_MAP_DIR_DSP_TRG_RON_RTG_RTG_DVY_PHASE 1_LOCATION AUDIENCE TJX SHOPPERS PLACEMENT - STANDARD BANNER - Find A Store V1_Run of Network_Retarget_F25-54_320 x 50_Click and View_NV_NA,206772554,10/20/2017,4625,65,4560,2160,2400,64,2336,1685,651,2224,1604,3289
TJN_TJX_TJMaxx 2H DIG_FY18,Hulu,PK3CXL_TJN_TJX_027_Content_HULU_BAF_BS2_TAP_DIR_CUS_SPN_CHS_CTG_CTG_DVY_FALL TV SPONSORSHIP: PREMIUM SLATE - TABLET IN APP_FEP_Contextual_F25-54_1920 x 1080_Standard_NV_NA,205726818,10/12/2017,8,0,8,8,0,0,0,0,0,8,5,5
TJN_TJX_TJMaxx 2H DIG_FY18,Conversant Inc.,PJPWPH_TJN_TJX_028_Audience_CONVERSANT_DST_SV1_MAP_NET_DSP_TRG_RON_BTG_BTG_DVY_PHASE 1_ SMARTPHONE MEDIUM RECTANGLE  - CONVERSANT SHOPPERS AV_Run of Site_Behavioral_P18+_300 x 250_Standard_NV_NA,204442060,9/19/2017,216,7,209,0,209,34,175,63,112,34,12,75
TJN_MAR_023_Marshalls 2H Digital_F18,xAd Inc.,PJQ0YP_TJN_MAR_023_Mobile_GROUND TRUTH FKA XAD_DST_SV1_MAP_DIR_DSP_TRG_RON_PXT_BTG_DVY_GEOBLOCKS LOYALTY - DYNAMIC DISTANCE_Run of Network_Geo_F25-54_300 x 250_Click and View_NV_NA,204537983,9/9/2017,5879,87,5792,5770,22,3,19,6,13,5773,1823,1829
TJN_TJX_TJMaxx 2H DIG_FY18,Viant,"PJSPBT_TJN_TJC_031_Data_VIANT INC_PUR_ROI_MWB_DIR_DSP_TRG_RON_BTG_MKT_DVY_DETERMINSTIC LAL OF ECOM CONVERTERS, CROSS DEVICE DISPLAY_Fixed Placement_Behavioral_F25-54_300 x 250_Click_NV_NA",204732642,10/4/2017,101,0,101,0,101,14,87,21,66,14,3,24
TJN_TJX_TJMaxx 2H DIG_FY18,Foursquare,"PK0H83_TJN_TJX_028_Audience_FOURSQUARE LABS, INC_DST_SV1_MAP_PRO_RCH_TRG_RON_PXT_BTG_DVY_PHASE 1_MOBILE RICH MEDIA COMPETITIVE CONQUESTING - Fall Honeycomb_Run of Network_Geo_F25-54_300 x 250_Standard_NV_NA",205344161,9/22/2017,2353,156,2197,1064,1133,58,1075,416,659,1122,434,850
TJN_TJX_TJMaxx 2H DIG_FY18,Conversant Inc.,PJPWP8_TJN_TJX_028_Audience_CONVERSANT_DST_SV1_DSK_NET_DSP_TRG_RON_BTG_BTG_DVY_PHASE 1_ DESKTOP LEADERBOARD - CONVERSANT SHOPPERS AV_Run of Site_Behavioral_P18+_728 x 90_Standard_NV_NA,204446132,10/9/2017,854,68,786,0,786,120,666,409,257,120,74,483
