Campaign Name,Media Property,Placement Name,Ad Server Placement Code,Date,GroupM Active Impressions,GroupM Fraud/SIVT Impressions,GroupM Non-Fraud/SIVT Impressions,GroupM Ineligible Impressions,GroupM Eligible Impressions,GroupM Unmeasured Impressions,GroupM Measured Impressions,GroupM Passed Impressions,GroupM Failed Impressions,GroupM Unevaluated Impressions,GroupM Projected Impressions,GroupM Billable Impressions
TJN_STP_029_STP 2H DIG_FY18,xAd Inc.,PKBDS4_TJN_STP_029_Audience_GROUND TRUTH FKA XAD_DST_SV1_MAP_DIR_RCH_TRG_RON_PXT_PXT_DVY_PROXIMITY LOYALTY PLACEMENT 320X50 PRODUCT GALLERY RICH MEDIA - Boots_Run of Network_Behavioral_F25-54_320 x 50_Click and View_NV_NA,206288908,11/4/2017,2417,21,2396,317,2079,18,2061,1969,92,335,320,2289
TJN_STP_029_STP 2H DIG_FY18,xAd Inc.,PKBDS4_TJN_STP_029_Audience_GROUND TRUTH FKA XAD_DST_SV1_MAP_DIR_RCH_TRG_RON_PXT_PXT_DVY_PROXIMITY LOYALTY PLACEMENT 320X50 PRODUCT GALLERY RICH MEDIA - Boots_Run of Network_Behavioral_F25-54_320 x 50_Click and View_NV_NA,206288908,10/31/2017,2477,89,2388,320,2068,15,2053,1841,212,335,300,2141
TJN_STP_029_STP 2H DIG_FY18,xAd Inc.,PKBDS4_TJN_STP_029_Audience_GROUND TRUTH FKA XAD_DST_SV1_MAP_DIR_RCH_TRG_RON_PXT_PXT_DVY_PROXIMITY LOYALTY PLACEMENT 320X50 PRODUCT GALLERY RICH MEDIA - Boots_Run of Network_Behavioral_F25-54_320 x 50_Click and View_NV_NA,206288908,10/30/2017,1548,38,1510,281,1229,46,1183,1079,104,327,298,1377
TJN_STP_029_STP 2H DIG_FY18,xAd Inc.,PKBDS4_TJN_STP_029_Audience_GROUND TRUTH FKA XAD_DST_SV1_MAP_DIR_RCH_TRG_RON_PXT_PXT_DVY_PROXIMITY LOYALTY PLACEMENT 320X50 PRODUCT GALLERY RICH MEDIA - Boots_Run of Network_Behavioral_F25-54_320 x 50_Click and View_NV_NA,206288908,11/3/2017,2814,69,2745,1463,1282,18,1264,1224,40,1481,1434,2658
TJN_STP_029_STP 2H DIG_FY18,xAd Inc.,PKBDS4_TJN_STP_029_Audience_GROUND TRUTH FKA XAD_DST_SV1_MAP_DIR_RCH_TRG_RON_PXT_PXT_DVY_PROXIMITY LOYALTY PLACEMENT 320X50 PRODUCT GALLERY RICH MEDIA - Boots_Run of Network_Behavioral_F25-54_320 x 50_Click and View_NV_NA,206288908,11/1/2017,4,1,3,1,2,1,1,1,0,2,2,3
TJN_STP_029_STP 2H DIG_FY18,xAd Inc.,PKBDS4_TJN_STP_029_Audience_GROUND TRUTH FKA XAD_DST_SV1_MAP_DIR_RCH_TRG_RON_PXT_PXT_DVY_PROXIMITY LOYALTY PLACEMENT 320X50 PRODUCT GALLERY RICH MEDIA - Boots_Run of Network_Behavioral_F25-54_320 x 50_Click and View_NV_NA,206288908,10/29/2017,1447,33,1414,440,974,62,912,855,57,502,471,1326
TJN_STP_029_STP 2H DIG_FY18,PlaceIQ,PK09G1_TJN_STP_029_Audience_PLACEIQ INC_DST_SV1_MAP_DIR_DSP_TRG_RON_BTG_PTG_DVY_STANDARD ANIMATED BANNER - HEALTH/FITNESS MOBILE APP USERS_Run of Network_Behavioral_F25-54_320 x 50_Click and View_NV_NA,205415613,10/30/2017,743,16,727,498,229,1,228,227,1,499,497,724
TJN_STP_029_STP 2H DIG_FY18,PlaceIQ,PK09G1_TJN_STP_029_Audience_PLACEIQ INC_DST_SV1_MAP_DIR_DSP_TRG_RON_BTG_PTG_DVY_STANDARD ANIMATED BANNER - HEALTH/FITNESS MOBILE APP USERS_Run of Network_Behavioral_F25-54_320 x 50_Click and View_NV_NA,205415613,11/4/2017,2772,87,2685,1444,1241,11,1230,1194,36,1455,1412,2606
TJN_STP_029_STP 2H DIG_FY18,PlaceIQ,PK09G1_TJN_STP_029_Audience_PLACEIQ INC_DST_SV1_MAP_DIR_DSP_TRG_RON_BTG_PTG_DVY_STANDARD ANIMATED BANNER - HEALTH/FITNESS MOBILE APP USERS_Run of Network_Behavioral_F25-54_320 x 50_Click and View_NV_NA,205415613,10/31/2017,715,11,704,487,217,3,214,210,4,490,481,691
TJN_STP_029_STP 2H DIG_FY18,PlaceIQ,PK09G1_TJN_STP_029_Audience_PLACEIQ INC_DST_SV1_MAP_DIR_DSP_TRG_RON_BTG_PTG_DVY_STANDARD ANIMATED BANNER - HEALTH/FITNESS MOBILE APP USERS_Run of Network_Behavioral_F25-54_320 x 50_Click and View_NV_NA,205415613,11/1/2017,5184,112,5072,3600,1472,20,1452,1421,31,3620,3543,4964
TJN_STP_029_STP 2H DIG_FY18,PlaceIQ,PK09G1_TJN_STP_029_Audience_PLACEIQ INC_DST_SV1_MAP_DIR_DSP_TRG_RON_BTG_PTG_DVY_STANDARD ANIMATED BANNER - HEALTH/FITNESS MOBILE APP USERS_Run of Network_Behavioral_F25-54_320 x 50_Click and View_NV_NA,205415613,11/3/2017,4355,155,4200,1974,2226,23,2203,2164,39,1997,1962,4126
TJN_STP_029_STP 2H DIG_FY18,PlaceIQ,PK09G1_TJN_STP_029_Audience_PLACEIQ INC_DST_SV1_MAP_DIR_DSP_TRG_RON_BTG_PTG_DVY_STANDARD ANIMATED BANNER - HEALTH/FITNESS MOBILE APP USERS_Run of Network_Behavioral_F25-54_320 x 50_Click and View_NV_NA,205415613,11/2/2017,5236,157,5079,3236,1843,12,1831,1793,38,3248,3181,4974
TJN_STP_029_STP 2H DIG_FY18,PlaceIQ,PK09G1_TJN_STP_029_Audience_PLACEIQ INC_DST_SV1_MAP_DIR_DSP_TRG_RON_BTG_PTG_DVY_STANDARD ANIMATED BANNER - HEALTH/FITNESS MOBILE APP USERS_Run of Network_Behavioral_F25-54_320 x 50_Click and View_NV_NA,205415613,10/29/2017,756,12,744,393,351,6,345,328,17,399,379,707
TJN_STP_029_STP 2H DIG_FY18,PlaceIQ,PKBD9P_TJN_STP_029_Audience_PLACEIQ INC_DST_SV1_MAP_DIR_RCH_TRG_RON_BTG_PTG_DVY_RICH MEDIA - TJMAXX/MARSHALLS/HOME GOODS STORE VISITOR AND OUTDOOR PURCHASERS - Boots_Run of Network_Behavioral_F25-54_320 x 50_Click and View_NV_NA,206233217,11/3/2017,7354,448,6906,6376,530,4,526,525,1,6380,6368,6893
TJN_STP_029_STP 2H DIG_FY18,PlaceIQ,PKBD9P_TJN_STP_029_Audience_PLACEIQ INC_DST_SV1_MAP_DIR_RCH_TRG_RON_BTG_PTG_DVY_RICH MEDIA - TJMAXX/MARSHALLS/HOME GOODS STORE VISITOR AND OUTDOOR PURCHASERS - Boots_Run of Network_Behavioral_F25-54_320 x 50_Click and View_NV_NA,206233217,11/1/2017,6592,509,6083,5682,401,2,399,397,2,5684,5656,6053
TJN_STP_029_STP 2H DIG_FY18,PlaceIQ,PKBD9P_TJN_STP_029_Audience_PLACEIQ INC_DST_SV1_MAP_DIR_RCH_TRG_RON_BTG_PTG_DVY_RICH MEDIA - TJMAXX/MARSHALLS/HOME GOODS STORE VISITOR AND OUTDOOR PURCHASERS - Boots_Run of Network_Behavioral_F25-54_320 x 50_Click and View_NV_NA,206233217,11/2/2017,7722,501,7221,6865,356,0,356,355,1,6865,6846,7201
TJN_STP_029_STP 2H DIG_FY18,PlaceIQ,PKBD9P_TJN_STP_029_Audience_PLACEIQ INC_DST_SV1_MAP_DIR_RCH_TRG_RON_BTG_PTG_DVY_RICH MEDIA - TJMAXX/MARSHALLS/HOME GOODS STORE VISITOR AND OUTDOOR PURCHASERS - Boots_Run of Network_Behavioral_F25-54_320 x 50_Click and View_NV_NA,206233217,10/29/2017,1201,23,1178,435,743,102,641,631,10,537,529,1160
TJN_STP_029_STP 2H DIG_FY18,PlaceIQ,PKBD9P_TJN_STP_029_Audience_PLACEIQ INC_DST_SV1_MAP_DIR_RCH_TRG_RON_BTG_PTG_DVY_RICH MEDIA - TJMAXX/MARSHALLS/HOME GOODS STORE VISITOR AND OUTDOOR PURCHASERS - Boots_Run of Network_Behavioral_F25-54_320 x 50_Click and View_NV_NA,206233217,10/30/2017,1037,23,1014,622,392,49,343,337,6,671,659,996
TJN_STP_029_STP 2H DIG_FY18,PlaceIQ,PKBD9P_TJN_STP_029_Audience_PLACEIQ INC_DST_SV1_MAP_DIR_RCH_TRG_RON_BTG_PTG_DVY_RICH MEDIA - TJMAXX/MARSHALLS/HOME GOODS STORE VISITOR AND OUTDOOR PURCHASERS - Boots_Run of Network_Behavioral_F25-54_320 x 50_Click and View_NV_NA,206233217,11/4/2017,6077,543,5534,5234,300,0,300,300,0,5234,5234,5534
TJN_STP_029_STP 2H DIG_FY18,PlaceIQ,PKBD9P_TJN_STP_029_Audience_PLACEIQ INC_DST_SV1_MAP_DIR_RCH_TRG_RON_BTG_PTG_DVY_RICH MEDIA - TJMAXX/MARSHALLS/HOME GOODS STORE VISITOR AND OUTDOOR PURCHASERS - Boots_Run of Network_Behavioral_F25-54_320 x 50_Click and View_NV_NA,206233217,10/31/2017,1095,16,1079,626,453,64,389,383,6,690,679,1062
TJN_STP_029_STP 2H DIG_FY18,PlaceIQ,PKBDB6_TJN_STP_029_Audience_PLACEIQ INC_DST_SV1_MAP_DIR_RCH_TRG_RON_BTG_PTG_DVY_RICH MEDIA - TJMAXX/MARSHALLS/HOME GOODS STORE VISITOR AND INFORMED CONSUMER - Boots_Run of Network_Behavioral_F25-54_320 x 50_Click and View_NV_NA,206233214,11/4/2017,5230,658,4572,4133,439,2,437,437,0,4135,4135,4572
TJN_STP_029_STP 2H DIG_FY18,PlaceIQ,PKBDB6_TJN_STP_029_Audience_PLACEIQ INC_DST_SV1_MAP_DIR_RCH_TRG_RON_BTG_PTG_DVY_RICH MEDIA - TJMAXX/MARSHALLS/HOME GOODS STORE VISITOR AND INFORMED CONSUMER - Boots_Run of Network_Behavioral_F25-54_320 x 50_Click and View_NV_NA,206233214,10/31/2017,1174,31,1143,583,560,47,513,501,12,630,615,1116
TJN_STP_029_STP 2H DIG_FY18,PlaceIQ,PKBDB6_TJN_STP_029_Audience_PLACEIQ INC_DST_SV1_MAP_DIR_RCH_TRG_RON_BTG_PTG_DVY_RICH MEDIA - TJMAXX/MARSHALLS/HOME GOODS STORE VISITOR AND INFORMED CONSUMER - Boots_Run of Network_Behavioral_F25-54_320 x 50_Click and View_NV_NA,206233214,10/30/2017,2271,32,2239,1271,968,91,877,863,14,1362,1340,2203
TJN_STP_029_STP 2H DIG_FY18,PlaceIQ,PKBDB6_TJN_STP_029_Audience_PLACEIQ INC_DST_SV1_MAP_DIR_RCH_TRG_RON_BTG_PTG_DVY_RICH MEDIA - TJMAXX/MARSHALLS/HOME GOODS STORE VISITOR AND INFORMED CONSUMER - Boots_Run of Network_Behavioral_F25-54_320 x 50_Click and View_NV_NA,206233214,11/3/2017,7490,864,6626,5823,803,1,802,802,0,5824,5824,6626
TJN_STP_029_STP 2H DIG_FY18,PlaceIQ,PKBDB6_TJN_STP_029_Audience_PLACEIQ INC_DST_SV1_MAP_DIR_RCH_TRG_RON_BTG_PTG_DVY_RICH MEDIA - TJMAXX/MARSHALLS/HOME GOODS STORE VISITOR AND INFORMED CONSUMER - Boots_Run of Network_Behavioral_F25-54_320 x 50_Click and View_NV_NA,206233214,11/1/2017,6416,821,5595,5089,506,3,503,502,1,5092,5082,5584
TJN_STP_029_STP 2H DIG_FY18,PlaceIQ,PKBDB6_TJN_STP_029_Audience_PLACEIQ INC_DST_SV1_MAP_DIR_RCH_TRG_RON_BTG_PTG_DVY_RICH MEDIA - TJMAXX/MARSHALLS/HOME GOODS STORE VISITOR AND INFORMED CONSUMER - Boots_Run of Network_Behavioral_F25-54_320 x 50_Click and View_NV_NA,206233214,11/2/2017,7559,856,6703,6106,597,2,595,595,0,6108,6108,6703
TJN_STP_029_STP 2H DIG_FY18,PlaceIQ,PKBDB6_TJN_STP_029_Audience_PLACEIQ INC_DST_SV1_MAP_DIR_RCH_TRG_RON_BTG_PTG_DVY_RICH MEDIA - TJMAXX/MARSHALLS/HOME GOODS STORE VISITOR AND INFORMED CONSUMER - Boots_Run of Network_Behavioral_F25-54_320 x 50_Click and View_NV_NA,206233214,10/29/2017,1712,5,1707,522,1185,115,1070,1054,16,637,627,1681
TJN_STP_029_STP 2H DIG_FY18,xAd Inc.,PJX69R_TJN_STP_029_Audience_GROUND TRUTH FKA XAD_DST_SV1_MAP_DIR_RCH_TRG_RON_PXT_PXT_DVY_PROXIMITY LOYALTY PLACEMENT 320X50 PRODUCT GALLERY RICH MEDIA - Jackets_Run of Network_Behavioral_F25-54_320 x 50_Click and View_NV_NA,205149609,10/29/2017,6104,128,5976,426,5550,155,5395,4855,540,581,523,5378
TJN_STP_029_STP 2H DIG_FY18,xAd Inc.,PJX69R_TJN_STP_029_Audience_GROUND TRUTH FKA XAD_DST_SV1_MAP_DIR_RCH_TRG_RON_PXT_PXT_DVY_PROXIMITY LOYALTY PLACEMENT 320X50 PRODUCT GALLERY RICH MEDIA - Jackets_Run of Network_Behavioral_F25-54_320 x 50_Click and View_NV_NA,205149609,11/3/2017,2810,75,2735,1436,1299,15,1284,1234,50,1451,1394,2628
TJN_STP_029_STP 2H DIG_FY18,xAd Inc.,PJX69R_TJN_STP_029_Audience_GROUND TRUTH FKA XAD_DST_SV1_MAP_DIR_RCH_TRG_RON_PXT_PXT_DVY_PROXIMITY LOYALTY PLACEMENT 320X50 PRODUCT GALLERY RICH MEDIA - Jackets_Run of Network_Behavioral_F25-54_320 x 50_Click and View_NV_NA,205149609,11/1/2017,3,2,1,1,0,0,0,0,0,1,1,1
TJN_STP_029_STP 2H DIG_FY18,xAd Inc.,PJX69R_TJN_STP_029_Audience_GROUND TRUTH FKA XAD_DST_SV1_MAP_DIR_RCH_TRG_RON_PXT_PXT_DVY_PROXIMITY LOYALTY PLACEMENT 320X50 PRODUCT GALLERY RICH MEDIA - Jackets_Run of Network_Behavioral_F25-54_320 x 50_Click and View_NV_NA,205149609,11/2/2017,3,2,1,1,0,0,0,0,0,1,1,1
TJN_STP_029_STP 2H DIG_FY18,xAd Inc.,PJX69R_TJN_STP_029_Audience_GROUND TRUTH FKA XAD_DST_SV1_MAP_DIR_RCH_TRG_RON_PXT_PXT_DVY_PROXIMITY LOYALTY PLACEMENT 320X50 PRODUCT GALLERY RICH MEDIA - Jackets_Run of Network_Behavioral_F25-54_320 x 50_Click and View_NV_NA,205149609,10/30/2017,6296,177,6119,321,5798,207,5591,4926,665,528,465,5391
TJN_STP_029_STP 2H DIG_FY18,xAd Inc.,PJX69R_TJN_STP_029_Audience_GROUND TRUTH FKA XAD_DST_SV1_MAP_DIR_RCH_TRG_RON_PXT_PXT_DVY_PROXIMITY LOYALTY PLACEMENT 320X50 PRODUCT GALLERY RICH MEDIA - Jackets_Run of Network_Behavioral_F25-54_320 x 50_Click and View_NV_NA,205149609,10/31/2017,4491,135,4356,295,4061,43,4018,3584,434,338,301,3885
TJN_STP_029_STP 2H DIG_FY18,xAd Inc.,PJX69R_TJN_STP_029_Audience_GROUND TRUTH FKA XAD_DST_SV1_MAP_DIR_RCH_TRG_RON_PXT_PXT_DVY_PROXIMITY LOYALTY PLACEMENT 320X50 PRODUCT GALLERY RICH MEDIA - Jackets_Run of Network_Behavioral_F25-54_320 x 50_Click and View_NV_NA,205149609,11/4/2017,2521,21,2500,332,2168,20,2148,2042,106,352,335,2377
TJN_STP_029_STP 2H DIG_FY18,xAd Inc.,PK0VMY_TJN_STP_029_Audience_GROUND TRUTH FKA XAD_DST_SV1_MAP_DIR_DSP_TRG_RON_DMA_DMA_DVY_ADDED VALUE DMA TARGETING STANDALONE 320X50 STANDARD BANNER - Boots_Run of Network_Behavioral_F25-54_320 x 50_Click and View_NV_NA,205567007,10/30/2017,1064,10,1054,1054,0,0,0,0,0,1054,1054,1054
TJN_STP_029_STP 2H DIG_FY18,xAd Inc.,PK0VMY_TJN_STP_029_Audience_GROUND TRUTH FKA XAD_DST_SV1_MAP_DIR_DSP_TRG_RON_DMA_DMA_DVY_ADDED VALUE DMA TARGETING STANDALONE 320X50 STANDARD BANNER - Boots_Run of Network_Behavioral_F25-54_320 x 50_Click and View_NV_NA,205567007,11/4/2017,2568,69,2499,2367,132,1,131,94,37,2368,1699,1793
TJN_STP_029_STP 2H DIG_FY18,xAd Inc.,PK0VMY_TJN_STP_029_Audience_GROUND TRUTH FKA XAD_DST_SV1_MAP_DIR_DSP_TRG_RON_DMA_DMA_DVY_ADDED VALUE DMA TARGETING STANDALONE 320X50 STANDARD BANNER - Boots_Run of Network_Behavioral_F25-54_320 x 50_Click and View_NV_NA,205567007,10/31/2017,1071,13,1058,1058,0,0,0,0,0,1058,1058,1058
TJN_STP_029_STP 2H DIG_FY18,xAd Inc.,PK0VMY_TJN_STP_029_Audience_GROUND TRUTH FKA XAD_DST_SV1_MAP_DIR_DSP_TRG_RON_DMA_DMA_DVY_ADDED VALUE DMA TARGETING STANDALONE 320X50 STANDARD BANNER - Boots_Run of Network_Behavioral_F25-54_320 x 50_Click and View_NV_NA,205567007,11/3/2017,2419,67,2352,2013,339,53,286,232,54,2066,1676,1908
TJN_STP_029_STP 2H DIG_FY18,xAd Inc.,PK0VMY_TJN_STP_029_Audience_GROUND TRUTH FKA XAD_DST_SV1_MAP_DIR_DSP_TRG_RON_DMA_DMA_DVY_ADDED VALUE DMA TARGETING STANDALONE 320X50 STANDARD BANNER - Boots_Run of Network_Behavioral_F25-54_320 x 50_Click and View_NV_NA,205567007,11/2/2017,3,0,3,1,2,1,1,1,0,2,2,3
TJN_STP_029_STP 2H DIG_FY18,xAd Inc.,PK0VMY_TJN_STP_029_Audience_GROUND TRUTH FKA XAD_DST_SV1_MAP_DIR_DSP_TRG_RON_DMA_DMA_DVY_ADDED VALUE DMA TARGETING STANDALONE 320X50 STANDARD BANNER - Boots_Run of Network_Behavioral_F25-54_320 x 50_Click and View_NV_NA,205567007,10/29/2017,1046,9,1037,1037,0,0,0,0,0,1037,1037,1037
TJN_STP_029_STP 2H DIG_FY18,xAd Inc.,PK0TGB_TJN_STP_029_Audience_GROUND TRUTH FKA XAD_DST_SV1_MAP_DIR_DSP_TRG_RON_PXT_PXT_DVY_PROXIMITY LOYALTY PLACEMENT 320X50 STANDARD BANNER - Jackets_Run of Network_Behavioral_F25-54_320 x 50_Click and View_NV_NA,205664040,10/29/2017,4841,29,4812,4812,0,0,0,0,0,4812,4812,4812
TJN_STP_029_STP 2H DIG_FY18,xAd Inc.,PK0TGB_TJN_STP_029_Audience_GROUND TRUTH FKA XAD_DST_SV1_MAP_DIR_DSP_TRG_RON_PXT_PXT_DVY_PROXIMITY LOYALTY PLACEMENT 320X50 STANDARD BANNER - Jackets_Run of Network_Behavioral_F25-54_320 x 50_Click and View_NV_NA,205664040,11/3/2017,5050,170,4880,4574,306,5,301,219,82,4579,3332,3551
TJN_STP_029_STP 2H DIG_FY18,xAd Inc.,PK0TGB_TJN_STP_029_Audience_GROUND TRUTH FKA XAD_DST_SV1_MAP_DIR_DSP_TRG_RON_PXT_PXT_DVY_PROXIMITY LOYALTY PLACEMENT 320X50 STANDARD BANNER - Jackets_Run of Network_Behavioral_F25-54_320 x 50_Click and View_NV_NA,205664040,10/31/2017,4915,101,4814,4814,0,0,0,0,0,4814,4814,4814
TJN_STP_029_STP 2H DIG_FY18,xAd Inc.,PK0TGB_TJN_STP_029_Audience_GROUND TRUTH FKA XAD_DST_SV1_MAP_DIR_DSP_TRG_RON_PXT_PXT_DVY_PROXIMITY LOYALTY PLACEMENT 320X50 STANDARD BANNER - Jackets_Run of Network_Behavioral_F25-54_320 x 50_Click and View_NV_NA,205664040,11/4/2017,5361,69,5292,5263,29,0,29,18,11,5263,3267,3285
TJN_STP_029_STP 2H DIG_FY18,xAd Inc.,PK0TGB_TJN_STP_029_Audience_GROUND TRUTH FKA XAD_DST_SV1_MAP_DIR_DSP_TRG_RON_PXT_PXT_DVY_PROXIMITY LOYALTY PLACEMENT 320X50 STANDARD BANNER - Jackets_Run of Network_Behavioral_F25-54_320 x 50_Click and View_NV_NA,205664040,10/30/2017,4846,68,4778,4778,0,0,0,0,0,4778,4778,4778
TJN_STP_029_STP 2H DIG_FY18,xAd Inc.,PJXBPH_TJN_STP_029_Audience_GROUND TRUTH FKA XAD_DST_SV1_MAP_DIR_DSP_TRG_RON_RTG_RTG_DVY_LOCATION AUDIENCE SPORTING GOOD/COMPETITOR SHOPPERS PLACEMENT 320X50 STANDARD BANNER - Jackets_Run of Network_Behavioral_F25-54_320 x 50_Click and View_NV_NA,205121161,11/4/2017,5657,60,5597,5592,5,0,5,2,3,5592,2237,2239
TJN_STP_029_STP 2H DIG_FY18,xAd Inc.,PJXBPH_TJN_STP_029_Audience_GROUND TRUTH FKA XAD_DST_SV1_MAP_DIR_DSP_TRG_RON_RTG_RTG_DVY_LOCATION AUDIENCE SPORTING GOOD/COMPETITOR SHOPPERS PLACEMENT 320X50 STANDARD BANNER - Jackets_Run of Network_Behavioral_F25-54_320 x 50_Click and View_NV_NA,205121161,10/31/2017,5745,104,5641,4874,767,7,760,447,313,4881,2871,3318
TJN_STP_029_STP 2H DIG_FY18,xAd Inc.,PJXBPH_TJN_STP_029_Audience_GROUND TRUTH FKA XAD_DST_SV1_MAP_DIR_DSP_TRG_RON_RTG_RTG_DVY_LOCATION AUDIENCE SPORTING GOOD/COMPETITOR SHOPPERS PLACEMENT 320X50 STANDARD BANNER - Jackets_Run of Network_Behavioral_F25-54_320 x 50_Click and View_NV_NA,205121161,10/30/2017,5856,59,5797,5757,40,0,40,19,21,5757,2735,2754
TJN_STP_029_STP 2H DIG_FY18,xAd Inc.,PJXBPH_TJN_STP_029_Audience_GROUND TRUTH FKA XAD_DST_SV1_MAP_DIR_DSP_TRG_RON_RTG_RTG_DVY_LOCATION AUDIENCE SPORTING GOOD/COMPETITOR SHOPPERS PLACEMENT 320X50 STANDARD BANNER - Jackets_Run of Network_Behavioral_F25-54_320 x 50_Click and View_NV_NA,205121161,11/1/2017,2,0,2,2,0,0,0,0,0,2,1,1
TJN_STP_029_STP 2H DIG_FY18,xAd Inc.,PJXBPH_TJN_STP_029_Audience_GROUND TRUTH FKA XAD_DST_SV1_MAP_DIR_DSP_TRG_RON_RTG_RTG_DVY_LOCATION AUDIENCE SPORTING GOOD/COMPETITOR SHOPPERS PLACEMENT 320X50 STANDARD BANNER - Jackets_Run of Network_Behavioral_F25-54_320 x 50_Click and View_NV_NA,205121161,11/3/2017,4517,48,4469,4208,261,7,254,238,16,4215,3949,4187
TJN_STP_029_STP 2H DIG_FY18,xAd Inc.,PJXBPH_TJN_STP_029_Audience_GROUND TRUTH FKA XAD_DST_SV1_MAP_DIR_DSP_TRG_RON_RTG_RTG_DVY_LOCATION AUDIENCE SPORTING GOOD/COMPETITOR SHOPPERS PLACEMENT 320X50 STANDARD BANNER - Jackets_Run of Network_Behavioral_F25-54_320 x 50_Click and View_NV_NA,205121161,10/29/2017,5694,28,5666,5666,0,0,0,0,0,5666,4422,4422
TJN_STP_029_STP 2H DIG_FY18,xAd Inc.,PK0TN5_TJN_STP_029_Audience_GROUND TRUTH FKA XAD_DST_SV1_MAP_DIR_RCH_TRG_RON_BTG_BTG_DVY_BEHAVIORAL AUDIENCE SPORTS/FITNESS/OUTDOOR/TRAVEL ENTHUSIASTS PLACEMENT 300X250 DYNAMIC WEATHER/LOCATOR RICH MEDIA_Run of Network_Behavioral_F25-54_300 x 250_Click an,205614133,11/1/2017,6,2,4,2,2,1,1,1,0,3,3,4
TJN_STP_029_STP 2H DIG_FY18,xAd Inc.,PK0TN5_TJN_STP_029_Audience_GROUND TRUTH FKA XAD_DST_SV1_MAP_DIR_RCH_TRG_RON_BTG_BTG_DVY_BEHAVIORAL AUDIENCE SPORTS/FITNESS/OUTDOOR/TRAVEL ENTHUSIASTS PLACEMENT 300X250 DYNAMIC WEATHER/LOCATOR RICH MEDIA_Run of Network_Behavioral_F25-54_300 x 250_Click an,205614133,11/3/2017,2259,58,2201,547,1654,17,1637,1546,91,564,533,2079
TJN_STP_029_STP 2H DIG_FY18,xAd Inc.,PK0TN5_TJN_STP_029_Audience_GROUND TRUTH FKA XAD_DST_SV1_MAP_DIR_RCH_TRG_RON_BTG_BTG_DVY_BEHAVIORAL AUDIENCE SPORTS/FITNESS/OUTDOOR/TRAVEL ENTHUSIASTS PLACEMENT 300X250 DYNAMIC WEATHER/LOCATOR RICH MEDIA_Run of Network_Behavioral_F25-54_300 x 250_Click an,205614133,10/29/2017,7548,64,7484,4798,2686,15,2671,2429,242,4813,4377,6806
TJN_STP_029_STP 2H DIG_FY18,xAd Inc.,PK0TN5_TJN_STP_029_Audience_GROUND TRUTH FKA XAD_DST_SV1_MAP_DIR_RCH_TRG_RON_BTG_BTG_DVY_BEHAVIORAL AUDIENCE SPORTS/FITNESS/OUTDOOR/TRAVEL ENTHUSIASTS PLACEMENT 300X250 DYNAMIC WEATHER/LOCATOR RICH MEDIA_Run of Network_Behavioral_F25-54_300 x 250_Click an,205614133,10/30/2017,8394,621,7773,4527,3246,36,3210,3024,186,4563,4299,7323
TJN_STP_029_STP 2H DIG_FY18,xAd Inc.,PK0TN5_TJN_STP_029_Audience_GROUND TRUTH FKA XAD_DST_SV1_MAP_DIR_RCH_TRG_RON_BTG_BTG_DVY_BEHAVIORAL AUDIENCE SPORTS/FITNESS/OUTDOOR/TRAVEL ENTHUSIASTS PLACEMENT 300X250 DYNAMIC WEATHER/LOCATOR RICH MEDIA_Run of Network_Behavioral_F25-54_300 x 250_Click an,205614133,11/4/2017,3964,107,3857,739,3118,10,3108,2952,156,749,711,3663
TJN_STP_029_STP 2H DIG_FY18,xAd Inc.,PK0TN5_TJN_STP_029_Audience_GROUND TRUTH FKA XAD_DST_SV1_MAP_DIR_RCH_TRG_RON_BTG_BTG_DVY_BEHAVIORAL AUDIENCE SPORTS/FITNESS/OUTDOOR/TRAVEL ENTHUSIASTS PLACEMENT 300X250 DYNAMIC WEATHER/LOCATOR RICH MEDIA_Run of Network_Behavioral_F25-54_300 x 250_Click an,205614133,10/31/2017,8908,1613,7295,3841,3454,21,3433,3164,269,3862,3559,6723
TJN_STP_029_STP 2H DIG_FY18,xAd Inc.,PK0VNR_TJN_STP_029_Audience_GROUND TRUTH FKA XAD_DST_SV1_MAP_DIR_DSP_TRG_RON_DMA_DMA_DVY_ADDED VALUE DMA TARGETING STANDALONE 320X50 STANDARD BANNER - Jackets_Run of Network_Behavioral_F25-54_320 x 50_Click and View_NV_NA,205567004,11/3/2017,2476,53,2423,1959,464,65,399,382,17,2024,1922,2304
TJN_STP_029_STP 2H DIG_FY18,xAd Inc.,PK0VNR_TJN_STP_029_Audience_GROUND TRUTH FKA XAD_DST_SV1_MAP_DIR_DSP_TRG_RON_DMA_DMA_DVY_ADDED VALUE DMA TARGETING STANDALONE 320X50 STANDARD BANNER - Jackets_Run of Network_Behavioral_F25-54_320 x 50_Click and View_NV_NA,205567004,10/29/2017,2061,14,2047,2047,0,0,0,0,0,2047,1535,1535
TJN_STP_029_STP 2H DIG_FY18,xAd Inc.,PK0VNR_TJN_STP_029_Audience_GROUND TRUTH FKA XAD_DST_SV1_MAP_DIR_DSP_TRG_RON_DMA_DMA_DVY_ADDED VALUE DMA TARGETING STANDALONE 320X50 STANDARD BANNER - Jackets_Run of Network_Behavioral_F25-54_320 x 50_Click and View_NV_NA,205567004,11/4/2017,1360,37,1323,502,821,8,813,789,24,510,494,1283
TJN_STP_029_STP 2H DIG_FY18,xAd Inc.,PK0VNR_TJN_STP_029_Audience_GROUND TRUTH FKA XAD_DST_SV1_MAP_DIR_DSP_TRG_RON_DMA_DMA_DVY_ADDED VALUE DMA TARGETING STANDALONE 320X50 STANDARD BANNER - Jackets_Run of Network_Behavioral_F25-54_320 x 50_Click and View_NV_NA,205567004,10/31/2017,2077,20,2057,2056,1,0,1,1,0,2056,2056,2057
TJN_STP_029_STP 2H DIG_FY18,xAd Inc.,PK0VNR_TJN_STP_029_Audience_GROUND TRUTH FKA XAD_DST_SV1_MAP_DIR_DSP_TRG_RON_DMA_DMA_DVY_ADDED VALUE DMA TARGETING STANDALONE 320X50 STANDARD BANNER - Jackets_Run of Network_Behavioral_F25-54_320 x 50_Click and View_NV_NA,205567004,10/30/2017,2126,20,2106,2106,0,0,0,0,0,2106,1580,1580
TJN_STP_029_STP 2H DIG_FY18,PlaceIQ,PJXCJ5_TJN_STP_029_Audience_PLACEIQ INC_DST_SV1_MAP_DIR_DSP_TRG_RON_BTG_CTG_DVY_STANDARD ANIMATED BANNER - DRIVE BY SIERRA TRADING POST STORE_Run of Network_Behavioral_F25-54_320 x 50_Click and View_NV_NA,205151589,10/29/2017,2102,11,2091,1150,941,13,928,902,26,1163,1130,2032
TJN_STP_029_STP 2H DIG_FY18,PlaceIQ,PJXCJ5_TJN_STP_029_Audience_PLACEIQ INC_DST_SV1_MAP_DIR_DSP_TRG_RON_BTG_CTG_DVY_STANDARD ANIMATED BANNER - DRIVE BY SIERRA TRADING POST STORE_Run of Network_Behavioral_F25-54_320 x 50_Click and View_NV_NA,205151589,11/2/2017,8350,138,8212,5697,2515,27,2488,2437,51,5724,5607,8044
TJN_STP_029_STP 2H DIG_FY18,PlaceIQ,PJXCJ5_TJN_STP_029_Audience_PLACEIQ INC_DST_SV1_MAP_DIR_DSP_TRG_RON_BTG_CTG_DVY_STANDARD ANIMATED BANNER - DRIVE BY SIERRA TRADING POST STORE_Run of Network_Behavioral_F25-54_320 x 50_Click and View_NV_NA,205151589,11/3/2017,7137,120,7017,3876,3141,25,3116,3063,53,3901,3835,6898
TJN_STP_029_STP 2H DIG_FY18,PlaceIQ,PJXCJ5_TJN_STP_029_Audience_PLACEIQ INC_DST_SV1_MAP_DIR_DSP_TRG_RON_BTG_CTG_DVY_STANDARD ANIMATED BANNER - DRIVE BY SIERRA TRADING POST STORE_Run of Network_Behavioral_F25-54_320 x 50_Click and View_NV_NA,205151589,11/1/2017,7675,121,7554,5314,2240,27,2213,2165,48,5341,5225,7390
TJN_STP_029_STP 2H DIG_FY18,PlaceIQ,PJXCJ5_TJN_STP_029_Audience_PLACEIQ INC_DST_SV1_MAP_DIR_DSP_TRG_RON_BTG_CTG_DVY_STANDARD ANIMATED BANNER - DRIVE BY SIERRA TRADING POST STORE_Run of Network_Behavioral_F25-54_320 x 50_Click and View_NV_NA,205151589,10/31/2017,15186,104,15082,9311,5771,52,5719,5621,98,9363,9203,14824
TJN_STP_029_STP 2H DIG_FY18,PlaceIQ,PJXCJ5_TJN_STP_029_Audience_PLACEIQ INC_DST_SV1_MAP_DIR_DSP_TRG_RON_BTG_CTG_DVY_STANDARD ANIMATED BANNER - DRIVE BY SIERRA TRADING POST STORE_Run of Network_Behavioral_F25-54_320 x 50_Click and View_NV_NA,205151589,11/4/2017,6876,111,6765,3644,3121,26,3095,3025,70,3670,3587,6612
TJN_STP_029_STP 2H DIG_FY18,PlaceIQ,PJXCJ5_TJN_STP_029_Audience_PLACEIQ INC_DST_SV1_MAP_DIR_DSP_TRG_RON_BTG_CTG_DVY_STANDARD ANIMATED BANNER - DRIVE BY SIERRA TRADING POST STORE_Run of Network_Behavioral_F25-54_320 x 50_Click and View_NV_NA,205151589,10/30/2017,3109,30,3079,1915,1164,7,1157,1144,13,1922,1900,3044
TJN_STP_029_STP 2H DIG_FY18,xAd Inc.,PK0TLP_TJN_STP_029_Audience_GROUND TRUTH FKA XAD_DST_SV1_MAP_DIR_DSP_TRG_RON_PXT_PXT_DVY_PROXIMITY LOYALTY PLACEMENT 300X250 STANDARD BANNER - Jackets_Run of Network_Behavioral_F25-54_300 x 250_Click and View_NV_NA,205563662,11/4/2017,810,9,801,800,1,0,1,1,0,800,800,801
TJN_STP_029_STP 2H DIG_FY18,xAd Inc.,PK0TLP_TJN_STP_029_Audience_GROUND TRUTH FKA XAD_DST_SV1_MAP_DIR_DSP_TRG_RON_PXT_PXT_DVY_PROXIMITY LOYALTY PLACEMENT 300X250 STANDARD BANNER - Jackets_Run of Network_Behavioral_F25-54_300 x 250_Click and View_NV_NA,205563662,10/31/2017,2112,15,2097,2097,0,0,0,0,0,2097,2097,2097
TJN_STP_029_STP 2H DIG_FY18,xAd Inc.,PK0TLP_TJN_STP_029_Audience_GROUND TRUTH FKA XAD_DST_SV1_MAP_DIR_DSP_TRG_RON_PXT_PXT_DVY_PROXIMITY LOYALTY PLACEMENT 300X250 STANDARD BANNER - Jackets_Run of Network_Behavioral_F25-54_300 x 250_Click and View_NV_NA,205563662,10/30/2017,1153,10,1143,1142,1,0,1,1,0,1142,1142,1143
TJN_STP_029_STP 2H DIG_FY18,xAd Inc.,PK0TLP_TJN_STP_029_Audience_GROUND TRUTH FKA XAD_DST_SV1_MAP_DIR_DSP_TRG_RON_PXT_PXT_DVY_PROXIMITY LOYALTY PLACEMENT 300X250 STANDARD BANNER - Jackets_Run of Network_Behavioral_F25-54_300 x 250_Click and View_NV_NA,205563662,11/3/2017,1554,198,1356,1147,209,1,208,173,35,1148,951,1124
TJN_STP_029_STP 2H DIG_FY18,xAd Inc.,PK0TLP_TJN_STP_029_Audience_GROUND TRUTH FKA XAD_DST_SV1_MAP_DIR_DSP_TRG_RON_PXT_PXT_DVY_PROXIMITY LOYALTY PLACEMENT 300X250 STANDARD BANNER - Jackets_Run of Network_Behavioral_F25-54_300 x 250_Click and View_NV_NA,205563662,11/1/2017,3,1,2,1,1,0,1,1,0,1,1,2
TJN_STP_029_STP 2H DIG_FY18,xAd Inc.,PK0TLP_TJN_STP_029_Audience_GROUND TRUTH FKA XAD_DST_SV1_MAP_DIR_DSP_TRG_RON_PXT_PXT_DVY_PROXIMITY LOYALTY PLACEMENT 300X250 STANDARD BANNER - Jackets_Run of Network_Behavioral_F25-54_300 x 250_Click and View_NV_NA,205563662,11/2/2017,3,1,2,1,1,0,1,1,0,1,1,2
TJN_STP_029_STP 2H DIG_FY18,xAd Inc.,PK0TLP_TJN_STP_029_Audience_GROUND TRUTH FKA XAD_DST_SV1_MAP_DIR_DSP_TRG_RON_PXT_PXT_DVY_PROXIMITY LOYALTY PLACEMENT 300X250 STANDARD BANNER - Jackets_Run of Network_Behavioral_F25-54_300 x 250_Click and View_NV_NA,205563662,10/29/2017,1211,45,1166,1165,1,0,1,1,0,1165,1165,1166
TJN_STP_029_STP 2H DIG_FY18,PlaceIQ,PKBD8Y_TJN_STP_029_Audience_PLACEIQ INC_DST_SV1_MAP_DIR_RCH_TRG_RON_BTG_PTG_DVY_RICH MEDIA - EVERYDAY VALUE ADVENTURER - Boots_Run of Network_Behavioral_F25-54_320 x 50_Click and View_NV_NA,206312013,10/29/2017,421,6,415,203,212,43,169,164,5,246,239,403
TJN_STP_029_STP 2H DIG_FY18,PlaceIQ,PKBD8Y_TJN_STP_029_Audience_PLACEIQ INC_DST_SV1_MAP_DIR_RCH_TRG_RON_BTG_PTG_DVY_RICH MEDIA - EVERYDAY VALUE ADVENTURER - Boots_Run of Network_Behavioral_F25-54_320 x 50_Click and View_NV_NA,206312013,11/2/2017,2563,180,2383,2204,179,0,179,179,0,2204,2204,2383
TJN_STP_029_STP 2H DIG_FY18,PlaceIQ,PKBD8Y_TJN_STP_029_Audience_PLACEIQ INC_DST_SV1_MAP_DIR_RCH_TRG_RON_BTG_PTG_DVY_RICH MEDIA - EVERYDAY VALUE ADVENTURER - Boots_Run of Network_Behavioral_F25-54_320 x 50_Click and View_NV_NA,206312013,11/3/2017,4961,291,4670,4241,429,0,429,429,0,4241,4241,4670
TJN_STP_029_STP 2H DIG_FY18,PlaceIQ,PKBD8Y_TJN_STP_029_Audience_PLACEIQ INC_DST_SV1_MAP_DIR_RCH_TRG_RON_BTG_PTG_DVY_RICH MEDIA - EVERYDAY VALUE ADVENTURER - Boots_Run of Network_Behavioral_F25-54_320 x 50_Click and View_NV_NA,206312013,11/1/2017,3619,292,3327,3117,210,0,210,210,0,3117,3117,3327
TJN_STP_029_STP 2H DIG_FY18,PlaceIQ,PKBD8Y_TJN_STP_029_Audience_PLACEIQ INC_DST_SV1_MAP_DIR_RCH_TRG_RON_BTG_PTG_DVY_RICH MEDIA - EVERYDAY VALUE ADVENTURER - Boots_Run of Network_Behavioral_F25-54_320 x 50_Click and View_NV_NA,206312013,10/31/2017,399,9,390,237,153,17,136,132,4,254,247,379
TJN_STP_029_STP 2H DIG_FY18,PlaceIQ,PKBD8Y_TJN_STP_029_Audience_PLACEIQ INC_DST_SV1_MAP_DIR_RCH_TRG_RON_BTG_PTG_DVY_RICH MEDIA - EVERYDAY VALUE ADVENTURER - Boots_Run of Network_Behavioral_F25-54_320 x 50_Click and View_NV_NA,206312013,11/4/2017,5860,538,5322,4941,381,1,380,380,0,4942,4942,5322
TJN_STP_029_STP 2H DIG_FY18,PlaceIQ,PKBD8Y_TJN_STP_029_Audience_PLACEIQ INC_DST_SV1_MAP_DIR_RCH_TRG_RON_BTG_PTG_DVY_RICH MEDIA - EVERYDAY VALUE ADVENTURER - Boots_Run of Network_Behavioral_F25-54_320 x 50_Click and View_NV_NA,206312013,10/30/2017,364,7,357,212,145,28,117,116,1,240,238,354
TJN_STP_029_STP 2H DIG_FY18,PlaceIQ,PJXCHH_TJN_STP_029_Audience_PLACEIQ INC_DST_SV1_MAP_DIR_DSP_TRG_RON_BTG_PTG_DVY_STANDARD ANIMATED BANNER - ACTIVE LIFESTYLE SPORTS ENTHUSIASTS_Run of Network_Behavioral_F25-54_320 x 50_Click and View_NV_NA,205149165,10/30/2017,4710,84,4626,2983,1643,12,1631,1614,17,2995,2964,4578
TJN_STP_029_STP 2H DIG_FY18,PlaceIQ,PJXCHH_TJN_STP_029_Audience_PLACEIQ INC_DST_SV1_MAP_DIR_DSP_TRG_RON_BTG_PTG_DVY_STANDARD ANIMATED BANNER - ACTIVE LIFESTYLE SPORTS ENTHUSIASTS_Run of Network_Behavioral_F25-54_320 x 50_Click and View_NV_NA,205149165,10/31/2017,1987,33,1954,1186,768,8,760,749,11,1194,1177,1926
TJN_STP_029_STP 2H DIG_FY18,PlaceIQ,PJXCHH_TJN_STP_029_Audience_PLACEIQ INC_DST_SV1_MAP_DIR_DSP_TRG_RON_BTG_PTG_DVY_STANDARD ANIMATED BANNER - ACTIVE LIFESTYLE SPORTS ENTHUSIASTS_Run of Network_Behavioral_F25-54_320 x 50_Click and View_NV_NA,205149165,11/4/2017,8789,122,8667,4831,3836,33,3803,3696,107,4864,4727,8423
TJN_STP_029_STP 2H DIG_FY18,PlaceIQ,PJXCHH_TJN_STP_029_Audience_PLACEIQ INC_DST_SV1_MAP_DIR_DSP_TRG_RON_BTG_PTG_DVY_STANDARD ANIMATED BANNER - ACTIVE LIFESTYLE SPORTS ENTHUSIASTS_Run of Network_Behavioral_F25-54_320 x 50_Click and View_NV_NA,205149165,10/29/2017,3463,54,3409,1822,1587,13,1574,1555,19,1835,1813,3368
TJN_STP_029_STP 2H DIG_FY18,PlaceIQ,PJXCHH_TJN_STP_029_Audience_PLACEIQ INC_DST_SV1_MAP_DIR_DSP_TRG_RON_BTG_PTG_DVY_STANDARD ANIMATED BANNER - ACTIVE LIFESTYLE SPORTS ENTHUSIASTS_Run of Network_Behavioral_F25-54_320 x 50_Click and View_NV_NA,205149165,11/2/2017,12716,240,12476,7172,5304,37,5267,5141,126,7209,7037,12178
TJN_STP_029_STP 2H DIG_FY18,PlaceIQ,PJXCHH_TJN_STP_029_Audience_PLACEIQ INC_DST_SV1_MAP_DIR_DSP_TRG_RON_BTG_PTG_DVY_STANDARD ANIMATED BANNER - ACTIVE LIFESTYLE SPORTS ENTHUSIASTS_Run of Network_Behavioral_F25-54_320 x 50_Click and View_NV_NA,205149165,11/3/2017,9164,186,8978,4766,4212,17,4195,4120,75,4783,4697,8817
TJN_STP_029_STP 2H DIG_FY18,PlaceIQ,PJXCHH_TJN_STP_029_Audience_PLACEIQ INC_DST_SV1_MAP_DIR_DSP_TRG_RON_BTG_PTG_DVY_STANDARD ANIMATED BANNER - ACTIVE LIFESTYLE SPORTS ENTHUSIASTS_Run of Network_Behavioral_F25-54_320 x 50_Click and View_NV_NA,205149165,11/1/2017,7695,184,7511,5417,2094,18,2076,2025,51,5435,5301,7326
TJN_STP_029_STP 2H DIG_FY18,xAd Inc.,PJX6S5_TJN_STP_029_Audience_GROUND TRUTH FKA XAD_DST_SV1_MAP_DIR_DSP_TRG_RON_RTG_RTG_DVY_LOCATION AUDIENCE TJX COMPANY SHOPPERS PLACEMENT 320X50 STANDARD BANNER - Boots_Run of Network_Behavioral_F25-54_320 x 50_Click and View_NV_NA,205070828,11/3/2017,5626,140,5486,5406,80,2,78,47,31,5408,3259,3306
TJN_STP_029_STP 2H DIG_FY18,xAd Inc.,PJX6S5_TJN_STP_029_Audience_GROUND TRUTH FKA XAD_DST_SV1_MAP_DIR_DSP_TRG_RON_RTG_RTG_DVY_LOCATION AUDIENCE TJX COMPANY SHOPPERS PLACEMENT 320X50 STANDARD BANNER - Boots_Run of Network_Behavioral_F25-54_320 x 50_Click and View_NV_NA,205070828,11/1/2017,4,0,4,2,2,1,1,1,0,3,3,4
TJN_STP_029_STP 2H DIG_FY18,xAd Inc.,PJX6S5_TJN_STP_029_Audience_GROUND TRUTH FKA XAD_DST_SV1_MAP_DIR_DSP_TRG_RON_RTG_RTG_DVY_LOCATION AUDIENCE TJX COMPANY SHOPPERS PLACEMENT 320X50 STANDARD BANNER - Boots_Run of Network_Behavioral_F25-54_320 x 50_Click and View_NV_NA,205070828,11/2/2017,2,0,2,0,2,1,1,1,0,1,1,2
TJN_STP_029_STP 2H DIG_FY18,xAd Inc.,PJX6S5_TJN_STP_029_Audience_GROUND TRUTH FKA XAD_DST_SV1_MAP_DIR_DSP_TRG_RON_RTG_RTG_DVY_LOCATION AUDIENCE TJX COMPANY SHOPPERS PLACEMENT 320X50 STANDARD BANNER - Boots_Run of Network_Behavioral_F25-54_320 x 50_Click and View_NV_NA,205070828,10/29/2017,7965,130,7835,7835,0,0,0,0,0,7835,5604,5604
TJN_STP_029_STP 2H DIG_FY18,xAd Inc.,PJX6S5_TJN_STP_029_Audience_GROUND TRUTH FKA XAD_DST_SV1_MAP_DIR_DSP_TRG_RON_RTG_RTG_DVY_LOCATION AUDIENCE TJX COMPANY SHOPPERS PLACEMENT 320X50 STANDARD BANNER - Boots_Run of Network_Behavioral_F25-54_320 x 50_Click and View_NV_NA,205070828,10/30/2017,8233,193,8040,7822,218,3,215,151,64,7825,5496,5647
TJN_STP_029_STP 2H DIG_FY18,xAd Inc.,PJX6S5_TJN_STP_029_Audience_GROUND TRUTH FKA XAD_DST_SV1_MAP_DIR_DSP_TRG_RON_RTG_RTG_DVY_LOCATION AUDIENCE TJX COMPANY SHOPPERS PLACEMENT 320X50 STANDARD BANNER - Boots_Run of Network_Behavioral_F25-54_320 x 50_Click and View_NV_NA,205070828,11/4/2017,5562,71,5491,5486,5,0,5,4,1,5486,4389,4393
TJN_STP_029_STP 2H DIG_FY18,xAd Inc.,PJX6S5_TJN_STP_029_Audience_GROUND TRUTH FKA XAD_DST_SV1_MAP_DIR_DSP_TRG_RON_RTG_RTG_DVY_LOCATION AUDIENCE TJX COMPANY SHOPPERS PLACEMENT 320X50 STANDARD BANNER - Boots_Run of Network_Behavioral_F25-54_320 x 50_Click and View_NV_NA,205070828,10/31/2017,7799,342,7457,7132,325,1,324,238,86,7133,5240,5478
TJN_STP_029_STP 2H DIG_FY18,xAd Inc.,PKBDF1_TJN_STP_029_Audience_GROUND TRUTH FKA XAD_DST_SV1_MAP_DIR_RCH_TRG_RON_PXT_PXT_DVY_PROXIMITY LOYALTY PLACEMENT 300X250 PRODUCT GALLERY RICH MEDIA - Boots_Run of Network_Behavioral_F25-54_300 x 250_Click and View_NV_NA,206288476,10/29/2017,599,5,594,576,18,0,18,18,0,576,576,594
TJN_STP_029_STP 2H DIG_FY18,xAd Inc.,PKBDF1_TJN_STP_029_Audience_GROUND TRUTH FKA XAD_DST_SV1_MAP_DIR_RCH_TRG_RON_PXT_PXT_DVY_PROXIMITY LOYALTY PLACEMENT 300X250 PRODUCT GALLERY RICH MEDIA - Boots_Run of Network_Behavioral_F25-54_300 x 250_Click and View_NV_NA,206288476,11/1/2017,3,2,1,0,1,0,1,1,0,0,0,1
TJN_STP_029_STP 2H DIG_FY18,xAd Inc.,PKBDF1_TJN_STP_029_Audience_GROUND TRUTH FKA XAD_DST_SV1_MAP_DIR_RCH_TRG_RON_PXT_PXT_DVY_PROXIMITY LOYALTY PLACEMENT 300X250 PRODUCT GALLERY RICH MEDIA - Boots_Run of Network_Behavioral_F25-54_300 x 250_Click and View_NV_NA,206288476,11/3/2017,895,13,882,426,456,2,454,413,41,428,389,802
TJN_STP_029_STP 2H DIG_FY18,xAd Inc.,PKBDF1_TJN_STP_029_Audience_GROUND TRUTH FKA XAD_DST_SV1_MAP_DIR_RCH_TRG_RON_PXT_PXT_DVY_PROXIMITY LOYALTY PLACEMENT 300X250 PRODUCT GALLERY RICH MEDIA - Boots_Run of Network_Behavioral_F25-54_300 x 250_Click and View_NV_NA,206288476,10/30/2017,430,5,425,425,0,0,0,0,0,425,425,425
TJN_STP_029_STP 2H DIG_FY18,xAd Inc.,PKBDF1_TJN_STP_029_Audience_GROUND TRUTH FKA XAD_DST_SV1_MAP_DIR_RCH_TRG_RON_PXT_PXT_DVY_PROXIMITY LOYALTY PLACEMENT 300X250 PRODUCT GALLERY RICH MEDIA - Boots_Run of Network_Behavioral_F25-54_300 x 250_Click and View_NV_NA,206288476,10/31/2017,3426,62,3364,262,3102,13,3089,2927,162,275,261,3188
TJN_STP_029_STP 2H DIG_FY18,xAd Inc.,PKBDF1_TJN_STP_029_Audience_GROUND TRUTH FKA XAD_DST_SV1_MAP_DIR_RCH_TRG_RON_PXT_PXT_DVY_PROXIMITY LOYALTY PLACEMENT 300X250 PRODUCT GALLERY RICH MEDIA - Boots_Run of Network_Behavioral_F25-54_300 x 250_Click and View_NV_NA,206288476,11/4/2017,297,1,296,296,0,0,0,0,0,296,279,279
TJN_STP_029_STP 2H DIG_FY18,PlaceIQ,PK09CF_TJN_STP_029_Audience_PLACEIQ INC_DST_SV1_MAP_DIR_RCH_TRG_RON_BTG_PTG_DVY_RICH MEDIA - TJMAXX/MARSHALLS/HOME GOODS STORE VISITOR AND INFORMED CONSUMER - Jackets_Run of Network_Behavioral_F25-54_320 x 50_Click and View_NV_NA,205378864,11/2/2017,2255,266,1989,1787,202,1,201,201,0,1788,1788,1989
TJN_STP_029_STP 2H DIG_FY18,PlaceIQ,PK09CF_TJN_STP_029_Audience_PLACEIQ INC_DST_SV1_MAP_DIR_RCH_TRG_RON_BTG_PTG_DVY_RICH MEDIA - TJMAXX/MARSHALLS/HOME GOODS STORE VISITOR AND INFORMED CONSUMER - Jackets_Run of Network_Behavioral_F25-54_320 x 50_Click and View_NV_NA,205378864,11/3/2017,2388,283,2105,1834,271,0,271,271,0,1834,1834,2105
TJN_STP_029_STP 2H DIG_FY18,PlaceIQ,PK09CF_TJN_STP_029_Audience_PLACEIQ INC_DST_SV1_MAP_DIR_RCH_TRG_RON_BTG_PTG_DVY_RICH MEDIA - TJMAXX/MARSHALLS/HOME GOODS STORE VISITOR AND INFORMED CONSUMER - Jackets_Run of Network_Behavioral_F25-54_320 x 50_Click and View_NV_NA,205378864,11/1/2017,2892,347,2545,2334,211,1,210,210,0,2335,2335,2545
TJN_STP_029_STP 2H DIG_FY18,PlaceIQ,PK09CF_TJN_STP_029_Audience_PLACEIQ INC_DST_SV1_MAP_DIR_RCH_TRG_RON_BTG_PTG_DVY_RICH MEDIA - TJMAXX/MARSHALLS/HOME GOODS STORE VISITOR AND INFORMED CONSUMER - Jackets_Run of Network_Behavioral_F25-54_320 x 50_Click and View_NV_NA,205378864,10/29/2017,1732,3,1729,544,1185,115,1070,1059,11,659,652,1711
TJN_STP_029_STP 2H DIG_FY18,PlaceIQ,PK09CF_TJN_STP_029_Audience_PLACEIQ INC_DST_SV1_MAP_DIR_RCH_TRG_RON_BTG_PTG_DVY_RICH MEDIA - TJMAXX/MARSHALLS/HOME GOODS STORE VISITOR AND INFORMED CONSUMER - Jackets_Run of Network_Behavioral_F25-54_320 x 50_Click and View_NV_NA,205378864,10/30/2017,2107,37,2070,1196,874,100,774,764,10,1296,1279,2043
TJN_STP_029_STP 2H DIG_FY18,PlaceIQ,PK09CF_TJN_STP_029_Audience_PLACEIQ INC_DST_SV1_MAP_DIR_RCH_TRG_RON_BTG_PTG_DVY_RICH MEDIA - TJMAXX/MARSHALLS/HOME GOODS STORE VISITOR AND INFORMED CONSUMER - Jackets_Run of Network_Behavioral_F25-54_320 x 50_Click and View_NV_NA,205378864,11/4/2017,1614,204,1410,1253,157,1,156,156,0,1254,1254,1410
TJN_STP_029_STP 2H DIG_FY18,PlaceIQ,PK09CF_TJN_STP_029_Audience_PLACEIQ INC_DST_SV1_MAP_DIR_RCH_TRG_RON_BTG_PTG_DVY_RICH MEDIA - TJMAXX/MARSHALLS/HOME GOODS STORE VISITOR AND INFORMED CONSUMER - Jackets_Run of Network_Behavioral_F25-54_320 x 50_Click and View_NV_NA,205378864,10/31/2017,1098,16,1082,578,504,34,470,459,11,612,598,1057
TJN_STP_029_STP 2H DIG_FY18,xAd Inc.,PJX6R1_TJN_STP_029_Audience_GROUND TRUTH FKA XAD_DST_SV1_MAP_DIR_RCH_TRG_RON_BTG_BTG_DVY_BEHAVIORAL AUDIENCE SPORTS/FITNESS/OUTDOOR/TRAVEL ENTHUSIASTS PLACEMENT 320X50 DYNAMIC WEATHER/LOCATOR RICH MEDIA_Run of Network_Behavioral_F25-54_320 x 50_Click and,205123777,10/29/2017,13586,173,13413,1057,12356,254,12102,8598,3504,1311,931,9529
TJN_STP_029_STP 2H DIG_FY18,xAd Inc.,PJX6R1_TJN_STP_029_Audience_GROUND TRUTH FKA XAD_DST_SV1_MAP_DIR_RCH_TRG_RON_BTG_BTG_DVY_BEHAVIORAL AUDIENCE SPORTS/FITNESS/OUTDOOR/TRAVEL ENTHUSIASTS PLACEMENT 320X50 DYNAMIC WEATHER/LOCATOR RICH MEDIA_Run of Network_Behavioral_F25-54_320 x 50_Click and,205123777,11/2/2017,3,0,3,3,0,0,0,0,0,3,2,2
TJN_STP_029_STP 2H DIG_FY18,xAd Inc.,PJX6R1_TJN_STP_029_Audience_GROUND TRUTH FKA XAD_DST_SV1_MAP_DIR_RCH_TRG_RON_BTG_BTG_DVY_BEHAVIORAL AUDIENCE SPORTS/FITNESS/OUTDOOR/TRAVEL ENTHUSIASTS PLACEMENT 320X50 DYNAMIC WEATHER/LOCATOR RICH MEDIA_Run of Network_Behavioral_F25-54_320 x 50_Click and,205123777,11/3/2017,6315,87,6228,1708,4520,56,4464,4271,193,1764,1688,5959
TJN_STP_029_STP 2H DIG_FY18,xAd Inc.,PJX6R1_TJN_STP_029_Audience_GROUND TRUTH FKA XAD_DST_SV1_MAP_DIR_RCH_TRG_RON_BTG_BTG_DVY_BEHAVIORAL AUDIENCE SPORTS/FITNESS/OUTDOOR/TRAVEL ENTHUSIASTS PLACEMENT 320X50 DYNAMIC WEATHER/LOCATOR RICH MEDIA_Run of Network_Behavioral_F25-54_320 x 50_Click and,205123777,11/1/2017,6,1,5,4,1,0,1,1,0,4,4,5
TJN_STP_029_STP 2H DIG_FY18,xAd Inc.,PJX6R1_TJN_STP_029_Audience_GROUND TRUTH FKA XAD_DST_SV1_MAP_DIR_RCH_TRG_RON_BTG_BTG_DVY_BEHAVIORAL AUDIENCE SPORTS/FITNESS/OUTDOOR/TRAVEL ENTHUSIASTS PLACEMENT 320X50 DYNAMIC WEATHER/LOCATOR RICH MEDIA_Run of Network_Behavioral_F25-54_320 x 50_Click and,205123777,10/31/2017,12977,220,12757,4494,8263,118,8145,6500,1645,4612,3681,10181
TJN_STP_029_STP 2H DIG_FY18,xAd Inc.,PJX6R1_TJN_STP_029_Audience_GROUND TRUTH FKA XAD_DST_SV1_MAP_DIR_RCH_TRG_RON_BTG_BTG_DVY_BEHAVIORAL AUDIENCE SPORTS/FITNESS/OUTDOOR/TRAVEL ENTHUSIASTS PLACEMENT 320X50 DYNAMIC WEATHER/LOCATOR RICH MEDIA_Run of Network_Behavioral_F25-54_320 x 50_Click and,205123777,11/4/2017,5696,132,5564,634,4930,70,4860,4665,195,704,676,5341
TJN_STP_029_STP 2H DIG_FY18,xAd Inc.,PJX6R1_TJN_STP_029_Audience_GROUND TRUTH FKA XAD_DST_SV1_MAP_DIR_RCH_TRG_RON_BTG_BTG_DVY_BEHAVIORAL AUDIENCE SPORTS/FITNESS/OUTDOOR/TRAVEL ENTHUSIASTS PLACEMENT 320X50 DYNAMIC WEATHER/LOCATOR RICH MEDIA_Run of Network_Behavioral_F25-54_320 x 50_Click and,205123777,10/30/2017,11440,225,11215,3412,7803,148,7655,6680,975,3560,3107,9787
TJN_STP_029_STP 2H DIG_FY18,xAd Inc.,PK0TRM_TJN_STP_029_Audience_GROUND TRUTH FKA XAD_DST_SV1_MAP_DIR_DSP_TRG_RON_RTG_RTG_DVY_LOCATION AUDIENCE TJX COMPAN SHOPPERS PLACEMENT 300X250 STANDARD BANNER - Jackets_Run of Network_Behavioral_F25-54_300 x 250_Click and View_NV_NA,205663008,10/29/2017,3509,112,3397,3363,34,0,34,27,7,3363,2529,2556
TJN_STP_029_STP 2H DIG_FY18,xAd Inc.,PK0TRM_TJN_STP_029_Audience_GROUND TRUTH FKA XAD_DST_SV1_MAP_DIR_DSP_TRG_RON_RTG_RTG_DVY_LOCATION AUDIENCE TJX COMPAN SHOPPERS PLACEMENT 300X250 STANDARD BANNER - Jackets_Run of Network_Behavioral_F25-54_300 x 250_Click and View_NV_NA,205663008,11/3/2017,2758,309,2449,2442,7,0,7,7,0,2442,2429,2436
TJN_STP_029_STP 2H DIG_FY18,xAd Inc.,PK0TRM_TJN_STP_029_Audience_GROUND TRUTH FKA XAD_DST_SV1_MAP_DIR_DSP_TRG_RON_RTG_RTG_DVY_LOCATION AUDIENCE TJX COMPAN SHOPPERS PLACEMENT 300X250 STANDARD BANNER - Jackets_Run of Network_Behavioral_F25-54_300 x 250_Click and View_NV_NA,205663008,10/31/2017,5130,1435,3695,3695,0,0,0,0,0,3695,2829,2829
TJN_STP_029_STP 2H DIG_FY18,xAd Inc.,PK0TRM_TJN_STP_029_Audience_GROUND TRUTH FKA XAD_DST_SV1_MAP_DIR_DSP_TRG_RON_RTG_RTG_DVY_LOCATION AUDIENCE TJX COMPAN SHOPPERS PLACEMENT 300X250 STANDARD BANNER - Jackets_Run of Network_Behavioral_F25-54_300 x 250_Click and View_NV_NA,205663008,11/4/2017,1664,66,1598,1596,2,0,2,2,0,1596,1596,1598
TJN_STP_029_STP 2H DIG_FY18,xAd Inc.,PK0TRM_TJN_STP_029_Audience_GROUND TRUTH FKA XAD_DST_SV1_MAP_DIR_DSP_TRG_RON_RTG_RTG_DVY_LOCATION AUDIENCE TJX COMPAN SHOPPERS PLACEMENT 300X250 STANDARD BANNER - Jackets_Run of Network_Behavioral_F25-54_300 x 250_Click and View_NV_NA,205663008,10/30/2017,3123,123,3000,2993,7,0,7,5,2,2993,1968,1973
TJN_STP_029_STP 2H DIG_FY18,PlaceIQ,PK08DT_TJN_STP_029_Audience_PLACEIQ INC_DST_SV1_MAP_DIR_RCH_TRG_RON_BTG_PTG_DVY_RICH MEDIA - EVERYDAY VALUE ADVENTURER - Jackets_Run of Network_Behavioral_F25-54_320 x 50_Click and View_NV_NA,205330679,10/29/2017,352,4,348,145,203,57,146,143,3,202,198,341
TJN_STP_029_STP 2H DIG_FY18,PlaceIQ,PK08DT_TJN_STP_029_Audience_PLACEIQ INC_DST_SV1_MAP_DIR_RCH_TRG_RON_BTG_PTG_DVY_RICH MEDIA - EVERYDAY VALUE ADVENTURER - Jackets_Run of Network_Behavioral_F25-54_320 x 50_Click and View_NV_NA,205330679,11/3/2017,4330,286,4044,3628,416,0,416,415,1,3628,3619,4034
TJN_STP_029_STP 2H DIG_FY18,PlaceIQ,PK08DT_TJN_STP_029_Audience_PLACEIQ INC_DST_SV1_MAP_DIR_RCH_TRG_RON_BTG_PTG_DVY_RICH MEDIA - EVERYDAY VALUE ADVENTURER - Jackets_Run of Network_Behavioral_F25-54_320 x 50_Click and View_NV_NA,205330679,11/1/2017,5331,460,4871,4439,432,4,428,428,0,4443,4443,4871
TJN_STP_029_STP 2H DIG_FY18,PlaceIQ,PK08DT_TJN_STP_029_Audience_PLACEIQ INC_DST_SV1_MAP_DIR_RCH_TRG_RON_BTG_PTG_DVY_RICH MEDIA - EVERYDAY VALUE ADVENTURER - Jackets_Run of Network_Behavioral_F25-54_320 x 50_Click and View_NV_NA,205330679,11/2/2017,7208,479,6729,6142,587,0,587,587,0,6142,6142,6729
TJN_STP_029_STP 2H DIG_FY18,PlaceIQ,PK08DT_TJN_STP_029_Audience_PLACEIQ INC_DST_SV1_MAP_DIR_RCH_TRG_RON_BTG_PTG_DVY_RICH MEDIA - EVERYDAY VALUE ADVENTURER - Jackets_Run of Network_Behavioral_F25-54_320 x 50_Click and View_NV_NA,205330679,10/31/2017,377,4,373,241,132,19,113,110,3,260,253,363
TJN_STP_029_STP 2H DIG_FY18,PlaceIQ,PK08DT_TJN_STP_029_Audience_PLACEIQ INC_DST_SV1_MAP_DIR_RCH_TRG_RON_BTG_PTG_DVY_RICH MEDIA - EVERYDAY VALUE ADVENTURER - Jackets_Run of Network_Behavioral_F25-54_320 x 50_Click and View_NV_NA,205330679,11/4/2017,1856,172,1684,1570,114,1,113,112,1,1571,1557,1669
TJN_STP_029_STP 2H DIG_FY18,PlaceIQ,PK08DT_TJN_STP_029_Audience_PLACEIQ INC_DST_SV1_MAP_DIR_RCH_TRG_RON_BTG_PTG_DVY_RICH MEDIA - EVERYDAY VALUE ADVENTURER - Jackets_Run of Network_Behavioral_F25-54_320 x 50_Click and View_NV_NA,205330679,10/30/2017,380,4,376,239,137,23,114,111,3,262,255,366
TJN_STP_029_STP 2H DIG_FY18,PlaceIQ,PK080F_TJN_STP_029_Audience_PLACEIQ INC_DST_SV1_MAP_DIR_DSP_TRG_RON_BTG_PTG_DVY_STANDARD ANIMATED BANNER - ACTIVE LIFESTYLE SPORTS ENTHUSIASTS_Run of Network_Behavioral_F25-54_300 x 250_Click and View_NV_NA,205329815,10/30/2017,529,14,515,501,14,0,14,13,1,501,465,478
TJN_STP_029_STP 2H DIG_FY18,PlaceIQ,PK080F_TJN_STP_029_Audience_PLACEIQ INC_DST_SV1_MAP_DIR_DSP_TRG_RON_BTG_PTG_DVY_STANDARD ANIMATED BANNER - ACTIVE LIFESTYLE SPORTS ENTHUSIASTS_Run of Network_Behavioral_F25-54_300 x 250_Click and View_NV_NA,205329815,11/4/2017,2097,61,2036,1985,51,1,50,48,2,1986,1907,1955
TJN_STP_029_STP 2H DIG_FY18,PlaceIQ,PK080F_TJN_STP_029_Audience_PLACEIQ INC_DST_SV1_MAP_DIR_DSP_TRG_RON_BTG_PTG_DVY_STANDARD ANIMATED BANNER - ACTIVE LIFESTYLE SPORTS ENTHUSIASTS_Run of Network_Behavioral_F25-54_300 x 250_Click and View_NV_NA,205329815,10/31/2017,274,8,266,249,17,1,16,16,0,250,250,266
TJN_STP_029_STP 2H DIG_FY18,PlaceIQ,PK080F_TJN_STP_029_Audience_PLACEIQ INC_DST_SV1_MAP_DIR_DSP_TRG_RON_BTG_PTG_DVY_STANDARD ANIMATED BANNER - ACTIVE LIFESTYLE SPORTS ENTHUSIASTS_Run of Network_Behavioral_F25-54_300 x 250_Click and View_NV_NA,205329815,11/1/2017,979,72,907,894,13,1,12,11,1,895,820,831
TJN_STP_029_STP 2H DIG_FY18,PlaceIQ,PK080F_TJN_STP_029_Audience_PLACEIQ INC_DST_SV1_MAP_DIR_DSP_TRG_RON_BTG_PTG_DVY_STANDARD ANIMATED BANNER - ACTIVE LIFESTYLE SPORTS ENTHUSIASTS_Run of Network_Behavioral_F25-54_300 x 250_Click and View_NV_NA,205329815,11/3/2017,2267,103,2164,2146,18,0,18,18,0,2146,2146,2164
TJN_STP_029_STP 2H DIG_FY18,PlaceIQ,PK080F_TJN_STP_029_Audience_PLACEIQ INC_DST_SV1_MAP_DIR_DSP_TRG_RON_BTG_PTG_DVY_STANDARD ANIMATED BANNER - ACTIVE LIFESTYLE SPORTS ENTHUSIASTS_Run of Network_Behavioral_F25-54_300 x 250_Click and View_NV_NA,205329815,11/2/2017,2814,149,2665,2643,22,1,21,20,1,2644,2518,2538
TJN_STP_029_STP 2H DIG_FY18,PlaceIQ,PK080F_TJN_STP_029_Audience_PLACEIQ INC_DST_SV1_MAP_DIR_DSP_TRG_RON_BTG_PTG_DVY_STANDARD ANIMATED BANNER - ACTIVE LIFESTYLE SPORTS ENTHUSIASTS_Run of Network_Behavioral_F25-54_300 x 250_Click and View_NV_NA,205329815,10/29/2017,457,9,448,438,10,0,10,9,1,438,394,403
TJN_STP_029_STP 2H DIG_FY18,xAd Inc.,PK0VPG_TJN_STP_029_Audience_GROUND TRUTH FKA XAD_DST_SV1_MAP_DIR_DSP_TRG_RON_BTG_BTG_DVY_BEHAVIORAL AUDIENCE SPORTS/FITNESS/OUTDOOR/TRAVEL ENTHUSIASTS PLACEMENT 300X250 STANDARD BANNER - Jackets_Run of Network_Behavioral_F25-54_300 x 250_Click and View_NV,205664034,10/31/2017,748,11,737,736,1,0,1,1,0,736,736,737
TJN_STP_029_STP 2H DIG_FY18,xAd Inc.,PK0VPG_TJN_STP_029_Audience_GROUND TRUTH FKA XAD_DST_SV1_MAP_DIR_DSP_TRG_RON_BTG_BTG_DVY_BEHAVIORAL AUDIENCE SPORTS/FITNESS/OUTDOOR/TRAVEL ENTHUSIASTS PLACEMENT 300X250 STANDARD BANNER - Jackets_Run of Network_Behavioral_F25-54_300 x 250_Click and View_NV,205664034,11/4/2017,584,8,576,576,0,0,0,0,0,576,532,532
TJN_STP_029_STP 2H DIG_FY18,xAd Inc.,PK0VPG_TJN_STP_029_Audience_GROUND TRUTH FKA XAD_DST_SV1_MAP_DIR_DSP_TRG_RON_BTG_BTG_DVY_BEHAVIORAL AUDIENCE SPORTS/FITNESS/OUTDOOR/TRAVEL ENTHUSIASTS PLACEMENT 300X250 STANDARD BANNER - Jackets_Run of Network_Behavioral_F25-54_300 x 250_Click and View_NV,205664034,10/30/2017,323,4,319,319,0,0,0,0,0,319,319,319
TJN_STP_029_STP 2H DIG_FY18,xAd Inc.,PK0VPG_TJN_STP_029_Audience_GROUND TRUTH FKA XAD_DST_SV1_MAP_DIR_DSP_TRG_RON_BTG_BTG_DVY_BEHAVIORAL AUDIENCE SPORTS/FITNESS/OUTDOOR/TRAVEL ENTHUSIASTS PLACEMENT 300X250 STANDARD BANNER - Jackets_Run of Network_Behavioral_F25-54_300 x 250_Click and View_NV,205664034,10/29/2017,379,4,375,375,0,0,0,0,0,375,375,375
TJN_STP_029_STP 2H DIG_FY18,xAd Inc.,PK0VPG_TJN_STP_029_Audience_GROUND TRUTH FKA XAD_DST_SV1_MAP_DIR_DSP_TRG_RON_BTG_BTG_DVY_BEHAVIORAL AUDIENCE SPORTS/FITNESS/OUTDOOR/TRAVEL ENTHUSIASTS PLACEMENT 300X250 STANDARD BANNER - Jackets_Run of Network_Behavioral_F25-54_300 x 250_Click and View_NV,205664034,11/2/2017,3,2,1,0,1,0,1,1,0,0,0,1
TJN_STP_029_STP 2H DIG_FY18,xAd Inc.,PK0VPG_TJN_STP_029_Audience_GROUND TRUTH FKA XAD_DST_SV1_MAP_DIR_DSP_TRG_RON_BTG_BTG_DVY_BEHAVIORAL AUDIENCE SPORTS/FITNESS/OUTDOOR/TRAVEL ENTHUSIASTS PLACEMENT 300X250 STANDARD BANNER - Jackets_Run of Network_Behavioral_F25-54_300 x 250_Click and View_NV,205664034,11/3/2017,1181,178,1003,978,25,2,23,21,2,980,888,909
TJN_STP_029_STP 2H DIG_FY18,xAd Inc.,PK0VPG_TJN_STP_029_Audience_GROUND TRUTH FKA XAD_DST_SV1_MAP_DIR_DSP_TRG_RON_BTG_BTG_DVY_BEHAVIORAL AUDIENCE SPORTS/FITNESS/OUTDOOR/TRAVEL ENTHUSIASTS PLACEMENT 300X250 STANDARD BANNER - Jackets_Run of Network_Behavioral_F25-54_300 x 250_Click and View_NV,205664034,11/1/2017,3,2,1,0,1,0,1,1,0,0,0,1
TJN_STP_029_STP 2H DIG_FY18,xAd Inc.,PK0TSF_TJN_STP_029_Audience_GROUND TRUTH FKA XAD_DST_SV1_MAP_DIR_DSP_TRG_RON_RTG_RTG_DVY_LOCATION AUDIENCE SPORTING GOOD/COMPETITOR SHOPPERS PLACEMENT 300X250 STANDARD BANNER - Jackets_Run of Network_Behavioral_F25-54_300 x 250_Click and View_NV_NA,205662585,11/1/2017,2,0,2,1,1,0,1,1,0,1,1,2
TJN_STP_029_STP 2H DIG_FY18,xAd Inc.,PK0TSF_TJN_STP_029_Audience_GROUND TRUTH FKA XAD_DST_SV1_MAP_DIR_DSP_TRG_RON_RTG_RTG_DVY_LOCATION AUDIENCE SPORTING GOOD/COMPETITOR SHOPPERS PLACEMENT 300X250 STANDARD BANNER - Jackets_Run of Network_Behavioral_F25-54_300 x 250_Click and View_NV_NA,205662585,11/3/2017,2273,453,1820,1802,18,2,16,15,1,1804,1672,1687
TJN_STP_029_STP 2H DIG_FY18,xAd Inc.,PK0TSF_TJN_STP_029_Audience_GROUND TRUTH FKA XAD_DST_SV1_MAP_DIR_DSP_TRG_RON_RTG_RTG_DVY_LOCATION AUDIENCE SPORTING GOOD/COMPETITOR SHOPPERS PLACEMENT 300X250 STANDARD BANNER - Jackets_Run of Network_Behavioral_F25-54_300 x 250_Click and View_NV_NA,205662585,10/29/2017,1930,37,1893,1885,8,0,8,3,5,1885,707,710
TJN_STP_029_STP 2H DIG_FY18,xAd Inc.,PK0TSF_TJN_STP_029_Audience_GROUND TRUTH FKA XAD_DST_SV1_MAP_DIR_DSP_TRG_RON_RTG_RTG_DVY_LOCATION AUDIENCE SPORTING GOOD/COMPETITOR SHOPPERS PLACEMENT 300X250 STANDARD BANNER - Jackets_Run of Network_Behavioral_F25-54_300 x 250_Click and View_NV_NA,205662585,11/4/2017,2058,138,1920,1917,3,0,3,3,0,1917,1910,1913
TJN_STP_029_STP 2H DIG_FY18,xAd Inc.,PK0TSF_TJN_STP_029_Audience_GROUND TRUTH FKA XAD_DST_SV1_MAP_DIR_DSP_TRG_RON_RTG_RTG_DVY_LOCATION AUDIENCE SPORTING GOOD/COMPETITOR SHOPPERS PLACEMENT 300X250 STANDARD BANNER - Jackets_Run of Network_Behavioral_F25-54_300 x 250_Click and View_NV_NA,205662585,10/31/2017,2508,564,1944,1943,1,0,1,1,0,1943,1933,1934
TJN_STP_029_STP 2H DIG_FY18,xAd Inc.,PK0TSF_TJN_STP_029_Audience_GROUND TRUTH FKA XAD_DST_SV1_MAP_DIR_DSP_TRG_RON_RTG_RTG_DVY_LOCATION AUDIENCE SPORTING GOOD/COMPETITOR SHOPPERS PLACEMENT 300X250 STANDARD BANNER - Jackets_Run of Network_Behavioral_F25-54_300 x 250_Click and View_NV_NA,205662585,10/30/2017,2152,21,2131,2131,0,0,0,0,0,2131,1003,1003
TJN_STP_029_STP 2H DIG_FY18,xAd Inc.,PJXHM5_TJN_STP_029_Audience_GROUND TRUTH FKA XAD_DST_SV1_MAP_DIR_DSP_TRG_RON_BTG_BTG_DVY_BEHAVIORAL AUDIENCE SPORTS/FITNESS/OUTDOOR/TRAVEL ENTHUSIASTS PLACEMENT 320X50 STANDARD BANNER - Jackets_Run of Network_Behavioral_F25-54_320 x 50_Click and View_NV_N,205120675,10/31/2017,3808,183,3625,3619,6,1,5,5,0,3620,3620,3625
TJN_STP_029_STP 2H DIG_FY18,xAd Inc.,PJXHM5_TJN_STP_029_Audience_GROUND TRUTH FKA XAD_DST_SV1_MAP_DIR_DSP_TRG_RON_BTG_BTG_DVY_BEHAVIORAL AUDIENCE SPORTS/FITNESS/OUTDOOR/TRAVEL ENTHUSIASTS PLACEMENT 320X50 STANDARD BANNER - Jackets_Run of Network_Behavioral_F25-54_320 x 50_Click and View_NV_N,205120675,11/4/2017,4380,78,4302,4302,0,0,0,0,0,4302,3227,3227
TJN_STP_029_STP 2H DIG_FY18,xAd Inc.,PJXHM5_TJN_STP_029_Audience_GROUND TRUTH FKA XAD_DST_SV1_MAP_DIR_DSP_TRG_RON_BTG_BTG_DVY_BEHAVIORAL AUDIENCE SPORTS/FITNESS/OUTDOOR/TRAVEL ENTHUSIASTS PLACEMENT 320X50 STANDARD BANNER - Jackets_Run of Network_Behavioral_F25-54_320 x 50_Click and View_NV_N,205120675,10/30/2017,3979,35,3944,3944,0,0,0,0,0,3944,2645,2645
TJN_STP_029_STP 2H DIG_FY18,xAd Inc.,PJXHM5_TJN_STP_029_Audience_GROUND TRUTH FKA XAD_DST_SV1_MAP_DIR_DSP_TRG_RON_BTG_BTG_DVY_BEHAVIORAL AUDIENCE SPORTS/FITNESS/OUTDOOR/TRAVEL ENTHUSIASTS PLACEMENT 320X50 STANDARD BANNER - Jackets_Run of Network_Behavioral_F25-54_320 x 50_Click and View_NV_N,205120675,10/29/2017,3752,35,3717,3717,0,0,0,0,0,3717,2491,2491
TJN_STP_029_STP 2H DIG_FY18,xAd Inc.,PJXHM5_TJN_STP_029_Audience_GROUND TRUTH FKA XAD_DST_SV1_MAP_DIR_DSP_TRG_RON_BTG_BTG_DVY_BEHAVIORAL AUDIENCE SPORTS/FITNESS/OUTDOOR/TRAVEL ENTHUSIASTS PLACEMENT 320X50 STANDARD BANNER - Jackets_Run of Network_Behavioral_F25-54_320 x 50_Click and View_NV_N,205120675,11/3/2017,4030,90,3940,3469,471,329,142,105,37,3798,2808,2913
TJN_STP_029_STP 2H DIG_FY18,xAd Inc.,PJXHM5_TJN_STP_029_Audience_GROUND TRUTH FKA XAD_DST_SV1_MAP_DIR_DSP_TRG_RON_BTG_BTG_DVY_BEHAVIORAL AUDIENCE SPORTS/FITNESS/OUTDOOR/TRAVEL ENTHUSIASTS PLACEMENT 320X50 STANDARD BANNER - Jackets_Run of Network_Behavioral_F25-54_320 x 50_Click and View_NV_N,205120675,11/1/2017,3,1,2,1,1,0,1,1,0,1,1,2
TJN_STP_029_STP 2H DIG_FY18,PlaceIQ,PK07WC_TJN_STP_029_Audience_PLACEIQ INC_DST_SV1_MAP_DIR_DSP_TRG_RON_BTG_CTG_DVY_STANDARD ANIMATED BANNER - DRIVE BY SIERRA TRADING POST STORE_Run of Network_Behavioral_F25-54_300 x 250_Click and View_NV_NA,205330691,11/2/2017,1050,80,970,888,82,3,79,75,4,891,846,921
TJN_STP_029_STP 2H DIG_FY18,PlaceIQ,PK07WC_TJN_STP_029_Audience_PLACEIQ INC_DST_SV1_MAP_DIR_DSP_TRG_RON_BTG_CTG_DVY_STANDARD ANIMATED BANNER - DRIVE BY SIERRA TRADING POST STORE_Run of Network_Behavioral_F25-54_300 x 250_Click and View_NV_NA,205330691,11/1/2017,833,53,780,715,65,2,63,62,1,717,706,768
TJN_STP_029_STP 2H DIG_FY18,PlaceIQ,PK07WC_TJN_STP_029_Audience_PLACEIQ INC_DST_SV1_MAP_DIR_DSP_TRG_RON_BTG_CTG_DVY_STANDARD ANIMATED BANNER - DRIVE BY SIERRA TRADING POST STORE_Run of Network_Behavioral_F25-54_300 x 250_Click and View_NV_NA,205330691,11/3/2017,1399,66,1333,1257,76,2,74,74,0,1259,1259,1333
TJN_STP_029_STP 2H DIG_FY18,PlaceIQ,PK07WC_TJN_STP_029_Audience_PLACEIQ INC_DST_SV1_MAP_DIR_DSP_TRG_RON_BTG_CTG_DVY_STANDARD ANIMATED BANNER - DRIVE BY SIERRA TRADING POST STORE_Run of Network_Behavioral_F25-54_300 x 250_Click and View_NV_NA,205330691,10/29/2017,254,3,251,240,11,0,11,11,0,240,240,251
TJN_STP_029_STP 2H DIG_FY18,PlaceIQ,PK07WC_TJN_STP_029_Audience_PLACEIQ INC_DST_SV1_MAP_DIR_DSP_TRG_RON_BTG_CTG_DVY_STANDARD ANIMATED BANNER - DRIVE BY SIERRA TRADING POST STORE_Run of Network_Behavioral_F25-54_300 x 250_Click and View_NV_NA,205330691,10/30/2017,444,10,434,415,19,1,18,18,0,416,416,434
TJN_STP_029_STP 2H DIG_FY18,PlaceIQ,PK07WC_TJN_STP_029_Audience_PLACEIQ INC_DST_SV1_MAP_DIR_DSP_TRG_RON_BTG_CTG_DVY_STANDARD ANIMATED BANNER - DRIVE BY SIERRA TRADING POST STORE_Run of Network_Behavioral_F25-54_300 x 250_Click and View_NV_NA,205330691,11/4/2017,1495,109,1386,1315,71,5,66,65,1,1320,1300,1365
TJN_STP_029_STP 2H DIG_FY18,PlaceIQ,PK07WC_TJN_STP_029_Audience_PLACEIQ INC_DST_SV1_MAP_DIR_DSP_TRG_RON_BTG_CTG_DVY_STANDARD ANIMATED BANNER - DRIVE BY SIERRA TRADING POST STORE_Run of Network_Behavioral_F25-54_300 x 250_Click and View_NV_NA,205330691,10/31/2017,1947,11,1936,1698,238,13,225,216,9,1711,1643,1859
TJN_STP_029_STP 2H DIG_FY18,xAd Inc.,PJXH9T_TJN_STP_029_Audience_GROUND TRUTH FKA XAD_DST_SV1_MAP_DIR_DSP_TRG_RON_BTG_BTG_DVY_BEHAVIORAL AUDIENCE SPORTS/FITNESS/OUTDOOR/TRAVEL ENTHUSIASTS PLACEMENT 300X250 STANDARD BANNER - Boots_Run of Network_Behavioral_F25-54_300 x 250_Click and View_NV_N,205069385,10/30/2017,331,9,322,322,0,0,0,0,0,322,229,229
TJN_STP_029_STP 2H DIG_FY18,xAd Inc.,PJXH9T_TJN_STP_029_Audience_GROUND TRUTH FKA XAD_DST_SV1_MAP_DIR_DSP_TRG_RON_BTG_BTG_DVY_BEHAVIORAL AUDIENCE SPORTS/FITNESS/OUTDOOR/TRAVEL ENTHUSIASTS PLACEMENT 300X250 STANDARD BANNER - Boots_Run of Network_Behavioral_F25-54_300 x 250_Click and View_NV_N,205069385,10/31/2017,703,14,689,676,13,0,13,9,4,676,468,477
TJN_STP_029_STP 2H DIG_FY18,xAd Inc.,PJXH9T_TJN_STP_029_Audience_GROUND TRUTH FKA XAD_DST_SV1_MAP_DIR_DSP_TRG_RON_BTG_BTG_DVY_BEHAVIORAL AUDIENCE SPORTS/FITNESS/OUTDOOR/TRAVEL ENTHUSIASTS PLACEMENT 300X250 STANDARD BANNER - Boots_Run of Network_Behavioral_F25-54_300 x 250_Click and View_NV_N,205069385,11/4/2017,538,7,531,531,0,0,0,0,0,531,436,436
TJN_STP_029_STP 2H DIG_FY18,xAd Inc.,PJXH9T_TJN_STP_029_Audience_GROUND TRUTH FKA XAD_DST_SV1_MAP_DIR_DSP_TRG_RON_BTG_BTG_DVY_BEHAVIORAL AUDIENCE SPORTS/FITNESS/OUTDOOR/TRAVEL ENTHUSIASTS PLACEMENT 300X250 STANDARD BANNER - Boots_Run of Network_Behavioral_F25-54_300 x 250_Click and View_NV_N,205069385,10/29/2017,402,3,399,399,0,0,0,0,0,399,285,285
TJN_STP_029_STP 2H DIG_FY18,xAd Inc.,PJXH9T_TJN_STP_029_Audience_GROUND TRUTH FKA XAD_DST_SV1_MAP_DIR_DSP_TRG_RON_BTG_BTG_DVY_BEHAVIORAL AUDIENCE SPORTS/FITNESS/OUTDOOR/TRAVEL ENTHUSIASTS PLACEMENT 300X250 STANDARD BANNER - Boots_Run of Network_Behavioral_F25-54_300 x 250_Click and View_NV_N,205069385,11/1/2017,3,1,2,1,1,0,1,1,0,1,1,2
TJN_STP_029_STP 2H DIG_FY18,xAd Inc.,PJXH9T_TJN_STP_029_Audience_GROUND TRUTH FKA XAD_DST_SV1_MAP_DIR_DSP_TRG_RON_BTG_BTG_DVY_BEHAVIORAL AUDIENCE SPORTS/FITNESS/OUTDOOR/TRAVEL ENTHUSIASTS PLACEMENT 300X250 STANDARD BANNER - Boots_Run of Network_Behavioral_F25-54_300 x 250_Click and View_NV_N,205069385,11/3/2017,1200,181,1019,994,25,0,25,22,3,994,870,892
TJN_STP_029_STP 2H DIG_FY18,xAd Inc.,PJXBNS_TJN_STP_029_Audience_GROUND TRUTH FKA XAD_DST_SV1_MAP_DIR_DSP_TRG_RON_RTG_RTG_DVY_LOCATION AUDIENCE TJX COMPANY SHOPPERS PLACEMENT 320X50 STANDARD BANNER - Jackets_Run of Network_Behavioral_F25-54_320 x 50_Click and View_NV_NA,205070825,10/31/2017,7584,349,7235,6898,337,7,330,256,74,6905,5357,5613
TJN_STP_029_STP 2H DIG_FY18,xAd Inc.,PJXBNS_TJN_STP_029_Audience_GROUND TRUTH FKA XAD_DST_SV1_MAP_DIR_DSP_TRG_RON_RTG_RTG_DVY_LOCATION AUDIENCE TJX COMPANY SHOPPERS PLACEMENT 320X50 STANDARD BANNER - Jackets_Run of Network_Behavioral_F25-54_320 x 50_Click and View_NV_NA,205070825,11/4/2017,5897,109,5788,5786,2,0,2,1,1,5786,2893,2894
TJN_STP_029_STP 2H DIG_FY18,xAd Inc.,PJXBNS_TJN_STP_029_Audience_GROUND TRUTH FKA XAD_DST_SV1_MAP_DIR_DSP_TRG_RON_RTG_RTG_DVY_LOCATION AUDIENCE TJX COMPANY SHOPPERS PLACEMENT 320X50 STANDARD BANNER - Jackets_Run of Network_Behavioral_F25-54_320 x 50_Click and View_NV_NA,205070825,10/30/2017,8012,180,7832,7753,79,2,77,56,21,7755,5640,5696
TJN_STP_029_STP 2H DIG_FY18,xAd Inc.,PJXBNS_TJN_STP_029_Audience_GROUND TRUTH FKA XAD_DST_SV1_MAP_DIR_DSP_TRG_RON_RTG_RTG_DVY_LOCATION AUDIENCE TJX COMPANY SHOPPERS PLACEMENT 320X50 STANDARD BANNER - Jackets_Run of Network_Behavioral_F25-54_320 x 50_Click and View_NV_NA,205070825,10/29/2017,7849,140,7709,7709,0,0,0,0,0,7709,6518,6518
TJN_STP_029_STP 2H DIG_FY18,xAd Inc.,PJXBNS_TJN_STP_029_Audience_GROUND TRUTH FKA XAD_DST_SV1_MAP_DIR_DSP_TRG_RON_RTG_RTG_DVY_LOCATION AUDIENCE TJX COMPANY SHOPPERS PLACEMENT 320X50 STANDARD BANNER - Jackets_Run of Network_Behavioral_F25-54_320 x 50_Click and View_NV_NA,205070825,11/1/2017,2,0,2,2,0,0,0,0,0,2,2,2
TJN_STP_029_STP 2H DIG_FY18,xAd Inc.,PJXBNS_TJN_STP_029_Audience_GROUND TRUTH FKA XAD_DST_SV1_MAP_DIR_DSP_TRG_RON_RTG_RTG_DVY_LOCATION AUDIENCE TJX COMPANY SHOPPERS PLACEMENT 320X50 STANDARD BANNER - Jackets_Run of Network_Behavioral_F25-54_320 x 50_Click and View_NV_NA,205070825,11/3/2017,5813,157,5656,5598,58,4,54,33,21,5602,3423,3456
TJN_STP_029_STP 2H DIG_FY18,xAd Inc.,PJXBNS_TJN_STP_029_Audience_GROUND TRUTH FKA XAD_DST_SV1_MAP_DIR_DSP_TRG_RON_RTG_RTG_DVY_LOCATION AUDIENCE TJX COMPANY SHOPPERS PLACEMENT 320X50 STANDARD BANNER - Jackets_Run of Network_Behavioral_F25-54_320 x 50_Click and View_NV_NA,205070825,11/2/2017,2,2,0,0,0,0,0,0,0,0,0,0
TJN_STP_029_STP 2H DIG_FY18,xAd Inc.,PJXH9S_TJN_STP_029_Audience_GROUND TRUTH FKA XAD_DST_SV1_MAP_DIR_DSP_TRG_RON_BTG_BTG_DVY_BEHAVIORAL AUDIENCE SPORTS/FITNESS/OUTDOOR/TRAVEL ENTHUSIASTS PLACEMENT 320X50 STANDARD BANNER - Boots_Run of Network_Behavioral_F25-54_320 x 50_Click and View_NV_NA,205143618,10/29/2017,5284,49,5235,5235,0,0,0,0,0,5235,5235,5235
TJN_STP_029_STP 2H DIG_FY18,xAd Inc.,PJXH9S_TJN_STP_029_Audience_GROUND TRUTH FKA XAD_DST_SV1_MAP_DIR_DSP_TRG_RON_BTG_BTG_DVY_BEHAVIORAL AUDIENCE SPORTS/FITNESS/OUTDOOR/TRAVEL ENTHUSIASTS PLACEMENT 320X50 STANDARD BANNER - Boots_Run of Network_Behavioral_F25-54_320 x 50_Click and View_NV_NA,205143618,11/3/2017,3952,97,3855,3395,460,322,138,104,34,3717,2801,2905
TJN_STP_029_STP 2H DIG_FY18,xAd Inc.,PJXH9S_TJN_STP_029_Audience_GROUND TRUTH FKA XAD_DST_SV1_MAP_DIR_DSP_TRG_RON_BTG_BTG_DVY_BEHAVIORAL AUDIENCE SPORTS/FITNESS/OUTDOOR/TRAVEL ENTHUSIASTS PLACEMENT 320X50 STANDARD BANNER - Boots_Run of Network_Behavioral_F25-54_320 x 50_Click and View_NV_NA,205143618,10/30/2017,5264,59,5205,5205,0,0,0,0,0,5205,5205,5205
TJN_STP_029_STP 2H DIG_FY18,xAd Inc.,PJXH9S_TJN_STP_029_Audience_GROUND TRUTH FKA XAD_DST_SV1_MAP_DIR_DSP_TRG_RON_BTG_BTG_DVY_BEHAVIORAL AUDIENCE SPORTS/FITNESS/OUTDOOR/TRAVEL ENTHUSIASTS PLACEMENT 320X50 STANDARD BANNER - Boots_Run of Network_Behavioral_F25-54_320 x 50_Click and View_NV_NA,205143618,10/31/2017,5202,231,4971,4953,18,2,16,9,7,4955,2787,2796
TJN_STP_029_STP 2H DIG_FY18,xAd Inc.,PJXH9S_TJN_STP_029_Audience_GROUND TRUTH FKA XAD_DST_SV1_MAP_DIR_DSP_TRG_RON_BTG_BTG_DVY_BEHAVIORAL AUDIENCE SPORTS/FITNESS/OUTDOOR/TRAVEL ENTHUSIASTS PLACEMENT 320X50 STANDARD BANNER - Boots_Run of Network_Behavioral_F25-54_320 x 50_Click and View_NV_NA,205143618,11/4/2017,4237,72,4165,4164,1,0,1,0,1,4164,0,0
TJN_STP_029_STP 2H DIG_FY18,xAd Inc.,PK0SVV_TJN_STP_029_Audience_GROUND TRUTH FKA XAD_DST_SV1_MAP_DIR_DSP_TRG_RON_PXT_PXT_DVY_PROXIMITY LOYALTY PLACEMENT 320X50 STANDARD BANNER - Boots_Run of Network_Behavioral_F25-54_320 x 50_Click and View_NV_NA,205664637,10/29/2017,4816,45,4771,4771,0,0,0,0,0,4771,4771,4771
TJN_STP_029_STP 2H DIG_FY18,xAd Inc.,PK0SVV_TJN_STP_029_Audience_GROUND TRUTH FKA XAD_DST_SV1_MAP_DIR_DSP_TRG_RON_PXT_PXT_DVY_PROXIMITY LOYALTY PLACEMENT 320X50 STANDARD BANNER - Boots_Run of Network_Behavioral_F25-54_320 x 50_Click and View_NV_NA,205664637,11/3/2017,4928,188,4740,4518,222,2,220,163,57,4520,3349,3512
TJN_STP_029_STP 2H DIG_FY18,xAd Inc.,PK0SVV_TJN_STP_029_Audience_GROUND TRUTH FKA XAD_DST_SV1_MAP_DIR_DSP_TRG_RON_PXT_PXT_DVY_PROXIMITY LOYALTY PLACEMENT 320X50 STANDARD BANNER - Boots_Run of Network_Behavioral_F25-54_320 x 50_Click and View_NV_NA,205664637,10/30/2017,4812,58,4754,4754,0,0,0,0,0,4754,4754,4754
TJN_STP_029_STP 2H DIG_FY18,xAd Inc.,PK0SVV_TJN_STP_029_Audience_GROUND TRUTH FKA XAD_DST_SV1_MAP_DIR_DSP_TRG_RON_PXT_PXT_DVY_PROXIMITY LOYALTY PLACEMENT 320X50 STANDARD BANNER - Boots_Run of Network_Behavioral_F25-54_320 x 50_Click and View_NV_NA,205664637,10/31/2017,4911,148,4763,4762,1,0,1,1,0,4762,4762,4763
TJN_STP_029_STP 2H DIG_FY18,xAd Inc.,PK0SVV_TJN_STP_029_Audience_GROUND TRUTH FKA XAD_DST_SV1_MAP_DIR_DSP_TRG_RON_PXT_PXT_DVY_PROXIMITY LOYALTY PLACEMENT 320X50 STANDARD BANNER - Boots_Run of Network_Behavioral_F25-54_320 x 50_Click and View_NV_NA,205664637,11/4/2017,5098,49,5049,5049,0,0,0,0,0,5049,3747,3747
TJN_STP_029_STP 2H DIG_FY18,xAd Inc.,PJX734_TJN_STP_029_Audience_GROUND TRUTH FKA XAD_DST_SV1_MAP_DIR_DSP_TRG_RON_RTG_RTG_DVY_LOCATION AUDIENCE SPORTING GOOD/COMPETITOR SHOPPERS PLACEMENT 320X50 STANDARD BANNER - Boots_Run of Network_Behavioral_F25-54_320 x 50_Click and View_NV_NA,205071170,10/29/2017,7854,71,7783,7783,0,0,0,0,0,7783,7783,7783
TJN_STP_029_STP 2H DIG_FY18,xAd Inc.,PJX734_TJN_STP_029_Audience_GROUND TRUTH FKA XAD_DST_SV1_MAP_DIR_DSP_TRG_RON_RTG_RTG_DVY_LOCATION AUDIENCE SPORTING GOOD/COMPETITOR SHOPPERS PLACEMENT 320X50 STANDARD BANNER - Boots_Run of Network_Behavioral_F25-54_320 x 50_Click and View_NV_NA,205071170,11/2/2017,3,1,2,1,1,0,1,1,0,1,1,2
TJN_STP_029_STP 2H DIG_FY18,xAd Inc.,PJX734_TJN_STP_029_Audience_GROUND TRUTH FKA XAD_DST_SV1_MAP_DIR_DSP_TRG_RON_RTG_RTG_DVY_LOCATION AUDIENCE SPORTING GOOD/COMPETITOR SHOPPERS PLACEMENT 320X50 STANDARD BANNER - Boots_Run of Network_Behavioral_F25-54_320 x 50_Click and View_NV_NA,205071170,11/3/2017,6479,229,6250,5294,956,385,571,474,97,5679,4708,5182
TJN_STP_029_STP 2H DIG_FY18,xAd Inc.,PJX734_TJN_STP_029_Audience_GROUND TRUTH FKA XAD_DST_SV1_MAP_DIR_DSP_TRG_RON_RTG_RTG_DVY_LOCATION AUDIENCE SPORTING GOOD/COMPETITOR SHOPPERS PLACEMENT 320X50 STANDARD BANNER - Boots_Run of Network_Behavioral_F25-54_320 x 50_Click and View_NV_NA,205071170,10/31/2017,8108,149,7959,7931,28,1,27,23,4,7932,6757,6780
TJN_STP_029_STP 2H DIG_FY18,xAd Inc.,PJX734_TJN_STP_029_Audience_GROUND TRUTH FKA XAD_DST_SV1_MAP_DIR_DSP_TRG_RON_RTG_RTG_DVY_LOCATION AUDIENCE SPORTING GOOD/COMPETITOR SHOPPERS PLACEMENT 320X50 STANDARD BANNER - Boots_Run of Network_Behavioral_F25-54_320 x 50_Click and View_NV_NA,205071170,11/4/2017,6356,141,6215,6139,76,1,75,55,20,6140,4503,4558
TJN_STP_029_STP 2H DIG_FY18,xAd Inc.,PJX734_TJN_STP_029_Audience_GROUND TRUTH FKA XAD_DST_SV1_MAP_DIR_DSP_TRG_RON_RTG_RTG_DVY_LOCATION AUDIENCE SPORTING GOOD/COMPETITOR SHOPPERS PLACEMENT 320X50 STANDARD BANNER - Boots_Run of Network_Behavioral_F25-54_320 x 50_Click and View_NV_NA,205071170,10/30/2017,8031,97,7934,7934,0,0,0,0,0,7934,7934,7934
TJN_STP_029_STP 2H DIG_FY18,xAd Inc.,PK0TMM_TJN_STP_029_Audience_GROUND TRUTH FKA XAD_DST_SV1_MAP_DIR_RCH_TRG_RON_PXT_PXT_DVY_PROXIMITY LOYALTY PLACEMENT 300X250 PRODUCT GALLERY RICH MEDIA - Jackets_Run of Network_Behavioral_F25-54_300 x 250_Click and View_NV_NA,205664628,10/29/2017,204,2,202,192,10,1,9,9,0,193,193,202
TJN_STP_029_STP 2H DIG_FY18,xAd Inc.,PK0TMM_TJN_STP_029_Audience_GROUND TRUTH FKA XAD_DST_SV1_MAP_DIR_RCH_TRG_RON_PXT_PXT_DVY_PROXIMITY LOYALTY PLACEMENT 300X250 PRODUCT GALLERY RICH MEDIA - Jackets_Run of Network_Behavioral_F25-54_300 x 250_Click and View_NV_NA,205664628,11/2/2017,3,0,3,1,2,1,1,1,0,2,2,3
TJN_STP_029_STP 2H DIG_FY18,xAd Inc.,PK0TMM_TJN_STP_029_Audience_GROUND TRUTH FKA XAD_DST_SV1_MAP_DIR_RCH_TRG_RON_PXT_PXT_DVY_PROXIMITY LOYALTY PLACEMENT 300X250 PRODUCT GALLERY RICH MEDIA - Jackets_Run of Network_Behavioral_F25-54_300 x 250_Click and View_NV_NA,205664628,11/3/2017,323,3,320,149,171,2,169,158,11,151,141,299
TJN_STP_029_STP 2H DIG_FY18,xAd Inc.,PK0TMM_TJN_STP_029_Audience_GROUND TRUTH FKA XAD_DST_SV1_MAP_DIR_RCH_TRG_RON_PXT_PXT_DVY_PROXIMITY LOYALTY PLACEMENT 300X250 PRODUCT GALLERY RICH MEDIA - Jackets_Run of Network_Behavioral_F25-54_300 x 250_Click and View_NV_NA,205664628,10/30/2017,155,1,154,154,0,0,0,0,0,154,154,154
TJN_STP_029_STP 2H DIG_FY18,xAd Inc.,PK0TMM_TJN_STP_029_Audience_GROUND TRUTH FKA XAD_DST_SV1_MAP_DIR_RCH_TRG_RON_PXT_PXT_DVY_PROXIMITY LOYALTY PLACEMENT 300X250 PRODUCT GALLERY RICH MEDIA - Jackets_Run of Network_Behavioral_F25-54_300 x 250_Click and View_NV_NA,205664628,10/31/2017,1136,22,1114,83,1031,0,1031,959,72,83,77,1036
TJN_STP_029_STP 2H DIG_FY18,xAd Inc.,PK0TMM_TJN_STP_029_Audience_GROUND TRUTH FKA XAD_DST_SV1_MAP_DIR_RCH_TRG_RON_PXT_PXT_DVY_PROXIMITY LOYALTY PLACEMENT 300X250 PRODUCT GALLERY RICH MEDIA - Jackets_Run of Network_Behavioral_F25-54_300 x 250_Click and View_NV_NA,205664628,11/4/2017,114,0,114,114,0,0,0,0,0,114,106,106
TJN_STP_029_STP 2H DIG_FY18,xAd Inc.,PK0TR4_TJN_STP_029_Audience_GROUND TRUTH FKA XAD_DST_SV1_MAP_DIR_DSP_TRG_RON_RTG_RTG_DVY_LOCATION AUDIENCE TJX COMPAN SHOPPERS PLACEMENT 300X250 STANDARD BANNER - Boots_Run of Network_Behavioral_F25-54_300 x 250_Click and View_NV_NA,205567796,10/30/2017,3079,145,2934,2930,4,0,4,0,4,2930,0,0
TJN_STP_029_STP 2H DIG_FY18,xAd Inc.,PK0TR4_TJN_STP_029_Audience_GROUND TRUTH FKA XAD_DST_SV1_MAP_DIR_DSP_TRG_RON_RTG_RTG_DVY_LOCATION AUDIENCE TJX COMPAN SHOPPERS PLACEMENT 300X250 STANDARD BANNER - Boots_Run of Network_Behavioral_F25-54_300 x 250_Click and View_NV_NA,205567796,11/4/2017,1120,53,1067,1065,2,0,2,2,0,1065,1065,1067
TJN_STP_029_STP 2H DIG_FY18,xAd Inc.,PK0TR4_TJN_STP_029_Audience_GROUND TRUTH FKA XAD_DST_SV1_MAP_DIR_DSP_TRG_RON_RTG_RTG_DVY_LOCATION AUDIENCE TJX COMPAN SHOPPERS PLACEMENT 300X250 STANDARD BANNER - Boots_Run of Network_Behavioral_F25-54_300 x 250_Click and View_NV_NA,205567796,10/31/2017,5287,1440,3847,3846,1,0,1,0,1,3846,0,0
TJN_STP_029_STP 2H DIG_FY18,xAd Inc.,PK0TR4_TJN_STP_029_Audience_GROUND TRUTH FKA XAD_DST_SV1_MAP_DIR_DSP_TRG_RON_RTG_RTG_DVY_LOCATION AUDIENCE TJX COMPAN SHOPPERS PLACEMENT 300X250 STANDARD BANNER - Boots_Run of Network_Behavioral_F25-54_300 x 250_Click and View_NV_NA,205567796,11/3/2017,1710,143,1567,1559,8,1,7,7,0,1560,1551,1558
TJN_STP_029_STP 2H DIG_FY18,xAd Inc.,PK0TR4_TJN_STP_029_Audience_GROUND TRUTH FKA XAD_DST_SV1_MAP_DIR_DSP_TRG_RON_RTG_RTG_DVY_LOCATION AUDIENCE TJX COMPAN SHOPPERS PLACEMENT 300X250 STANDARD BANNER - Boots_Run of Network_Behavioral_F25-54_300 x 250_Click and View_NV_NA,205567796,10/29/2017,3772,121,3651,3605,46,2,44,40,4,3607,3146,3186
TJN_STP_029_STP 2H DIG_FY18,xAd Inc.,PK0TDP_TJN_STP_029_Audience_GROUND TRUTH FKA XAD_DST_SV1_MAP_DIR_DSP_TRG_RON_PXT_PXT_DVY_PROXIMITY LOYALTY PLACEMENT 300X250 STANDARD BANNER - Boots_Run of Network_Behavioral_F25-54_300 x 250_Click and View_NV_NA,205570124,11/1/2017,1,0,1,0,1,0,1,1,0,0,0,1
TJN_STP_029_STP 2H DIG_FY18,xAd Inc.,PK0TDP_TJN_STP_029_Audience_GROUND TRUTH FKA XAD_DST_SV1_MAP_DIR_DSP_TRG_RON_PXT_PXT_DVY_PROXIMITY LOYALTY PLACEMENT 300X250 STANDARD BANNER - Boots_Run of Network_Behavioral_F25-54_300 x 250_Click and View_NV_NA,205570124,11/3/2017,1551,183,1368,1216,152,5,147,123,24,1221,1015,1138
TJN_STP_029_STP 2H DIG_FY18,xAd Inc.,PK0TDP_TJN_STP_029_Audience_GROUND TRUTH FKA XAD_DST_SV1_MAP_DIR_DSP_TRG_RON_PXT_PXT_DVY_PROXIMITY LOYALTY PLACEMENT 300X250 STANDARD BANNER - Boots_Run of Network_Behavioral_F25-54_300 x 250_Click and View_NV_NA,205570124,10/29/2017,1225,42,1183,1179,4,0,4,4,0,1179,1179,1183
TJN_STP_029_STP 2H DIG_FY18,xAd Inc.,PK0TDP_TJN_STP_029_Audience_GROUND TRUTH FKA XAD_DST_SV1_MAP_DIR_DSP_TRG_RON_PXT_PXT_DVY_PROXIMITY LOYALTY PLACEMENT 300X250 STANDARD BANNER - Boots_Run of Network_Behavioral_F25-54_300 x 250_Click and View_NV_NA,205570124,10/30/2017,998,8,990,989,1,0,1,1,0,989,989,990
TJN_STP_029_STP 2H DIG_FY18,xAd Inc.,PK0TDP_TJN_STP_029_Audience_GROUND TRUTH FKA XAD_DST_SV1_MAP_DIR_DSP_TRG_RON_PXT_PXT_DVY_PROXIMITY LOYALTY PLACEMENT 300X250 STANDARD BANNER - Boots_Run of Network_Behavioral_F25-54_300 x 250_Click and View_NV_NA,205570124,11/4/2017,820,20,800,800,0,0,0,0,0,800,675,675
TJN_STP_029_STP 2H DIG_FY18,xAd Inc.,PK0TDP_TJN_STP_029_Audience_GROUND TRUTH FKA XAD_DST_SV1_MAP_DIR_DSP_TRG_RON_PXT_PXT_DVY_PROXIMITY LOYALTY PLACEMENT 300X250 STANDARD BANNER - Boots_Run of Network_Behavioral_F25-54_300 x 250_Click and View_NV_NA,205570124,10/31/2017,2215,13,2202,2200,2,1,1,1,0,2201,2201,2202
TJN_STP_029_STP 2H DIG_FY18,PlaceIQ,PJXCJ0_TJN_STP_029_Audience_PLACEIQ INC_DST_SV1_MAP_DIR_DSP_TRG_RON_BTG_PTG_DVY_STANDARD ANIMATED BANNER - HEALTH/FITNESS MOBILE APP USERS_Run of Network_Behavioral_F25-54_300 x 250_Click and View_NV_NA,205151721,10/29/2017,40,0,40,1,39,0,39,39,0,1,1,40
TJN_STP_029_STP 2H DIG_FY18,PlaceIQ,PJXCJ0_TJN_STP_029_Audience_PLACEIQ INC_DST_SV1_MAP_DIR_DSP_TRG_RON_BTG_PTG_DVY_STANDARD ANIMATED BANNER - HEALTH/FITNESS MOBILE APP USERS_Run of Network_Behavioral_F25-54_300 x 250_Click and View_NV_NA,205151721,11/1/2017,381,35,346,87,259,1,258,255,3,88,87,342
TJN_STP_029_STP 2H DIG_FY18,PlaceIQ,PJXCJ0_TJN_STP_029_Audience_PLACEIQ INC_DST_SV1_MAP_DIR_DSP_TRG_RON_BTG_PTG_DVY_STANDARD ANIMATED BANNER - HEALTH/FITNESS MOBILE APP USERS_Run of Network_Behavioral_F25-54_300 x 250_Click and View_NV_NA,205151721,11/3/2017,643,74,569,123,446,4,442,429,13,127,123,552
TJN_STP_029_STP 2H DIG_FY18,PlaceIQ,PJXCJ0_TJN_STP_029_Audience_PLACEIQ INC_DST_SV1_MAP_DIR_DSP_TRG_RON_BTG_PTG_DVY_STANDARD ANIMATED BANNER - HEALTH/FITNESS MOBILE APP USERS_Run of Network_Behavioral_F25-54_300 x 250_Click and View_NV_NA,205151721,11/2/2017,703,71,632,242,390,3,387,379,8,245,240,619
TJN_STP_029_STP 2H DIG_FY18,PlaceIQ,PJXCJ0_TJN_STP_029_Audience_PLACEIQ INC_DST_SV1_MAP_DIR_DSP_TRG_RON_BTG_PTG_DVY_STANDARD ANIMATED BANNER - HEALTH/FITNESS MOBILE APP USERS_Run of Network_Behavioral_F25-54_300 x 250_Click and View_NV_NA,205151721,10/31/2017,58,0,58,1,57,0,57,56,1,1,1,57
TJN_STP_029_STP 2H DIG_FY18,PlaceIQ,PJXCJ0_TJN_STP_029_Audience_PLACEIQ INC_DST_SV1_MAP_DIR_DSP_TRG_RON_BTG_PTG_DVY_STANDARD ANIMATED BANNER - HEALTH/FITNESS MOBILE APP USERS_Run of Network_Behavioral_F25-54_300 x 250_Click and View_NV_NA,205151721,11/4/2017,553,70,483,105,378,7,371,355,16,112,107,462
TJN_STP_029_STP 2H DIG_FY18,PlaceIQ,PJXCJ0_TJN_STP_029_Audience_PLACEIQ INC_DST_SV1_MAP_DIR_DSP_TRG_RON_BTG_PTG_DVY_STANDARD ANIMATED BANNER - HEALTH/FITNESS MOBILE APP USERS_Run of Network_Behavioral_F25-54_300 x 250_Click and View_NV_NA,205151721,10/30/2017,47,1,46,2,44,0,44,44,0,2,2,46
TJN_STP_029_STP 2H DIG_FY18,PlaceIQ,PK0990_TJN_STP_029_Audience_PLACEIQ INC_DST_SV1_MAP_DIR_RCH_TRG_RON_BTG_PTG_DVY_RICH MEDIA - TJMAXX/MARSHALLS/HOME GOODS STORE VISITOR AND OUTDOOR PURCHASERS - Jackets_Run of Network_Behavioral_F25-54_320 x 50_Click and View_NV_NA,205381219,10/29/2017,959,7,952,392,560,128,432,428,4,520,515,943
TJN_STP_029_STP 2H DIG_FY18,PlaceIQ,PK0990_TJN_STP_029_Audience_PLACEIQ INC_DST_SV1_MAP_DIR_RCH_TRG_RON_BTG_PTG_DVY_RICH MEDIA - TJMAXX/MARSHALLS/HOME GOODS STORE VISITOR AND OUTDOOR PURCHASERS - Jackets_Run of Network_Behavioral_F25-54_320 x 50_Click and View_NV_NA,205381219,11/2/2017,2380,164,2216,2110,106,1,105,105,0,2111,2111,2216
TJN_STP_029_STP 2H DIG_FY18,PlaceIQ,PK0990_TJN_STP_029_Audience_PLACEIQ INC_DST_SV1_MAP_DIR_RCH_TRG_RON_BTG_PTG_DVY_RICH MEDIA - TJMAXX/MARSHALLS/HOME GOODS STORE VISITOR AND OUTDOOR PURCHASERS - Jackets_Run of Network_Behavioral_F25-54_320 x 50_Click and View_NV_NA,205381219,11/3/2017,2143,130,2013,1844,169,1,168,168,0,1845,1845,2013
TJN_STP_029_STP 2H DIG_FY18,PlaceIQ,PK0990_TJN_STP_029_Audience_PLACEIQ INC_DST_SV1_MAP_DIR_RCH_TRG_RON_BTG_PTG_DVY_RICH MEDIA - TJMAXX/MARSHALLS/HOME GOODS STORE VISITOR AND OUTDOOR PURCHASERS - Jackets_Run of Network_Behavioral_F25-54_320 x 50_Click and View_NV_NA,205381219,11/1/2017,2564,188,2376,2214,162,2,160,160,0,2216,2216,2376
TJN_STP_029_STP 2H DIG_FY18,PlaceIQ,PK0990_TJN_STP_029_Audience_PLACEIQ INC_DST_SV1_MAP_DIR_RCH_TRG_RON_BTG_PTG_DVY_RICH MEDIA - TJMAXX/MARSHALLS/HOME GOODS STORE VISITOR AND OUTDOOR PURCHASERS - Jackets_Run of Network_Behavioral_F25-54_320 x 50_Click and View_NV_NA,205381219,10/31/2017,1143,17,1126,615,511,90,421,407,14,705,682,1089
TJN_STP_029_STP 2H DIG_FY18,PlaceIQ,PK0990_TJN_STP_029_Audience_PLACEIQ INC_DST_SV1_MAP_DIR_RCH_TRG_RON_BTG_PTG_DVY_RICH MEDIA - TJMAXX/MARSHALLS/HOME GOODS STORE VISITOR AND OUTDOOR PURCHASERS - Jackets_Run of Network_Behavioral_F25-54_320 x 50_Click and View_NV_NA,205381219,11/4/2017,1828,159,1669,1566,103,0,103,103,0,1566,1566,1669
TJN_STP_029_STP 2H DIG_FY18,PlaceIQ,PK0990_TJN_STP_029_Audience_PLACEIQ INC_DST_SV1_MAP_DIR_RCH_TRG_RON_BTG_PTG_DVY_RICH MEDIA - TJMAXX/MARSHALLS/HOME GOODS STORE VISITOR AND OUTDOOR PURCHASERS - Jackets_Run of Network_Behavioral_F25-54_320 x 50_Click and View_NV_NA,205381219,10/30/2017,1080,16,1064,639,425,77,348,347,1,716,714,1061
