Campaign Name,Media Property,Placement Name,Ad Server Placement Code,Date,GroupM Active Impressions,GroupM Fraud/SIVT Impressions,GroupM Non-Fraud/SIVT Impressions,GroupM Ineligible Impressions,GroupM Eligible Impressions,GroupM Unmeasured Impressions,GroupM Measured Impressions,GroupM Passed Impressions,GroupM Failed Impressions,GroupM Unevaluated Impressions,GroupM Projected Impressions,GroupM Billable Impressions
TJN_HOM_030_HomeGoods 2H Digital_F18,xAd Inc.,PJQ7MQ_TJN_HOM_030_Mobile_GROUND TRUTH FKA XAD_DST_SV1_MAP_DIR_DSP_TRG_RON_MKT_DMA_DVY_LOCATION - COMPETITOR SHOPPERS - DYNAMIC DISTANCE_Run of Network_Geo_F25-54_320 x 50_Click and View_NV_NA,204617210,9/20/2017,13225,232,12993,8946,4047,2283,1764,1630,134,11229,9300,10930
TJN_HOM_025_HomeGoods Digital Video_Q4FY18,Tremor Video Inc.,PK6F30_TJN_HOM_025_OLV_TREMOR NETWORK_AWR_BS1_CTV_DIR_VID_TRG_RON_PXT_CTG_DVY_ALL SCREEN PREROLL + PROXIMITYPLUS DWELL TIME TARGETING TO HOMEGOODS VISITORS CTV_Run of Network_Behavioral_F25-54_1280 x 720_Standard_NV_NA,205942131,10/1/2017,8723,17,8706,8705,1,0,1,0,1,8705,0,0
TJN_HOM_030_HomeGoods 2H Digital_F18,NinthDecimal,PJQ7NH_TJN_HOM_030_Mobile_NINTHDECIMAL_DST_SV1_MAP_DIR_RCH_TRG_RON_BTG_DMA_DVY_CONSUMER JOURNEY: PET SUPPLY SHOPPERS_Run of Network_Behavioral_F25-54_320 x 50_Click and View_NV_NA,204647914,9/20/2017,5942,127,5815,2237,3578,20,3558,3455,103,2257,2192,5647
TJN_HOM_030_HomeGoods 2H Digital_F18,xAd Inc.,PJQ7MH_TJN_HOM_030_Mobile_GROUND TRUTH FKA XAD_DST_SV1_MAP_DIR_DSP_TRG_RON_PXT_BTG_DVY_PROXIMITY LOYALTY - DYNAMIC DISTANCE_Run of Network_Geo_F25-54_300 x 250_Click and View_NV_NA,204675003,10/16/2017,26402,518,25884,25883,1,0,1,0,1,25883,0,0
TJN_HOM_030_HomeGoods 2H Digital_F18,NinthDecimal,PJQ7N9_TJN_HOM_030_Mobile_NINTHDECIMAL_DST_SV1_MAP_DIR_RCH_TRG_RON_BTG_PXT_DVY_LOCATION GRAPH: TJX FAMILY LOYALISTS_Run of Network_Behavioral_F25-54_320 x 50_Click and View_NV_NA,204647917,10/3/2017,5444,114,5330,3875,1455,20,1435,1380,55,3895,3746,5126
TJN_HOM_025_HomeGoods Digital Video_Q4FY18,Tremor Video Inc.,PK6F30_TJN_HOM_025_OLV_TREMOR NETWORK_AWR_BS1_CTV_DIR_VID_TRG_RON_PXT_CTG_DVY_ALL SCREEN PREROLL + PROXIMITYPLUS DWELL TIME TARGETING TO HOMEGOODS VISITORS CTV_Run of Network_Behavioral_F25-54_1280 x 720_Standard_NV_NA,205942131,10/2/2017,8514,9,8505,8505,0,0,0,0,0,8505,0,0
TJN_HOM_030_HomeGoods 2H Digital_F18,NinthDecimal,PJQ7NJ_TJN_HOM_030_Mobile_NINTHDECIMAL_DST_SV1_MAP_DIR_RCH_TRG_RON_BTG_DMA_DVY_CONSUMER JOURNEY: BARGAIN HUNTERS_Run of Network_Behavioral_F25-54_320 x 50_Click and View_NV_NA,204644353,10/12/2017,9852,171,9681,4476,5205,43,5162,4977,185,4519,4357,9334
TJN_HOM_030_HomeGoods 2H Digital_F18,xAd Inc.,PJQ7MJ_TJN_HOM_030_Mobile_GROUND TRUTH FKA XAD_DST_SV1_MAP_DIR_DSP_TRG_RON_PXT_BTG_DVY_PROXIMITY LOYALTY - STORE LOCATOR UNIT_Run of Network_Geo_F25-54_320 x 50_Click and View_NV_NA,204649939,10/18/2017,4858,160,4698,971,3727,55,3672,3455,217,1026,965,4420
TJN_HOM_030_HomeGoods 2H Digital_F18,xAd Inc.,PJQ7MR_TJN_HOM_030_Mobile_GROUND TRUTH FKA XAD_DST_SV1_MAP_DIR_DSP_TRG_RON_MKT_DMA_DVY_LOCATION - COMPETITOR SHOPPERS - DYNAMIC DISTANCE_Run of Network_Geo_F25-54_300 x 250_Click and View_NV_NA,204647890,9/25/2017,5852,843,5009,4899,110,1,109,98,11,4900,4387,4485
TJN_HOM_030_HomeGoods 2H Digital_F18,xAd Inc.,PJQ7MG_TJN_HOM_030_Mobile_GROUND TRUTH FKA XAD_DST_SV1_MAP_DIR_DSP_TRG_RON_PXT_BTG_DVY_PROXIMITY LOYALTY - DYNAMIC DISTANCE_Run of Network_Geo_F25-54_320 x 50_Click and View_NV_NA,204626813,9/23/2017,38831,875,37956,28033,9923,1368,8555,7128,1427,29401,19450,26578
TJN_HOM_030_HomeGoods 2H Digital_F18,xAd Inc.,PJQ7MS_TJN_HOM_030_Mobile_GROUND TRUTH FKA XAD_DST_SV1_MAP_DIR_DSP_TRG_RON_DMA_PXT_DVY_AV DMA TARGETING_Run of Network_Geo_F25-54_300 x 250_Click and View_NV_NA,204646501,9/4/2017,3,0,3,0,3,0,3,3,0,0,0,3
TJN_HOM_030_HomeGoods 2H Digital_F18,NinthDecimal,PJQ7N5_TJN_HOM_030_Mobile_NINTHDECIMAL_DST_SV1_MAP_DIR_RCH_TRG_RON_PXT_DMA_DVY_GEOFENCE: 2-MILE RADIUS AROUND URBAN STORES_Run of Network_Geo_F25-54_320 x 50_Click and View_NV_NA,204649945,9/23/2017,30729,779,29950,12596,17354,79,17275,16483,792,12675,12094,28577
TJN_HOM_030_HomeGoods 2H Digital_F18,xAd Inc.,PJQ7MN_TJN_HOM_030_Mobile_GROUND TRUTH FKA XAD_DST_SV1_MAP_DIR_DSP_TRG_RON_MKT_DMA_DVY_LOCATION - HOMEGOODS SHOPPERS - DYNAMIC DISTANCE_Run of Network_Geo_F25-54_320 x 50_Click and View_NV_NA,204651439,10/10/2017,5303,38,5265,4003,1262,18,1244,1152,92,4021,3693,4845
TJN_HOM_030_HomeGoods 2H Digital_F18,NinthDecimal,PJQ7N6_TJN_HOM_030_Mobile_NINTHDECIMAL_DST_SV1_MAP_DIR_RCH_TRG_RON_PXT_DMA_DVY_GEOFENCE: 5-10-MILE RADIUS AROUND SUBURBAN STORES_Run of Network_Geo_F25-54_320 x 50_Click and View_NV_NA,204646507,9/17/2017,9558,263,9295,3081,6214,21,6193,6041,152,3102,3026,9067
TJN_HOM_030_HomeGoods 2H Digital_F18,NinthDecimal,PJQ7N5_TJN_HOM_030_Mobile_NINTHDECIMAL_DST_SV1_MAP_DIR_RCH_TRG_RON_PXT_DMA_DVY_GEOFENCE: 2-MILE RADIUS AROUND URBAN STORES_Run of Network_Geo_F25-54_320 x 50_Click and View_NV_NA,204649945,10/2/2017,3777,122,3655,2274,1381,7,1374,1199,175,2281,1990,3189
TJN_HOM_030_HomeGoods 2H Digital_F18,NinthDecimal,PJQ7N5_TJN_HOM_030_Mobile_NINTHDECIMAL_DST_SV1_MAP_DIR_RCH_TRG_RON_PXT_DMA_DVY_GEOFENCE: 2-MILE RADIUS AROUND URBAN STORES_Run of Network_Geo_F25-54_320 x 50_Click and View_NV_NA,204649945,10/1/2017,952,33,919,516,403,5,398,386,12,521,505,891
TJN_HOM_030_HomeGoods 2H Digital_F18,xAd Inc.,PJQ7MG_TJN_HOM_030_Mobile_GROUND TRUTH FKA XAD_DST_SV1_MAP_DIR_DSP_TRG_RON_PXT_BTG_DVY_PROXIMITY LOYALTY - DYNAMIC DISTANCE_Run of Network_Geo_F25-54_320 x 50_Click and View_NV_NA,204626813,10/1/2017,4,1,3,1,2,1,1,1,0,2,2,3
TJN_HOM_025_HomeGoods Digital Video_Q4FY18,Hulu,PJKYCK_TJN_HOM_025_FEP_HULU_DSK_COMPANION BANNER_DIR_DSP_ROT_ROS_CTG_BTG_DVY_AWR_BS1_Run of Site_Demo_F25-54_300 x 60_Standard_NV_NA,204651788,9/27/2017,1,0,1,0,1,0,1,1,0,0,0,1
TJN_HOM_030_HomeGoods 2H Digital_F18,NinthDecimal,PJQ7N5_TJN_HOM_030_Mobile_NINTHDECIMAL_DST_SV1_MAP_DIR_RCH_TRG_RON_PXT_DMA_DVY_GEOFENCE: 2-MILE RADIUS AROUND URBAN STORES_Run of Network_Geo_F25-54_320 x 50_Click and View_NV_NA,204649945,10/3/2017,3621,120,3501,2336,1165,16,1149,1114,35,2352,2280,3394
TJN_HOM_030_HomeGoods 2H Digital_F18,Nativo Inc.,PK87W8_TJN_HOM_030_Content_NATIVO FKA POST RLSE_DSI_BS2_MWB_DIR_NAD_ROT_RON_CTG_BTG_DVY_NATIVE DISPLAY UNIT FALL TRENDS_Run of Network_Contextual_F25-54_1 x 1_Click and View_NV_NA,206137761,10/13/2017,178805,6716,172089,2008,170081,12062,158019,50162,107857,14070,4466,54628
TJN_HOM_030_HomeGoods 2H Digital_F18,NinthDecimal,PJQ7N7_TJN_HOM_030_Mobile_NINTHDECIMAL_DST_SV1_MAP_DIR_RCH_TRG_RON_PXT_DMA_DVY_GEOFENCE: 15-20-MILE RADIUS AROUND RURAL STORES_Run of Network_Geo_F25-54_320 x 50_Click and View_NV_NA,204674556,9/7/2017,6719,134,6585,3524,3061,21,3040,2982,58,3545,3477,6459
TJN_HOM_030_HomeGoods 2H Digital_F18,xAd Inc.,PJQ7MG_TJN_HOM_030_Mobile_GROUND TRUTH FKA XAD_DST_SV1_MAP_DIR_DSP_TRG_RON_PXT_BTG_DVY_PROXIMITY LOYALTY - DYNAMIC DISTANCE_Run of Network_Geo_F25-54_320 x 50_Click and View_NV_NA,204626813,10/3/2017,2,0,2,1,1,1,0,0,0,2,2,2
TJN_HOM_030_HomeGoods 2H Digital_F18,NinthDecimal,PJQ7ND_TJN_HOM_030_Mobile_NINTHDECIMAL_DST_SV1_MAP_DIR_RCH_TRG_RON_BTG_DMA_DVY_CONSUMER JOURNEY: HOUSEHOLD CEO_Run of Network_Behavioral_F25-54_320 x 50_Click and View_NV_NA,204626294,10/12/2017,9618,172,9446,5283,4163,26,4137,4005,132,5309,5140,9145
TJN_HOM_030_HomeGoods 2H Digital_F18,xAd Inc.,PJQ7ML_TJN_HOM_030_Mobile_GROUND TRUTH FKA XAD_DST_SV1_MAP_DIR_DSP_TRG_RON_BTG_DMA_DVY_BEHAVIORAL - HOME SHOPPER - DYNAMIC DISTANCE_Run of Network_Behavioral_F25-54_320 x 50_Click and View_NV_NA,204626174,9/29/2017,89177,1839,87338,83153,4185,405,3780,3234,546,83558,68936,72170
TJN_HOM_030_HomeGoods 2H Digital_F18,NinthDecimal,"PJQ7NK_TJN_HOM_030_Mobile_NINTHDECIMAL_DST_SV1_MAP_DIR_RCH_TRG_RON_BTG_DMA_DVY_TV TARGETING: HGTV, DIY NETWORK, BRAVO, TLC, FOOD NETWORK_Run of Network_Behavioral_F25-54_320 x 50_Click and View_NV_NA",204674553,10/12/2017,9343,159,9184,4435,4749,52,4697,4522,175,4487,4320,8842
TJN_HOM_025_HomeGoods Digital Video_Q4FY18,Tremor Video Inc.,PK6DWD_TJN_HOM_025_OLV_TREMOR NETWORK_AWR_BS1_MAP_DIR_VID_TRG_RON_BTG_CTG_DVY_ALL SCREEN PREROLL + SOCIAL AFFINITY TARGETING TO W25-54 HOME ENTHUSIASTS MOB/TAB APP_Run of Network_Behavioral_F25-54_1280 x 720_Standard_NV_NA,205941321,10/14/2017,102269,766,101503,98707,2796,175,2621,1407,1214,98882,53082,54489
TJN_HOM_030_HomeGoods 2H Digital_F18,NinthDecimal,PJQ7NF_TJN_HOM_030_Mobile_NINTHDECIMAL_DST_SV1_MAP_DIR_RCH_TRG_RON_BTG_DMA_DVY_CONSUMER JOURNEY: HOME FURNISHINGS SHOPPERS_Run of Network_Behavioral_F25-54_320 x 50_Click and View_NV_NA,204626291,9/22/2017,10381,267,10114,3296,6818,22,6796,6690,106,3318,3266,9956
TJN_HOM_030_HomeGoods 2H Digital_F18,xAd Inc.,PJQ7MP_TJN_HOM_030_Mobile_GROUND TRUTH FKA XAD_DST_SV1_MAP_DIR_DSP_TRG_RON_MKT_DMA_DVY_LOCATION - HOMEGOODS SHOPPERS - DYNAMIC DISTANCE_Run of Network_Geo_F25-54_300 x 250_Click and View_NV_NA,204647878,10/7/2017,10155,881,9274,9266,8,0,8,8,0,9266,9266,9274
TJN_HOM_030_HomeGoods 2H Digital_F18,NinthDecimal,PJQ7N9_TJN_HOM_030_Mobile_NINTHDECIMAL_DST_SV1_MAP_DIR_RCH_TRG_RON_BTG_PXT_DVY_LOCATION GRAPH: TJX FAMILY LOYALISTS_Run of Network_Behavioral_F25-54_320 x 50_Click and View_NV_NA,204647917,10/1/2017,18394,427,17967,10558,7409,85,7324,6936,388,10643,10079,17015
TJN_HOM_030_HomeGoods 2H Digital_F18,NinthDecimal,PJQ7N9_TJN_HOM_030_Mobile_NINTHDECIMAL_DST_SV1_MAP_DIR_RCH_TRG_RON_BTG_PXT_DVY_LOCATION GRAPH: TJX FAMILY LOYALISTS_Run of Network_Behavioral_F25-54_320 x 50_Click and View_NV_NA,204647917,9/23/2017,4818,116,4702,1952,2750,8,2742,2680,62,1960,1916,4596
TJN_HOM_030_HomeGoods 2H Digital_F18,NinthDecimal,PJQ7NF_TJN_HOM_030_Mobile_NINTHDECIMAL_DST_SV1_MAP_DIR_RCH_TRG_RON_BTG_DMA_DVY_CONSUMER JOURNEY: HOME FURNISHINGS SHOPPERS_Run of Network_Behavioral_F25-54_320 x 50_Click and View_NV_NA,204626291,9/24/2017,9671,218,9453,2478,6975,18,6957,6813,144,2496,2444,9257
TJN_HOM_030_HomeGoods 2H Digital_F18,NinthDecimal,PJQ7N6_TJN_HOM_030_Mobile_NINTHDECIMAL_DST_SV1_MAP_DIR_RCH_TRG_RON_PXT_DMA_DVY_GEOFENCE: 5-10-MILE RADIUS AROUND SUBURBAN STORES_Run of Network_Geo_F25-54_320 x 50_Click and View_NV_NA,204646507,9/6/2017,5927,156,5771,2527,3244,14,3230,3171,59,2541,2495,5666
TJN_HOM_025_HomeGoods Digital Video_Q4FY18,Tremor Video Inc.,PK6F30_TJN_HOM_025_OLV_TREMOR NETWORK_AWR_BS1_CTV_DIR_VID_TRG_RON_PXT_CTG_DVY_ALL SCREEN PREROLL + PROXIMITYPLUS DWELL TIME TARGETING TO HOMEGOODS VISITORS CTV_Run of Network_Behavioral_F25-54_1280 x 720_Standard_NV_NA,205942131,10/3/2017,7484,7,7477,7477,0,0,0,0,0,7477,0,0
TJN_HOM_030_HomeGoods 2H Digital_F18,NinthDecimal,PJQ7N9_TJN_HOM_030_Mobile_NINTHDECIMAL_DST_SV1_MAP_DIR_RCH_TRG_RON_BTG_PXT_DVY_LOCATION GRAPH: TJX FAMILY LOYALISTS_Run of Network_Behavioral_F25-54_320 x 50_Click and View_NV_NA,204647917,10/2/2017,12729,315,12414,7435,4979,48,4931,4681,250,7483,7104,11785
TJN_HOM_030_HomeGoods 2H Digital_F18,NinthDecimal,PJQ7NG_TJN_HOM_030_Mobile_NINTHDECIMAL_DST_SV1_MAP_DIR_RCH_TRG_RON_BTG_DMA_DVY_CONSUMER JOURNEY: NEW HOME BUYERS & MOVERS_Run of Network_Behavioral_F25-54_320 x 50_Click and View_NV_NA,204625835,10/15/2017,8824,115,8709,4256,4453,45,4408,4251,157,4301,4148,8399
TJN_HOM_030_HomeGoods 2H Digital_F18,xAd Inc.,PJQ7MP_TJN_HOM_030_Mobile_GROUND TRUTH FKA XAD_DST_SV1_MAP_DIR_DSP_TRG_RON_MKT_DMA_DVY_LOCATION - HOMEGOODS SHOPPERS - DYNAMIC DISTANCE_Run of Network_Geo_F25-54_300 x 250_Click and View_NV_NA,204647878,9/8/2017,6152,107,6045,6033,12,0,12,11,1,6033,5530,5541
TJN_HOM_030_HomeGoods 2H Digital_F18,xAd Inc.,PJQ7ML_TJN_HOM_030_Mobile_GROUND TRUTH FKA XAD_DST_SV1_MAP_DIR_DSP_TRG_RON_BTG_DMA_DVY_BEHAVIORAL - HOME SHOPPER - DYNAMIC DISTANCE_Run of Network_Behavioral_F25-54_320 x 50_Click and View_NV_NA,204626174,9/10/2017,18122,267,17855,9890,7965,3118,4847,4140,707,13008,10729,14869
TJN_HOM_030_HomeGoods 2H Digital_F18,NinthDecimal,PJQ7NC_TJN_HOM_030_Mobile_NINTHDECIMAL_DST_SV1_MAP_DIR_RCH_TRG_RON_BTG_DMA_DVY_CONSUMER JOURNEY: DIYERS_Run of Network_Behavioral_F25-54_320 x 50_Click and View_NV_NA,204675009,9/18/2017,10458,252,10206,3778,6428,34,6394,6170,224,3812,3678,9848
TJN_HOM_030_HomeGoods 2H Digital_F18,NinthDecimal,PJQ7N5_TJN_HOM_030_Mobile_NINTHDECIMAL_DST_SV1_MAP_DIR_RCH_TRG_RON_PXT_DMA_DVY_GEOFENCE: 2-MILE RADIUS AROUND URBAN STORES_Run of Network_Geo_F25-54_320 x 50_Click and View_NV_NA,204649945,10/9/2017,7752,188,7564,4559,3005,39,2966,2872,94,4598,4452,7324
TJN_HOM_030_HomeGoods 2H Digital_F18,xAd Inc.,PJQ7MG_TJN_HOM_030_Mobile_GROUND TRUTH FKA XAD_DST_SV1_MAP_DIR_DSP_TRG_RON_PXT_BTG_DVY_PROXIMITY LOYALTY - DYNAMIC DISTANCE_Run of Network_Geo_F25-54_320 x 50_Click and View_NV_NA,204626813,10/9/2017,57374,1533,55841,51061,4780,481,4299,3879,420,51542,45112,48991
TJN_HOM_030_HomeGoods 2H Digital_F18,NinthDecimal,PJQ7N9_TJN_HOM_030_Mobile_NINTHDECIMAL_DST_SV1_MAP_DIR_RCH_TRG_RON_BTG_PXT_DVY_LOCATION GRAPH: TJX FAMILY LOYALISTS_Run of Network_Behavioral_F25-54_320 x 50_Click and View_NV_NA,204647917,9/11/2017,2024,35,1989,1049,940,6,934,889,45,1055,1004,1893
TJN_HOM_030_HomeGoods 2H Digital_F18,NinthDecimal,PJQ7N7_TJN_HOM_030_Mobile_NINTHDECIMAL_DST_SV1_MAP_DIR_RCH_TRG_RON_PXT_DMA_DVY_GEOFENCE: 15-20-MILE RADIUS AROUND RURAL STORES_Run of Network_Geo_F25-54_320 x 50_Click and View_NV_NA,204674556,10/4/2017,7124,126,6998,4714,2284,16,2268,2195,73,4730,4578,6773
TJN_HOM_030_HomeGoods 2H Digital_F18,NinthDecimal,PJQ7NB_TJN_HOM_030_Mobile_NINTHDECIMAL_DST_SV1_MAP_DIR_RCH_TRG_RON_BTG_PXT_DVY_LOCATION GRAPH: COMPETITIVE CONQUESTING_Run of Network_Behavioral_F25-54_320 x 50_Click and View_NV_NA,204649942,9/12/2017,29478,506,28972,16394,12578,75,12503,12134,369,16469,15983,28117
TJN_HOM_030_HomeGoods 2H Digital_F18,xAd Inc.,PJQ7MJ_TJN_HOM_030_Mobile_GROUND TRUTH FKA XAD_DST_SV1_MAP_DIR_DSP_TRG_RON_PXT_BTG_DVY_PROXIMITY LOYALTY - STORE LOCATOR UNIT_Run of Network_Geo_F25-54_320 x 50_Click and View_NV_NA,204649939,9/20/2017,20947,545,20402,11256,9146,138,9008,8053,955,11394,10186,18239
TJN_HOM_030_HomeGoods 2H Digital_F18,NinthDecimal,PJQ7NG_TJN_HOM_030_Mobile_NINTHDECIMAL_DST_SV1_MAP_DIR_RCH_TRG_RON_BTG_DMA_DVY_CONSUMER JOURNEY: NEW HOME BUYERS & MOVERS_Run of Network_Behavioral_F25-54_320 x 50_Click and View_NV_NA,204625835,9/25/2017,8406,128,8278,2938,5340,34,5306,5159,147,2972,2890,8049
TJN_HOM_030_HomeGoods 2H Digital_F18,NinthDecimal,PJQ7N5_TJN_HOM_030_Mobile_NINTHDECIMAL_DST_SV1_MAP_DIR_RCH_TRG_RON_PXT_DMA_DVY_GEOFENCE: 2-MILE RADIUS AROUND URBAN STORES_Run of Network_Geo_F25-54_320 x 50_Click and View_NV_NA,204649945,9/26/2017,9458,368,9090,4241,4849,29,4820,4677,143,4270,4143,8820
TJN_HOM_025_HomeGoods Digital Video_Q4FY18,Tremor Video Inc.,PK6DY1_TJN_HOM_025_OLV_TREMOR NETWORK_AWR_BS1_CTV_DIR_VID_TRG_RON_BTG_CTG_DVY_ALL SCREEN PREROLL + SOCIAL AFFINITY TARGETING TO W25-54 HOME ENTHUSIASTS CTV_Run of Network_Behavioral_F25-54_1280 x 720_Standard_NV_NA,205941318,10/18/2017,32041,1,32040,32040,0,0,0,0,0,32040,27622,27622
TJN_HOM_030_HomeGoods 2H Digital_F18,xAd Inc.,PJQ7MG_TJN_HOM_030_Mobile_GROUND TRUTH FKA XAD_DST_SV1_MAP_DIR_DSP_TRG_RON_PXT_BTG_DVY_PROXIMITY LOYALTY - DYNAMIC DISTANCE_Run of Network_Geo_F25-54_320 x 50_Click and View_NV_NA,204626813,9/26/2017,31114,666,30448,24099,6349,886,5463,3981,1482,24985,15421,19402
TJN_HOM_030_HomeGoods 2H Digital_F18,NinthDecimal,"PJQ7NK_TJN_HOM_030_Mobile_NINTHDECIMAL_DST_SV1_MAP_DIR_RCH_TRG_RON_BTG_DMA_DVY_TV TARGETING: HGTV, DIY NETWORK, BRAVO, TLC, FOOD NETWORK_Run of Network_Behavioral_F25-54_320 x 50_Click and View_NV_NA",204674553,10/10/2017,8105,48,8057,4478,3579,39,3540,3411,129,4517,4352,7763
TJN_HOM_030_HomeGoods 2H Digital_F18,NinthDecimal,PJQ7NH_TJN_HOM_030_Mobile_NINTHDECIMAL_DST_SV1_MAP_DIR_RCH_TRG_RON_BTG_DMA_DVY_CONSUMER JOURNEY: PET SUPPLY SHOPPERS_Run of Network_Behavioral_F25-54_320 x 50_Click and View_NV_NA,204647914,10/18/2017,8706,125,8581,4382,4199,28,4171,4021,150,4410,4251,8272
TJN_HOM_030_HomeGoods 2H Digital_F18,NinthDecimal,PJQ7NF_TJN_HOM_030_Mobile_NINTHDECIMAL_DST_SV1_MAP_DIR_RCH_TRG_RON_BTG_DMA_DVY_CONSUMER JOURNEY: HOME FURNISHINGS SHOPPERS_Run of Network_Behavioral_F25-54_320 x 50_Click and View_NV_NA,204626291,10/16/2017,9692,172,9520,5961,3559,18,3541,3433,108,5979,5797,9230
TJN_HOM_030_HomeGoods 2H Digital_F18,NinthDecimal,PJQ7N8_TJN_HOM_030_Mobile_NINTHDECIMAL_DST_SV1_MAP_DIR_RCH_TRG_RON_BTG_PXT_DVY_LOCATION GRAPH: HOMEGOODS LOYALISTS_Run of Network_Behavioral_F25-54_320 x 50_Click and View_NV_NA,204675012,9/15/2017,3110,43,3067,1040,2027,17,2010,1934,76,1057,1017,2951
TJN_HOM_030_HomeGoods 2H Digital_F18,NinthDecimal,PJQ7N9_TJN_HOM_030_Mobile_NINTHDECIMAL_DST_SV1_MAP_DIR_RCH_TRG_RON_BTG_PXT_DVY_LOCATION GRAPH: TJX FAMILY LOYALISTS_Run of Network_Behavioral_F25-54_320 x 50_Click and View_NV_NA,204647917,10/19/2017,13200,238,12962,5264,7698,50,7648,7409,239,5314,5148,12557
TJN_HOM_025_HomeGoods Digital Video_Q4FY18,Tremor Video Inc.,PK6F30_TJN_HOM_025_OLV_TREMOR NETWORK_AWR_BS1_CTV_DIR_VID_TRG_RON_PXT_CTG_DVY_ALL SCREEN PREROLL + PROXIMITYPLUS DWELL TIME TARGETING TO HOMEGOODS VISITORS CTV_Run of Network_Behavioral_F25-54_1280 x 720_Standard_NV_NA,205942131,10/9/2017,730,0,730,730,0,0,0,0,0,730,0,0
TJN_HOM_025_HomeGoods Digital Video_Q4FY18,Tremor Video Inc.,PK1FYM_TJN_HOM_025_OLV_TREMOR NETWORK_AWR_BS1_DSK_DIR_VID_TRG_RON_BTG_CTG_DVY_ALL SCREEN PREROLL + SOCIAL AFFINITY TARGETING TO W25-54 HOME ENTHUSIASTS DESKTOP_Run of Network_Behavioral_F25-54_1280 x 720_Standard_NV_NA,205941870,10/18/2017,70277,136,70141,20696,49445,1505,47940,41127,6813,22201,19046,60173
TJN_HOM_030_HomeGoods 2H Digital_F18,NinthDecimal,PJQ7ND_TJN_HOM_030_Mobile_NINTHDECIMAL_DST_SV1_MAP_DIR_RCH_TRG_RON_BTG_DMA_DVY_CONSUMER JOURNEY: HOUSEHOLD CEO_Run of Network_Behavioral_F25-54_320 x 50_Click and View_NV_NA,204626294,10/10/2017,9218,90,9128,5787,3341,32,3309,3202,107,5819,5631,8833
TJN_HOM_030_HomeGoods 2H Digital_F18,xAd Inc.,PJQ7MQ_TJN_HOM_030_Mobile_GROUND TRUTH FKA XAD_DST_SV1_MAP_DIR_DSP_TRG_RON_MKT_DMA_DVY_LOCATION - COMPETITOR SHOPPERS - DYNAMIC DISTANCE_Run of Network_Geo_F25-54_320 x 50_Click and View_NV_NA,204617210,10/18/2017,9087,97,8990,7380,1610,86,1524,1269,255,7466,6208,7477
TJN_HOM_030_HomeGoods 2H Digital_F18,xAd Inc.,PJQ7MK_TJN_HOM_030_Mobile_GROUND TRUTH FKA XAD_DST_SV1_MAP_DIR_DSP_TRG_RON_PXT_BTG_DVY_PROXIMITY LOYALTY - STORE LOCATOR UNIT_Run of Network_Geo_F25-54_300 x 250_Click and View_NV_NA,204625442,9/17/2017,2016,39,1977,188,1789,56,1733,1232,501,244,173,1405
TJN_HOM_025_HomeGoods Digital Video_Q4FY18,Tremor Video Inc.,PK6DWD_TJN_HOM_025_OLV_TREMOR NETWORK_AWR_BS1_MAP_DIR_VID_TRG_RON_BTG_CTG_DVY_ALL SCREEN PREROLL + SOCIAL AFFINITY TARGETING TO W25-54 HOME ENTHUSIASTS MOB/TAB APP_Run of Network_Behavioral_F25-54_1280 x 720_Standard_NV_NA,205941321,10/20/2017,202070,2324,199746,199505,241,164,77,34,43,199669,88166,88200
TJN_HOM_030_HomeGoods 2H Digital_F18,xAd Inc.,PJQ7ML_TJN_HOM_030_Mobile_GROUND TRUTH FKA XAD_DST_SV1_MAP_DIR_DSP_TRG_RON_BTG_DMA_DVY_BEHAVIORAL - HOME SHOPPER - DYNAMIC DISTANCE_Run of Network_Behavioral_F25-54_320 x 50_Click and View_NV_NA,204626174,10/5/2017,1,0,1,1,0,0,0,0,0,1,1,1
TJN_HOM_030_HomeGoods 2H Digital_F18,xAd Inc.,PJQ7MN_TJN_HOM_030_Mobile_GROUND TRUTH FKA XAD_DST_SV1_MAP_DIR_DSP_TRG_RON_MKT_DMA_DVY_LOCATION - HOMEGOODS SHOPPERS - DYNAMIC DISTANCE_Run of Network_Geo_F25-54_320 x 50_Click and View_NV_NA,204651439,10/12/2017,7234,82,7152,5493,1659,111,1548,1434,114,5604,5110,6544
TJN_HOM_030_HomeGoods 2H Digital_F18,NinthDecimal,PJQ7N7_TJN_HOM_030_Mobile_NINTHDECIMAL_DST_SV1_MAP_DIR_RCH_TRG_RON_PXT_DMA_DVY_GEOFENCE: 15-20-MILE RADIUS AROUND RURAL STORES_Run of Network_Geo_F25-54_320 x 50_Click and View_NV_NA,204674556,10/21/2017,9441,144,9297,5880,3417,115,3302,3211,91,5995,5830,9041
TJN_HOM_030_HomeGoods 2H Digital_F18,xAd Inc.,PJQ7MR_TJN_HOM_030_Mobile_GROUND TRUTH FKA XAD_DST_SV1_MAP_DIR_DSP_TRG_RON_MKT_DMA_DVY_LOCATION - COMPETITOR SHOPPERS - DYNAMIC DISTANCE_Run of Network_Geo_F25-54_300 x 250_Click and View_NV_NA,204647890,10/15/2017,8449,198,8251,8251,0,0,0,0,0,8251,0,0
TJN_HOM_030_HomeGoods 2H Digital_F18,NinthDecimal,PJQ7N7_TJN_HOM_030_Mobile_NINTHDECIMAL_DST_SV1_MAP_DIR_RCH_TRG_RON_PXT_DMA_DVY_GEOFENCE: 15-20-MILE RADIUS AROUND RURAL STORES_Run of Network_Geo_F25-54_320 x 50_Click and View_NV_NA,204674556,9/9/2017,7199,139,7060,3662,3398,19,3379,3308,71,3681,3604,6912
TJN_HOM_030_HomeGoods 2H Digital_F18,xAd Inc.,PJQ7MH_TJN_HOM_030_Mobile_GROUND TRUTH FKA XAD_DST_SV1_MAP_DIR_DSP_TRG_RON_PXT_BTG_DVY_PROXIMITY LOYALTY - DYNAMIC DISTANCE_Run of Network_Geo_F25-54_300 x 250_Click and View_NV_NA,204675003,9/24/2017,16253,2420,13833,13810,23,9,14,8,6,13819,7897,7905
TJN_HOM_030_HomeGoods 2H Digital_F18,NinthDecimal,PJQ7N5_TJN_HOM_030_Mobile_NINTHDECIMAL_DST_SV1_MAP_DIR_RCH_TRG_RON_PXT_DMA_DVY_GEOFENCE: 2-MILE RADIUS AROUND URBAN STORES_Run of Network_Geo_F25-54_320 x 50_Click and View_NV_NA,204649945,9/11/2017,15953,332,15621,7677,7944,51,7893,7655,238,7728,7495,15150
TJN_HOM_030_HomeGoods 2H Digital_F18,xAd Inc.,PJQ7MG_TJN_HOM_030_Mobile_GROUND TRUTH FKA XAD_DST_SV1_MAP_DIR_DSP_TRG_RON_PXT_BTG_DVY_PROXIMITY LOYALTY - DYNAMIC DISTANCE_Run of Network_Geo_F25-54_320 x 50_Click and View_NV_NA,204626813,9/11/2017,34353,607,33746,24819,8927,1347,7580,6261,1319,26166,12915,19176
TJN_HOM_025_HomeGoods Digital Video_Q4FY18,Tremor Video Inc.,PK6F30_TJN_HOM_025_OLV_TREMOR NETWORK_AWR_BS1_CTV_DIR_VID_TRG_RON_PXT_CTG_DVY_ALL SCREEN PREROLL + PROXIMITYPLUS DWELL TIME TARGETING TO HOMEGOODS VISITORS CTV_Run of Network_Behavioral_F25-54_1280 x 720_Standard_NV_NA,205942131,10/19/2017,4592,0,4592,4592,0,0,0,0,0,4592,0,0
TJN_HOM_030_HomeGoods 2H Digital_F18,NinthDecimal,PJQ7N9_TJN_HOM_030_Mobile_NINTHDECIMAL_DST_SV1_MAP_DIR_RCH_TRG_RON_BTG_PXT_DVY_LOCATION GRAPH: TJX FAMILY LOYALISTS_Run of Network_Behavioral_F25-54_320 x 50_Click and View_NV_NA,204647917,10/9/2017,13438,220,13218,6591,6627,43,6584,6360,224,6634,6408,12768
TJN_HOM_030_HomeGoods 2H Digital_F18,xAd Inc.,PJQ7MH_TJN_HOM_030_Mobile_GROUND TRUTH FKA XAD_DST_SV1_MAP_DIR_DSP_TRG_RON_PXT_BTG_DVY_PROXIMITY LOYALTY - DYNAMIC DISTANCE_Run of Network_Geo_F25-54_300 x 250_Click and View_NV_NA,204675003,9/22/2017,14776,1137,13639,13622,17,1,16,5,11,13623,4257,4262
TJN_HOM_030_HomeGoods 2H Digital_F18,NinthDecimal,PJQ7NF_TJN_HOM_030_Mobile_NINTHDECIMAL_DST_SV1_MAP_DIR_RCH_TRG_RON_BTG_DMA_DVY_CONSUMER JOURNEY: HOME FURNISHINGS SHOPPERS_Run of Network_Behavioral_F25-54_320 x 50_Click and View_NV_NA,204626291,9/30/2017,23216,384,22832,8794,14038,47,13991,13640,351,8841,8619,22259
TJN_HOM_030_HomeGoods 2H Digital_F18,xAd Inc.,PJQ7MK_TJN_HOM_030_Mobile_GROUND TRUTH FKA XAD_DST_SV1_MAP_DIR_DSP_TRG_RON_PXT_BTG_DVY_PROXIMITY LOYALTY - STORE LOCATOR UNIT_Run of Network_Geo_F25-54_300 x 250_Click and View_NV_NA,204625442,9/6/2017,639,9,630,85,545,9,536,517,19,94,91,608
TJN_HOM_030_HomeGoods 2H Digital_F18,xAd Inc.,PJQ7ML_TJN_HOM_030_Mobile_GROUND TRUTH FKA XAD_DST_SV1_MAP_DIR_DSP_TRG_RON_BTG_DMA_DVY_BEHAVIORAL - HOME SHOPPER - DYNAMIC DISTANCE_Run of Network_Behavioral_F25-54_320 x 50_Click and View_NV_NA,204626174,10/17/2017,6511,65,6446,4722,1724,51,1673,1313,360,4773,3651,4964
TJN_HOM_030_HomeGoods 2H Digital_F18,xAd Inc.,PJQ7MN_TJN_HOM_030_Mobile_GROUND TRUTH FKA XAD_DST_SV1_MAP_DIR_DSP_TRG_RON_MKT_DMA_DVY_LOCATION - HOMEGOODS SHOPPERS - DYNAMIC DISTANCE_Run of Network_Geo_F25-54_320 x 50_Click and View_NV_NA,204651439,9/4/2017,3,0,3,0,3,0,3,3,0,0,0,3
TJN_HOM_030_HomeGoods 2H Digital_F18,xAd Inc.,PJQ7MG_TJN_HOM_030_Mobile_GROUND TRUTH FKA XAD_DST_SV1_MAP_DIR_DSP_TRG_RON_PXT_BTG_DVY_PROXIMITY LOYALTY - DYNAMIC DISTANCE_Run of Network_Geo_F25-54_320 x 50_Click and View_NV_NA,204626813,10/19/2017,56488,1037,55451,53403,2048,165,1883,1672,211,53568,43324,44996
TJN_HOM_030_HomeGoods 2H Digital_F18,xAd Inc.,PJQ7MM_TJN_HOM_030_Mobile_GROUND TRUTH FKA XAD_DST_SV1_MAP_DIR_DSP_TRG_RON_BTG_DMA_DVY_BEHAVIORAL - HOME SHOPPER- DYNAMIC DISTANCE_Run of Network_Behavioral_F25-54_300 x 250_Click and View_NV_NA,204626171,9/12/2017,5841,196,5645,5642,3,0,3,0,3,5642,0,0
TJN_HOM_030_HomeGoods 2H Digital_F18,NinthDecimal,PJQ7N5_TJN_HOM_030_Mobile_NINTHDECIMAL_DST_SV1_MAP_DIR_RCH_TRG_RON_PXT_DMA_DVY_GEOFENCE: 2-MILE RADIUS AROUND URBAN STORES_Run of Network_Geo_F25-54_320 x 50_Click and View_NV_NA,204649945,10/19/2017,7314,231,7083,3508,3575,38,3537,3443,94,3546,3452,6895
TJN_HOM_030_HomeGoods 2H Digital_F18,NinthDecimal,PJQ7NJ_TJN_HOM_030_Mobile_NINTHDECIMAL_DST_SV1_MAP_DIR_RCH_TRG_RON_BTG_DMA_DVY_CONSUMER JOURNEY: BARGAIN HUNTERS_Run of Network_Behavioral_F25-54_320 x 50_Click and View_NV_NA,204644353,10/10/2017,8611,68,8543,4619,3924,28,3896,3762,134,4647,4487,8249
TJN_HOM_030_HomeGoods 2H Digital_F18,NinthDecimal,PJQ7N9_TJN_HOM_030_Mobile_NINTHDECIMAL_DST_SV1_MAP_DIR_RCH_TRG_RON_BTG_PXT_DVY_LOCATION GRAPH: TJX FAMILY LOYALISTS_Run of Network_Behavioral_F25-54_320 x 50_Click and View_NV_NA,204647917,9/26/2017,4415,93,4322,1527,2795,10,2785,2684,101,1537,1481,4165
TJN_HOM_030_HomeGoods 2H Digital_F18,xAd Inc.,PJQ7MP_TJN_HOM_030_Mobile_GROUND TRUTH FKA XAD_DST_SV1_MAP_DIR_DSP_TRG_RON_MKT_DMA_DVY_LOCATION - HOMEGOODS SHOPPERS - DYNAMIC DISTANCE_Run of Network_Geo_F25-54_300 x 250_Click and View_NV_NA,204647878,10/8/2017,7619,333,7286,7286,0,0,0,0,0,7286,7286,7286
TJN_HOM_025_HomeGoods Digital Video_Q4FY18,Tremor Video Inc.,PK1FYM_TJN_HOM_025_OLV_TREMOR NETWORK_AWR_BS1_DSK_DIR_VID_TRG_RON_BTG_CTG_DVY_ALL SCREEN PREROLL + SOCIAL AFFINITY TARGETING TO W25-54 HOME ENTHUSIASTS DESKTOP_Run of Network_Behavioral_F25-54_1280 x 720_Standard_NV_NA,205941870,10/2/2017,238438,290,238148,75632,162516,1983,160533,34824,125709,77615,16837,51661
TJN_HOM_030_HomeGoods 2H Digital_F18,xAd Inc.,PJQ7MQ_TJN_HOM_030_Mobile_GROUND TRUTH FKA XAD_DST_SV1_MAP_DIR_DSP_TRG_RON_MKT_DMA_DVY_LOCATION - COMPETITOR SHOPPERS - DYNAMIC DISTANCE_Run of Network_Geo_F25-54_320 x 50_Click and View_NV_NA,204617210,10/2/2017,3,0,3,2,1,1,0,0,0,3,2,2
TJN_HOM_030_HomeGoods 2H Digital_F18,NinthDecimal,PJQ7NC_TJN_HOM_030_Mobile_NINTHDECIMAL_DST_SV1_MAP_DIR_RCH_TRG_RON_BTG_DMA_DVY_CONSUMER JOURNEY: DIYERS_Run of Network_Behavioral_F25-54_320 x 50_Click and View_NV_NA,204675009,10/5/2017,7472,164,7308,3880,3428,33,3395,3268,127,3913,3767,7035
TJN_HOM_030_HomeGoods 2H Digital_F18,xAd Inc.,PJQ7MQ_TJN_HOM_030_Mobile_GROUND TRUTH FKA XAD_DST_SV1_MAP_DIR_DSP_TRG_RON_MKT_DMA_DVY_LOCATION - COMPETITOR SHOPPERS - DYNAMIC DISTANCE_Run of Network_Geo_F25-54_320 x 50_Click and View_NV_NA,204617210,9/23/2017,13648,209,13439,10662,2777,591,2186,2054,132,11253,9589,11643
TJN_HOM_025_HomeGoods Digital Video_Q4FY18,Tremor Video Inc.,PK6DY1_TJN_HOM_025_OLV_TREMOR NETWORK_AWR_BS1_CTV_DIR_VID_TRG_RON_BTG_CTG_DVY_ALL SCREEN PREROLL + SOCIAL AFFINITY TARGETING TO W25-54 HOME ENTHUSIASTS CTV_Run of Network_Behavioral_F25-54_1280 x 720_Standard_NV_NA,205941318,10/1/2017,5470,6,5464,5464,0,0,0,0,0,5464,1248,1248
TJN_HOM_030_HomeGoods 2H Digital_F18,Nativo Inc.,PJQDHJ_TJN_HOM_030_Content_NATIVO FKA POST RLSE_DSI_BS2_MWB_DIR_NAD_ROT_RON_CTG_BTG_DVY_NATIVE DISPLAY UNIT FALLIDAYS_Run of Network_Contextual_F25-54_1 x 1_Click and View_NV_NA,206024352,10/6/2017,539251,28145,511106,2891,508215,36923,471292,161343,309949,39814,13630,174973
TJN_HOM_030_HomeGoods 2H Digital_F18,NinthDecimal,PJQ7NH_TJN_HOM_030_Mobile_NINTHDECIMAL_DST_SV1_MAP_DIR_RCH_TRG_RON_BTG_DMA_DVY_CONSUMER JOURNEY: PET SUPPLY SHOPPERS_Run of Network_Behavioral_F25-54_320 x 50_Click and View_NV_NA,204647914,10/2/2017,6522,156,6366,3023,3343,15,3328,3246,82,3038,2963,6209
TJN_HOM_030_HomeGoods 2H Digital_F18,NinthDecimal,PJQ7NH_TJN_HOM_030_Mobile_NINTHDECIMAL_DST_SV1_MAP_DIR_RCH_TRG_RON_BTG_DMA_DVY_CONSUMER JOURNEY: PET SUPPLY SHOPPERS_Run of Network_Behavioral_F25-54_320 x 50_Click and View_NV_NA,204647914,9/23/2017,7552,107,7445,2451,4994,32,4962,4790,172,2483,2397,7187
TJN_HOM_030_HomeGoods 2H Digital_F18,NinthDecimal,PJQ7N8_TJN_HOM_030_Mobile_NINTHDECIMAL_DST_SV1_MAP_DIR_RCH_TRG_RON_BTG_PXT_DVY_LOCATION GRAPH: HOMEGOODS LOYALISTS_Run of Network_Behavioral_F25-54_320 x 50_Click and View_NV_NA,204675012,10/7/2017,12436,169,12267,4727,7540,46,7494,7189,305,4773,4579,11768
TJN_HOM_030_HomeGoods 2H Digital_F18,NinthDecimal,PJQ7N8_TJN_HOM_030_Mobile_NINTHDECIMAL_DST_SV1_MAP_DIR_RCH_TRG_RON_BTG_PXT_DVY_LOCATION GRAPH: HOMEGOODS LOYALISTS_Run of Network_Behavioral_F25-54_320 x 50_Click and View_NV_NA,204675012,9/8/2017,159,3,156,87,69,0,69,68,1,87,86,154
TJN_HOM_025_HomeGoods Digital Video_Q4FY18,Tremor Video Inc.,PK6DY1_TJN_HOM_025_OLV_TREMOR NETWORK_AWR_BS1_CTV_DIR_VID_TRG_RON_BTG_CTG_DVY_ALL SCREEN PREROLL + SOCIAL AFFINITY TARGETING TO W25-54 HOME ENTHUSIASTS CTV_Run of Network_Behavioral_F25-54_1280 x 720_Standard_NV_NA,205941318,10/2/2017,5228,7,5221,5221,0,0,0,0,0,5221,1590,1590
TJN_HOM_030_HomeGoods 2H Digital_F18,NinthDecimal,PJQ7NH_TJN_HOM_030_Mobile_NINTHDECIMAL_DST_SV1_MAP_DIR_RCH_TRG_RON_BTG_DMA_DVY_CONSUMER JOURNEY: PET SUPPLY SHOPPERS_Run of Network_Behavioral_F25-54_320 x 50_Click and View_NV_NA,204647914,10/1/2017,6598,132,6466,2855,3611,7,3604,3477,127,2862,2761,6238
TJN_HOM_030_HomeGoods 2H Digital_F18,xAd Inc.,PJQ7MJ_TJN_HOM_030_Mobile_GROUND TRUTH FKA XAD_DST_SV1_MAP_DIR_DSP_TRG_RON_PXT_BTG_DVY_PROXIMITY LOYALTY - STORE LOCATOR UNIT_Run of Network_Geo_F25-54_320 x 50_Click and View_NV_NA,204649939,9/26/2017,141338,3144,138194,88388,49806,1121,48685,45233,3452,89509,83162,128395
TJN_HOM_030_HomeGoods 2H Digital_F18,Nativo Inc.,PJQDHJ_TJN_HOM_030_Content_NATIVO FKA POST RLSE_DSI_BS2_MWB_DIR_NAD_ROT_RON_CTG_BTG_DVY_NATIVE DISPLAY UNIT FALLIDAYS_Run of Network_Contextual_F25-54_1 x 1_Click and View_NV_NA,206024352,10/11/2017,542890,26281,516609,1965,514644,29741,484903,175918,308985,31706,11503,187421
TJN_HOM_030_HomeGoods 2H Digital_F18,NinthDecimal,"PJQ7NK_TJN_HOM_030_Mobile_NINTHDECIMAL_DST_SV1_MAP_DIR_RCH_TRG_RON_BTG_DMA_DVY_TV TARGETING: HGTV, DIY NETWORK, BRAVO, TLC, FOOD NETWORK_Run of Network_Behavioral_F25-54_320 x 50_Click and View_NV_NA",204674553,9/16/2017,6741,165,6576,2041,4535,31,4504,4317,187,2072,1986,6303
TJN_HOM_025_HomeGoods Digital Video_Q4FY18,Tremor Video Inc.,PK1FYM_TJN_HOM_025_OLV_TREMOR NETWORK_AWR_BS1_DSK_DIR_VID_TRG_RON_BTG_CTG_DVY_ALL SCREEN PREROLL + SOCIAL AFFINITY TARGETING TO W25-54 HOME ENTHUSIASTS DESKTOP_Run of Network_Behavioral_F25-54_1280 x 720_Standard_NV_NA,205941870,10/1/2017,237309,170,237139,85101,152038,1678,150360,23083,127277,86779,13322,36405
TJN_HOM_030_HomeGoods 2H Digital_F18,xAd Inc.,PJQ7MQ_TJN_HOM_030_Mobile_GROUND TRUTH FKA XAD_DST_SV1_MAP_DIR_DSP_TRG_RON_MKT_DMA_DVY_LOCATION - COMPETITOR SHOPPERS - DYNAMIC DISTANCE_Run of Network_Geo_F25-54_320 x 50_Click and View_NV_NA,204617210,10/1/2017,3,0,3,2,1,1,0,0,0,3,2,2
TJN_HOM_030_HomeGoods 2H Digital_F18,NinthDecimal,PJQ7ND_TJN_HOM_030_Mobile_NINTHDECIMAL_DST_SV1_MAP_DIR_RCH_TRG_RON_BTG_DMA_DVY_CONSUMER JOURNEY: HOUSEHOLD CEO_Run of Network_Behavioral_F25-54_320 x 50_Click and View_NV_NA,204626294,9/16/2017,10517,241,10276,2928,7348,27,7321,7163,158,2955,2891,10054
TJN_HOM_030_HomeGoods 2H Digital_F18,xAd Inc.,PJQ7MM_TJN_HOM_030_Mobile_GROUND TRUTH FKA XAD_DST_SV1_MAP_DIR_DSP_TRG_RON_BTG_DMA_DVY_BEHAVIORAL - HOME SHOPPER- DYNAMIC DISTANCE_Run of Network_Behavioral_F25-54_300 x 250_Click and View_NV_NA,204626171,9/27/2017,51411,19507,31904,31680,224,12,212,176,36,31692,26284,26460
TJN_HOM_030_HomeGoods 2H Digital_F18,xAd Inc.,PJQ7MG_TJN_HOM_030_Mobile_GROUND TRUTH FKA XAD_DST_SV1_MAP_DIR_DSP_TRG_RON_PXT_BTG_DVY_PROXIMITY LOYALTY - DYNAMIC DISTANCE_Run of Network_Geo_F25-54_320 x 50_Click and View_NV_NA,204626813,9/20/2017,37906,924,36982,23087,13895,4648,9247,7642,1605,27735,18280,25922
TJN_HOM_030_HomeGoods 2H Digital_F18,NinthDecimal,PJQ7ND_TJN_HOM_030_Mobile_NINTHDECIMAL_DST_SV1_MAP_DIR_RCH_TRG_RON_BTG_DMA_DVY_CONSUMER JOURNEY: HOUSEHOLD CEO_Run of Network_Behavioral_F25-54_320 x 50_Click and View_NV_NA,204626294,10/13/2017,9333,168,9165,4525,4640,27,4613,4453,160,4552,4394,8847
TJN_HOM_030_HomeGoods 2H Digital_F18,NinthDecimal,PJQ7ND_TJN_HOM_030_Mobile_NINTHDECIMAL_DST_SV1_MAP_DIR_RCH_TRG_RON_BTG_DMA_DVY_CONSUMER JOURNEY: HOUSEHOLD CEO_Run of Network_Behavioral_F25-54_320 x 50_Click and View_NV_NA,204626294,9/13/2017,12641,235,12406,2646,9760,51,9709,9519,190,2697,2644,12163
TJN_HOM_030_HomeGoods 2H Digital_F18,NinthDecimal,PJQ7NC_TJN_HOM_030_Mobile_NINTHDECIMAL_DST_SV1_MAP_DIR_RCH_TRG_RON_BTG_DMA_DVY_CONSUMER JOURNEY: DIYERS_Run of Network_Behavioral_F25-54_320 x 50_Click and View_NV_NA,204675009,10/17/2017,9402,170,9232,5050,4182,18,4164,4056,108,5068,4937,8993
TJN_HOM_030_HomeGoods 2H Digital_F18,xAd Inc.,PJQ7MK_TJN_HOM_030_Mobile_GROUND TRUTH FKA XAD_DST_SV1_MAP_DIR_DSP_TRG_RON_PXT_BTG_DVY_PROXIMITY LOYALTY - STORE LOCATOR UNIT_Run of Network_Geo_F25-54_300 x 250_Click and View_NV_NA,204625442,10/16/2017,2401,65,2336,22,2314,14,2300,2163,137,36,34,2197
TJN_HOM_030_HomeGoods 2H Digital_F18,NinthDecimal,"PJQ7NK_TJN_HOM_030_Mobile_NINTHDECIMAL_DST_SV1_MAP_DIR_RCH_TRG_RON_BTG_DMA_DVY_TV TARGETING: HGTV, DIY NETWORK, BRAVO, TLC, FOOD NETWORK_Run of Network_Behavioral_F25-54_320 x 50_Click and View_NV_NA",204674553,10/13/2017,8945,117,8828,4638,4190,56,4134,3934,200,4694,4467,8401
TJN_HOM_030_HomeGoods 2H Digital_F18,NinthDecimal,PJQ7N5_TJN_HOM_030_Mobile_NINTHDECIMAL_DST_SV1_MAP_DIR_RCH_TRG_RON_PXT_DMA_DVY_GEOFENCE: 2-MILE RADIUS AROUND URBAN STORES_Run of Network_Geo_F25-54_320 x 50_Click and View_NV_NA,204649945,9/20/2017,17127,517,16610,8094,8516,46,8470,8184,286,8140,7865,16049
TJN_HOM_030_HomeGoods 2H Digital_F18,NinthDecimal,PJQ7NF_TJN_HOM_030_Mobile_NINTHDECIMAL_DST_SV1_MAP_DIR_RCH_TRG_RON_BTG_DMA_DVY_CONSUMER JOURNEY: HOME FURNISHINGS SHOPPERS_Run of Network_Behavioral_F25-54_320 x 50_Click and View_NV_NA,204626291,9/17/2017,10228,238,9990,2479,7511,25,7486,7318,168,2504,2448,9766
TJN_HOM_030_HomeGoods 2H Digital_F18,NinthDecimal,"PJQ7NK_TJN_HOM_030_Mobile_NINTHDECIMAL_DST_SV1_MAP_DIR_RCH_TRG_RON_BTG_DMA_DVY_TV TARGETING: HGTV, DIY NETWORK, BRAVO, TLC, FOOD NETWORK_Run of Network_Behavioral_F25-54_320 x 50_Click and View_NV_NA",204674553,9/13/2017,9463,158,9305,1990,7315,40,7275,7062,213,2030,1971,9033
TJN_HOM_030_HomeGoods 2H Digital_F18,Nativo Inc.,PK87W8_TJN_HOM_030_Content_NATIVO FKA POST RLSE_DSI_BS2_MWB_DIR_NAD_ROT_RON_CTG_BTG_DVY_NATIVE DISPLAY UNIT FALL TRENDS_Run of Network_Contextual_F25-54_1 x 1_Click and View_NV_NA,206137761,10/12/2017,181962,7382,174580,1418,173162,11525,161637,56356,105281,12943,4513,60869
TJN_HOM_030_HomeGoods 2H Digital_F18,NinthDecimal,PJQ7ND_TJN_HOM_030_Mobile_NINTHDECIMAL_DST_SV1_MAP_DIR_RCH_TRG_RON_BTG_DMA_DVY_CONSUMER JOURNEY: HOUSEHOLD CEO_Run of Network_Behavioral_F25-54_320 x 50_Click and View_NV_NA,204626294,9/19/2017,8848,186,8662,2538,6124,34,6090,5956,134,2572,2515,8471
TJN_HOM_030_HomeGoods 2H Digital_F18,xAd Inc.,PJQ7MJ_TJN_HOM_030_Mobile_GROUND TRUTH FKA XAD_DST_SV1_MAP_DIR_DSP_TRG_RON_PXT_BTG_DVY_PROXIMITY LOYALTY - STORE LOCATOR UNIT_Run of Network_Geo_F25-54_320 x 50_Click and View_NV_NA,204649939,10/9/2017,16387,371,16016,7787,8229,90,8139,7537,602,7877,7294,14831
TJN_HOM_030_HomeGoods 2H Digital_F18,NinthDecimal,"PJQ7NK_TJN_HOM_030_Mobile_NINTHDECIMAL_DST_SV1_MAP_DIR_RCH_TRG_RON_BTG_DMA_DVY_TV TARGETING: HGTV, DIY NETWORK, BRAVO, TLC, FOOD NETWORK_Run of Network_Behavioral_F25-54_320 x 50_Click and View_NV_NA",204674553,9/19/2017,5353,100,5253,1496,3757,32,3725,3567,158,1528,1463,5030
TJN_HOM_030_HomeGoods 2H Digital_F18,xAd Inc.,PJQ7MS_TJN_HOM_030_Mobile_GROUND TRUTH FKA XAD_DST_SV1_MAP_DIR_DSP_TRG_RON_DMA_PXT_DVY_AV DMA TARGETING_Run of Network_Geo_F25-54_300 x 250_Click and View_NV_NA,204646501,9/16/2017,8121,111,8010,4241,3769,2281,1488,1162,326,6522,5093,6255
TJN_HOM_030_HomeGoods 2H Digital_F18,NinthDecimal,PJQ7NG_TJN_HOM_030_Mobile_NINTHDECIMAL_DST_SV1_MAP_DIR_RCH_TRG_RON_BTG_DMA_DVY_CONSUMER JOURNEY: NEW HOME BUYERS & MOVERS_Run of Network_Behavioral_F25-54_320 x 50_Click and View_NV_NA,204625835,9/7/2017,6382,116,6266,3276,2990,11,2979,2911,68,3287,3212,6123
TJN_HOM_030_HomeGoods 2H Digital_F18,xAd Inc.,PJQ7ML_TJN_HOM_030_Mobile_GROUND TRUTH FKA XAD_DST_SV1_MAP_DIR_DSP_TRG_RON_BTG_DMA_DVY_BEHAVIORAL - HOME SHOPPER - DYNAMIC DISTANCE_Run of Network_Behavioral_F25-54_320 x 50_Click and View_NV_NA,204626174,9/18/2017,15414,242,15172,8529,6643,2836,3807,3477,330,11365,10433,13910
TJN_HOM_030_HomeGoods 2H Digital_F18,xAd Inc.,PJQ7MK_TJN_HOM_030_Mobile_GROUND TRUTH FKA XAD_DST_SV1_MAP_DIR_DSP_TRG_RON_PXT_BTG_DVY_PROXIMITY LOYALTY - STORE LOCATOR UNIT_Run of Network_Geo_F25-54_300 x 250_Click and View_NV_NA,204625442,9/30/2017,3,1,2,2,0,0,0,0,0,2,2,2
TJN_HOM_030_HomeGoods 2H Digital_F18,NinthDecimal,PJQ7NJ_TJN_HOM_030_Mobile_NINTHDECIMAL_DST_SV1_MAP_DIR_RCH_TRG_RON_BTG_DMA_DVY_CONSUMER JOURNEY: BARGAIN HUNTERS_Run of Network_Behavioral_F25-54_320 x 50_Click and View_NV_NA,204644353,9/16/2017,9813,207,9606,3062,6544,43,6501,6327,174,3105,3022,9349
TJN_HOM_030_HomeGoods 2H Digital_F18,xAd Inc.,PJQ7MJ_TJN_HOM_030_Mobile_GROUND TRUTH FKA XAD_DST_SV1_MAP_DIR_DSP_TRG_RON_PXT_BTG_DVY_PROXIMITY LOYALTY - STORE LOCATOR UNIT_Run of Network_Geo_F25-54_320 x 50_Click and View_NV_NA,204649939,10/19/2017,4215,139,4076,1463,2613,31,2582,2465,117,1494,1426,3891
TJN_HOM_030_HomeGoods 2H Digital_F18,xAd Inc.,PJQ7MJ_TJN_HOM_030_Mobile_GROUND TRUTH FKA XAD_DST_SV1_MAP_DIR_DSP_TRG_RON_PXT_BTG_DVY_PROXIMITY LOYALTY - STORE LOCATOR UNIT_Run of Network_Geo_F25-54_320 x 50_Click and View_NV_NA,204649939,9/11/2017,15139,320,14819,8610,6209,105,6104,5663,441,8715,8085,13748
TJN_HOM_030_HomeGoods 2H Digital_F18,NinthDecimal,PJQ7N6_TJN_HOM_030_Mobile_NINTHDECIMAL_DST_SV1_MAP_DIR_RCH_TRG_RON_PXT_DMA_DVY_GEOFENCE: 5-10-MILE RADIUS AROUND SUBURBAN STORES_Run of Network_Geo_F25-54_320 x 50_Click and View_NV_NA,204646507,9/22/2017,57791,1587,56204,28894,27310,137,27173,26535,638,29031,28349,54884
TJN_HOM_030_HomeGoods 2H Digital_F18,NinthDecimal,PJQ7NH_TJN_HOM_030_Mobile_NINTHDECIMAL_DST_SV1_MAP_DIR_RCH_TRG_RON_BTG_DMA_DVY_CONSUMER JOURNEY: PET SUPPLY SHOPPERS_Run of Network_Behavioral_F25-54_320 x 50_Click and View_NV_NA,204647914,10/3/2017,3200,104,3096,2243,853,9,844,806,38,2252,2151,2957
TJN_HOM_030_HomeGoods 2H Digital_F18,xAd Inc.,PJQ7MS_TJN_HOM_030_Mobile_GROUND TRUTH FKA XAD_DST_SV1_MAP_DIR_DSP_TRG_RON_DMA_PXT_DVY_AV DMA TARGETING_Run of Network_Geo_F25-54_300 x 250_Click and View_NV_NA,204646501,9/19/2017,8073,196,7877,5567,2310,694,1616,1017,599,6261,2584,3601
TJN_HOM_030_HomeGoods 2H Digital_F18,NinthDecimal,PJQ7NJ_TJN_HOM_030_Mobile_NINTHDECIMAL_DST_SV1_MAP_DIR_RCH_TRG_RON_BTG_DMA_DVY_CONSUMER JOURNEY: BARGAIN HUNTERS_Run of Network_Behavioral_F25-54_320 x 50_Click and View_NV_NA,204644353,9/13/2017,12421,223,12198,2758,9440,50,9390,9212,178,2808,2755,11967
TJN_HOM_030_HomeGoods 2H Digital_F18,xAd Inc.,PJQ7MQ_TJN_HOM_030_Mobile_GROUND TRUTH FKA XAD_DST_SV1_MAP_DIR_DSP_TRG_RON_MKT_DMA_DVY_LOCATION - COMPETITOR SHOPPERS - DYNAMIC DISTANCE_Run of Network_Geo_F25-54_320 x 50_Click and View_NV_NA,204617210,10/3/2017,3,2,1,1,0,0,0,0,0,1,1,1
TJN_HOM_030_HomeGoods 2H Digital_F18,NinthDecimal,PJQ7NJ_TJN_HOM_030_Mobile_NINTHDECIMAL_DST_SV1_MAP_DIR_RCH_TRG_RON_BTG_DMA_DVY_CONSUMER JOURNEY: BARGAIN HUNTERS_Run of Network_Behavioral_F25-54_320 x 50_Click and View_NV_NA,204644353,10/13/2017,9788,159,9629,4945,4684,44,4640,4484,156,4989,4821,9305
TJN_HOM_025_HomeGoods Digital Video_Q4FY18,Tremor Video Inc.,PK1FYM_TJN_HOM_025_OLV_TREMOR NETWORK_AWR_BS1_DSK_DIR_VID_TRG_RON_BTG_CTG_DVY_ALL SCREEN PREROLL + SOCIAL AFFINITY TARGETING TO W25-54 HOME ENTHUSIASTS DESKTOP_Run of Network_Behavioral_F25-54_1280 x 720_Standard_NV_NA,205941870,10/3/2017,230532,203,230329,78825,151504,1610,149894,20649,129245,80435,11081,31730
TJN_HOM_030_HomeGoods 2H Digital_F18,NinthDecimal,PJQ7NB_TJN_HOM_030_Mobile_NINTHDECIMAL_DST_SV1_MAP_DIR_RCH_TRG_RON_BTG_PXT_DVY_LOCATION GRAPH: COMPETITIVE CONQUESTING_Run of Network_Behavioral_F25-54_320 x 50_Click and View_NV_NA,204649942,9/27/2017,5404,100,5304,2153,3151,10,3141,3046,95,2163,2098,5144
TJN_HOM_030_HomeGoods 2H Digital_F18,xAd Inc.,PJQ7MR_TJN_HOM_030_Mobile_GROUND TRUTH FKA XAD_DST_SV1_MAP_DIR_DSP_TRG_RON_MKT_DMA_DVY_LOCATION - COMPETITOR SHOPPERS - DYNAMIC DISTANCE_Run of Network_Geo_F25-54_300 x 250_Click and View_NV_NA,204647890,10/21/2017,7239,73,7166,7166,0,0,0,0,0,7166,6418,6418
TJN_HOM_030_HomeGoods 2H Digital_F18,NinthDecimal,PJQ7NF_TJN_HOM_030_Mobile_NINTHDECIMAL_DST_SV1_MAP_DIR_RCH_TRG_RON_BTG_DMA_DVY_CONSUMER JOURNEY: HOME FURNISHINGS SHOPPERS_Run of Network_Behavioral_F25-54_320 x 50_Click and View_NV_NA,204626291,9/6/2017,3751,98,3653,795,2858,13,2845,2816,29,808,800,3616
TJN_HOM_030_HomeGoods 2H Digital_F18,NinthDecimal,PJQ7N7_TJN_HOM_030_Mobile_NINTHDECIMAL_DST_SV1_MAP_DIR_RCH_TRG_RON_PXT_DMA_DVY_GEOFENCE: 15-20-MILE RADIUS AROUND RURAL STORES_Run of Network_Geo_F25-54_320 x 50_Click and View_NV_NA,204674556,10/15/2017,8957,128,8829,5498,3331,353,2978,2892,86,5851,5682,8574
TJN_HOM_030_HomeGoods 2H Digital_F18,NinthDecimal,PJQ7N6_TJN_HOM_030_Mobile_NINTHDECIMAL_DST_SV1_MAP_DIR_RCH_TRG_RON_PXT_DMA_DVY_GEOFENCE: 5-10-MILE RADIUS AROUND SUBURBAN STORES_Run of Network_Geo_F25-54_320 x 50_Click and View_NV_NA,204646507,9/24/2017,13768,307,13461,6140,7321,35,7286,7130,156,6175,6043,13173
TJN_HOM_030_HomeGoods 2H Digital_F18,xAd Inc.,PJQ7MR_TJN_HOM_030_Mobile_GROUND TRUTH FKA XAD_DST_SV1_MAP_DIR_DSP_TRG_RON_MKT_DMA_DVY_LOCATION - COMPETITOR SHOPPERS - DYNAMIC DISTANCE_Run of Network_Geo_F25-54_300 x 250_Click and View_NV_NA,204647890,9/9/2017,4863,67,4796,4796,0,0,0,0,0,4796,4111,4111
TJN_HOM_030_HomeGoods 2H Digital_F18,NinthDecimal,PJQ7N9_TJN_HOM_030_Mobile_NINTHDECIMAL_DST_SV1_MAP_DIR_RCH_TRG_RON_BTG_PXT_DVY_LOCATION GRAPH: TJX FAMILY LOYALISTS_Run of Network_Behavioral_F25-54_320 x 50_Click and View_NV_NA,204647917,9/20/2017,3218,72,3146,1262,1884,10,1874,1802,72,1272,1223,3025
TJN_HOM_030_HomeGoods 2H Digital_F18,xAd Inc.,PJQ7MS_TJN_HOM_030_Mobile_GROUND TRUTH FKA XAD_DST_SV1_MAP_DIR_DSP_TRG_RON_DMA_PXT_DVY_AV DMA TARGETING_Run of Network_Geo_F25-54_300 x 250_Click and View_NV_NA,204646501,9/13/2017,8487,211,8276,2718,5558,1811,3747,3328,419,4529,4023,7351
TJN_HOM_030_HomeGoods 2H Digital_F18,NinthDecimal,PJQ7NJ_TJN_HOM_030_Mobile_NINTHDECIMAL_DST_SV1_MAP_DIR_RCH_TRG_RON_BTG_DMA_DVY_CONSUMER JOURNEY: BARGAIN HUNTERS_Run of Network_Behavioral_F25-54_320 x 50_Click and View_NV_NA,204644353,9/19/2017,8244,197,8047,3131,4916,31,4885,4740,145,3162,3068,7808
TJN_HOM_025_HomeGoods Digital Video_Q4FY18,Tremor Video Inc.,PK6DY1_TJN_HOM_025_OLV_TREMOR NETWORK_AWR_BS1_CTV_DIR_VID_TRG_RON_BTG_CTG_DVY_ALL SCREEN PREROLL + SOCIAL AFFINITY TARGETING TO W25-54 HOME ENTHUSIASTS CTV_Run of Network_Behavioral_F25-54_1280 x 720_Standard_NV_NA,205941318,10/3/2017,4676,3,4673,4673,0,0,0,0,0,4673,939,939
TJN_HOM_030_HomeGoods 2H Digital_F18,xAd Inc.,PJQ7MS_TJN_HOM_030_Mobile_GROUND TRUTH FKA XAD_DST_SV1_MAP_DIR_DSP_TRG_RON_DMA_PXT_DVY_AV DMA TARGETING_Run of Network_Geo_F25-54_300 x 250_Click and View_NV_NA,204646501,10/13/2017,589,9,580,451,129,5,124,107,17,456,393,500
TJN_HOM_030_HomeGoods 2H Digital_F18,xAd Inc.,PJQ7MJ_TJN_HOM_030_Mobile_GROUND TRUTH FKA XAD_DST_SV1_MAP_DIR_DSP_TRG_RON_PXT_BTG_DVY_PROXIMITY LOYALTY - STORE LOCATOR UNIT_Run of Network_Geo_F25-54_320 x 50_Click and View_NV_NA,204649939,10/1/2017,2,0,2,2,0,0,0,0,0,2,2,2
TJN_HOM_030_HomeGoods 2H Digital_F18,NinthDecimal,PJQ7NH_TJN_HOM_030_Mobile_NINTHDECIMAL_DST_SV1_MAP_DIR_RCH_TRG_RON_BTG_DMA_DVY_CONSUMER JOURNEY: PET SUPPLY SHOPPERS_Run of Network_Behavioral_F25-54_320 x 50_Click and View_NV_NA,204647914,9/26/2017,7533,134,7399,2595,4804,33,4771,4628,143,2628,2549,7177
TJN_HOM_030_HomeGoods 2H Digital_F18,xAd Inc.,PJQ7MN_TJN_HOM_030_Mobile_GROUND TRUTH FKA XAD_DST_SV1_MAP_DIR_DSP_TRG_RON_MKT_DMA_DVY_LOCATION - HOMEGOODS SHOPPERS - DYNAMIC DISTANCE_Run of Network_Geo_F25-54_320 x 50_Click and View_NV_NA,204651439,9/16/2017,9701,98,9603,7561,2042,1254,788,745,43,8815,7487,8232
TJN_HOM_030_HomeGoods 2H Digital_F18,xAd Inc.,PJQ7MQ_TJN_HOM_030_Mobile_GROUND TRUTH FKA XAD_DST_SV1_MAP_DIR_DSP_TRG_RON_MKT_DMA_DVY_LOCATION - COMPETITOR SHOPPERS - DYNAMIC DISTANCE_Run of Network_Geo_F25-54_320 x 50_Click and View_NV_NA,204617210,9/26/2017,87309,1709,85600,56556,29044,1759,27285,21204,6081,58315,41569,62773
TJN_HOM_030_HomeGoods 2H Digital_F18,xAd Inc.,PJQ7MH_TJN_HOM_030_Mobile_GROUND TRUTH FKA XAD_DST_SV1_MAP_DIR_DSP_TRG_RON_PXT_BTG_DVY_PROXIMITY LOYALTY - DYNAMIC DISTANCE_Run of Network_Geo_F25-54_300 x 250_Click and View_NV_NA,204675003,9/17/2017,14360,765,13595,13574,21,3,18,4,14,13577,3017,3021
TJN_HOM_025_HomeGoods Digital Video_Q4FY18,Tremor Video Inc.,PK1FYN_TJN_HOM_025_OLV_TREMOR NETWORK_AWR_BS1_DSK_DIR_VID_TRG_RON_PXT_CTG_DVY_ALL SCREEN PREROLL + PROXIMITYPLUS DWELL TIME TARGETING TO HOMEGOODS VISITORS DESKTOP_Run of Network_Behavioral_F25-54_1280 x 720_Standard_NV_NA,205941312,10/16/2017,57992,132,57860,19972,37888,1130,36758,32250,4508,21102,18514,50764
TJN_HOM_030_HomeGoods 2H Digital_F18,NinthDecimal,PJQ7NC_TJN_HOM_030_Mobile_NINTHDECIMAL_DST_SV1_MAP_DIR_RCH_TRG_RON_BTG_DMA_DVY_CONSUMER JOURNEY: DIYERS_Run of Network_Behavioral_F25-54_320 x 50_Click and View_NV_NA,204675009,9/29/2017,2626,76,2550,1068,1482,7,1475,1451,24,1075,1058,2509
TJN_HOM_030_HomeGoods 2H Digital_F18,NinthDecimal,PJQ7NG_TJN_HOM_030_Mobile_NINTHDECIMAL_DST_SV1_MAP_DIR_RCH_TRG_RON_BTG_DMA_DVY_CONSUMER JOURNEY: NEW HOME BUYERS & MOVERS_Run of Network_Behavioral_F25-54_320 x 50_Click and View_NV_NA,204625835,10/4/2017,7219,99,7120,3327,3793,46,3747,3537,210,3373,3184,6721
TJN_HOM_030_HomeGoods 2H Digital_F18,NinthDecimal,PJQ7N8_TJN_HOM_030_Mobile_NINTHDECIMAL_DST_SV1_MAP_DIR_RCH_TRG_RON_BTG_PXT_DVY_LOCATION GRAPH: HOMEGOODS LOYALISTS_Run of Network_Behavioral_F25-54_320 x 50_Click and View_NV_NA,204675012,10/8/2017,11784,172,11612,4545,7067,59,7008,6759,249,4604,4440,11199
TJN_HOM_030_HomeGoods 2H Digital_F18,NinthDecimal,PJQ7N5_TJN_HOM_030_Mobile_NINTHDECIMAL_DST_SV1_MAP_DIR_RCH_TRG_RON_PXT_DMA_DVY_GEOFENCE: 2-MILE RADIUS AROUND URBAN STORES_Run of Network_Geo_F25-54_320 x 50_Click and View_NV_NA,204649945,10/18/2017,7285,193,7092,3600,3492,37,3455,3352,103,3637,3529,6881
TJN_HOM_030_HomeGoods 2H Digital_F18,xAd Inc.,PJQ7MG_TJN_HOM_030_Mobile_GROUND TRUTH FKA XAD_DST_SV1_MAP_DIR_DSP_TRG_RON_PXT_BTG_DVY_PROXIMITY LOYALTY - DYNAMIC DISTANCE_Run of Network_Geo_F25-54_320 x 50_Click and View_NV_NA,204626813,10/18/2017,55801,1114,54687,53148,1539,195,1344,1080,264,53343,39980,41060
TJN_HOM_030_HomeGoods 2H Digital_F18,xAd Inc.,PJQ7MJ_TJN_HOM_030_Mobile_GROUND TRUTH FKA XAD_DST_SV1_MAP_DIR_DSP_TRG_RON_PXT_BTG_DVY_PROXIMITY LOYALTY - STORE LOCATOR UNIT_Run of Network_Geo_F25-54_320 x 50_Click and View_NV_NA,204649939,10/2/2017,2,0,2,1,1,1,0,0,0,2,2,2
TJN_HOM_030_HomeGoods 2H Digital_F18,NinthDecimal,PJQ7N7_TJN_HOM_030_Mobile_NINTHDECIMAL_DST_SV1_MAP_DIR_RCH_TRG_RON_PXT_DMA_DVY_GEOFENCE: 15-20-MILE RADIUS AROUND RURAL STORES_Run of Network_Geo_F25-54_320 x 50_Click and View_NV_NA,204674556,9/25/2017,14519,322,14197,5994,8203,35,8168,8005,163,6029,5909,13914
TJN_HOM_025_HomeGoods Digital Video_Q4FY18,Tremor Video Inc.,PK6DYV_TJN_HOM_025_OLV_TREMOR NETWORK_AWR_BS1_MAP_DIR_VID_TRG_RON_PXT_CTG_DVY_ALL SCREEN PREROLL + PROXIMITYPLUS DWELL TIME TARGETING TO HOMEGOODS VISITORS MOB/TAB APP_Run of Network_Behavioral_F25-54_1280 x 720_Standard_NV_NA,205859075,10/17/2017,110367,880,109487,109405,82,3,79,77,2,109408,106638,106715
TJN_HOM_030_HomeGoods 2H Digital_F18,xAd Inc.,PJQ7MJ_TJN_HOM_030_Mobile_GROUND TRUTH FKA XAD_DST_SV1_MAP_DIR_DSP_TRG_RON_PXT_BTG_DVY_PROXIMITY LOYALTY - STORE LOCATOR UNIT_Run of Network_Geo_F25-54_320 x 50_Click and View_NV_NA,204649939,9/23/2017,23315,648,22667,11508,11159,164,10995,10429,566,11672,11071,21500
TJN_HOM_030_HomeGoods 2H Digital_F18,xAd Inc.,PJQ7MN_TJN_HOM_030_Mobile_GROUND TRUTH FKA XAD_DST_SV1_MAP_DIR_DSP_TRG_RON_MKT_DMA_DVY_LOCATION - HOMEGOODS SHOPPERS - DYNAMIC DISTANCE_Run of Network_Geo_F25-54_320 x 50_Click and View_NV_NA,204651439,9/19/2017,10147,157,9990,7789,2201,995,1206,1108,98,8784,7366,8474
TJN_HOM_025_HomeGoods Digital Video_Q4FY18,Tremor Video Inc.,PK6F30_TJN_HOM_025_OLV_TREMOR NETWORK_AWR_BS1_CTV_DIR_VID_TRG_RON_PXT_CTG_DVY_ALL SCREEN PREROLL + PROXIMITYPLUS DWELL TIME TARGETING TO HOMEGOODS VISITORS CTV_Run of Network_Behavioral_F25-54_1280 x 720_Standard_NV_NA,205942131,10/18/2017,47770,0,47770,47770,0,0,0,0,0,47770,0,0
TJN_HOM_030_HomeGoods 2H Digital_F18,NinthDecimal,PJQ7NH_TJN_HOM_030_Mobile_NINTHDECIMAL_DST_SV1_MAP_DIR_RCH_TRG_RON_BTG_DMA_DVY_CONSUMER JOURNEY: PET SUPPLY SHOPPERS_Run of Network_Behavioral_F25-54_320 x 50_Click and View_NV_NA,204647914,10/9/2017,9828,156,9672,5407,4265,23,4242,4072,170,5430,5212,9284
TJN_HOM_025_HomeGoods Digital Video_Q4FY18,Tremor Video Inc.,PK1FYM_TJN_HOM_025_OLV_TREMOR NETWORK_AWR_BS1_DSK_DIR_VID_TRG_RON_BTG_CTG_DVY_ALL SCREEN PREROLL + SOCIAL AFFINITY TARGETING TO W25-54 HOME ENTHUSIASTS DESKTOP_Run of Network_Behavioral_F25-54_1280 x 720_Standard_NV_NA,205941870,10/9/2017,248829,140,248689,44745,203944,2505,201439,23746,177693,47250,5570,29316
TJN_HOM_030_HomeGoods 2H Digital_F18,xAd Inc.,PJQ7MM_TJN_HOM_030_Mobile_GROUND TRUTH FKA XAD_DST_SV1_MAP_DIR_DSP_TRG_RON_BTG_DMA_DVY_BEHAVIORAL - HOME SHOPPER- DYNAMIC DISTANCE_Run of Network_Behavioral_F25-54_300 x 250_Click and View_NV_NA,204626171,10/11/2017,7554,522,7032,7032,0,0,0,0,0,7032,0,0
TJN_HOM_030_HomeGoods 2H Digital_F18,xAd Inc.,PJQ7MQ_TJN_HOM_030_Mobile_GROUND TRUTH FKA XAD_DST_SV1_MAP_DIR_DSP_TRG_RON_MKT_DMA_DVY_LOCATION - COMPETITOR SHOPPERS - DYNAMIC DISTANCE_Run of Network_Geo_F25-54_320 x 50_Click and View_NV_NA,204617210,10/9/2017,7904,122,7782,5339,2443,67,2376,1700,676,5406,3813,5513
TJN_HOM_030_HomeGoods 2H Digital_F18,xAd Inc.,PJQ7MM_TJN_HOM_030_Mobile_GROUND TRUTH FKA XAD_DST_SV1_MAP_DIR_DSP_TRG_RON_BTG_DMA_DVY_BEHAVIORAL - HOME SHOPPER- DYNAMIC DISTANCE_Run of Network_Behavioral_F25-54_300 x 250_Click and View_NV_NA,204626171,10/6/2017,14859,474,14385,14374,11,0,11,0,11,14374,0,0
TJN_HOM_030_HomeGoods 2H Digital_F18,xAd Inc.,PJQ7MN_TJN_HOM_030_Mobile_GROUND TRUTH FKA XAD_DST_SV1_MAP_DIR_DSP_TRG_RON_MKT_DMA_DVY_LOCATION - HOMEGOODS SHOPPERS - DYNAMIC DISTANCE_Run of Network_Geo_F25-54_320 x 50_Click and View_NV_NA,204651439,9/13/2017,10000,144,9856,8308,1548,228,1320,1239,81,8536,5389,6628
TJN_HOM_030_HomeGoods 2H Digital_F18,xAd Inc.,PJQ7MN_TJN_HOM_030_Mobile_GROUND TRUTH FKA XAD_DST_SV1_MAP_DIR_DSP_TRG_RON_MKT_DMA_DVY_LOCATION - HOMEGOODS SHOPPERS - DYNAMIC DISTANCE_Run of Network_Geo_F25-54_320 x 50_Click and View_NV_NA,204651439,10/13/2017,5505,74,5431,4401,1030,66,964,861,103,4467,3907,4768
TJN_HOM_030_HomeGoods 2H Digital_F18,NinthDecimal,PJQ7N6_TJN_HOM_030_Mobile_NINTHDECIMAL_DST_SV1_MAP_DIR_RCH_TRG_RON_PXT_DMA_DVY_GEOFENCE: 5-10-MILE RADIUS AROUND SUBURBAN STORES_Run of Network_Geo_F25-54_320 x 50_Click and View_NV_NA,204646507,10/16/2017,9355,207,9148,5554,3594,31,3563,3486,77,5585,5464,8950
TJN_HOM_025_HomeGoods Digital Video_Q4FY18,Tremor Video Inc.,PK6DY1_TJN_HOM_025_OLV_TREMOR NETWORK_AWR_BS1_CTV_DIR_VID_TRG_RON_BTG_CTG_DVY_ALL SCREEN PREROLL + SOCIAL AFFINITY TARGETING TO W25-54 HOME ENTHUSIASTS CTV_Run of Network_Behavioral_F25-54_1280 x 720_Standard_NV_NA,205941318,10/9/2017,3158,0,3158,3158,0,0,0,0,0,3158,650,650
TJN_HOM_030_HomeGoods 2H Digital_F18,NinthDecimal,PJQ7NC_TJN_HOM_030_Mobile_NINTHDECIMAL_DST_SV1_MAP_DIR_RCH_TRG_RON_BTG_DMA_DVY_CONSUMER JOURNEY: DIYERS_Run of Network_Behavioral_F25-54_320 x 50_Click and View_NV_NA,204675009,9/10/2017,10457,202,10255,3638,6617,33,6584,6406,178,3671,3572,9978
TJN_HOM_030_HomeGoods 2H Digital_F18,NinthDecimal,PJQ7NB_TJN_HOM_030_Mobile_NINTHDECIMAL_DST_SV1_MAP_DIR_RCH_TRG_RON_BTG_PXT_DVY_LOCATION GRAPH: COMPETITIVE CONQUESTING_Run of Network_Behavioral_F25-54_320 x 50_Click and View_NV_NA,204649942,9/21/2017,5223,109,5114,2293,2821,16,2805,2728,77,2309,2246,4974
TJN_HOM_025_HomeGoods Digital Video_Q4FY18,Tremor Video Inc.,PK6DYV_TJN_HOM_025_OLV_TREMOR NETWORK_AWR_BS1_MAP_DIR_VID_TRG_RON_PXT_CTG_DVY_ALL SCREEN PREROLL + PROXIMITYPLUS DWELL TIME TARGETING TO HOMEGOODS VISITORS MOB/TAB APP_Run of Network_Behavioral_F25-54_1280 x 720_Standard_NV_NA,205859075,10/5/2017,49485,982,48503,48447,56,20,36,28,8,48467,37697,37725
TJN_HOM_030_HomeGoods 2H Digital_F18,xAd Inc.,PJQ7MQ_TJN_HOM_030_Mobile_GROUND TRUTH FKA XAD_DST_SV1_MAP_DIR_DSP_TRG_RON_MKT_DMA_DVY_LOCATION - COMPETITOR SHOPPERS - DYNAMIC DISTANCE_Run of Network_Geo_F25-54_320 x 50_Click and View_NV_NA,204617210,10/19/2017,7493,93,7400,6674,726,11,715,604,111,6685,5123,5727
TJN_HOM_030_HomeGoods 2H Digital_F18,NinthDecimal,PJQ7NB_TJN_HOM_030_Mobile_NINTHDECIMAL_DST_SV1_MAP_DIR_RCH_TRG_RON_BTG_PXT_DVY_LOCATION GRAPH: COMPETITIVE CONQUESTING_Run of Network_Behavioral_F25-54_320 x 50_Click and View_NV_NA,204649942,10/6/2017,9817,162,9655,6278,3377,38,3339,3240,99,6316,6129,9369
TJN_HOM_025_HomeGoods Digital Video_Q4FY18,Tremor Video Inc.,PK1FYM_TJN_HOM_025_OLV_TREMOR NETWORK_AWR_BS1_DSK_DIR_VID_TRG_RON_BTG_CTG_DVY_ALL SCREEN PREROLL + SOCIAL AFFINITY TARGETING TO W25-54 HOME ENTHUSIASTS DESKTOP_Run of Network_Behavioral_F25-54_1280 x 720_Standard_NV_NA,205941870,10/19/2017,27987,67,27920,4798,23122,764,22358,19737,2621,5562,4910,24647
TJN_HOM_030_HomeGoods 2H Digital_F18,NinthDecimal,PJQ7NG_TJN_HOM_030_Mobile_NINTHDECIMAL_DST_SV1_MAP_DIR_RCH_TRG_RON_BTG_DMA_DVY_CONSUMER JOURNEY: NEW HOME BUYERS & MOVERS_Run of Network_Behavioral_F25-54_320 x 50_Click and View_NV_NA,204625835,9/9/2017,6951,104,6847,2545,4302,24,4278,4169,109,2569,2504,6673
TJN_HOM_030_HomeGoods 2H Digital_F18,NinthDecimal,PJQ7NH_TJN_HOM_030_Mobile_NINTHDECIMAL_DST_SV1_MAP_DIR_RCH_TRG_RON_BTG_DMA_DVY_CONSUMER JOURNEY: PET SUPPLY SHOPPERS_Run of Network_Behavioral_F25-54_320 x 50_Click and View_NV_NA,204647914,10/19/2017,8830,133,8697,4196,4501,46,4455,4276,179,4242,4072,8348
TJN_HOM_030_HomeGoods 2H Digital_F18,xAd Inc.,PJQ7MH_TJN_HOM_030_Mobile_GROUND TRUTH FKA XAD_DST_SV1_MAP_DIR_DSP_TRG_RON_PXT_BTG_DVY_PROXIMITY LOYALTY - DYNAMIC DISTANCE_Run of Network_Geo_F25-54_300 x 250_Click and View_NV_NA,204675003,9/6/2017,22970,310,22660,22626,34,2,32,28,4,22628,19798,19826
TJN_HOM_030_HomeGoods 2H Digital_F18,NinthDecimal,PJQ7N9_TJN_HOM_030_Mobile_NINTHDECIMAL_DST_SV1_MAP_DIR_RCH_TRG_RON_BTG_PXT_DVY_LOCATION GRAPH: TJX FAMILY LOYALISTS_Run of Network_Behavioral_F25-54_320 x 50_Click and View_NV_NA,204647917,10/18/2017,13795,227,13568,5612,7956,71,7885,7689,196,5683,5542,13231
TJN_HOM_030_HomeGoods 2H Digital_F18,xAd Inc.,PJQ7MM_TJN_HOM_030_Mobile_GROUND TRUTH FKA XAD_DST_SV1_MAP_DIR_DSP_TRG_RON_BTG_DMA_DVY_BEHAVIORAL - HOME SHOPPER- DYNAMIC DISTANCE_Run of Network_Behavioral_F25-54_300 x 250_Click and View_NV_NA,204626171,9/21/2017,5461,188,5273,5264,9,0,9,3,6,5264,1755,1758
TJN_HOM_030_HomeGoods 2H Digital_F18,NinthDecimal,PJQ7NG_TJN_HOM_030_Mobile_NINTHDECIMAL_DST_SV1_MAP_DIR_RCH_TRG_RON_BTG_DMA_DVY_CONSUMER JOURNEY: NEW HOME BUYERS & MOVERS_Run of Network_Behavioral_F25-54_320 x 50_Click and View_NV_NA,204625835,10/21/2017,9126,135,8991,4231,4760,37,4723,4575,148,4268,4134,8709
TJN_HOM_025_HomeGoods Digital Video_Q4FY18,Tremor Video Inc.,PK6DY1_TJN_HOM_025_OLV_TREMOR NETWORK_AWR_BS1_CTV_DIR_VID_TRG_RON_BTG_CTG_DVY_ALL SCREEN PREROLL + SOCIAL AFFINITY TARGETING TO W25-54 HOME ENTHUSIASTS CTV_Run of Network_Behavioral_F25-54_1280 x 720_Standard_NV_NA,205941318,10/19/2017,8986,0,8986,8986,0,0,0,0,0,8986,7965,7965
TJN_HOM_030_HomeGoods 2H Digital_F18,Nativo Inc.,PK87W8_TJN_HOM_030_Content_NATIVO FKA POST RLSE_DSI_BS2_MWB_DIR_NAD_ROT_RON_CTG_BTG_DVY_NATIVE DISPLAY UNIT FALL TRENDS_Run of Network_Contextual_F25-54_1 x 1_Click and View_NV_NA,206137761,10/10/2017,233289,7856,225433,1787,223646,15918,207728,65543,142185,17705,5586,71129
TJN_HOM_030_HomeGoods 2H Digital_F18,NinthDecimal,PJQ7NB_TJN_HOM_030_Mobile_NINTHDECIMAL_DST_SV1_MAP_DIR_RCH_TRG_RON_BTG_PXT_DVY_LOCATION GRAPH: COMPETITIVE CONQUESTING_Run of Network_Behavioral_F25-54_320 x 50_Click and View_NV_NA,204649942,10/11/2017,14247,240,14007,7924,6083,57,6026,5863,163,7981,7765,13628
TJN_HOM_030_HomeGoods 2H Digital_F18,NinthDecimal,PJQ7N6_TJN_HOM_030_Mobile_NINTHDECIMAL_DST_SV1_MAP_DIR_RCH_TRG_RON_PXT_DMA_DVY_GEOFENCE: 5-10-MILE RADIUS AROUND SUBURBAN STORES_Run of Network_Geo_F25-54_320 x 50_Click and View_NV_NA,204646507,9/30/2017,22338,579,21759,11375,10384,43,10341,10021,320,11418,11065,21086
TJN_HOM_030_HomeGoods 2H Digital_F18,xAd Inc.,PJQ7MP_TJN_HOM_030_Mobile_GROUND TRUTH FKA XAD_DST_SV1_MAP_DIR_DSP_TRG_RON_MKT_DMA_DVY_LOCATION - HOMEGOODS SHOPPERS - DYNAMIC DISTANCE_Run of Network_Geo_F25-54_300 x 250_Click and View_NV_NA,204647878,9/15/2017,3838,132,3706,3698,8,0,8,8,0,3698,3696,3704
TJN_HOM_030_HomeGoods 2H Digital_F18,xAd Inc.,PJQ7MK_TJN_HOM_030_Mobile_GROUND TRUTH FKA XAD_DST_SV1_MAP_DIR_DSP_TRG_RON_PXT_BTG_DVY_PROXIMITY LOYALTY - STORE LOCATOR UNIT_Run of Network_Geo_F25-54_300 x 250_Click and View_NV_NA,204625442,9/24/2017,3870,49,3821,208,3613,82,3531,3067,464,290,252,3319
TJN_HOM_030_HomeGoods 2H Digital_F18,xAd Inc.,PJQ7MK_TJN_HOM_030_Mobile_GROUND TRUTH FKA XAD_DST_SV1_MAP_DIR_DSP_TRG_RON_PXT_BTG_DVY_PROXIMITY LOYALTY - STORE LOCATOR UNIT_Run of Network_Geo_F25-54_300 x 250_Click and View_NV_NA,204625442,9/22/2017,2526,23,2503,394,2109,25,2084,1774,310,419,356,2130
TJN_HOM_030_HomeGoods 2H Digital_F18,NinthDecimal,PJQ7NH_TJN_HOM_030_Mobile_NINTHDECIMAL_DST_SV1_MAP_DIR_RCH_TRG_RON_BTG_DMA_DVY_CONSUMER JOURNEY: PET SUPPLY SHOPPERS_Run of Network_Behavioral_F25-54_320 x 50_Click and View_NV_NA,204647914,9/11/2017,18664,292,18372,6685,11687,69,11618,11241,377,6754,6535,17776
TJN_HOM_030_HomeGoods 2H Digital_F18,xAd Inc.,PJQ7MJ_TJN_HOM_030_Mobile_GROUND TRUTH FKA XAD_DST_SV1_MAP_DIR_DSP_TRG_RON_PXT_BTG_DVY_PROXIMITY LOYALTY - STORE LOCATOR UNIT_Run of Network_Geo_F25-54_320 x 50_Click and View_NV_NA,204649939,10/3/2017,5,2,3,2,1,0,1,1,0,2,2,3
TJN_HOM_030_HomeGoods 2H Digital_F18,xAd Inc.,PJQ7MQ_TJN_HOM_030_Mobile_GROUND TRUTH FKA XAD_DST_SV1_MAP_DIR_DSP_TRG_RON_MKT_DMA_DVY_LOCATION - COMPETITOR SHOPPERS - DYNAMIC DISTANCE_Run of Network_Geo_F25-54_320 x 50_Click and View_NV_NA,204617210,9/11/2017,13015,144,12871,10087,2784,596,2188,1954,234,10683,8290,10244
TJN_HOM_030_HomeGoods 2H Digital_F18,xAd Inc.,PJQ7MR_TJN_HOM_030_Mobile_GROUND TRUTH FKA XAD_DST_SV1_MAP_DIR_DSP_TRG_RON_MKT_DMA_DVY_LOCATION - COMPETITOR SHOPPERS - DYNAMIC DISTANCE_Run of Network_Geo_F25-54_300 x 250_Click and View_NV_NA,204647890,9/7/2017,5141,88,5053,5053,0,0,0,0,0,5053,4632,4632
TJN_HOM_030_HomeGoods 2H Digital_F18,NinthDecimal,PJQ7NB_TJN_HOM_030_Mobile_NINTHDECIMAL_DST_SV1_MAP_DIR_RCH_TRG_RON_BTG_PXT_DVY_LOCATION GRAPH: COMPETITIVE CONQUESTING_Run of Network_Behavioral_F25-54_320 x 50_Click and View_NV_NA,204649942,10/9/2017,8742,89,8653,5351,3302,30,3272,3192,80,5381,5249,8441
TJN_HOM_030_HomeGoods 2H Digital_F18,NinthDecimal,PJQ7N7_TJN_HOM_030_Mobile_NINTHDECIMAL_DST_SV1_MAP_DIR_RCH_TRG_RON_PXT_DMA_DVY_GEOFENCE: 15-20-MILE RADIUS AROUND RURAL STORES_Run of Network_Geo_F25-54_320 x 50_Click and View_NV_NA,204674556,9/24/2017,15030,368,14662,6886,7776,33,7743,7591,152,6919,6783,14374
TJN_HOM_030_HomeGoods 2H Digital_F18,NinthDecimal,PJQ7N6_TJN_HOM_030_Mobile_NINTHDECIMAL_DST_SV1_MAP_DIR_RCH_TRG_RON_PXT_DMA_DVY_GEOFENCE: 5-10-MILE RADIUS AROUND SUBURBAN STORES_Run of Network_Geo_F25-54_320 x 50_Click and View_NV_NA,204646507,10/15/2017,8561,177,8384,5079,3305,18,3287,3198,89,5097,4959,8157
TJN_HOM_030_HomeGoods 2H Digital_F18,xAd Inc.,PJQ7MH_TJN_HOM_030_Mobile_GROUND TRUTH FKA XAD_DST_SV1_MAP_DIR_DSP_TRG_RON_PXT_BTG_DVY_PROXIMITY LOYALTY - DYNAMIC DISTANCE_Run of Network_Geo_F25-54_300 x 250_Click and View_NV_NA,204675003,9/9/2017,22404,292,22112,22094,18,3,15,12,3,22097,17675,17687
TJN_HOM_030_HomeGoods 2H Digital_F18,NinthDecimal,PJQ7NJ_TJN_HOM_030_Mobile_NINTHDECIMAL_DST_SV1_MAP_DIR_RCH_TRG_RON_BTG_DMA_DVY_CONSUMER JOURNEY: BARGAIN HUNTERS_Run of Network_Behavioral_F25-54_320 x 50_Click and View_NV_NA,204644353,10/5/2017,7137,173,6964,3812,3152,17,3135,3003,132,3829,3668,6671
TJN_HOM_030_HomeGoods 2H Digital_F18,Nativo Inc.,PJQDHJ_TJN_HOM_030_Content_NATIVO FKA POST RLSE_DSI_BS2_MWB_DIR_NAD_ROT_RON_CTG_BTG_DVY_NATIVE DISPLAY UNIT FALLIDAYS_Run of Network_Contextual_F25-54_1 x 1_Click and View_NV_NA,206024352,10/3/2017,495288,40430,454858,254,454604,15188,439416,188997,250419,15442,6642,195639
TJN_HOM_030_HomeGoods 2H Digital_F18,xAd Inc.,PJQ7MH_TJN_HOM_030_Mobile_GROUND TRUTH FKA XAD_DST_SV1_MAP_DIR_DSP_TRG_RON_PXT_BTG_DVY_PROXIMITY LOYALTY - DYNAMIC DISTANCE_Run of Network_Geo_F25-54_300 x 250_Click and View_NV_NA,204675003,10/21/2017,29735,500,29235,29230,5,0,5,5,0,29230,29224,29229
TJN_HOM_030_HomeGoods 2H Digital_F18,NinthDecimal,PJQ7NG_TJN_HOM_030_Mobile_NINTHDECIMAL_DST_SV1_MAP_DIR_RCH_TRG_RON_BTG_DMA_DVY_CONSUMER JOURNEY: NEW HOME BUYERS & MOVERS_Run of Network_Behavioral_F25-54_320 x 50_Click and View_NV_NA,204625835,9/6/2017,6022,145,5877,2874,3003,18,2985,2893,92,2892,2803,5696
TJN_HOM_030_HomeGoods 2H Digital_F18,NinthDecimal,PJQ7N5_TJN_HOM_030_Mobile_NINTHDECIMAL_DST_SV1_MAP_DIR_RCH_TRG_RON_PXT_DMA_DVY_GEOFENCE: 2-MILE RADIUS AROUND URBAN STORES_Run of Network_Geo_F25-54_320 x 50_Click and View_NV_NA,204649945,9/12/2017,9181,258,8923,4373,4550,28,4522,4388,134,4401,4271,8659
TJN_HOM_030_HomeGoods 2H Digital_F18,xAd Inc.,PJQ7MQ_TJN_HOM_030_Mobile_GROUND TRUTH FKA XAD_DST_SV1_MAP_DIR_DSP_TRG_RON_MKT_DMA_DVY_LOCATION - COMPETITOR SHOPPERS - DYNAMIC DISTANCE_Run of Network_Geo_F25-54_320 x 50_Click and View_NV_NA,204617210,9/21/2017,14668,232,14436,11538,2898,944,1954,1781,173,12482,10018,11799
TJN_HOM_030_HomeGoods 2H Digital_F18,NinthDecimal,PJQ7N7_TJN_HOM_030_Mobile_NINTHDECIMAL_DST_SV1_MAP_DIR_RCH_TRG_RON_PXT_DMA_DVY_GEOFENCE: 15-20-MILE RADIUS AROUND RURAL STORES_Run of Network_Geo_F25-54_320 x 50_Click and View_NV_NA,204674556,9/22/2017,58150,1543,56607,31125,25482,189,25293,24684,609,31314,30560,55244
TJN_HOM_030_HomeGoods 2H Digital_F18,xAd Inc.,PJQ7MS_TJN_HOM_030_Mobile_GROUND TRUTH FKA XAD_DST_SV1_MAP_DIR_DSP_TRG_RON_DMA_PXT_DVY_AV DMA TARGETING_Run of Network_Geo_F25-54_300 x 250_Click and View_NV_NA,204646501,10/5/2017,1,1,0,0,0,0,0,0,0,0,0,0
TJN_HOM_030_HomeGoods 2H Digital_F18,xAd Inc.,PJQ7MM_TJN_HOM_030_Mobile_GROUND TRUTH FKA XAD_DST_SV1_MAP_DIR_DSP_TRG_RON_BTG_DMA_DVY_BEHAVIORAL - HOME SHOPPER- DYNAMIC DISTANCE_Run of Network_Behavioral_F25-54_300 x 250_Click and View_NV_NA,204626171,10/19/2017,7088,394,6694,6694,0,0,0,0,0,6694,5521,5521
TJN_HOM_030_HomeGoods 2H Digital_F18,NinthDecimal,PJQ7NH_TJN_HOM_030_Mobile_NINTHDECIMAL_DST_SV1_MAP_DIR_RCH_TRG_RON_BTG_DMA_DVY_CONSUMER JOURNEY: PET SUPPLY SHOPPERS_Run of Network_Behavioral_F25-54_320 x 50_Click and View_NV_NA,204647914,9/21/2017,7228,157,7071,2425,4646,29,4617,4442,175,2454,2361,6803
TJN_HOM_030_HomeGoods 2H Digital_F18,xAd Inc.,PJQ7MG_TJN_HOM_030_Mobile_GROUND TRUTH FKA XAD_DST_SV1_MAP_DIR_DSP_TRG_RON_PXT_BTG_DVY_PROXIMITY LOYALTY - DYNAMIC DISTANCE_Run of Network_Geo_F25-54_320 x 50_Click and View_NV_NA,204626813,9/12/2017,70709,1627,69082,51588,17494,1785,15709,12945,2764,53373,25744,38689
TJN_HOM_030_HomeGoods 2H Digital_F18,xAd Inc.,PJQ7MP_TJN_HOM_030_Mobile_GROUND TRUTH FKA XAD_DST_SV1_MAP_DIR_DSP_TRG_RON_MKT_DMA_DVY_LOCATION - HOMEGOODS SHOPPERS - DYNAMIC DISTANCE_Run of Network_Geo_F25-54_300 x 250_Click and View_NV_NA,204647878,9/5/2017,1913,18,1895,1889,6,0,6,5,1,1889,1574,1579
TJN_HOM_030_HomeGoods 2H Digital_F18,xAd Inc.,PJQ7MM_TJN_HOM_030_Mobile_GROUND TRUTH FKA XAD_DST_SV1_MAP_DIR_DSP_TRG_RON_BTG_DMA_DVY_BEHAVIORAL - HOME SHOPPER- DYNAMIC DISTANCE_Run of Network_Behavioral_F25-54_300 x 250_Click and View_NV_NA,204626171,9/11/2017,5232,85,5147,5147,0,0,0,0,0,5147,2376,2376
TJN_HOM_030_HomeGoods 2H Digital_F18,NinthDecimal,PJQ7NB_TJN_HOM_030_Mobile_NINTHDECIMAL_DST_SV1_MAP_DIR_RCH_TRG_RON_BTG_PXT_DVY_LOCATION GRAPH: COMPETITIVE CONQUESTING_Run of Network_Behavioral_F25-54_320 x 50_Click and View_NV_NA,204649942,9/26/2017,5205,82,5123,2323,2800,12,2788,2709,79,2335,2269,4978
TJN_HOM_030_HomeGoods 2H Digital_F18,NinthDecimal,PJQ7NJ_TJN_HOM_030_Mobile_NINTHDECIMAL_DST_SV1_MAP_DIR_RCH_TRG_RON_BTG_DMA_DVY_CONSUMER JOURNEY: BARGAIN HUNTERS_Run of Network_Behavioral_F25-54_320 x 50_Click and View_NV_NA,204644353,10/17/2017,9112,148,8964,4281,4683,27,4656,4518,138,4308,4180,8698
TJN_HOM_025_HomeGoods Digital Video_Q4FY18,Tremor Video Inc.,PK1FYN_TJN_HOM_025_OLV_TREMOR NETWORK_AWR_BS1_DSK_DIR_VID_TRG_RON_PXT_CTG_DVY_ALL SCREEN PREROLL + PROXIMITYPLUS DWELL TIME TARGETING TO HOMEGOODS VISITORS DESKTOP_Run of Network_Behavioral_F25-54_1280 x 720_Standard_NV_NA,205941312,10/15/2017,92074,67,92007,31281,60726,1612,59114,51881,7233,32893,28868,80749
TJN_HOM_030_HomeGoods 2H Digital_F18,xAd Inc.,PJQ7MS_TJN_HOM_030_Mobile_GROUND TRUTH FKA XAD_DST_SV1_MAP_DIR_DSP_TRG_RON_DMA_PXT_DVY_AV DMA TARGETING_Run of Network_Geo_F25-54_300 x 250_Click and View_NV_NA,204646501,10/17/2017,2456,53,2403,1614,789,28,761,581,180,1642,1254,1835
TJN_HOM_030_HomeGoods 2H Digital_F18,NinthDecimal,PJQ7NF_TJN_HOM_030_Mobile_NINTHDECIMAL_DST_SV1_MAP_DIR_RCH_TRG_RON_BTG_DMA_DVY_CONSUMER JOURNEY: HOME FURNISHINGS SHOPPERS_Run of Network_Behavioral_F25-54_320 x 50_Click and View_NV_NA,204626291,9/7/2017,3472,88,3384,743,2641,7,2634,2602,32,750,741,3343
TJN_HOM_030_HomeGoods 2H Digital_F18,xAd Inc.,PJQ7ML_TJN_HOM_030_Mobile_GROUND TRUTH FKA XAD_DST_SV1_MAP_DIR_DSP_TRG_RON_BTG_DMA_DVY_BEHAVIORAL - HOME SHOPPER - DYNAMIC DISTANCE_Run of Network_Behavioral_F25-54_320 x 50_Click and View_NV_NA,204626174,10/10/2017,7100,39,7061,5416,1645,82,1563,1030,533,5498,3613,4643
TJN_HOM_030_HomeGoods 2H Digital_F18,xAd Inc.,PJQ7MN_TJN_HOM_030_Mobile_GROUND TRUTH FKA XAD_DST_SV1_MAP_DIR_DSP_TRG_RON_MKT_DMA_DVY_LOCATION - HOMEGOODS SHOPPERS - DYNAMIC DISTANCE_Run of Network_Geo_F25-54_320 x 50_Click and View_NV_NA,204651439,9/29/2017,42402,969,41433,30132,11301,692,10609,8313,2296,30824,22669,30982
TJN_HOM_030_HomeGoods 2H Digital_F18,NinthDecimal,PJQ7ND_TJN_HOM_030_Mobile_NINTHDECIMAL_DST_SV1_MAP_DIR_RCH_TRG_RON_BTG_DMA_DVY_CONSUMER JOURNEY: HOUSEHOLD CEO_Run of Network_Behavioral_F25-54_320 x 50_Click and View_NV_NA,204626294,10/5/2017,7411,161,7250,4285,2965,19,2946,2829,117,4304,4133,6962
TJN_HOM_030_HomeGoods 2H Digital_F18,xAd Inc.,PJQ7MP_TJN_HOM_030_Mobile_GROUND TRUTH FKA XAD_DST_SV1_MAP_DIR_DSP_TRG_RON_MKT_DMA_DVY_LOCATION - HOMEGOODS SHOPPERS - DYNAMIC DISTANCE_Run of Network_Geo_F25-54_300 x 250_Click and View_NV_NA,204647878,9/14/2017,3594,127,3467,3450,17,5,12,10,2,3455,2842,2852
TJN_HOM_030_HomeGoods 2H Digital_F18,NinthDecimal,PJQ7N9_TJN_HOM_030_Mobile_NINTHDECIMAL_DST_SV1_MAP_DIR_RCH_TRG_RON_BTG_PXT_DVY_LOCATION GRAPH: TJX FAMILY LOYALISTS_Run of Network_Behavioral_F25-54_320 x 50_Click and View_NV_NA,204647917,9/12/2017,36831,451,36380,11029,25351,108,25243,24502,741,11137,10810,35312
TJN_HOM_030_HomeGoods 2H Digital_F18,xAd Inc.,PJQ7MP_TJN_HOM_030_Mobile_GROUND TRUTH FKA XAD_DST_SV1_MAP_DIR_DSP_TRG_RON_MKT_DMA_DVY_LOCATION - HOMEGOODS SHOPPERS - DYNAMIC DISTANCE_Run of Network_Geo_F25-54_300 x 250_Click and View_NV_NA,204647878,10/14/2017,6998,440,6558,6557,1,0,1,0,1,6557,0,0
TJN_HOM_030_HomeGoods 2H Digital_F18,NinthDecimal,"PJQ7NK_TJN_HOM_030_Mobile_NINTHDECIMAL_DST_SV1_MAP_DIR_RCH_TRG_RON_BTG_DMA_DVY_TV TARGETING: HGTV, DIY NETWORK, BRAVO, TLC, FOOD NETWORK_Run of Network_Behavioral_F25-54_320 x 50_Click and View_NV_NA",204674553,10/5/2017,7786,151,7635,3935,3700,36,3664,3518,146,3971,3813,7331
TJN_HOM_030_HomeGoods 2H Digital_F18,NinthDecimal,PJQ7NG_TJN_HOM_030_Mobile_NINTHDECIMAL_DST_SV1_MAP_DIR_RCH_TRG_RON_BTG_DMA_DVY_CONSUMER JOURNEY: NEW HOME BUYERS & MOVERS_Run of Network_Behavioral_F25-54_320 x 50_Click and View_NV_NA,204625835,9/17/2017,8698,138,8560,2611,5949,30,5919,5715,204,2641,2550,8265
TJN_HOM_030_HomeGoods 2H Digital_F18,NinthDecimal,PJQ7NB_TJN_HOM_030_Mobile_NINTHDECIMAL_DST_SV1_MAP_DIR_RCH_TRG_RON_BTG_PXT_DVY_LOCATION GRAPH: COMPETITIVE CONQUESTING_Run of Network_Behavioral_F25-54_320 x 50_Click and View_NV_NA,204649942,9/11/2017,6353,102,6251,3313,2938,21,2917,2815,102,3334,3217,6032
TJN_HOM_030_HomeGoods 2H Digital_F18,xAd Inc.,PJQ7MM_TJN_HOM_030_Mobile_GROUND TRUTH FKA XAD_DST_SV1_MAP_DIR_DSP_TRG_RON_BTG_DMA_DVY_BEHAVIORAL - HOME SHOPPER- DYNAMIC DISTANCE_Run of Network_Behavioral_F25-54_300 x 250_Click and View_NV_NA,204626171,9/26/2017,34387,9694,24693,24465,228,13,215,200,15,24478,22733,22933
TJN_HOM_030_HomeGoods 2H Digital_F18,NinthDecimal,PJQ7NC_TJN_HOM_030_Mobile_NINTHDECIMAL_DST_SV1_MAP_DIR_RCH_TRG_RON_BTG_DMA_DVY_CONSUMER JOURNEY: DIYERS_Run of Network_Behavioral_F25-54_320 x 50_Click and View_NV_NA,204675009,9/16/2017,10396,167,10229,3429,6800,36,6764,6563,201,3465,3362,9925
TJN_HOM_030_HomeGoods 2H Digital_F18,xAd Inc.,PJQ7MJ_TJN_HOM_030_Mobile_GROUND TRUTH FKA XAD_DST_SV1_MAP_DIR_DSP_TRG_RON_PXT_BTG_DVY_PROXIMITY LOYALTY - STORE LOCATOR UNIT_Run of Network_Geo_F25-54_320 x 50_Click and View_NV_NA,204649939,9/27/2017,175147,4038,171109,122895,48214,1191,47023,44190,2833,124086,116610,160800
TJN_HOM_025_HomeGoods Digital Video_Q4FY18,Tremor Video Inc.,PK6DY1_TJN_HOM_025_OLV_TREMOR NETWORK_AWR_BS1_CTV_DIR_VID_TRG_RON_BTG_CTG_DVY_ALL SCREEN PREROLL + SOCIAL AFFINITY TARGETING TO W25-54 HOME ENTHUSIASTS CTV_Run of Network_Behavioral_F25-54_1280 x 720_Standard_NV_NA,205941318,10/11/2017,3189,0,3189,3189,0,0,0,0,0,3189,595,595
TJN_HOM_030_HomeGoods 2H Digital_F18,NinthDecimal,PJQ7NH_TJN_HOM_030_Mobile_NINTHDECIMAL_DST_SV1_MAP_DIR_RCH_TRG_RON_BTG_DMA_DVY_CONSUMER JOURNEY: PET SUPPLY SHOPPERS_Run of Network_Behavioral_F25-54_320 x 50_Click and View_NV_NA,204647914,10/6/2017,11912,258,11654,6657,4997,42,4955,4695,260,6699,6347,11042
TJN_HOM_030_HomeGoods 2H Digital_F18,Nativo Inc.,PJQDHJ_TJN_HOM_030_Content_NATIVO FKA POST RLSE_DSI_BS2_MWB_DIR_NAD_ROT_RON_CTG_BTG_DVY_NATIVE DISPLAY UNIT FALLIDAYS_Run of Network_Contextual_F25-54_1 x 1_Click and View_NV_NA,206024352,10/2/2017,524,22,502,0,502,10,492,248,244,10,5,253
TJN_HOM_030_HomeGoods 2H Digital_F18,NinthDecimal,PJQ7NC_TJN_HOM_030_Mobile_NINTHDECIMAL_DST_SV1_MAP_DIR_RCH_TRG_RON_BTG_DMA_DVY_CONSUMER JOURNEY: DIYERS_Run of Network_Behavioral_F25-54_320 x 50_Click and View_NV_NA,204675009,10/13/2017,9998,171,9827,5187,4640,23,4617,4466,151,5210,5040,9506
TJN_HOM_030_HomeGoods 2H Digital_F18,NinthDecimal,PJQ7NC_TJN_HOM_030_Mobile_NINTHDECIMAL_DST_SV1_MAP_DIR_RCH_TRG_RON_BTG_DMA_DVY_CONSUMER JOURNEY: DIYERS_Run of Network_Behavioral_F25-54_320 x 50_Click and View_NV_NA,204675009,9/13/2017,11371,197,11174,2555,8619,36,8583,8393,190,2591,2534,10927
TJN_HOM_030_HomeGoods 2H Digital_F18,NinthDecimal,PJQ7ND_TJN_HOM_030_Mobile_NINTHDECIMAL_DST_SV1_MAP_DIR_RCH_TRG_RON_BTG_DMA_DVY_CONSUMER JOURNEY: HOUSEHOLD CEO_Run of Network_Behavioral_F25-54_320 x 50_Click and View_NV_NA,204626294,10/17/2017,9126,164,8962,4587,4375,36,4339,4226,113,4623,4503,8729
TJN_HOM_030_HomeGoods 2H Digital_F18,xAd Inc.,PJQ7MQ_TJN_HOM_030_Mobile_GROUND TRUTH FKA XAD_DST_SV1_MAP_DIR_DSP_TRG_RON_MKT_DMA_DVY_LOCATION - COMPETITOR SHOPPERS - DYNAMIC DISTANCE_Run of Network_Geo_F25-54_320 x 50_Click and View_NV_NA,204617210,10/6/2017,13462,212,13250,11249,2001,71,1930,1605,325,11320,8768,10373
TJN_HOM_030_HomeGoods 2H Digital_F18,NinthDecimal,PJQ7NB_TJN_HOM_030_Mobile_NINTHDECIMAL_DST_SV1_MAP_DIR_RCH_TRG_RON_BTG_PXT_DVY_LOCATION GRAPH: COMPETITIVE CONQUESTING_Run of Network_Behavioral_F25-54_320 x 50_Click and View_NV_NA,204649942,10/19/2017,7956,113,7843,4696,3147,31,3116,3033,83,4727,4601,7634
TJN_HOM_030_HomeGoods 2H Digital_F18,xAd Inc.,PJQ7MP_TJN_HOM_030_Mobile_GROUND TRUTH FKA XAD_DST_SV1_MAP_DIR_DSP_TRG_RON_MKT_DMA_DVY_LOCATION - HOMEGOODS SHOPPERS - DYNAMIC DISTANCE_Run of Network_Geo_F25-54_300 x 250_Click and View_NV_NA,204647878,9/28/2017,29853,11160,18693,18669,24,0,24,11,13,18669,8548,8559
TJN_HOM_025_HomeGoods Digital Video_Q4FY18,Tremor Video Inc.,PK1FYM_TJN_HOM_025_OLV_TREMOR NETWORK_AWR_BS1_DSK_DIR_VID_TRG_RON_BTG_CTG_DVY_ALL SCREEN PREROLL + SOCIAL AFFINITY TARGETING TO W25-54 HOME ENTHUSIASTS DESKTOP_Run of Network_Behavioral_F25-54_1280 x 720_Standard_NV_NA,205941870,10/6/2017,258280,131,258149,35418,222731,2640,220091,14570,205521,38058,2519,17089
TJN_HOM_030_HomeGoods 2H Digital_F18,xAd Inc.,PJQ7MN_TJN_HOM_030_Mobile_GROUND TRUTH FKA XAD_DST_SV1_MAP_DIR_DSP_TRG_RON_MKT_DMA_DVY_LOCATION - HOMEGOODS SHOPPERS - DYNAMIC DISTANCE_Run of Network_Geo_F25-54_320 x 50_Click and View_NV_NA,204651439,9/10/2017,10386,217,10169,5460,4709,352,4357,3358,999,5812,4267,7625
TJN_HOM_030_HomeGoods 2H Digital_F18,NinthDecimal,"PJQ7NK_TJN_HOM_030_Mobile_NINTHDECIMAL_DST_SV1_MAP_DIR_RCH_TRG_RON_BTG_DMA_DVY_TV TARGETING: HGTV, DIY NETWORK, BRAVO, TLC, FOOD NETWORK_Run of Network_Behavioral_F25-54_320 x 50_Click and View_NV_NA",204674553,10/17/2017,9223,144,9079,4511,4568,53,4515,4361,154,4564,4408,8769
TJN_HOM_030_HomeGoods 2H Digital_F18,xAd Inc.,PJQ7MK_TJN_HOM_030_Mobile_GROUND TRUTH FKA XAD_DST_SV1_MAP_DIR_DSP_TRG_RON_PXT_BTG_DVY_PROXIMITY LOYALTY - STORE LOCATOR UNIT_Run of Network_Geo_F25-54_300 x 250_Click and View_NV_NA,204625442,9/25/2017,68028,1189,66839,39727,27112,571,26541,20478,6063,40298,31092,51570
TJN_HOM_025_HomeGoods Digital Video_Q4FY18,Tremor Video Inc.,PK6DWD_TJN_HOM_025_OLV_TREMOR NETWORK_AWR_BS1_MAP_DIR_VID_TRG_RON_BTG_CTG_DVY_ALL SCREEN PREROLL + SOCIAL AFFINITY TARGETING TO W25-54 HOME ENTHUSIASTS MOB/TAB APP_Run of Network_Behavioral_F25-54_1280 x 720_Standard_NV_NA,205941321,10/7/2017,1447,3,1444,1270,174,0,174,167,7,1270,1219,1386
TJN_HOM_030_HomeGoods 2H Digital_F18,xAd Inc.,PJQ7MQ_TJN_HOM_030_Mobile_GROUND TRUTH FKA XAD_DST_SV1_MAP_DIR_DSP_TRG_RON_MKT_DMA_DVY_LOCATION - COMPETITOR SHOPPERS - DYNAMIC DISTANCE_Run of Network_Geo_F25-54_320 x 50_Click and View_NV_NA,204617210,10/11/2017,7753,134,7619,5175,2444,170,2274,1972,302,5345,4511,6483
TJN_HOM_030_HomeGoods 2H Digital_F18,NinthDecimal,PJQ7NC_TJN_HOM_030_Mobile_NINTHDECIMAL_DST_SV1_MAP_DIR_RCH_TRG_RON_BTG_DMA_DVY_CONSUMER JOURNEY: DIYERS_Run of Network_Behavioral_F25-54_320 x 50_Click and View_NV_NA,204675009,9/19/2017,8479,142,8337,3116,5221,35,5186,5037,149,3151,3060,8097
TJN_HOM_025_HomeGoods Digital Video_Q4FY18,Tremor Video Inc.,PK1FYM_TJN_HOM_025_OLV_TREMOR NETWORK_AWR_BS1_DSK_DIR_VID_TRG_RON_BTG_CTG_DVY_ALL SCREEN PREROLL + SOCIAL AFFINITY TARGETING TO W25-54 HOME ENTHUSIASTS DESKTOP_Run of Network_Behavioral_F25-54_1280 x 720_Standard_NV_NA,205941870,10/11/2017,242320,159,242161,76567,165594,2119,163475,23532,139943,78686,11327,34859
TJN_HOM_030_HomeGoods 2H Digital_F18,xAd Inc.,PJQ7MM_TJN_HOM_030_Mobile_GROUND TRUTH FKA XAD_DST_SV1_MAP_DIR_DSP_TRG_RON_BTG_DMA_DVY_BEHAVIORAL - HOME SHOPPER- DYNAMIC DISTANCE_Run of Network_Behavioral_F25-54_300 x 250_Click and View_NV_NA,204626171,10/9/2017,7049,381,6668,6668,0,0,0,0,0,6668,0,0
TJN_HOM_025_HomeGoods Digital Video_Q4FY18,Tremor Video Inc.,PK6DY1_TJN_HOM_025_OLV_TREMOR NETWORK_AWR_BS1_CTV_DIR_VID_TRG_RON_BTG_CTG_DVY_ALL SCREEN PREROLL + SOCIAL AFFINITY TARGETING TO W25-54 HOME ENTHUSIASTS CTV_Run of Network_Behavioral_F25-54_1280 x 720_Standard_NV_NA,205941318,10/6/2017,1121,0,1121,1121,0,0,0,0,0,1121,135,135
TJN_HOM_030_HomeGoods 2H Digital_F18,NinthDecimal,PJQ7NH_TJN_HOM_030_Mobile_NINTHDECIMAL_DST_SV1_MAP_DIR_RCH_TRG_RON_BTG_DMA_DVY_CONSUMER JOURNEY: PET SUPPLY SHOPPERS_Run of Network_Behavioral_F25-54_320 x 50_Click and View_NV_NA,204647914,10/11/2017,14832,249,14583,6296,8287,62,8225,7886,339,6358,6096,13982
TJN_HOM_030_HomeGoods 2H Digital_F18,xAd Inc.,PJQ7MH_TJN_HOM_030_Mobile_GROUND TRUTH FKA XAD_DST_SV1_MAP_DIR_DSP_TRG_RON_PXT_BTG_DVY_PROXIMITY LOYALTY - DYNAMIC DISTANCE_Run of Network_Geo_F25-54_300 x 250_Click and View_NV_NA,204675003,9/7/2017,14973,177,14796,14794,2,0,2,2,0,14794,14794,14796
TJN_HOM_030_HomeGoods 2H Digital_F18,xAd Inc.,PJQ7MS_TJN_HOM_030_Mobile_GROUND TRUTH FKA XAD_DST_SV1_MAP_DIR_DSP_TRG_RON_DMA_PXT_DVY_AV DMA TARGETING_Run of Network_Geo_F25-54_300 x 250_Click and View_NV_NA,204646501,9/29/2017,36761,946,35815,30021,5794,308,5486,3950,1536,30329,20031,23981
TJN_HOM_030_HomeGoods 2H Digital_F18,xAd Inc.,PJQ7MJ_TJN_HOM_030_Mobile_GROUND TRUTH FKA XAD_DST_SV1_MAP_DIR_DSP_TRG_RON_PXT_BTG_DVY_PROXIMITY LOYALTY - STORE LOCATOR UNIT_Run of Network_Geo_F25-54_320 x 50_Click and View_NV_NA,204649939,9/21/2017,19299,483,18816,11126,7690,135,7555,6884,671,11261,10261,17145
TJN_HOM_030_HomeGoods 2H Digital_F18,xAd Inc.,PJQ7MK_TJN_HOM_030_Mobile_GROUND TRUTH FKA XAD_DST_SV1_MAP_DIR_DSP_TRG_RON_PXT_BTG_DVY_PROXIMITY LOYALTY - STORE LOCATOR UNIT_Run of Network_Geo_F25-54_300 x 250_Click and View_NV_NA,204625442,10/15/2017,4505,75,4430,1218,3212,32,3180,2769,411,1250,1088,3857
TJN_HOM_030_HomeGoods 2H Digital_F18,NinthDecimal,PJQ7NJ_TJN_HOM_030_Mobile_NINTHDECIMAL_DST_SV1_MAP_DIR_RCH_TRG_RON_BTG_DMA_DVY_CONSUMER JOURNEY: BARGAIN HUNTERS_Run of Network_Behavioral_F25-54_320 x 50_Click and View_NV_NA,204644353,9/29/2017,3344,109,3235,1428,1807,12,1795,1772,23,1440,1422,3194
TJN_HOM_030_HomeGoods 2H Digital_F18,Nativo Inc.,PJQDHJ_TJN_HOM_030_Content_NATIVO FKA POST RLSE_DSI_BS2_MWB_DIR_NAD_ROT_RON_CTG_BTG_DVY_NATIVE DISPLAY UNIT FALLIDAYS_Run of Network_Contextual_F25-54_1 x 1_Click and View_NV_NA,206024352,10/19/2017,460670,25262,435408,4226,431182,37001,394181,159236,234945,41227,16654,175890
TJN_HOM_030_HomeGoods 2H Digital_F18,NinthDecimal,PJQ7N7_TJN_HOM_030_Mobile_NINTHDECIMAL_DST_SV1_MAP_DIR_RCH_TRG_RON_PXT_DMA_DVY_GEOFENCE: 15-20-MILE RADIUS AROUND RURAL STORES_Run of Network_Geo_F25-54_320 x 50_Click and View_NV_NA,204674556,9/30/2017,20936,570,20366,10858,9508,41,9467,9275,192,10899,10678,19953
TJN_HOM_030_HomeGoods 2H Digital_F18,xAd Inc.,PJQ7MS_TJN_HOM_030_Mobile_GROUND TRUTH FKA XAD_DST_SV1_MAP_DIR_DSP_TRG_RON_DMA_PXT_DVY_AV DMA TARGETING_Run of Network_Geo_F25-54_300 x 250_Click and View_NV_NA,204646501,9/10/2017,8389,140,8249,3697,4552,1369,3183,1732,1451,5066,2757,4489
TJN_HOM_030_HomeGoods 2H Digital_F18,NinthDecimal,PJQ7NB_TJN_HOM_030_Mobile_NINTHDECIMAL_DST_SV1_MAP_DIR_RCH_TRG_RON_BTG_PXT_DVY_LOCATION GRAPH: COMPETITIVE CONQUESTING_Run of Network_Behavioral_F25-54_320 x 50_Click and View_NV_NA,204649942,10/2/2017,5360,114,5246,3223,2023,13,2010,1960,50,3236,3156,5116
TJN_HOM_030_HomeGoods 2H Digital_F18,NinthDecimal,PJQ7NB_TJN_HOM_030_Mobile_NINTHDECIMAL_DST_SV1_MAP_DIR_RCH_TRG_RON_BTG_PXT_DVY_LOCATION GRAPH: COMPETITIVE CONQUESTING_Run of Network_Behavioral_F25-54_320 x 50_Click and View_NV_NA,204649942,9/23/2017,5273,87,5186,2489,2697,24,2673,2583,90,2513,2428,5011
TJN_HOM_030_HomeGoods 2H Digital_F18,xAd Inc.,PJQ7MR_TJN_HOM_030_Mobile_GROUND TRUTH FKA XAD_DST_SV1_MAP_DIR_DSP_TRG_RON_MKT_DMA_DVY_LOCATION - COMPETITOR SHOPPERS - DYNAMIC DISTANCE_Run of Network_Geo_F25-54_300 x 250_Click and View_NV_NA,204647890,9/6/2017,5813,91,5722,5722,0,0,0,0,0,5722,5245,5245
TJN_HOM_030_HomeGoods 2H Digital_F18,NinthDecimal,PJQ7NF_TJN_HOM_030_Mobile_NINTHDECIMAL_DST_SV1_MAP_DIR_RCH_TRG_RON_BTG_DMA_DVY_CONSUMER JOURNEY: HOME FURNISHINGS SHOPPERS_Run of Network_Behavioral_F25-54_320 x 50_Click and View_NV_NA,204626291,10/21/2017,9163,144,9019,5355,3664,19,3645,3553,92,5374,5238,8791
TJN_HOM_030_HomeGoods 2H Digital_F18,NinthDecimal,PJQ7NJ_TJN_HOM_030_Mobile_NINTHDECIMAL_DST_SV1_MAP_DIR_RCH_TRG_RON_BTG_DMA_DVY_CONSUMER JOURNEY: BARGAIN HUNTERS_Run of Network_Behavioral_F25-54_320 x 50_Click and View_NV_NA,204644353,9/10/2017,6820,147,6673,2171,4502,20,4482,4402,80,2191,2152,6554
TJN_HOM_030_HomeGoods 2H Digital_F18,NinthDecimal,PJQ7NF_TJN_HOM_030_Mobile_NINTHDECIMAL_DST_SV1_MAP_DIR_RCH_TRG_RON_BTG_DMA_DVY_CONSUMER JOURNEY: HOME FURNISHINGS SHOPPERS_Run of Network_Behavioral_F25-54_320 x 50_Click and View_NV_NA,204626291,9/9/2017,20766,353,20413,6437,13976,36,13940,13585,355,6473,6308,19893
TJN_HOM_030_HomeGoods 2H Digital_F18,NinthDecimal,PJQ7NB_TJN_HOM_030_Mobile_NINTHDECIMAL_DST_SV1_MAP_DIR_RCH_TRG_RON_BTG_PXT_DVY_LOCATION GRAPH: COMPETITIVE CONQUESTING_Run of Network_Behavioral_F25-54_320 x 50_Click and View_NV_NA,204649942,10/1/2017,5238,95,5143,2732,2411,10,2401,2340,61,2742,2672,5012
TJN_HOM_030_HomeGoods 2H Digital_F18,NinthDecimal,PJQ7NB_TJN_HOM_030_Mobile_NINTHDECIMAL_DST_SV1_MAP_DIR_RCH_TRG_RON_BTG_PXT_DVY_LOCATION GRAPH: COMPETITIVE CONQUESTING_Run of Network_Behavioral_F25-54_320 x 50_Click and View_NV_NA,204649942,10/3/2017,3175,47,3128,2518,610,17,593,574,19,2535,2454,3028
TJN_HOM_030_HomeGoods 2H Digital_F18,xAd Inc.,PJQ7MQ_TJN_HOM_030_Mobile_GROUND TRUTH FKA XAD_DST_SV1_MAP_DIR_DSP_TRG_RON_MKT_DMA_DVY_LOCATION - COMPETITOR SHOPPERS - DYNAMIC DISTANCE_Run of Network_Geo_F25-54_320 x 50_Click and View_NV_NA,204617210,9/27/2017,91699,2050,89649,65381,24268,2092,22176,17073,5103,67473,48468,65541
TJN_HOM_030_HomeGoods 2H Digital_F18,NinthDecimal,PJQ7N7_TJN_HOM_030_Mobile_NINTHDECIMAL_DST_SV1_MAP_DIR_RCH_TRG_RON_PXT_DMA_DVY_GEOFENCE: 15-20-MILE RADIUS AROUND RURAL STORES_Run of Network_Geo_F25-54_320 x 50_Click and View_NV_NA,204674556,10/16/2017,8856,145,8711,5449,3262,276,2986,2914,72,5725,5587,8501
TJN_HOM_030_HomeGoods 2H Digital_F18,Nativo Inc.,PJQDHJ_TJN_HOM_030_Content_NATIVO FKA POST RLSE_DSI_BS2_MWB_DIR_NAD_ROT_RON_CTG_BTG_DVY_NATIVE DISPLAY UNIT FALLIDAYS_Run of Network_Contextual_F25-54_1 x 1_Click and View_NV_NA,206024352,10/9/2017,547052,22050,525002,2043,522959,34274,488685,170362,318323,36317,12661,183023
TJN_HOM_030_HomeGoods 2H Digital_F18,NinthDecimal,PJQ7NH_TJN_HOM_030_Mobile_NINTHDECIMAL_DST_SV1_MAP_DIR_RCH_TRG_RON_BTG_DMA_DVY_CONSUMER JOURNEY: PET SUPPLY SHOPPERS_Run of Network_Behavioral_F25-54_320 x 50_Click and View_NV_NA,204647914,9/27/2017,7554,161,7393,2907,4486,23,4463,4321,142,2930,2837,7158
TJN_HOM_030_HomeGoods 2H Digital_F18,xAd Inc.,PJQ7MP_TJN_HOM_030_Mobile_GROUND TRUTH FKA XAD_DST_SV1_MAP_DIR_DSP_TRG_RON_MKT_DMA_DVY_LOCATION - HOMEGOODS SHOPPERS - DYNAMIC DISTANCE_Run of Network_Geo_F25-54_300 x 250_Click and View_NV_NA,204647878,10/20/2017,7450,180,7270,7270,0,0,0,0,0,7270,6731,6731
TJN_HOM_030_HomeGoods 2H Digital_F18,NinthDecimal,PJQ7ND_TJN_HOM_030_Mobile_NINTHDECIMAL_DST_SV1_MAP_DIR_RCH_TRG_RON_BTG_DMA_DVY_CONSUMER JOURNEY: HOUSEHOLD CEO_Run of Network_Behavioral_F25-54_320 x 50_Click and View_NV_NA,204626294,9/29/2017,6278,190,6088,2532,3556,12,3544,3484,60,2544,2501,5985
TJN_HOM_030_HomeGoods 2H Digital_F18,xAd Inc.,PJQ7ML_TJN_HOM_030_Mobile_GROUND TRUTH FKA XAD_DST_SV1_MAP_DIR_DSP_TRG_RON_BTG_DMA_DVY_BEHAVIORAL - HOME SHOPPER - DYNAMIC DISTANCE_Run of Network_Behavioral_F25-54_320 x 50_Click and View_NV_NA,204626174,10/12/2017,9713,155,9558,5421,4137,331,3806,3011,795,5752,4526,7537
TJN_HOM_025_HomeGoods Digital Video_Q4FY18,Tremor Video Inc.,PK6DYV_TJN_HOM_025_OLV_TREMOR NETWORK_AWR_BS1_MAP_DIR_VID_TRG_RON_PXT_CTG_DVY_ALL SCREEN PREROLL + PROXIMITYPLUS DWELL TIME TARGETING TO HOMEGOODS VISITORS MOB/TAB APP_Run of Network_Behavioral_F25-54_1280 x 720_Standard_NV_NA,205859075,10/13/2017,207434,2701,204733,204496,237,138,99,61,38,204634,126088,126149
TJN_HOM_030_HomeGoods 2H Digital_F18,NinthDecimal,"PJQ7NK_TJN_HOM_030_Mobile_NINTHDECIMAL_DST_SV1_MAP_DIR_RCH_TRG_RON_BTG_DMA_DVY_TV TARGETING: HGTV, DIY NETWORK, BRAVO, TLC, FOOD NETWORK_Run of Network_Behavioral_F25-54_320 x 50_Click and View_NV_NA",204674553,9/29/2017,1130,20,1110,340,770,7,763,747,16,347,340,1087
TJN_HOM_030_HomeGoods 2H Digital_F18,xAd Inc.,PJQ7MM_TJN_HOM_030_Mobile_GROUND TRUTH FKA XAD_DST_SV1_MAP_DIR_DSP_TRG_RON_BTG_DMA_DVY_BEHAVIORAL - HOME SHOPPER- DYNAMIC DISTANCE_Run of Network_Behavioral_F25-54_300 x 250_Click and View_NV_NA,204626171,9/23/2017,5453,162,5291,5288,3,0,3,0,3,5288,0,0
TJN_HOM_030_HomeGoods 2H Digital_F18,NinthDecimal,PJQ7N6_TJN_HOM_030_Mobile_NINTHDECIMAL_DST_SV1_MAP_DIR_RCH_TRG_RON_PXT_DMA_DVY_GEOFENCE: 5-10-MILE RADIUS AROUND SUBURBAN STORES_Run of Network_Geo_F25-54_320 x 50_Click and View_NV_NA,204646507,9/25/2017,14730,417,14313,6299,8014,27,7987,7815,172,6326,6190,14005
TJN_HOM_030_HomeGoods 2H Digital_F18,NinthDecimal,PJQ7NF_TJN_HOM_030_Mobile_NINTHDECIMAL_DST_SV1_MAP_DIR_RCH_TRG_RON_BTG_DMA_DVY_CONSUMER JOURNEY: HOME FURNISHINGS SHOPPERS_Run of Network_Behavioral_F25-54_320 x 50_Click and View_NV_NA,204626291,10/4/2017,7570,148,7422,4684,2738,27,2711,2596,115,4711,4511,7107
TJN_HOM_030_HomeGoods 2H Digital_F18,xAd Inc.,PJQ7MR_TJN_HOM_030_Mobile_GROUND TRUTH FKA XAD_DST_SV1_MAP_DIR_DSP_TRG_RON_MKT_DMA_DVY_LOCATION - COMPETITOR SHOPPERS - DYNAMIC DISTANCE_Run of Network_Geo_F25-54_300 x 250_Click and View_NV_NA,204647890,9/17/2017,4930,516,4414,4414,0,0,0,0,0,4414,0,0
TJN_HOM_025_HomeGoods Digital Video_Q4FY18,Tremor Video Inc.,PK6DWD_TJN_HOM_025_OLV_TREMOR NETWORK_AWR_BS1_MAP_DIR_VID_TRG_RON_BTG_CTG_DVY_ALL SCREEN PREROLL + SOCIAL AFFINITY TARGETING TO W25-54 HOME ENTHUSIASTS MOB/TAB APP_Run of Network_Behavioral_F25-54_1280 x 720_Standard_NV_NA,205941321,10/8/2017,1684,7,1677,1435,242,2,240,217,23,1437,1299,1516
TJN_HOM_030_HomeGoods 2H Digital_F18,xAd Inc.,PJQ7MJ_TJN_HOM_030_Mobile_GROUND TRUTH FKA XAD_DST_SV1_MAP_DIR_DSP_TRG_RON_PXT_BTG_DVY_PROXIMITY LOYALTY - STORE LOCATOR UNIT_Run of Network_Geo_F25-54_320 x 50_Click and View_NV_NA,204649939,10/11/2017,19952,559,19393,8107,11286,82,11204,10380,824,8189,7587,17967
TJN_HOM_030_HomeGoods 2H Digital_F18,xAd Inc.,PJQ7MN_TJN_HOM_030_Mobile_GROUND TRUTH FKA XAD_DST_SV1_MAP_DIR_DSP_TRG_RON_MKT_DMA_DVY_LOCATION - HOMEGOODS SHOPPERS - DYNAMIC DISTANCE_Run of Network_Geo_F25-54_320 x 50_Click and View_NV_NA,204651439,10/17/2017,4679,64,4615,3547,1068,12,1056,930,126,3559,3034,3964
TJN_HOM_030_HomeGoods 2H Digital_F18,NinthDecimal,"PJQ7NK_TJN_HOM_030_Mobile_NINTHDECIMAL_DST_SV1_MAP_DIR_RCH_TRG_RON_BTG_DMA_DVY_TV TARGETING: HGTV, DIY NETWORK, BRAVO, TLC, FOOD NETWORK_Run of Network_Behavioral_F25-54_320 x 50_Click and View_NV_NA",204674553,9/10/2017,3593,52,3541,2849,692,6,686,654,32,2855,2722,3376
TJN_HOM_030_HomeGoods 2H Digital_F18,xAd Inc.,PJQ7ML_TJN_HOM_030_Mobile_GROUND TRUTH FKA XAD_DST_SV1_MAP_DIR_DSP_TRG_RON_BTG_DMA_DVY_BEHAVIORAL - HOME SHOPPER - DYNAMIC DISTANCE_Run of Network_Behavioral_F25-54_320 x 50_Click and View_NV_NA,204626174,9/4/2017,6,0,6,0,6,0,6,6,0,0,0,6
TJN_HOM_030_HomeGoods 2H Digital_F18,xAd Inc.,PJQ7MJ_TJN_HOM_030_Mobile_GROUND TRUTH FKA XAD_DST_SV1_MAP_DIR_DSP_TRG_RON_PXT_BTG_DVY_PROXIMITY LOYALTY - STORE LOCATOR UNIT_Run of Network_Geo_F25-54_320 x 50_Click and View_NV_NA,204649939,10/6/2017,11783,310,11473,6992,4481,35,4446,4242,204,7027,6705,10947
TJN_HOM_030_HomeGoods 2H Digital_F18,NinthDecimal,PJQ7ND_TJN_HOM_030_Mobile_NINTHDECIMAL_DST_SV1_MAP_DIR_RCH_TRG_RON_BTG_DMA_DVY_CONSUMER JOURNEY: HOUSEHOLD CEO_Run of Network_Behavioral_F25-54_320 x 50_Click and View_NV_NA,204626294,9/10/2017,3181,49,3132,984,2148,10,2138,2072,66,994,963,3035
TJN_HOM_030_HomeGoods 2H Digital_F18,NinthDecimal,PJQ7N8_TJN_HOM_030_Mobile_NINTHDECIMAL_DST_SV1_MAP_DIR_RCH_TRG_RON_BTG_PXT_DVY_LOCATION GRAPH: HOMEGOODS LOYALISTS_Run of Network_Behavioral_F25-54_320 x 50_Click and View_NV_NA,204675012,9/28/2017,6627,94,6533,2536,3997,15,3982,3840,142,2551,2460,6300
TJN_HOM_030_HomeGoods 2H Digital_F18,NinthDecimal,PJQ7N9_TJN_HOM_030_Mobile_NINTHDECIMAL_DST_SV1_MAP_DIR_RCH_TRG_RON_BTG_PXT_DVY_LOCATION GRAPH: TJX FAMILY LOYALISTS_Run of Network_Behavioral_F25-54_320 x 50_Click and View_NV_NA,204647917,10/11/2017,25034,534,24500,9389,15111,95,15016,14540,476,9484,9183,23723
TJN_HOM_030_HomeGoods 2H Digital_F18,Nativo Inc.,PK87W8_TJN_HOM_030_Content_NATIVO FKA POST RLSE_DSI_BS2_MWB_DIR_NAD_ROT_RON_CTG_BTG_DVY_NATIVE DISPLAY UNIT FALL TRENDS_Run of Network_Contextual_F25-54_1 x 1_Click and View_NV_NA,206137761,10/17/2017,265688,9927,255761,1651,254110,17258,236852,78449,158403,18909,6263,84712
TJN_HOM_030_HomeGoods 2H Digital_F18,NinthDecimal,PJQ7N7_TJN_HOM_030_Mobile_NINTHDECIMAL_DST_SV1_MAP_DIR_RCH_TRG_RON_PXT_DMA_DVY_GEOFENCE: 15-20-MILE RADIUS AROUND RURAL STORES_Run of Network_Geo_F25-54_320 x 50_Click and View_NV_NA,204674556,9/6/2017,6018,116,5902,2854,3048,20,3028,2961,67,2874,2810,5771
TJN_HOM_030_HomeGoods 2H Digital_F18,NinthDecimal,PJQ7NF_TJN_HOM_030_Mobile_NINTHDECIMAL_DST_SV1_MAP_DIR_RCH_TRG_RON_BTG_DMA_DVY_CONSUMER JOURNEY: HOME FURNISHINGS SHOPPERS_Run of Network_Behavioral_F25-54_320 x 50_Click and View_NV_NA,204626291,10/15/2017,9374,157,9217,5805,3412,18,3394,3273,121,5823,5615,8888
TJN_HOM_030_HomeGoods 2H Digital_F18,NinthDecimal,PJQ7NG_TJN_HOM_030_Mobile_NINTHDECIMAL_DST_SV1_MAP_DIR_RCH_TRG_RON_BTG_DMA_DVY_CONSUMER JOURNEY: NEW HOME BUYERS & MOVERS_Run of Network_Behavioral_F25-54_320 x 50_Click and View_NV_NA,204625835,9/24/2017,7632,94,7538,2265,5273,33,5240,5087,153,2298,2231,7318
TJN_HOM_030_HomeGoods 2H Digital_F18,NinthDecimal,PJQ7NC_TJN_HOM_030_Mobile_NINTHDECIMAL_DST_SV1_MAP_DIR_RCH_TRG_RON_BTG_DMA_DVY_CONSUMER JOURNEY: DIYERS_Run of Network_Behavioral_F25-54_320 x 50_Click and View_NV_NA,204675009,10/12/2017,9871,188,9683,4877,4806,23,4783,4603,180,4900,4716,9319
TJN_HOM_030_HomeGoods 2H Digital_F18,NinthDecimal,PJQ7NB_TJN_HOM_030_Mobile_NINTHDECIMAL_DST_SV1_MAP_DIR_RCH_TRG_RON_BTG_PXT_DVY_LOCATION GRAPH: COMPETITIVE CONQUESTING_Run of Network_Behavioral_F25-54_320 x 50_Click and View_NV_NA,204649942,10/18/2017,8358,104,8254,4785,3469,39,3430,3347,83,4824,4707,8054
TJN_HOM_030_HomeGoods 2H Digital_F18,NinthDecimal,PJQ7N9_TJN_HOM_030_Mobile_NINTHDECIMAL_DST_SV1_MAP_DIR_RCH_TRG_RON_BTG_PXT_DVY_LOCATION GRAPH: TJX FAMILY LOYALISTS_Run of Network_Behavioral_F25-54_320 x 50_Click and View_NV_NA,204647917,10/6/2017,16951,329,16622,8925,7697,50,7647,7369,278,8975,8649,16018
TJN_HOM_030_HomeGoods 2H Digital_F18,NinthDecimal,PJQ7NG_TJN_HOM_030_Mobile_NINTHDECIMAL_DST_SV1_MAP_DIR_RCH_TRG_RON_BTG_DMA_DVY_CONSUMER JOURNEY: NEW HOME BUYERS & MOVERS_Run of Network_Behavioral_F25-54_320 x 50_Click and View_NV_NA,204625835,9/22/2017,8004,139,7865,2594,5271,33,5238,5081,157,2627,2548,7629
TJN_HOM_030_HomeGoods 2H Digital_F18,xAd Inc.,PJQ7MK_TJN_HOM_030_Mobile_GROUND TRUTH FKA XAD_DST_SV1_MAP_DIR_DSP_TRG_RON_PXT_BTG_DVY_PROXIMITY LOYALTY - STORE LOCATOR UNIT_Run of Network_Geo_F25-54_300 x 250_Click and View_NV_NA,204625442,10/21/2017,4550,34,4516,226,4290,29,4261,4106,155,255,246,4352
TJN_HOM_030_HomeGoods 2H Digital_F18,NinthDecimal,PJQ7N8_TJN_HOM_030_Mobile_NINTHDECIMAL_DST_SV1_MAP_DIR_RCH_TRG_RON_BTG_PXT_DVY_LOCATION GRAPH: HOMEGOODS LOYALISTS_Run of Network_Behavioral_F25-54_320 x 50_Click and View_NV_NA,204675012,9/14/2017,6270,494,5776,1271,4505,19,4486,4293,193,1290,1235,5528
TJN_HOM_030_HomeGoods 2H Digital_F18,Nativo Inc.,PK87W8_TJN_HOM_030_Content_NATIVO FKA POST RLSE_DSI_BS2_MWB_DIR_NAD_ROT_RON_CTG_BTG_DVY_NATIVE DISPLAY UNIT FALL TRENDS_Run of Network_Contextual_F25-54_1 x 1_Click and View_NV_NA,206137761,10/5/2017,267220,11170,256050,2456,253594,23079,230515,64397,166118,25535,7133,71530
TJN_HOM_030_HomeGoods 2H Digital_F18,xAd Inc.,PJQ7MK_TJN_HOM_030_Mobile_GROUND TRUTH FKA XAD_DST_SV1_MAP_DIR_DSP_TRG_RON_PXT_BTG_DVY_PROXIMITY LOYALTY - STORE LOCATOR UNIT_Run of Network_Geo_F25-54_300 x 250_Click and View_NV_NA,204625442,9/9/2017,585,6,579,10,569,2,567,532,35,12,11,543
TJN_HOM_030_HomeGoods 2H Digital_F18,NinthDecimal,PJQ7N8_TJN_HOM_030_Mobile_NINTHDECIMAL_DST_SV1_MAP_DIR_RCH_TRG_RON_BTG_PXT_DVY_LOCATION GRAPH: HOMEGOODS LOYALISTS_Run of Network_Behavioral_F25-54_320 x 50_Click and View_NV_NA,204675012,10/14/2017,14038,167,13871,4561,9310,49,9261,8951,310,4610,4456,13407
TJN_HOM_030_HomeGoods 2H Digital_F18,NinthDecimal,PJQ7NH_TJN_HOM_030_Mobile_NINTHDECIMAL_DST_SV1_MAP_DIR_RCH_TRG_RON_BTG_DMA_DVY_CONSUMER JOURNEY: PET SUPPLY SHOPPERS_Run of Network_Behavioral_F25-54_320 x 50_Click and View_NV_NA,204647914,9/12/2017,13978,226,13752,4968,8784,84,8700,8447,253,5052,4905,13352
TJN_HOM_030_HomeGoods 2H Digital_F18,xAd Inc.,PJQ7MG_TJN_HOM_030_Mobile_GROUND TRUTH FKA XAD_DST_SV1_MAP_DIR_DSP_TRG_RON_PXT_BTG_DVY_PROXIMITY LOYALTY - DYNAMIC DISTANCE_Run of Network_Geo_F25-54_320 x 50_Click and View_NV_NA,204626813,9/21/2017,35341,854,34487,25184,9303,1801,7502,6266,1236,26985,16797,23063
TJN_HOM_030_HomeGoods 2H Digital_F18,NinthDecimal,PJQ7N5_TJN_HOM_030_Mobile_NINTHDECIMAL_DST_SV1_MAP_DIR_RCH_TRG_RON_PXT_DMA_DVY_GEOFENCE: 2-MILE RADIUS AROUND URBAN STORES_Run of Network_Geo_F25-54_320 x 50_Click and View_NV_NA,204649945,9/21/2017,12854,440,12414,5546,6868,32,6836,6594,242,5578,5381,11975
TJN_HOM_030_HomeGoods 2H Digital_F18,xAd Inc.,PJQ7MQ_TJN_HOM_030_Mobile_GROUND TRUTH FKA XAD_DST_SV1_MAP_DIR_DSP_TRG_RON_MKT_DMA_DVY_LOCATION - COMPETITOR SHOPPERS - DYNAMIC DISTANCE_Run of Network_Geo_F25-54_320 x 50_Click and View_NV_NA,204617210,9/12/2017,16308,182,16126,12613,3513,491,3022,2747,275,13104,8706,11453
TJN_HOM_030_HomeGoods 2H Digital_F18,NinthDecimal,PJQ7N6_TJN_HOM_030_Mobile_NINTHDECIMAL_DST_SV1_MAP_DIR_RCH_TRG_RON_PXT_DMA_DVY_GEOFENCE: 5-10-MILE RADIUS AROUND SUBURBAN STORES_Run of Network_Geo_F25-54_320 x 50_Click and View_NV_NA,204646507,9/7/2017,6321,173,6148,3292,2856,12,2844,2780,64,3304,3230,6010
TJN_HOM_025_HomeGoods Digital Video_Q4FY18,Tremor Video Inc.,PK6DYV_TJN_HOM_025_OLV_TREMOR NETWORK_AWR_BS1_MAP_DIR_VID_TRG_RON_PXT_CTG_DVY_ALL SCREEN PREROLL + PROXIMITYPLUS DWELL TIME TARGETING TO HOMEGOODS VISITORS MOB/TAB APP_Run of Network_Behavioral_F25-54_1280 x 720_Standard_NV_NA,205859075,10/10/2017,465,0,465,294,171,0,171,146,25,294,251,397
TJN_HOM_030_HomeGoods 2H Digital_F18,NinthDecimal,PJQ7N5_TJN_HOM_030_Mobile_NINTHDECIMAL_DST_SV1_MAP_DIR_RCH_TRG_RON_PXT_DMA_DVY_GEOFENCE: 2-MILE RADIUS AROUND URBAN STORES_Run of Network_Geo_F25-54_320 x 50_Click and View_NV_NA,204649945,10/6/2017,9076,281,8795,5089,3706,36,3670,3498,172,5125,4885,8383
TJN_HOM_030_HomeGoods 2H Digital_F18,NinthDecimal,PJQ7N8_TJN_HOM_030_Mobile_NINTHDECIMAL_DST_SV1_MAP_DIR_RCH_TRG_RON_BTG_PXT_DVY_LOCATION GRAPH: HOMEGOODS LOYALISTS_Run of Network_Behavioral_F25-54_320 x 50_Click and View_NV_NA,204675012,9/5/2017,249,5,244,111,133,5,128,122,6,116,111,233
TJN_HOM_030_HomeGoods 2H Digital_F18,xAd Inc.,PJQ7MG_TJN_HOM_030_Mobile_GROUND TRUTH FKA XAD_DST_SV1_MAP_DIR_DSP_TRG_RON_PXT_BTG_DVY_PROXIMITY LOYALTY - DYNAMIC DISTANCE_Run of Network_Geo_F25-54_320 x 50_Click and View_NV_NA,204626813,10/6/2017,56384,1266,55118,42776,12342,1111,11231,9174,2057,43887,32190,41364
TJN_HOM_030_HomeGoods 2H Digital_F18,NinthDecimal,PJQ7N7_TJN_HOM_030_Mobile_NINTHDECIMAL_DST_SV1_MAP_DIR_RCH_TRG_RON_PXT_DMA_DVY_GEOFENCE: 15-20-MILE RADIUS AROUND RURAL STORES_Run of Network_Geo_F25-54_320 x 50_Click and View_NV_NA,204674556,9/17/2017,9868,223,9645,3706,5939,17,5922,5820,102,3723,3659,9479
TJN_HOM_030_HomeGoods 2H Digital_F18,xAd Inc.,PJQ7MG_TJN_HOM_030_Mobile_GROUND TRUTH FKA XAD_DST_SV1_MAP_DIR_DSP_TRG_RON_PXT_BTG_DVY_PROXIMITY LOYALTY - DYNAMIC DISTANCE_Run of Network_Geo_F25-54_320 x 50_Click and View_NV_NA,204626813,10/11/2017,66743,2008,64735,55747,8988,1110,7878,6506,1372,56857,45302,51808
TJN_HOM_030_HomeGoods 2H Digital_F18,xAd Inc.,PJQ7MN_TJN_HOM_030_Mobile_GROUND TRUTH FKA XAD_DST_SV1_MAP_DIR_DSP_TRG_RON_MKT_DMA_DVY_LOCATION - HOMEGOODS SHOPPERS - DYNAMIC DISTANCE_Run of Network_Geo_F25-54_320 x 50_Click and View_NV_NA,204651439,9/18/2017,9625,157,9468,7509,1959,558,1401,1319,82,8067,7624,8943
TJN_HOM_030_HomeGoods 2H Digital_F18,NinthDecimal,PJQ7N5_TJN_HOM_030_Mobile_NINTHDECIMAL_DST_SV1_MAP_DIR_RCH_TRG_RON_PXT_DMA_DVY_GEOFENCE: 2-MILE RADIUS AROUND URBAN STORES_Run of Network_Geo_F25-54_320 x 50_Click and View_NV_NA,204649945,10/11/2017,14042,482,13560,6426,7134,54,7080,6795,285,6480,6219,13014
TJN_HOM_030_HomeGoods 2H Digital_F18,xAd Inc.,PJQ7MH_TJN_HOM_030_Mobile_GROUND TRUTH FKA XAD_DST_SV1_MAP_DIR_DSP_TRG_RON_PXT_BTG_DVY_PROXIMITY LOYALTY - DYNAMIC DISTANCE_Run of Network_Geo_F25-54_300 x 250_Click and View_NV_NA,204675003,9/25/2017,30394,11893,18501,18456,45,1,44,36,8,18457,15097,15133
TJN_HOM_030_HomeGoods 2H Digital_F18,NinthDecimal,PJQ7N9_TJN_HOM_030_Mobile_NINTHDECIMAL_DST_SV1_MAP_DIR_RCH_TRG_RON_BTG_PXT_DVY_LOCATION GRAPH: TJX FAMILY LOYALISTS_Run of Network_Behavioral_F25-54_320 x 50_Click and View_NV_NA,204647917,9/21/2017,5199,155,5044,1683,3361,22,3339,3233,106,1705,1651,4884
TJN_HOM_030_HomeGoods 2H Digital_F18,xAd Inc.,PJQ7MM_TJN_HOM_030_Mobile_GROUND TRUTH FKA XAD_DST_SV1_MAP_DIR_DSP_TRG_RON_BTG_DMA_DVY_BEHAVIORAL - HOME SHOPPER- DYNAMIC DISTANCE_Run of Network_Behavioral_F25-54_300 x 250_Click and View_NV_NA,204626171,10/18/2017,7121,98,7023,7023,0,0,0,0,0,7023,5793,5793
TJN_HOM_025_HomeGoods Digital Video_Q4FY18,Tremor Video Inc.,PK6F30_TJN_HOM_025_OLV_TREMOR NETWORK_AWR_BS1_CTV_DIR_VID_TRG_RON_PXT_CTG_DVY_ALL SCREEN PREROLL + PROXIMITYPLUS DWELL TIME TARGETING TO HOMEGOODS VISITORS CTV_Run of Network_Behavioral_F25-54_1280 x 720_Standard_NV_NA,205942131,10/11/2017,3272,0,3272,3272,0,0,0,0,0,3272,0,0
TJN_HOM_025_HomeGoods Digital Video_Q4FY18,Tremor Video Inc.,PK6F30_TJN_HOM_025_OLV_TREMOR NETWORK_AWR_BS1_CTV_DIR_VID_TRG_RON_PXT_CTG_DVY_ALL SCREEN PREROLL + PROXIMITYPLUS DWELL TIME TARGETING TO HOMEGOODS VISITORS CTV_Run of Network_Behavioral_F25-54_1280 x 720_Standard_NV_NA,205942131,10/6/2017,1293,0,1293,1293,0,0,0,0,0,1293,0,0
TJN_HOM_030_HomeGoods 2H Digital_F18,xAd Inc.,PJQ7MR_TJN_HOM_030_Mobile_GROUND TRUTH FKA XAD_DST_SV1_MAP_DIR_DSP_TRG_RON_MKT_DMA_DVY_LOCATION - COMPETITOR SHOPPERS - DYNAMIC DISTANCE_Run of Network_Geo_F25-54_300 x 250_Click and View_NV_NA,204647890,10/16/2017,7458,104,7354,7354,0,0,0,0,0,7354,6586,6586
TJN_HOM_030_HomeGoods 2H Digital_F18,xAd Inc.,PJQ7MK_TJN_HOM_030_Mobile_GROUND TRUTH FKA XAD_DST_SV1_MAP_DIR_DSP_TRG_RON_PXT_BTG_DVY_PROXIMITY LOYALTY - STORE LOCATOR UNIT_Run of Network_Geo_F25-54_300 x 250_Click and View_NV_NA,204625442,10/4/2017,4,0,4,2,2,1,1,1,0,3,3,4
TJN_HOM_030_HomeGoods 2H Digital_F18,NinthDecimal,PJQ7NJ_TJN_HOM_030_Mobile_NINTHDECIMAL_DST_SV1_MAP_DIR_RCH_TRG_RON_BTG_DMA_DVY_CONSUMER JOURNEY: BARGAIN HUNTERS_Run of Network_Behavioral_F25-54_320 x 50_Click and View_NV_NA,204644353,9/18/2017,10406,256,10150,3486,6664,45,6619,6415,204,3531,3422,9837
TJN_HOM_025_HomeGoods Digital Video_Q4FY18,Tremor Video Inc.,PK1FYN_TJN_HOM_025_OLV_TREMOR NETWORK_AWR_BS1_DSK_DIR_VID_TRG_RON_PXT_CTG_DVY_ALL SCREEN PREROLL + PROXIMITYPLUS DWELL TIME TARGETING TO HOMEGOODS VISITORS DESKTOP_Run of Network_Behavioral_F25-54_1280 x 720_Standard_NV_NA,205941312,10/21/2017,50583,39,50544,9461,41083,780,40303,35820,4483,10241,9102,44922
TJN_HOM_030_HomeGoods 2H Digital_F18,xAd Inc.,PJQ7ML_TJN_HOM_030_Mobile_GROUND TRUTH FKA XAD_DST_SV1_MAP_DIR_DSP_TRG_RON_BTG_DMA_DVY_BEHAVIORAL - HOME SHOPPER - DYNAMIC DISTANCE_Run of Network_Behavioral_F25-54_320 x 50_Click and View_NV_NA,204626174,9/16/2017,17627,246,17381,12094,5287,3687,1600,1463,137,15781,13429,14892
TJN_HOM_030_HomeGoods 2H Digital_F18,xAd Inc.,PJQ7MS_TJN_HOM_030_Mobile_GROUND TRUTH FKA XAD_DST_SV1_MAP_DIR_DSP_TRG_RON_DMA_PXT_DVY_AV DMA TARGETING_Run of Network_Geo_F25-54_300 x 250_Click and View_NV_NA,204646501,9/18/2017,9057,180,8877,5320,3557,1160,2397,1879,518,6480,5232,7111
TJN_HOM_030_HomeGoods 2H Digital_F18,xAd Inc.,PJQ7MR_TJN_HOM_030_Mobile_GROUND TRUTH FKA XAD_DST_SV1_MAP_DIR_DSP_TRG_RON_MKT_DMA_DVY_LOCATION - COMPETITOR SHOPPERS - DYNAMIC DISTANCE_Run of Network_Geo_F25-54_300 x 250_Click and View_NV_NA,204647890,9/22/2017,4794,189,4605,4605,0,0,0,0,0,4605,3684,3684
TJN_HOM_030_HomeGoods 2H Digital_F18,xAd Inc.,PJQ7ML_TJN_HOM_030_Mobile_GROUND TRUTH FKA XAD_DST_SV1_MAP_DIR_DSP_TRG_RON_BTG_DMA_DVY_BEHAVIORAL - HOME SHOPPER - DYNAMIC DISTANCE_Run of Network_Behavioral_F25-54_320 x 50_Click and View_NV_NA,204626174,9/13/2017,17166,212,16954,12630,4324,865,3459,3134,325,13495,9209,12343
TJN_HOM_030_HomeGoods 2H Digital_F18,NinthDecimal,PJQ7NG_TJN_HOM_030_Mobile_NINTHDECIMAL_DST_SV1_MAP_DIR_RCH_TRG_RON_BTG_DMA_DVY_CONSUMER JOURNEY: NEW HOME BUYERS & MOVERS_Run of Network_Behavioral_F25-54_320 x 50_Click and View_NV_NA,204625835,9/30/2017,10787,107,10680,3620,7060,35,7025,6861,164,3655,3570,10431
TJN_HOM_030_HomeGoods 2H Digital_F18,xAd Inc.,PJQ7MJ_TJN_HOM_030_Mobile_GROUND TRUTH FKA XAD_DST_SV1_MAP_DIR_DSP_TRG_RON_PXT_BTG_DVY_PROXIMITY LOYALTY - STORE LOCATOR UNIT_Run of Network_Geo_F25-54_320 x 50_Click and View_NV_NA,204649939,9/12/2017,29063,807,28256,19623,8633,134,8499,7503,996,19757,17442,24945
TJN_HOM_030_HomeGoods 2H Digital_F18,xAd Inc.,PJQ7ML_TJN_HOM_030_Mobile_GROUND TRUTH FKA XAD_DST_SV1_MAP_DIR_DSP_TRG_RON_BTG_DMA_DVY_BEHAVIORAL - HOME SHOPPER - DYNAMIC DISTANCE_Run of Network_Behavioral_F25-54_320 x 50_Click and View_NV_NA,204626174,10/13/2017,8399,100,8299,5820,2479,233,2246,1852,394,6053,4885,6737
TJN_HOM_025_HomeGoods Digital Video_Q4FY18,Tremor Video Inc.,PK6DYV_TJN_HOM_025_OLV_TREMOR NETWORK_AWR_BS1_MAP_DIR_VID_TRG_RON_PXT_CTG_DVY_ALL SCREEN PREROLL + PROXIMITYPLUS DWELL TIME TARGETING TO HOMEGOODS VISITORS MOB/TAB APP_Run of Network_Behavioral_F25-54_1280 x 720_Standard_NV_NA,205859075,10/12/2017,220780,1080,219700,219573,127,78,49,43,6,219651,192755,192798
TJN_HOM_030_HomeGoods 2H Digital_F18,NinthDecimal,PJQ7NB_TJN_HOM_030_Mobile_NINTHDECIMAL_DST_SV1_MAP_DIR_RCH_TRG_RON_BTG_PXT_DVY_LOCATION GRAPH: COMPETITIVE CONQUESTING_Run of Network_Behavioral_F25-54_320 x 50_Click and View_NV_NA,204649942,9/20/2017,4295,118,4177,2173,2004,13,1991,1946,45,2186,2137,4083
TJN_HOM_030_HomeGoods 2H Digital_F18,xAd Inc.,PJQ7MK_TJN_HOM_030_Mobile_GROUND TRUTH FKA XAD_DST_SV1_MAP_DIR_DSP_TRG_RON_PXT_BTG_DVY_PROXIMITY LOYALTY - STORE LOCATOR UNIT_Run of Network_Geo_F25-54_300 x 250_Click and View_NV_NA,204625442,9/7/2017,677,19,658,2,656,1,655,634,21,3,3,637
TJN_HOM_030_HomeGoods 2H Digital_F18,NinthDecimal,PJQ7N6_TJN_HOM_030_Mobile_NINTHDECIMAL_DST_SV1_MAP_DIR_RCH_TRG_RON_PXT_DMA_DVY_GEOFENCE: 5-10-MILE RADIUS AROUND SUBURBAN STORES_Run of Network_Geo_F25-54_320 x 50_Click and View_NV_NA,204646507,10/21/2017,8983,186,8797,5400,3397,27,3370,3291,79,5427,5300,8591
TJN_HOM_030_HomeGoods 2H Digital_F18,xAd Inc.,PJQ7ML_TJN_HOM_030_Mobile_GROUND TRUTH FKA XAD_DST_SV1_MAP_DIR_DSP_TRG_RON_BTG_DMA_DVY_BEHAVIORAL - HOME SHOPPER - DYNAMIC DISTANCE_Run of Network_Behavioral_F25-54_320 x 50_Click and View_NV_NA,204626174,9/19/2017,16202,245,15957,11900,4057,2088,1969,1691,278,13988,11144,12835
TJN_HOM_030_HomeGoods 2H Digital_F18,xAd Inc.,PJQ7MR_TJN_HOM_030_Mobile_GROUND TRUTH FKA XAD_DST_SV1_MAP_DIR_DSP_TRG_RON_MKT_DMA_DVY_LOCATION - COMPETITOR SHOPPERS - DYNAMIC DISTANCE_Run of Network_Geo_F25-54_300 x 250_Click and View_NV_NA,204647890,9/24/2017,5473,162,5311,5231,80,4,76,71,5,5235,4878,4949
TJN_HOM_030_HomeGoods 2H Digital_F18,NinthDecimal,PJQ7N9_TJN_HOM_030_Mobile_NINTHDECIMAL_DST_SV1_MAP_DIR_RCH_TRG_RON_BTG_PXT_DVY_LOCATION GRAPH: TJX FAMILY LOYALISTS_Run of Network_Behavioral_F25-54_320 x 50_Click and View_NV_NA,204647917,9/27/2017,7185,195,6990,3868,3122,23,3099,2983,116,3891,3745,6728
TJN_HOM_030_HomeGoods 2H Digital_F18,xAd Inc.,PJQ7MH_TJN_HOM_030_Mobile_GROUND TRUTH FKA XAD_DST_SV1_MAP_DIR_DSP_TRG_RON_PXT_BTG_DVY_PROXIMITY LOYALTY - DYNAMIC DISTANCE_Run of Network_Geo_F25-54_300 x 250_Click and View_NV_NA,204675003,10/15/2017,28877,757,28120,28120,0,0,0,0,0,28120,2343,2343
TJN_HOM_030_HomeGoods 2H Digital_F18,NinthDecimal,PJQ7N6_TJN_HOM_030_Mobile_NINTHDECIMAL_DST_SV1_MAP_DIR_RCH_TRG_RON_PXT_DMA_DVY_GEOFENCE: 5-10-MILE RADIUS AROUND SUBURBAN STORES_Run of Network_Geo_F25-54_320 x 50_Click and View_NV_NA,204646507,9/9/2017,6932,166,6766,3115,3651,17,3634,3567,67,3132,3074,6641
TJN_HOM_030_HomeGoods 2H Digital_F18,NinthDecimal,PJQ7N8_TJN_HOM_030_Mobile_NINTHDECIMAL_DST_SV1_MAP_DIR_RCH_TRG_RON_BTG_PXT_DVY_LOCATION GRAPH: HOMEGOODS LOYALISTS_Run of Network_Behavioral_F25-54_320 x 50_Click and View_NV_NA,204675012,10/20/2017,12033,181,11852,3821,8031,51,7980,7702,278,3872,3737,11439
TJN_HOM_030_HomeGoods 2H Digital_F18,NinthDecimal,PJQ7ND_TJN_HOM_030_Mobile_NINTHDECIMAL_DST_SV1_MAP_DIR_RCH_TRG_RON_BTG_DMA_DVY_CONSUMER JOURNEY: HOUSEHOLD CEO_Run of Network_Behavioral_F25-54_320 x 50_Click and View_NV_NA,204626294,9/18/2017,9849,222,9627,2452,7175,35,7140,6960,180,2487,2424,9384
TJN_HOM_030_HomeGoods 2H Digital_F18,NinthDecimal,PJQ7NG_TJN_HOM_030_Mobile_NINTHDECIMAL_DST_SV1_MAP_DIR_RCH_TRG_RON_BTG_DMA_DVY_CONSUMER JOURNEY: NEW HOME BUYERS & MOVERS_Run of Network_Behavioral_F25-54_320 x 50_Click and View_NV_NA,204625835,10/16/2017,9967,130,9837,4536,5301,40,5261,5105,156,4576,4440,9545
TJN_HOM_030_HomeGoods 2H Digital_F18,NinthDecimal,"PJQ7NK_TJN_HOM_030_Mobile_NINTHDECIMAL_DST_SV1_MAP_DIR_RCH_TRG_RON_BTG_DMA_DVY_TV TARGETING: HGTV, DIY NETWORK, BRAVO, TLC, FOOD NETWORK_Run of Network_Behavioral_F25-54_320 x 50_Click and View_NV_NA",204674553,9/18/2017,7028,229,6799,2072,4727,40,4687,4493,194,2112,2025,6518
TJN_HOM_025_HomeGoods Digital Video_Q4FY18,Tremor Video Inc.,PK1FYN_TJN_HOM_025_OLV_TREMOR NETWORK_AWR_BS1_DSK_DIR_VID_TRG_RON_PXT_CTG_DVY_ALL SCREEN PREROLL + PROXIMITYPLUS DWELL TIME TARGETING TO HOMEGOODS VISITORS DESKTOP_Run of Network_Behavioral_F25-54_1280 x 720_Standard_NV_NA,205941312,10/4/2017,194996,109,194887,101575,93312,1393,91919,29229,62690,102968,32742,61971
TJN_HOM_030_HomeGoods 2H Digital_F18,xAd Inc.,PJQ7MM_TJN_HOM_030_Mobile_GROUND TRUTH FKA XAD_DST_SV1_MAP_DIR_DSP_TRG_RON_BTG_DMA_DVY_BEHAVIORAL - HOME SHOPPER- DYNAMIC DISTANCE_Run of Network_Behavioral_F25-54_300 x 250_Click and View_NV_NA,204626171,9/20/2017,5775,213,5562,5552,10,1,9,0,9,5553,0,0
TJN_HOM_030_HomeGoods 2H Digital_F18,Nativo Inc.,PJQDHJ_TJN_HOM_030_Content_NATIVO FKA POST RLSE_DSI_BS2_MWB_DIR_NAD_ROT_RON_CTG_BTG_DVY_NATIVE DISPLAY UNIT FALLIDAYS_Run of Network_Contextual_F25-54_1 x 1_Click and View_NV_NA,206024352,10/18/2017,447927,25723,422204,1769,420435,24371,396064,161099,234965,26140,10632,171731
TJN_HOM_030_HomeGoods 2H Digital_F18,NinthDecimal,PJQ7NF_TJN_HOM_030_Mobile_NINTHDECIMAL_DST_SV1_MAP_DIR_RCH_TRG_RON_BTG_DMA_DVY_CONSUMER JOURNEY: HOME FURNISHINGS SHOPPERS_Run of Network_Behavioral_F25-54_320 x 50_Click and View_NV_NA,204626291,9/25/2017,9705,222,9483,2894,6589,26,6563,6441,122,2920,2866,9307
TJN_HOM_030_HomeGoods 2H Digital_F18,xAd Inc.,PJQ7MG_TJN_HOM_030_Mobile_GROUND TRUTH FKA XAD_DST_SV1_MAP_DIR_DSP_TRG_RON_PXT_BTG_DVY_PROXIMITY LOYALTY - DYNAMIC DISTANCE_Run of Network_Geo_F25-54_320 x 50_Click and View_NV_NA,204626813,9/27/2017,38148,953,37195,31576,5619,1337,4282,3579,703,32913,28565,32144
TJN_HOM_030_HomeGoods 2H Digital_F18,NinthDecimal,PJQ7N6_TJN_HOM_030_Mobile_NINTHDECIMAL_DST_SV1_MAP_DIR_RCH_TRG_RON_PXT_DMA_DVY_GEOFENCE: 5-10-MILE RADIUS AROUND SUBURBAN STORES_Run of Network_Geo_F25-54_320 x 50_Click and View_NV_NA,204646507,10/4/2017,7342,270,7072,4397,2675,20,2655,2562,93,4417,4262,6824
TJN_HOM_030_HomeGoods 2H Digital_F18,NinthDecimal,PJQ7N5_TJN_HOM_030_Mobile_NINTHDECIMAL_DST_SV1_MAP_DIR_RCH_TRG_RON_PXT_DMA_DVY_GEOFENCE: 2-MILE RADIUS AROUND URBAN STORES_Run of Network_Geo_F25-54_320 x 50_Click and View_NV_NA,204649945,9/27/2017,9611,412,9199,4303,4896,21,4875,4722,153,4324,4188,8910
TJN_HOM_030_HomeGoods 2H Digital_F18,NinthDecimal,PJQ7NC_TJN_HOM_030_Mobile_NINTHDECIMAL_DST_SV1_MAP_DIR_RCH_TRG_RON_BTG_DMA_DVY_CONSUMER JOURNEY: DIYERS_Run of Network_Behavioral_F25-54_320 x 50_Click and View_NV_NA,204675009,10/10/2017,9104,74,9030,4988,4042,26,4016,3886,130,5014,4852,8738
TJN_HOM_030_HomeGoods 2H Digital_F18,NinthDecimal,PJQ7NB_TJN_HOM_030_Mobile_NINTHDECIMAL_DST_SV1_MAP_DIR_RCH_TRG_RON_BTG_PXT_DVY_LOCATION GRAPH: COMPETITIVE CONQUESTING_Run of Network_Behavioral_F25-54_320 x 50_Click and View_NV_NA,204649942,9/7/2017,5814,117,5697,3481,2216,26,2190,2121,69,3507,3397,5518
TJN_HOM_030_HomeGoods 2H Digital_F18,xAd Inc.,PJQ7MG_TJN_HOM_030_Mobile_GROUND TRUTH FKA XAD_DST_SV1_MAP_DIR_DSP_TRG_RON_PXT_BTG_DVY_PROXIMITY LOYALTY - DYNAMIC DISTANCE_Run of Network_Geo_F25-54_320 x 50_Click and View_NV_NA,204626813,10/16/2017,52493,1632,50861,45790,5071,311,4760,4005,755,46101,37684,41689
TJN_HOM_030_HomeGoods 2H Digital_F18,xAd Inc.,PJQ7MP_TJN_HOM_030_Mobile_GROUND TRUTH FKA XAD_DST_SV1_MAP_DIR_DSP_TRG_RON_MKT_DMA_DVY_LOCATION - HOMEGOODS SHOPPERS - DYNAMIC DISTANCE_Run of Network_Geo_F25-54_300 x 250_Click and View_NV_NA,204647878,9/16/2017,3792,377,3415,3415,0,0,0,0,0,3415,3090,3090
TJN_HOM_030_HomeGoods 2H Digital_F18,xAd Inc.,PJQ7MK_TJN_HOM_030_Mobile_GROUND TRUTH FKA XAD_DST_SV1_MAP_DIR_DSP_TRG_RON_PXT_BTG_DVY_PROXIMITY LOYALTY - STORE LOCATOR UNIT_Run of Network_Geo_F25-54_300 x 250_Click and View_NV_NA,204625442,9/20/2017,2214,27,2187,117,2070,20,2050,1791,259,137,120,1911
TJN_HOM_025_HomeGoods Digital Video_Q4FY18,Tremor Video Inc.,PK1FYN_TJN_HOM_025_OLV_TREMOR NETWORK_AWR_BS1_DSK_DIR_VID_TRG_RON_PXT_CTG_DVY_ALL SCREEN PREROLL + PROXIMITYPLUS DWELL TIME TARGETING TO HOMEGOODS VISITORS DESKTOP_Run of Network_Behavioral_F25-54_1280 x 720_Standard_NV_NA,205941312,10/18/2017,81947,152,81795,23530,58265,1837,56428,48837,7591,25367,21954,70791
TJN_HOM_030_HomeGoods 2H Digital_F18,NinthDecimal,PJQ7N5_TJN_HOM_030_Mobile_NINTHDECIMAL_DST_SV1_MAP_DIR_RCH_TRG_RON_PXT_DMA_DVY_GEOFENCE: 2-MILE RADIUS AROUND URBAN STORES_Run of Network_Geo_F25-54_320 x 50_Click and View_NV_NA,204649945,10/16/2017,8786,254,8532,4567,3965,39,3926,3803,123,4606,4462,8265
TJN_HOM_030_HomeGoods 2H Digital_F18,NinthDecimal,PJQ7NC_TJN_HOM_030_Mobile_NINTHDECIMAL_DST_SV1_MAP_DIR_RCH_TRG_RON_BTG_DMA_DVY_CONSUMER JOURNEY: DIYERS_Run of Network_Behavioral_F25-54_320 x 50_Click and View_NV_NA,204675009,9/14/2017,11068,244,10824,3918,6906,32,6874,6659,215,3950,3826,10485
TJN_HOM_030_HomeGoods 2H Digital_F18,NinthDecimal,PJQ7NC_TJN_HOM_030_Mobile_NINTHDECIMAL_DST_SV1_MAP_DIR_RCH_TRG_RON_BTG_DMA_DVY_CONSUMER JOURNEY: DIYERS_Run of Network_Behavioral_F25-54_320 x 50_Click and View_NV_NA,204675009,10/14/2017,9015,103,8912,4466,4446,32,4414,4248,166,4498,4329,8577
TJN_HOM_030_HomeGoods 2H Digital_F18,NinthDecimal,PJQ7NF_TJN_HOM_030_Mobile_NINTHDECIMAL_DST_SV1_MAP_DIR_RCH_TRG_RON_BTG_DMA_DVY_CONSUMER JOURNEY: HOME FURNISHINGS SHOPPERS_Run of Network_Behavioral_F25-54_320 x 50_Click and View_NV_NA,204626291,9/26/2017,9300,215,9085,2398,6687,23,6664,6550,114,2421,2380,8930
TJN_HOM_030_HomeGoods 2H Digital_F18,Nativo Inc.,PK87W8_TJN_HOM_030_Content_NATIVO FKA POST RLSE_DSI_BS2_MWB_DIR_NAD_ROT_RON_CTG_BTG_DVY_NATIVE DISPLAY UNIT FALL TRENDS_Run of Network_Contextual_F25-54_1 x 1_Click and View_NV_NA,206137761,10/7/2017,238617,5816,232801,2111,230690,20879,209811,52606,157205,22990,5764,58370
TJN_HOM_030_HomeGoods 2H Digital_F18,Nativo Inc.,PJQDHJ_TJN_HOM_030_Content_NATIVO FKA POST RLSE_DSI_BS2_MWB_DIR_NAD_ROT_RON_CTG_BTG_DVY_NATIVE DISPLAY UNIT FALLIDAYS_Run of Network_Contextual_F25-54_1 x 1_Click and View_NV_NA,206024352,10/4/2017,437768,22724,415044,3270,411774,33115,378659,133393,245266,36385,12818,146211
TJN_HOM_030_HomeGoods 2H Digital_F18,xAd Inc.,PJQ7MJ_TJN_HOM_030_Mobile_GROUND TRUTH FKA XAD_DST_SV1_MAP_DIR_DSP_TRG_RON_PXT_BTG_DVY_PROXIMITY LOYALTY - STORE LOCATOR UNIT_Run of Network_Geo_F25-54_320 x 50_Click and View_NV_NA,204649939,9/17/2017,18538,388,18150,10159,7991,1697,6294,5966,328,11856,11238,17204
TJN_HOM_030_HomeGoods 2H Digital_F18,NinthDecimal,PJQ7N8_TJN_HOM_030_Mobile_NINTHDECIMAL_DST_SV1_MAP_DIR_RCH_TRG_RON_BTG_PXT_DVY_LOCATION GRAPH: HOMEGOODS LOYALISTS_Run of Network_Behavioral_F25-54_320 x 50_Click and View_NV_NA,204675012,10/12/2017,14113,148,13965,4545,9420,58,9362,9016,346,4603,4433,13449
TJN_HOM_030_HomeGoods 2H Digital_F18,xAd Inc.,PJQ7MR_TJN_HOM_030_Mobile_GROUND TRUTH FKA XAD_DST_SV1_MAP_DIR_DSP_TRG_RON_MKT_DMA_DVY_LOCATION - COMPETITOR SHOPPERS - DYNAMIC DISTANCE_Run of Network_Geo_F25-54_300 x 250_Click and View_NV_NA,204647890,10/11/2017,7898,503,7395,7395,0,0,0,0,0,7395,0,0
TJN_HOM_030_HomeGoods 2H Digital_F18,NinthDecimal,PJQ7N6_TJN_HOM_030_Mobile_NINTHDECIMAL_DST_SV1_MAP_DIR_RCH_TRG_RON_PXT_DMA_DVY_GEOFENCE: 5-10-MILE RADIUS AROUND SUBURBAN STORES_Run of Network_Geo_F25-54_320 x 50_Click and View_NV_NA,204646507,10/18/2017,8252,209,8043,5201,2842,17,2825,2739,86,5218,5059,7798
TJN_HOM_030_HomeGoods 2H Digital_F18,xAd Inc.,PJQ7MH_TJN_HOM_030_Mobile_GROUND TRUTH FKA XAD_DST_SV1_MAP_DIR_DSP_TRG_RON_PXT_BTG_DVY_PROXIMITY LOYALTY - DYNAMIC DISTANCE_Run of Network_Geo_F25-54_300 x 250_Click and View_NV_NA,204675003,9/23/2017,13213,791,12422,12403,19,3,16,8,8,12406,6202,6210
TJN_HOM_030_HomeGoods 2H Digital_F18,xAd Inc.,PJQ7MP_TJN_HOM_030_Mobile_GROUND TRUTH FKA XAD_DST_SV1_MAP_DIR_DSP_TRG_RON_MKT_DMA_DVY_LOCATION - HOMEGOODS SHOPPERS - DYNAMIC DISTANCE_Run of Network_Geo_F25-54_300 x 250_Click and View_NV_NA,204647878,9/19/2017,4029,167,3862,3849,13,0,13,12,1,3849,3551,3563
TJN_HOM_030_HomeGoods 2H Digital_F18,NinthDecimal,PJQ7NG_TJN_HOM_030_Mobile_NINTHDECIMAL_DST_SV1_MAP_DIR_RCH_TRG_RON_BTG_DMA_DVY_CONSUMER JOURNEY: NEW HOME BUYERS & MOVERS_Run of Network_Behavioral_F25-54_320 x 50_Click and View_NV_NA,204625835,9/27/2017,7582,121,7461,2574,4887,19,4868,4753,115,2593,2532,7285
TJN_HOM_030_HomeGoods 2H Digital_F18,NinthDecimal,PJQ7NC_TJN_HOM_030_Mobile_NINTHDECIMAL_DST_SV1_MAP_DIR_RCH_TRG_RON_BTG_DMA_DVY_CONSUMER JOURNEY: DIYERS_Run of Network_Behavioral_F25-54_320 x 50_Click and View_NV_NA,204675009,9/28/2017,6238,114,6124,2013,4111,23,4088,3998,90,2036,1991,5989
TJN_HOM_025_HomeGoods Digital Video_Q4FY18,Tremor Video Inc.,PK6DYV_TJN_HOM_025_OLV_TREMOR NETWORK_AWR_BS1_MAP_DIR_VID_TRG_RON_PXT_CTG_DVY_ALL SCREEN PREROLL + PROXIMITYPLUS DWELL TIME TARGETING TO HOMEGOODS VISITORS MOB/TAB APP_Run of Network_Behavioral_F25-54_1280 x 720_Standard_NV_NA,205859075,10/20/2017,186392,431,185961,185779,182,77,105,74,31,185856,130984,131058
TJN_HOM_025_HomeGoods Digital Video_Q4FY18,Tremor Video Inc.,PK6F30_TJN_HOM_025_OLV_TREMOR NETWORK_AWR_BS1_CTV_DIR_VID_TRG_RON_PXT_CTG_DVY_ALL SCREEN PREROLL + PROXIMITYPLUS DWELL TIME TARGETING TO HOMEGOODS VISITORS CTV_Run of Network_Behavioral_F25-54_1280 x 720_Standard_NV_NA,205942131,10/16/2017,36157,2,36155,36155,0,0,0,0,0,36155,0,0
TJN_HOM_030_HomeGoods 2H Digital_F18,xAd Inc.,PJQ7MP_TJN_HOM_030_Mobile_GROUND TRUTH FKA XAD_DST_SV1_MAP_DIR_DSP_TRG_RON_MKT_DMA_DVY_LOCATION - HOMEGOODS SHOPPERS - DYNAMIC DISTANCE_Run of Network_Geo_F25-54_300 x 250_Click and View_NV_NA,204647878,10/13/2017,8147,274,7873,7871,2,0,2,1,1,7871,3936,3937
TJN_HOM_030_HomeGoods 2H Digital_F18,NinthDecimal,PJQ7NF_TJN_HOM_030_Mobile_NINTHDECIMAL_DST_SV1_MAP_DIR_RCH_TRG_RON_BTG_DMA_DVY_CONSUMER JOURNEY: HOME FURNISHINGS SHOPPERS_Run of Network_Behavioral_F25-54_320 x 50_Click and View_NV_NA,204626291,10/9/2017,8483,133,8350,5154,3196,27,3169,3054,115,5181,4993,8047
TJN_HOM_030_HomeGoods 2H Digital_F18,NinthDecimal,PJQ7N9_TJN_HOM_030_Mobile_NINTHDECIMAL_DST_SV1_MAP_DIR_RCH_TRG_RON_BTG_PXT_DVY_LOCATION GRAPH: TJX FAMILY LOYALISTS_Run of Network_Behavioral_F25-54_320 x 50_Click and View_NV_NA,204647917,9/30/2017,22375,515,21860,6973,14887,69,14818,14383,435,7042,6835,21218
TJN_HOM_030_HomeGoods 2H Digital_F18,xAd Inc.,PJQ7MR_TJN_HOM_030_Mobile_GROUND TRUTH FKA XAD_DST_SV1_MAP_DIR_DSP_TRG_RON_MKT_DMA_DVY_LOCATION - COMPETITOR SHOPPERS - DYNAMIC DISTANCE_Run of Network_Geo_F25-54_300 x 250_Click and View_NV_NA,204647890,10/6/2017,15165,402,14763,14762,1,0,1,0,1,14762,0,0
TJN_HOM_030_HomeGoods 2H Digital_F18,xAd Inc.,PJQ7MP_TJN_HOM_030_Mobile_GROUND TRUTH FKA XAD_DST_SV1_MAP_DIR_DSP_TRG_RON_MKT_DMA_DVY_LOCATION - HOMEGOODS SHOPPERS - DYNAMIC DISTANCE_Run of Network_Geo_F25-54_300 x 250_Click and View_NV_NA,204647878,9/13/2017,3623,120,3503,3503,0,0,0,0,0,3503,3203,3203
TJN_HOM_030_HomeGoods 2H Digital_F18,xAd Inc.,PJQ7MR_TJN_HOM_030_Mobile_GROUND TRUTH FKA XAD_DST_SV1_MAP_DIR_DSP_TRG_RON_MKT_DMA_DVY_LOCATION - COMPETITOR SHOPPERS - DYNAMIC DISTANCE_Run of Network_Geo_F25-54_300 x 250_Click and View_NV_NA,204647890,9/21/2017,4735,208,4527,4500,27,5,22,21,1,4505,4291,4312
TJN_HOM_030_HomeGoods 2H Digital_F18,Nativo Inc.,PJQDHJ_TJN_HOM_030_Content_NATIVO FKA POST RLSE_DSI_BS2_MWB_DIR_NAD_ROT_RON_CTG_BTG_DVY_NATIVE DISPLAY UNIT FALLIDAYS_Run of Network_Contextual_F25-54_1 x 1_Click and View_NV_NA,206024352,10/21/2017,474449,13323,461126,6317,454809,44925,409884,151636,258248,51242,18957,170593
TJN_HOM_030_HomeGoods 2H Digital_F18,xAd Inc.,PJQ7MN_TJN_HOM_030_Mobile_GROUND TRUTH FKA XAD_DST_SV1_MAP_DIR_DSP_TRG_RON_MKT_DMA_DVY_LOCATION - HOMEGOODS SHOPPERS - DYNAMIC DISTANCE_Run of Network_Geo_F25-54_320 x 50_Click and View_NV_NA,204651439,9/15/2017,10314,194,10120,7770,2350,1224,1126,1058,68,8994,7578,8636
TJN_HOM_030_HomeGoods 2H Digital_F18,NinthDecimal,PJQ7NF_TJN_HOM_030_Mobile_NINTHDECIMAL_DST_SV1_MAP_DIR_RCH_TRG_RON_BTG_DMA_DVY_CONSUMER JOURNEY: HOME FURNISHINGS SHOPPERS_Run of Network_Behavioral_F25-54_320 x 50_Click and View_NV_NA,204626291,10/19/2017,8859,127,8732,5263,3469,22,3447,3345,102,5285,5129,8474
TJN_HOM_030_HomeGoods 2H Digital_F18,NinthDecimal,PJQ7N9_TJN_HOM_030_Mobile_NINTHDECIMAL_DST_SV1_MAP_DIR_RCH_TRG_RON_BTG_PXT_DVY_LOCATION GRAPH: TJX FAMILY LOYALISTS_Run of Network_Behavioral_F25-54_320 x 50_Click and View_NV_NA,204647917,10/16/2017,15173,265,14908,6767,8141,49,8092,7838,254,6816,6602,14440
TJN_HOM_030_HomeGoods 2H Digital_F18,NinthDecimal,PJQ7N5_TJN_HOM_030_Mobile_NINTHDECIMAL_DST_SV1_MAP_DIR_RCH_TRG_RON_PXT_DMA_DVY_GEOFENCE: 2-MILE RADIUS AROUND URBAN STORES_Run of Network_Geo_F25-54_320 x 50_Click and View_NV_NA,204649945,9/30/2017,29567,384,29183,11024,18159,54,18105,17759,346,11078,10866,28625
TJN_HOM_030_HomeGoods 2H Digital_F18,xAd Inc.,PJQ7MG_TJN_HOM_030_Mobile_GROUND TRUTH FKA XAD_DST_SV1_MAP_DIR_DSP_TRG_RON_PXT_BTG_DVY_PROXIMITY LOYALTY - DYNAMIC DISTANCE_Run of Network_Geo_F25-54_320 x 50_Click and View_NV_NA,204626813,9/30/2017,1,1,0,0,0,0,0,0,0,0,0,0
TJN_HOM_030_HomeGoods 2H Digital_F18,NinthDecimal,PJQ7NF_TJN_HOM_030_Mobile_NINTHDECIMAL_DST_SV1_MAP_DIR_RCH_TRG_RON_BTG_DMA_DVY_CONSUMER JOURNEY: HOME FURNISHINGS SHOPPERS_Run of Network_Behavioral_F25-54_320 x 50_Click and View_NV_NA,204626291,9/11/2017,19380,380,19000,8142,10858,49,10809,10551,258,8191,7995,18546
TJN_HOM_030_HomeGoods 2H Digital_F18,xAd Inc.,PJQ7MM_TJN_HOM_030_Mobile_GROUND TRUTH FKA XAD_DST_SV1_MAP_DIR_DSP_TRG_RON_BTG_DMA_DVY_BEHAVIORAL - HOME SHOPPER- DYNAMIC DISTANCE_Run of Network_Behavioral_F25-54_300 x 250_Click and View_NV_NA,204626171,9/7/2017,5820,57,5763,5761,2,1,1,0,1,5762,0,0
TJN_HOM_030_HomeGoods 2H Digital_F18,NinthDecimal,PJQ7NC_TJN_HOM_030_Mobile_NINTHDECIMAL_DST_SV1_MAP_DIR_RCH_TRG_RON_BTG_DMA_DVY_CONSUMER JOURNEY: DIYERS_Run of Network_Behavioral_F25-54_320 x 50_Click and View_NV_NA,204675009,9/5/2017,6781,149,6632,3621,3011,23,2988,2942,46,3644,3588,6530
TJN_HOM_030_HomeGoods 2H Digital_F18,xAd Inc.,PJQ7MJ_TJN_HOM_030_Mobile_GROUND TRUTH FKA XAD_DST_SV1_MAP_DIR_DSP_TRG_RON_PXT_BTG_DVY_PROXIMITY LOYALTY - STORE LOCATOR UNIT_Run of Network_Geo_F25-54_320 x 50_Click and View_NV_NA,204649939,9/6/2017,30934,768,30166,24547,5619,130,5489,5122,367,24677,23027,28149
TJN_HOM_030_HomeGoods 2H Digital_F18,NinthDecimal,PJQ7NG_TJN_HOM_030_Mobile_NINTHDECIMAL_DST_SV1_MAP_DIR_RCH_TRG_RON_BTG_DMA_DVY_CONSUMER JOURNEY: NEW HOME BUYERS & MOVERS_Run of Network_Behavioral_F25-54_320 x 50_Click and View_NV_NA,204625835,10/6/2017,11653,212,11441,6882,4559,48,4511,4308,203,6930,6618,10926
TJN_HOM_030_HomeGoods 2H Digital_F18,NinthDecimal,PJQ7N9_TJN_HOM_030_Mobile_NINTHDECIMAL_DST_SV1_MAP_DIR_RCH_TRG_RON_BTG_PXT_DVY_LOCATION GRAPH: TJX FAMILY LOYALISTS_Run of Network_Behavioral_F25-54_320 x 50_Click and View_NV_NA,204647917,9/22/2017,5214,121,5093,1811,3282,17,3265,3164,101,1828,1771,4935
TJN_HOM_030_HomeGoods 2H Digital_F18,xAd Inc.,PJQ7MH_TJN_HOM_030_Mobile_GROUND TRUTH FKA XAD_DST_SV1_MAP_DIR_DSP_TRG_RON_PXT_BTG_DVY_PROXIMITY LOYALTY - DYNAMIC DISTANCE_Run of Network_Geo_F25-54_300 x 250_Click and View_NV_NA,204675003,10/9/2017,25295,784,24511,24511,0,0,0,0,0,24511,371,371
TJN_HOM_030_HomeGoods 2H Digital_F18,Nativo Inc.,PK87W8_TJN_HOM_030_Content_NATIVO FKA POST RLSE_DSI_BS2_MWB_DIR_NAD_ROT_RON_CTG_BTG_DVY_NATIVE DISPLAY UNIT FALL TRENDS_Run of Network_Contextual_F25-54_1 x 1_Click and View_NV_NA,206137761,10/8/2017,219233,6059,213174,2049,211125,17777,193348,56335,137013,19826,5777,62112
TJN_HOM_030_HomeGoods 2H Digital_F18,NinthDecimal,PJQ7NC_TJN_HOM_030_Mobile_NINTHDECIMAL_DST_SV1_MAP_DIR_RCH_TRG_RON_BTG_DMA_DVY_CONSUMER JOURNEY: DIYERS_Run of Network_Behavioral_F25-54_320 x 50_Click and View_NV_NA,204675009,10/20/2017,9245,143,9102,4846,4256,28,4228,4070,158,4874,4692,8762
TJN_HOM_030_HomeGoods 2H Digital_F18,NinthDecimal,PJQ7NF_TJN_HOM_030_Mobile_NINTHDECIMAL_DST_SV1_MAP_DIR_RCH_TRG_RON_BTG_DMA_DVY_CONSUMER JOURNEY: HOME FURNISHINGS SHOPPERS_Run of Network_Behavioral_F25-54_320 x 50_Click and View_NV_NA,204626291,10/1/2017,9898,228,9670,4045,5625,25,5600,5466,134,4070,3973,9439
TJN_HOM_030_HomeGoods 2H Digital_F18,NinthDecimal,PJQ7NB_TJN_HOM_030_Mobile_NINTHDECIMAL_DST_SV1_MAP_DIR_RCH_TRG_RON_BTG_PXT_DVY_LOCATION GRAPH: COMPETITIVE CONQUESTING_Run of Network_Behavioral_F25-54_320 x 50_Click and View_NV_NA,204649942,9/9/2017,3222,28,3194,1717,1477,20,1457,1408,49,1737,1679,3087
TJN_HOM_030_HomeGoods 2H Digital_F18,NinthDecimal,PJQ7NJ_TJN_HOM_030_Mobile_NINTHDECIMAL_DST_SV1_MAP_DIR_RCH_TRG_RON_BTG_DMA_DVY_CONSUMER JOURNEY: BARGAIN HUNTERS_Run of Network_Behavioral_F25-54_320 x 50_Click and View_NV_NA,204644353,9/15/2017,10717,240,10477,3717,6760,49,6711,6504,207,3766,3650,10154
TJN_HOM_030_HomeGoods 2H Digital_F18,NinthDecimal,PJQ7NB_TJN_HOM_030_Mobile_NINTHDECIMAL_DST_SV1_MAP_DIR_RCH_TRG_RON_BTG_PXT_DVY_LOCATION GRAPH: COMPETITIVE CONQUESTING_Run of Network_Behavioral_F25-54_320 x 50_Click and View_NV_NA,204649942,10/21/2017,8234,106,8128,5170,2958,42,2916,2853,63,5212,5099,7952
TJN_HOM_030_HomeGoods 2H Digital_F18,NinthDecimal,PJQ7N9_TJN_HOM_030_Mobile_NINTHDECIMAL_DST_SV1_MAP_DIR_RCH_TRG_RON_BTG_PXT_DVY_LOCATION GRAPH: TJX FAMILY LOYALISTS_Run of Network_Behavioral_F25-54_320 x 50_Click and View_NV_NA,204647917,9/24/2017,4576,100,4476,1277,3199,15,3184,3081,103,1292,1250,4331
TJN_HOM_030_HomeGoods 2H Digital_F18,NinthDecimal,PJQ7NF_TJN_HOM_030_Mobile_NINTHDECIMAL_DST_SV1_MAP_DIR_RCH_TRG_RON_BTG_DMA_DVY_CONSUMER JOURNEY: HOME FURNISHINGS SHOPPERS_Run of Network_Behavioral_F25-54_320 x 50_Click and View_NV_NA,204626291,9/23/2017,9684,228,9456,2493,6963,26,6937,6781,156,2519,2462,9243
TJN_HOM_030_HomeGoods 2H Digital_F18,xAd Inc.,PJQ7MR_TJN_HOM_030_Mobile_GROUND TRUTH FKA XAD_DST_SV1_MAP_DIR_DSP_TRG_RON_MKT_DMA_DVY_LOCATION - COMPETITOR SHOPPERS - DYNAMIC DISTANCE_Run of Network_Geo_F25-54_300 x 250_Click and View_NV_NA,204647890,9/27/2017,32931,12285,20646,20526,120,4,116,102,14,20530,18040,18142
TJN_HOM_030_HomeGoods 2H Digital_F18,NinthDecimal,PJQ7N6_TJN_HOM_030_Mobile_NINTHDECIMAL_DST_SV1_MAP_DIR_RCH_TRG_RON_PXT_DMA_DVY_GEOFENCE: 5-10-MILE RADIUS AROUND SUBURBAN STORES_Run of Network_Geo_F25-54_320 x 50_Click and View_NV_NA,204646507,9/20/2017,12773,393,12380,5223,7157,47,7110,6941,169,5270,5145,12086
TJN_HOM_030_HomeGoods 2H Digital_F18,NinthDecimal,PJQ7NF_TJN_HOM_030_Mobile_NINTHDECIMAL_DST_SV1_MAP_DIR_RCH_TRG_RON_BTG_DMA_DVY_CONSUMER JOURNEY: HOME FURNISHINGS SHOPPERS_Run of Network_Behavioral_F25-54_320 x 50_Click and View_NV_NA,204626291,10/2/2017,8379,215,8164,3965,4199,17,4182,4091,91,3982,3895,7986
TJN_HOM_030_HomeGoods 2H Digital_F18,xAd Inc.,PJQ7MS_TJN_HOM_030_Mobile_GROUND TRUTH FKA XAD_DST_SV1_MAP_DIR_DSP_TRG_RON_DMA_PXT_DVY_AV DMA TARGETING_Run of Network_Geo_F25-54_300 x 250_Click and View_NV_NA,204646501,9/15/2017,9144,198,8946,2755,6191,4184,2007,1453,554,6939,5024,6477
TJN_HOM_030_HomeGoods 2H Digital_F18,NinthDecimal,PJQ7NG_TJN_HOM_030_Mobile_NINTHDECIMAL_DST_SV1_MAP_DIR_RCH_TRG_RON_BTG_DMA_DVY_CONSUMER JOURNEY: NEW HOME BUYERS & MOVERS_Run of Network_Behavioral_F25-54_320 x 50_Click and View_NV_NA,204625835,10/11/2017,14904,224,14680,6285,8395,56,8339,8045,294,6341,6117,14162
TJN_HOM_030_HomeGoods 2H Digital_F18,xAd Inc.,PJQ7MH_TJN_HOM_030_Mobile_GROUND TRUTH FKA XAD_DST_SV1_MAP_DIR_DSP_TRG_RON_PXT_BTG_DVY_PROXIMITY LOYALTY - DYNAMIC DISTANCE_Run of Network_Geo_F25-54_300 x 250_Click and View_NV_NA,204675003,9/26/2017,43560,21792,21768,21733,35,1,34,22,12,21734,14061,14083
TJN_HOM_025_HomeGoods Digital Video_Q4FY18,Tremor Video Inc.,PK6DYV_TJN_HOM_025_OLV_TREMOR NETWORK_AWR_BS1_MAP_DIR_VID_TRG_RON_PXT_CTG_DVY_ALL SCREEN PREROLL + PROXIMITYPLUS DWELL TIME TARGETING TO HOMEGOODS VISITORS MOB/TAB APP_Run of Network_Behavioral_F25-54_1280 x 720_Standard_NV_NA,205859075,10/14/2017,131621,819,130802,126257,4545,194,4351,1997,2354,126451,58038,60035
TJN_HOM_030_HomeGoods 2H Digital_F18,NinthDecimal,PJQ7NH_TJN_HOM_030_Mobile_NINTHDECIMAL_DST_SV1_MAP_DIR_RCH_TRG_RON_BTG_DMA_DVY_CONSUMER JOURNEY: PET SUPPLY SHOPPERS_Run of Network_Behavioral_F25-54_320 x 50_Click and View_NV_NA,204647914,9/17/2017,8866,159,8707,2335,6372,41,6331,6120,211,2376,2297,8417
TJN_HOM_030_HomeGoods 2H Digital_F18,xAd Inc.,PJQ7MQ_TJN_HOM_030_Mobile_GROUND TRUTH FKA XAD_DST_SV1_MAP_DIR_DSP_TRG_RON_MKT_DMA_DVY_LOCATION - COMPETITOR SHOPPERS - DYNAMIC DISTANCE_Run of Network_Geo_F25-54_320 x 50_Click and View_NV_NA,204617210,9/17/2017,14691,251,14440,10800,3640,1189,2451,2293,158,11989,10437,12730
TJN_HOM_030_HomeGoods 2H Digital_F18,xAd Inc.,PJQ7MK_TJN_HOM_030_Mobile_GROUND TRUTH FKA XAD_DST_SV1_MAP_DIR_DSP_TRG_RON_PXT_BTG_DVY_PROXIMITY LOYALTY - STORE LOCATOR UNIT_Run of Network_Geo_F25-54_300 x 250_Click and View_NV_NA,204625442,10/18/2017,4684,49,4635,56,4579,18,4561,4349,212,74,71,4420
TJN_HOM_030_HomeGoods 2H Digital_F18,NinthDecimal,PJQ7ND_TJN_HOM_030_Mobile_NINTHDECIMAL_DST_SV1_MAP_DIR_RCH_TRG_RON_BTG_DMA_DVY_CONSUMER JOURNEY: HOUSEHOLD CEO_Run of Network_Behavioral_F25-54_320 x 50_Click and View_NV_NA,204626294,9/15/2017,11233,244,10989,3774,7215,36,7179,7004,175,3810,3717,10721
TJN_HOM_030_HomeGoods 2H Digital_F18,xAd Inc.,PJQ7MG_TJN_HOM_030_Mobile_GROUND TRUTH FKA XAD_DST_SV1_MAP_DIR_DSP_TRG_RON_PXT_BTG_DVY_PROXIMITY LOYALTY - DYNAMIC DISTANCE_Run of Network_Geo_F25-54_320 x 50_Click and View_NV_NA,204626813,9/24/2017,35264,689,34575,27059,7516,1011,6505,5455,1050,28070,20152,25607
TJN_HOM_030_HomeGoods 2H Digital_F18,NinthDecimal,PJQ7N5_TJN_HOM_030_Mobile_NINTHDECIMAL_DST_SV1_MAP_DIR_RCH_TRG_RON_PXT_DMA_DVY_GEOFENCE: 2-MILE RADIUS AROUND URBAN STORES_Run of Network_Geo_F25-54_320 x 50_Click and View_NV_NA,204649945,9/24/2017,10926,370,10556,4653,5903,35,5868,5732,136,4688,4579,10311
TJN_HOM_030_HomeGoods 2H Digital_F18,NinthDecimal,PJQ7N8_TJN_HOM_030_Mobile_NINTHDECIMAL_DST_SV1_MAP_DIR_RCH_TRG_RON_BTG_PXT_DVY_LOCATION GRAPH: HOMEGOODS LOYALISTS_Run of Network_Behavioral_F25-54_320 x 50_Click and View_NV_NA,204675012,10/10/2017,11063,74,10989,4344,6645,28,6617,6394,223,4372,4225,10619
TJN_HOM_030_HomeGoods 2H Digital_F18,NinthDecimal,"PJQ7NK_TJN_HOM_030_Mobile_NINTHDECIMAL_DST_SV1_MAP_DIR_RCH_TRG_RON_BTG_DMA_DVY_TV TARGETING: HGTV, DIY NETWORK, BRAVO, TLC, FOOD NETWORK_Run of Network_Behavioral_F25-54_320 x 50_Click and View_NV_NA",204674553,9/15/2017,6937,146,6791,2103,4688,45,4643,4475,168,2148,2070,6545
TJN_HOM_030_HomeGoods 2H Digital_F18,xAd Inc.,PJQ7MH_TJN_HOM_030_Mobile_GROUND TRUTH FKA XAD_DST_SV1_MAP_DIR_DSP_TRG_RON_PXT_BTG_DVY_PROXIMITY LOYALTY - DYNAMIC DISTANCE_Run of Network_Geo_F25-54_300 x 250_Click and View_NV_NA,204675003,9/11/2017,13999,260,13739,13722,17,0,17,11,6,13722,8879,8890
TJN_HOM_030_HomeGoods 2H Digital_F18,NinthDecimal,PJQ7N7_TJN_HOM_030_Mobile_NINTHDECIMAL_DST_SV1_MAP_DIR_RCH_TRG_RON_PXT_DMA_DVY_GEOFENCE: 15-20-MILE RADIUS AROUND RURAL STORES_Run of Network_Geo_F25-54_320 x 50_Click and View_NV_NA,204674556,9/12/2017,15964,335,15629,6932,8697,38,8659,8462,197,6970,6811,15273
TJN_HOM_030_HomeGoods 2H Digital_F18,NinthDecimal,PJQ7NB_TJN_HOM_030_Mobile_NINTHDECIMAL_DST_SV1_MAP_DIR_RCH_TRG_RON_BTG_PXT_DVY_LOCATION GRAPH: COMPETITIVE CONQUESTING_Run of Network_Behavioral_F25-54_320 x 50_Click and View_NV_NA,204649942,10/4/2017,7076,141,6935,4973,1962,49,1913,1855,58,5022,4870,6725
TJN_HOM_030_HomeGoods 2H Digital_F18,xAd Inc.,PJQ7MG_TJN_HOM_030_Mobile_GROUND TRUTH FKA XAD_DST_SV1_MAP_DIR_DSP_TRG_RON_PXT_BTG_DVY_PROXIMITY LOYALTY - DYNAMIC DISTANCE_Run of Network_Geo_F25-54_320 x 50_Click and View_NV_NA,204626813,9/22/2017,40628,1041,39587,22674,16913,1819,15094,12474,2620,24493,17103,29577
TJN_HOM_030_HomeGoods 2H Digital_F18,NinthDecimal,PJQ7N5_TJN_HOM_030_Mobile_NINTHDECIMAL_DST_SV1_MAP_DIR_RCH_TRG_RON_PXT_DMA_DVY_GEOFENCE: 2-MILE RADIUS AROUND URBAN STORES_Run of Network_Geo_F25-54_320 x 50_Click and View_NV_NA,204649945,9/22/2017,28756,1402,27354,12638,14716,92,14624,14192,432,12730,12354,26546
TJN_HOM_030_HomeGoods 2H Digital_F18,xAd Inc.,PJQ7MQ_TJN_HOM_030_Mobile_GROUND TRUTH FKA XAD_DST_SV1_MAP_DIR_DSP_TRG_RON_MKT_DMA_DVY_LOCATION - COMPETITOR SHOPPERS - DYNAMIC DISTANCE_Run of Network_Geo_F25-54_320 x 50_Click and View_NV_NA,204617210,9/6/2017,15001,373,14628,10546,4082,1966,2116,1641,475,12512,9245,10886
TJN_HOM_030_HomeGoods 2H Digital_F18,xAd Inc.,PJQ7MH_TJN_HOM_030_Mobile_GROUND TRUTH FKA XAD_DST_SV1_MAP_DIR_DSP_TRG_RON_PXT_BTG_DVY_PROXIMITY LOYALTY - DYNAMIC DISTANCE_Run of Network_Geo_F25-54_300 x 250_Click and View_NV_NA,204675003,10/19/2017,24258,654,23604,23604,0,0,0,0,0,23604,15736,15736
TJN_HOM_030_HomeGoods 2H Digital_F18,NinthDecimal,PJQ7NH_TJN_HOM_030_Mobile_NINTHDECIMAL_DST_SV1_MAP_DIR_RCH_TRG_RON_BTG_DMA_DVY_CONSUMER JOURNEY: PET SUPPLY SHOPPERS_Run of Network_Behavioral_F25-54_320 x 50_Click and View_NV_NA,204647914,9/6/2017,3105,66,3039,1270,1769,17,1752,1720,32,1287,1263,2983
TJN_HOM_030_HomeGoods 2H Digital_F18,NinthDecimal,PJQ7NF_TJN_HOM_030_Mobile_NINTHDECIMAL_DST_SV1_MAP_DIR_RCH_TRG_RON_BTG_DMA_DVY_CONSUMER JOURNEY: HOME FURNISHINGS SHOPPERS_Run of Network_Behavioral_F25-54_320 x 50_Click and View_NV_NA,204626291,10/3/2017,3224,85,3139,2326,813,10,803,787,16,2336,2289,3076
TJN_HOM_030_HomeGoods 2H Digital_F18,xAd Inc.,PJQ7MM_TJN_HOM_030_Mobile_GROUND TRUTH FKA XAD_DST_SV1_MAP_DIR_DSP_TRG_RON_BTG_DMA_DVY_BEHAVIORAL - HOME SHOPPER- DYNAMIC DISTANCE_Run of Network_Behavioral_F25-54_300 x 250_Click and View_NV_NA,204626171,9/9/2017,5464,95,5369,5369,0,0,0,0,0,5369,2362,2362
TJN_HOM_030_HomeGoods 2H Digital_F18,NinthDecimal,PJQ7NG_TJN_HOM_030_Mobile_NINTHDECIMAL_DST_SV1_MAP_DIR_RCH_TRG_RON_BTG_DMA_DVY_CONSUMER JOURNEY: NEW HOME BUYERS & MOVERS_Run of Network_Behavioral_F25-54_320 x 50_Click and View_NV_NA,204625835,9/21/2017,7412,154,7258,2243,5015,36,4979,4815,164,2279,2204,7019
TJN_HOM_030_HomeGoods 2H Digital_F18,xAd Inc.,PJQ7MM_TJN_HOM_030_Mobile_GROUND TRUTH FKA XAD_DST_SV1_MAP_DIR_DSP_TRG_RON_BTG_DMA_DVY_BEHAVIORAL - HOME SHOPPER- DYNAMIC DISTANCE_Run of Network_Behavioral_F25-54_300 x 250_Click and View_NV_NA,204626171,10/21/2017,7035,103,6932,6932,0,0,0,0,0,6932,5718,5718
TJN_HOM_030_HomeGoods 2H Digital_F18,xAd Inc.,PJQ7MK_TJN_HOM_030_Mobile_GROUND TRUTH FKA XAD_DST_SV1_MAP_DIR_DSP_TRG_RON_PXT_BTG_DVY_PROXIMITY LOYALTY - STORE LOCATOR UNIT_Run of Network_Geo_F25-54_300 x 250_Click and View_NV_NA,204625442,9/23/2017,3940,59,3881,347,3534,38,3496,3019,477,385,332,3351
TJN_HOM_030_HomeGoods 2H Digital_F18,xAd Inc.,PJQ7MK_TJN_HOM_030_Mobile_GROUND TRUTH FKA XAD_DST_SV1_MAP_DIR_DSP_TRG_RON_PXT_BTG_DVY_PROXIMITY LOYALTY - STORE LOCATOR UNIT_Run of Network_Geo_F25-54_300 x 250_Click and View_NV_NA,204625442,10/2/2017,6,2,4,2,2,1,1,1,0,3,3,4
TJN_HOM_030_HomeGoods 2H Digital_F18,xAd Inc.,PJQ7MK_TJN_HOM_030_Mobile_GROUND TRUTH FKA XAD_DST_SV1_MAP_DIR_DSP_TRG_RON_PXT_BTG_DVY_PROXIMITY LOYALTY - STORE LOCATOR UNIT_Run of Network_Geo_F25-54_300 x 250_Click and View_NV_NA,204625442,10/1/2017,3,0,3,2,1,1,0,0,0,3,2,2
TJN_HOM_030_HomeGoods 2H Digital_F18,NinthDecimal,PJQ7N6_TJN_HOM_030_Mobile_NINTHDECIMAL_DST_SV1_MAP_DIR_RCH_TRG_RON_PXT_DMA_DVY_GEOFENCE: 5-10-MILE RADIUS AROUND SUBURBAN STORES_Run of Network_Geo_F25-54_320 x 50_Click and View_NV_NA,204646507,9/26/2017,13124,356,12768,5278,7490,35,7455,7282,173,5313,5190,12472
TJN_HOM_025_HomeGoods Digital Video_Q4FY18,Tremor Video Inc.,PK1FYN_TJN_HOM_025_OLV_TREMOR NETWORK_AWR_BS1_DSK_DIR_VID_TRG_RON_PXT_CTG_DVY_ALL SCREEN PREROLL + PROXIMITYPLUS DWELL TIME TARGETING TO HOMEGOODS VISITORS DESKTOP_Run of Network_Behavioral_F25-54_1280 x 720_Standard_NV_NA,205941312,10/9/2017,252980,53,252927,129574,123353,2640,120713,42460,78253,132214,46505,88965
TJN_HOM_030_HomeGoods 2H Digital_F18,xAd Inc.,PJQ7MQ_TJN_HOM_030_Mobile_GROUND TRUTH FKA XAD_DST_SV1_MAP_DIR_DSP_TRG_RON_MKT_DMA_DVY_LOCATION - COMPETITOR SHOPPERS - DYNAMIC DISTANCE_Run of Network_Geo_F25-54_320 x 50_Click and View_NV_NA,204617210,10/16/2017,7118,98,7020,4677,2343,48,2295,1890,405,4725,3825,5715
TJN_HOM_025_HomeGoods Digital Video_Q4FY18,Tremor Video Inc.,PK1FYM_TJN_HOM_025_OLV_TREMOR NETWORK_AWR_BS1_DSK_DIR_VID_TRG_RON_BTG_CTG_DVY_ALL SCREEN PREROLL + SOCIAL AFFINITY TARGETING TO W25-54 HOME ENTHUSIASTS DESKTOP_Run of Network_Behavioral_F25-54_1280 x 720_Standard_NV_NA,205941870,10/16/2017,60704,144,60560,20943,39617,1081,38536,33737,4799,22024,19281,53018
TJN_HOM_030_HomeGoods 2H Digital_F18,NinthDecimal,PJQ7NH_TJN_HOM_030_Mobile_NINTHDECIMAL_DST_SV1_MAP_DIR_RCH_TRG_RON_BTG_DMA_DVY_CONSUMER JOURNEY: PET SUPPLY SHOPPERS_Run of Network_Behavioral_F25-54_320 x 50_Click and View_NV_NA,204647914,10/16/2017,9407,151,9256,4655,4601,33,4568,4415,153,4688,4531,8946
TJN_HOM_030_HomeGoods 2H Digital_F18,xAd Inc.,PJQ7MH_TJN_HOM_030_Mobile_GROUND TRUTH FKA XAD_DST_SV1_MAP_DIR_DSP_TRG_RON_PXT_BTG_DVY_PROXIMITY LOYALTY - DYNAMIC DISTANCE_Run of Network_Geo_F25-54_300 x 250_Click and View_NV_NA,204675003,9/20/2017,13804,519,13285,13254,31,1,30,19,11,13255,8388,8407
TJN_HOM_030_HomeGoods 2H Digital_F18,NinthDecimal,PJQ7N7_TJN_HOM_030_Mobile_NINTHDECIMAL_DST_SV1_MAP_DIR_RCH_TRG_RON_PXT_DMA_DVY_GEOFENCE: 15-20-MILE RADIUS AROUND RURAL STORES_Run of Network_Geo_F25-54_320 x 50_Click and View_NV_NA,204674556,9/27/2017,13437,281,13156,5443,7713,26,7687,7524,163,5469,5353,12877
TJN_HOM_030_HomeGoods 2H Digital_F18,NinthDecimal,PJQ7NJ_TJN_HOM_030_Mobile_NINTHDECIMAL_DST_SV1_MAP_DIR_RCH_TRG_RON_BTG_DMA_DVY_CONSUMER JOURNEY: BARGAIN HUNTERS_Run of Network_Behavioral_F25-54_320 x 50_Click and View_NV_NA,204644353,9/8/2017,6258,135,6123,2162,3961,24,3937,3840,97,2186,2132,5972
TJN_HOM_030_HomeGoods 2H Digital_F18,NinthDecimal,PJQ7NF_TJN_HOM_030_Mobile_NINTHDECIMAL_DST_SV1_MAP_DIR_RCH_TRG_RON_BTG_DMA_DVY_CONSUMER JOURNEY: HOME FURNISHINGS SHOPPERS_Run of Network_Behavioral_F25-54_320 x 50_Click and View_NV_NA,204626291,10/18/2017,9506,168,9338,5472,3866,24,3842,3742,100,5496,5353,9095
TJN_HOM_030_HomeGoods 2H Digital_F18,NinthDecimal,PJQ7NJ_TJN_HOM_030_Mobile_NINTHDECIMAL_DST_SV1_MAP_DIR_RCH_TRG_RON_BTG_DMA_DVY_CONSUMER JOURNEY: BARGAIN HUNTERS_Run of Network_Behavioral_F25-54_320 x 50_Click and View_NV_NA,204644353,10/7/2017,10653,223,10430,6195,4235,55,4180,4040,140,6250,6041,10081
TJN_HOM_030_HomeGoods 2H Digital_F18,NinthDecimal,PJQ7NB_TJN_HOM_030_Mobile_NINTHDECIMAL_DST_SV1_MAP_DIR_RCH_TRG_RON_BTG_PXT_DVY_LOCATION GRAPH: COMPETITIVE CONQUESTING_Run of Network_Behavioral_F25-54_320 x 50_Click and View_NV_NA,204649942,10/15/2017,8447,106,8341,5191,3150,28,3122,3022,100,5219,5052,8074
TJN_HOM_025_HomeGoods Digital Video_Q4FY18,Tremor Video Inc.,PK6DY1_TJN_HOM_025_OLV_TREMOR NETWORK_AWR_BS1_CTV_DIR_VID_TRG_RON_BTG_CTG_DVY_ALL SCREEN PREROLL + SOCIAL AFFINITY TARGETING TO W25-54 HOME ENTHUSIASTS CTV_Run of Network_Behavioral_F25-54_1280 x 720_Standard_NV_NA,205941318,10/16/2017,28379,0,28379,28379,0,0,0,0,0,28379,24879,24879
TJN_HOM_030_HomeGoods 2H Digital_F18,NinthDecimal,PJQ7N6_TJN_HOM_030_Mobile_NINTHDECIMAL_DST_SV1_MAP_DIR_RCH_TRG_RON_PXT_DMA_DVY_GEOFENCE: 5-10-MILE RADIUS AROUND SUBURBAN STORES_Run of Network_Geo_F25-54_320 x 50_Click and View_NV_NA,204646507,10/9/2017,8038,188,7850,5092,2758,22,2736,2657,79,5114,4966,7623
TJN_HOM_030_HomeGoods 2H Digital_F18,xAd Inc.,PJQ7MS_TJN_HOM_030_Mobile_GROUND TRUTH FKA XAD_DST_SV1_MAP_DIR_DSP_TRG_RON_DMA_PXT_DVY_AV DMA TARGETING_Run of Network_Geo_F25-54_300 x 250_Click and View_NV_NA,204646501,9/8/2017,17237,212,17025,5366,11659,9008,2651,1931,720,14374,10470,12401
TJN_HOM_030_HomeGoods 2H Digital_F18,NinthDecimal,PJQ7NH_TJN_HOM_030_Mobile_NINTHDECIMAL_DST_SV1_MAP_DIR_RCH_TRG_RON_BTG_DMA_DVY_CONSUMER JOURNEY: PET SUPPLY SHOPPERS_Run of Network_Behavioral_F25-54_320 x 50_Click and View_NV_NA,204647914,9/30/2017,11046,174,10872,3944,6928,43,6885,6683,202,3987,3870,10553
TJN_HOM_030_HomeGoods 2H Digital_F18,xAd Inc.,PJQ7MM_TJN_HOM_030_Mobile_GROUND TRUTH FKA XAD_DST_SV1_MAP_DIR_DSP_TRG_RON_BTG_DMA_DVY_BEHAVIORAL - HOME SHOPPER- DYNAMIC DISTANCE_Run of Network_Behavioral_F25-54_300 x 250_Click and View_NV_NA,204626171,10/15/2017,8201,199,8002,8002,0,0,0,0,0,8002,0,0
TJN_HOM_030_HomeGoods 2H Digital_F18,NinthDecimal,PJQ7N8_TJN_HOM_030_Mobile_NINTHDECIMAL_DST_SV1_MAP_DIR_RCH_TRG_RON_BTG_PXT_DVY_LOCATION GRAPH: HOMEGOODS LOYALISTS_Run of Network_Behavioral_F25-54_320 x 50_Click and View_NV_NA,204675012,9/19/2017,3772,49,3723,1120,2603,18,2585,2478,107,1138,1091,3569
TJN_HOM_030_HomeGoods 2H Digital_F18,xAd Inc.,PJQ7MP_TJN_HOM_030_Mobile_GROUND TRUTH FKA XAD_DST_SV1_MAP_DIR_DSP_TRG_RON_MKT_DMA_DVY_LOCATION - HOMEGOODS SHOPPERS - DYNAMIC DISTANCE_Run of Network_Geo_F25-54_300 x 250_Click and View_NV_NA,204647878,10/12/2017,7211,251,6960,6960,0,0,0,0,0,6960,6960,6960
TJN_HOM_030_HomeGoods 2H Digital_F18,xAd Inc.,PJQ7MQ_TJN_HOM_030_Mobile_GROUND TRUTH FKA XAD_DST_SV1_MAP_DIR_DSP_TRG_RON_MKT_DMA_DVY_LOCATION - COMPETITOR SHOPPERS - DYNAMIC DISTANCE_Run of Network_Geo_F25-54_320 x 50_Click and View_NV_NA,204617210,9/30/2017,3,1,2,2,0,0,0,0,0,2,2,2
TJN_HOM_025_HomeGoods Digital Video_Q4FY18,Tremor Video Inc.,PK6DWD_TJN_HOM_025_OLV_TREMOR NETWORK_AWR_BS1_MAP_DIR_VID_TRG_RON_BTG_CTG_DVY_ALL SCREEN PREROLL + SOCIAL AFFINITY TARGETING TO W25-54 HOME ENTHUSIASTS MOB/TAB APP_Run of Network_Behavioral_F25-54_1280 x 720_Standard_NV_NA,205941321,10/5/2017,28266,620,27646,27627,19,8,11,8,3,27635,20098,20106
TJN_HOM_030_HomeGoods 2H Digital_F18,xAd Inc.,PJQ7ML_TJN_HOM_030_Mobile_GROUND TRUTH FKA XAD_DST_SV1_MAP_DIR_DSP_TRG_RON_BTG_DMA_DVY_BEHAVIORAL - HOME SHOPPER - DYNAMIC DISTANCE_Run of Network_Behavioral_F25-54_320 x 50_Click and View_NV_NA,204626174,10/20/2017,4932,51,4881,3456,1425,44,1381,837,544,3500,2089,2926
TJN_HOM_030_HomeGoods 2H Digital_F18,NinthDecimal,PJQ7N8_TJN_HOM_030_Mobile_NINTHDECIMAL_DST_SV1_MAP_DIR_RCH_TRG_RON_BTG_PXT_DVY_LOCATION GRAPH: HOMEGOODS LOYALISTS_Run of Network_Behavioral_F25-54_320 x 50_Click and View_NV_NA,204675012,10/13/2017,13478,187,13291,4762,8529,55,8474,8144,330,4817,4629,12773
TJN_HOM_030_HomeGoods 2H Digital_F18,NinthDecimal,PJQ7N8_TJN_HOM_030_Mobile_NINTHDECIMAL_DST_SV1_MAP_DIR_RCH_TRG_RON_BTG_PXT_DVY_LOCATION GRAPH: HOMEGOODS LOYALISTS_Run of Network_Behavioral_F25-54_320 x 50_Click and View_NV_NA,204675012,9/13/2017,8371,338,8033,1868,6165,28,6137,5848,289,1896,1807,7655
TJN_HOM_030_HomeGoods 2H Digital_F18,NinthDecimal,PJQ7N6_TJN_HOM_030_Mobile_NINTHDECIMAL_DST_SV1_MAP_DIR_RCH_TRG_RON_PXT_DMA_DVY_GEOFENCE: 5-10-MILE RADIUS AROUND SUBURBAN STORES_Run of Network_Geo_F25-54_320 x 50_Click and View_NV_NA,204646507,10/19/2017,7865,202,7663,4503,3160,21,3139,3061,78,4524,4412,7473
TJN_HOM_030_HomeGoods 2H Digital_F18,xAd Inc.,PJQ7MR_TJN_HOM_030_Mobile_GROUND TRUTH FKA XAD_DST_SV1_MAP_DIR_DSP_TRG_RON_MKT_DMA_DVY_LOCATION - COMPETITOR SHOPPERS - DYNAMIC DISTANCE_Run of Network_Geo_F25-54_300 x 250_Click and View_NV_NA,204647890,9/12/2017,5210,170,5040,5040,0,0,0,0,0,5040,4032,4032
TJN_HOM_030_HomeGoods 2H Digital_F18,NinthDecimal,"PJQ7NK_TJN_HOM_030_Mobile_NINTHDECIMAL_DST_SV1_MAP_DIR_RCH_TRG_RON_BTG_DMA_DVY_TV TARGETING: HGTV, DIY NETWORK, BRAVO, TLC, FOOD NETWORK_Run of Network_Behavioral_F25-54_320 x 50_Click and View_NV_NA",204674553,9/8/2017,3448,63,3385,2278,1107,11,1096,1058,38,2289,2210,3268
TJN_HOM_030_HomeGoods 2H Digital_F18,xAd Inc.,PJQ7MK_TJN_HOM_030_Mobile_GROUND TRUTH FKA XAD_DST_SV1_MAP_DIR_DSP_TRG_RON_PXT_BTG_DVY_PROXIMITY LOYALTY - STORE LOCATOR UNIT_Run of Network_Geo_F25-54_300 x 250_Click and View_NV_NA,204625442,10/3/2017,3,0,3,2,1,1,0,0,0,3,2,2
TJN_HOM_030_HomeGoods 2H Digital_F18,NinthDecimal,PJQ7N8_TJN_HOM_030_Mobile_NINTHDECIMAL_DST_SV1_MAP_DIR_RCH_TRG_RON_BTG_PXT_DVY_LOCATION GRAPH: HOMEGOODS LOYALISTS_Run of Network_Behavioral_F25-54_320 x 50_Click and View_NV_NA,204675012,9/16/2017,3803,22,3781,1103,2678,16,2662,2589,73,1119,1088,3677
TJN_HOM_030_HomeGoods 2H Digital_F18,NinthDecimal,PJQ7N6_TJN_HOM_030_Mobile_NINTHDECIMAL_DST_SV1_MAP_DIR_RCH_TRG_RON_PXT_DMA_DVY_GEOFENCE: 5-10-MILE RADIUS AROUND SUBURBAN STORES_Run of Network_Geo_F25-54_320 x 50_Click and View_NV_NA,204646507,9/11/2017,18734,455,18279,10274,8005,44,7961,7800,161,10318,10109,17909
TJN_HOM_030_HomeGoods 2H Digital_F18,xAd Inc.,PJQ7MJ_TJN_HOM_030_Mobile_GROUND TRUTH FKA XAD_DST_SV1_MAP_DIR_DSP_TRG_RON_PXT_BTG_DVY_PROXIMITY LOYALTY - STORE LOCATOR UNIT_Run of Network_Geo_F25-54_320 x 50_Click and View_NV_NA,204649939,9/22/2017,23131,676,22455,10163,12292,130,12162,11333,829,10293,9591,20924
TJN_HOM_030_HomeGoods 2H Digital_F18,xAd Inc.,PJQ7MP_TJN_HOM_030_Mobile_GROUND TRUTH FKA XAD_DST_SV1_MAP_DIR_DSP_TRG_RON_MKT_DMA_DVY_LOCATION - HOMEGOODS SHOPPERS - DYNAMIC DISTANCE_Run of Network_Geo_F25-54_300 x 250_Click and View_NV_NA,204647878,9/4/2017,3,0,3,0,3,0,3,3,0,0,0,3
TJN_HOM_025_HomeGoods Digital Video_Q4FY18,Tremor Video Inc.,PK6DWD_TJN_HOM_025_OLV_TREMOR NETWORK_AWR_BS1_MAP_DIR_VID_TRG_RON_BTG_CTG_DVY_ALL SCREEN PREROLL + SOCIAL AFFINITY TARGETING TO W25-54 HOME ENTHUSIASTS MOB/TAB APP_Run of Network_Behavioral_F25-54_1280 x 720_Standard_NV_NA,205941321,10/17/2017,120330,785,119545,119473,72,2,70,70,0,119475,119475,119545
TJN_HOM_030_HomeGoods 2H Digital_F18,xAd Inc.,PJQ7MN_TJN_HOM_030_Mobile_GROUND TRUTH FKA XAD_DST_SV1_MAP_DIR_DSP_TRG_RON_MKT_DMA_DVY_LOCATION - HOMEGOODS SHOPPERS - DYNAMIC DISTANCE_Run of Network_Geo_F25-54_320 x 50_Click and View_NV_NA,204651439,10/8/2017,5386,64,5322,4706,616,56,560,494,66,4762,4071,4565
TJN_HOM_025_HomeGoods Digital Video_Q4FY18,Tremor Video Inc.,PK1FYN_TJN_HOM_025_OLV_TREMOR NETWORK_AWR_BS1_DSK_DIR_VID_TRG_RON_PXT_CTG_DVY_ALL SCREEN PREROLL + PROXIMITYPLUS DWELL TIME TARGETING TO HOMEGOODS VISITORS DESKTOP_Run of Network_Behavioral_F25-54_1280 x 720_Standard_NV_NA,205941312,10/19/2017,14882,53,14829,2810,12019,409,11610,10401,1209,3219,2884,13285
TJN_HOM_030_HomeGoods 2H Digital_F18,NinthDecimal,"PJQ7NK_TJN_HOM_030_Mobile_NINTHDECIMAL_DST_SV1_MAP_DIR_RCH_TRG_RON_BTG_DMA_DVY_TV TARGETING: HGTV, DIY NETWORK, BRAVO, TLC, FOOD NETWORK_Run of Network_Behavioral_F25-54_320 x 50_Click and View_NV_NA",204674553,10/7/2017,9387,164,9223,5593,3630,51,3579,3448,131,5644,5437,8885
TJN_HOM_030_HomeGoods 2H Digital_F18,xAd Inc.,PJQ7MJ_TJN_HOM_030_Mobile_GROUND TRUTH FKA XAD_DST_SV1_MAP_DIR_DSP_TRG_RON_PXT_BTG_DVY_PROXIMITY LOYALTY - STORE LOCATOR UNIT_Run of Network_Geo_F25-54_320 x 50_Click and View_NV_NA,204649939,9/24/2017,20401,531,19870,11527,8343,130,8213,7767,446,11657,11024,18791
TJN_HOM_030_HomeGoods 2H Digital_F18,NinthDecimal,PJQ7ND_TJN_HOM_030_Mobile_NINTHDECIMAL_DST_SV1_MAP_DIR_RCH_TRG_RON_BTG_DMA_DVY_CONSUMER JOURNEY: HOUSEHOLD CEO_Run of Network_Behavioral_F25-54_320 x 50_Click and View_NV_NA,204626294,10/7/2017,10238,221,10017,6869,3148,26,3122,3031,91,6895,6694,9725
TJN_HOM_030_HomeGoods 2H Digital_F18,NinthDecimal,PJQ7N7_TJN_HOM_030_Mobile_NINTHDECIMAL_DST_SV1_MAP_DIR_RCH_TRG_RON_PXT_DMA_DVY_GEOFENCE: 15-20-MILE RADIUS AROUND RURAL STORES_Run of Network_Geo_F25-54_320 x 50_Click and View_NV_NA,204674556,10/6/2017,12457,276,12181,9308,2873,25,2848,2770,78,9333,9077,11847
TJN_HOM_030_HomeGoods 2H Digital_F18,NinthDecimal,PJQ7N6_TJN_HOM_030_Mobile_NINTHDECIMAL_DST_SV1_MAP_DIR_RCH_TRG_RON_PXT_DMA_DVY_GEOFENCE: 5-10-MILE RADIUS AROUND SUBURBAN STORES_Run of Network_Geo_F25-54_320 x 50_Click and View_NV_NA,204646507,10/1/2017,4239,145,4094,1554,2540,4,2536,2510,26,1558,1542,4052
TJN_HOM_030_HomeGoods 2H Digital_F18,xAd Inc.,PJQ7MK_TJN_HOM_030_Mobile_GROUND TRUTH FKA XAD_DST_SV1_MAP_DIR_DSP_TRG_RON_PXT_BTG_DVY_PROXIMITY LOYALTY - STORE LOCATOR UNIT_Run of Network_Geo_F25-54_300 x 250_Click and View_NV_NA,204625442,9/26/2017,33140,569,32571,16190,16381,354,16027,12908,3119,16544,13324,26232
TJN_HOM_030_HomeGoods 2H Digital_F18,xAd Inc.,PJQ7MH_TJN_HOM_030_Mobile_GROUND TRUTH FKA XAD_DST_SV1_MAP_DIR_DSP_TRG_RON_PXT_BTG_DVY_PROXIMITY LOYALTY - DYNAMIC DISTANCE_Run of Network_Geo_F25-54_300 x 250_Click and View_NV_NA,204675003,10/18/2017,25163,802,24361,24361,0,0,0,0,0,24361,16241,16241
TJN_HOM_030_HomeGoods 2H Digital_F18,NinthDecimal,PJQ7N6_TJN_HOM_030_Mobile_NINTHDECIMAL_DST_SV1_MAP_DIR_RCH_TRG_RON_PXT_DMA_DVY_GEOFENCE: 5-10-MILE RADIUS AROUND SUBURBAN STORES_Run of Network_Geo_F25-54_320 x 50_Click and View_NV_NA,204646507,9/23/2017,16077,358,15719,7304,8415,49,8366,8152,214,7353,7165,15317
TJN_HOM_030_HomeGoods 2H Digital_F18,NinthDecimal,PJQ7N9_TJN_HOM_030_Mobile_NINTHDECIMAL_DST_SV1_MAP_DIR_RCH_TRG_RON_BTG_PXT_DVY_LOCATION GRAPH: TJX FAMILY LOYALISTS_Run of Network_Behavioral_F25-54_320 x 50_Click and View_NV_NA,204647917,9/6/2017,2341,34,2307,1260,1047,11,1036,995,41,1271,1221,2216
TJN_HOM_030_HomeGoods 2H Digital_F18,NinthDecimal,PJQ7N6_TJN_HOM_030_Mobile_NINTHDECIMAL_DST_SV1_MAP_DIR_RCH_TRG_RON_PXT_DMA_DVY_GEOFENCE: 5-10-MILE RADIUS AROUND SUBURBAN STORES_Run of Network_Geo_F25-54_320 x 50_Click and View_NV_NA,204646507,10/2/2017,5279,223,5056,3050,2006,17,1989,1946,43,3067,3001,4947
TJN_HOM_030_HomeGoods 2H Digital_F18,NinthDecimal,PJQ7N5_TJN_HOM_030_Mobile_NINTHDECIMAL_DST_SV1_MAP_DIR_RCH_TRG_RON_PXT_DMA_DVY_GEOFENCE: 2-MILE RADIUS AROUND URBAN STORES_Run of Network_Geo_F25-54_320 x 50_Click and View_NV_NA,204649945,9/17/2017,5630,98,5532,2364,3168,25,3143,3046,97,2389,2315,5361
TJN_HOM_030_HomeGoods 2H Digital_F18,NinthDecimal,PJQ7NF_TJN_HOM_030_Mobile_NINTHDECIMAL_DST_SV1_MAP_DIR_RCH_TRG_RON_BTG_DMA_DVY_CONSUMER JOURNEY: HOME FURNISHINGS SHOPPERS_Run of Network_Behavioral_F25-54_320 x 50_Click and View_NV_NA,204626291,9/20/2017,7704,201,7503,2909,4594,19,4575,4488,87,2928,2872,7360
TJN_HOM_030_HomeGoods 2H Digital_F18,xAd Inc.,PJQ7MG_TJN_HOM_030_Mobile_GROUND TRUTH FKA XAD_DST_SV1_MAP_DIR_DSP_TRG_RON_PXT_BTG_DVY_PROXIMITY LOYALTY - DYNAMIC DISTANCE_Run of Network_Geo_F25-54_320 x 50_Click and View_NV_NA,204626813,9/17/2017,36502,667,35835,23555,12280,3073,9207,7747,1460,26628,18464,26211
TJN_HOM_030_HomeGoods 2H Digital_F18,NinthDecimal,PJQ7N7_TJN_HOM_030_Mobile_NINTHDECIMAL_DST_SV1_MAP_DIR_RCH_TRG_RON_PXT_DMA_DVY_GEOFENCE: 15-20-MILE RADIUS AROUND RURAL STORES_Run of Network_Geo_F25-54_320 x 50_Click and View_NV_NA,204674556,10/11/2017,14523,310,14213,8632,5581,48,5533,5408,125,8680,8484,13892
TJN_HOM_030_HomeGoods 2H Digital_F18,xAd Inc.,PJQ7MP_TJN_HOM_030_Mobile_GROUND TRUTH FKA XAD_DST_SV1_MAP_DIR_DSP_TRG_RON_MKT_DMA_DVY_LOCATION - HOMEGOODS SHOPPERS - DYNAMIC DISTANCE_Run of Network_Geo_F25-54_300 x 250_Click and View_NV_NA,204647878,10/10/2017,6931,238,6693,6693,0,0,0,0,0,6693,6693,6693
TJN_HOM_030_HomeGoods 2H Digital_F18,xAd Inc.,PJQ7MK_TJN_HOM_030_Mobile_GROUND TRUTH FKA XAD_DST_SV1_MAP_DIR_DSP_TRG_RON_PXT_BTG_DVY_PROXIMITY LOYALTY - STORE LOCATOR UNIT_Run of Network_Geo_F25-54_300 x 250_Click and View_NV_NA,204625442,10/9/2017,3125,42,3083,51,3032,61,2971,2242,729,112,85,2327
TJN_HOM_030_HomeGoods 2H Digital_F18,NinthDecimal,PJQ7NJ_TJN_HOM_030_Mobile_NINTHDECIMAL_DST_SV1_MAP_DIR_RCH_TRG_RON_BTG_DMA_DVY_CONSUMER JOURNEY: BARGAIN HUNTERS_Run of Network_Behavioral_F25-54_320 x 50_Click and View_NV_NA,204644353,10/8/2017,9897,200,9697,5745,3952,40,3912,3775,137,5785,5582,9357
TJN_HOM_030_HomeGoods 2H Digital_F18,xAd Inc.,PJQ7MM_TJN_HOM_030_Mobile_GROUND TRUTH FKA XAD_DST_SV1_MAP_DIR_DSP_TRG_RON_BTG_DMA_DVY_BEHAVIORAL - HOME SHOPPER- DYNAMIC DISTANCE_Run of Network_Behavioral_F25-54_300 x 250_Click and View_NV_NA,204626171,9/25/2017,31521,6097,25424,25296,128,7,121,111,10,25303,23174,23285
TJN_HOM_025_HomeGoods Digital Video_Q4FY18,Tremor Video Inc.,PK1FYN_TJN_HOM_025_OLV_TREMOR NETWORK_AWR_BS1_DSK_DIR_VID_TRG_RON_PXT_CTG_DVY_ALL SCREEN PREROLL + PROXIMITYPLUS DWELL TIME TARGETING TO HOMEGOODS VISITORS DESKTOP_Run of Network_Behavioral_F25-54_1280 x 720_Standard_NV_NA,205941312,10/1/2017,220766,108,220658,140417,80241,1217,79024,29323,49701,141634,52555,81878
TJN_HOM_025_HomeGoods Digital Video_Q4FY18,Tremor Video Inc.,PK1FYN_TJN_HOM_025_OLV_TREMOR NETWORK_AWR_BS1_DSK_DIR_VID_TRG_RON_PXT_CTG_DVY_ALL SCREEN PREROLL + PROXIMITYPLUS DWELL TIME TARGETING TO HOMEGOODS VISITORS DESKTOP_Run of Network_Behavioral_F25-54_1280 x 720_Standard_NV_NA,205941312,10/2/2017,219830,149,219681,123397,96284,1688,94596,42878,51718,125085,56698,99576
TJN_HOM_030_HomeGoods 2H Digital_F18,xAd Inc.,PJQ7MJ_TJN_HOM_030_Mobile_GROUND TRUTH FKA XAD_DST_SV1_MAP_DIR_DSP_TRG_RON_PXT_BTG_DVY_PROXIMITY LOYALTY - STORE LOCATOR UNIT_Run of Network_Geo_F25-54_320 x 50_Click and View_NV_NA,204649939,10/16/2017,15772,570,15202,8833,6369,77,6292,5863,429,8910,8302,14165
TJN_HOM_030_HomeGoods 2H Digital_F18,xAd Inc.,PJQ7ML_TJN_HOM_030_Mobile_GROUND TRUTH FKA XAD_DST_SV1_MAP_DIR_DSP_TRG_RON_BTG_DMA_DVY_BEHAVIORAL - HOME SHOPPER - DYNAMIC DISTANCE_Run of Network_Behavioral_F25-54_320 x 50_Click and View_NV_NA,204626174,9/5/2017,16213,334,15879,10610,5269,3702,1567,1431,136,14312,12658,14089
TJN_HOM_030_HomeGoods 2H Digital_F18,xAd Inc.,PJQ7MG_TJN_HOM_030_Mobile_GROUND TRUTH FKA XAD_DST_SV1_MAP_DIR_DSP_TRG_RON_PXT_BTG_DVY_PROXIMITY LOYALTY - DYNAMIC DISTANCE_Run of Network_Geo_F25-54_320 x 50_Click and View_NV_NA,204626813,9/6/2017,56261,1281,54980,42048,12932,7541,5391,4507,884,49589,42398,46905
TJN_HOM_030_HomeGoods 2H Digital_F18,xAd Inc.,PJQ7MK_TJN_HOM_030_Mobile_GROUND TRUTH FKA XAD_DST_SV1_MAP_DIR_DSP_TRG_RON_PXT_BTG_DVY_PROXIMITY LOYALTY - STORE LOCATOR UNIT_Run of Network_Geo_F25-54_300 x 250_Click and View_NV_NA,204625442,10/19/2017,4298,85,4213,62,4151,16,4135,3971,164,78,75,4046
TJN_HOM_030_HomeGoods 2H Digital_F18,NinthDecimal,PJQ7N5_TJN_HOM_030_Mobile_NINTHDECIMAL_DST_SV1_MAP_DIR_RCH_TRG_RON_PXT_DMA_DVY_GEOFENCE: 2-MILE RADIUS AROUND URBAN STORES_Run of Network_Geo_F25-54_320 x 50_Click and View_NV_NA,204649945,9/6/2017,5999,264,5735,3446,2289,34,2255,2181,74,3480,3366,5547
TJN_HOM_030_HomeGoods 2H Digital_F18,NinthDecimal,PJQ7N9_TJN_HOM_030_Mobile_NINTHDECIMAL_DST_SV1_MAP_DIR_RCH_TRG_RON_BTG_PXT_DVY_LOCATION GRAPH: TJX FAMILY LOYALISTS_Run of Network_Behavioral_F25-54_320 x 50_Click and View_NV_NA,204647917,9/17/2017,5035,145,4890,1508,3382,17,3365,3231,134,1525,1464,4695
TJN_HOM_030_HomeGoods 2H Digital_F18,xAd Inc.,PJQ7ML_TJN_HOM_030_Mobile_GROUND TRUTH FKA XAD_DST_SV1_MAP_DIR_DSP_TRG_RON_BTG_DMA_DVY_BEHAVIORAL - HOME SHOPPER - DYNAMIC DISTANCE_Run of Network_Behavioral_F25-54_320 x 50_Click and View_NV_NA,204626174,10/14/2017,7477,102,7375,5313,2062,265,1797,1443,354,5578,4352,5795
TJN_HOM_030_HomeGoods 2H Digital_F18,xAd Inc.,PJQ7MJ_TJN_HOM_030_Mobile_GROUND TRUTH FKA XAD_DST_SV1_MAP_DIR_DSP_TRG_RON_PXT_BTG_DVY_PROXIMITY LOYALTY - STORE LOCATOR UNIT_Run of Network_Geo_F25-54_320 x 50_Click and View_NV_NA,204649939,9/30/2017,3,0,3,2,1,1,0,0,0,3,3,3
TJN_HOM_030_HomeGoods 2H Digital_F18,xAd Inc.,PJQ7ML_TJN_HOM_030_Mobile_GROUND TRUTH FKA XAD_DST_SV1_MAP_DIR_DSP_TRG_RON_BTG_DMA_DVY_BEHAVIORAL - HOME SHOPPER - DYNAMIC DISTANCE_Run of Network_Behavioral_F25-54_320 x 50_Click and View_NV_NA,204626174,9/14/2017,18258,259,17999,12050,5949,2097,3852,3519,333,14147,12151,15670
TJN_HOM_030_HomeGoods 2H Digital_F18,NinthDecimal,PJQ7NG_TJN_HOM_030_Mobile_NINTHDECIMAL_DST_SV1_MAP_DIR_RCH_TRG_RON_BTG_DMA_DVY_CONSUMER JOURNEY: NEW HOME BUYERS & MOVERS_Run of Network_Behavioral_F25-54_320 x 50_Click and View_NV_NA,204625835,9/12/2017,14439,223,14216,6432,7784,38,7746,7489,257,6470,6255,13744
TJN_HOM_030_HomeGoods 2H Digital_F18,NinthDecimal,PJQ7NB_TJN_HOM_030_Mobile_NINTHDECIMAL_DST_SV1_MAP_DIR_RCH_TRG_RON_BTG_PXT_DVY_LOCATION GRAPH: COMPETITIVE CONQUESTING_Run of Network_Behavioral_F25-54_320 x 50_Click and View_NV_NA,204649942,9/25/2017,5964,118,5846,3073,2773,16,2757,2695,62,3089,3020,5715
TJN_HOM_025_HomeGoods Digital Video_Q4FY18,Tremor Video Inc.,PK1FYN_TJN_HOM_025_OLV_TREMOR NETWORK_AWR_BS1_DSK_DIR_VID_TRG_RON_PXT_CTG_DVY_ALL SCREEN PREROLL + PROXIMITYPLUS DWELL TIME TARGETING TO HOMEGOODS VISITORS DESKTOP_Run of Network_Behavioral_F25-54_1280 x 720_Standard_NV_NA,205941312,10/3/2017,208444,106,208338,124963,83375,1110,82265,25966,56299,126073,39793,65759
TJN_HOM_030_HomeGoods 2H Digital_F18,xAd Inc.,PJQ7MQ_TJN_HOM_030_Mobile_GROUND TRUTH FKA XAD_DST_SV1_MAP_DIR_DSP_TRG_RON_MKT_DMA_DVY_LOCATION - COMPETITOR SHOPPERS - DYNAMIC DISTANCE_Run of Network_Geo_F25-54_320 x 50_Click and View_NV_NA,204617210,9/24/2017,14089,184,13905,11424,2481,508,1973,1837,136,11932,10157,11994
TJN_HOM_030_HomeGoods 2H Digital_F18,NinthDecimal,PJQ7ND_TJN_HOM_030_Mobile_NINTHDECIMAL_DST_SV1_MAP_DIR_RCH_TRG_RON_BTG_DMA_DVY_CONSUMER JOURNEY: HOUSEHOLD CEO_Run of Network_Behavioral_F25-54_320 x 50_Click and View_NV_NA,204626294,10/8/2017,10272,235,10037,6774,3263,15,3248,3145,103,6789,6574,9719
TJN_HOM_030_HomeGoods 2H Digital_F18,xAd Inc.,PJQ7MN_TJN_HOM_030_Mobile_GROUND TRUTH FKA XAD_DST_SV1_MAP_DIR_DSP_TRG_RON_MKT_DMA_DVY_LOCATION - HOMEGOODS SHOPPERS - DYNAMIC DISTANCE_Run of Network_Geo_F25-54_320 x 50_Click and View_NV_NA,204651439,10/7/2017,5893,69,5824,4666,1158,44,1114,987,127,4710,4198,5185
TJN_HOM_030_HomeGoods 2H Digital_F18,NinthDecimal,PJQ7NH_TJN_HOM_030_Mobile_NINTHDECIMAL_DST_SV1_MAP_DIR_RCH_TRG_RON_BTG_DMA_DVY_CONSUMER JOURNEY: PET SUPPLY SHOPPERS_Run of Network_Behavioral_F25-54_320 x 50_Click and View_NV_NA,204647914,9/24/2017,7401,128,7273,2340,4933,28,4905,4747,158,2368,2292,7039
TJN_HOM_030_HomeGoods 2H Digital_F18,NinthDecimal,"PJQ7NK_TJN_HOM_030_Mobile_NINTHDECIMAL_DST_SV1_MAP_DIR_RCH_TRG_RON_BTG_DMA_DVY_TV TARGETING: HGTV, DIY NETWORK, BRAVO, TLC, FOOD NETWORK_Run of Network_Behavioral_F25-54_320 x 50_Click and View_NV_NA",204674553,10/8/2017,9101,102,8999,5162,3837,37,3800,3670,130,5199,5021,8691
TJN_HOM_030_HomeGoods 2H Digital_F18,xAd Inc.,PJQ7MQ_TJN_HOM_030_Mobile_GROUND TRUTH FKA XAD_DST_SV1_MAP_DIR_DSP_TRG_RON_MKT_DMA_DVY_LOCATION - COMPETITOR SHOPPERS - DYNAMIC DISTANCE_Run of Network_Geo_F25-54_320 x 50_Click and View_NV_NA,204617210,9/22/2017,15141,232,14909,11061,3848,1144,2704,2516,188,12205,9840,12356
TJN_HOM_030_HomeGoods 2H Digital_F18,xAd Inc.,PJQ7MN_TJN_HOM_030_Mobile_GROUND TRUTH FKA XAD_DST_SV1_MAP_DIR_DSP_TRG_RON_MKT_DMA_DVY_LOCATION - HOMEGOODS SHOPPERS - DYNAMIC DISTANCE_Run of Network_Geo_F25-54_320 x 50_Click and View_NV_NA,204651439,9/8/2017,22782,513,22269,11667,10602,1140,9462,7270,2192,12807,9745,17015
TJN_HOM_030_HomeGoods 2H Digital_F18,xAd Inc.,PJQ7ML_TJN_HOM_030_Mobile_GROUND TRUTH FKA XAD_DST_SV1_MAP_DIR_DSP_TRG_RON_BTG_DMA_DVY_BEHAVIORAL - HOME SHOPPER - DYNAMIC DISTANCE_Run of Network_Behavioral_F25-54_320 x 50_Click and View_NV_NA,204626174,9/28/2017,91643,1789,89854,82581,7273,1991,5282,4599,683,84572,69317,73916
TJN_HOM_030_HomeGoods 2H Digital_F18,NinthDecimal,PJQ7N7_TJN_HOM_030_Mobile_NINTHDECIMAL_DST_SV1_MAP_DIR_RCH_TRG_RON_PXT_DMA_DVY_GEOFENCE: 15-20-MILE RADIUS AROUND RURAL STORES_Run of Network_Geo_F25-54_320 x 50_Click and View_NV_NA,204674556,9/21/2017,14803,354,14449,6616,7833,39,7794,7623,171,6655,6509,14132
TJN_HOM_030_HomeGoods 2H Digital_F18,NinthDecimal,PJQ7N6_TJN_HOM_030_Mobile_NINTHDECIMAL_DST_SV1_MAP_DIR_RCH_TRG_RON_PXT_DMA_DVY_GEOFENCE: 5-10-MILE RADIUS AROUND SUBURBAN STORES_Run of Network_Geo_F25-54_320 x 50_Click and View_NV_NA,204646507,10/3/2017,3318,162,3156,2478,678,14,664,651,13,2492,2443,3094
TJN_HOM_030_HomeGoods 2H Digital_F18,xAd Inc.,PJQ7MK_TJN_HOM_030_Mobile_GROUND TRUTH FKA XAD_DST_SV1_MAP_DIR_DSP_TRG_RON_PXT_BTG_DVY_PROXIMITY LOYALTY - STORE LOCATOR UNIT_Run of Network_Geo_F25-54_300 x 250_Click and View_NV_NA,204625442,9/11/2017,412,6,406,45,361,5,356,346,10,50,49,395
TJN_HOM_030_HomeGoods 2H Digital_F18,NinthDecimal,PJQ7NH_TJN_HOM_030_Mobile_NINTHDECIMAL_DST_SV1_MAP_DIR_RCH_TRG_RON_BTG_DMA_DVY_CONSUMER JOURNEY: PET SUPPLY SHOPPERS_Run of Network_Behavioral_F25-54_320 x 50_Click and View_NV_NA,204647914,9/22/2017,7744,147,7597,2313,5284,38,5246,5105,141,2351,2288,7393
TJN_HOM_030_HomeGoods 2H Digital_F18,Nativo Inc.,PJQDHJ_TJN_HOM_030_Content_NATIVO FKA POST RLSE_DSI_BS2_MWB_DIR_NAD_ROT_RON_CTG_BTG_DVY_NATIVE DISPLAY UNIT FALLIDAYS_Run of Network_Contextual_F25-54_1 x 1_Click and View_NV_NA,206024352,10/15/2017,462237,12397,449840,3031,446809,28316,418493,157691,260802,31347,11812,169503
TJN_HOM_030_HomeGoods 2H Digital_F18,xAd Inc.,PJQ7MG_TJN_HOM_030_Mobile_GROUND TRUTH FKA XAD_DST_SV1_MAP_DIR_DSP_TRG_RON_PXT_BTG_DVY_PROXIMITY LOYALTY - DYNAMIC DISTANCE_Run of Network_Geo_F25-54_320 x 50_Click and View_NV_NA,204626813,9/9/2017,34779,727,34052,20486,13566,3140,10426,8626,1800,23626,16683,25309
TJN_HOM_030_HomeGoods 2H Digital_F18,xAd Inc.,PJQ7MG_TJN_HOM_030_Mobile_GROUND TRUTH FKA XAD_DST_SV1_MAP_DIR_DSP_TRG_RON_PXT_BTG_DVY_PROXIMITY LOYALTY - DYNAMIC DISTANCE_Run of Network_Geo_F25-54_320 x 50_Click and View_NV_NA,204626813,10/21/2017,56455,928,55527,51997,3530,161,3369,3197,172,52158,44705,47902
TJN_HOM_030_HomeGoods 2H Digital_F18,xAd Inc.,PJQ7MJ_TJN_HOM_030_Mobile_GROUND TRUTH FKA XAD_DST_SV1_MAP_DIR_DSP_TRG_RON_PXT_BTG_DVY_PROXIMITY LOYALTY - STORE LOCATOR UNIT_Run of Network_Geo_F25-54_320 x 50_Click and View_NV_NA,204649939,10/15/2017,14942,392,14550,10012,4538,62,4476,4194,282,10074,9439,13633
TJN_HOM_030_HomeGoods 2H Digital_F18,NinthDecimal,PJQ7N9_TJN_HOM_030_Mobile_NINTHDECIMAL_DST_SV1_MAP_DIR_RCH_TRG_RON_BTG_PXT_DVY_LOCATION GRAPH: TJX FAMILY LOYALISTS_Run of Network_Behavioral_F25-54_320 x 50_Click and View_NV_NA,204647917,10/4/2017,12717,222,12495,6438,6057,48,6009,5826,183,6486,6288,12114
TJN_HOM_030_HomeGoods 2H Digital_F18,NinthDecimal,PJQ7N5_TJN_HOM_030_Mobile_NINTHDECIMAL_DST_SV1_MAP_DIR_RCH_TRG_RON_PXT_DMA_DVY_GEOFENCE: 2-MILE RADIUS AROUND URBAN STORES_Run of Network_Geo_F25-54_320 x 50_Click and View_NV_NA,204649945,10/21/2017,7197,277,6920,3331,3589,48,3541,3410,131,3379,3254,6664
TJN_HOM_030_HomeGoods 2H Digital_F18,NinthDecimal,PJQ7N5_TJN_HOM_030_Mobile_NINTHDECIMAL_DST_SV1_MAP_DIR_RCH_TRG_RON_PXT_DMA_DVY_GEOFENCE: 2-MILE RADIUS AROUND URBAN STORES_Run of Network_Geo_F25-54_320 x 50_Click and View_NV_NA,204649945,9/9/2017,5912,142,5770,3064,2706,21,2685,2588,97,3085,2974,5562
TJN_HOM_030_HomeGoods 2H Digital_F18,xAd Inc.,PJQ7MK_TJN_HOM_030_Mobile_GROUND TRUTH FKA XAD_DST_SV1_MAP_DIR_DSP_TRG_RON_PXT_BTG_DVY_PROXIMITY LOYALTY - STORE LOCATOR UNIT_Run of Network_Geo_F25-54_300 x 250_Click and View_NV_NA,204625442,9/21/2017,3613,63,3550,1509,2041,34,2007,1537,470,1543,1182,2719
TJN_HOM_030_HomeGoods 2H Digital_F18,NinthDecimal,PJQ7N7_TJN_HOM_030_Mobile_NINTHDECIMAL_DST_SV1_MAP_DIR_RCH_TRG_RON_PXT_DMA_DVY_GEOFENCE: 15-20-MILE RADIUS AROUND RURAL STORES_Run of Network_Geo_F25-54_320 x 50_Click and View_NV_NA,204674556,9/11/2017,17876,381,17495,8331,9164,39,9125,8839,286,8370,8108,16947
TJN_HOM_030_HomeGoods 2H Digital_F18,NinthDecimal,PJQ7N8_TJN_HOM_030_Mobile_NINTHDECIMAL_DST_SV1_MAP_DIR_RCH_TRG_RON_BTG_PXT_DVY_LOCATION GRAPH: HOMEGOODS LOYALISTS_Run of Network_Behavioral_F25-54_320 x 50_Click and View_NV_NA,204675012,10/17/2017,13851,189,13662,4260,9402,50,9352,9011,341,4310,4153,13164
TJN_HOM_030_HomeGoods 2H Digital_F18,xAd Inc.,PJQ7MH_TJN_HOM_030_Mobile_GROUND TRUTH FKA XAD_DST_SV1_MAP_DIR_DSP_TRG_RON_PXT_BTG_DVY_PROXIMITY LOYALTY - DYNAMIC DISTANCE_Run of Network_Geo_F25-54_300 x 250_Click and View_NV_NA,204675003,9/12/2017,25908,1522,24386,24321,65,0,65,40,25,24321,14966,15006
TJN_HOM_025_HomeGoods Digital Video_Q4FY18,Tremor Video Inc.,PK6DYV_TJN_HOM_025_OLV_TREMOR NETWORK_AWR_BS1_MAP_DIR_VID_TRG_RON_PXT_CTG_DVY_ALL SCREEN PREROLL + PROXIMITYPLUS DWELL TIME TARGETING TO HOMEGOODS VISITORS MOB/TAB APP_Run of Network_Behavioral_F25-54_1280 x 720_Standard_NV_NA,205859075,10/8/2017,1414,5,1409,1228,181,0,181,174,7,1228,1181,1355
TJN_HOM_030_HomeGoods 2H Digital_F18,NinthDecimal,PJQ7NC_TJN_HOM_030_Mobile_NINTHDECIMAL_DST_SV1_MAP_DIR_RCH_TRG_RON_BTG_DMA_DVY_CONSUMER JOURNEY: DIYERS_Run of Network_Behavioral_F25-54_320 x 50_Click and View_NV_NA,204675009,9/8/2017,7734,155,7579,2761,4818,14,4804,4719,85,2775,2726,7445
TJN_HOM_025_HomeGoods Digital Video_Q4FY18,Tremor Video Inc.,PK6DWD_TJN_HOM_025_OLV_TREMOR NETWORK_AWR_BS1_MAP_DIR_VID_TRG_RON_BTG_CTG_DVY_ALL SCREEN PREROLL + SOCIAL AFFINITY TARGETING TO W25-54 HOME ENTHUSIASTS MOB/TAB APP_Run of Network_Behavioral_F25-54_1280 x 720_Standard_NV_NA,205941321,10/13/2017,210983,2655,208328,208031,297,195,102,62,40,208226,126569,126631
TJN_HOM_030_HomeGoods 2H Digital_F18,xAd Inc.,PJQ7MM_TJN_HOM_030_Mobile_GROUND TRUTH FKA XAD_DST_SV1_MAP_DIR_DSP_TRG_RON_BTG_DMA_DVY_BEHAVIORAL - HOME SHOPPER- DYNAMIC DISTANCE_Run of Network_Behavioral_F25-54_300 x 250_Click and View_NV_NA,204626171,9/22/2017,5697,238,5459,5445,14,6,8,6,2,5451,4088,4094
TJN_HOM_030_HomeGoods 2H Digital_F18,NinthDecimal,PJQ7N7_TJN_HOM_030_Mobile_NINTHDECIMAL_DST_SV1_MAP_DIR_RCH_TRG_RON_PXT_DMA_DVY_GEOFENCE: 15-20-MILE RADIUS AROUND RURAL STORES_Run of Network_Geo_F25-54_320 x 50_Click and View_NV_NA,204674556,10/19/2017,8271,123,8148,5678,2470,53,2417,2377,40,5731,5636,8013
TJN_HOM_030_HomeGoods 2H Digital_F18,NinthDecimal,PJQ7N8_TJN_HOM_030_Mobile_NINTHDECIMAL_DST_SV1_MAP_DIR_RCH_TRG_RON_BTG_PXT_DVY_LOCATION GRAPH: HOMEGOODS LOYALISTS_Run of Network_Behavioral_F25-54_320 x 50_Click and View_NV_NA,204675012,10/5/2017,11642,116,11526,4582,6944,29,6915,6609,306,4611,4407,11016
TJN_HOM_030_HomeGoods 2H Digital_F18,Nativo Inc.,PK87W8_TJN_HOM_030_Content_NATIVO FKA POST RLSE_DSI_BS2_MWB_DIR_NAD_ROT_RON_CTG_BTG_DVY_NATIVE DISPLAY UNIT FALL TRENDS_Run of Network_Contextual_F25-54_1 x 1_Click and View_NV_NA,206137761,10/14/2017,249608,5298,244310,3418,240892,18096,222796,70449,152347,21514,6803,77252
TJN_HOM_030_HomeGoods 2H Digital_F18,xAd Inc.,PJQ7MM_TJN_HOM_030_Mobile_GROUND TRUTH FKA XAD_DST_SV1_MAP_DIR_DSP_TRG_RON_BTG_DMA_DVY_BEHAVIORAL - HOME SHOPPER- DYNAMIC DISTANCE_Run of Network_Behavioral_F25-54_300 x 250_Click and View_NV_NA,204626171,9/24/2017,4662,216,4446,4344,102,2,100,89,11,4346,3849,3938
TJN_HOM_030_HomeGoods 2H Digital_F18,NinthDecimal,PJQ7NC_TJN_HOM_030_Mobile_NINTHDECIMAL_DST_SV1_MAP_DIR_RCH_TRG_RON_BTG_DMA_DVY_CONSUMER JOURNEY: DIYERS_Run of Network_Behavioral_F25-54_320 x 50_Click and View_NV_NA,204675009,10/7/2017,11775,231,11544,7342,4202,31,4171,3992,179,7373,7057,11049
TJN_HOM_025_HomeGoods Digital Video_Q4FY18,Tremor Video Inc.,PK6F30_TJN_HOM_025_OLV_TREMOR NETWORK_AWR_BS1_CTV_DIR_VID_TRG_RON_PXT_CTG_DVY_ALL SCREEN PREROLL + PROXIMITYPLUS DWELL TIME TARGETING TO HOMEGOODS VISITORS CTV_Run of Network_Behavioral_F25-54_1280 x 720_Standard_NV_NA,205942131,10/21/2017,18304,0,18304,18304,0,0,0,0,0,18304,0,0
TJN_HOM_030_HomeGoods 2H Digital_F18,Nativo Inc.,PJQDHJ_TJN_HOM_030_Content_NATIVO FKA POST RLSE_DSI_BS2_MWB_DIR_NAD_ROT_RON_CTG_BTG_DVY_NATIVE DISPLAY UNIT FALLIDAYS_Run of Network_Contextual_F25-54_1 x 1_Click and View_NV_NA,206024352,10/16/2017,496511,27226,469285,2218,467067,25404,441663,180918,260745,27622,11315,192233
TJN_HOM_030_HomeGoods 2H Digital_F18,NinthDecimal,PJQ7N7_TJN_HOM_030_Mobile_NINTHDECIMAL_DST_SV1_MAP_DIR_RCH_TRG_RON_PXT_DMA_DVY_GEOFENCE: 15-20-MILE RADIUS AROUND RURAL STORES_Run of Network_Geo_F25-54_320 x 50_Click and View_NV_NA,204674556,10/9/2017,9634,128,9506,6870,2636,26,2610,2549,61,6896,6735,9284
TJN_HOM_030_HomeGoods 2H Digital_F18,xAd Inc.,PJQ7ML_TJN_HOM_030_Mobile_GROUND TRUTH FKA XAD_DST_SV1_MAP_DIR_DSP_TRG_RON_BTG_DMA_DVY_BEHAVIORAL - HOME SHOPPER - DYNAMIC DISTANCE_Run of Network_Behavioral_F25-54_320 x 50_Click and View_NV_NA,204626174,9/15/2017,16294,233,16061,11682,4379,2791,1588,1467,121,14473,12343,13810
TJN_HOM_030_HomeGoods 2H Digital_F18,NinthDecimal,PJQ7NB_TJN_HOM_030_Mobile_NINTHDECIMAL_DST_SV1_MAP_DIR_RCH_TRG_RON_BTG_PXT_DVY_LOCATION GRAPH: COMPETITIVE CONQUESTING_Run of Network_Behavioral_F25-54_320 x 50_Click and View_NV_NA,204649942,9/24/2017,5322,63,5259,2209,3050,15,3035,2937,98,2224,2152,5089
TJN_HOM_030_HomeGoods 2H Digital_F18,NinthDecimal,PJQ7N6_TJN_HOM_030_Mobile_NINTHDECIMAL_DST_SV1_MAP_DIR_RCH_TRG_RON_PXT_DMA_DVY_GEOFENCE: 5-10-MILE RADIUS AROUND SUBURBAN STORES_Run of Network_Geo_F25-54_320 x 50_Click and View_NV_NA,204646507,9/27/2017,13474,371,13103,6020,7083,24,7059,6916,143,6044,5922,12838
TJN_HOM_030_HomeGoods 2H Digital_F18,NinthDecimal,PJQ7N9_TJN_HOM_030_Mobile_NINTHDECIMAL_DST_SV1_MAP_DIR_RCH_TRG_RON_BTG_PXT_DVY_LOCATION GRAPH: TJX FAMILY LOYALISTS_Run of Network_Behavioral_F25-54_320 x 50_Click and View_NV_NA,204647917,10/21/2017,13361,197,13164,6032,7132,61,7071,6851,220,6093,5903,12754
TJN_HOM_030_HomeGoods 2H Digital_F18,NinthDecimal,PJQ7NG_TJN_HOM_030_Mobile_NINTHDECIMAL_DST_SV1_MAP_DIR_RCH_TRG_RON_BTG_DMA_DVY_CONSUMER JOURNEY: NEW HOME BUYERS & MOVERS_Run of Network_Behavioral_F25-54_320 x 50_Click and View_NV_NA,204625835,10/18/2017,8980,136,8844,4227,4617,23,4594,4448,146,4250,4115,8563
TJN_HOM_030_HomeGoods 2H Digital_F18,NinthDecimal,PJQ7N5_TJN_HOM_030_Mobile_NINTHDECIMAL_DST_SV1_MAP_DIR_RCH_TRG_RON_PXT_DMA_DVY_GEOFENCE: 2-MILE RADIUS AROUND URBAN STORES_Run of Network_Geo_F25-54_320 x 50_Click and View_NV_NA,204649945,10/4/2017,7548,249,7299,4558,2741,30,2711,2559,152,4588,4331,6890
TJN_HOM_030_HomeGoods 2H Digital_F18,xAd Inc.,PJQ7MR_TJN_HOM_030_Mobile_GROUND TRUTH FKA XAD_DST_SV1_MAP_DIR_DSP_TRG_RON_MKT_DMA_DVY_LOCATION - COMPETITOR SHOPPERS - DYNAMIC DISTANCE_Run of Network_Geo_F25-54_300 x 250_Click and View_NV_NA,204647890,9/20/2017,5116,351,4765,4765,0,0,0,0,0,4765,1787,1787
TJN_HOM_030_HomeGoods 2H Digital_F18,NinthDecimal,PJQ7N9_TJN_HOM_030_Mobile_NINTHDECIMAL_DST_SV1_MAP_DIR_RCH_TRG_RON_BTG_PXT_DVY_LOCATION GRAPH: TJX FAMILY LOYALISTS_Run of Network_Behavioral_F25-54_320 x 50_Click and View_NV_NA,204647917,9/9/2017,2046,31,2015,1090,925,8,917,866,51,1098,1037,1903
TJN_HOM_030_HomeGoods 2H Digital_F18,xAd Inc.,PJQ7MG_TJN_HOM_030_Mobile_GROUND TRUTH FKA XAD_DST_SV1_MAP_DIR_DSP_TRG_RON_PXT_BTG_DVY_PROXIMITY LOYALTY - DYNAMIC DISTANCE_Run of Network_Geo_F25-54_320 x 50_Click and View_NV_NA,204626813,10/4/2017,2,0,2,1,1,0,1,1,0,1,1,2
TJN_HOM_030_HomeGoods 2H Digital_F18,NinthDecimal,PJQ7NB_TJN_HOM_030_Mobile_NINTHDECIMAL_DST_SV1_MAP_DIR_RCH_TRG_RON_BTG_PXT_DVY_LOCATION GRAPH: COMPETITIVE CONQUESTING_Run of Network_Behavioral_F25-54_320 x 50_Click and View_NV_NA,204649942,9/22/2017,5736,124,5612,2793,2819,17,2802,2721,81,2810,2729,5450
TJN_HOM_030_HomeGoods 2H Digital_F18,NinthDecimal,PJQ7N7_TJN_HOM_030_Mobile_NINTHDECIMAL_DST_SV1_MAP_DIR_RCH_TRG_RON_PXT_DMA_DVY_GEOFENCE: 15-20-MILE RADIUS AROUND RURAL STORES_Run of Network_Geo_F25-54_320 x 50_Click and View_NV_NA,204674556,9/26/2017,13259,258,13001,4246,8755,27,8728,8555,173,4273,4188,12743
TJN_HOM_025_HomeGoods Digital Video_Q4FY18,Tremor Video Inc.,PK6F30_TJN_HOM_025_OLV_TREMOR NETWORK_AWR_BS1_CTV_DIR_VID_TRG_RON_PXT_CTG_DVY_ALL SCREEN PREROLL + PROXIMITYPLUS DWELL TIME TARGETING TO HOMEGOODS VISITORS CTV_Run of Network_Behavioral_F25-54_1280 x 720_Standard_NV_NA,205942131,10/4/2017,7198,16,7182,7182,0,0,0,0,0,7182,0,0
TJN_HOM_030_HomeGoods 2H Digital_F18,xAd Inc.,PJQ7MK_TJN_HOM_030_Mobile_GROUND TRUTH FKA XAD_DST_SV1_MAP_DIR_DSP_TRG_RON_PXT_BTG_DVY_PROXIMITY LOYALTY - STORE LOCATOR UNIT_Run of Network_Geo_F25-54_300 x 250_Click and View_NV_NA,204625442,10/6/2017,8483,112,8371,972,7399,102,7297,5518,1779,1074,812,6330
TJN_HOM_030_HomeGoods 2H Digital_F18,xAd Inc.,PJQ7MK_TJN_HOM_030_Mobile_GROUND TRUTH FKA XAD_DST_SV1_MAP_DIR_DSP_TRG_RON_PXT_BTG_DVY_PROXIMITY LOYALTY - STORE LOCATOR UNIT_Run of Network_Geo_F25-54_300 x 250_Click and View_NV_NA,204625442,10/11/2017,3975,26,3949,85,3864,64,3800,3364,436,149,132,3496
TJN_HOM_030_HomeGoods 2H Digital_F18,xAd Inc.,PJQ7MQ_TJN_HOM_030_Mobile_GROUND TRUTH FKA XAD_DST_SV1_MAP_DIR_DSP_TRG_RON_MKT_DMA_DVY_LOCATION - COMPETITOR SHOPPERS - DYNAMIC DISTANCE_Run of Network_Geo_F25-54_320 x 50_Click and View_NV_NA,204617210,9/25/2017,179142,3548,175594,113183,62411,3421,58990,50258,8732,116604,90921,141179
TJN_HOM_030_HomeGoods 2H Digital_F18,NinthDecimal,PJQ7NH_TJN_HOM_030_Mobile_NINTHDECIMAL_DST_SV1_MAP_DIR_RCH_TRG_RON_BTG_DMA_DVY_CONSUMER JOURNEY: PET SUPPLY SHOPPERS_Run of Network_Behavioral_F25-54_320 x 50_Click and View_NV_NA,204647914,9/25/2017,8159,139,8020,2813,5207,34,5173,5024,149,2847,2765,7789
TJN_HOM_030_HomeGoods 2H Digital_F18,NinthDecimal,PJQ7N6_TJN_HOM_030_Mobile_NINTHDECIMAL_DST_SV1_MAP_DIR_RCH_TRG_RON_PXT_DMA_DVY_GEOFENCE: 5-10-MILE RADIUS AROUND SUBURBAN STORES_Run of Network_Geo_F25-54_320 x 50_Click and View_NV_NA,204646507,9/21/2017,12563,330,12233,5552,6681,35,6646,6489,157,5587,5455,11944
TJN_HOM_030_HomeGoods 2H Digital_F18,NinthDecimal,PJQ7N7_TJN_HOM_030_Mobile_NINTHDECIMAL_DST_SV1_MAP_DIR_RCH_TRG_RON_PXT_DMA_DVY_GEOFENCE: 15-20-MILE RADIUS AROUND RURAL STORES_Run of Network_Geo_F25-54_320 x 50_Click and View_NV_NA,204674556,10/3/2017,3231,79,3152,2366,786,16,770,744,26,2382,2302,3046
TJN_HOM_030_HomeGoods 2H Digital_F18,NinthDecimal,PJQ7N5_TJN_HOM_030_Mobile_NINTHDECIMAL_DST_SV1_MAP_DIR_RCH_TRG_RON_PXT_DMA_DVY_GEOFENCE: 2-MILE RADIUS AROUND URBAN STORES_Run of Network_Geo_F25-54_320 x 50_Click and View_NV_NA,204649945,9/7/2017,6273,193,6080,3458,2622,38,2584,2509,75,3496,3395,5904
TJN_HOM_025_HomeGoods Digital Video_Q4FY18,Tremor Video Inc.,PK6DYV_TJN_HOM_025_OLV_TREMOR NETWORK_AWR_BS1_MAP_DIR_VID_TRG_RON_PXT_CTG_DVY_ALL SCREEN PREROLL + PROXIMITYPLUS DWELL TIME TARGETING TO HOMEGOODS VISITORS MOB/TAB APP_Run of Network_Behavioral_F25-54_1280 x 720_Standard_NV_NA,205859075,10/7/2017,193,0,193,158,35,0,35,34,1,158,153,187
TJN_HOM_025_HomeGoods Digital Video_Q4FY18,Tremor Video Inc.,PK6DY1_TJN_HOM_025_OLV_TREMOR NETWORK_AWR_BS1_CTV_DIR_VID_TRG_RON_BTG_CTG_DVY_ALL SCREEN PREROLL + SOCIAL AFFINITY TARGETING TO W25-54 HOME ENTHUSIASTS CTV_Run of Network_Behavioral_F25-54_1280 x 720_Standard_NV_NA,205941318,10/15/2017,49458,0,49458,49458,0,0,0,0,0,49458,43437,43437
TJN_HOM_030_HomeGoods 2H Digital_F18,NinthDecimal,PJQ7N8_TJN_HOM_030_Mobile_NINTHDECIMAL_DST_SV1_MAP_DIR_RCH_TRG_RON_BTG_PXT_DVY_LOCATION GRAPH: HOMEGOODS LOYALISTS_Run of Network_Behavioral_F25-54_320 x 50_Click and View_NV_NA,204675012,9/10/2017,11617,82,11535,2692,8843,16,8827,8560,267,2708,2626,11186
TJN_HOM_030_HomeGoods 2H Digital_F18,NinthDecimal,PJQ7NB_TJN_HOM_030_Mobile_NINTHDECIMAL_DST_SV1_MAP_DIR_RCH_TRG_RON_BTG_PXT_DVY_LOCATION GRAPH: COMPETITIVE CONQUESTING_Run of Network_Behavioral_F25-54_320 x 50_Click and View_NV_NA,204649942,10/16/2017,8724,136,8588,5479,3109,27,3082,3000,82,5506,5360,8360
TJN_HOM_030_HomeGoods 2H Digital_F18,xAd Inc.,PJQ7MG_TJN_HOM_030_Mobile_GROUND TRUTH FKA XAD_DST_SV1_MAP_DIR_DSP_TRG_RON_PXT_BTG_DVY_PROXIMITY LOYALTY - DYNAMIC DISTANCE_Run of Network_Geo_F25-54_320 x 50_Click and View_NV_NA,204626813,9/7/2017,46817,1190,45627,29270,16357,2586,13771,11052,2719,31856,25971,37023
TJN_HOM_030_HomeGoods 2H Digital_F18,NinthDecimal,PJQ7NH_TJN_HOM_030_Mobile_NINTHDECIMAL_DST_SV1_MAP_DIR_RCH_TRG_RON_BTG_DMA_DVY_CONSUMER JOURNEY: PET SUPPLY SHOPPERS_Run of Network_Behavioral_F25-54_320 x 50_Click and View_NV_NA,204647914,10/15/2017,9437,166,9271,4883,4388,29,4359,4204,155,4912,4737,8941
TJN_HOM_030_HomeGoods 2H Digital_F18,xAd Inc.,PJQ7MQ_TJN_HOM_030_Mobile_GROUND TRUTH FKA XAD_DST_SV1_MAP_DIR_DSP_TRG_RON_MKT_DMA_DVY_LOCATION - COMPETITOR SHOPPERS - DYNAMIC DISTANCE_Run of Network_Geo_F25-54_320 x 50_Click and View_NV_NA,204617210,10/15/2017,6825,105,6720,4590,2130,274,1856,1690,166,4864,4283,5973
TJN_HOM_025_HomeGoods Digital Video_Q4FY18,Tremor Video Inc.,PK1FYM_TJN_HOM_025_OLV_TREMOR NETWORK_AWR_BS1_DSK_DIR_VID_TRG_RON_BTG_CTG_DVY_ALL SCREEN PREROLL + SOCIAL AFFINITY TARGETING TO W25-54 HOME ENTHUSIASTS DESKTOP_Run of Network_Behavioral_F25-54_1280 x 720_Standard_NV_NA,205941870,10/15/2017,84663,56,84607,28946,55661,1525,54136,47532,6604,30471,26754,74286
TJN_HOM_030_HomeGoods 2H Digital_F18,NinthDecimal,PJQ7N8_TJN_HOM_030_Mobile_NINTHDECIMAL_DST_SV1_MAP_DIR_RCH_TRG_RON_BTG_PXT_DVY_LOCATION GRAPH: HOMEGOODS LOYALISTS_Run of Network_Behavioral_F25-54_320 x 50_Click and View_NV_NA,204675012,9/29/2017,4168,131,4037,2817,1220,23,1197,1090,107,2840,2586,3676
TJN_HOM_030_HomeGoods 2H Digital_F18,NinthDecimal,PJQ7NC_TJN_HOM_030_Mobile_NINTHDECIMAL_DST_SV1_MAP_DIR_RCH_TRG_RON_BTG_DMA_DVY_CONSUMER JOURNEY: DIYERS_Run of Network_Behavioral_F25-54_320 x 50_Click and View_NV_NA,204675009,10/8/2017,10254,189,10065,6251,3814,20,3794,3696,98,6271,6109,9805
TJN_HOM_030_HomeGoods 2H Digital_F18,NinthDecimal,PJQ7NF_TJN_HOM_030_Mobile_NINTHDECIMAL_DST_SV1_MAP_DIR_RCH_TRG_RON_BTG_DMA_DVY_CONSUMER JOURNEY: HOME FURNISHINGS SHOPPERS_Run of Network_Behavioral_F25-54_320 x 50_Click and View_NV_NA,204626291,9/12/2017,14684,316,14368,4307,10061,61,10000,9799,201,4368,4280,14079
TJN_HOM_030_HomeGoods 2H Digital_F18,Nativo Inc.,PK87W8_TJN_HOM_030_Content_NATIVO FKA POST RLSE_DSI_BS2_MWB_DIR_NAD_ROT_RON_CTG_BTG_DVY_NATIVE DISPLAY UNIT FALL TRENDS_Run of Network_Contextual_F25-54_1 x 1_Click and View_NV_NA,206137761,10/20/2017,271984,10315,261669,5385,256284,26841,229443,83875,145568,32226,11781,95656
TJN_HOM_030_HomeGoods 2H Digital_F18,xAd Inc.,PJQ7MK_TJN_HOM_030_Mobile_GROUND TRUTH FKA XAD_DST_SV1_MAP_DIR_DSP_TRG_RON_PXT_BTG_DVY_PROXIMITY LOYALTY - STORE LOCATOR UNIT_Run of Network_Geo_F25-54_300 x 250_Click and View_NV_NA,204625442,9/27/2017,38316,626,37690,22433,15257,233,15024,12077,2947,22666,18220,30297
TJN_HOM_025_HomeGoods Digital Video_Q4FY18,Tremor Video Inc.,PK1FYN_TJN_HOM_025_OLV_TREMOR NETWORK_AWR_BS1_DSK_DIR_VID_TRG_RON_PXT_CTG_DVY_ALL SCREEN PREROLL + PROXIMITYPLUS DWELL TIME TARGETING TO HOMEGOODS VISITORS DESKTOP_Run of Network_Behavioral_F25-54_1280 x 720_Standard_NV_NA,205941312,10/11/2017,243137,182,242955,99032,143923,2343,141580,33121,108459,101375,23716,56837
TJN_HOM_025_HomeGoods Digital Video_Q4FY18,Tremor Video Inc.,PK1FYN_TJN_HOM_025_OLV_TREMOR NETWORK_AWR_BS1_DSK_DIR_VID_TRG_RON_PXT_CTG_DVY_ALL SCREEN PREROLL + PROXIMITYPLUS DWELL TIME TARGETING TO HOMEGOODS VISITORS DESKTOP_Run of Network_Behavioral_F25-54_1280 x 720_Standard_NV_NA,205941312,10/6/2017,262671,199,262472,69660,192812,3258,189554,34675,154879,72918,13339,48014
TJN_HOM_030_HomeGoods 2H Digital_F18,xAd Inc.,PJQ7MP_TJN_HOM_030_Mobile_GROUND TRUTH FKA XAD_DST_SV1_MAP_DIR_DSP_TRG_RON_MKT_DMA_DVY_LOCATION - HOMEGOODS SHOPPERS - DYNAMIC DISTANCE_Run of Network_Geo_F25-54_300 x 250_Click and View_NV_NA,204647878,9/18/2017,3342,143,3199,3198,1,0,1,1,0,3198,3198,3199
TJN_HOM_030_HomeGoods 2H Digital_F18,NinthDecimal,PJQ7N9_TJN_HOM_030_Mobile_NINTHDECIMAL_DST_SV1_MAP_DIR_RCH_TRG_RON_BTG_PXT_DVY_LOCATION GRAPH: TJX FAMILY LOYALISTS_Run of Network_Behavioral_F25-54_320 x 50_Click and View_NV_NA,204647917,9/7/2017,2355,46,2309,1153,1156,10,1146,1098,48,1163,1114,2212
TJN_HOM_030_HomeGoods 2H Digital_F18,NinthDecimal,PJQ7NB_TJN_HOM_030_Mobile_NINTHDECIMAL_DST_SV1_MAP_DIR_RCH_TRG_RON_BTG_PXT_DVY_LOCATION GRAPH: COMPETITIVE CONQUESTING_Run of Network_Behavioral_F25-54_320 x 50_Click and View_NV_NA,204649942,9/30/2017,21323,380,20943,12293,8650,40,8610,8322,288,12333,11920,20242
TJN_HOM_030_HomeGoods 2H Digital_F18,NinthDecimal,PJQ7N6_TJN_HOM_030_Mobile_NINTHDECIMAL_DST_SV1_MAP_DIR_RCH_TRG_RON_PXT_DMA_DVY_GEOFENCE: 5-10-MILE RADIUS AROUND SUBURBAN STORES_Run of Network_Geo_F25-54_320 x 50_Click and View_NV_NA,204646507,10/11/2017,14306,317,13989,7915,6074,35,6039,5839,200,7950,7687,13526
TJN_HOM_030_HomeGoods 2H Digital_F18,NinthDecimal,PJQ7NG_TJN_HOM_030_Mobile_NINTHDECIMAL_DST_SV1_MAP_DIR_RCH_TRG_RON_BTG_DMA_DVY_CONSUMER JOURNEY: NEW HOME BUYERS & MOVERS_Run of Network_Behavioral_F25-54_320 x 50_Click and View_NV_NA,204625835,9/20/2017,5967,144,5823,2384,3439,19,3420,3328,92,2403,2338,5666
TJN_HOM_030_HomeGoods 2H Digital_F18,NinthDecimal,PJQ7N7_TJN_HOM_030_Mobile_NINTHDECIMAL_DST_SV1_MAP_DIR_RCH_TRG_RON_PXT_DMA_DVY_GEOFENCE: 15-20-MILE RADIUS AROUND RURAL STORES_Run of Network_Geo_F25-54_320 x 50_Click and View_NV_NA,204674556,9/23/2017,15359,357,15002,7228,7774,30,7744,7566,178,7258,7091,14657
TJN_HOM_030_HomeGoods 2H Digital_F18,NinthDecimal,PJQ7N7_TJN_HOM_030_Mobile_NINTHDECIMAL_DST_SV1_MAP_DIR_RCH_TRG_RON_PXT_DMA_DVY_GEOFENCE: 15-20-MILE RADIUS AROUND RURAL STORES_Run of Network_Geo_F25-54_320 x 50_Click and View_NV_NA,204674556,10/2/2017,5339,119,5220,2571,2649,15,2634,2583,51,2586,2536,5119
TJN_HOM_030_HomeGoods 2H Digital_F18,xAd Inc.,PJQ7MR_TJN_HOM_030_Mobile_GROUND TRUTH FKA XAD_DST_SV1_MAP_DIR_DSP_TRG_RON_MKT_DMA_DVY_LOCATION - COMPETITOR SHOPPERS - DYNAMIC DISTANCE_Run of Network_Geo_F25-54_300 x 250_Click and View_NV_NA,204647890,10/18/2017,7717,360,7357,7357,0,0,0,0,0,7357,6589,6589
TJN_HOM_030_HomeGoods 2H Digital_F18,xAd Inc.,PJQ7MJ_TJN_HOM_030_Mobile_GROUND TRUTH FKA XAD_DST_SV1_MAP_DIR_DSP_TRG_RON_PXT_BTG_DVY_PROXIMITY LOYALTY - STORE LOCATOR UNIT_Run of Network_Geo_F25-54_320 x 50_Click and View_NV_NA,204649939,9/25/2017,82566,1789,80777,50454,30323,583,29740,27664,2076,51037,47474,75138
TJN_HOM_030_HomeGoods 2H Digital_F18,NinthDecimal,PJQ7N7_TJN_HOM_030_Mobile_NINTHDECIMAL_DST_SV1_MAP_DIR_RCH_TRG_RON_PXT_DMA_DVY_GEOFENCE: 15-20-MILE RADIUS AROUND RURAL STORES_Run of Network_Geo_F25-54_320 x 50_Click and View_NV_NA,204674556,10/1/2017,4467,98,4369,1456,2913,7,2906,2871,35,1463,1445,4316
TJN_HOM_030_HomeGoods 2H Digital_F18,xAd Inc.,PJQ7MM_TJN_HOM_030_Mobile_GROUND TRUTH FKA XAD_DST_SV1_MAP_DIR_DSP_TRG_RON_BTG_DMA_DVY_BEHAVIORAL - HOME SHOPPER- DYNAMIC DISTANCE_Run of Network_Behavioral_F25-54_300 x 250_Click and View_NV_NA,204626171,10/16/2017,6677,131,6546,6546,0,0,0,0,0,6546,5399,5399
TJN_HOM_030_HomeGoods 2H Digital_F18,NinthDecimal,PJQ7N6_TJN_HOM_030_Mobile_NINTHDECIMAL_DST_SV1_MAP_DIR_RCH_TRG_RON_PXT_DMA_DVY_GEOFENCE: 5-10-MILE RADIUS AROUND SUBURBAN STORES_Run of Network_Geo_F25-54_320 x 50_Click and View_NV_NA,204646507,10/6/2017,12190,430,11760,8541,3219,22,3197,3077,120,8563,8242,11319
TJN_HOM_030_HomeGoods 2H Digital_F18,NinthDecimal,PJQ7N9_TJN_HOM_030_Mobile_NINTHDECIMAL_DST_SV1_MAP_DIR_RCH_TRG_RON_BTG_PXT_DVY_LOCATION GRAPH: TJX FAMILY LOYALISTS_Run of Network_Behavioral_F25-54_320 x 50_Click and View_NV_NA,204647917,9/25/2017,4729,101,4628,1507,3121,11,3110,3019,91,1518,1474,4493
TJN_HOM_030_HomeGoods 2H Digital_F18,xAd Inc.,PJQ7MS_TJN_HOM_030_Mobile_GROUND TRUTH FKA XAD_DST_SV1_MAP_DIR_DSP_TRG_RON_DMA_PXT_DVY_AV DMA TARGETING_Run of Network_Geo_F25-54_300 x 250_Click and View_NV_NA,204646501,10/14/2017,2350,45,2305,1982,323,32,291,277,14,2014,1917,2194
TJN_HOM_030_HomeGoods 2H Digital_F18,xAd Inc.,PJQ7MS_TJN_HOM_030_Mobile_GROUND TRUTH FKA XAD_DST_SV1_MAP_DIR_DSP_TRG_RON_DMA_PXT_DVY_AV DMA TARGETING_Run of Network_Geo_F25-54_300 x 250_Click and View_NV_NA,204646501,9/14/2017,8795,134,8661,2514,6147,3425,2722,1407,1315,5939,3070,4477
TJN_HOM_030_HomeGoods 2H Digital_F18,NinthDecimal,PJQ7NG_TJN_HOM_030_Mobile_NINTHDECIMAL_DST_SV1_MAP_DIR_RCH_TRG_RON_BTG_DMA_DVY_CONSUMER JOURNEY: NEW HOME BUYERS & MOVERS_Run of Network_Behavioral_F25-54_320 x 50_Click and View_NV_NA,204625835,9/11/2017,16633,269,16364,6698,9666,74,9592,9327,265,6772,6585,15912
TJN_HOM_030_HomeGoods 2H Digital_F18,NinthDecimal,PJQ7NB_TJN_HOM_030_Mobile_NINTHDECIMAL_DST_SV1_MAP_DIR_RCH_TRG_RON_BTG_PXT_DVY_LOCATION GRAPH: COMPETITIVE CONQUESTING_Run of Network_Behavioral_F25-54_320 x 50_Click and View_NV_NA,204649942,9/17/2017,6883,122,6761,2673,4088,16,4072,3973,99,2689,2624,6597
TJN_HOM_030_HomeGoods 2H Digital_F18,NinthDecimal,PJQ7NJ_TJN_HOM_030_Mobile_NINTHDECIMAL_DST_SV1_MAP_DIR_RCH_TRG_RON_BTG_DMA_DVY_CONSUMER JOURNEY: BARGAIN HUNTERS_Run of Network_Behavioral_F25-54_320 x 50_Click and View_NV_NA,204644353,10/14/2017,8435,115,8320,3853,4467,47,4420,4263,157,3900,3761,8024
TJN_HOM_030_HomeGoods 2H Digital_F18,NinthDecimal,PJQ7NJ_TJN_HOM_030_Mobile_NINTHDECIMAL_DST_SV1_MAP_DIR_RCH_TRG_RON_BTG_DMA_DVY_CONSUMER JOURNEY: BARGAIN HUNTERS_Run of Network_Behavioral_F25-54_320 x 50_Click and View_NV_NA,204644353,9/14/2017,10801,217,10584,3793,6791,49,6742,6549,193,3842,3732,10281
TJN_HOM_030_HomeGoods 2H Digital_F18,xAd Inc.,PJQ7MQ_TJN_HOM_030_Mobile_GROUND TRUTH FKA XAD_DST_SV1_MAP_DIR_DSP_TRG_RON_MKT_DMA_DVY_LOCATION - COMPETITOR SHOPPERS - DYNAMIC DISTANCE_Run of Network_Geo_F25-54_320 x 50_Click and View_NV_NA,204617210,9/9/2017,14397,150,14247,8518,5729,3734,1995,1794,201,12252,10586,12380
TJN_HOM_025_HomeGoods Digital Video_Q4FY18,Tremor Video Inc.,PK1FYM_TJN_HOM_025_OLV_TREMOR NETWORK_AWR_BS1_DSK_DIR_VID_TRG_RON_BTG_CTG_DVY_ALL SCREEN PREROLL + SOCIAL AFFINITY TARGETING TO W25-54 HOME ENTHUSIASTS DESKTOP_Run of Network_Behavioral_F25-54_1280 x 720_Standard_NV_NA,205941870,10/21/2017,25803,19,25784,6907,18877,462,18415,16405,2010,7369,6565,22970
TJN_HOM_030_HomeGoods 2H Digital_F18,xAd Inc.,PJQ7MQ_TJN_HOM_030_Mobile_GROUND TRUTH FKA XAD_DST_SV1_MAP_DIR_DSP_TRG_RON_MKT_DMA_DVY_LOCATION - COMPETITOR SHOPPERS - DYNAMIC DISTANCE_Run of Network_Geo_F25-54_320 x 50_Click and View_NV_NA,204617210,10/21/2017,5292,51,5241,3394,1847,103,1744,798,946,3497,1595,2393
TJN_HOM_030_HomeGoods 2H Digital_F18,NinthDecimal,PJQ7NH_TJN_HOM_030_Mobile_NINTHDECIMAL_DST_SV1_MAP_DIR_RCH_TRG_RON_BTG_DMA_DVY_CONSUMER JOURNEY: PET SUPPLY SHOPPERS_Run of Network_Behavioral_F25-54_320 x 50_Click and View_NV_NA,204647914,9/9/2017,19821,209,19612,4867,14745,101,14644,14204,440,4968,4819,19023
TJN_HOM_030_HomeGoods 2H Digital_F18,NinthDecimal,PJQ7NG_TJN_HOM_030_Mobile_NINTHDECIMAL_DST_SV1_MAP_DIR_RCH_TRG_RON_BTG_DMA_DVY_CONSUMER JOURNEY: NEW HOME BUYERS & MOVERS_Run of Network_Behavioral_F25-54_320 x 50_Click and View_NV_NA,204625835,10/19/2017,9074,130,8944,4135,4809,43,4766,4620,146,4178,4050,8670
TJN_HOM_030_HomeGoods 2H Digital_F18,xAd Inc.,PJQ7MS_TJN_HOM_030_Mobile_GROUND TRUTH FKA XAD_DST_SV1_MAP_DIR_DSP_TRG_RON_DMA_PXT_DVY_AV DMA TARGETING_Run of Network_Geo_F25-54_300 x 250_Click and View_NV_NA,204646501,9/28/2017,55487,1458,54029,42027,12002,1801,10201,8663,1538,43828,34131,42794
TJN_HOM_030_HomeGoods 2H Digital_F18,NinthDecimal,PJQ7NH_TJN_HOM_030_Mobile_NINTHDECIMAL_DST_SV1_MAP_DIR_RCH_TRG_RON_BTG_DMA_DVY_CONSUMER JOURNEY: PET SUPPLY SHOPPERS_Run of Network_Behavioral_F25-54_320 x 50_Click and View_NV_NA,204647914,10/21/2017,9435,164,9271,4404,4867,46,4821,4649,172,4450,4291,8940
TJN_HOM_025_HomeGoods Digital Video_Q4FY18,Tremor Video Inc.,PK6DY1_TJN_HOM_025_OLV_TREMOR NETWORK_AWR_BS1_CTV_DIR_VID_TRG_RON_BTG_CTG_DVY_ALL SCREEN PREROLL + SOCIAL AFFINITY TARGETING TO W25-54 HOME ENTHUSIASTS CTV_Run of Network_Behavioral_F25-54_1280 x 720_Standard_NV_NA,205941318,10/21/2017,17424,0,17424,17424,0,0,0,0,0,17424,13641,13641
TJN_HOM_030_HomeGoods 2H Digital_F18,xAd Inc.,PJQ7MJ_TJN_HOM_030_Mobile_GROUND TRUTH FKA XAD_DST_SV1_MAP_DIR_DSP_TRG_RON_PXT_BTG_DVY_PROXIMITY LOYALTY - STORE LOCATOR UNIT_Run of Network_Geo_F25-54_320 x 50_Click and View_NV_NA,204649939,9/7/2017,23821,512,23309,17923,5386,114,5272,4942,330,18037,16908,21850
TJN_HOM_030_HomeGoods 2H Digital_F18,NinthDecimal,"PJQ7NK_TJN_HOM_030_Mobile_NINTHDECIMAL_DST_SV1_MAP_DIR_RCH_TRG_RON_BTG_DMA_DVY_TV TARGETING: HGTV, DIY NETWORK, BRAVO, TLC, FOOD NETWORK_Run of Network_Behavioral_F25-54_320 x 50_Click and View_NV_NA",204674553,9/5/2017,3238,68,3170,1804,1366,19,1347,1323,24,1823,1791,3114
TJN_HOM_030_HomeGoods 2H Digital_F18,NinthDecimal,PJQ7ND_TJN_HOM_030_Mobile_NINTHDECIMAL_DST_SV1_MAP_DIR_RCH_TRG_RON_BTG_DMA_DVY_CONSUMER JOURNEY: HOUSEHOLD CEO_Run of Network_Behavioral_F25-54_320 x 50_Click and View_NV_NA,204626294,9/5/2017,3,2,1,1,0,0,0,0,0,1,1,1
TJN_HOM_030_HomeGoods 2H Digital_F18,xAd Inc.,PJQ7MK_TJN_HOM_030_Mobile_GROUND TRUTH FKA XAD_DST_SV1_MAP_DIR_DSP_TRG_RON_PXT_BTG_DVY_PROXIMITY LOYALTY - STORE LOCATOR UNIT_Run of Network_Geo_F25-54_300 x 250_Click and View_NV_NA,204625442,9/12/2017,560,15,545,121,424,18,406,386,20,139,132,518
TJN_HOM_030_HomeGoods 2H Digital_F18,xAd Inc.,PJQ7MH_TJN_HOM_030_Mobile_GROUND TRUTH FKA XAD_DST_SV1_MAP_DIR_DSP_TRG_RON_PXT_BTG_DVY_PROXIMITY LOYALTY - DYNAMIC DISTANCE_Run of Network_Geo_F25-54_300 x 250_Click and View_NV_NA,204675003,9/21/2017,14021,486,13535,13529,6,1,5,4,1,13530,10821,10825
TJN_HOM_030_HomeGoods 2H Digital_F18,NinthDecimal,PJQ7NJ_TJN_HOM_030_Mobile_NINTHDECIMAL_DST_SV1_MAP_DIR_RCH_TRG_RON_BTG_DMA_DVY_CONSUMER JOURNEY: BARGAIN HUNTERS_Run of Network_Behavioral_F25-54_320 x 50_Click and View_NV_NA,204644353,9/28/2017,6702,97,6605,2328,4277,24,4253,4163,90,2352,2302,6465
TJN_HOM_030_HomeGoods 2H Digital_F18,xAd Inc.,PJQ7MM_TJN_HOM_030_Mobile_GROUND TRUTH FKA XAD_DST_SV1_MAP_DIR_DSP_TRG_RON_BTG_DMA_DVY_BEHAVIORAL - HOME SHOPPER- DYNAMIC DISTANCE_Run of Network_Behavioral_F25-54_300 x 250_Click and View_NV_NA,204626171,9/6/2017,5669,54,5615,5613,2,0,2,0,2,5613,0,0
TJN_HOM_030_HomeGoods 2H Digital_F18,xAd Inc.,PJQ7MH_TJN_HOM_030_Mobile_GROUND TRUTH FKA XAD_DST_SV1_MAP_DIR_DSP_TRG_RON_PXT_BTG_DVY_PROXIMITY LOYALTY - DYNAMIC DISTANCE_Run of Network_Geo_F25-54_300 x 250_Click and View_NV_NA,204675003,10/6/2017,40402,1240,39162,39052,110,34,76,1,75,39086,514,515
TJN_HOM_030_HomeGoods 2H Digital_F18,NinthDecimal,PJQ7NG_TJN_HOM_030_Mobile_NINTHDECIMAL_DST_SV1_MAP_DIR_RCH_TRG_RON_BTG_DMA_DVY_CONSUMER JOURNEY: NEW HOME BUYERS & MOVERS_Run of Network_Behavioral_F25-54_320 x 50_Click and View_NV_NA,204625835,10/9/2017,9026,102,8924,4649,4275,33,4242,4108,134,4682,4534,8642
TJN_HOM_030_HomeGoods 2H Digital_F18,NinthDecimal,PJQ7NB_TJN_HOM_030_Mobile_NINTHDECIMAL_DST_SV1_MAP_DIR_RCH_TRG_RON_BTG_PXT_DVY_LOCATION GRAPH: COMPETITIVE CONQUESTING_Run of Network_Behavioral_F25-54_320 x 50_Click and View_NV_NA,204649942,9/6/2017,5369,117,5252,2977,2275,16,2259,2168,91,2993,2872,5040
TJN_HOM_030_HomeGoods 2H Digital_F18,NinthDecimal,PJQ7NF_TJN_HOM_030_Mobile_NINTHDECIMAL_DST_SV1_MAP_DIR_RCH_TRG_RON_BTG_DMA_DVY_CONSUMER JOURNEY: HOME FURNISHINGS SHOPPERS_Run of Network_Behavioral_F25-54_320 x 50_Click and View_NV_NA,204626291,9/27/2017,9336,239,9097,2131,6966,24,6942,6800,142,2155,2111,8911
TJN_HOM_030_HomeGoods 2H Digital_F18,xAd Inc.,PJQ7MR_TJN_HOM_030_Mobile_GROUND TRUTH FKA XAD_DST_SV1_MAP_DIR_DSP_TRG_RON_MKT_DMA_DVY_LOCATION - COMPETITOR SHOPPERS - DYNAMIC DISTANCE_Run of Network_Geo_F25-54_300 x 250_Click and View_NV_NA,204647890,9/23/2017,5013,155,4858,4819,39,1,38,32,6,4820,4034,4066
TJN_HOM_030_HomeGoods 2H Digital_F18,NinthDecimal,PJQ7ND_TJN_HOM_030_Mobile_NINTHDECIMAL_DST_SV1_MAP_DIR_RCH_TRG_RON_BTG_DMA_DVY_CONSUMER JOURNEY: HOUSEHOLD CEO_Run of Network_Behavioral_F25-54_320 x 50_Click and View_NV_NA,204626294,9/14/2017,12290,261,12029,4267,7762,45,7717,7523,194,4312,4204,11727
TJN_HOM_030_HomeGoods 2H Digital_F18,xAd Inc.,PJQ7MG_TJN_HOM_030_Mobile_GROUND TRUTH FKA XAD_DST_SV1_MAP_DIR_DSP_TRG_RON_PXT_BTG_DVY_PROXIMITY LOYALTY - DYNAMIC DISTANCE_Run of Network_Geo_F25-54_320 x 50_Click and View_NV_NA,204626813,9/25/2017,66253,1388,64865,54511,10354,1183,9171,8107,1064,55694,44168,52275
TJN_HOM_030_HomeGoods 2H Digital_F18,NinthDecimal,PJQ7N7_TJN_HOM_030_Mobile_NINTHDECIMAL_DST_SV1_MAP_DIR_RCH_TRG_RON_PXT_DMA_DVY_GEOFENCE: 15-20-MILE RADIUS AROUND RURAL STORES_Run of Network_Geo_F25-54_320 x 50_Click and View_NV_NA,204674556,10/18/2017,8405,162,8243,5286,2957,61,2896,2821,75,5347,5209,8030
TJN_HOM_030_HomeGoods 2H Digital_F18,NinthDecimal,PJQ7ND_TJN_HOM_030_Mobile_NINTHDECIMAL_DST_SV1_MAP_DIR_RCH_TRG_RON_BTG_DMA_DVY_CONSUMER JOURNEY: HOUSEHOLD CEO_Run of Network_Behavioral_F25-54_320 x 50_Click and View_NV_NA,204626294,10/14/2017,9034,152,8882,4522,4360,31,4329,4201,128,4553,4418,8619
TJN_HOM_025_HomeGoods Digital Video_Q4FY18,Tremor Video Inc.,PK6DWD_TJN_HOM_025_OLV_TREMOR NETWORK_AWR_BS1_MAP_DIR_VID_TRG_RON_BTG_CTG_DVY_ALL SCREEN PREROLL + SOCIAL AFFINITY TARGETING TO W25-54 HOME ENTHUSIASTS MOB/TAB APP_Run of Network_Behavioral_F25-54_1280 x 720_Standard_NV_NA,205941321,10/12/2017,220280,1058,219222,219077,145,99,46,43,3,219176,204882,204925
TJN_HOM_030_HomeGoods 2H Digital_F18,NinthDecimal,"PJQ7NK_TJN_HOM_030_Mobile_NINTHDECIMAL_DST_SV1_MAP_DIR_RCH_TRG_RON_BTG_DMA_DVY_TV TARGETING: HGTV, DIY NETWORK, BRAVO, TLC, FOOD NETWORK_Run of Network_Behavioral_F25-54_320 x 50_Click and View_NV_NA",204674553,9/14/2017,7187,143,7044,1985,5059,36,5023,4861,162,2021,1956,6817
TJN_HOM_030_HomeGoods 2H Digital_F18,NinthDecimal,PJQ7N5_TJN_HOM_030_Mobile_NINTHDECIMAL_DST_SV1_MAP_DIR_RCH_TRG_RON_PXT_DMA_DVY_GEOFENCE: 2-MILE RADIUS AROUND URBAN STORES_Run of Network_Geo_F25-54_320 x 50_Click and View_NV_NA,204649945,9/25/2017,10310,267,10043,4581,5462,32,5430,5292,138,4613,4496,9788
TJN_HOM_030_HomeGoods 2H Digital_F18,xAd Inc.,PJQ7MH_TJN_HOM_030_Mobile_GROUND TRUTH FKA XAD_DST_SV1_MAP_DIR_DSP_TRG_RON_PXT_BTG_DVY_PROXIMITY LOYALTY - DYNAMIC DISTANCE_Run of Network_Geo_F25-54_300 x 250_Click and View_NV_NA,204675003,10/11/2017,27572,1008,26564,26564,0,0,0,0,0,26564,402,402
TJN_HOM_030_HomeGoods 2H Digital_F18,NinthDecimal,"PJQ7NK_TJN_HOM_030_Mobile_NINTHDECIMAL_DST_SV1_MAP_DIR_RCH_TRG_RON_BTG_DMA_DVY_TV TARGETING: HGTV, DIY NETWORK, BRAVO, TLC, FOOD NETWORK_Run of Network_Behavioral_F25-54_320 x 50_Click and View_NV_NA",204674553,10/14/2017,8707,87,8620,4621,3999,57,3942,3766,176,4678,4469,8235
TJN_HOM_030_HomeGoods 2H Digital_F18,xAd Inc.,PJQ7MN_TJN_HOM_030_Mobile_GROUND TRUTH FKA XAD_DST_SV1_MAP_DIR_DSP_TRG_RON_MKT_DMA_DVY_LOCATION - HOMEGOODS SHOPPERS - DYNAMIC DISTANCE_Run of Network_Geo_F25-54_320 x 50_Click and View_NV_NA,204651439,10/20/2017,4388,58,4330,3644,686,39,647,561,86,3683,2790,3351
TJN_HOM_030_HomeGoods 2H Digital_F18,xAd Inc.,PJQ7ML_TJN_HOM_030_Mobile_GROUND TRUTH FKA XAD_DST_SV1_MAP_DIR_DSP_TRG_RON_BTG_DMA_DVY_BEHAVIORAL - HOME SHOPPER - DYNAMIC DISTANCE_Run of Network_Behavioral_F25-54_320 x 50_Click and View_NV_NA,204626174,10/8/2017,7123,132,6991,5170,1821,152,1669,1117,552,5322,3545,4662
TJN_HOM_030_HomeGoods 2H Digital_F18,xAd Inc.,PJQ7MM_TJN_HOM_030_Mobile_GROUND TRUTH FKA XAD_DST_SV1_MAP_DIR_DSP_TRG_RON_BTG_DMA_DVY_BEHAVIORAL - HOME SHOPPER- DYNAMIC DISTANCE_Run of Network_Behavioral_F25-54_300 x 250_Click and View_NV_NA,204626171,9/17/2017,5591,306,5285,5284,1,0,1,0,1,5284,0,0
TJN_HOM_030_HomeGoods 2H Digital_F18,NinthDecimal,PJQ7NG_TJN_HOM_030_Mobile_NINTHDECIMAL_DST_SV1_MAP_DIR_RCH_TRG_RON_BTG_DMA_DVY_CONSUMER JOURNEY: NEW HOME BUYERS & MOVERS_Run of Network_Behavioral_F25-54_320 x 50_Click and View_NV_NA,204625835,9/26/2017,8033,194,7839,2500,5339,33,5306,5113,193,2533,2441,7554
TJN_HOM_030_HomeGoods 2H Digital_F18,xAd Inc.,PJQ7MS_TJN_HOM_030_Mobile_GROUND TRUTH FKA XAD_DST_SV1_MAP_DIR_DSP_TRG_RON_DMA_PXT_DVY_AV DMA TARGETING_Run of Network_Geo_F25-54_300 x 250_Click and View_NV_NA,204646501,9/5/2017,3754,24,3730,407,3323,3049,274,229,45,3456,2888,3117
TJN_HOM_025_HomeGoods Digital Video_Q4FY18,Tremor Video Inc.,PK6DY1_TJN_HOM_025_OLV_TREMOR NETWORK_AWR_BS1_CTV_DIR_VID_TRG_RON_BTG_CTG_DVY_ALL SCREEN PREROLL + SOCIAL AFFINITY TARGETING TO W25-54 HOME ENTHUSIASTS CTV_Run of Network_Behavioral_F25-54_1280 x 720_Standard_NV_NA,205941318,10/4/2017,4628,1,4627,4627,0,0,0,0,0,4627,960,960
TJN_HOM_030_HomeGoods 2H Digital_F18,NinthDecimal,PJQ7ND_TJN_HOM_030_Mobile_NINTHDECIMAL_DST_SV1_MAP_DIR_RCH_TRG_RON_BTG_DMA_DVY_CONSUMER JOURNEY: HOUSEHOLD CEO_Run of Network_Behavioral_F25-54_320 x 50_Click and View_NV_NA,204626294,9/28/2017,7468,177,7291,2173,5118,13,5105,5005,100,2186,2143,7148
TJN_HOM_030_HomeGoods 2H Digital_F18,NinthDecimal,PJQ7NJ_TJN_HOM_030_Mobile_NINTHDECIMAL_DST_SV1_MAP_DIR_RCH_TRG_RON_BTG_DMA_DVY_CONSUMER JOURNEY: BARGAIN HUNTERS_Run of Network_Behavioral_F25-54_320 x 50_Click and View_NV_NA,204644353,9/5/2017,6661,126,6535,3467,3068,27,3041,2941,100,3494,3379,6320
TJN_HOM_030_HomeGoods 2H Digital_F18,NinthDecimal,PJQ7NH_TJN_HOM_030_Mobile_NINTHDECIMAL_DST_SV1_MAP_DIR_RCH_TRG_RON_BTG_DMA_DVY_CONSUMER JOURNEY: PET SUPPLY SHOPPERS_Run of Network_Behavioral_F25-54_320 x 50_Click and View_NV_NA,204647914,10/4/2017,7004,96,6908,3098,3810,31,3779,3600,179,3129,2981,6581
TJN_HOM_030_HomeGoods 2H Digital_F18,NinthDecimal,"PJQ7NK_TJN_HOM_030_Mobile_NINTHDECIMAL_DST_SV1_MAP_DIR_RCH_TRG_RON_BTG_DMA_DVY_TV TARGETING: HGTV, DIY NETWORK, BRAVO, TLC, FOOD NETWORK_Run of Network_Behavioral_F25-54_320 x 50_Click and View_NV_NA",204674553,9/28/2017,3815,42,3773,1186,2587,10,2577,2514,63,1196,1167,3681
TJN_HOM_030_HomeGoods 2H Digital_F18,xAd Inc.,PJQ7MP_TJN_HOM_030_Mobile_GROUND TRUTH FKA XAD_DST_SV1_MAP_DIR_DSP_TRG_RON_MKT_DMA_DVY_LOCATION - HOMEGOODS SHOPPERS - DYNAMIC DISTANCE_Run of Network_Geo_F25-54_300 x 250_Click and View_NV_NA,204647878,10/17/2017,7500,295,7205,7205,0,0,0,0,0,7205,6671,6671
TJN_HOM_025_HomeGoods Digital Video_Q4FY18,Tremor Video Inc.,PK1FYM_TJN_HOM_025_OLV_TREMOR NETWORK_AWR_BS1_DSK_DIR_VID_TRG_RON_BTG_CTG_DVY_ALL SCREEN PREROLL + SOCIAL AFFINITY TARGETING TO W25-54 HOME ENTHUSIASTS DESKTOP_Run of Network_Behavioral_F25-54_1280 x 720_Standard_NV_NA,205941870,10/4/2017,217486,161,217325,67673,149652,1747,147905,20522,127383,69420,9632,30154
TJN_HOM_030_HomeGoods 2H Digital_F18,xAd Inc.,PJQ7MQ_TJN_HOM_030_Mobile_GROUND TRUTH FKA XAD_DST_SV1_MAP_DIR_DSP_TRG_RON_MKT_DMA_DVY_LOCATION - COMPETITOR SHOPPERS - DYNAMIC DISTANCE_Run of Network_Geo_F25-54_320 x 50_Click and View_NV_NA,204617210,10/4/2017,2,0,2,1,1,0,1,1,0,1,1,2
TJN_HOM_030_HomeGoods 2H Digital_F18,NinthDecimal,PJQ7NF_TJN_HOM_030_Mobile_NINTHDECIMAL_DST_SV1_MAP_DIR_RCH_TRG_RON_BTG_DMA_DVY_CONSUMER JOURNEY: HOME FURNISHINGS SHOPPERS_Run of Network_Behavioral_F25-54_320 x 50_Click and View_NV_NA,204626291,9/21/2017,9148,253,8895,2713,6182,26,6156,6010,146,2739,2674,8684
TJN_HOM_030_HomeGoods 2H Digital_F18,NinthDecimal,PJQ7NC_TJN_HOM_030_Mobile_NINTHDECIMAL_DST_SV1_MAP_DIR_RCH_TRG_RON_BTG_DMA_DVY_CONSUMER JOURNEY: DIYERS_Run of Network_Behavioral_F25-54_320 x 50_Click and View_NV_NA,204675009,9/15/2017,10544,225,10319,3665,6654,44,6610,6416,194,3709,3600,10016
TJN_HOM_030_HomeGoods 2H Digital_F18,NinthDecimal,PJQ7NG_TJN_HOM_030_Mobile_NINTHDECIMAL_DST_SV1_MAP_DIR_RCH_TRG_RON_BTG_DMA_DVY_CONSUMER JOURNEY: NEW HOME BUYERS & MOVERS_Run of Network_Behavioral_F25-54_320 x 50_Click and View_NV_NA,204625835,10/3/2017,3345,69,3276,2333,943,27,916,877,39,2360,2260,3137
TJN_HOM_025_HomeGoods Digital Video_Q4FY18,Tremor Video Inc.,PK6F30_TJN_HOM_025_OLV_TREMOR NETWORK_AWR_BS1_CTV_DIR_VID_TRG_RON_PXT_CTG_DVY_ALL SCREEN PREROLL + PROXIMITYPLUS DWELL TIME TARGETING TO HOMEGOODS VISITORS CTV_Run of Network_Behavioral_F25-54_1280 x 720_Standard_NV_NA,205942131,10/15/2017,52719,0,52719,52719,0,0,0,0,0,52719,0,0
TJN_HOM_030_HomeGoods 2H Digital_F18,NinthDecimal,PJQ7NJ_TJN_HOM_030_Mobile_NINTHDECIMAL_DST_SV1_MAP_DIR_RCH_TRG_RON_BTG_DMA_DVY_CONSUMER JOURNEY: BARGAIN HUNTERS_Run of Network_Behavioral_F25-54_320 x 50_Click and View_NV_NA,204644353,10/20/2017,8820,113,8707,4166,4541,37,4504,4351,153,4203,4060,8411
TJN_HOM_030_HomeGoods 2H Digital_F18,xAd Inc.,PJQ7MR_TJN_HOM_030_Mobile_GROUND TRUTH FKA XAD_DST_SV1_MAP_DIR_DSP_TRG_RON_MKT_DMA_DVY_LOCATION - COMPETITOR SHOPPERS - DYNAMIC DISTANCE_Run of Network_Geo_F25-54_300 x 250_Click and View_NV_NA,204647890,10/19/2017,7773,472,7301,7301,0,0,0,0,0,7301,6539,6539
TJN_HOM_030_HomeGoods 2H Digital_F18,xAd Inc.,PJQ7MS_TJN_HOM_030_Mobile_GROUND TRUTH FKA XAD_DST_SV1_MAP_DIR_DSP_TRG_RON_DMA_PXT_DVY_AV DMA TARGETING_Run of Network_Geo_F25-54_300 x 250_Click and View_NV_NA,204646501,10/20/2017,2815,66,2749,980,1769,37,1732,451,1281,1017,265,716
TJN_HOM_030_HomeGoods 2H Digital_F18,NinthDecimal,PJQ7NH_TJN_HOM_030_Mobile_NINTHDECIMAL_DST_SV1_MAP_DIR_RCH_TRG_RON_BTG_DMA_DVY_CONSUMER JOURNEY: PET SUPPLY SHOPPERS_Run of Network_Behavioral_F25-54_320 x 50_Click and View_NV_NA,204647914,9/7/2017,3497,45,3452,1543,1909,13,1896,1848,48,1556,1517,3365
TJN_HOM_030_HomeGoods 2H Digital_F18,xAd Inc.,PJQ7MQ_TJN_HOM_030_Mobile_GROUND TRUTH FKA XAD_DST_SV1_MAP_DIR_DSP_TRG_RON_MKT_DMA_DVY_LOCATION - COMPETITOR SHOPPERS - DYNAMIC DISTANCE_Run of Network_Geo_F25-54_320 x 50_Click and View_NV_NA,204617210,9/7/2017,15484,258,15226,11570,3656,1064,2592,1943,649,12634,9052,10995
TJN_HOM_030_HomeGoods 2H Digital_F18,NinthDecimal,PJQ7N6_TJN_HOM_030_Mobile_NINTHDECIMAL_DST_SV1_MAP_DIR_RCH_TRG_RON_PXT_DMA_DVY_GEOFENCE: 5-10-MILE RADIUS AROUND SUBURBAN STORES_Run of Network_Geo_F25-54_320 x 50_Click and View_NV_NA,204646507,9/12/2017,14462,531,13931,6603,7328,40,7288,7139,149,6643,6507,13646
TJN_HOM_030_HomeGoods 2H Digital_F18,xAd Inc.,PJQ7MN_TJN_HOM_030_Mobile_GROUND TRUTH FKA XAD_DST_SV1_MAP_DIR_DSP_TRG_RON_MKT_DMA_DVY_LOCATION - HOMEGOODS SHOPPERS - DYNAMIC DISTANCE_Run of Network_Geo_F25-54_320 x 50_Click and View_NV_NA,204651439,9/5/2017,10232,245,9987,8732,1255,570,685,636,49,9302,8384,9020
TJN_HOM_030_HomeGoods 2H Digital_F18,xAd Inc.,PJQ7MR_TJN_HOM_030_Mobile_GROUND TRUTH FKA XAD_DST_SV1_MAP_DIR_DSP_TRG_RON_MKT_DMA_DVY_LOCATION - COMPETITOR SHOPPERS - DYNAMIC DISTANCE_Run of Network_Geo_F25-54_300 x 250_Click and View_NV_NA,204647890,9/11/2017,4498,87,4411,4411,0,0,0,0,0,4411,3781,3781
TJN_HOM_030_HomeGoods 2H Digital_F18,NinthDecimal,PJQ7N8_TJN_HOM_030_Mobile_NINTHDECIMAL_DST_SV1_MAP_DIR_RCH_TRG_RON_BTG_PXT_DVY_LOCATION GRAPH: HOMEGOODS LOYALISTS_Run of Network_Behavioral_F25-54_320 x 50_Click and View_NV_NA,204675012,9/18/2017,4632,29,4603,1040,3563,18,3545,3429,116,1058,1023,4452
TJN_HOM_030_HomeGoods 2H Digital_F18,NinthDecimal,PJQ7N5_TJN_HOM_030_Mobile_NINTHDECIMAL_DST_SV1_MAP_DIR_RCH_TRG_RON_PXT_DMA_DVY_GEOFENCE: 2-MILE RADIUS AROUND URBAN STORES_Run of Network_Geo_F25-54_320 x 50_Click and View_NV_NA,204649945,10/15/2017,7800,207,7593,4240,3353,40,3313,3170,143,4280,4095,7265
TJN_HOM_025_HomeGoods Digital Video_Q4FY18,Tremor Video Inc.,PK6DWD_TJN_HOM_025_OLV_TREMOR NETWORK_AWR_BS1_MAP_DIR_VID_TRG_RON_BTG_CTG_DVY_ALL SCREEN PREROLL + SOCIAL AFFINITY TARGETING TO W25-54 HOME ENTHUSIASTS MOB/TAB APP_Run of Network_Behavioral_F25-54_1280 x 720_Standard_NV_NA,205941321,10/10/2017,1700,2,1698,1393,305,0,305,280,25,1393,1279,1559
TJN_HOM_030_HomeGoods 2H Digital_F18,xAd Inc.,PJQ7MJ_TJN_HOM_030_Mobile_GROUND TRUTH FKA XAD_DST_SV1_MAP_DIR_DSP_TRG_RON_PXT_BTG_DVY_PROXIMITY LOYALTY - STORE LOCATOR UNIT_Run of Network_Geo_F25-54_320 x 50_Click and View_NV_NA,204649939,9/9/2017,15093,409,14684,9489,5195,66,5129,4885,244,9555,9100,13985
TJN_HOM_030_HomeGoods 2H Digital_F18,xAd Inc.,PJQ7MG_TJN_HOM_030_Mobile_GROUND TRUTH FKA XAD_DST_SV1_MAP_DIR_DSP_TRG_RON_PXT_BTG_DVY_PROXIMITY LOYALTY - DYNAMIC DISTANCE_Run of Network_Geo_F25-54_320 x 50_Click and View_NV_NA,204626813,10/15/2017,63323,1476,61847,55691,6156,1268,4888,4287,601,56959,45773,50060
TJN_HOM_030_HomeGoods 2H Digital_F18,xAd Inc.,PJQ7MJ_TJN_HOM_030_Mobile_GROUND TRUTH FKA XAD_DST_SV1_MAP_DIR_DSP_TRG_RON_PXT_BTG_DVY_PROXIMITY LOYALTY - STORE LOCATOR UNIT_Run of Network_Geo_F25-54_320 x 50_Click and View_NV_NA,204649939,10/21/2017,6306,154,6152,2509,3643,45,3598,3467,131,2554,2461,5928
TJN_HOM_030_HomeGoods 2H Digital_F18,xAd Inc.,PJQ7MN_TJN_HOM_030_Mobile_GROUND TRUTH FKA XAD_DST_SV1_MAP_DIR_DSP_TRG_RON_MKT_DMA_DVY_LOCATION - HOMEGOODS SHOPPERS - DYNAMIC DISTANCE_Run of Network_Geo_F25-54_320 x 50_Click and View_NV_NA,204651439,10/14/2017,5423,36,5387,3722,1665,403,1262,1143,119,4125,3678,4821
TJN_HOM_030_HomeGoods 2H Digital_F18,NinthDecimal,"PJQ7NK_TJN_HOM_030_Mobile_NINTHDECIMAL_DST_SV1_MAP_DIR_RCH_TRG_RON_BTG_DMA_DVY_TV TARGETING: HGTV, DIY NETWORK, BRAVO, TLC, FOOD NETWORK_Run of Network_Behavioral_F25-54_320 x 50_Click and View_NV_NA",204674553,10/20/2017,8611,124,8487,4074,4413,34,4379,4236,143,4108,3974,8210
TJN_HOM_030_HomeGoods 2H Digital_F18,xAd Inc.,PJQ7MN_TJN_HOM_030_Mobile_GROUND TRUTH FKA XAD_DST_SV1_MAP_DIR_DSP_TRG_RON_MKT_DMA_DVY_LOCATION - HOMEGOODS SHOPPERS - DYNAMIC DISTANCE_Run of Network_Geo_F25-54_320 x 50_Click and View_NV_NA,204651439,9/14/2017,10950,155,10795,8964,1831,417,1414,1338,76,9381,6891,8229
TJN_HOM_030_HomeGoods 2H Digital_F18,xAd Inc.,PJQ7MP_TJN_HOM_030_Mobile_GROUND TRUTH FKA XAD_DST_SV1_MAP_DIR_DSP_TRG_RON_MKT_DMA_DVY_LOCATION - HOMEGOODS SHOPPERS - DYNAMIC DISTANCE_Run of Network_Geo_F25-54_300 x 250_Click and View_NV_NA,204647878,9/29/2017,21526,7609,13917,13908,9,0,9,6,3,13908,9269,9275
TJN_HOM_030_HomeGoods 2H Digital_F18,NinthDecimal,PJQ7ND_TJN_HOM_030_Mobile_NINTHDECIMAL_DST_SV1_MAP_DIR_RCH_TRG_RON_BTG_DMA_DVY_CONSUMER JOURNEY: HOUSEHOLD CEO_Run of Network_Behavioral_F25-54_320 x 50_Click and View_NV_NA,204626294,10/20/2017,8933,127,8806,4725,4081,29,4052,3931,121,4754,4612,8543
TJN_HOM_030_HomeGoods 2H Digital_F18,xAd Inc.,PJQ7MR_TJN_HOM_030_Mobile_GROUND TRUTH FKA XAD_DST_SV1_MAP_DIR_DSP_TRG_RON_MKT_DMA_DVY_LOCATION - COMPETITOR SHOPPERS - DYNAMIC DISTANCE_Run of Network_Geo_F25-54_300 x 250_Click and View_NV_NA,204647890,9/26/2017,24535,6678,17857,17705,152,10,142,137,5,17715,17070,17207
TJN_HOM_030_HomeGoods 2H Digital_F18,xAd Inc.,PJQ7MP_TJN_HOM_030_Mobile_GROUND TRUTH FKA XAD_DST_SV1_MAP_DIR_DSP_TRG_RON_MKT_DMA_DVY_LOCATION - HOMEGOODS SHOPPERS - DYNAMIC DISTANCE_Run of Network_Geo_F25-54_300 x 250_Click and View_NV_NA,204647878,9/10/2017,3686,36,3650,3650,0,0,0,0,0,3650,3318,3318
TJN_HOM_030_HomeGoods 2H Digital_F18,NinthDecimal,PJQ7NF_TJN_HOM_030_Mobile_NINTHDECIMAL_DST_SV1_MAP_DIR_RCH_TRG_RON_BTG_DMA_DVY_CONSUMER JOURNEY: HOME FURNISHINGS SHOPPERS_Run of Network_Behavioral_F25-54_320 x 50_Click and View_NV_NA,204626291,10/11/2017,14907,270,14637,7636,7001,38,6963,6708,255,7674,7393,14101
TJN_HOM_030_HomeGoods 2H Digital_F18,xAd Inc.,PJQ7MN_TJN_HOM_030_Mobile_GROUND TRUTH FKA XAD_DST_SV1_MAP_DIR_DSP_TRG_RON_MKT_DMA_DVY_LOCATION - HOMEGOODS SHOPPERS - DYNAMIC DISTANCE_Run of Network_Geo_F25-54_320 x 50_Click and View_NV_NA,204651439,9/28/2017,67761,1405,66356,46150,20206,1420,18786,15912,2874,47570,37486,53398
TJN_HOM_030_HomeGoods 2H Digital_F18,xAd Inc.,PJQ7MJ_TJN_HOM_030_Mobile_GROUND TRUTH FKA XAD_DST_SV1_MAP_DIR_DSP_TRG_RON_PXT_BTG_DVY_PROXIMITY LOYALTY - STORE LOCATOR UNIT_Run of Network_Geo_F25-54_320 x 50_Click and View_NV_NA,204649939,10/4/2017,3,1,2,0,2,2,0,0,0,2,2,2
TJN_HOM_030_HomeGoods 2H Digital_F18,xAd Inc.,PJQ7ML_TJN_HOM_030_Mobile_GROUND TRUTH FKA XAD_DST_SV1_MAP_DIR_DSP_TRG_RON_BTG_DMA_DVY_BEHAVIORAL - HOME SHOPPER - DYNAMIC DISTANCE_Run of Network_Behavioral_F25-54_320 x 50_Click and View_NV_NA,204626174,9/8/2017,34870,548,34322,22990,11332,7304,4028,3273,755,30294,24180,27453
TJN_HOM_030_HomeGoods 2H Digital_F18,NinthDecimal,PJQ7N9_TJN_HOM_030_Mobile_NINTHDECIMAL_DST_SV1_MAP_DIR_RCH_TRG_RON_BTG_PXT_DVY_LOCATION GRAPH: TJX FAMILY LOYALISTS_Run of Network_Behavioral_F25-54_320 x 50_Click and View_NV_NA,204647917,10/15/2017,13906,226,13680,6467,7213,50,7163,6928,235,6517,6303,13231
TJN_HOM_030_HomeGoods 2H Digital_F18,NinthDecimal,PJQ7NG_TJN_HOM_030_Mobile_NINTHDECIMAL_DST_SV1_MAP_DIR_RCH_TRG_RON_BTG_DMA_DVY_CONSUMER JOURNEY: NEW HOME BUYERS & MOVERS_Run of Network_Behavioral_F25-54_320 x 50_Click and View_NV_NA,204625835,10/2/2017,6813,122,6691,3107,3584,26,3558,3459,99,3133,3046,6505
TJN_HOM_030_HomeGoods 2H Digital_F18,NinthDecimal,PJQ7N7_TJN_HOM_030_Mobile_NINTHDECIMAL_DST_SV1_MAP_DIR_RCH_TRG_RON_PXT_DMA_DVY_GEOFENCE: 15-20-MILE RADIUS AROUND RURAL STORES_Run of Network_Geo_F25-54_320 x 50_Click and View_NV_NA,204674556,9/20/2017,15869,365,15504,6814,8690,34,8656,8398,258,6848,6644,15042
TJN_HOM_030_HomeGoods 2H Digital_F18,xAd Inc.,PJQ7MH_TJN_HOM_030_Mobile_GROUND TRUTH FKA XAD_DST_SV1_MAP_DIR_DSP_TRG_RON_PXT_BTG_DVY_PROXIMITY LOYALTY - DYNAMIC DISTANCE_Run of Network_Geo_F25-54_300 x 250_Click and View_NV_NA,204675003,9/27/2017,41700,19835,21865,21842,23,0,23,22,1,21842,20890,20912
TJN_HOM_030_HomeGoods 2H Digital_F18,NinthDecimal,PJQ7NG_TJN_HOM_030_Mobile_NINTHDECIMAL_DST_SV1_MAP_DIR_RCH_TRG_RON_BTG_DMA_DVY_CONSUMER JOURNEY: NEW HOME BUYERS & MOVERS_Run of Network_Behavioral_F25-54_320 x 50_Click and View_NV_NA,204625835,9/23/2017,7372,129,7243,2651,4592,27,4565,4439,126,2678,2604,7043
TJN_HOM_030_HomeGoods 2H Digital_F18,NinthDecimal,PJQ7NG_TJN_HOM_030_Mobile_NINTHDECIMAL_DST_SV1_MAP_DIR_RCH_TRG_RON_BTG_DMA_DVY_CONSUMER JOURNEY: NEW HOME BUYERS & MOVERS_Run of Network_Behavioral_F25-54_320 x 50_Click and View_NV_NA,204625835,10/1/2017,6349,78,6271,2683,3588,12,3576,3457,119,2695,2605,6062
TJN_HOM_030_HomeGoods 2H Digital_F18,xAd Inc.,PJQ7ML_TJN_HOM_030_Mobile_GROUND TRUTH FKA XAD_DST_SV1_MAP_DIR_DSP_TRG_RON_BTG_DMA_DVY_BEHAVIORAL - HOME SHOPPER - DYNAMIC DISTANCE_Run of Network_Behavioral_F25-54_320 x 50_Click and View_NV_NA,204626174,10/7/2017,6602,90,6512,5339,1173,271,902,718,184,5610,4411,5129
TJN_HOM_030_HomeGoods 2H Digital_F18,xAd Inc.,PJQ7MR_TJN_HOM_030_Mobile_GROUND TRUTH FKA XAD_DST_SV1_MAP_DIR_DSP_TRG_RON_MKT_DMA_DVY_LOCATION - COMPETITOR SHOPPERS - DYNAMIC DISTANCE_Run of Network_Geo_F25-54_300 x 250_Click and View_NV_NA,204647890,10/9/2017,7720,388,7332,7332,0,0,0,0,0,7332,0,0
TJN_HOM_030_HomeGoods 2H Digital_F18,NinthDecimal,PJQ7NF_TJN_HOM_030_Mobile_NINTHDECIMAL_DST_SV1_MAP_DIR_RCH_TRG_RON_BTG_DMA_DVY_CONSUMER JOURNEY: HOME FURNISHINGS SHOPPERS_Run of Network_Behavioral_F25-54_320 x 50_Click and View_NV_NA,204626291,10/6/2017,14916,329,14587,10797,3790,37,3753,3610,143,10834,10421,14031
TJN_HOM_030_HomeGoods 2H Digital_F18,Nativo Inc.,PK87W8_TJN_HOM_030_Content_NATIVO FKA POST RLSE_DSI_BS2_MWB_DIR_NAD_ROT_RON_CTG_BTG_DVY_NATIVE DISPLAY UNIT FALL TRENDS_Run of Network_Contextual_F25-54_1 x 1_Click and View_NV_NA,206137761,10/18/2017,239438,10438,229000,2298,226702,15617,211085,76315,134770,17915,6477,82792
TJN_HOM_030_HomeGoods 2H Digital_F18,xAd Inc.,PJQ7MS_TJN_HOM_030_Mobile_GROUND TRUTH FKA XAD_DST_SV1_MAP_DIR_DSP_TRG_RON_DMA_PXT_DVY_AV DMA TARGETING_Run of Network_Geo_F25-54_300 x 250_Click and View_NV_NA,204646501,9/26/2017,50488,985,49503,36834,12669,2076,10593,8949,1644,38910,30078,39027
TJN_HOM_030_HomeGoods 2H Digital_F18,NinthDecimal,PJQ7NG_TJN_HOM_030_Mobile_NINTHDECIMAL_DST_SV1_MAP_DIR_RCH_TRG_RON_BTG_DMA_DVY_CONSUMER JOURNEY: NEW HOME BUYERS & MOVERS_Run of Network_Behavioral_F25-54_320 x 50_Click and View_NV_NA,204625835,9/5/2017,6905,107,6798,3588,3210,19,3191,3078,113,3607,3479,6557
TJN_HOM_030_HomeGoods 2H Digital_F18,NinthDecimal,PJQ7NB_TJN_HOM_030_Mobile_NINTHDECIMAL_DST_SV1_MAP_DIR_RCH_TRG_RON_BTG_PXT_DVY_LOCATION GRAPH: COMPETITIVE CONQUESTING_Run of Network_Behavioral_F25-54_320 x 50_Click and View_NV_NA,204649942,10/17/2017,8621,136,8485,5092,3393,25,3368,3290,78,5117,4998,8288
TJN_HOM_030_HomeGoods 2H Digital_F18,NinthDecimal,PJQ7N9_TJN_HOM_030_Mobile_NINTHDECIMAL_DST_SV1_MAP_DIR_RCH_TRG_RON_BTG_PXT_DVY_LOCATION GRAPH: TJX FAMILY LOYALISTS_Run of Network_Behavioral_F25-54_320 x 50_Click and View_NV_NA,204647917,10/10/2017,12801,103,12698,6733,5965,48,5917,5694,223,6781,6525,12219
TJN_HOM_025_HomeGoods Digital Video_Q4FY18,Tremor Video Inc.,PK1FYN_TJN_HOM_025_OLV_TREMOR NETWORK_AWR_BS1_DSK_DIR_VID_TRG_RON_PXT_CTG_DVY_ALL SCREEN PREROLL + PROXIMITYPLUS DWELL TIME TARGETING TO HOMEGOODS VISITORS DESKTOP_Run of Network_Behavioral_F25-54_1280 x 720_Standard_NV_NA,205941312,10/7/2017,257560,136,257424,102926,154498,2045,152453,28748,123705,104971,19794,48542
TJN_HOM_030_HomeGoods 2H Digital_F18,NinthDecimal,"PJQ7NK_TJN_HOM_030_Mobile_NINTHDECIMAL_DST_SV1_MAP_DIR_RCH_TRG_RON_BTG_DMA_DVY_TV TARGETING: HGTV, DIY NETWORK, BRAVO, TLC, FOOD NETWORK_Run of Network_Behavioral_F25-54_320 x 50_Click and View_NV_NA",204674553,10/19/2017,8870,151,8719,4065,4654,67,4587,4435,152,4132,3995,8430
TJN_HOM_030_HomeGoods 2H Digital_F18,NinthDecimal,PJQ7NJ_TJN_HOM_030_Mobile_NINTHDECIMAL_DST_SV1_MAP_DIR_RCH_TRG_RON_BTG_DMA_DVY_CONSUMER JOURNEY: BARGAIN HUNTERS_Run of Network_Behavioral_F25-54_320 x 50_Click and View_NV_NA,204644353,9/26/2017,9228,230,8998,3030,5968,41,5927,5756,171,3071,2982,8738
TJN_HOM_030_HomeGoods 2H Digital_F18,NinthDecimal,PJQ7ND_TJN_HOM_030_Mobile_NINTHDECIMAL_DST_SV1_MAP_DIR_RCH_TRG_RON_BTG_DMA_DVY_CONSUMER JOURNEY: HOUSEHOLD CEO_Run of Network_Behavioral_F25-54_320 x 50_Click and View_NV_NA,204626294,10/19/2017,8842,156,8686,4853,3833,20,3813,3716,97,4873,4749,8465
TJN_HOM_030_HomeGoods 2H Digital_F18,xAd Inc.,PJQ7MP_TJN_HOM_030_Mobile_GROUND TRUTH FKA XAD_DST_SV1_MAP_DIR_DSP_TRG_RON_MKT_DMA_DVY_LOCATION - HOMEGOODS SHOPPERS - DYNAMIC DISTANCE_Run of Network_Geo_F25-54_300 x 250_Click and View_NV_NA,204647878,9/6/2017,5018,61,4957,4957,0,0,0,0,0,4957,4665,4665
TJN_HOM_030_HomeGoods 2H Digital_F18,NinthDecimal,PJQ7ND_TJN_HOM_030_Mobile_NINTHDECIMAL_DST_SV1_MAP_DIR_RCH_TRG_RON_BTG_DMA_DVY_CONSUMER JOURNEY: HOUSEHOLD CEO_Run of Network_Behavioral_F25-54_320 x 50_Click and View_NV_NA,204626294,9/11/2017,16427,246,16181,7095,9086,61,9025,8758,267,7156,6944,15702
TJN_HOM_030_HomeGoods 2H Digital_F18,NinthDecimal,PJQ7N6_TJN_HOM_030_Mobile_NINTHDECIMAL_DST_SV1_MAP_DIR_RCH_TRG_RON_PXT_DMA_DVY_GEOFENCE: 5-10-MILE RADIUS AROUND SUBURBAN STORES_Run of Network_Geo_F25-54_320 x 50_Click and View_NV_NA,204646507,9/8/2017,6660,230,6430,2956,3474,9,3465,3400,65,2965,2909,6309
TJN_HOM_030_HomeGoods 2H Digital_F18,NinthDecimal,"PJQ7NK_TJN_HOM_030_Mobile_NINTHDECIMAL_DST_SV1_MAP_DIR_RCH_TRG_RON_BTG_DMA_DVY_TV TARGETING: HGTV, DIY NETWORK, BRAVO, TLC, FOOD NETWORK_Run of Network_Behavioral_F25-54_320 x 50_Click and View_NV_NA",204674553,9/11/2017,6400,106,6294,4463,1831,25,1806,1727,79,4488,4292,6019
TJN_HOM_030_HomeGoods 2H Digital_F18,xAd Inc.,PJQ7MH_TJN_HOM_030_Mobile_GROUND TRUTH FKA XAD_DST_SV1_MAP_DIR_DSP_TRG_RON_PXT_BTG_DVY_PROXIMITY LOYALTY - DYNAMIC DISTANCE_Run of Network_Geo_F25-54_300 x 250_Click and View_NV_NA,204675003,9/15/2017,14498,676,13822,13813,9,3,6,5,1,13816,11510,11515
TJN_HOM_030_HomeGoods 2H Digital_F18,NinthDecimal,PJQ7NB_TJN_HOM_030_Mobile_NINTHDECIMAL_DST_SV1_MAP_DIR_RCH_TRG_RON_BTG_PXT_DVY_LOCATION GRAPH: COMPETITIVE CONQUESTING_Run of Network_Behavioral_F25-54_320 x 50_Click and View_NV_NA,204649942,10/5/2017,7046,144,6902,4347,2555,65,2490,2390,100,4412,4235,6625
TJN_HOM_030_HomeGoods 2H Digital_F18,NinthDecimal,PJQ7N6_TJN_HOM_030_Mobile_NINTHDECIMAL_DST_SV1_MAP_DIR_RCH_TRG_RON_PXT_DMA_DVY_GEOFENCE: 5-10-MILE RADIUS AROUND SUBURBAN STORES_Run of Network_Geo_F25-54_320 x 50_Click and View_NV_NA,204646507,10/7/2017,10609,333,10276,7665,2611,31,2580,2510,70,7696,7487,9997
TJN_HOM_030_HomeGoods 2H Digital_F18,NinthDecimal,PJQ7NJ_TJN_HOM_030_Mobile_NINTHDECIMAL_DST_SV1_MAP_DIR_RCH_TRG_RON_BTG_DMA_DVY_CONSUMER JOURNEY: BARGAIN HUNTERS_Run of Network_Behavioral_F25-54_320 x 50_Click and View_NV_NA,204644353,10/9/2017,8718,135,8583,4540,4043,26,4017,3874,143,4566,4403,8277
TJN_HOM_030_HomeGoods 2H Digital_F18,xAd Inc.,PJQ7MK_TJN_HOM_030_Mobile_GROUND TRUTH FKA XAD_DST_SV1_MAP_DIR_DSP_TRG_RON_PXT_BTG_DVY_PROXIMITY LOYALTY - STORE LOCATOR UNIT_Run of Network_Geo_F25-54_300 x 250_Click and View_NV_NA,204625442,10/8/2017,2666,45,2621,39,2582,29,2553,2145,408,68,57,2202
TJN_HOM_030_HomeGoods 2H Digital_F18,xAd Inc.,PJQ7MR_TJN_HOM_030_Mobile_GROUND TRUTH FKA XAD_DST_SV1_MAP_DIR_DSP_TRG_RON_MKT_DMA_DVY_LOCATION - COMPETITOR SHOPPERS - DYNAMIC DISTANCE_Run of Network_Geo_F25-54_300 x 250_Click and View_NV_NA,204647890,10/20/2017,7746,383,7363,7363,0,0,0,0,0,7363,6594,6594
TJN_HOM_030_HomeGoods 2H Digital_F18,xAd Inc.,PJQ7MS_TJN_HOM_030_Mobile_GROUND TRUTH FKA XAD_DST_SV1_MAP_DIR_DSP_TRG_RON_DMA_PXT_DVY_AV DMA TARGETING_Run of Network_Geo_F25-54_300 x 250_Click and View_NV_NA,204646501,10/19/2017,2267,32,2235,1857,378,8,370,290,80,1865,1462,1752
TJN_HOM_030_HomeGoods 2H Digital_F18,xAd Inc.,PJQ7MG_TJN_HOM_030_Mobile_GROUND TRUTH FKA XAD_DST_SV1_MAP_DIR_DSP_TRG_RON_PXT_BTG_DVY_PROXIMITY LOYALTY - DYNAMIC DISTANCE_Run of Network_Geo_F25-54_320 x 50_Click and View_NV_NA,204626813,10/10/2017,59982,858,59124,54472,4652,882,3770,3278,492,55354,46704,49982
TJN_HOM_030_HomeGoods 2H Digital_F18,NinthDecimal,PJQ7NG_TJN_HOM_030_Mobile_NINTHDECIMAL_DST_SV1_MAP_DIR_RCH_TRG_RON_BTG_DMA_DVY_CONSUMER JOURNEY: NEW HOME BUYERS & MOVERS_Run of Network_Behavioral_F25-54_320 x 50_Click and View_NV_NA,204625835,9/28/2017,5383,165,5218,1655,3563,17,3546,3449,97,1672,1626,5075
TJN_HOM_030_HomeGoods 2H Digital_F18,NinthDecimal,PJQ7N5_TJN_HOM_030_Mobile_NINTHDECIMAL_DST_SV1_MAP_DIR_RCH_TRG_RON_PXT_DMA_DVY_GEOFENCE: 2-MILE RADIUS AROUND URBAN STORES_Run of Network_Geo_F25-54_320 x 50_Click and View_NV_NA,204649945,10/10/2017,7396,132,7264,4417,2847,31,2816,2724,92,4448,4303,7027
TJN_HOM_025_HomeGoods Digital Video_Q4FY18,Tremor Video Inc.,PK6DWD_TJN_HOM_025_OLV_TREMOR NETWORK_AWR_BS1_MAP_DIR_VID_TRG_RON_BTG_CTG_DVY_ALL SCREEN PREROLL + SOCIAL AFFINITY TARGETING TO W25-54 HOME ENTHUSIASTS MOB/TAB APP_Run of Network_Behavioral_F25-54_1280 x 720_Standard_NV_NA,205941321,10/15/2017,98822,434,98388,98159,229,1,228,225,3,98160,96868,97093
TJN_HOM_030_HomeGoods 2H Digital_F18,NinthDecimal,PJQ7N8_TJN_HOM_030_Mobile_NINTHDECIMAL_DST_SV1_MAP_DIR_RCH_TRG_RON_BTG_PXT_DVY_LOCATION GRAPH: HOMEGOODS LOYALISTS_Run of Network_Behavioral_F25-54_320 x 50_Click and View_NV_NA,204675012,9/24/2017,4897,68,4829,1378,3451,12,3439,3345,94,1390,1352,4697
TJN_HOM_030_HomeGoods 2H Digital_F18,xAd Inc.,PJQ7MN_TJN_HOM_030_Mobile_GROUND TRUTH FKA XAD_DST_SV1_MAP_DIR_DSP_TRG_RON_MKT_DMA_DVY_LOCATION - HOMEGOODS SHOPPERS - DYNAMIC DISTANCE_Run of Network_Geo_F25-54_320 x 50_Click and View_NV_NA,204651439,10/2/2017,3,1,2,0,2,1,1,1,0,1,1,2
TJN_HOM_030_HomeGoods 2H Digital_F18,xAd Inc.,PJQ7MN_TJN_HOM_030_Mobile_GROUND TRUTH FKA XAD_DST_SV1_MAP_DIR_DSP_TRG_RON_MKT_DMA_DVY_LOCATION - HOMEGOODS SHOPPERS - DYNAMIC DISTANCE_Run of Network_Geo_F25-54_320 x 50_Click and View_NV_NA,204651439,9/23/2017,10141,169,9972,8366,1606,287,1319,1218,101,8653,7302,8520
TJN_HOM_025_HomeGoods Digital Video_Q4FY18,Tremor Video Inc.,PK6DYV_TJN_HOM_025_OLV_TREMOR NETWORK_AWR_BS1_MAP_DIR_VID_TRG_RON_PXT_CTG_DVY_ALL SCREEN PREROLL + PROXIMITYPLUS DWELL TIME TARGETING TO HOMEGOODS VISITORS MOB/TAB APP_Run of Network_Behavioral_F25-54_1280 x 720_Standard_NV_NA,205859075,10/6/2017,718,1,717,699,18,0,18,17,1,699,660,677
TJN_HOM_030_HomeGoods 2H Digital_F18,NinthDecimal,PJQ7NJ_TJN_HOM_030_Mobile_NINTHDECIMAL_DST_SV1_MAP_DIR_RCH_TRG_RON_BTG_DMA_DVY_CONSUMER JOURNEY: BARGAIN HUNTERS_Run of Network_Behavioral_F25-54_320 x 50_Click and View_NV_NA,204644353,10/19/2017,9086,142,8944,4252,4692,46,4646,4502,144,4298,4165,8667
TJN_HOM_025_HomeGoods Digital Video_Q4FY18,Tremor Video Inc.,PK6DYV_TJN_HOM_025_OLV_TREMOR NETWORK_AWR_BS1_MAP_DIR_VID_TRG_RON_PXT_CTG_DVY_ALL SCREEN PREROLL + PROXIMITYPLUS DWELL TIME TARGETING TO HOMEGOODS VISITORS MOB/TAB APP_Run of Network_Behavioral_F25-54_1280 x 720_Standard_NV_NA,205859075,10/11/2017,768,0,768,573,195,0,195,166,29,573,488,654
TJN_HOM_030_HomeGoods 2H Digital_F18,NinthDecimal,PJQ7ND_TJN_HOM_030_Mobile_NINTHDECIMAL_DST_SV1_MAP_DIR_RCH_TRG_RON_BTG_DMA_DVY_CONSUMER JOURNEY: HOUSEHOLD CEO_Run of Network_Behavioral_F25-54_320 x 50_Click and View_NV_NA,204626294,9/26/2017,9124,205,8919,2227,6692,33,6659,6511,148,2260,2210,8721
TJN_HOM_030_HomeGoods 2H Digital_F18,NinthDecimal,PJQ7NC_TJN_HOM_030_Mobile_NINTHDECIMAL_DST_SV1_MAP_DIR_RCH_TRG_RON_BTG_DMA_DVY_CONSUMER JOURNEY: DIYERS_Run of Network_Behavioral_F25-54_320 x 50_Click and View_NV_NA,204675009,9/27/2017,9376,191,9185,3436,5749,20,5729,5595,134,3456,3375,8970
TJN_HOM_030_HomeGoods 2H Digital_F18,NinthDecimal,"PJQ7NK_TJN_HOM_030_Mobile_NINTHDECIMAL_DST_SV1_MAP_DIR_RCH_TRG_RON_BTG_DMA_DVY_TV TARGETING: HGTV, DIY NETWORK, BRAVO, TLC, FOOD NETWORK_Run of Network_Behavioral_F25-54_320 x 50_Click and View_NV_NA",204674553,9/26/2017,5735,122,5613,1864,3749,25,3724,3592,132,1889,1822,5414
TJN_HOM_030_HomeGoods 2H Digital_F18,xAd Inc.,PJQ7MJ_TJN_HOM_030_Mobile_GROUND TRUTH FKA XAD_DST_SV1_MAP_DIR_DSP_TRG_RON_PXT_BTG_DVY_PROXIMITY LOYALTY - STORE LOCATOR UNIT_Run of Network_Geo_F25-54_320 x 50_Click and View_NV_NA,204649939,9/16/2017,18919,391,18528,10265,8263,4987,3276,3007,269,15252,14000,17007
TJN_HOM_030_HomeGoods 2H Digital_F18,NinthDecimal,PJQ7N8_TJN_HOM_030_Mobile_NINTHDECIMAL_DST_SV1_MAP_DIR_RCH_TRG_RON_BTG_PXT_DVY_LOCATION GRAPH: HOMEGOODS LOYALISTS_Run of Network_Behavioral_F25-54_320 x 50_Click and View_NV_NA,204675012,9/22/2017,7716,74,7642,1960,5682,22,5660,5531,129,1982,1937,7468
TJN_HOM_030_HomeGoods 2H Digital_F18,xAd Inc.,PJQ7MM_TJN_HOM_030_Mobile_GROUND TRUTH FKA XAD_DST_SV1_MAP_DIR_DSP_TRG_RON_BTG_DMA_DVY_BEHAVIORAL - HOME SHOPPER- DYNAMIC DISTANCE_Run of Network_Behavioral_F25-54_300 x 250_Click and View_NV_NA,204626171,10/17/2017,7824,473,7351,7351,0,0,0,0,0,7351,6063,6063
TJN_HOM_030_HomeGoods 2H Digital_F18,NinthDecimal,PJQ7NG_TJN_HOM_030_Mobile_NINTHDECIMAL_DST_SV1_MAP_DIR_RCH_TRG_RON_BTG_DMA_DVY_CONSUMER JOURNEY: NEW HOME BUYERS & MOVERS_Run of Network_Behavioral_F25-54_320 x 50_Click and View_NV_NA,204625835,10/14/2017,9680,104,9576,4988,4588,33,4555,4399,156,5021,4849,9248
TJN_HOM_030_HomeGoods 2H Digital_F18,xAd Inc.,PJQ7MJ_TJN_HOM_030_Mobile_GROUND TRUTH FKA XAD_DST_SV1_MAP_DIR_DSP_TRG_RON_PXT_BTG_DVY_PROXIMITY LOYALTY - STORE LOCATOR UNIT_Run of Network_Geo_F25-54_320 x 50_Click and View_NV_NA,204649939,9/13/2017,37532,1057,36475,24345,12130,148,11982,10913,1069,24493,22308,33221
TJN_HOM_030_HomeGoods 2H Digital_F18,NinthDecimal,PJQ7NG_TJN_HOM_030_Mobile_NINTHDECIMAL_DST_SV1_MAP_DIR_RCH_TRG_RON_BTG_DMA_DVY_CONSUMER JOURNEY: NEW HOME BUYERS & MOVERS_Run of Network_Behavioral_F25-54_320 x 50_Click and View_NV_NA,204625835,9/14/2017,9310,170,9140,3131,6009,36,5973,5813,160,3167,3082,8895
TJN_HOM_030_HomeGoods 2H Digital_F18,xAd Inc.,PJQ7ML_TJN_HOM_030_Mobile_GROUND TRUTH FKA XAD_DST_SV1_MAP_DIR_DSP_TRG_RON_BTG_DMA_DVY_BEHAVIORAL - HOME SHOPPER - DYNAMIC DISTANCE_Run of Network_Behavioral_F25-54_320 x 50_Click and View_NV_NA,204626174,9/12/2017,19172,248,18924,11280,7644,1808,5836,5084,752,13088,8414,13498
TJN_HOM_030_HomeGoods 2H Digital_F18,xAd Inc.,PJQ7MJ_TJN_HOM_030_Mobile_GROUND TRUTH FKA XAD_DST_SV1_MAP_DIR_DSP_TRG_RON_PXT_BTG_DVY_PROXIMITY LOYALTY - STORE LOCATOR UNIT_Run of Network_Geo_F25-54_320 x 50_Click and View_NV_NA,204649939,10/13/2017,17188,492,16696,7116,9580,113,9467,8700,767,7229,6643,15343
TJN_HOM_030_HomeGoods 2H Digital_F18,NinthDecimal,PJQ7NJ_TJN_HOM_030_Mobile_NINTHDECIMAL_DST_SV1_MAP_DIR_RCH_TRG_RON_BTG_DMA_DVY_CONSUMER JOURNEY: BARGAIN HUNTERS_Run of Network_Behavioral_F25-54_320 x 50_Click and View_NV_NA,204644353,9/11/2017,17514,344,17170,6469,10701,73,10628,10341,287,6542,6365,16706
TJN_HOM_030_HomeGoods 2H Digital_F18,NinthDecimal,PJQ7ND_TJN_HOM_030_Mobile_NINTHDECIMAL_DST_SV1_MAP_DIR_RCH_TRG_RON_BTG_DMA_DVY_CONSUMER JOURNEY: HOUSEHOLD CEO_Run of Network_Behavioral_F25-54_320 x 50_Click and View_NV_NA,204626294,10/9/2017,8961,161,8800,5529,3271,18,3253,3117,136,5547,5315,8432
TJN_HOM_030_HomeGoods 2H Digital_F18,xAd Inc.,PJQ7MJ_TJN_HOM_030_Mobile_GROUND TRUTH FKA XAD_DST_SV1_MAP_DIR_DSP_TRG_RON_PXT_BTG_DVY_PROXIMITY LOYALTY - STORE LOCATOR UNIT_Run of Network_Geo_F25-54_320 x 50_Click and View_NV_NA,204649939,9/19/2017,18817,552,18265,10874,7391,110,7281,6473,808,10984,9765,16238
TJN_HOM_030_HomeGoods 2H Digital_F18,xAd Inc.,PJQ7MS_TJN_HOM_030_Mobile_GROUND TRUTH FKA XAD_DST_SV1_MAP_DIR_DSP_TRG_RON_DMA_PXT_DVY_AV DMA TARGETING_Run of Network_Geo_F25-54_300 x 250_Click and View_NV_NA,204646501,9/11/2017,8497,165,8332,2866,5466,2356,3110,2111,999,5222,3545,5656
TJN_HOM_030_HomeGoods 2H Digital_F18,NinthDecimal,"PJQ7NK_TJN_HOM_030_Mobile_NINTHDECIMAL_DST_SV1_MAP_DIR_RCH_TRG_RON_BTG_DMA_DVY_TV TARGETING: HGTV, DIY NETWORK, BRAVO, TLC, FOOD NETWORK_Run of Network_Behavioral_F25-54_320 x 50_Click and View_NV_NA",204674553,10/9/2017,9323,97,9226,4972,4254,35,4219,4045,174,5007,4801,8846
TJN_HOM_025_HomeGoods Digital Video_Q4FY18,Tremor Video Inc.,PK6F30_TJN_HOM_025_OLV_TREMOR NETWORK_AWR_BS1_CTV_DIR_VID_TRG_RON_PXT_CTG_DVY_ALL SCREEN PREROLL + PROXIMITYPLUS DWELL TIME TARGETING TO HOMEGOODS VISITORS CTV_Run of Network_Behavioral_F25-54_1280 x 720_Standard_NV_NA,205942131,10/10/2017,711,2,709,709,0,0,0,0,0,709,0,0
TJN_HOM_030_HomeGoods 2H Digital_F18,xAd Inc.,PJQ7MP_TJN_HOM_030_Mobile_GROUND TRUTH FKA XAD_DST_SV1_MAP_DIR_DSP_TRG_RON_MKT_DMA_DVY_LOCATION - HOMEGOODS SHOPPERS - DYNAMIC DISTANCE_Run of Network_Geo_F25-54_300 x 250_Click and View_NV_NA,204647878,9/17/2017,3709,366,3343,3343,0,0,0,0,0,3343,3009,3009
TJN_HOM_030_HomeGoods 2H Digital_F18,xAd Inc.,PJQ7MS_TJN_HOM_030_Mobile_GROUND TRUTH FKA XAD_DST_SV1_MAP_DIR_DSP_TRG_RON_DMA_PXT_DVY_AV DMA TARGETING_Run of Network_Geo_F25-54_300 x 250_Click and View_NV_NA,204646501,10/2/2017,3,0,3,2,1,1,0,0,0,3,3,3
TJN_HOM_030_HomeGoods 2H Digital_F18,xAd Inc.,PJQ7MS_TJN_HOM_030_Mobile_GROUND TRUTH FKA XAD_DST_SV1_MAP_DIR_DSP_TRG_RON_DMA_PXT_DVY_AV DMA TARGETING_Run of Network_Geo_F25-54_300 x 250_Click and View_NV_NA,204646501,9/23/2017,7833,126,7707,5057,2650,1195,1455,1086,369,6252,4665,5751
TJN_HOM_030_HomeGoods 2H Digital_F18,xAd Inc.,PJQ7MN_TJN_HOM_030_Mobile_GROUND TRUTH FKA XAD_DST_SV1_MAP_DIR_DSP_TRG_RON_MKT_DMA_DVY_LOCATION - HOMEGOODS SHOPPERS - DYNAMIC DISTANCE_Run of Network_Geo_F25-54_320 x 50_Click and View_NV_NA,204651439,10/19/2017,5267,51,5216,4814,402,14,388,309,79,4828,3560,3869
TJN_HOM_030_HomeGoods 2H Digital_F18,xAd Inc.,PJQ7MG_TJN_HOM_030_Mobile_GROUND TRUTH FKA XAD_DST_SV1_MAP_DIR_DSP_TRG_RON_PXT_BTG_DVY_PROXIMITY LOYALTY - DYNAMIC DISTANCE_Run of Network_Geo_F25-54_320 x 50_Click and View_NV_NA,204626813,9/4/2017,1,0,1,0,1,0,1,1,0,0,0,1
TJN_HOM_030_HomeGoods 2H Digital_F18,NinthDecimal,PJQ7NC_TJN_HOM_030_Mobile_NINTHDECIMAL_DST_SV1_MAP_DIR_RCH_TRG_RON_BTG_DMA_DVY_CONSUMER JOURNEY: DIYERS_Run of Network_Behavioral_F25-54_320 x 50_Click and View_NV_NA,204675009,9/21/2017,8578,204,8374,3021,5353,23,5330,5194,136,3044,2966,8160
TJN_HOM_025_HomeGoods Digital Video_Q4FY18,Tremor Video Inc.,PK1FYN_TJN_HOM_025_OLV_TREMOR NETWORK_AWR_BS1_DSK_DIR_VID_TRG_RON_PXT_CTG_DVY_ALL SCREEN PREROLL + PROXIMITYPLUS DWELL TIME TARGETING TO HOMEGOODS VISITORS DESKTOP_Run of Network_Behavioral_F25-54_1280 x 720_Standard_NV_NA,205941312,10/8/2017,251109,145,250964,45856,205108,3681,201427,56452,144975,49537,13883,70335
TJN_HOM_030_HomeGoods 2H Digital_F18,NinthDecimal,PJQ7NJ_TJN_HOM_030_Mobile_NINTHDECIMAL_DST_SV1_MAP_DIR_RCH_TRG_RON_BTG_DMA_DVY_CONSUMER JOURNEY: BARGAIN HUNTERS_Run of Network_Behavioral_F25-54_320 x 50_Click and View_NV_NA,204644353,10/1/2017,7626,128,7498,3372,4126,17,4109,4000,109,3389,3299,7299
TJN_HOM_030_HomeGoods 2H Digital_F18,NinthDecimal,PJQ7NB_TJN_HOM_030_Mobile_NINTHDECIMAL_DST_SV1_MAP_DIR_RCH_TRG_RON_BTG_PXT_DVY_LOCATION GRAPH: COMPETITIVE CONQUESTING_Run of Network_Behavioral_F25-54_320 x 50_Click and View_NV_NA,204649942,9/10/2017,3136,55,3081,1669,1412,13,1399,1356,43,1682,1630,2986
TJN_HOM_030_HomeGoods 2H Digital_F18,NinthDecimal,PJQ7N8_TJN_HOM_030_Mobile_NINTHDECIMAL_DST_SV1_MAP_DIR_RCH_TRG_RON_BTG_PXT_DVY_LOCATION GRAPH: HOMEGOODS LOYALISTS_Run of Network_Behavioral_F25-54_320 x 50_Click and View_NV_NA,204675012,10/16/2017,14459,187,14272,4561,9711,62,9649,9294,355,4623,4453,13747
TJN_HOM_030_HomeGoods 2H Digital_F18,NinthDecimal,PJQ7NF_TJN_HOM_030_Mobile_NINTHDECIMAL_DST_SV1_MAP_DIR_RCH_TRG_RON_BTG_DMA_DVY_CONSUMER JOURNEY: HOME FURNISHINGS SHOPPERS_Run of Network_Behavioral_F25-54_320 x 50_Click and View_NV_NA,204626291,9/15/2017,10793,249,10544,3186,7358,46,7312,7169,143,3232,3169,10338
TJN_HOM_030_HomeGoods 2H Digital_F18,NinthDecimal,PJQ7NJ_TJN_HOM_030_Mobile_NINTHDECIMAL_DST_SV1_MAP_DIR_RCH_TRG_RON_BTG_DMA_DVY_CONSUMER JOURNEY: BARGAIN HUNTERS_Run of Network_Behavioral_F25-54_320 x 50_Click and View_NV_NA,204644353,10/2/2017,7311,154,7157,3600,3557,24,3533,3432,101,3624,3520,6952
TJN_HOM_025_HomeGoods Digital Video_Q4FY18,Tremor Video Inc.,PK6F30_TJN_HOM_025_OLV_TREMOR NETWORK_AWR_BS1_CTV_DIR_VID_TRG_RON_PXT_CTG_DVY_ALL SCREEN PREROLL + PROXIMITYPLUS DWELL TIME TARGETING TO HOMEGOODS VISITORS CTV_Run of Network_Behavioral_F25-54_1280 x 720_Standard_NV_NA,205942131,10/12/2017,21542,0,21542,21542,0,0,0,0,0,21542,0,0
TJN_HOM_030_HomeGoods 2H Digital_F18,NinthDecimal,PJQ7NJ_TJN_HOM_030_Mobile_NINTHDECIMAL_DST_SV1_MAP_DIR_RCH_TRG_RON_BTG_DMA_DVY_CONSUMER JOURNEY: BARGAIN HUNTERS_Run of Network_Behavioral_F25-54_320 x 50_Click and View_NV_NA,204644353,9/23/2017,8964,176,8788,3030,5758,22,5736,5609,127,3052,2984,8593
TJN_HOM_030_HomeGoods 2H Digital_F18,xAd Inc.,PJQ7MS_TJN_HOM_030_Mobile_GROUND TRUTH FKA XAD_DST_SV1_MAP_DIR_DSP_TRG_RON_DMA_PXT_DVY_AV DMA TARGETING_Run of Network_Geo_F25-54_300 x 250_Click and View_NV_NA,204646501,10/1/2017,3,0,3,2,1,1,0,0,0,3,3,3
TJN_HOM_030_HomeGoods 2H Digital_F18,NinthDecimal,PJQ7N5_TJN_HOM_030_Mobile_NINTHDECIMAL_DST_SV1_MAP_DIR_RCH_TRG_RON_PXT_DMA_DVY_GEOFENCE: 2-MILE RADIUS AROUND URBAN STORES_Run of Network_Geo_F25-54_320 x 50_Click and View_NV_NA,204649945,10/12/2017,8197,233,7964,4303,3661,28,3633,3515,118,4331,4190,7705
TJN_HOM_030_HomeGoods 2H Digital_F18,NinthDecimal,PJQ7NB_TJN_HOM_030_Mobile_NINTHDECIMAL_DST_SV1_MAP_DIR_RCH_TRG_RON_BTG_PXT_DVY_LOCATION GRAPH: COMPETITIVE CONQUESTING_Run of Network_Behavioral_F25-54_320 x 50_Click and View_NV_NA,204649942,9/29/2017,1022,15,1007,379,628,4,624,615,9,383,377,992
TJN_HOM_030_HomeGoods 2H Digital_F18,xAd Inc.,PJQ7MK_TJN_HOM_030_Mobile_GROUND TRUTH FKA XAD_DST_SV1_MAP_DIR_DSP_TRG_RON_PXT_BTG_DVY_PROXIMITY LOYALTY - STORE LOCATOR UNIT_Run of Network_Geo_F25-54_300 x 250_Click and View_NV_NA,204625442,10/7/2017,1903,12,1891,54,1837,8,1829,1637,192,62,55,1692
TJN_HOM_030_HomeGoods 2H Digital_F18,xAd Inc.,PJQ7MG_TJN_HOM_030_Mobile_GROUND TRUTH FKA XAD_DST_SV1_MAP_DIR_DSP_TRG_RON_PXT_BTG_DVY_PROXIMITY LOYALTY - DYNAMIC DISTANCE_Run of Network_Geo_F25-54_320 x 50_Click and View_NV_NA,204626813,10/12/2017,67429,2164,65265,57725,7540,1001,6539,5362,1177,58726,46774,52136
TJN_HOM_030_HomeGoods 2H Digital_F18,NinthDecimal,PJQ7N6_TJN_HOM_030_Mobile_NINTHDECIMAL_DST_SV1_MAP_DIR_RCH_TRG_RON_PXT_DMA_DVY_GEOFENCE: 5-10-MILE RADIUS AROUND SUBURBAN STORES_Run of Network_Geo_F25-54_320 x 50_Click and View_NV_NA,204646507,10/8/2017,9123,259,8864,5988,2876,22,2854,2783,71,6010,5860,8643
TJN_HOM_030_HomeGoods 2H Digital_F18,xAd Inc.,PJQ7MR_TJN_HOM_030_Mobile_GROUND TRUTH FKA XAD_DST_SV1_MAP_DIR_DSP_TRG_RON_MKT_DMA_DVY_LOCATION - COMPETITOR SHOPPERS - DYNAMIC DISTANCE_Run of Network_Geo_F25-54_300 x 250_Click and View_NV_NA,204647890,9/5/2017,3399,82,3317,3312,5,0,5,4,1,3312,2650,2654
TJN_HOM_030_HomeGoods 2H Digital_F18,xAd Inc.,PJQ7MN_TJN_HOM_030_Mobile_GROUND TRUTH FKA XAD_DST_SV1_MAP_DIR_DSP_TRG_RON_MKT_DMA_DVY_LOCATION - HOMEGOODS SHOPPERS - DYNAMIC DISTANCE_Run of Network_Geo_F25-54_320 x 50_Click and View_NV_NA,204651439,9/11/2017,8251,145,8106,6748,1358,223,1135,1049,86,6971,5305,6354
TJN_HOM_030_HomeGoods 2H Digital_F18,NinthDecimal,PJQ7ND_TJN_HOM_030_Mobile_NINTHDECIMAL_DST_SV1_MAP_DIR_RCH_TRG_RON_BTG_DMA_DVY_CONSUMER JOURNEY: HOUSEHOLD CEO_Run of Network_Behavioral_F25-54_320 x 50_Click and View_NV_NA,204626294,10/3/2017,3325,74,3251,2353,898,14,884,861,23,2367,2305,3166
TJN_HOM_030_HomeGoods 2H Digital_F18,xAd Inc.,PJQ7MK_TJN_HOM_030_Mobile_GROUND TRUTH FKA XAD_DST_SV1_MAP_DIR_DSP_TRG_RON_PXT_BTG_DVY_PROXIMITY LOYALTY - STORE LOCATOR UNIT_Run of Network_Geo_F25-54_300 x 250_Click and View_NV_NA,204625442,9/8/2017,1371,40,1331,12,1319,8,1311,1267,44,20,19,1286
TJN_HOM_030_HomeGoods 2H Digital_F18,NinthDecimal,"PJQ7NK_TJN_HOM_030_Mobile_NINTHDECIMAL_DST_SV1_MAP_DIR_RCH_TRG_RON_BTG_DMA_DVY_TV TARGETING: HGTV, DIY NETWORK, BRAVO, TLC, FOOD NETWORK_Run of Network_Behavioral_F25-54_320 x 50_Click and View_NV_NA",204674553,10/3/2017,3089,42,3047,2333,714,24,690,672,18,2357,2296,2968
TJN_HOM_030_HomeGoods 2H Digital_F18,xAd Inc.,PJQ7MQ_TJN_HOM_030_Mobile_GROUND TRUTH FKA XAD_DST_SV1_MAP_DIR_DSP_TRG_RON_MKT_DMA_DVY_LOCATION - COMPETITOR SHOPPERS - DYNAMIC DISTANCE_Run of Network_Geo_F25-54_320 x 50_Click and View_NV_NA,204617210,9/16/2017,14151,160,13991,9954,4037,2575,1462,1355,107,12529,10751,12106
TJN_HOM_030_HomeGoods 2H Digital_F18,NinthDecimal,PJQ7ND_TJN_HOM_030_Mobile_NINTHDECIMAL_DST_SV1_MAP_DIR_RCH_TRG_RON_BTG_DMA_DVY_CONSUMER JOURNEY: HOUSEHOLD CEO_Run of Network_Behavioral_F25-54_320 x 50_Click and View_NV_NA,204626294,10/1/2017,10229,201,10028,4203,5825,17,5808,5686,122,4220,4131,9817
TJN_HOM_030_HomeGoods 2H Digital_F18,xAd Inc.,PJQ7MN_TJN_HOM_030_Mobile_GROUND TRUTH FKA XAD_DST_SV1_MAP_DIR_DSP_TRG_RON_MKT_DMA_DVY_LOCATION - HOMEGOODS SHOPPERS - DYNAMIC DISTANCE_Run of Network_Geo_F25-54_320 x 50_Click and View_NV_NA,204651439,9/26/2017,76448,1364,75084,41423,33661,1556,32105,23715,8390,42979,29078,52793
TJN_HOM_030_HomeGoods 2H Digital_F18,NinthDecimal,"PJQ7NK_TJN_HOM_030_Mobile_NINTHDECIMAL_DST_SV1_MAP_DIR_RCH_TRG_RON_BTG_DMA_DVY_TV TARGETING: HGTV, DIY NETWORK, BRAVO, TLC, FOOD NETWORK_Run of Network_Behavioral_F25-54_320 x 50_Click and View_NV_NA",204674553,10/1/2017,4437,64,4373,1842,2531,13,2518,2428,90,1855,1789,4217
TJN_HOM_030_HomeGoods 2H Digital_F18,NinthDecimal,PJQ7NH_TJN_HOM_030_Mobile_NINTHDECIMAL_DST_SV1_MAP_DIR_RCH_TRG_RON_BTG_DMA_DVY_CONSUMER JOURNEY: PET SUPPLY SHOPPERS_Run of Network_Behavioral_F25-54_320 x 50_Click and View_NV_NA,204647914,9/16/2017,8551,144,8407,2632,5775,33,5742,5527,215,2665,2565,8092
TJN_HOM_030_HomeGoods 2H Digital_F18,NinthDecimal,"PJQ7NK_TJN_HOM_030_Mobile_NINTHDECIMAL_DST_SV1_MAP_DIR_RCH_TRG_RON_BTG_DMA_DVY_TV TARGETING: HGTV, DIY NETWORK, BRAVO, TLC, FOOD NETWORK_Run of Network_Behavioral_F25-54_320 x 50_Click and View_NV_NA",204674553,9/23/2017,5980,113,5867,2093,3774,22,3752,3639,113,2115,2051,5690
TJN_HOM_030_HomeGoods 2H Digital_F18,xAd Inc.,PJQ7MM_TJN_HOM_030_Mobile_GROUND TRUTH FKA XAD_DST_SV1_MAP_DIR_DSP_TRG_RON_BTG_DMA_DVY_BEHAVIORAL - HOME SHOPPER- DYNAMIC DISTANCE_Run of Network_Behavioral_F25-54_300 x 250_Click and View_NV_NA,204626171,9/29/2017,18762,1108,17654,17630,24,5,19,14,5,17635,12967,12981
TJN_HOM_030_HomeGoods 2H Digital_F18,NinthDecimal,"PJQ7NK_TJN_HOM_030_Mobile_NINTHDECIMAL_DST_SV1_MAP_DIR_RCH_TRG_RON_BTG_DMA_DVY_TV TARGETING: HGTV, DIY NETWORK, BRAVO, TLC, FOOD NETWORK_Run of Network_Behavioral_F25-54_320 x 50_Click and View_NV_NA",204674553,10/2/2017,5296,105,5191,2337,2854,29,2825,2737,88,2366,2292,5029
TJN_HOM_030_HomeGoods 2H Digital_F18,Nativo Inc.,PJQDHJ_TJN_HOM_030_Content_NATIVO FKA POST RLSE_DSI_BS2_MWB_DIR_NAD_ROT_RON_CTG_BTG_DVY_NATIVE DISPLAY UNIT FALLIDAYS_Run of Network_Contextual_F25-54_1 x 1_Click and View_NV_NA,206024352,10/17/2017,580170,31216,548954,1516,547438,29571,517867,201675,316192,31087,12106,213781
TJN_HOM_030_HomeGoods 2H Digital_F18,xAd Inc.,PJQ7MR_TJN_HOM_030_Mobile_GROUND TRUTH FKA XAD_DST_SV1_MAP_DIR_DSP_TRG_RON_MKT_DMA_DVY_LOCATION - COMPETITOR SHOPPERS - DYNAMIC DISTANCE_Run of Network_Geo_F25-54_300 x 250_Click and View_NV_NA,204647890,9/14/2017,4933,157,4776,4776,0,0,0,0,0,4776,4378,4378
TJN_HOM_030_HomeGoods 2H Digital_F18,NinthDecimal,PJQ7ND_TJN_HOM_030_Mobile_NINTHDECIMAL_DST_SV1_MAP_DIR_RCH_TRG_RON_BTG_DMA_DVY_CONSUMER JOURNEY: HOUSEHOLD CEO_Run of Network_Behavioral_F25-54_320 x 50_Click and View_NV_NA,204626294,9/23/2017,9620,190,9430,2678,6752,26,6726,6541,185,2704,2630,9171
TJN_HOM_030_HomeGoods 2H Digital_F18,NinthDecimal,PJQ7ND_TJN_HOM_030_Mobile_NINTHDECIMAL_DST_SV1_MAP_DIR_RCH_TRG_RON_BTG_DMA_DVY_CONSUMER JOURNEY: HOUSEHOLD CEO_Run of Network_Behavioral_F25-54_320 x 50_Click and View_NV_NA,204626294,10/2/2017,8687,224,8463,3829,4634,23,4611,4505,106,3852,3763,8268
TJN_HOM_030_HomeGoods 2H Digital_F18,xAd Inc.,PJQ7MR_TJN_HOM_030_Mobile_GROUND TRUTH FKA XAD_DST_SV1_MAP_DIR_DSP_TRG_RON_MKT_DMA_DVY_LOCATION - COMPETITOR SHOPPERS - DYNAMIC DISTANCE_Run of Network_Geo_F25-54_300 x 250_Click and View_NV_NA,204647890,10/14/2017,7037,443,6594,6594,0,0,0,0,0,6594,0,0
TJN_HOM_030_HomeGoods 2H Digital_F18,NinthDecimal,PJQ7NH_TJN_HOM_030_Mobile_NINTHDECIMAL_DST_SV1_MAP_DIR_RCH_TRG_RON_BTG_DMA_DVY_CONSUMER JOURNEY: PET SUPPLY SHOPPERS_Run of Network_Behavioral_F25-54_320 x 50_Click and View_NV_NA,204647914,9/19/2017,6446,104,6342,2043,4299,33,4266,4126,140,2076,2008,6134
TJN_HOM_030_HomeGoods 2H Digital_F18,NinthDecimal,PJQ7N8_TJN_HOM_030_Mobile_NINTHDECIMAL_DST_SV1_MAP_DIR_RCH_TRG_RON_BTG_PXT_DVY_LOCATION GRAPH: HOMEGOODS LOYALISTS_Run of Network_Behavioral_F25-54_320 x 50_Click and View_NV_NA,204675012,9/30/2017,9700,111,9589,2047,7542,24,7518,7187,331,2071,1980,9167
TJN_HOM_030_HomeGoods 2H Digital_F18,xAd Inc.,PJQ7MN_TJN_HOM_030_Mobile_GROUND TRUTH FKA XAD_DST_SV1_MAP_DIR_DSP_TRG_RON_MKT_DMA_DVY_LOCATION - HOMEGOODS SHOPPERS - DYNAMIC DISTANCE_Run of Network_Geo_F25-54_320 x 50_Click and View_NV_NA,204651439,10/9/2017,5996,54,5942,4955,987,38,949,838,111,4993,4355,5193
TJN_HOM_030_HomeGoods 2H Digital_F18,NinthDecimal,PJQ7NC_TJN_HOM_030_Mobile_NINTHDECIMAL_DST_SV1_MAP_DIR_RCH_TRG_RON_BTG_DMA_DVY_CONSUMER JOURNEY: DIYERS_Run of Network_Behavioral_F25-54_320 x 50_Click and View_NV_NA,204675009,10/11/2017,14495,249,14246,6328,7918,31,7887,7592,295,6359,6121,13713
TJN_HOM_030_HomeGoods 2H Digital_F18,xAd Inc.,PJQ7MQ_TJN_HOM_030_Mobile_GROUND TRUTH FKA XAD_DST_SV1_MAP_DIR_DSP_TRG_RON_MKT_DMA_DVY_LOCATION - COMPETITOR SHOPPERS - DYNAMIC DISTANCE_Run of Network_Geo_F25-54_320 x 50_Click and View_NV_NA,204617210,9/19/2017,16060,245,15815,12168,3647,1272,2375,2157,218,13440,11159,13316
TJN_HOM_025_HomeGoods Digital Video_Q4FY18,Tremor Video Inc.,PK6DY1_TJN_HOM_025_OLV_TREMOR NETWORK_AWR_BS1_CTV_DIR_VID_TRG_RON_BTG_CTG_DVY_ALL SCREEN PREROLL + SOCIAL AFFINITY TARGETING TO W25-54 HOME ENTHUSIASTS CTV_Run of Network_Behavioral_F25-54_1280 x 720_Standard_NV_NA,205941318,10/13/2017,28321,0,28321,28321,0,0,0,0,0,28321,17460,17460
TJN_HOM_030_HomeGoods 2H Digital_F18,xAd Inc.,PJQ7MS_TJN_HOM_030_Mobile_GROUND TRUTH FKA XAD_DST_SV1_MAP_DIR_DSP_TRG_RON_DMA_PXT_DVY_AV DMA TARGETING_Run of Network_Geo_F25-54_300 x 250_Click and View_NV_NA,204646501,10/3/2017,3,0,3,2,1,1,0,0,0,3,2,2
TJN_HOM_030_HomeGoods 2H Digital_F18,NinthDecimal,PJQ7NH_TJN_HOM_030_Mobile_NINTHDECIMAL_DST_SV1_MAP_DIR_RCH_TRG_RON_BTG_DMA_DVY_CONSUMER JOURNEY: PET SUPPLY SHOPPERS_Run of Network_Behavioral_F25-54_320 x 50_Click and View_NV_NA,204647914,9/13/2017,11141,183,10958,2201,8757,73,8684,8460,224,2274,2215,10675
TJN_HOM_030_HomeGoods 2H Digital_F18,NinthDecimal,PJQ7NH_TJN_HOM_030_Mobile_NINTHDECIMAL_DST_SV1_MAP_DIR_RCH_TRG_RON_BTG_DMA_DVY_CONSUMER JOURNEY: PET SUPPLY SHOPPERS_Run of Network_Behavioral_F25-54_320 x 50_Click and View_NV_NA,204647914,10/13/2017,9339,159,9180,4842,4338,27,4311,4134,177,4869,4669,8803
TJN_HOM_030_HomeGoods 2H Digital_F18,NinthDecimal,PJQ7NC_TJN_HOM_030_Mobile_NINTHDECIMAL_DST_SV1_MAP_DIR_RCH_TRG_RON_BTG_DMA_DVY_CONSUMER JOURNEY: DIYERS_Run of Network_Behavioral_F25-54_320 x 50_Click and View_NV_NA,204675009,10/6/2017,12170,271,11899,7191,4708,33,4675,4473,202,7224,6912,11385
TJN_HOM_030_HomeGoods 2H Digital_F18,NinthDecimal,PJQ7N9_TJN_HOM_030_Mobile_NINTHDECIMAL_DST_SV1_MAP_DIR_RCH_TRG_RON_BTG_PXT_DVY_LOCATION GRAPH: TJX FAMILY LOYALISTS_Run of Network_Behavioral_F25-54_320 x 50_Click and View_NV_NA,204647917,10/12/2017,15424,258,15166,6796,8370,59,8311,8009,302,6855,6606,14615
TJN_HOM_030_HomeGoods 2H Digital_F18,Nativo Inc.,PJQDHJ_TJN_HOM_030_Content_NATIVO FKA POST RLSE_DSI_BS2_MWB_DIR_NAD_ROT_RON_CTG_BTG_DVY_NATIVE DISPLAY UNIT FALLIDAYS_Run of Network_Contextual_F25-54_1 x 1_Click and View_NV_NA,206024352,10/5/2017,507596,26011,481585,3656,477929,36315,441614,151852,289762,39971,13744,165596
TJN_HOM_030_HomeGoods 2H Digital_F18,xAd Inc.,PJQ7MQ_TJN_HOM_030_Mobile_GROUND TRUTH FKA XAD_DST_SV1_MAP_DIR_DSP_TRG_RON_MKT_DMA_DVY_LOCATION - COMPETITOR SHOPPERS - DYNAMIC DISTANCE_Run of Network_Geo_F25-54_320 x 50_Click and View_NV_NA,204617210,9/13/2017,15325,181,15144,11880,3264,400,2864,2649,215,12280,8011,10660
TJN_HOM_030_HomeGoods 2H Digital_F18,xAd Inc.,PJQ7MR_TJN_HOM_030_Mobile_GROUND TRUTH FKA XAD_DST_SV1_MAP_DIR_DSP_TRG_RON_MKT_DMA_DVY_LOCATION - COMPETITOR SHOPPERS - DYNAMIC DISTANCE_Run of Network_Geo_F25-54_300 x 250_Click and View_NV_NA,204647890,9/28/2017,81152,32793,48359,48258,101,1,100,90,10,48259,43382,43472
TJN_HOM_030_HomeGoods 2H Digital_F18,xAd Inc.,PJQ7MM_TJN_HOM_030_Mobile_GROUND TRUTH FKA XAD_DST_SV1_MAP_DIR_DSP_TRG_RON_BTG_DMA_DVY_BEHAVIORAL - HOME SHOPPER- DYNAMIC DISTANCE_Run of Network_Behavioral_F25-54_300 x 250_Click and View_NV_NA,204626171,9/10/2017,5659,91,5568,5567,1,0,1,1,0,5567,5567,5568
TJN_HOM_030_HomeGoods 2H Digital_F18,NinthDecimal,PJQ7NJ_TJN_HOM_030_Mobile_NINTHDECIMAL_DST_SV1_MAP_DIR_RCH_TRG_RON_BTG_DMA_DVY_CONSUMER JOURNEY: BARGAIN HUNTERS_Run of Network_Behavioral_F25-54_320 x 50_Click and View_NV_NA,204644353,10/3/2017,3416,86,3330,2493,837,18,819,802,17,2511,2459,3261
TJN_HOM_030_HomeGoods 2H Digital_F18,xAd Inc.,PJQ7MQ_TJN_HOM_030_Mobile_GROUND TRUTH FKA XAD_DST_SV1_MAP_DIR_DSP_TRG_RON_MKT_DMA_DVY_LOCATION - COMPETITOR SHOPPERS - DYNAMIC DISTANCE_Run of Network_Geo_F25-54_320 x 50_Click and View_NV_NA,204617210,10/13/2017,8265,110,8155,5270,2885,394,2491,2044,447,5664,4470,6514
TJN_HOM_025_HomeGoods Digital Video_Q4FY18,Tremor Video Inc.,PK1FYM_TJN_HOM_025_OLV_TREMOR NETWORK_AWR_BS1_DSK_DIR_VID_TRG_RON_BTG_CTG_DVY_ALL SCREEN PREROLL + SOCIAL AFFINITY TARGETING TO W25-54 HOME ENTHUSIASTS DESKTOP_Run of Network_Behavioral_F25-54_1280 x 720_Standard_NV_NA,205941870,10/13/2017,98,0,98,96,2,0,2,2,0,96,96,98
TJN_HOM_030_HomeGoods 2H Digital_F18,NinthDecimal,PJQ7NG_TJN_HOM_030_Mobile_NINTHDECIMAL_DST_SV1_MAP_DIR_RCH_TRG_RON_BTG_DMA_DVY_CONSUMER JOURNEY: NEW HOME BUYERS & MOVERS_Run of Network_Behavioral_F25-54_320 x 50_Click and View_NV_NA,204625835,10/20/2017,9181,117,9064,4387,4677,25,4652,4526,126,4412,4293,8819
TJN_HOM_030_HomeGoods 2H Digital_F18,NinthDecimal,PJQ7N7_TJN_HOM_030_Mobile_NINTHDECIMAL_DST_SV1_MAP_DIR_RCH_TRG_RON_PXT_DMA_DVY_GEOFENCE: 15-20-MILE RADIUS AROUND RURAL STORES_Run of Network_Geo_F25-54_320 x 50_Click and View_NV_NA,204674556,9/5/2017,7366,156,7210,4389,2821,12,2809,2746,63,4401,4302,7048
TJN_HOM_030_HomeGoods 2H Digital_F18,Nativo Inc.,PK87W8_TJN_HOM_030_Content_NATIVO FKA POST RLSE_DSI_BS2_MWB_DIR_NAD_ROT_RON_CTG_BTG_DVY_NATIVE DISPLAY UNIT FALL TRENDS_Run of Network_Contextual_F25-54_1 x 1_Click and View_NV_NA,206137761,10/9/2017,249568,7619,241949,1640,240309,18417,221892,62196,159696,20057,5622,67818
TJN_HOM_030_HomeGoods 2H Digital_F18,xAd Inc.,PJQ7MH_TJN_HOM_030_Mobile_GROUND TRUTH FKA XAD_DST_SV1_MAP_DIR_DSP_TRG_RON_PXT_BTG_DVY_PROXIMITY LOYALTY - DYNAMIC DISTANCE_Run of Network_Geo_F25-54_300 x 250_Click and View_NV_NA,204675003,10/8/2017,26643,894,25749,25714,35,13,22,0,22,25727,0,0
TJN_HOM_030_HomeGoods 2H Digital_F18,xAd Inc.,PJQ7MJ_TJN_HOM_030_Mobile_GROUND TRUTH FKA XAD_DST_SV1_MAP_DIR_DSP_TRG_RON_PXT_BTG_DVY_PROXIMITY LOYALTY - STORE LOCATOR UNIT_Run of Network_Geo_F25-54_320 x 50_Click and View_NV_NA,204649939,10/12/2017,19056,696,18360,10218,8142,93,8049,7488,561,10311,9592,17080
TJN_HOM_030_HomeGoods 2H Digital_F18,NinthDecimal,PJQ7N8_TJN_HOM_030_Mobile_NINTHDECIMAL_DST_SV1_MAP_DIR_RCH_TRG_RON_BTG_PXT_DVY_LOCATION GRAPH: HOMEGOODS LOYALISTS_Run of Network_Behavioral_F25-54_320 x 50_Click and View_NV_NA,204675012,9/17/2017,4179,37,4142,1229,2913,17,2896,2771,125,1246,1192,3963
TJN_HOM_030_HomeGoods 2H Digital_F18,xAd Inc.,PJQ7MK_TJN_HOM_030_Mobile_GROUND TRUTH FKA XAD_DST_SV1_MAP_DIR_DSP_TRG_RON_PXT_BTG_DVY_PROXIMITY LOYALTY - STORE LOCATOR UNIT_Run of Network_Geo_F25-54_300 x 250_Click and View_NV_NA,204625442,9/15/2017,2424,33,2391,324,2067,488,1579,1373,206,812,706,2079
TJN_HOM_030_HomeGoods 2H Digital_F18,xAd Inc.,PJQ7MP_TJN_HOM_030_Mobile_GROUND TRUTH FKA XAD_DST_SV1_MAP_DIR_DSP_TRG_RON_MKT_DMA_DVY_LOCATION - HOMEGOODS SHOPPERS - DYNAMIC DISTANCE_Run of Network_Geo_F25-54_300 x 250_Click and View_NV_NA,204647878,9/24/2017,3526,47,3479,3432,47,2,45,43,2,3434,3280,3323
TJN_HOM_030_HomeGoods 2H Digital_F18,NinthDecimal,PJQ7NF_TJN_HOM_030_Mobile_NINTHDECIMAL_DST_SV1_MAP_DIR_RCH_TRG_RON_BTG_DMA_DVY_CONSUMER JOURNEY: HOME FURNISHINGS SHOPPERS_Run of Network_Behavioral_F25-54_320 x 50_Click and View_NV_NA,204626291,9/8/2017,3945,123,3822,825,2997,15,2982,2948,34,840,830,3778
TJN_HOM_030_HomeGoods 2H Digital_F18,NinthDecimal,PJQ7NJ_TJN_HOM_030_Mobile_NINTHDECIMAL_DST_SV1_MAP_DIR_RCH_TRG_RON_BTG_DMA_DVY_CONSUMER JOURNEY: BARGAIN HUNTERS_Run of Network_Behavioral_F25-54_320 x 50_Click and View_NV_NA,204644353,10/18/2017,8353,137,8216,3815,4401,45,4356,4236,120,3860,3754,7990
TJN_HOM_030_HomeGoods 2H Digital_F18,xAd Inc.,PJQ7ML_TJN_HOM_030_Mobile_GROUND TRUTH FKA XAD_DST_SV1_MAP_DIR_DSP_TRG_RON_BTG_DMA_DVY_BEHAVIORAL - HOME SHOPPER - DYNAMIC DISTANCE_Run of Network_Behavioral_F25-54_320 x 50_Click and View_NV_NA,204626174,10/11/2017,8163,146,8017,5846,2171,261,1910,1536,374,6107,4860,6396
TJN_HOM_030_HomeGoods 2H Digital_F18,xAd Inc.,PJQ7MP_TJN_HOM_030_Mobile_GROUND TRUTH FKA XAD_DST_SV1_MAP_DIR_DSP_TRG_RON_MKT_DMA_DVY_LOCATION - HOMEGOODS SHOPPERS - DYNAMIC DISTANCE_Run of Network_Geo_F25-54_300 x 250_Click and View_NV_NA,204647878,9/22/2017,3682,87,3595,3546,49,4,45,41,4,3550,3230,3271
TJN_HOM_030_HomeGoods 2H Digital_F18,xAd Inc.,PJQ7ML_TJN_HOM_030_Mobile_GROUND TRUTH FKA XAD_DST_SV1_MAP_DIR_DSP_TRG_RON_BTG_DMA_DVY_BEHAVIORAL - HOME SHOPPER - DYNAMIC DISTANCE_Run of Network_Behavioral_F25-54_320 x 50_Click and View_NV_NA,204626174,10/6/2017,13831,197,13634,11991,1643,133,1510,1125,385,12124,8538,9663
TJN_HOM_030_HomeGoods 2H Digital_F18,NinthDecimal,PJQ7NF_TJN_HOM_030_Mobile_NINTHDECIMAL_DST_SV1_MAP_DIR_RCH_TRG_RON_BTG_DMA_DVY_CONSUMER JOURNEY: HOME FURNISHINGS SHOPPERS_Run of Network_Behavioral_F25-54_320 x 50_Click and View_NV_NA,204626291,10/7/2017,10397,284,10113,7224,2889,23,2866,2773,93,7247,7012,9785
TJN_HOM_030_HomeGoods 2H Digital_F18,xAd Inc.,PJQ7MS_TJN_HOM_030_Mobile_GROUND TRUTH FKA XAD_DST_SV1_MAP_DIR_DSP_TRG_RON_DMA_PXT_DVY_AV DMA TARGETING_Run of Network_Geo_F25-54_300 x 250_Click and View_NV_NA,204646501,10/18/2017,2390,26,2364,2143,221,1,220,212,8,2144,2066,2278
TJN_HOM_030_HomeGoods 2H Digital_F18,NinthDecimal,PJQ7N7_TJN_HOM_030_Mobile_NINTHDECIMAL_DST_SV1_MAP_DIR_RCH_TRG_RON_PXT_DMA_DVY_GEOFENCE: 15-20-MILE RADIUS AROUND RURAL STORES_Run of Network_Geo_F25-54_320 x 50_Click and View_NV_NA,204674556,9/28/2017,18200,523,17677,9471,8206,31,8175,7978,197,9502,9273,17251
TJN_HOM_030_HomeGoods 2H Digital_F18,NinthDecimal,PJQ7N8_TJN_HOM_030_Mobile_NINTHDECIMAL_DST_SV1_MAP_DIR_RCH_TRG_RON_BTG_PXT_DVY_LOCATION GRAPH: HOMEGOODS LOYALISTS_Run of Network_Behavioral_F25-54_320 x 50_Click and View_NV_NA,204675012,9/6/2017,194,0,194,104,90,3,87,81,6,107,100,181
TJN_HOM_030_HomeGoods 2H Digital_F18,xAd Inc.,PJQ7MN_TJN_HOM_030_Mobile_GROUND TRUTH FKA XAD_DST_SV1_MAP_DIR_DSP_TRG_RON_MKT_DMA_DVY_LOCATION - HOMEGOODS SHOPPERS - DYNAMIC DISTANCE_Run of Network_Geo_F25-54_320 x 50_Click and View_NV_NA,204651439,9/20/2017,9944,190,9754,7289,2465,1189,1276,1201,75,8478,7027,8228
TJN_HOM_030_HomeGoods 2H Digital_F18,xAd Inc.,PJQ7ML_TJN_HOM_030_Mobile_GROUND TRUTH FKA XAD_DST_SV1_MAP_DIR_DSP_TRG_RON_BTG_DMA_DVY_BEHAVIORAL - HOME SHOPPER - DYNAMIC DISTANCE_Run of Network_Behavioral_F25-54_320 x 50_Click and View_NV_NA,204626174,9/21/2017,16701,260,16441,12507,3934,1644,2290,2104,186,14151,11482,13586
TJN_HOM_030_HomeGoods 2H Digital_F18,NinthDecimal,PJQ7N7_TJN_HOM_030_Mobile_NINTHDECIMAL_DST_SV1_MAP_DIR_RCH_TRG_RON_PXT_DMA_DVY_GEOFENCE: 15-20-MILE RADIUS AROUND RURAL STORES_Run of Network_Geo_F25-54_320 x 50_Click and View_NV_NA,204674556,9/14/2017,10835,225,10610,4076,6534,36,6498,6374,124,4112,4034,10408
TJN_HOM_030_HomeGoods 2H Digital_F18,NinthDecimal,PJQ7ND_TJN_HOM_030_Mobile_NINTHDECIMAL_DST_SV1_MAP_DIR_RCH_TRG_RON_BTG_DMA_DVY_CONSUMER JOURNEY: HOUSEHOLD CEO_Run of Network_Behavioral_F25-54_320 x 50_Click and View_NV_NA,204626294,10/18/2017,9823,171,9652,4974,4678,31,4647,4515,132,5005,4863,9378
TJN_HOM_030_HomeGoods 2H Digital_F18,xAd Inc.,PJQ7MQ_TJN_HOM_030_Mobile_GROUND TRUTH FKA XAD_DST_SV1_MAP_DIR_DSP_TRG_RON_MKT_DMA_DVY_LOCATION - COMPETITOR SHOPPERS - DYNAMIC DISTANCE_Run of Network_Geo_F25-54_320 x 50_Click and View_NV_NA,204617210,10/10/2017,6744,36,6708,4453,2255,40,2215,1838,377,4493,3703,5541
TJN_HOM_025_HomeGoods Digital Video_Q4FY18,Tremor Video Inc.,PK1FYM_TJN_HOM_025_OLV_TREMOR NETWORK_AWR_BS1_DSK_DIR_VID_TRG_RON_BTG_CTG_DVY_ALL SCREEN PREROLL + SOCIAL AFFINITY TARGETING TO W25-54 HOME ENTHUSIASTS DESKTOP_Run of Network_Behavioral_F25-54_1280 x 720_Standard_NV_NA,205941870,10/10/2017,244662,210,244452,46034,198418,2183,196235,13888,182347,48217,3412,17300
TJN_HOM_030_HomeGoods 2H Digital_F18,NinthDecimal,PJQ7N7_TJN_HOM_030_Mobile_NINTHDECIMAL_DST_SV1_MAP_DIR_RCH_TRG_RON_PXT_DMA_DVY_GEOFENCE: 15-20-MILE RADIUS AROUND RURAL STORES_Run of Network_Geo_F25-54_320 x 50_Click and View_NV_NA,204674556,10/14/2017,8743,144,8599,5449,3150,277,2873,2793,80,5726,5567,8360
TJN_HOM_030_HomeGoods 2H Digital_F18,NinthDecimal,PJQ7NH_TJN_HOM_030_Mobile_NINTHDECIMAL_DST_SV1_MAP_DIR_RCH_TRG_RON_BTG_DMA_DVY_CONSUMER JOURNEY: PET SUPPLY SHOPPERS_Run of Network_Behavioral_F25-54_320 x 50_Click and View_NV_NA,204647914,10/10/2017,8123,61,8062,4489,3573,21,3552,3397,155,4510,4313,7710
TJN_HOM_030_HomeGoods 2H Digital_F18,NinthDecimal,"PJQ7NK_TJN_HOM_030_Mobile_NINTHDECIMAL_DST_SV1_MAP_DIR_RCH_TRG_RON_BTG_DMA_DVY_TV TARGETING: HGTV, DIY NETWORK, BRAVO, TLC, FOOD NETWORK_Run of Network_Behavioral_F25-54_320 x 50_Click and View_NV_NA",204674553,10/18/2017,9130,145,8985,4310,4675,48,4627,4461,166,4358,4202,8663
TJN_HOM_025_HomeGoods Digital Video_Q4FY18,Tremor Video Inc.,PK6DY1_TJN_HOM_025_OLV_TREMOR NETWORK_AWR_BS1_CTV_DIR_VID_TRG_RON_BTG_CTG_DVY_ALL SCREEN PREROLL + SOCIAL AFFINITY TARGETING TO W25-54 HOME ENTHUSIASTS CTV_Run of Network_Behavioral_F25-54_1280 x 720_Standard_NV_NA,205941318,10/10/2017,4292,3,4289,4289,0,0,0,0,0,4289,421,421
TJN_HOM_030_HomeGoods 2H Digital_F18,Nativo Inc.,PK87W8_TJN_HOM_030_Content_NATIVO FKA POST RLSE_DSI_BS2_MWB_DIR_NAD_ROT_RON_CTG_BTG_DVY_NATIVE DISPLAY UNIT FALL TRENDS_Run of Network_Contextual_F25-54_1 x 1_Click and View_NV_NA,206137761,10/19/2017,264640,11281,253359,4965,248394,25829,222565,81625,140940,30794,11294,92919
TJN_HOM_030_HomeGoods 2H Digital_F18,xAd Inc.,PJQ7MS_TJN_HOM_030_Mobile_GROUND TRUTH FKA XAD_DST_SV1_MAP_DIR_DSP_TRG_RON_DMA_PXT_DVY_AV DMA TARGETING_Run of Network_Geo_F25-54_300 x 250_Click and View_NV_NA,204646501,9/20/2017,7697,133,7564,2673,4891,3513,1378,1175,203,6186,5275,6450
TJN_HOM_030_HomeGoods 2H Digital_F18,NinthDecimal,PJQ7NH_TJN_HOM_030_Mobile_NINTHDECIMAL_DST_SV1_MAP_DIR_RCH_TRG_RON_BTG_DMA_DVY_CONSUMER JOURNEY: PET SUPPLY SHOPPERS_Run of Network_Behavioral_F25-54_320 x 50_Click and View_NV_NA,204647914,10/12/2017,9901,190,9711,4727,4984,29,4955,4740,215,4756,4550,9290
TJN_HOM_030_HomeGoods 2H Digital_F18,NinthDecimal,PJQ7N9_TJN_HOM_030_Mobile_NINTHDECIMAL_DST_SV1_MAP_DIR_RCH_TRG_RON_BTG_PXT_DVY_LOCATION GRAPH: TJX FAMILY LOYALISTS_Run of Network_Behavioral_F25-54_320 x 50_Click and View_NV_NA,204647917,10/13/2017,14080,248,13832,6494,7338,47,7291,7088,203,6541,6359,13447
TJN_HOM_030_HomeGoods 2H Digital_F18,xAd Inc.,PJQ7MH_TJN_HOM_030_Mobile_GROUND TRUTH FKA XAD_DST_SV1_MAP_DIR_DSP_TRG_RON_PXT_BTG_DVY_PROXIMITY LOYALTY - DYNAMIC DISTANCE_Run of Network_Geo_F25-54_300 x 250_Click and View_NV_NA,204675003,10/7/2017,37054,1484,35570,35532,38,4,34,1,33,35536,1045,1046
TJN_HOM_030_HomeGoods 2H Digital_F18,NinthDecimal,PJQ7N6_TJN_HOM_030_Mobile_NINTHDECIMAL_DST_SV1_MAP_DIR_RCH_TRG_RON_PXT_DMA_DVY_GEOFENCE: 5-10-MILE RADIUS AROUND SUBURBAN STORES_Run of Network_Geo_F25-54_320 x 50_Click and View_NV_NA,204646507,9/15/2017,10521,296,10225,4155,6070,22,6048,5910,138,4177,4082,9992
TJN_HOM_030_HomeGoods 2H Digital_F18,NinthDecimal,PJQ7N9_TJN_HOM_030_Mobile_NINTHDECIMAL_DST_SV1_MAP_DIR_RCH_TRG_RON_BTG_PXT_DVY_LOCATION GRAPH: TJX FAMILY LOYALISTS_Run of Network_Behavioral_F25-54_320 x 50_Click and View_NV_NA,204647917,9/13/2017,7915,97,7818,1656,6162,27,6135,5942,193,1683,1630,7572
TJN_HOM_030_HomeGoods 2H Digital_F18,xAd Inc.,PJQ7MQ_TJN_HOM_030_Mobile_GROUND TRUTH FKA XAD_DST_SV1_MAP_DIR_DSP_TRG_RON_MKT_DMA_DVY_LOCATION - COMPETITOR SHOPPERS - DYNAMIC DISTANCE_Run of Network_Geo_F25-54_320 x 50_Click and View_NV_NA,204617210,10/12/2017,9106,114,8992,5356,3636,386,3250,2770,480,5742,4795,7565
TJN_HOM_025_HomeGoods Digital Video_Q4FY18,Tremor Video Inc.,PK1FYM_TJN_HOM_025_OLV_TREMOR NETWORK_AWR_BS1_DSK_DIR_VID_TRG_RON_BTG_CTG_DVY_ALL SCREEN PREROLL + SOCIAL AFFINITY TARGETING TO W25-54 HOME ENTHUSIASTS DESKTOP_Run of Network_Behavioral_F25-54_1280 x 720_Standard_NV_NA,205941870,10/12/2017,278,0,278,273,5,0,5,5,0,273,273,278
TJN_HOM_030_HomeGoods 2H Digital_F18,NinthDecimal,PJQ7NJ_TJN_HOM_030_Mobile_NINTHDECIMAL_DST_SV1_MAP_DIR_RCH_TRG_RON_BTG_DMA_DVY_CONSUMER JOURNEY: BARGAIN HUNTERS_Run of Network_Behavioral_F25-54_320 x 50_Click and View_NV_NA,204644353,9/20/2017,7323,161,7162,2785,4377,29,4348,4224,124,2814,2734,6958
TJN_HOM_030_HomeGoods 2H Digital_F18,xAd Inc.,PJQ7MH_TJN_HOM_030_Mobile_GROUND TRUTH FKA XAD_DST_SV1_MAP_DIR_DSP_TRG_RON_PXT_BTG_DVY_PROXIMITY LOYALTY - DYNAMIC DISTANCE_Run of Network_Geo_F25-54_300 x 250_Click and View_NV_NA,204675003,9/8/2017,19980,321,19659,19616,43,1,42,37,5,19617,17282,17319
TJN_HOM_025_HomeGoods Digital Video_Q4FY18,Tremor Video Inc.,PK6DY1_TJN_HOM_025_OLV_TREMOR NETWORK_AWR_BS1_CTV_DIR_VID_TRG_RON_BTG_CTG_DVY_ALL SCREEN PREROLL + SOCIAL AFFINITY TARGETING TO W25-54 HOME ENTHUSIASTS CTV_Run of Network_Behavioral_F25-54_1280 x 720_Standard_NV_NA,205941318,10/12/2017,21209,0,21209,21209,0,0,0,0,0,21209,19391,19391
TJN_HOM_030_HomeGoods 2H Digital_F18,xAd Inc.,PJQ7ML_TJN_HOM_030_Mobile_GROUND TRUTH FKA XAD_DST_SV1_MAP_DIR_DSP_TRG_RON_BTG_DMA_DVY_BEHAVIORAL - HOME SHOPPER - DYNAMIC DISTANCE_Run of Network_Behavioral_F25-54_320 x 50_Click and View_NV_NA,204626174,9/27/2017,103942,2496,101446,67802,33644,2160,31484,23845,7639,69962,50423,74268
TJN_HOM_030_HomeGoods 2H Digital_F18,NinthDecimal,PJQ7N9_TJN_HOM_030_Mobile_NINTHDECIMAL_DST_SV1_MAP_DIR_RCH_TRG_RON_BTG_PXT_DVY_LOCATION GRAPH: TJX FAMILY LOYALISTS_Run of Network_Behavioral_F25-54_320 x 50_Click and View_NV_NA,204647917,9/19/2017,3382,79,3303,975,2328,12,2316,2234,82,987,952,3186
TJN_HOM_030_HomeGoods 2H Digital_F18,Nativo Inc.,PK87W8_TJN_HOM_030_Content_NATIVO FKA POST RLSE_DSI_BS2_MWB_DIR_NAD_ROT_RON_CTG_BTG_DVY_NATIVE DISPLAY UNIT FALL TRENDS_Run of Network_Contextual_F25-54_1 x 1_Click and View_NV_NA,206137761,10/1/2017,553761,27198,526563,2,526561,14973,511588,223632,287956,14975,6546,230178
TJN_HOM_030_HomeGoods 2H Digital_F18,NinthDecimal,PJQ7NC_TJN_HOM_030_Mobile_NINTHDECIMAL_DST_SV1_MAP_DIR_RCH_TRG_RON_BTG_DMA_DVY_CONSUMER JOURNEY: DIYERS_Run of Network_Behavioral_F25-54_320 x 50_Click and View_NV_NA,204675009,9/12/2017,14620,268,14352,5727,8625,57,8568,8295,273,5784,5600,13895
TJN_HOM_025_HomeGoods Digital Video_Q4FY18,Tremor Video Inc.,PK6DWD_TJN_HOM_025_OLV_TREMOR NETWORK_AWR_BS1_MAP_DIR_VID_TRG_RON_BTG_CTG_DVY_ALL SCREEN PREROLL + SOCIAL AFFINITY TARGETING TO W25-54 HOME ENTHUSIASTS MOB/TAB APP_Run of Network_Behavioral_F25-54_1280 x 720_Standard_NV_NA,205941321,10/4/2017,35686,388,35298,35266,32,18,14,6,8,35284,15122,15128
TJN_HOM_030_HomeGoods 2H Digital_F18,xAd Inc.,PJQ7MQ_TJN_HOM_030_Mobile_GROUND TRUTH FKA XAD_DST_SV1_MAP_DIR_DSP_TRG_RON_MKT_DMA_DVY_LOCATION - COMPETITOR SHOPPERS - DYNAMIC DISTANCE_Run of Network_Geo_F25-54_320 x 50_Click and View_NV_NA,204617210,9/4/2017,4,0,4,0,4,0,4,4,0,0,0,4
TJN_HOM_030_HomeGoods 2H Digital_F18,NinthDecimal,PJQ7NF_TJN_HOM_030_Mobile_NINTHDECIMAL_DST_SV1_MAP_DIR_RCH_TRG_RON_BTG_DMA_DVY_CONSUMER JOURNEY: HOME FURNISHINGS SHOPPERS_Run of Network_Behavioral_F25-54_320 x 50_Click and View_NV_NA,204626291,10/8/2017,8745,177,8568,5286,3282,19,3263,3137,126,5305,5100,8237
TJN_HOM_030_HomeGoods 2H Digital_F18,NinthDecimal,PJQ7N9_TJN_HOM_030_Mobile_NINTHDECIMAL_DST_SV1_MAP_DIR_RCH_TRG_RON_BTG_PXT_DVY_LOCATION GRAPH: TJX FAMILY LOYALISTS_Run of Network_Behavioral_F25-54_320 x 50_Click and View_NV_NA,204647917,9/16/2017,4780,81,4699,1343,3356,20,3336,3217,119,1363,1314,4531
TJN_HOM_030_HomeGoods 2H Digital_F18,NinthDecimal,PJQ7NB_TJN_HOM_030_Mobile_NINTHDECIMAL_DST_SV1_MAP_DIR_RCH_TRG_RON_BTG_PXT_DVY_LOCATION GRAPH: COMPETITIVE CONQUESTING_Run of Network_Behavioral_F25-54_320 x 50_Click and View_NV_NA,204649942,9/18/2017,6715,143,6572,2425,4147,22,4125,4003,122,2447,2375,6378
TJN_HOM_030_HomeGoods 2H Digital_F18,Nativo Inc.,PK87W8_TJN_HOM_030_Content_NATIVO FKA POST RLSE_DSI_BS2_MWB_DIR_NAD_ROT_RON_CTG_BTG_DVY_NATIVE DISPLAY UNIT FALL TRENDS_Run of Network_Contextual_F25-54_1 x 1_Click and View_NV_NA,206137761,10/2/2017,609922,52525,557397,0,557397,14803,542594,242355,300239,14803,6612,248967
TJN_HOM_030_HomeGoods 2H Digital_F18,NinthDecimal,PJQ7N5_TJN_HOM_030_Mobile_NINTHDECIMAL_DST_SV1_MAP_DIR_RCH_TRG_RON_PXT_DMA_DVY_GEOFENCE: 2-MILE RADIUS AROUND URBAN STORES_Run of Network_Geo_F25-54_320 x 50_Click and View_NV_NA,204649945,9/19/2017,10388,197,10191,4786,5405,34,5371,5178,193,4820,4647,9825
TJN_HOM_030_HomeGoods 2H Digital_F18,xAd Inc.,PJQ7MM_TJN_HOM_030_Mobile_GROUND TRUTH FKA XAD_DST_SV1_MAP_DIR_DSP_TRG_RON_BTG_DMA_DVY_BEHAVIORAL - HOME SHOPPER- DYNAMIC DISTANCE_Run of Network_Behavioral_F25-54_300 x 250_Click and View_NV_NA,204626171,9/18/2017,5568,250,5318,5314,4,0,4,1,3,5314,1329,1330
TJN_HOM_030_HomeGoods 2H Digital_F18,xAd Inc.,PJQ7MG_TJN_HOM_030_Mobile_GROUND TRUTH FKA XAD_DST_SV1_MAP_DIR_DSP_TRG_RON_PXT_BTG_DVY_PROXIMITY LOYALTY - DYNAMIC DISTANCE_Run of Network_Geo_F25-54_320 x 50_Click and View_NV_NA,204626813,9/19/2017,37768,1000,36768,21355,15413,4257,11156,9302,1854,25612,17556,26858
TJN_HOM_030_HomeGoods 2H Digital_F18,NinthDecimal,PJQ7N5_TJN_HOM_030_Mobile_NINTHDECIMAL_DST_SV1_MAP_DIR_RCH_TRG_RON_PXT_DMA_DVY_GEOFENCE: 2-MILE RADIUS AROUND URBAN STORES_Run of Network_Geo_F25-54_320 x 50_Click and View_NV_NA,204649945,10/13/2017,7884,236,7648,4292,3356,31,3325,3173,152,4323,4125,7298
TJN_HOM_030_HomeGoods 2H Digital_F18,Nativo Inc.,PK87W8_TJN_HOM_030_Content_NATIVO FKA POST RLSE_DSI_BS2_MWB_DIR_NAD_ROT_RON_CTG_BTG_DVY_NATIVE DISPLAY UNIT FALL TRENDS_Run of Network_Contextual_F25-54_1 x 1_Click and View_NV_NA,206137761,10/3/2017,238588,18414,220174,206,219968,8235,211733,87338,124395,8441,3482,90820
TJN_HOM_030_HomeGoods 2H Digital_F18,NinthDecimal,"PJQ7NK_TJN_HOM_030_Mobile_NINTHDECIMAL_DST_SV1_MAP_DIR_RCH_TRG_RON_BTG_DMA_DVY_TV TARGETING: HGTV, DIY NETWORK, BRAVO, TLC, FOOD NETWORK_Run of Network_Behavioral_F25-54_320 x 50_Click and View_NV_NA",204674553,9/20/2017,4718,94,4624,1534,3090,22,3068,2969,99,1556,1506,4475
TJN_HOM_030_HomeGoods 2H Digital_F18,NinthDecimal,PJQ7N5_TJN_HOM_030_Mobile_NINTHDECIMAL_DST_SV1_MAP_DIR_RCH_TRG_RON_PXT_DMA_DVY_GEOFENCE: 2-MILE RADIUS AROUND URBAN STORES_Run of Network_Geo_F25-54_320 x 50_Click and View_NV_NA,204649945,9/13/2017,7295,208,7087,3029,4058,19,4039,3908,131,3048,2949,6857
TJN_HOM_030_HomeGoods 2H Digital_F18,xAd Inc.,PJQ7MG_TJN_HOM_030_Mobile_GROUND TRUTH FKA XAD_DST_SV1_MAP_DIR_DSP_TRG_RON_PXT_BTG_DVY_PROXIMITY LOYALTY - DYNAMIC DISTANCE_Run of Network_Geo_F25-54_320 x 50_Click and View_NV_NA,204626813,9/13/2017,39395,808,38587,29412,9175,834,8341,7109,1232,30246,13143,20252
TJN_HOM_030_HomeGoods 2H Digital_F18,NinthDecimal,PJQ7ND_TJN_HOM_030_Mobile_NINTHDECIMAL_DST_SV1_MAP_DIR_RCH_TRG_RON_BTG_DMA_DVY_CONSUMER JOURNEY: HOUSEHOLD CEO_Run of Network_Behavioral_F25-54_320 x 50_Click and View_NV_NA,204626294,9/20/2017,7703,180,7523,2631,4892,14,4878,4783,95,2645,2593,7376
TJN_HOM_030_HomeGoods 2H Digital_F18,xAd Inc.,PJQ7MG_TJN_HOM_030_Mobile_GROUND TRUTH FKA XAD_DST_SV1_MAP_DIR_DSP_TRG_RON_PXT_BTG_DVY_PROXIMITY LOYALTY - DYNAMIC DISTANCE_Run of Network_Geo_F25-54_320 x 50_Click and View_NV_NA,204626813,10/13/2017,68938,2462,66476,60825,5651,1710,3941,3409,532,62535,52273,55682
TJN_HOM_030_HomeGoods 2H Digital_F18,xAd Inc.,PJQ7MG_TJN_HOM_030_Mobile_GROUND TRUTH FKA XAD_DST_SV1_MAP_DIR_DSP_TRG_RON_PXT_BTG_DVY_PROXIMITY LOYALTY - DYNAMIC DISTANCE_Run of Network_Geo_F25-54_320 x 50_Click and View_NV_NA,204626813,9/16/2017,34468,692,33776,23929,9847,4604,5243,4260,983,28533,18565,22825
TJN_HOM_025_HomeGoods Digital Video_Q4FY18,Tremor Video Inc.,PK6F30_TJN_HOM_025_OLV_TREMOR NETWORK_AWR_BS1_CTV_DIR_VID_TRG_RON_PXT_CTG_DVY_ALL SCREEN PREROLL + PROXIMITYPLUS DWELL TIME TARGETING TO HOMEGOODS VISITORS CTV_Run of Network_Behavioral_F25-54_1280 x 720_Standard_NV_NA,205942131,10/13/2017,32493,0,32493,32493,0,0,0,0,0,32493,0,0
TJN_HOM_030_HomeGoods 2H Digital_F18,xAd Inc.,PJQ7MP_TJN_HOM_030_Mobile_GROUND TRUTH FKA XAD_DST_SV1_MAP_DIR_DSP_TRG_RON_MKT_DMA_DVY_LOCATION - HOMEGOODS SHOPPERS - DYNAMIC DISTANCE_Run of Network_Geo_F25-54_300 x 250_Click and View_NV_NA,204647878,10/16/2017,7016,100,6916,6916,0,0,0,0,0,6916,6404,6404
TJN_HOM_030_HomeGoods 2H Digital_F18,NinthDecimal,PJQ7N5_TJN_HOM_030_Mobile_NINTHDECIMAL_DST_SV1_MAP_DIR_RCH_TRG_RON_PXT_DMA_DVY_GEOFENCE: 2-MILE RADIUS AROUND URBAN STORES_Run of Network_Geo_F25-54_320 x 50_Click and View_NV_NA,204649945,9/16/2017,5542,122,5420,2386,3034,27,3007,2906,101,2413,2332,5238
TJN_HOM_025_HomeGoods Digital Video_Q4FY18,Tremor Video Inc.,PK6DWD_TJN_HOM_025_OLV_TREMOR NETWORK_AWR_BS1_MAP_DIR_VID_TRG_RON_BTG_CTG_DVY_ALL SCREEN PREROLL + SOCIAL AFFINITY TARGETING TO W25-54 HOME ENTHUSIASTS MOB/TAB APP_Run of Network_Behavioral_F25-54_1280 x 720_Standard_NV_NA,205941321,10/21/2017,171691,3190,168501,163915,4586,257,4329,58,4271,164172,2200,2258
TJN_HOM_030_HomeGoods 2H Digital_F18,xAd Inc.,PJQ7MN_TJN_HOM_030_Mobile_GROUND TRUTH FKA XAD_DST_SV1_MAP_DIR_DSP_TRG_RON_MKT_DMA_DVY_LOCATION - HOMEGOODS SHOPPERS - DYNAMIC DISTANCE_Run of Network_Geo_F25-54_320 x 50_Click and View_NV_NA,204651439,10/18/2017,6024,37,5987,5393,594,13,581,456,125,5406,3774,4230
TJN_HOM_030_HomeGoods 2H Digital_F18,NinthDecimal,PJQ7N7_TJN_HOM_030_Mobile_NINTHDECIMAL_DST_SV1_MAP_DIR_RCH_TRG_RON_PXT_DMA_DVY_GEOFENCE: 15-20-MILE RADIUS AROUND RURAL STORES_Run of Network_Geo_F25-54_320 x 50_Click and View_NV_NA,204674556,10/20/2017,7691,141,7550,4430,3120,98,3022,2960,62,4528,4435,7395
TJN_HOM_030_HomeGoods 2H Digital_F18,xAd Inc.,PJQ7MJ_TJN_HOM_030_Mobile_GROUND TRUTH FKA XAD_DST_SV1_MAP_DIR_DSP_TRG_RON_PXT_BTG_DVY_PROXIMITY LOYALTY - STORE LOCATOR UNIT_Run of Network_Geo_F25-54_320 x 50_Click and View_NV_NA,204649939,10/10/2017,14282,409,13873,5471,8402,57,8345,7851,494,5528,5201,13052
TJN_HOM_030_HomeGoods 2H Digital_F18,Nativo Inc.,PJQDHJ_TJN_HOM_030_Content_NATIVO FKA POST RLSE_DSI_BS2_MWB_DIR_NAD_ROT_RON_CTG_BTG_DVY_NATIVE DISPLAY UNIT FALLIDAYS_Run of Network_Contextual_F25-54_1 x 1_Click and View_NV_NA,206024352,10/10/2017,562607,23019,539588,2487,537101,33518,503583,178458,325125,36005,12759,191217
TJN_HOM_030_HomeGoods 2H Digital_F18,NinthDecimal,PJQ7N8_TJN_HOM_030_Mobile_NINTHDECIMAL_DST_SV1_MAP_DIR_RCH_TRG_RON_BTG_PXT_DVY_LOCATION GRAPH: HOMEGOODS LOYALISTS_Run of Network_Behavioral_F25-54_320 x 50_Click and View_NV_NA,204675012,9/7/2017,202,4,198,111,87,2,85,80,5,113,106,186
TJN_HOM_030_HomeGoods 2H Digital_F18,xAd Inc.,PJQ7MG_TJN_HOM_030_Mobile_GROUND TRUTH FKA XAD_DST_SV1_MAP_DIR_DSP_TRG_RON_PXT_BTG_DVY_PROXIMITY LOYALTY - DYNAMIC DISTANCE_Run of Network_Geo_F25-54_320 x 50_Click and View_NV_NA,204626813,9/10/2017,39068,694,38374,27345,11029,1814,9215,7911,1304,29159,20613,28524
TJN_HOM_030_HomeGoods 2H Digital_F18,NinthDecimal,PJQ7N5_TJN_HOM_030_Mobile_NINTHDECIMAL_DST_SV1_MAP_DIR_RCH_TRG_RON_PXT_DMA_DVY_GEOFENCE: 2-MILE RADIUS AROUND URBAN STORES_Run of Network_Geo_F25-54_320 x 50_Click and View_NV_NA,204649945,9/10/2017,6318,166,6152,3191,2961,51,2910,2810,100,3242,3131,5941
TJN_HOM_030_HomeGoods 2H Digital_F18,xAd Inc.,PJQ7MK_TJN_HOM_030_Mobile_GROUND TRUTH FKA XAD_DST_SV1_MAP_DIR_DSP_TRG_RON_PXT_BTG_DVY_PROXIMITY LOYALTY - STORE LOCATOR UNIT_Run of Network_Geo_F25-54_300 x 250_Click and View_NV_NA,204625442,10/20/2017,5090,76,5014,55,4959,6,4953,4740,213,61,58,4798
TJN_HOM_025_HomeGoods Digital Video_Q4FY18,Tremor Video Inc.,PK6F30_TJN_HOM_025_OLV_TREMOR NETWORK_AWR_BS1_CTV_DIR_VID_TRG_RON_PXT_CTG_DVY_ALL SCREEN PREROLL + PROXIMITYPLUS DWELL TIME TARGETING TO HOMEGOODS VISITORS CTV_Run of Network_Behavioral_F25-54_1280 x 720_Standard_NV_NA,205942131,9/29/2017,1,0,1,1,0,0,0,0,0,1,1,1
TJN_HOM_030_HomeGoods 2H Digital_F18,NinthDecimal,PJQ7NH_TJN_HOM_030_Mobile_NINTHDECIMAL_DST_SV1_MAP_DIR_RCH_TRG_RON_BTG_DMA_DVY_CONSUMER JOURNEY: PET SUPPLY SHOPPERS_Run of Network_Behavioral_F25-54_320 x 50_Click and View_NV_NA,204647914,9/18/2017,9107,190,8917,2851,6066,40,6026,5845,181,2891,2804,8649
TJN_HOM_030_HomeGoods 2H Digital_F18,NinthDecimal,PJQ7N6_TJN_HOM_030_Mobile_NINTHDECIMAL_DST_SV1_MAP_DIR_RCH_TRG_RON_PXT_DMA_DVY_GEOFENCE: 5-10-MILE RADIUS AROUND SUBURBAN STORES_Run of Network_Geo_F25-54_320 x 50_Click and View_NV_NA,204646507,9/14/2017,11126,302,10824,3965,6859,41,6818,6661,157,4006,3914,10575
TJN_HOM_025_HomeGoods Digital Video_Q4FY18,Tremor Video Inc.,PK1FYN_TJN_HOM_025_OLV_TREMOR NETWORK_AWR_BS1_DSK_DIR_VID_TRG_RON_PXT_CTG_DVY_ALL SCREEN PREROLL + PROXIMITYPLUS DWELL TIME TARGETING TO HOMEGOODS VISITORS DESKTOP_Run of Network_Behavioral_F25-54_1280 x 720_Standard_NV_NA,205941312,9/28/2017,1,0,1,1,0,0,0,0,0,1,1,1
TJN_HOM_030_HomeGoods 2H Digital_F18,xAd Inc.,PJQ7MQ_TJN_HOM_030_Mobile_GROUND TRUTH FKA XAD_DST_SV1_MAP_DIR_DSP_TRG_RON_MKT_DMA_DVY_LOCATION - COMPETITOR SHOPPERS - DYNAMIC DISTANCE_Run of Network_Geo_F25-54_320 x 50_Click and View_NV_NA,204617210,9/18/2017,12502,184,12318,8911,3407,1111,2296,2104,192,10022,8592,10696
TJN_HOM_030_HomeGoods 2H Digital_F18,NinthDecimal,PJQ7N6_TJN_HOM_030_Mobile_NINTHDECIMAL_DST_SV1_MAP_DIR_RCH_TRG_RON_PXT_DMA_DVY_GEOFENCE: 5-10-MILE RADIUS AROUND SUBURBAN STORES_Run of Network_Geo_F25-54_320 x 50_Click and View_NV_NA,204646507,10/14/2017,8603,173,8430,5502,2928,31,2897,2810,87,5533,5367,8177
TJN_HOM_030_HomeGoods 2H Digital_F18,NinthDecimal,PJQ7N5_TJN_HOM_030_Mobile_NINTHDECIMAL_DST_SV1_MAP_DIR_RCH_TRG_RON_PXT_DMA_DVY_GEOFENCE: 2-MILE RADIUS AROUND URBAN STORES_Run of Network_Geo_F25-54_320 x 50_Click and View_NV_NA,204649945,9/29/2017,23495,529,22966,9466,13500,69,13431,13019,412,9535,9243,22262
TJN_HOM_030_HomeGoods 2H Digital_F18,NinthDecimal,PJQ7NB_TJN_HOM_030_Mobile_NINTHDECIMAL_DST_SV1_MAP_DIR_RCH_TRG_RON_BTG_PXT_DVY_LOCATION GRAPH: COMPETITIVE CONQUESTING_Run of Network_Behavioral_F25-54_320 x 50_Click and View_NV_NA,204649942,10/12/2017,9237,120,9117,5265,3852,22,3830,3733,97,5287,5153,8886
TJN_HOM_030_HomeGoods 2H Digital_F18,NinthDecimal,PJQ7NC_TJN_HOM_030_Mobile_NINTHDECIMAL_DST_SV1_MAP_DIR_RCH_TRG_RON_BTG_DMA_DVY_CONSUMER JOURNEY: DIYERS_Run of Network_Behavioral_F25-54_320 x 50_Click and View_NV_NA,204675009,10/18/2017,9142,149,8993,4986,4007,18,3989,3878,111,5004,4865,8743
TJN_HOM_030_HomeGoods 2H Digital_F18,xAd Inc.,PJQ7MG_TJN_HOM_030_Mobile_GROUND TRUTH FKA XAD_DST_SV1_MAP_DIR_DSP_TRG_RON_PXT_BTG_DVY_PROXIMITY LOYALTY - DYNAMIC DISTANCE_Run of Network_Geo_F25-54_320 x 50_Click and View_NV_NA,204626813,9/29/2017,22238,746,21492,17846,3646,182,3464,2613,851,18028,12628,15241
TJN_HOM_030_HomeGoods 2H Digital_F18,xAd Inc.,PJQ7ML_TJN_HOM_030_Mobile_GROUND TRUTH FKA XAD_DST_SV1_MAP_DIR_DSP_TRG_RON_BTG_DMA_DVY_BEHAVIORAL - HOME SHOPPER - DYNAMIC DISTANCE_Run of Network_Behavioral_F25-54_320 x 50_Click and View_NV_NA,204626174,10/3/2017,4,1,3,2,1,1,0,0,0,3,2,2
TJN_HOM_030_HomeGoods 2H Digital_F18,NinthDecimal,PJQ7N6_TJN_HOM_030_Mobile_NINTHDECIMAL_DST_SV1_MAP_DIR_RCH_TRG_RON_PXT_DMA_DVY_GEOFENCE: 5-10-MILE RADIUS AROUND SUBURBAN STORES_Run of Network_Geo_F25-54_320 x 50_Click and View_NV_NA,204646507,9/28/2017,17815,527,17288,9394,7894,38,7856,7657,199,9432,9193,16850
TJN_HOM_025_HomeGoods Digital Video_Q4FY18,Tremor Video Inc.,PK1FYN_TJN_HOM_025_OLV_TREMOR NETWORK_AWR_BS1_DSK_DIR_VID_TRG_RON_PXT_CTG_DVY_ALL SCREEN PREROLL + PROXIMITYPLUS DWELL TIME TARGETING TO HOMEGOODS VISITORS DESKTOP_Run of Network_Behavioral_F25-54_1280 x 720_Standard_NV_NA,205941312,10/14/2017,105375,177,105198,24259,80939,2636,78303,48800,29503,26895,16762,65562
TJN_HOM_030_HomeGoods 2H Digital_F18,xAd Inc.,PJQ7ML_TJN_HOM_030_Mobile_GROUND TRUTH FKA XAD_DST_SV1_MAP_DIR_DSP_TRG_RON_BTG_DMA_DVY_BEHAVIORAL - HOME SHOPPER - DYNAMIC DISTANCE_Run of Network_Behavioral_F25-54_320 x 50_Click and View_NV_NA,204626174,10/1/2017,3,0,3,2,1,1,0,0,0,3,2,2
TJN_HOM_030_HomeGoods 2H Digital_F18,NinthDecimal,PJQ7NG_TJN_HOM_030_Mobile_NINTHDECIMAL_DST_SV1_MAP_DIR_RCH_TRG_RON_BTG_DMA_DVY_CONSUMER JOURNEY: NEW HOME BUYERS & MOVERS_Run of Network_Behavioral_F25-54_320 x 50_Click and View_NV_NA,204625835,10/7/2017,10654,184,10470,6479,3991,43,3948,3823,125,6522,6316,10139
TJN_HOM_030_HomeGoods 2H Digital_F18,NinthDecimal,PJQ7N9_TJN_HOM_030_Mobile_NINTHDECIMAL_DST_SV1_MAP_DIR_RCH_TRG_RON_BTG_PXT_DVY_LOCATION GRAPH: TJX FAMILY LOYALISTS_Run of Network_Behavioral_F25-54_320 x 50_Click and View_NV_NA,204647917,9/10/2017,2035,21,2014,1029,985,3,982,949,33,1032,997,1946
TJN_HOM_030_HomeGoods 2H Digital_F18,NinthDecimal,PJQ7NG_TJN_HOM_030_Mobile_NINTHDECIMAL_DST_SV1_MAP_DIR_RCH_TRG_RON_BTG_DMA_DVY_CONSUMER JOURNEY: NEW HOME BUYERS & MOVERS_Run of Network_Behavioral_F25-54_320 x 50_Click and View_NV_NA,204625835,9/8/2017,6783,135,6648,3217,3431,24,3407,3306,101,3241,3145,6451
TJN_HOM_030_HomeGoods 2H Digital_F18,xAd Inc.,PJQ7MM_TJN_HOM_030_Mobile_GROUND TRUTH FKA XAD_DST_SV1_MAP_DIR_DSP_TRG_RON_BTG_DMA_DVY_BEHAVIORAL - HOME SHOPPER- DYNAMIC DISTANCE_Run of Network_Behavioral_F25-54_300 x 250_Click and View_NV_NA,204626171,10/12/2017,7545,587,6958,6958,0,0,0,0,0,6958,0,0
TJN_HOM_030_HomeGoods 2H Digital_F18,xAd Inc.,PJQ7MP_TJN_HOM_030_Mobile_GROUND TRUTH FKA XAD_DST_SV1_MAP_DIR_DSP_TRG_RON_MKT_DMA_DVY_LOCATION - HOMEGOODS SHOPPERS - DYNAMIC DISTANCE_Run of Network_Geo_F25-54_300 x 250_Click and View_NV_NA,204647878,10/15/2017,7663,167,7496,7472,24,0,24,24,0,7472,7451,7475
TJN_HOM_030_HomeGoods 2H Digital_F18,xAd Inc.,PJQ7ML_TJN_HOM_030_Mobile_GROUND TRUTH FKA XAD_DST_SV1_MAP_DIR_DSP_TRG_RON_BTG_DMA_DVY_BEHAVIORAL - HOME SHOPPER - DYNAMIC DISTANCE_Run of Network_Behavioral_F25-54_320 x 50_Click and View_NV_NA,204626174,10/2/2017,6,1,5,3,2,1,1,1,0,4,4,5
TJN_HOM_030_HomeGoods 2H Digital_F18,xAd Inc.,PJQ7ML_TJN_HOM_030_Mobile_GROUND TRUTH FKA XAD_DST_SV1_MAP_DIR_DSP_TRG_RON_BTG_DMA_DVY_BEHAVIORAL - HOME SHOPPER - DYNAMIC DISTANCE_Run of Network_Behavioral_F25-54_320 x 50_Click and View_NV_NA,204626174,9/23/2017,14253,274,13979,12136,1843,532,1311,1189,122,12668,10530,11719
TJN_HOM_030_HomeGoods 2H Digital_F18,xAd Inc.,PJQ7MR_TJN_HOM_030_Mobile_GROUND TRUTH FKA XAD_DST_SV1_MAP_DIR_DSP_TRG_RON_MKT_DMA_DVY_LOCATION - COMPETITOR SHOPPERS - DYNAMIC DISTANCE_Run of Network_Geo_F25-54_300 x 250_Click and View_NV_NA,204647890,10/8/2017,7855,321,7534,7533,1,0,1,0,1,7533,0,0
TJN_HOM_030_HomeGoods 2H Digital_F18,NinthDecimal,PJQ7N6_TJN_HOM_030_Mobile_NINTHDECIMAL_DST_SV1_MAP_DIR_RCH_TRG_RON_PXT_DMA_DVY_GEOFENCE: 5-10-MILE RADIUS AROUND SUBURBAN STORES_Run of Network_Geo_F25-54_320 x 50_Click and View_NV_NA,204646507,9/5/2017,7304,263,7041,3948,3093,23,3070,3011,59,3971,3895,6906
TJN_HOM_030_HomeGoods 2H Digital_F18,xAd Inc.,PJQ7MM_TJN_HOM_030_Mobile_GROUND TRUTH FKA XAD_DST_SV1_MAP_DIR_DSP_TRG_RON_BTG_DMA_DVY_BEHAVIORAL - HOME SHOPPER- DYNAMIC DISTANCE_Run of Network_Behavioral_F25-54_300 x 250_Click and View_NV_NA,204626171,9/4/2017,5,0,5,0,5,0,5,5,0,0,0,5
TJN_HOM_030_HomeGoods 2H Digital_F18,xAd Inc.,PJQ7MN_TJN_HOM_030_Mobile_GROUND TRUTH FKA XAD_DST_SV1_MAP_DIR_DSP_TRG_RON_MKT_DMA_DVY_LOCATION - HOMEGOODS SHOPPERS - DYNAMIC DISTANCE_Run of Network_Geo_F25-54_320 x 50_Click and View_NV_NA,204651439,9/12/2017,9739,148,9591,8092,1499,228,1271,1169,102,8320,5794,6963
TJN_HOM_030_HomeGoods 2H Digital_F18,NinthDecimal,PJQ7N9_TJN_HOM_030_Mobile_NINTHDECIMAL_DST_SV1_MAP_DIR_RCH_TRG_RON_BTG_PXT_DVY_LOCATION GRAPH: TJX FAMILY LOYALISTS_Run of Network_Behavioral_F25-54_320 x 50_Click and View_NV_NA,204647917,9/29/2017,5814,169,5645,3929,1716,19,1697,1540,157,3948,3583,5123
TJN_HOM_030_HomeGoods 2H Digital_F18,NinthDecimal,PJQ7N6_TJN_HOM_030_Mobile_NINTHDECIMAL_DST_SV1_MAP_DIR_RCH_TRG_RON_PXT_DMA_DVY_GEOFENCE: 5-10-MILE RADIUS AROUND SUBURBAN STORES_Run of Network_Geo_F25-54_320 x 50_Click and View_NV_NA,204646507,10/20/2017,8202,218,7984,5141,2843,16,2827,2758,69,5157,5031,7789
TJN_HOM_025_HomeGoods Digital Video_Q4FY18,Tremor Video Inc.,PK6F30_TJN_HOM_025_OLV_TREMOR NETWORK_AWR_BS1_CTV_DIR_VID_TRG_RON_PXT_CTG_DVY_ALL SCREEN PREROLL + PROXIMITYPLUS DWELL TIME TARGETING TO HOMEGOODS VISITORS CTV_Run of Network_Behavioral_F25-54_1280 x 720_Standard_NV_NA,205942131,10/5/2017,6156,12,6144,6144,0,0,0,0,0,6144,0,0
TJN_HOM_030_HomeGoods 2H Digital_F18,xAd Inc.,PJQ7MJ_TJN_HOM_030_Mobile_GROUND TRUTH FKA XAD_DST_SV1_MAP_DIR_DSP_TRG_RON_PXT_BTG_DVY_PROXIMITY LOYALTY - STORE LOCATOR UNIT_Run of Network_Geo_F25-54_320 x 50_Click and View_NV_NA,204649939,9/18/2017,18696,463,18233,10319,7914,107,7807,7321,486,10426,9777,17098
TJN_HOM_030_HomeGoods 2H Digital_F18,NinthDecimal,PJQ7N8_TJN_HOM_030_Mobile_NINTHDECIMAL_DST_SV1_MAP_DIR_RCH_TRG_RON_BTG_PXT_DVY_LOCATION GRAPH: HOMEGOODS LOYALISTS_Run of Network_Behavioral_F25-54_320 x 50_Click and View_NV_NA,204675012,10/21/2017,12697,201,12496,4013,8483,54,8429,8137,292,4067,3926,12063
TJN_HOM_030_HomeGoods 2H Digital_F18,xAd Inc.,PJQ7MK_TJN_HOM_030_Mobile_GROUND TRUTH FKA XAD_DST_SV1_MAP_DIR_DSP_TRG_RON_PXT_BTG_DVY_PROXIMITY LOYALTY - STORE LOCATOR UNIT_Run of Network_Geo_F25-54_300 x 250_Click and View_NV_NA,204625442,9/14/2017,2604,50,2554,1070,1484,174,1310,1178,132,1244,1119,2297
TJN_HOM_030_HomeGoods 2H Digital_F18,NinthDecimal,PJQ7N8_TJN_HOM_030_Mobile_NINTHDECIMAL_DST_SV1_MAP_DIR_RCH_TRG_RON_BTG_PXT_DVY_LOCATION GRAPH: HOMEGOODS LOYALISTS_Run of Network_Behavioral_F25-54_320 x 50_Click and View_NV_NA,204675012,9/9/2017,4214,57,4157,1014,3143,8,3135,3038,97,1022,990,4028
TJN_HOM_030_HomeGoods 2H Digital_F18,xAd Inc.,PJQ7MK_TJN_HOM_030_Mobile_GROUND TRUTH FKA XAD_DST_SV1_MAP_DIR_DSP_TRG_RON_PXT_BTG_DVY_PROXIMITY LOYALTY - STORE LOCATOR UNIT_Run of Network_Geo_F25-54_300 x 250_Click and View_NV_NA,204625442,10/14/2017,3350,34,3316,91,3225,13,3212,2954,258,104,96,3050
TJN_HOM_030_HomeGoods 2H Digital_F18,NinthDecimal,PJQ7N5_TJN_HOM_030_Mobile_NINTHDECIMAL_DST_SV1_MAP_DIR_RCH_TRG_RON_PXT_DMA_DVY_GEOFENCE: 2-MILE RADIUS AROUND URBAN STORES_Run of Network_Geo_F25-54_320 x 50_Click and View_NV_NA,204649945,10/17/2017,8054,264,7790,4031,3759,31,3728,3598,130,4062,3920,7518
TJN_HOM_030_HomeGoods 2H Digital_F18,xAd Inc.,PJQ7ML_TJN_HOM_030_Mobile_GROUND TRUTH FKA XAD_DST_SV1_MAP_DIR_DSP_TRG_RON_BTG_DMA_DVY_BEHAVIORAL - HOME SHOPPER - DYNAMIC DISTANCE_Run of Network_Behavioral_F25-54_320 x 50_Click and View_NV_NA,204626174,10/19/2017,8135,68,8067,7021,1046,7,1039,910,129,7028,5464,6374
TJN_HOM_030_HomeGoods 2H Digital_F18,xAd Inc.,PJQ7MG_TJN_HOM_030_Mobile_GROUND TRUTH FKA XAD_DST_SV1_MAP_DIR_DSP_TRG_RON_PXT_BTG_DVY_PROXIMITY LOYALTY - DYNAMIC DISTANCE_Run of Network_Geo_F25-54_320 x 50_Click and View_NV_NA,204626813,10/17/2017,59218,1206,58012,53500,4512,355,4157,3469,688,53855,43770,47239
TJN_HOM_030_HomeGoods 2H Digital_F18,NinthDecimal,PJQ7NC_TJN_HOM_030_Mobile_NINTHDECIMAL_DST_SV1_MAP_DIR_RCH_TRG_RON_BTG_DMA_DVY_CONSUMER JOURNEY: DIYERS_Run of Network_Behavioral_F25-54_320 x 50_Click and View_NV_NA,204675009,9/20/2017,8150,147,8003,3387,4616,31,4585,4449,136,3418,3317,7766
TJN_HOM_025_HomeGoods Digital Video_Q4FY18,Tremor Video Inc.,PK6DYV_TJN_HOM_025_OLV_TREMOR NETWORK_AWR_BS1_MAP_DIR_VID_TRG_RON_PXT_CTG_DVY_ALL SCREEN PREROLL + PROXIMITYPLUS DWELL TIME TARGETING TO HOMEGOODS VISITORS MOB/TAB APP_Run of Network_Behavioral_F25-54_1280 x 720_Standard_NV_NA,205859075,10/18/2017,96337,891,95446,95152,294,241,53,52,1,95393,93593,93645
TJN_HOM_025_HomeGoods Digital Video_Q4FY18,Tremor Video Inc.,PK6F30_TJN_HOM_025_OLV_TREMOR NETWORK_AWR_BS1_CTV_DIR_VID_TRG_RON_PXT_CTG_DVY_ALL SCREEN PREROLL + PROXIMITYPLUS DWELL TIME TARGETING TO HOMEGOODS VISITORS CTV_Run of Network_Behavioral_F25-54_1280 x 720_Standard_NV_NA,205942131,10/17/2017,37406,0,37406,37406,0,0,0,0,0,37406,0,0
TJN_HOM_030_HomeGoods 2H Digital_F18,xAd Inc.,PJQ7ML_TJN_HOM_030_Mobile_GROUND TRUTH FKA XAD_DST_SV1_MAP_DIR_DSP_TRG_RON_BTG_DMA_DVY_BEHAVIORAL - HOME SHOPPER - DYNAMIC DISTANCE_Run of Network_Behavioral_F25-54_320 x 50_Click and View_NV_NA,204626174,9/11/2017,16871,199,16672,9447,7225,2380,4845,3772,1073,11827,8330,12102
TJN_HOM_025_HomeGoods Digital Video_Q4FY18,Tremor Video Inc.,PK1FYN_TJN_HOM_025_OLV_TREMOR NETWORK_AWR_BS1_DSK_DIR_VID_TRG_RON_PXT_CTG_DVY_ALL SCREEN PREROLL + PROXIMITYPLUS DWELL TIME TARGETING TO HOMEGOODS VISITORS DESKTOP_Run of Network_Behavioral_F25-54_1280 x 720_Standard_NV_NA,205941312,10/20/2017,12688,230,12458,3397,9061,121,8940,7728,1212,3518,3041,10769
TJN_HOM_030_HomeGoods 2H Digital_F18,xAd Inc.,PJQ7MK_TJN_HOM_030_Mobile_GROUND TRUTH FKA XAD_DST_SV1_MAP_DIR_DSP_TRG_RON_PXT_BTG_DVY_PROXIMITY LOYALTY - STORE LOCATOR UNIT_Run of Network_Geo_F25-54_300 x 250_Click and View_NV_NA,204625442,9/28/2017,37414,550,36864,18322,18542,283,18259,14843,3416,18605,15124,29967
TJN_HOM_030_HomeGoods 2H Digital_F18,NinthDecimal,PJQ7NJ_TJN_HOM_030_Mobile_NINTHDECIMAL_DST_SV1_MAP_DIR_RCH_TRG_RON_BTG_DMA_DVY_CONSUMER JOURNEY: BARGAIN HUNTERS_Run of Network_Behavioral_F25-54_320 x 50_Click and View_NV_NA,204644353,9/12/2017,15847,270,15577,7600,7977,48,7929,7728,201,7648,7454,15182
TJN_HOM_030_HomeGoods 2H Digital_F18,xAd Inc.,PJQ7MP_TJN_HOM_030_Mobile_GROUND TRUTH FKA XAD_DST_SV1_MAP_DIR_DSP_TRG_RON_MKT_DMA_DVY_LOCATION - HOMEGOODS SHOPPERS - DYNAMIC DISTANCE_Run of Network_Geo_F25-54_300 x 250_Click and View_NV_NA,204647878,9/25/2017,3657,387,3270,3258,12,1,11,10,1,3259,2961,2971
TJN_HOM_030_HomeGoods 2H Digital_F18,NinthDecimal,PJQ7N5_TJN_HOM_030_Mobile_NINTHDECIMAL_DST_SV1_MAP_DIR_RCH_TRG_RON_PXT_DMA_DVY_GEOFENCE: 2-MILE RADIUS AROUND URBAN STORES_Run of Network_Geo_F25-54_320 x 50_Click and View_NV_NA,204649945,10/5/2017,7527,201,7326,4536,2790,16,2774,2668,106,4552,4378,7046
TJN_HOM_030_HomeGoods 2H Digital_F18,xAd Inc.,PJQ7MG_TJN_HOM_030_Mobile_GROUND TRUTH FKA XAD_DST_SV1_MAP_DIR_DSP_TRG_RON_PXT_BTG_DVY_PROXIMITY LOYALTY - DYNAMIC DISTANCE_Run of Network_Geo_F25-54_320 x 50_Click and View_NV_NA,204626813,10/5/2017,1,1,0,0,0,0,0,0,0,0,0,0
TJN_HOM_030_HomeGoods 2H Digital_F18,xAd Inc.,PJQ7MM_TJN_HOM_030_Mobile_GROUND TRUTH FKA XAD_DST_SV1_MAP_DIR_DSP_TRG_RON_BTG_DMA_DVY_BEHAVIORAL - HOME SHOPPER- DYNAMIC DISTANCE_Run of Network_Behavioral_F25-54_300 x 250_Click and View_NV_NA,204626171,10/10/2017,7123,434,6689,6689,0,0,0,0,0,6689,0,0
TJN_HOM_030_HomeGoods 2H Digital_F18,xAd Inc.,PJQ7MS_TJN_HOM_030_Mobile_GROUND TRUTH FKA XAD_DST_SV1_MAP_DIR_DSP_TRG_RON_DMA_PXT_DVY_AV DMA TARGETING_Run of Network_Geo_F25-54_300 x 250_Click and View_NV_NA,204646501,9/12/2017,8899,232,8667,2340,6327,1898,4429,4071,358,4238,3895,7966
TJN_HOM_030_HomeGoods 2H Digital_F18,Nativo Inc.,PK87W8_TJN_HOM_030_Content_NATIVO FKA POST RLSE_DSI_BS2_MWB_DIR_NAD_ROT_RON_CTG_BTG_DVY_NATIVE DISPLAY UNIT FALL TRENDS_Run of Network_Contextual_F25-54_1 x 1_Click and View_NV_NA,206137761,10/11/2017,200991,7911,193080,1268,191812,12500,179312,57198,122114,13768,4392,61590
TJN_HOM_030_HomeGoods 2H Digital_F18,NinthDecimal,PJQ7N9_TJN_HOM_030_Mobile_NINTHDECIMAL_DST_SV1_MAP_DIR_RCH_TRG_RON_BTG_PXT_DVY_LOCATION GRAPH: TJX FAMILY LOYALISTS_Run of Network_Behavioral_F25-54_320 x 50_Click and View_NV_NA,204647917,10/17/2017,14153,233,13920,6164,7756,49,7707,7496,211,6213,6043,13539
TJN_HOM_030_HomeGoods 2H Digital_F18,NinthDecimal,PJQ7NB_TJN_HOM_030_Mobile_NINTHDECIMAL_DST_SV1_MAP_DIR_RCH_TRG_RON_BTG_PXT_DVY_LOCATION GRAPH: COMPETITIVE CONQUESTING_Run of Network_Behavioral_F25-54_320 x 50_Click and View_NV_NA,204649942,10/10/2017,8191,47,8144,4876,3268,23,3245,3165,80,4899,4778,7943
TJN_HOM_030_HomeGoods 2H Digital_F18,NinthDecimal,PJQ7N8_TJN_HOM_030_Mobile_NINTHDECIMAL_DST_SV1_MAP_DIR_RCH_TRG_RON_BTG_PXT_DVY_LOCATION GRAPH: HOMEGOODS LOYALISTS_Run of Network_Behavioral_F25-54_320 x 50_Click and View_NV_NA,204675012,10/4/2017,12011,116,11895,4382,7513,37,7476,7197,279,4419,4254,11451
TJN_HOM_030_HomeGoods 2H Digital_F18,NinthDecimal,PJQ7NG_TJN_HOM_030_Mobile_NINTHDECIMAL_DST_SV1_MAP_DIR_RCH_TRG_RON_BTG_DMA_DVY_CONSUMER JOURNEY: NEW HOME BUYERS & MOVERS_Run of Network_Behavioral_F25-54_320 x 50_Click and View_NV_NA,204625835,10/8/2017,9801,137,9664,5540,4124,40,4084,3954,130,5580,5402,9356
TJN_HOM_030_HomeGoods 2H Digital_F18,xAd Inc.,PJQ7ML_TJN_HOM_030_Mobile_GROUND TRUTH FKA XAD_DST_SV1_MAP_DIR_DSP_TRG_RON_BTG_DMA_DVY_BEHAVIORAL - HOME SHOPPER - DYNAMIC DISTANCE_Run of Network_Behavioral_F25-54_320 x 50_Click and View_NV_NA,204626174,9/26/2017,109710,2721,106989,55328,51661,2381,49280,36697,12583,57709,40502,77199
TJN_HOM_030_HomeGoods 2H Digital_F18,Nativo Inc.,PK87W8_TJN_HOM_030_Content_NATIVO FKA POST RLSE_DSI_BS2_MWB_DIR_NAD_ROT_RON_CTG_BTG_DVY_NATIVE DISPLAY UNIT FALL TRENDS_Run of Network_Contextual_F25-54_1 x 1_Click and View_NV_NA,206137761,10/6/2017,252442,9590,242852,2211,240641,21368,219273,59563,159710,23579,6405,65968
TJN_HOM_030_HomeGoods 2H Digital_F18,xAd Inc.,PJQ7MK_TJN_HOM_030_Mobile_GROUND TRUTH FKA XAD_DST_SV1_MAP_DIR_DSP_TRG_RON_PXT_BTG_DVY_PROXIMITY LOYALTY - STORE LOCATOR UNIT_Run of Network_Geo_F25-54_300 x 250_Click and View_NV_NA,204625442,9/5/2017,44,0,44,0,44,0,44,38,6,0,0,38
TJN_HOM_030_HomeGoods 2H Digital_F18,NinthDecimal,PJQ7ND_TJN_HOM_030_Mobile_NINTHDECIMAL_DST_SV1_MAP_DIR_RCH_TRG_RON_BTG_DMA_DVY_CONSUMER JOURNEY: HOUSEHOLD CEO_Run of Network_Behavioral_F25-54_320 x 50_Click and View_NV_NA,204626294,9/12/2017,14788,306,14482,4673,9809,50,9759,9546,213,4723,4620,14166
TJN_HOM_030_HomeGoods 2H Digital_F18,NinthDecimal,"PJQ7NK_TJN_HOM_030_Mobile_NINTHDECIMAL_DST_SV1_MAP_DIR_RCH_TRG_RON_BTG_DMA_DVY_TV TARGETING: HGTV, DIY NETWORK, BRAVO, TLC, FOOD NETWORK_Run of Network_Behavioral_F25-54_320 x 50_Click and View_NV_NA",204674553,9/12/2017,44945,671,44274,17085,27189,186,27003,26042,961,17271,16656,42698
TJN_HOM_030_HomeGoods 2H Digital_F18,xAd Inc.,PJQ7MR_TJN_HOM_030_Mobile_GROUND TRUTH FKA XAD_DST_SV1_MAP_DIR_DSP_TRG_RON_MKT_DMA_DVY_LOCATION - COMPETITOR SHOPPERS - DYNAMIC DISTANCE_Run of Network_Geo_F25-54_300 x 250_Click and View_NV_NA,204647890,9/8/2017,9759,147,9612,9612,0,0,0,0,0,9612,8811,8811
TJN_HOM_030_HomeGoods 2H Digital_F18,NinthDecimal,PJQ7N9_TJN_HOM_030_Mobile_NINTHDECIMAL_DST_SV1_MAP_DIR_RCH_TRG_RON_BTG_PXT_DVY_LOCATION GRAPH: TJX FAMILY LOYALISTS_Run of Network_Behavioral_F25-54_320 x 50_Click and View_NV_NA,204647917,10/5/2017,12221,275,11946,6345,5601,33,5568,5376,192,6378,6158,11534
TJN_HOM_030_HomeGoods 2H Digital_F18,Nativo Inc.,PJQDHJ_TJN_HOM_030_Content_NATIVO FKA POST RLSE_DSI_BS2_MWB_DIR_NAD_ROT_RON_CTG_BTG_DVY_NATIVE DISPLAY UNIT FALLIDAYS_Run of Network_Contextual_F25-54_1 x 1_Click and View_NV_NA,206024352,10/12/2017,593224,30584,562640,2436,560204,32377,527827,203407,324420,34813,13416,216823
TJN_HOM_030_HomeGoods 2H Digital_F18,xAd Inc.,PJQ7MR_TJN_HOM_030_Mobile_GROUND TRUTH FKA XAD_DST_SV1_MAP_DIR_DSP_TRG_RON_MKT_DMA_DVY_LOCATION - COMPETITOR SHOPPERS - DYNAMIC DISTANCE_Run of Network_Geo_F25-54_300 x 250_Click and View_NV_NA,204647890,10/7/2017,7519,209,7310,7309,1,0,1,0,1,7309,0,0
TJN_HOM_030_HomeGoods 2H Digital_F18,NinthDecimal,PJQ7N7_TJN_HOM_030_Mobile_NINTHDECIMAL_DST_SV1_MAP_DIR_RCH_TRG_RON_PXT_DMA_DVY_GEOFENCE: 15-20-MILE RADIUS AROUND RURAL STORES_Run of Network_Geo_F25-54_320 x 50_Click and View_NV_NA,204674556,9/15/2017,9846,224,9622,3641,5981,35,5946,5837,109,3676,3609,9446
TJN_HOM_030_HomeGoods 2H Digital_F18,xAd Inc.,PJQ7ML_TJN_HOM_030_Mobile_GROUND TRUTH FKA XAD_DST_SV1_MAP_DIR_DSP_TRG_RON_BTG_DMA_DVY_BEHAVIORAL - HOME SHOPPER - DYNAMIC DISTANCE_Run of Network_Behavioral_F25-54_320 x 50_Click and View_NV_NA,204626174,10/9/2017,8230,137,8093,5792,2301,144,2157,1385,772,5936,3775,5160
TJN_HOM_030_HomeGoods 2H Digital_F18,xAd Inc.,PJQ7MJ_TJN_HOM_030_Mobile_GROUND TRUTH FKA XAD_DST_SV1_MAP_DIR_DSP_TRG_RON_PXT_BTG_DVY_PROXIMITY LOYALTY - STORE LOCATOR UNIT_Run of Network_Geo_F25-54_320 x 50_Click and View_NV_NA,204649939,10/5/2017,3,0,3,2,1,1,0,0,0,3,3,3
TJN_HOM_030_HomeGoods 2H Digital_F18,NinthDecimal,PJQ7NH_TJN_HOM_030_Mobile_NINTHDECIMAL_DST_SV1_MAP_DIR_RCH_TRG_RON_BTG_DMA_DVY_CONSUMER JOURNEY: PET SUPPLY SHOPPERS_Run of Network_Behavioral_F25-54_320 x 50_Click and View_NV_NA,204647914,9/29/2017,2059,58,2001,839,1162,5,1157,1128,29,844,823,1951
TJN_HOM_030_HomeGoods 2H Digital_F18,xAd Inc.,PJQ7MQ_TJN_HOM_030_Mobile_GROUND TRUTH FKA XAD_DST_SV1_MAP_DIR_DSP_TRG_RON_MKT_DMA_DVY_LOCATION - COMPETITOR SHOPPERS - DYNAMIC DISTANCE_Run of Network_Geo_F25-54_320 x 50_Click and View_NV_NA,204617210,9/29/2017,68174,1423,66751,49491,17260,696,16564,11911,4653,50187,34831,46742
TJN_HOM_030_HomeGoods 2H Digital_F18,NinthDecimal,"PJQ7NK_TJN_HOM_030_Mobile_NINTHDECIMAL_DST_SV1_MAP_DIR_RCH_TRG_RON_BTG_DMA_DVY_TV TARGETING: HGTV, DIY NETWORK, BRAVO, TLC, FOOD NETWORK_Run of Network_Behavioral_F25-54_320 x 50_Click and View_NV_NA",204674553,9/27/2017,6052,124,5928,2164,3764,16,3748,3617,131,2180,2104,5721
TJN_HOM_030_HomeGoods 2H Digital_F18,NinthDecimal,PJQ7NC_TJN_HOM_030_Mobile_NINTHDECIMAL_DST_SV1_MAP_DIR_RCH_TRG_RON_BTG_DMA_DVY_CONSUMER JOURNEY: DIYERS_Run of Network_Behavioral_F25-54_320 x 50_Click and View_NV_NA,204675009,9/26/2017,9458,197,9261,3394,5867,25,5842,5682,160,3419,3325,9007
TJN_HOM_030_HomeGoods 2H Digital_F18,NinthDecimal,PJQ7ND_TJN_HOM_030_Mobile_NINTHDECIMAL_DST_SV1_MAP_DIR_RCH_TRG_RON_BTG_DMA_DVY_CONSUMER JOURNEY: HOUSEHOLD CEO_Run of Network_Behavioral_F25-54_320 x 50_Click and View_NV_NA,204626294,9/27/2017,9689,209,9480,2640,6840,32,6808,6646,162,2672,2608,9254
TJN_HOM_030_HomeGoods 2H Digital_F18,NinthDecimal,PJQ7NF_TJN_HOM_030_Mobile_NINTHDECIMAL_DST_SV1_MAP_DIR_RCH_TRG_RON_BTG_DMA_DVY_CONSUMER JOURNEY: HOME FURNISHINGS SHOPPERS_Run of Network_Behavioral_F25-54_320 x 50_Click and View_NV_NA,204626291,9/14/2017,10727,270,10457,3550,6907,40,6867,6715,152,3590,3511,10226
TJN_HOM_030_HomeGoods 2H Digital_F18,xAd Inc.,PJQ7MM_TJN_HOM_030_Mobile_GROUND TRUTH FKA XAD_DST_SV1_MAP_DIR_DSP_TRG_RON_BTG_DMA_DVY_BEHAVIORAL - HOME SHOPPER- DYNAMIC DISTANCE_Run of Network_Behavioral_F25-54_300 x 250_Click and View_NV_NA,204626171,9/16/2017,5718,413,5305,5303,2,0,2,0,2,5303,0,0
TJN_HOM_025_HomeGoods Digital Video_Q4FY18,Tremor Video Inc.,PK6DY1_TJN_HOM_025_OLV_TREMOR NETWORK_AWR_BS1_CTV_DIR_VID_TRG_RON_BTG_CTG_DVY_ALL SCREEN PREROLL + SOCIAL AFFINITY TARGETING TO W25-54 HOME ENTHUSIASTS CTV_Run of Network_Behavioral_F25-54_1280 x 720_Standard_NV_NA,205941318,9/29/2017,1,0,1,1,0,0,0,0,0,1,1,1
TJN_HOM_030_HomeGoods 2H Digital_F18,NinthDecimal,PJQ7NF_TJN_HOM_030_Mobile_NINTHDECIMAL_DST_SV1_MAP_DIR_RCH_TRG_RON_BTG_DMA_DVY_CONSUMER JOURNEY: HOME FURNISHINGS SHOPPERS_Run of Network_Behavioral_F25-54_320 x 50_Click and View_NV_NA,204626291,10/14/2017,9530,134,9396,6061,3335,21,3314,3212,102,6082,5895,9107
TJN_HOM_030_HomeGoods 2H Digital_F18,xAd Inc.,PJQ7MJ_TJN_HOM_030_Mobile_GROUND TRUTH FKA XAD_DST_SV1_MAP_DIR_DSP_TRG_RON_PXT_BTG_DVY_PROXIMITY LOYALTY - STORE LOCATOR UNIT_Run of Network_Geo_F25-54_320 x 50_Click and View_NV_NA,204649939,10/17/2017,10234,452,9782,2597,7185,64,7121,6691,430,2661,2500,9191
TJN_HOM_030_HomeGoods 2H Digital_F18,xAd Inc.,PJQ7MN_TJN_HOM_030_Mobile_GROUND TRUTH FKA XAD_DST_SV1_MAP_DIR_DSP_TRG_RON_MKT_DMA_DVY_LOCATION - HOMEGOODS SHOPPERS - DYNAMIC DISTANCE_Run of Network_Geo_F25-54_320 x 50_Click and View_NV_NA,204651439,10/6/2017,11246,126,11120,7365,3755,178,3577,3191,386,7543,6265,9456
TJN_HOM_030_HomeGoods 2H Digital_F18,xAd Inc.,PJQ7MM_TJN_HOM_030_Mobile_GROUND TRUTH FKA XAD_DST_SV1_MAP_DIR_DSP_TRG_RON_BTG_DMA_DVY_BEHAVIORAL - HOME SHOPPER- DYNAMIC DISTANCE_Run of Network_Behavioral_F25-54_300 x 250_Click and View_NV_NA,204626171,9/13/2017,5545,217,5328,5328,0,0,0,0,0,5328,444,444
TJN_HOM_030_HomeGoods 2H Digital_F18,xAd Inc.,PJQ7MM_TJN_HOM_030_Mobile_GROUND TRUTH FKA XAD_DST_SV1_MAP_DIR_DSP_TRG_RON_BTG_DMA_DVY_BEHAVIORAL - HOME SHOPPER- DYNAMIC DISTANCE_Run of Network_Behavioral_F25-54_300 x 250_Click and View_NV_NA,204626171,10/13/2017,8925,627,8298,8298,0,0,0,0,0,8298,0,0
TJN_HOM_030_HomeGoods 2H Digital_F18,xAd Inc.,PJQ7MQ_TJN_HOM_030_Mobile_GROUND TRUTH FKA XAD_DST_SV1_MAP_DIR_DSP_TRG_RON_MKT_DMA_DVY_LOCATION - COMPETITOR SHOPPERS - DYNAMIC DISTANCE_Run of Network_Geo_F25-54_320 x 50_Click and View_NV_NA,204617210,9/10/2017,14875,175,14700,10815,3885,765,3120,2887,233,11580,10314,13201
TJN_HOM_025_HomeGoods Digital Video_Q4FY18,Tremor Video Inc.,PK6DYV_TJN_HOM_025_OLV_TREMOR NETWORK_AWR_BS1_MAP_DIR_VID_TRG_RON_PXT_CTG_DVY_ALL SCREEN PREROLL + PROXIMITYPLUS DWELL TIME TARGETING TO HOMEGOODS VISITORS MOB/TAB APP_Run of Network_Behavioral_F25-54_1280 x 720_Standard_NV_NA,205859075,10/2/2017,33876,344,33532,33517,15,4,11,6,5,33521,18284,18290
TJN_HOM_030_HomeGoods 2H Digital_F18,NinthDecimal,PJQ7NH_TJN_HOM_030_Mobile_NINTHDECIMAL_DST_SV1_MAP_DIR_RCH_TRG_RON_BTG_DMA_DVY_CONSUMER JOURNEY: PET SUPPLY SHOPPERS_Run of Network_Behavioral_F25-54_320 x 50_Click and View_NV_NA,204647914,9/10/2017,6205,114,6091,2217,3874,13,3861,3765,96,2230,2175,5940
TJN_HOM_030_HomeGoods 2H Digital_F18,NinthDecimal,PJQ7NC_TJN_HOM_030_Mobile_NINTHDECIMAL_DST_SV1_MAP_DIR_RCH_TRG_RON_BTG_DMA_DVY_CONSUMER JOURNEY: DIYERS_Run of Network_Behavioral_F25-54_320 x 50_Click and View_NV_NA,204675009,10/9/2017,9965,129,9836,5936,3900,14,3886,3767,119,5950,5768,9535
TJN_HOM_030_HomeGoods 2H Digital_F18,NinthDecimal,PJQ7N8_TJN_HOM_030_Mobile_NINTHDECIMAL_DST_SV1_MAP_DIR_RCH_TRG_RON_BTG_PXT_DVY_LOCATION GRAPH: HOMEGOODS LOYALISTS_Run of Network_Behavioral_F25-54_320 x 50_Click and View_NV_NA,204675012,10/15/2017,14568,216,14352,4742,9610,71,9539,9121,418,4813,4602,13723
TJN_HOM_030_HomeGoods 2H Digital_F18,xAd Inc.,PJQ7MM_TJN_HOM_030_Mobile_GROUND TRUTH FKA XAD_DST_SV1_MAP_DIR_DSP_TRG_RON_BTG_DMA_DVY_BEHAVIORAL - HOME SHOPPER- DYNAMIC DISTANCE_Run of Network_Behavioral_F25-54_300 x 250_Click and View_NV_NA,204626171,9/19/2017,5628,213,5415,5405,10,0,10,0,10,5405,0,0
TJN_HOM_030_HomeGoods 2H Digital_F18,NinthDecimal,PJQ7N5_TJN_HOM_030_Mobile_NINTHDECIMAL_DST_SV1_MAP_DIR_RCH_TRG_RON_PXT_DMA_DVY_GEOFENCE: 2-MILE RADIUS AROUND URBAN STORES_Run of Network_Geo_F25-54_320 x 50_Click and View_NV_NA,204649945,9/18/2017,5881,155,5726,2506,3220,16,3204,3072,132,2522,2418,5490
TJN_HOM_025_HomeGoods Digital Video_Q4FY18,Tremor Video Inc.,PK6DYV_TJN_HOM_025_OLV_TREMOR NETWORK_AWR_BS1_MAP_DIR_VID_TRG_RON_PXT_CTG_DVY_ALL SCREEN PREROLL + PROXIMITYPLUS DWELL TIME TARGETING TO HOMEGOODS VISITORS MOB/TAB APP_Run of Network_Behavioral_F25-54_1280 x 720_Standard_NV_NA,205859075,10/1/2017,34791,205,34586,34571,15,3,12,4,8,34574,11525,11529
TJN_HOM_030_HomeGoods 2H Digital_F18,NinthDecimal,PJQ7NF_TJN_HOM_030_Mobile_NINTHDECIMAL_DST_SV1_MAP_DIR_RCH_TRG_RON_BTG_DMA_DVY_CONSUMER JOURNEY: HOME FURNISHINGS SHOPPERS_Run of Network_Behavioral_F25-54_320 x 50_Click and View_NV_NA,204626291,9/28/2017,7168,156,7012,2019,4993,18,4975,4899,76,2037,2006,6905
TJN_HOM_030_HomeGoods 2H Digital_F18,xAd Inc.,PJQ7MH_TJN_HOM_030_Mobile_GROUND TRUTH FKA XAD_DST_SV1_MAP_DIR_DSP_TRG_RON_PXT_BTG_DVY_PROXIMITY LOYALTY - DYNAMIC DISTANCE_Run of Network_Geo_F25-54_300 x 250_Click and View_NV_NA,204675003,10/20/2017,24244,551,23693,23693,0,0,0,0,0,23693,11847,11847
TJN_HOM_030_HomeGoods 2H Digital_F18,xAd Inc.,PJQ7MG_TJN_HOM_030_Mobile_GROUND TRUTH FKA XAD_DST_SV1_MAP_DIR_DSP_TRG_RON_PXT_BTG_DVY_PROXIMITY LOYALTY - DYNAMIC DISTANCE_Run of Network_Geo_F25-54_320 x 50_Click and View_NV_NA,204626813,9/18/2017,32895,638,32257,20560,11697,3616,8081,7014,1067,24176,21514,28528
TJN_HOM_030_HomeGoods 2H Digital_F18,xAd Inc.,PJQ7MN_TJN_HOM_030_Mobile_GROUND TRUTH FKA XAD_DST_SV1_MAP_DIR_DSP_TRG_RON_MKT_DMA_DVY_LOCATION - HOMEGOODS SHOPPERS - DYNAMIC DISTANCE_Run of Network_Geo_F25-54_320 x 50_Click and View_NV_NA,204651439,10/11/2017,6074,82,5992,4748,1244,89,1155,1065,90,4837,4384,5449
TJN_HOM_030_HomeGoods 2H Digital_F18,NinthDecimal,PJQ7NB_TJN_HOM_030_Mobile_NINTHDECIMAL_DST_SV1_MAP_DIR_RCH_TRG_RON_BTG_PXT_DVY_LOCATION GRAPH: COMPETITIVE CONQUESTING_Run of Network_Behavioral_F25-54_320 x 50_Click and View_NV_NA,204649942,9/19/2017,4916,87,4829,2093,2736,19,2717,2651,66,2112,2061,4712
TJN_HOM_030_HomeGoods 2H Digital_F18,xAd Inc.,PJQ7MS_TJN_HOM_030_Mobile_GROUND TRUTH FKA XAD_DST_SV1_MAP_DIR_DSP_TRG_RON_DMA_PXT_DVY_AV DMA TARGETING_Run of Network_Geo_F25-54_300 x 250_Click and View_NV_NA,204646501,9/27/2017,58583,1481,57102,42560,14542,2573,11969,9800,2169,45133,33840,43640
TJN_HOM_025_HomeGoods Digital Video_Q4FY18,Tremor Video Inc.,PK6DYV_TJN_HOM_025_OLV_TREMOR NETWORK_AWR_BS1_MAP_DIR_VID_TRG_RON_PXT_CTG_DVY_ALL SCREEN PREROLL + PROXIMITYPLUS DWELL TIME TARGETING TO HOMEGOODS VISITORS MOB/TAB APP_Run of Network_Behavioral_F25-54_1280 x 720_Standard_NV_NA,205859075,10/3/2017,42473,497,41976,41957,19,2,17,16,1,41959,39491,39507
TJN_HOM_030_HomeGoods 2H Digital_F18,NinthDecimal,PJQ7N7_TJN_HOM_030_Mobile_NINTHDECIMAL_DST_SV1_MAP_DIR_RCH_TRG_RON_PXT_DMA_DVY_GEOFENCE: 15-20-MILE RADIUS AROUND RURAL STORES_Run of Network_Geo_F25-54_320 x 50_Click and View_NV_NA,204674556,10/7/2017,10357,221,10136,7603,2533,18,2515,2449,66,7621,7421,9870
TJN_HOM_030_HomeGoods 2H Digital_F18,xAd Inc.,PJQ7MR_TJN_HOM_030_Mobile_GROUND TRUTH FKA XAD_DST_SV1_MAP_DIR_DSP_TRG_RON_MKT_DMA_DVY_LOCATION - COMPETITOR SHOPPERS - DYNAMIC DISTANCE_Run of Network_Geo_F25-54_300 x 250_Click and View_NV_NA,204647890,9/15/2017,4916,199,4717,4717,0,0,0,0,0,4717,3706,3706
TJN_HOM_030_HomeGoods 2H Digital_F18,NinthDecimal,PJQ7NB_TJN_HOM_030_Mobile_NINTHDECIMAL_DST_SV1_MAP_DIR_RCH_TRG_RON_BTG_PXT_DVY_LOCATION GRAPH: COMPETITIVE CONQUESTING_Run of Network_Behavioral_F25-54_320 x 50_Click and View_NV_NA,204649942,9/13/2017,10230,201,10029,2894,7135,46,7089,6909,180,2940,2865,9774
TJN_HOM_030_HomeGoods 2H Digital_F18,NinthDecimal,PJQ7N7_TJN_HOM_030_Mobile_NINTHDECIMAL_DST_SV1_MAP_DIR_RCH_TRG_RON_PXT_DMA_DVY_GEOFENCE: 15-20-MILE RADIUS AROUND RURAL STORES_Run of Network_Geo_F25-54_320 x 50_Click and View_NV_NA,204674556,9/8/2017,6677,141,6536,3022,3514,15,3499,3446,53,3037,2991,6437
TJN_HOM_030_HomeGoods 2H Digital_F18,NinthDecimal,PJQ7NB_TJN_HOM_030_Mobile_NINTHDECIMAL_DST_SV1_MAP_DIR_RCH_TRG_RON_BTG_PXT_DVY_LOCATION GRAPH: COMPETITIVE CONQUESTING_Run of Network_Behavioral_F25-54_320 x 50_Click and View_NV_NA,204649942,10/13/2017,8323,116,8207,4946,3261,36,3225,3148,77,4982,4863,8011
TJN_HOM_030_HomeGoods 2H Digital_F18,NinthDecimal,PJQ7NJ_TJN_HOM_030_Mobile_NINTHDECIMAL_DST_SV1_MAP_DIR_RCH_TRG_RON_BTG_DMA_DVY_CONSUMER JOURNEY: BARGAIN HUNTERS_Run of Network_Behavioral_F25-54_320 x 50_Click and View_NV_NA,204644353,9/27/2017,9177,168,9009,3593,5416,25,5391,5221,170,3618,3504,8725
TJN_HOM_030_HomeGoods 2H Digital_F18,xAd Inc.,PJQ7ML_TJN_HOM_030_Mobile_GROUND TRUTH FKA XAD_DST_SV1_MAP_DIR_DSP_TRG_RON_BTG_DMA_DVY_BEHAVIORAL - HOME SHOPPER - DYNAMIC DISTANCE_Run of Network_Behavioral_F25-54_320 x 50_Click and View_NV_NA,204626174,9/20/2017,17464,281,17183,11721,5462,2965,2497,2238,259,14686,12027,14265
TJN_HOM_030_HomeGoods 2H Digital_F18,xAd Inc.,PJQ7MN_TJN_HOM_030_Mobile_GROUND TRUTH FKA XAD_DST_SV1_MAP_DIR_DSP_TRG_RON_MKT_DMA_DVY_LOCATION - HOMEGOODS SHOPPERS - DYNAMIC DISTANCE_Run of Network_Geo_F25-54_320 x 50_Click and View_NV_NA,204651439,9/21/2017,9616,142,9474,8103,1371,430,941,852,89,8533,6645,7497
TJN_HOM_030_HomeGoods 2H Digital_F18,NinthDecimal,PJQ7NC_TJN_HOM_030_Mobile_NINTHDECIMAL_DST_SV1_MAP_DIR_RCH_TRG_RON_BTG_DMA_DVY_CONSUMER JOURNEY: DIYERS_Run of Network_Behavioral_F25-54_320 x 50_Click and View_NV_NA,204675009,10/19/2017,9180,183,8997,4623,4374,38,4336,4215,121,4661,4531,8746
TJN_HOM_030_HomeGoods 2H Digital_F18,NinthDecimal,PJQ7NC_TJN_HOM_030_Mobile_NINTHDECIMAL_DST_SV1_MAP_DIR_RCH_TRG_RON_BTG_DMA_DVY_CONSUMER JOURNEY: DIYERS_Run of Network_Behavioral_F25-54_320 x 50_Click and View_NV_NA,204675009,9/11/2017,23665,418,23247,9831,13416,79,13337,12965,372,9910,9634,22599
TJN_HOM_030_HomeGoods 2H Digital_F18,NinthDecimal,PJQ7NB_TJN_HOM_030_Mobile_NINTHDECIMAL_DST_SV1_MAP_DIR_RCH_TRG_RON_BTG_PXT_DVY_LOCATION GRAPH: COMPETITIVE CONQUESTING_Run of Network_Behavioral_F25-54_320 x 50_Click and View_NV_NA,204649942,9/16/2017,6531,132,6399,2550,3849,18,3831,3722,109,2568,2495,6217
TJN_HOM_030_HomeGoods 2H Digital_F18,NinthDecimal,PJQ7N9_TJN_HOM_030_Mobile_NINTHDECIMAL_DST_SV1_MAP_DIR_RCH_TRG_RON_BTG_PXT_DVY_LOCATION GRAPH: TJX FAMILY LOYALISTS_Run of Network_Behavioral_F25-54_320 x 50_Click and View_NV_NA,204647917,9/18/2017,5189,85,5104,1407,3697,28,3669,3529,140,1435,1380,4909
TJN_HOM_030_HomeGoods 2H Digital_F18,xAd Inc.,PJQ7MP_TJN_HOM_030_Mobile_GROUND TRUTH FKA XAD_DST_SV1_MAP_DIR_DSP_TRG_RON_MKT_DMA_DVY_LOCATION - HOMEGOODS SHOPPERS - DYNAMIC DISTANCE_Run of Network_Geo_F25-54_300 x 250_Click and View_NV_NA,204647878,9/7/2017,3726,58,3668,3668,0,0,0,0,0,3668,3452,3452
TJN_HOM_030_HomeGoods 2H Digital_F18,NinthDecimal,PJQ7NF_TJN_HOM_030_Mobile_NINTHDECIMAL_DST_SV1_MAP_DIR_RCH_TRG_RON_BTG_DMA_DVY_CONSUMER JOURNEY: HOME FURNISHINGS SHOPPERS_Run of Network_Behavioral_F25-54_320 x 50_Click and View_NV_NA,204626291,9/5/2017,3544,87,3457,1566,1891,18,1873,1846,27,1584,1561,3407
TJN_HOM_030_HomeGoods 2H Digital_F18,NinthDecimal,PJQ7NC_TJN_HOM_030_Mobile_NINTHDECIMAL_DST_SV1_MAP_DIR_RCH_TRG_RON_BTG_DMA_DVY_CONSUMER JOURNEY: DIYERS_Run of Network_Behavioral_F25-54_320 x 50_Click and View_NV_NA,204675009,10/1/2017,10193,179,10014,4442,5572,13,5559,5397,162,4455,4325,9722
TJN_HOM_030_HomeGoods 2H Digital_F18,NinthDecimal,PJQ7NF_TJN_HOM_030_Mobile_NINTHDECIMAL_DST_SV1_MAP_DIR_RCH_TRG_RON_BTG_DMA_DVY_CONSUMER JOURNEY: HOME FURNISHINGS SHOPPERS_Run of Network_Behavioral_F25-54_320 x 50_Click and View_NV_NA,204626291,10/20/2017,9222,163,9059,5562,3497,17,3480,3367,113,5579,5398,8765
TJN_HOM_030_HomeGoods 2H Digital_F18,xAd Inc.,PJQ7MH_TJN_HOM_030_Mobile_GROUND TRUTH FKA XAD_DST_SV1_MAP_DIR_DSP_TRG_RON_PXT_BTG_DVY_PROXIMITY LOYALTY - DYNAMIC DISTANCE_Run of Network_Geo_F25-54_300 x 250_Click and View_NV_NA,204675003,9/28/2017,133457,44901,88556,88536,20,3,17,10,7,88539,52058,52068
TJN_HOM_030_HomeGoods 2H Digital_F18,NinthDecimal,PJQ7NJ_TJN_HOM_030_Mobile_NINTHDECIMAL_DST_SV1_MAP_DIR_RCH_TRG_RON_BTG_DMA_DVY_CONSUMER JOURNEY: BARGAIN HUNTERS_Run of Network_Behavioral_F25-54_320 x 50_Click and View_NV_NA,204644353,9/21/2017,8809,237,8572,3471,5101,42,5059,4895,164,3513,3399,8294
TJN_HOM_025_HomeGoods Digital Video_Q4FY18,Tremor Video Inc.,PK6DYV_TJN_HOM_025_OLV_TREMOR NETWORK_AWR_BS1_MAP_DIR_VID_TRG_RON_PXT_CTG_DVY_ALL SCREEN PREROLL + PROXIMITYPLUS DWELL TIME TARGETING TO HOMEGOODS VISITORS MOB/TAB APP_Run of Network_Behavioral_F25-54_1280 x 720_Standard_NV_NA,205859075,10/9/2017,357,1,356,237,119,2,117,83,34,239,170,253
TJN_HOM_025_HomeGoods Digital Video_Q4FY18,Tremor Video Inc.,PK6DY1_TJN_HOM_025_OLV_TREMOR NETWORK_AWR_BS1_CTV_DIR_VID_TRG_RON_BTG_CTG_DVY_ALL SCREEN PREROLL + SOCIAL AFFINITY TARGETING TO W25-54 HOME ENTHUSIASTS CTV_Run of Network_Behavioral_F25-54_1280 x 720_Standard_NV_NA,205941318,10/5/2017,3039,5,3034,3034,0,0,0,0,0,3034,581,581
TJN_HOM_030_HomeGoods 2H Digital_F18,xAd Inc.,PJQ7MN_TJN_HOM_030_Mobile_GROUND TRUTH FKA XAD_DST_SV1_MAP_DIR_DSP_TRG_RON_MKT_DMA_DVY_LOCATION - HOMEGOODS SHOPPERS - DYNAMIC DISTANCE_Run of Network_Geo_F25-54_320 x 50_Click and View_NV_NA,204651439,9/27/2017,69137,1450,67687,48423,19264,1355,17909,15580,2329,49778,41132,56712
TJN_HOM_030_HomeGoods 2H Digital_F18,NinthDecimal,PJQ7NH_TJN_HOM_030_Mobile_NINTHDECIMAL_DST_SV1_MAP_DIR_RCH_TRG_RON_BTG_DMA_DVY_CONSUMER JOURNEY: PET SUPPLY SHOPPERS_Run of Network_Behavioral_F25-54_320 x 50_Click and View_NV_NA,204647914,10/5/2017,7473,138,7335,3883,3452,23,3429,3268,161,3906,3723,6991
TJN_HOM_030_HomeGoods 2H Digital_F18,xAd Inc.,PJQ7MS_TJN_HOM_030_Mobile_GROUND TRUTH FKA XAD_DST_SV1_MAP_DIR_DSP_TRG_RON_DMA_PXT_DVY_AV DMA TARGETING_Run of Network_Geo_F25-54_300 x 250_Click and View_NV_NA,204646501,9/21/2017,8568,137,8431,3868,4563,3982,581,419,162,7850,4636,5055
TJN_HOM_030_HomeGoods 2H Digital_F18,xAd Inc.,PJQ7MJ_TJN_HOM_030_Mobile_GROUND TRUTH FKA XAD_DST_SV1_MAP_DIR_DSP_TRG_RON_PXT_BTG_DVY_PROXIMITY LOYALTY - STORE LOCATOR UNIT_Run of Network_Geo_F25-54_320 x 50_Click and View_NV_NA,204649939,9/29/2017,28997,602,28395,6752,21643,407,21236,16502,4734,7159,5563,22065
TJN_HOM_030_HomeGoods 2H Digital_F18,NinthDecimal,PJQ7NC_TJN_HOM_030_Mobile_NINTHDECIMAL_DST_SV1_MAP_DIR_RCH_TRG_RON_BTG_DMA_DVY_CONSUMER JOURNEY: DIYERS_Run of Network_Behavioral_F25-54_320 x 50_Click and View_NV_NA,204675009,9/23/2017,9139,166,8973,3302,5671,24,5647,5500,147,3326,3239,8739
TJN_HOM_025_HomeGoods Digital Video_Q4FY18,Tremor Video Inc.,PK1FYM_TJN_HOM_025_OLV_TREMOR NETWORK_AWR_BS1_DSK_DIR_VID_TRG_RON_BTG_CTG_DVY_ALL SCREEN PREROLL + SOCIAL AFFINITY TARGETING TO W25-54 HOME ENTHUSIASTS DESKTOP_Run of Network_Behavioral_F25-54_1280 x 720_Standard_NV_NA,205941870,10/5/2017,182929,125,182804,53909,128895,1548,127347,17033,110314,55457,7418,24451
TJN_HOM_030_HomeGoods 2H Digital_F18,xAd Inc.,PJQ7MQ_TJN_HOM_030_Mobile_GROUND TRUTH FKA XAD_DST_SV1_MAP_DIR_DSP_TRG_RON_MKT_DMA_DVY_LOCATION - COMPETITOR SHOPPERS - DYNAMIC DISTANCE_Run of Network_Geo_F25-54_320 x 50_Click and View_NV_NA,204617210,10/5/2017,3,1,2,1,1,1,0,0,0,2,1,1
TJN_HOM_030_HomeGoods 2H Digital_F18,NinthDecimal,PJQ7NC_TJN_HOM_030_Mobile_NINTHDECIMAL_DST_SV1_MAP_DIR_RCH_TRG_RON_BTG_DMA_DVY_CONSUMER JOURNEY: DIYERS_Run of Network_Behavioral_F25-54_320 x 50_Click and View_NV_NA,204675009,10/2/2017,8111,158,7953,4038,3915,15,3900,3780,120,4053,3928,7708
TJN_HOM_030_HomeGoods 2H Digital_F18,Nativo Inc.,PJQDHJ_TJN_HOM_030_Content_NATIVO FKA POST RLSE_DSI_BS2_MWB_DIR_NAD_ROT_RON_CTG_BTG_DVY_NATIVE DISPLAY UNIT FALLIDAYS_Run of Network_Contextual_F25-54_1 x 1_Click and View_NV_NA,206024352,10/13/2017,541947,29312,512635,2753,509882,28402,481480,183222,298258,31155,11856,195078
TJN_HOM_030_HomeGoods 2H Digital_F18,NinthDecimal,"PJQ7NK_TJN_HOM_030_Mobile_NINTHDECIMAL_DST_SV1_MAP_DIR_RCH_TRG_RON_BTG_DMA_DVY_TV TARGETING: HGTV, DIY NETWORK, BRAVO, TLC, FOOD NETWORK_Run of Network_Behavioral_F25-54_320 x 50_Click and View_NV_NA",204674553,10/11/2017,14649,212,14437,5862,8575,79,8496,8136,360,5941,5689,13825
TJN_HOM_030_HomeGoods 2H Digital_F18,xAd Inc.,PJQ7MH_TJN_HOM_030_Mobile_GROUND TRUTH FKA XAD_DST_SV1_MAP_DIR_DSP_TRG_RON_PXT_BTG_DVY_PROXIMITY LOYALTY - DYNAMIC DISTANCE_Run of Network_Geo_F25-54_300 x 250_Click and View_NV_NA,204675003,10/14/2017,24483,853,23630,23630,0,0,0,0,0,23630,1222,1222
TJN_HOM_030_HomeGoods 2H Digital_F18,xAd Inc.,PJQ7MH_TJN_HOM_030_Mobile_GROUND TRUTH FKA XAD_DST_SV1_MAP_DIR_DSP_TRG_RON_PXT_BTG_DVY_PROXIMITY LOYALTY - DYNAMIC DISTANCE_Run of Network_Geo_F25-54_300 x 250_Click and View_NV_NA,204675003,9/14/2017,14322,415,13907,13872,35,5,30,22,8,13877,10175,10197
TJN_HOM_030_HomeGoods 2H Digital_F18,NinthDecimal,PJQ7ND_TJN_HOM_030_Mobile_NINTHDECIMAL_DST_SV1_MAP_DIR_RCH_TRG_RON_BTG_DMA_DVY_CONSUMER JOURNEY: HOUSEHOLD CEO_Run of Network_Behavioral_F25-54_320 x 50_Click and View_NV_NA,204626294,10/11/2017,15483,314,15169,8136,7033,45,6988,6722,266,8181,7870,14592
TJN_HOM_025_HomeGoods Digital Video_Q4FY18,Tremor Video Inc.,PK6DY1_TJN_HOM_025_OLV_TREMOR NETWORK_AWR_BS1_CTV_DIR_VID_TRG_RON_BTG_CTG_DVY_ALL SCREEN PREROLL + SOCIAL AFFINITY TARGETING TO W25-54 HOME ENTHUSIASTS CTV_Run of Network_Behavioral_F25-54_1280 x 720_Standard_NV_NA,205941318,10/17/2017,37356,2,37354,37354,0,0,0,0,0,37354,32275,32275
TJN_HOM_030_HomeGoods 2H Digital_F18,NinthDecimal,PJQ7NH_TJN_HOM_030_Mobile_NINTHDECIMAL_DST_SV1_MAP_DIR_RCH_TRG_RON_BTG_DMA_DVY_CONSUMER JOURNEY: PET SUPPLY SHOPPERS_Run of Network_Behavioral_F25-54_320 x 50_Click and View_NV_NA,204647914,10/17/2017,8971,133,8838,4440,4398,41,4357,4218,139,4481,4338,8556
TJN_HOM_030_HomeGoods 2H Digital_F18,NinthDecimal,PJQ7ND_TJN_HOM_030_Mobile_NINTHDECIMAL_DST_SV1_MAP_DIR_RCH_TRG_RON_BTG_DMA_DVY_CONSUMER JOURNEY: HOUSEHOLD CEO_Run of Network_Behavioral_F25-54_320 x 50_Click and View_NV_NA,204626294,10/6/2017,15898,373,15525,11045,4480,42,4438,4275,163,11087,10680,14955
TJN_HOM_030_HomeGoods 2H Digital_F18,xAd Inc.,PJQ7MQ_TJN_HOM_030_Mobile_GROUND TRUTH FKA XAD_DST_SV1_MAP_DIR_DSP_TRG_RON_MKT_DMA_DVY_LOCATION - COMPETITOR SHOPPERS - DYNAMIC DISTANCE_Run of Network_Geo_F25-54_320 x 50_Click and View_NV_NA,204617210,10/17/2017,7482,80,7402,4615,2787,95,2692,2313,379,4710,3994,6307
TJN_HOM_025_HomeGoods Digital Video_Q4FY18,Tremor Video Inc.,PK1FYM_TJN_HOM_025_OLV_TREMOR NETWORK_AWR_BS1_DSK_DIR_VID_TRG_RON_BTG_CTG_DVY_ALL SCREEN PREROLL + SOCIAL AFFINITY TARGETING TO W25-54 HOME ENTHUSIASTS DESKTOP_Run of Network_Behavioral_F25-54_1280 x 720_Standard_NV_NA,205941870,10/17/2017,71286,228,71058,28238,42820,1690,41130,35401,5729,29928,25759,61160
TJN_HOM_030_HomeGoods 2H Digital_F18,xAd Inc.,PJQ7MJ_TJN_HOM_030_Mobile_GROUND TRUTH FKA XAD_DST_SV1_MAP_DIR_DSP_TRG_RON_PXT_BTG_DVY_PROXIMITY LOYALTY - STORE LOCATOR UNIT_Run of Network_Geo_F25-54_320 x 50_Click and View_NV_NA,204649939,9/10/2017,20431,446,19985,13591,6394,105,6289,5971,318,13696,13003,18974
TJN_HOM_030_HomeGoods 2H Digital_F18,NinthDecimal,"PJQ7NK_TJN_HOM_030_Mobile_NINTHDECIMAL_DST_SV1_MAP_DIR_RCH_TRG_RON_BTG_DMA_DVY_TV TARGETING: HGTV, DIY NETWORK, BRAVO, TLC, FOOD NETWORK_Run of Network_Behavioral_F25-54_320 x 50_Click and View_NV_NA",204674553,10/6/2017,11247,267,10980,6317,4663,76,4587,4374,213,6393,6096,10470
TJN_HOM_030_HomeGoods 2H Digital_F18,NinthDecimal,"PJQ7NK_TJN_HOM_030_Mobile_NINTHDECIMAL_DST_SV1_MAP_DIR_RCH_TRG_RON_BTG_DMA_DVY_TV TARGETING: HGTV, DIY NETWORK, BRAVO, TLC, FOOD NETWORK_Run of Network_Behavioral_F25-54_320 x 50_Click and View_NV_NA",204674553,9/21/2017,5763,96,5667,1523,4144,24,4120,3977,143,1547,1493,5470
TJN_HOM_030_HomeGoods 2H Digital_F18,NinthDecimal,PJQ7ND_TJN_HOM_030_Mobile_NINTHDECIMAL_DST_SV1_MAP_DIR_RCH_TRG_RON_BTG_DMA_DVY_CONSUMER JOURNEY: HOUSEHOLD CEO_Run of Network_Behavioral_F25-54_320 x 50_Click and View_NV_NA,204626294,9/21/2017,9506,233,9273,2895,6378,32,6346,6173,173,2927,2847,9020
TJN_HOM_030_HomeGoods 2H Digital_F18,xAd Inc.,PJQ7MH_TJN_HOM_030_Mobile_GROUND TRUTH FKA XAD_DST_SV1_MAP_DIR_DSP_TRG_RON_PXT_BTG_DVY_PROXIMITY LOYALTY - DYNAMIC DISTANCE_Run of Network_Geo_F25-54_300 x 250_Click and View_NV_NA,204675003,9/5/2017,4015,60,3955,3918,37,0,37,35,2,3918,3706,3741
TJN_HOM_030_HomeGoods 2H Digital_F18,NinthDecimal,PJQ7N7_TJN_HOM_030_Mobile_NINTHDECIMAL_DST_SV1_MAP_DIR_RCH_TRG_RON_PXT_DMA_DVY_GEOFENCE: 15-20-MILE RADIUS AROUND RURAL STORES_Run of Network_Geo_F25-54_320 x 50_Click and View_NV_NA,204674556,10/8/2017,8228,118,8110,6075,2035,15,2020,1955,65,6090,5894,7849
TJN_HOM_030_HomeGoods 2H Digital_F18,NinthDecimal,PJQ7N8_TJN_HOM_030_Mobile_NINTHDECIMAL_DST_SV1_MAP_DIR_RCH_TRG_RON_BTG_PXT_DVY_LOCATION GRAPH: HOMEGOODS LOYALISTS_Run of Network_Behavioral_F25-54_320 x 50_Click and View_NV_NA,204675012,9/25/2017,9456,28,9428,2815,6613,20,6593,6373,220,2835,2740,9113
TJN_HOM_030_HomeGoods 2H Digital_F18,xAd Inc.,PJQ7ML_TJN_HOM_030_Mobile_GROUND TRUTH FKA XAD_DST_SV1_MAP_DIR_DSP_TRG_RON_BTG_DMA_DVY_BEHAVIORAL - HOME SHOPPER - DYNAMIC DISTANCE_Run of Network_Behavioral_F25-54_320 x 50_Click and View_NV_NA,204626174,10/18/2017,10059,139,9920,8099,1821,79,1742,1361,381,8178,6389,7750
TJN_HOM_030_HomeGoods 2H Digital_F18,xAd Inc.,PJQ7MP_TJN_HOM_030_Mobile_GROUND TRUTH FKA XAD_DST_SV1_MAP_DIR_DSP_TRG_RON_MKT_DMA_DVY_LOCATION - HOMEGOODS SHOPPERS - DYNAMIC DISTANCE_Run of Network_Geo_F25-54_300 x 250_Click and View_NV_NA,204647878,10/21/2017,6725,68,6657,6657,0,0,0,0,0,6657,6391,6391
TJN_HOM_025_HomeGoods Digital Video_Q4FY18,Tremor Video Inc.,PK6DYV_TJN_HOM_025_OLV_TREMOR NETWORK_AWR_BS1_MAP_DIR_VID_TRG_RON_PXT_CTG_DVY_ALL SCREEN PREROLL + PROXIMITYPLUS DWELL TIME TARGETING TO HOMEGOODS VISITORS MOB/TAB APP_Run of Network_Behavioral_F25-54_1280 x 720_Standard_NV_NA,205859075,10/19/2017,204628,187,204441,204359,82,33,49,35,14,204392,145994,146029
TJN_HOM_030_HomeGoods 2H Digital_F18,xAd Inc.,PJQ7MP_TJN_HOM_030_Mobile_GROUND TRUTH FKA XAD_DST_SV1_MAP_DIR_DSP_TRG_RON_MKT_DMA_DVY_LOCATION - HOMEGOODS SHOPPERS - DYNAMIC DISTANCE_Run of Network_Geo_F25-54_300 x 250_Click and View_NV_NA,204647878,9/9/2017,4266,54,4212,4211,1,0,1,1,0,4211,4211,4212
TJN_HOM_030_HomeGoods 2H Digital_F18,NinthDecimal,PJQ7NJ_TJN_HOM_030_Mobile_NINTHDECIMAL_DST_SV1_MAP_DIR_RCH_TRG_RON_BTG_DMA_DVY_CONSUMER JOURNEY: BARGAIN HUNTERS_Run of Network_Behavioral_F25-54_320 x 50_Click and View_NV_NA,204644353,10/11/2017,15154,235,14919,5915,9004,61,8943,8606,337,5976,5751,14357
TJN_HOM_030_HomeGoods 2H Digital_F18,xAd Inc.,PJQ7MS_TJN_HOM_030_Mobile_GROUND TRUTH FKA XAD_DST_SV1_MAP_DIR_DSP_TRG_RON_DMA_PXT_DVY_AV DMA TARGETING_Run of Network_Geo_F25-54_300 x 250_Click and View_NV_NA,204646501,10/6/2017,3,0,3,2,1,1,0,0,0,3,2,2
TJN_HOM_030_HomeGoods 2H Digital_F18,NinthDecimal,PJQ7NG_TJN_HOM_030_Mobile_NINTHDECIMAL_DST_SV1_MAP_DIR_RCH_TRG_RON_BTG_DMA_DVY_CONSUMER JOURNEY: NEW HOME BUYERS & MOVERS_Run of Network_Behavioral_F25-54_320 x 50_Click and View_NV_NA,204625835,9/15/2017,8492,162,8330,2718,5612,28,5584,5395,189,2746,2653,8048
TJN_HOM_030_HomeGoods 2H Digital_F18,NinthDecimal,PJQ7NC_TJN_HOM_030_Mobile_NINTHDECIMAL_DST_SV1_MAP_DIR_RCH_TRG_RON_BTG_DMA_DVY_CONSUMER JOURNEY: DIYERS_Run of Network_Behavioral_F25-54_320 x 50_Click and View_NV_NA,204675009,10/3/2017,3527,85,3442,2496,946,15,931,907,24,2511,2446,3353
TJN_HOM_030_HomeGoods 2H Digital_F18,xAd Inc.,PJQ7MS_TJN_HOM_030_Mobile_GROUND TRUTH FKA XAD_DST_SV1_MAP_DIR_DSP_TRG_RON_DMA_PXT_DVY_AV DMA TARGETING_Run of Network_Geo_F25-54_300 x 250_Click and View_NV_NA,204646501,10/11/2017,5,4,1,0,1,0,1,1,0,0,0,1
TJN_HOM_025_HomeGoods Digital Video_Q4FY18,Tremor Video Inc.,PK6DWD_TJN_HOM_025_OLV_TREMOR NETWORK_AWR_BS1_MAP_DIR_VID_TRG_RON_BTG_CTG_DVY_ALL SCREEN PREROLL + SOCIAL AFFINITY TARGETING TO W25-54 HOME ENTHUSIASTS MOB/TAB APP_Run of Network_Behavioral_F25-54_1280 x 720_Standard_NV_NA,205941321,10/16/2017,142201,382,141819,141649,170,67,103,102,1,141716,140340,140442
TJN_HOM_030_HomeGoods 2H Digital_F18,NinthDecimal,PJQ7NJ_TJN_HOM_030_Mobile_NINTHDECIMAL_DST_SV1_MAP_DIR_RCH_TRG_RON_BTG_DMA_DVY_CONSUMER JOURNEY: BARGAIN HUNTERS_Run of Network_Behavioral_F25-54_320 x 50_Click and View_NV_NA,204644353,10/6/2017,13245,264,12981,7805,5176,68,5108,4881,227,7873,7523,12404
TJN_HOM_030_HomeGoods 2H Digital_F18,NinthDecimal,PJQ7N8_TJN_HOM_030_Mobile_NINTHDECIMAL_DST_SV1_MAP_DIR_RCH_TRG_RON_BTG_PXT_DVY_LOCATION GRAPH: HOMEGOODS LOYALISTS_Run of Network_Behavioral_F25-54_320 x 50_Click and View_NV_NA,204675012,10/9/2017,11444,134,11310,4540,6770,47,6723,6427,296,4587,4385,10812
TJN_HOM_030_HomeGoods 2H Digital_F18,NinthDecimal,PJQ7NC_TJN_HOM_030_Mobile_NINTHDECIMAL_DST_SV1_MAP_DIR_RCH_TRG_RON_BTG_DMA_DVY_CONSUMER JOURNEY: DIYERS_Run of Network_Behavioral_F25-54_320 x 50_Click and View_NV_NA,204675009,10/15/2017,9987,151,9836,5689,4147,41,4106,3972,134,5730,5543,9515
TJN_HOM_030_HomeGoods 2H Digital_F18,NinthDecimal,PJQ7NF_TJN_HOM_030_Mobile_NINTHDECIMAL_DST_SV1_MAP_DIR_RCH_TRG_RON_BTG_DMA_DVY_CONSUMER JOURNEY: HOME FURNISHINGS SHOPPERS_Run of Network_Behavioral_F25-54_320 x 50_Click and View_NV_NA,204626291,10/12/2017,9839,191,9648,5613,4035,15,4020,3886,134,5628,5440,9326
TJN_HOM_030_HomeGoods 2H Digital_F18,NinthDecimal,"PJQ7NK_TJN_HOM_030_Mobile_NINTHDECIMAL_DST_SV1_MAP_DIR_RCH_TRG_RON_BTG_DMA_DVY_TV TARGETING: HGTV, DIY NETWORK, BRAVO, TLC, FOOD NETWORK_Run of Network_Behavioral_F25-54_320 x 50_Click and View_NV_NA",204674553,9/22/2017,6486,99,6387,2017,4370,38,4332,4212,120,2055,1998,6210
TJN_HOM_030_HomeGoods 2H Digital_F18,NinthDecimal,PJQ7N8_TJN_HOM_030_Mobile_NINTHDECIMAL_DST_SV1_MAP_DIR_RCH_TRG_RON_BTG_PXT_DVY_LOCATION GRAPH: HOMEGOODS LOYALISTS_Run of Network_Behavioral_F25-54_320 x 50_Click and View_NV_NA,204675012,9/26/2017,6757,34,6723,1509,5214,14,5200,5042,158,1523,1477,6519
TJN_HOM_030_HomeGoods 2H Digital_F18,xAd Inc.,PJQ7ML_TJN_HOM_030_Mobile_GROUND TRUTH FKA XAD_DST_SV1_MAP_DIR_DSP_TRG_RON_BTG_DMA_DVY_BEHAVIORAL - HOME SHOPPER - DYNAMIC DISTANCE_Run of Network_Behavioral_F25-54_320 x 50_Click and View_NV_NA,204626174,10/4/2017,4,2,2,2,0,0,0,0,0,2,2,2
TJN_HOM_030_HomeGoods 2H Digital_F18,xAd Inc.,PJQ7MJ_TJN_HOM_030_Mobile_GROUND TRUTH FKA XAD_DST_SV1_MAP_DIR_DSP_TRG_RON_PXT_BTG_DVY_PROXIMITY LOYALTY - STORE LOCATOR UNIT_Run of Network_Geo_F25-54_320 x 50_Click and View_NV_NA,204649939,9/8/2017,42403,986,41417,36251,5166,82,5084,4908,176,36333,35075,39983
TJN_HOM_030_HomeGoods 2H Digital_F18,NinthDecimal,PJQ7ND_TJN_HOM_030_Mobile_NINTHDECIMAL_DST_SV1_MAP_DIR_RCH_TRG_RON_BTG_DMA_DVY_CONSUMER JOURNEY: HOUSEHOLD CEO_Run of Network_Behavioral_F25-54_320 x 50_Click and View_NV_NA,204626294,9/22/2017,9833,251,9582,2711,6871,30,6841,6707,134,2741,2687,9394
TJN_HOM_025_HomeGoods Digital Video_Q4FY18,Tremor Video Inc.,PK6DY1_TJN_HOM_025_OLV_TREMOR NETWORK_AWR_BS1_CTV_DIR_VID_TRG_RON_BTG_CTG_DVY_ALL SCREEN PREROLL + SOCIAL AFFINITY TARGETING TO W25-54 HOME ENTHUSIASTS CTV_Run of Network_Behavioral_F25-54_1280 x 720_Standard_NV_NA,205941318,10/8/2017,5138,0,5138,5138,0,0,0,0,0,5138,1005,1005
TJN_HOM_030_HomeGoods 2H Digital_F18,NinthDecimal,PJQ7NH_TJN_HOM_030_Mobile_NINTHDECIMAL_DST_SV1_MAP_DIR_RCH_TRG_RON_BTG_DMA_DVY_CONSUMER JOURNEY: PET SUPPLY SHOPPERS_Run of Network_Behavioral_F25-54_320 x 50_Click and View_NV_NA,204647914,10/8/2017,9606,148,9458,5460,3998,30,3968,3826,142,5490,5294,9120
TJN_HOM_030_HomeGoods 2H Digital_F18,NinthDecimal,"PJQ7NK_TJN_HOM_030_Mobile_NINTHDECIMAL_DST_SV1_MAP_DIR_RCH_TRG_RON_BTG_DMA_DVY_TV TARGETING: HGTV, DIY NETWORK, BRAVO, TLC, FOOD NETWORK_Run of Network_Behavioral_F25-54_320 x 50_Click and View_NV_NA",204674553,9/24/2017,6318,107,6211,1993,4218,29,4189,4073,116,2022,1966,6039
TJN_HOM_030_HomeGoods 2H Digital_F18,NinthDecimal,PJQ7N5_TJN_HOM_030_Mobile_NINTHDECIMAL_DST_SV1_MAP_DIR_RCH_TRG_RON_PXT_DMA_DVY_GEOFENCE: 2-MILE RADIUS AROUND URBAN STORES_Run of Network_Geo_F25-54_320 x 50_Click and View_NV_NA,204649945,9/15/2017,5752,105,5647,2534,3113,21,3092,2973,119,2555,2457,5430
TJN_HOM_030_HomeGoods 2H Digital_F18,xAd Inc.,PJQ7MG_TJN_HOM_030_Mobile_GROUND TRUTH FKA XAD_DST_SV1_MAP_DIR_DSP_TRG_RON_PXT_BTG_DVY_PROXIMITY LOYALTY - DYNAMIC DISTANCE_Run of Network_Geo_F25-54_320 x 50_Click and View_NV_NA,204626813,9/15/2017,37302,834,36468,24080,12388,4806,7582,6167,1415,28886,18327,24494
TJN_HOM_030_HomeGoods 2H Digital_F18,xAd Inc.,PJQ7MQ_TJN_HOM_030_Mobile_GROUND TRUTH FKA XAD_DST_SV1_MAP_DIR_DSP_TRG_RON_MKT_DMA_DVY_LOCATION - COMPETITOR SHOPPERS - DYNAMIC DISTANCE_Run of Network_Geo_F25-54_320 x 50_Click and View_NV_NA,204617210,10/8/2017,6568,100,6468,4447,2021,131,1890,1351,539,4578,3217,4568
TJN_HOM_030_HomeGoods 2H Digital_F18,xAd Inc.,PJQ7MJ_TJN_HOM_030_Mobile_GROUND TRUTH FKA XAD_DST_SV1_MAP_DIR_DSP_TRG_RON_PXT_BTG_DVY_PROXIMITY LOYALTY - STORE LOCATOR UNIT_Run of Network_Geo_F25-54_320 x 50_Click and View_NV_NA,204649939,10/7/2017,37976,756,37220,24648,12572,107,12465,11652,813,24755,23140,34792
TJN_HOM_025_HomeGoods Digital Video_Q4FY18,Tremor Video Inc.,PK1FYM_TJN_HOM_025_OLV_TREMOR NETWORK_AWR_BS1_DSK_DIR_VID_TRG_RON_BTG_CTG_DVY_ALL SCREEN PREROLL + SOCIAL AFFINITY TARGETING TO W25-54 HOME ENTHUSIASTS DESKTOP_Run of Network_Behavioral_F25-54_1280 x 720_Standard_NV_NA,205941870,10/8/2017,249610,79,249531,43287,206244,2628,203616,22461,181155,45915,5065,27526
TJN_HOM_030_HomeGoods 2H Digital_F18,NinthDecimal,PJQ7ND_TJN_HOM_030_Mobile_NINTHDECIMAL_DST_SV1_MAP_DIR_RCH_TRG_RON_BTG_DMA_DVY_CONSUMER JOURNEY: HOUSEHOLD CEO_Run of Network_Behavioral_F25-54_320 x 50_Click and View_NV_NA,204626294,9/24/2017,9433,178,9255,2763,6492,18,6474,6346,128,2781,2726,9072
TJN_HOM_030_HomeGoods 2H Digital_F18,xAd Inc.,PJQ7MR_TJN_HOM_030_Mobile_GROUND TRUTH FKA XAD_DST_SV1_MAP_DIR_DSP_TRG_RON_MKT_DMA_DVY_LOCATION - COMPETITOR SHOPPERS - DYNAMIC DISTANCE_Run of Network_Geo_F25-54_300 x 250_Click and View_NV_NA,204647890,9/18/2017,5064,304,4760,4754,6,0,6,3,3,4754,2377,2380
TJN_HOM_025_HomeGoods Digital Video_Q4FY18,Tremor Video Inc.,PK1FYN_TJN_HOM_025_OLV_TREMOR NETWORK_AWR_BS1_DSK_DIR_VID_TRG_RON_PXT_CTG_DVY_ALL SCREEN PREROLL + PROXIMITYPLUS DWELL TIME TARGETING TO HOMEGOODS VISITORS DESKTOP_Run of Network_Behavioral_F25-54_1280 x 720_Standard_NV_NA,205941312,10/13/2017,522,3,519,514,5,2,3,2,1,516,344,346
TJN_HOM_030_HomeGoods 2H Digital_F18,xAd Inc.,PJQ7MH_TJN_HOM_030_Mobile_GROUND TRUTH FKA XAD_DST_SV1_MAP_DIR_DSP_TRG_RON_PXT_BTG_DVY_PROXIMITY LOYALTY - DYNAMIC DISTANCE_Run of Network_Geo_F25-54_300 x 250_Click and View_NV_NA,204675003,10/10/2017,25902,613,25289,25289,0,0,0,0,0,25289,383,383
TJN_HOM_025_HomeGoods Digital Video_Q4FY18,Tremor Video Inc.,PK6DYV_TJN_HOM_025_OLV_TREMOR NETWORK_AWR_BS1_MAP_DIR_VID_TRG_RON_PXT_CTG_DVY_ALL SCREEN PREROLL + PROXIMITYPLUS DWELL TIME TARGETING TO HOMEGOODS VISITORS MOB/TAB APP_Run of Network_Behavioral_F25-54_1280 x 720_Standard_NV_NA,205859075,9/25/2017,1,0,1,0,1,0,1,1,0,0,0,1
TJN_HOM_030_HomeGoods 2H Digital_F18,NinthDecimal,PJQ7N6_TJN_HOM_030_Mobile_NINTHDECIMAL_DST_SV1_MAP_DIR_RCH_TRG_RON_PXT_DMA_DVY_GEOFENCE: 5-10-MILE RADIUS AROUND SUBURBAN STORES_Run of Network_Geo_F25-54_320 x 50_Click and View_NV_NA,204646507,9/16/2017,10113,279,9834,3306,6528,24,6504,6367,137,3330,3260,9627
TJN_HOM_030_HomeGoods 2H Digital_F18,NinthDecimal,PJQ7N8_TJN_HOM_030_Mobile_NINTHDECIMAL_DST_SV1_MAP_DIR_RCH_TRG_RON_BTG_PXT_DVY_LOCATION GRAPH: HOMEGOODS LOYALISTS_Run of Network_Behavioral_F25-54_320 x 50_Click and View_NV_NA,204675012,9/11/2017,9259,264,8995,2199,6796,30,6766,6577,189,2229,2167,8744
TJN_HOM_030_HomeGoods 2H Digital_F18,NinthDecimal,PJQ7N7_TJN_HOM_030_Mobile_NINTHDECIMAL_DST_SV1_MAP_DIR_RCH_TRG_RON_PXT_DMA_DVY_GEOFENCE: 15-20-MILE RADIUS AROUND RURAL STORES_Run of Network_Geo_F25-54_320 x 50_Click and View_NV_NA,204674556,10/17/2017,8734,183,8551,5184,3367,72,3295,3230,65,5256,5152,8382
TJN_HOM_030_HomeGoods 2H Digital_F18,NinthDecimal,PJQ7NJ_TJN_HOM_030_Mobile_NINTHDECIMAL_DST_SV1_MAP_DIR_RCH_TRG_RON_BTG_DMA_DVY_CONSUMER JOURNEY: BARGAIN HUNTERS_Run of Network_Behavioral_F25-54_320 x 50_Click and View_NV_NA,204644353,9/22/2017,9368,213,9155,3189,5966,40,5926,5777,149,3229,3148,8925
TJN_HOM_030_HomeGoods 2H Digital_F18,xAd Inc.,PJQ7MS_TJN_HOM_030_Mobile_GROUND TRUTH FKA XAD_DST_SV1_MAP_DIR_DSP_TRG_RON_DMA_PXT_DVY_AV DMA TARGETING_Run of Network_Geo_F25-54_300 x 250_Click and View_NV_NA,204646501,9/24/2017,8487,131,8356,4853,3503,1441,2062,1708,354,6294,5179,6887
TJN_HOM_030_HomeGoods 2H Digital_F18,xAd Inc.,PJQ7MN_TJN_HOM_030_Mobile_GROUND TRUTH FKA XAD_DST_SV1_MAP_DIR_DSP_TRG_RON_MKT_DMA_DVY_LOCATION - HOMEGOODS SHOPPERS - DYNAMIC DISTANCE_Run of Network_Geo_F25-54_320 x 50_Click and View_NV_NA,204651439,10/16/2017,5807,47,5760,3711,2049,65,1984,1761,223,3776,3296,5057
TJN_HOM_030_HomeGoods 2H Digital_F18,NinthDecimal,PJQ7N6_TJN_HOM_030_Mobile_NINTHDECIMAL_DST_SV1_MAP_DIR_RCH_TRG_RON_PXT_DMA_DVY_GEOFENCE: 5-10-MILE RADIUS AROUND SUBURBAN STORES_Run of Network_Geo_F25-54_320 x 50_Click and View_NV_NA,204646507,10/13/2017,8997,205,8792,5640,3152,25,3127,3047,80,5665,5520,8567
TJN_HOM_030_HomeGoods 2H Digital_F18,NinthDecimal,PJQ7N6_TJN_HOM_030_Mobile_NINTHDECIMAL_DST_SV1_MAP_DIR_RCH_TRG_RON_PXT_DMA_DVY_GEOFENCE: 5-10-MILE RADIUS AROUND SUBURBAN STORES_Run of Network_Geo_F25-54_320 x 50_Click and View_NV_NA,204646507,9/13/2017,12295,340,11955,3058,8897,25,8872,8740,132,3083,3037,11777
TJN_HOM_030_HomeGoods 2H Digital_F18,NinthDecimal,PJQ7N9_TJN_HOM_030_Mobile_NINTHDECIMAL_DST_SV1_MAP_DIR_RCH_TRG_RON_BTG_PXT_DVY_LOCATION GRAPH: TJX FAMILY LOYALISTS_Run of Network_Behavioral_F25-54_320 x 50_Click and View_NV_NA,204647917,9/15/2017,4800,63,4737,1285,3452,10,3442,3323,119,1295,1250,4573
TJN_HOM_030_HomeGoods 2H Digital_F18,NinthDecimal,PJQ7N8_TJN_HOM_030_Mobile_NINTHDECIMAL_DST_SV1_MAP_DIR_RCH_TRG_RON_BTG_PXT_DVY_LOCATION GRAPH: HOMEGOODS LOYALISTS_Run of Network_Behavioral_F25-54_320 x 50_Click and View_NV_NA,204675012,10/19/2017,13412,158,13254,4110,9144,43,9101,8725,376,4153,3981,12706
TJN_HOM_030_HomeGoods 2H Digital_F18,NinthDecimal,PJQ7NJ_TJN_HOM_030_Mobile_NINTHDECIMAL_DST_SV1_MAP_DIR_RCH_TRG_RON_BTG_DMA_DVY_CONSUMER JOURNEY: BARGAIN HUNTERS_Run of Network_Behavioral_F25-54_320 x 50_Click and View_NV_NA,204644353,9/24/2017,9060,150,8910,2785,6125,32,6093,5935,158,2817,2744,8679
TJN_HOM_030_HomeGoods 2H Digital_F18,xAd Inc.,PJQ7MS_TJN_HOM_030_Mobile_GROUND TRUTH FKA XAD_DST_SV1_MAP_DIR_DSP_TRG_RON_DMA_PXT_DVY_AV DMA TARGETING_Run of Network_Geo_F25-54_300 x 250_Click and View_NV_NA,204646501,9/22/2017,8478,141,8337,4523,3814,2759,1055,828,227,7282,5665,6493
TJN_HOM_030_HomeGoods 2H Digital_F18,NinthDecimal,PJQ7N7_TJN_HOM_030_Mobile_NINTHDECIMAL_DST_SV1_MAP_DIR_RCH_TRG_RON_PXT_DMA_DVY_GEOFENCE: 15-20-MILE RADIUS AROUND RURAL STORES_Run of Network_Geo_F25-54_320 x 50_Click and View_NV_NA,204674556,10/5/2017,6434,158,6276,4301,1975,15,1960,1914,46,4316,4215,6129
TJN_HOM_030_HomeGoods 2H Digital_F18,xAd Inc.,PJQ7ML_TJN_HOM_030_Mobile_GROUND TRUTH FKA XAD_DST_SV1_MAP_DIR_DSP_TRG_RON_BTG_DMA_DVY_BEHAVIORAL - HOME SHOPPER - DYNAMIC DISTANCE_Run of Network_Behavioral_F25-54_320 x 50_Click and View_NV_NA,204626174,9/9/2017,19166,280,18886,6471,12415,8679,3736,2992,744,15150,11851,14843
TJN_HOM_030_HomeGoods 2H Digital_F18,xAd Inc.,PJQ7ML_TJN_HOM_030_Mobile_GROUND TRUTH FKA XAD_DST_SV1_MAP_DIR_DSP_TRG_RON_BTG_DMA_DVY_BEHAVIORAL - HOME SHOPPER - DYNAMIC DISTANCE_Run of Network_Behavioral_F25-54_320 x 50_Click and View_NV_NA,204626174,10/21/2017,5206,86,5120,3227,1893,65,1828,857,971,3292,1543,2400
TJN_HOM_030_HomeGoods 2H Digital_F18,NinthDecimal,PJQ7N6_TJN_HOM_030_Mobile_NINTHDECIMAL_DST_SV1_MAP_DIR_RCH_TRG_RON_PXT_DMA_DVY_GEOFENCE: 5-10-MILE RADIUS AROUND SUBURBAN STORES_Run of Network_Geo_F25-54_320 x 50_Click and View_NV_NA,204646507,9/19/2017,26449,700,25749,12678,13071,94,12977,12577,400,12772,12378,24955
TJN_HOM_030_HomeGoods 2H Digital_F18,xAd Inc.,PJQ7MP_TJN_HOM_030_Mobile_GROUND TRUTH FKA XAD_DST_SV1_MAP_DIR_DSP_TRG_RON_MKT_DMA_DVY_LOCATION - HOMEGOODS SHOPPERS - DYNAMIC DISTANCE_Run of Network_Geo_F25-54_300 x 250_Click and View_NV_NA,204647878,10/18/2017,7139,307,6832,6832,0,0,0,0,0,6832,6326,6326
TJN_HOM_030_HomeGoods 2H Digital_F18,xAd Inc.,PJQ7MH_TJN_HOM_030_Mobile_GROUND TRUTH FKA XAD_DST_SV1_MAP_DIR_DSP_TRG_RON_PXT_BTG_DVY_PROXIMITY LOYALTY - DYNAMIC DISTANCE_Run of Network_Geo_F25-54_300 x 250_Click and View_NV_NA,204675003,9/4/2017,1,0,1,0,1,0,1,1,0,0,0,1
TJN_HOM_030_HomeGoods 2H Digital_F18,NinthDecimal,PJQ7ND_TJN_HOM_030_Mobile_NINTHDECIMAL_DST_SV1_MAP_DIR_RCH_TRG_RON_BTG_DMA_DVY_CONSUMER JOURNEY: HOUSEHOLD CEO_Run of Network_Behavioral_F25-54_320 x 50_Click and View_NV_NA,204626294,9/30/2017,25140,300,24840,9434,15406,55,15351,14932,419,9489,9230,24162
TJN_HOM_030_HomeGoods 2H Digital_F18,NinthDecimal,"PJQ7NK_TJN_HOM_030_Mobile_NINTHDECIMAL_DST_SV1_MAP_DIR_RCH_TRG_RON_BTG_DMA_DVY_TV TARGETING: HGTV, DIY NETWORK, BRAVO, TLC, FOOD NETWORK_Run of Network_Behavioral_F25-54_320 x 50_Click and View_NV_NA",204674553,9/30/2017,9471,146,9325,3100,6225,33,6192,6034,158,3133,3053,9087
TJN_HOM_030_HomeGoods 2H Digital_F18,xAd Inc.,PJQ7MQ_TJN_HOM_030_Mobile_GROUND TRUTH FKA XAD_DST_SV1_MAP_DIR_DSP_TRG_RON_MKT_DMA_DVY_LOCATION - COMPETITOR SHOPPERS - DYNAMIC DISTANCE_Run of Network_Geo_F25-54_320 x 50_Click and View_NV_NA,204617210,10/7/2017,6928,88,6840,5582,1258,97,1161,989,172,5679,4729,5718
TJN_HOM_025_HomeGoods Digital Video_Q4FY18,Tremor Video Inc.,PK6DWD_TJN_HOM_025_OLV_TREMOR NETWORK_AWR_BS1_MAP_DIR_VID_TRG_RON_BTG_CTG_DVY_ALL SCREEN PREROLL + SOCIAL AFFINITY TARGETING TO W25-54 HOME ENTHUSIASTS MOB/TAB APP_Run of Network_Behavioral_F25-54_1280 x 720_Standard_NV_NA,205941321,10/11/2017,764,2,762,569,193,0,193,166,27,569,489,655
TJN_HOM_030_HomeGoods 2H Digital_F18,xAd Inc.,PJQ7MJ_TJN_HOM_030_Mobile_GROUND TRUTH FKA XAD_DST_SV1_MAP_DIR_DSP_TRG_RON_PXT_BTG_DVY_PROXIMITY LOYALTY - STORE LOCATOR UNIT_Run of Network_Geo_F25-54_320 x 50_Click and View_NV_NA,204649939,10/8/2017,16404,390,16014,7681,8333,89,8244,7569,675,7770,7134,14703
TJN_HOM_025_HomeGoods Digital Video_Q4FY18,Tremor Video Inc.,PK1FYM_TJN_HOM_025_OLV_TREMOR NETWORK_AWR_BS1_DSK_DIR_VID_TRG_RON_BTG_CTG_DVY_ALL SCREEN PREROLL + SOCIAL AFFINITY TARGETING TO W25-54 HOME ENTHUSIASTS DESKTOP_Run of Network_Behavioral_F25-54_1280 x 720_Standard_NV_NA,205941870,10/7/2017,253183,92,253091,80822,172269,1844,170425,23196,147229,82666,11251,34447
TJN_HOM_030_HomeGoods 2H Digital_F18,xAd Inc.,PJQ7MS_TJN_HOM_030_Mobile_GROUND TRUTH FKA XAD_DST_SV1_MAP_DIR_DSP_TRG_RON_DMA_PXT_DVY_AV DMA TARGETING_Run of Network_Geo_F25-54_300 x 250_Click and View_NV_NA,204646501,10/16/2017,2449,37,2412,1648,764,13,751,604,147,1661,1336,1940
TJN_HOM_030_HomeGoods 2H Digital_F18,xAd Inc.,PJQ7MH_TJN_HOM_030_Mobile_GROUND TRUTH FKA XAD_DST_SV1_MAP_DIR_DSP_TRG_RON_PXT_BTG_DVY_PROXIMITY LOYALTY - DYNAMIC DISTANCE_Run of Network_Geo_F25-54_300 x 250_Click and View_NV_NA,204675003,10/12/2017,27326,926,26400,26399,1,0,1,1,0,26399,26399,26400
TJN_HOM_030_HomeGoods 2H Digital_F18,NinthDecimal,PJQ7NH_TJN_HOM_030_Mobile_NINTHDECIMAL_DST_SV1_MAP_DIR_RCH_TRG_RON_BTG_DMA_DVY_CONSUMER JOURNEY: PET SUPPLY SHOPPERS_Run of Network_Behavioral_F25-54_320 x 50_Click and View_NV_NA,204647914,10/7/2017,9864,198,9666,5702,3964,39,3925,3797,128,5741,5554,9351
TJN_HOM_030_HomeGoods 2H Digital_F18,NinthDecimal,PJQ7N8_TJN_HOM_030_Mobile_NINTHDECIMAL_DST_SV1_MAP_DIR_RCH_TRG_RON_BTG_PXT_DVY_LOCATION GRAPH: HOMEGOODS LOYALISTS_Run of Network_Behavioral_F25-54_320 x 50_Click and View_NV_NA,204675012,9/23/2017,4790,55,4735,1237,3498,10,3488,3392,96,1247,1213,4605
TJN_HOM_030_HomeGoods 2H Digital_F18,xAd Inc.,PJQ7MN_TJN_HOM_030_Mobile_GROUND TRUTH FKA XAD_DST_SV1_MAP_DIR_DSP_TRG_RON_MKT_DMA_DVY_LOCATION - HOMEGOODS SHOPPERS - DYNAMIC DISTANCE_Run of Network_Geo_F25-54_320 x 50_Click and View_NV_NA,204651439,9/24/2017,8758,121,8637,7147,1490,297,1193,1143,50,7444,6736,7879
TJN_HOM_030_HomeGoods 2H Digital_F18,NinthDecimal,PJQ7N8_TJN_HOM_030_Mobile_NINTHDECIMAL_DST_SV1_MAP_DIR_RCH_TRG_RON_BTG_PXT_DVY_LOCATION GRAPH: HOMEGOODS LOYALISTS_Run of Network_Behavioral_F25-54_320 x 50_Click and View_NV_NA,204675012,10/2/2017,13463,145,13318,5505,7813,40,7773,7482,291,5545,5337,12819
TJN_HOM_030_HomeGoods 2H Digital_F18,NinthDecimal,PJQ7NJ_TJN_HOM_030_Mobile_NINTHDECIMAL_DST_SV1_MAP_DIR_RCH_TRG_RON_BTG_DMA_DVY_CONSUMER JOURNEY: BARGAIN HUNTERS_Run of Network_Behavioral_F25-54_320 x 50_Click and View_NV_NA,204644353,10/16/2017,9705,150,9555,4679,4876,42,4834,4668,166,4721,4559,9227
TJN_HOM_030_HomeGoods 2H Digital_F18,NinthDecimal,PJQ7N8_TJN_HOM_030_Mobile_NINTHDECIMAL_DST_SV1_MAP_DIR_RCH_TRG_RON_BTG_PXT_DVY_LOCATION GRAPH: HOMEGOODS LOYALISTS_Run of Network_Behavioral_F25-54_320 x 50_Click and View_NV_NA,204675012,10/1/2017,27098,317,26781,9572,17209,100,17109,16500,609,9672,9328,25828
TJN_HOM_030_HomeGoods 2H Digital_F18,NinthDecimal,PJQ7NH_TJN_HOM_030_Mobile_NINTHDECIMAL_DST_SV1_MAP_DIR_RCH_TRG_RON_BTG_DMA_DVY_CONSUMER JOURNEY: PET SUPPLY SHOPPERS_Run of Network_Behavioral_F25-54_320 x 50_Click and View_NV_NA,204647914,9/8/2017,3291,66,3225,1477,1748,12,1736,1690,46,1489,1450,3140
TJN_HOM_025_HomeGoods Digital Video_Q4FY18,Tremor Video Inc.,PK6DY1_TJN_HOM_025_OLV_TREMOR NETWORK_AWR_BS1_CTV_DIR_VID_TRG_RON_BTG_CTG_DVY_ALL SCREEN PREROLL + SOCIAL AFFINITY TARGETING TO W25-54 HOME ENTHUSIASTS CTV_Run of Network_Behavioral_F25-54_1280 x 720_Standard_NV_NA,205941318,10/7/2017,2658,0,2658,2658,0,0,0,0,0,2658,429,429
TJN_HOM_025_HomeGoods Digital Video_Q4FY18,Tremor Video Inc.,PK6DYV_TJN_HOM_025_OLV_TREMOR NETWORK_AWR_BS1_MAP_DIR_VID_TRG_RON_PXT_CTG_DVY_ALL SCREEN PREROLL + PROXIMITYPLUS DWELL TIME TARGETING TO HOMEGOODS VISITORS MOB/TAB APP_Run of Network_Behavioral_F25-54_1280 x 720_Standard_NV_NA,205859075,10/15/2017,88226,472,87754,87471,283,22,261,254,7,87493,85146,85400
TJN_HOM_025_HomeGoods Digital Video_Q4FY18,Tremor Video Inc.,PK6DWD_TJN_HOM_025_OLV_TREMOR NETWORK_AWR_BS1_MAP_DIR_VID_TRG_RON_BTG_CTG_DVY_ALL SCREEN PREROLL + SOCIAL AFFINITY TARGETING TO W25-54 HOME ENTHUSIASTS MOB/TAB APP_Run of Network_Behavioral_F25-54_1280 x 720_Standard_NV_NA,205941321,10/6/2017,569,0,569,569,0,0,0,0,0,569,319,319
TJN_HOM_030_HomeGoods 2H Digital_F18,xAd Inc.,PJQ7MN_TJN_HOM_030_Mobile_GROUND TRUTH FKA XAD_DST_SV1_MAP_DIR_DSP_TRG_RON_MKT_DMA_DVY_LOCATION - HOMEGOODS SHOPPERS - DYNAMIC DISTANCE_Run of Network_Geo_F25-54_320 x 50_Click and View_NV_NA,204651439,9/22/2017,9912,147,9765,7401,2364,472,1892,1798,94,7873,6977,8775
TJN_HOM_030_HomeGoods 2H Digital_F18,xAd Inc.,PJQ7MQ_TJN_HOM_030_Mobile_GROUND TRUTH FKA XAD_DST_SV1_MAP_DIR_DSP_TRG_RON_MKT_DMA_DVY_LOCATION - COMPETITOR SHOPPERS - DYNAMIC DISTANCE_Run of Network_Geo_F25-54_320 x 50_Click and View_NV_NA,204617210,9/8/2017,28005,394,27611,20852,6759,3577,3182,2750,432,24429,20407,23157
TJN_HOM_030_HomeGoods 2H Digital_F18,NinthDecimal,PJQ7N8_TJN_HOM_030_Mobile_NINTHDECIMAL_DST_SV1_MAP_DIR_RCH_TRG_RON_BTG_PXT_DVY_LOCATION GRAPH: HOMEGOODS LOYALISTS_Run of Network_Behavioral_F25-54_320 x 50_Click and View_NV_NA,204675012,10/3/2017,3971,72,3899,2265,1634,24,1610,1559,51,2289,2216,3775
TJN_HOM_030_HomeGoods 2H Digital_F18,xAd Inc.,PJQ7MP_TJN_HOM_030_Mobile_GROUND TRUTH FKA XAD_DST_SV1_MAP_DIR_DSP_TRG_RON_MKT_DMA_DVY_LOCATION - HOMEGOODS SHOPPERS - DYNAMIC DISTANCE_Run of Network_Geo_F25-54_300 x 250_Click and View_NV_NA,204647878,9/20/2017,3595,134,3461,3442,19,1,18,14,4,3443,2676,2690
TJN_HOM_030_HomeGoods 2H Digital_F18,xAd Inc.,PJQ7MK_TJN_HOM_030_Mobile_GROUND TRUTH FKA XAD_DST_SV1_MAP_DIR_DSP_TRG_RON_PXT_BTG_DVY_PROXIMITY LOYALTY - STORE LOCATOR UNIT_Run of Network_Geo_F25-54_300 x 250_Click and View_NV_NA,204625442,9/16/2017,1750,30,1720,89,1631,418,1213,1010,203,507,422,1432
TJN_HOM_030_HomeGoods 2H Digital_F18,xAd Inc.,PJQ7MS_TJN_HOM_030_Mobile_GROUND TRUTH FKA XAD_DST_SV1_MAP_DIR_DSP_TRG_RON_DMA_PXT_DVY_AV DMA TARGETING_Run of Network_Geo_F25-54_300 x 250_Click and View_NV_NA,204646501,9/30/2017,3,0,3,2,1,1,0,0,0,3,3,3
TJN_HOM_030_HomeGoods 2H Digital_F18,NinthDecimal,PJQ7N7_TJN_HOM_030_Mobile_NINTHDECIMAL_DST_SV1_MAP_DIR_RCH_TRG_RON_PXT_DMA_DVY_GEOFENCE: 15-20-MILE RADIUS AROUND RURAL STORES_Run of Network_Geo_F25-54_320 x 50_Click and View_NV_NA,204674556,9/10/2017,6732,134,6598,2362,4236,14,4222,4109,113,2376,2312,6421
TJN_HOM_030_HomeGoods 2H Digital_F18,NinthDecimal,PJQ7NJ_TJN_HOM_030_Mobile_NINTHDECIMAL_DST_SV1_MAP_DIR_RCH_TRG_RON_BTG_DMA_DVY_CONSUMER JOURNEY: BARGAIN HUNTERS_Run of Network_Behavioral_F25-54_320 x 50_Click and View_NV_NA,204644353,9/30/2017,12311,266,12045,3899,8146,32,8114,7917,197,3931,3836,11753
TJN_HOM_030_HomeGoods 2H Digital_F18,NinthDecimal,PJQ7N7_TJN_HOM_030_Mobile_NINTHDECIMAL_DST_SV1_MAP_DIR_RCH_TRG_RON_PXT_DMA_DVY_GEOFENCE: 15-20-MILE RADIUS AROUND RURAL STORES_Run of Network_Geo_F25-54_320 x 50_Click and View_NV_NA,204674556,9/29/2017,42751,950,41801,22328,19473,98,19375,18812,563,22426,21774,40586
TJN_HOM_025_HomeGoods Digital Video_Q4FY18,Hulu,PJTDFW_TJN_HOM_025_FEP_HULU_Branded Slate_ROS_CROSS DEVICE_PRE-ROLL_CUSTOM_VECTOR LOGO_1X1_AUDIENCE_N/A_N/A_SITE_N/A_Run of Site_Contextual_F25-54_1 x 1_Click and View_NV_NA,204648077,9/13/2017,63,3,60,60,0,0,0,0,0,60,,
TJN_HOM_030_HomeGoods 2H Digital_F18,NinthDecimal,PJQ7NC_TJN_HOM_030_Mobile_NINTHDECIMAL_DST_SV1_MAP_DIR_RCH_TRG_RON_BTG_DMA_DVY_CONSUMER JOURNEY: DIYERS_Run of Network_Behavioral_F25-54_320 x 50_Click and View_NV_NA,204675009,9/25/2017,10093,175,9918,3684,6234,32,6202,6050,152,3716,3625,9675
TJN_HOM_030_HomeGoods 2H Digital_F18,xAd Inc.,PJQ7MK_TJN_HOM_030_Mobile_GROUND TRUTH FKA XAD_DST_SV1_MAP_DIR_DSP_TRG_RON_PXT_BTG_DVY_PROXIMITY LOYALTY - STORE LOCATOR UNIT_Run of Network_Geo_F25-54_300 x 250_Click and View_NV_NA,204625442,9/19/2017,2479,59,2420,211,2209,25,2184,1860,324,236,200,2060
TJN_HOM_030_HomeGoods 2H Digital_F18,NinthDecimal,PJQ7NF_TJN_HOM_030_Mobile_NINTHDECIMAL_DST_SV1_MAP_DIR_RCH_TRG_RON_BTG_DMA_DVY_CONSUMER JOURNEY: HOME FURNISHINGS SHOPPERS_Run of Network_Behavioral_F25-54_320 x 50_Click and View_NV_NA,204626291,10/10/2017,9111,142,8969,6101,2868,19,2849,2763,86,6120,5935,8698
TJN_HOM_030_HomeGoods 2H Digital_F18,xAd Inc.,PJQ7ML_TJN_HOM_030_Mobile_GROUND TRUTH FKA XAD_DST_SV1_MAP_DIR_DSP_TRG_RON_BTG_DMA_DVY_BEHAVIORAL - HOME SHOPPER - DYNAMIC DISTANCE_Run of Network_Behavioral_F25-54_320 x 50_Click and View_NV_NA,204626174,9/7/2017,19037,302,18735,12128,6607,1838,4769,3824,945,13966,10923,14747
TJN_HOM_030_HomeGoods 2H Digital_F18,NinthDecimal,"PJQ7NK_TJN_HOM_030_Mobile_NINTHDECIMAL_DST_SV1_MAP_DIR_RCH_TRG_RON_BTG_DMA_DVY_TV TARGETING: HGTV, DIY NETWORK, BRAVO, TLC, FOOD NETWORK_Run of Network_Behavioral_F25-54_320 x 50_Click and View_NV_NA",204674553,10/16/2017,9582,129,9453,4872,4581,80,4501,4337,164,4952,4772,9109
TJN_HOM_030_HomeGoods 2H Digital_F18,NinthDecimal,PJQ7NG_TJN_HOM_030_Mobile_NINTHDECIMAL_DST_SV1_MAP_DIR_RCH_TRG_RON_BTG_DMA_DVY_CONSUMER JOURNEY: NEW HOME BUYERS & MOVERS_Run of Network_Behavioral_F25-54_320 x 50_Click and View_NV_NA,204625835,9/18/2017,8910,171,8739,2707,6032,57,5975,5792,183,2764,2679,8471
TJN_HOM_030_HomeGoods 2H Digital_F18,xAd Inc.,PJQ7MK_TJN_HOM_030_Mobile_GROUND TRUTH FKA XAD_DST_SV1_MAP_DIR_DSP_TRG_RON_PXT_BTG_DVY_PROXIMITY LOYALTY - STORE LOCATOR UNIT_Run of Network_Geo_F25-54_300 x 250_Click and View_NV_NA,204625442,10/13/2017,5838,74,5764,104,5660,60,5600,5109,491,164,150,5259
TJN_HOM_030_HomeGoods 2H Digital_F18,xAd Inc.,PJQ7MK_TJN_HOM_030_Mobile_GROUND TRUTH FKA XAD_DST_SV1_MAP_DIR_DSP_TRG_RON_PXT_BTG_DVY_PROXIMITY LOYALTY - STORE LOCATOR UNIT_Run of Network_Geo_F25-54_300 x 250_Click and View_NV_NA,204625442,9/13/2017,6881,119,6762,3338,3424,25,3399,3254,145,3363,3220,6474
TJN_HOM_030_HomeGoods 2H Digital_F18,NinthDecimal,PJQ7ND_TJN_HOM_030_Mobile_NINTHDECIMAL_DST_SV1_MAP_DIR_RCH_TRG_RON_BTG_DMA_DVY_CONSUMER JOURNEY: HOUSEHOLD CEO_Run of Network_Behavioral_F25-54_320 x 50_Click and View_NV_NA,204626294,10/16/2017,9698,162,9536,5113,4423,23,4400,4263,137,5136,4976,9239
TJN_HOM_025_HomeGoods Digital Video_Q4FY18,Tremor Video Inc.,PK6DYV_TJN_HOM_025_OLV_TREMOR NETWORK_AWR_BS1_MAP_DIR_VID_TRG_RON_PXT_CTG_DVY_ALL SCREEN PREROLL + PROXIMITYPLUS DWELL TIME TARGETING TO HOMEGOODS VISITORS MOB/TAB APP_Run of Network_Behavioral_F25-54_1280 x 720_Standard_NV_NA,205859075,10/21/2017,146432,3085,143347,139262,4085,254,3831,75,3756,139516,2731,2806
TJN_HOM_030_HomeGoods 2H Digital_F18,xAd Inc.,PJQ7MP_TJN_HOM_030_Mobile_GROUND TRUTH FKA XAD_DST_SV1_MAP_DIR_DSP_TRG_RON_MKT_DMA_DVY_LOCATION - HOMEGOODS SHOPPERS - DYNAMIC DISTANCE_Run of Network_Geo_F25-54_300 x 250_Click and View_NV_NA,204647878,10/19/2017,7065,234,6831,6831,0,0,0,0,0,6831,6325,6325
TJN_HOM_030_HomeGoods 2H Digital_F18,NinthDecimal,PJQ7NB_TJN_HOM_030_Mobile_NINTHDECIMAL_DST_SV1_MAP_DIR_RCH_TRG_RON_BTG_PXT_DVY_LOCATION GRAPH: COMPETITIVE CONQUESTING_Run of Network_Behavioral_F25-54_320 x 50_Click and View_NV_NA,204649942,9/28/2017,3359,57,3302,1410,1892,9,1883,1836,47,1419,1384,3220
TJN_HOM_030_HomeGoods 2H Digital_F18,NinthDecimal,PJQ7NH_TJN_HOM_030_Mobile_NINTHDECIMAL_DST_SV1_MAP_DIR_RCH_TRG_RON_BTG_DMA_DVY_CONSUMER JOURNEY: PET SUPPLY SHOPPERS_Run of Network_Behavioral_F25-54_320 x 50_Click and View_NV_NA,204647914,9/15/2017,9592,211,9381,3180,6201,57,6144,5927,217,3237,3123,9050
TJN_HOM_030_HomeGoods 2H Digital_F18,NinthDecimal,PJQ7N5_TJN_HOM_030_Mobile_NINTHDECIMAL_DST_SV1_MAP_DIR_RCH_TRG_RON_PXT_DMA_DVY_GEOFENCE: 2-MILE RADIUS AROUND URBAN STORES_Run of Network_Geo_F25-54_320 x 50_Click and View_NV_NA,204649945,10/8/2017,7589,189,7400,4428,2972,39,2933,2821,112,4467,4296,7117
TJN_HOM_030_HomeGoods 2H Digital_F18,NinthDecimal,PJQ7N8_TJN_HOM_030_Mobile_NINTHDECIMAL_DST_SV1_MAP_DIR_RCH_TRG_RON_BTG_PXT_DVY_LOCATION GRAPH: HOMEGOODS LOYALISTS_Run of Network_Behavioral_F25-54_320 x 50_Click and View_NV_NA,204675012,10/18/2017,13145,157,12988,4041,8947,81,8866,8577,289,4122,3988,12565
TJN_HOM_030_HomeGoods 2H Digital_F18,NinthDecimal,PJQ7N6_TJN_HOM_030_Mobile_NINTHDECIMAL_DST_SV1_MAP_DIR_RCH_TRG_RON_PXT_DMA_DVY_GEOFENCE: 5-10-MILE RADIUS AROUND SUBURBAN STORES_Run of Network_Geo_F25-54_320 x 50_Click and View_NV_NA,204646507,10/12/2017,8470,198,8272,4768,3504,20,3484,3379,105,4788,4644,8023
TJN_HOM_030_HomeGoods 2H Digital_F18,xAd Inc.,PJQ7MQ_TJN_HOM_030_Mobile_GROUND TRUTH FKA XAD_DST_SV1_MAP_DIR_DSP_TRG_RON_MKT_DMA_DVY_LOCATION - COMPETITOR SHOPPERS - DYNAMIC DISTANCE_Run of Network_Geo_F25-54_320 x 50_Click and View_NV_NA,204617210,9/15/2017,15402,231,15171,10868,4303,2388,1915,1811,104,13256,11293,13104
TJN_HOM_030_HomeGoods 2H Digital_F18,xAd Inc.,PJQ7MG_TJN_HOM_030_Mobile_GROUND TRUTH FKA XAD_DST_SV1_MAP_DIR_DSP_TRG_RON_PXT_BTG_DVY_PROXIMITY LOYALTY - DYNAMIC DISTANCE_Run of Network_Geo_F25-54_320 x 50_Click and View_NV_NA,204626813,10/8/2017,58166,1842,56324,39339,16985,1230,15755,12536,3219,40569,28373,40909
TJN_HOM_025_HomeGoods Digital Video_Q4FY18,Tremor Video Inc.,PK6F30_TJN_HOM_025_OLV_TREMOR NETWORK_AWR_BS1_CTV_DIR_VID_TRG_RON_PXT_CTG_DVY_ALL SCREEN PREROLL + PROXIMITYPLUS DWELL TIME TARGETING TO HOMEGOODS VISITORS CTV_Run of Network_Behavioral_F25-54_1280 x 720_Standard_NV_NA,205942131,10/8/2017,4608,0,4608,4608,0,0,0,0,0,4608,0,0
TJN_HOM_030_HomeGoods 2H Digital_F18,NinthDecimal,PJQ7NB_TJN_HOM_030_Mobile_NINTHDECIMAL_DST_SV1_MAP_DIR_RCH_TRG_RON_BTG_PXT_DVY_LOCATION GRAPH: COMPETITIVE CONQUESTING_Run of Network_Behavioral_F25-54_320 x 50_Click and View_NV_NA,204649942,10/14/2017,8390,121,8269,5509,2760,30,2730,2635,95,5539,5346,7981
TJN_HOM_030_HomeGoods 2H Digital_F18,NinthDecimal,PJQ7NB_TJN_HOM_030_Mobile_NINTHDECIMAL_DST_SV1_MAP_DIR_RCH_TRG_RON_BTG_PXT_DVY_LOCATION GRAPH: COMPETITIVE CONQUESTING_Run of Network_Behavioral_F25-54_320 x 50_Click and View_NV_NA,204649942,9/14/2017,7710,168,7542,3323,4219,31,4188,4075,113,3354,3264,7339
TJN_HOM_030_HomeGoods 2H Digital_F18,NinthDecimal,PJQ7NJ_TJN_HOM_030_Mobile_NINTHDECIMAL_DST_SV1_MAP_DIR_RCH_TRG_RON_BTG_DMA_DVY_CONSUMER JOURNEY: BARGAIN HUNTERS_Run of Network_Behavioral_F25-54_320 x 50_Click and View_NV_NA,204644353,9/17/2017,10297,198,10099,2780,7319,35,7284,7089,195,2815,2740,9829
TJN_HOM_030_HomeGoods 2H Digital_F18,xAd Inc.,PJQ7ML_TJN_HOM_030_Mobile_GROUND TRUTH FKA XAD_DST_SV1_MAP_DIR_DSP_TRG_RON_BTG_DMA_DVY_BEHAVIORAL - HOME SHOPPER - DYNAMIC DISTANCE_Run of Network_Behavioral_F25-54_320 x 50_Click and View_NV_NA,204626174,9/25/2017,219811,5618,214193,105879,108314,3948,104366,79894,24472,109827,77639,157533
TJN_HOM_030_HomeGoods 2H Digital_F18,NinthDecimal,"PJQ7NK_TJN_HOM_030_Mobile_NINTHDECIMAL_DST_SV1_MAP_DIR_RCH_TRG_RON_BTG_DMA_DVY_TV TARGETING: HGTV, DIY NETWORK, BRAVO, TLC, FOOD NETWORK_Run of Network_Behavioral_F25-54_320 x 50_Click and View_NV_NA",204674553,9/6/2017,3282,70,3212,2021,1191,18,1173,1123,50,2039,1952,3075
TJN_HOM_030_HomeGoods 2H Digital_F18,NinthDecimal,PJQ7NC_TJN_HOM_030_Mobile_NINTHDECIMAL_DST_SV1_MAP_DIR_RCH_TRG_RON_BTG_DMA_DVY_CONSUMER JOURNEY: DIYERS_Run of Network_Behavioral_F25-54_320 x 50_Click and View_NV_NA,204675009,9/7/2017,6881,130,6751,2433,4318,17,4301,4227,74,2450,2408,6635
TJN_HOM_030_HomeGoods 2H Digital_F18,xAd Inc.,PJQ7MS_TJN_HOM_030_Mobile_GROUND TRUTH FKA XAD_DST_SV1_MAP_DIR_DSP_TRG_RON_DMA_PXT_DVY_AV DMA TARGETING_Run of Network_Geo_F25-54_300 x 250_Click and View_NV_NA,204646501,9/17/2017,8587,109,8478,3261,5217,3251,1966,1524,442,6512,5048,6572
TJN_HOM_025_HomeGoods Digital Video_Q4FY18,Tremor Video Inc.,PK1FYN_TJN_HOM_025_OLV_TREMOR NETWORK_AWR_BS1_DSK_DIR_VID_TRG_RON_PXT_CTG_DVY_ALL SCREEN PREROLL + PROXIMITYPLUS DWELL TIME TARGETING TO HOMEGOODS VISITORS DESKTOP_Run of Network_Behavioral_F25-54_1280 x 720_Standard_NV_NA,205941312,10/12/2017,265,0,265,260,5,0,5,5,0,260,260,265
TJN_HOM_030_HomeGoods 2H Digital_F18,xAd Inc.,PJQ7MM_TJN_HOM_030_Mobile_GROUND TRUTH FKA XAD_DST_SV1_MAP_DIR_DSP_TRG_RON_BTG_DMA_DVY_BEHAVIORAL - HOME SHOPPER- DYNAMIC DISTANCE_Run of Network_Behavioral_F25-54_300 x 250_Click and View_NV_NA,204626171,9/5/2017,4685,62,4623,4611,12,0,12,6,6,4611,2306,2312
TJN_HOM_030_HomeGoods 2H Digital_F18,xAd Inc.,PJQ7MP_TJN_HOM_030_Mobile_GROUND TRUTH FKA XAD_DST_SV1_MAP_DIR_DSP_TRG_RON_MKT_DMA_DVY_LOCATION - HOMEGOODS SHOPPERS - DYNAMIC DISTANCE_Run of Network_Geo_F25-54_300 x 250_Click and View_NV_NA,204647878,9/11/2017,3365,63,3302,3302,0,0,0,0,0,3302,3002,3002
TJN_HOM_030_HomeGoods 2H Digital_F18,xAd Inc.,PJQ7MP_TJN_HOM_030_Mobile_GROUND TRUTH FKA XAD_DST_SV1_MAP_DIR_DSP_TRG_RON_MKT_DMA_DVY_LOCATION - HOMEGOODS SHOPPERS - DYNAMIC DISTANCE_Run of Network_Geo_F25-54_300 x 250_Click and View_NV_NA,204647878,9/26/2017,9032,2186,6846,6796,50,1,49,48,1,6797,6654,6702
TJN_HOM_030_HomeGoods 2H Digital_F18,NinthDecimal,PJQ7NB_TJN_HOM_030_Mobile_NINTHDECIMAL_DST_SV1_MAP_DIR_RCH_TRG_RON_BTG_PXT_DVY_LOCATION GRAPH: COMPETITIVE CONQUESTING_Run of Network_Behavioral_F25-54_320 x 50_Click and View_NV_NA,204649942,9/5/2017,5946,120,5826,3707,2119,12,2107,2034,73,3719,3590,5624
TJN_HOM_030_HomeGoods 2H Digital_F18,NinthDecimal,PJQ7N9_TJN_HOM_030_Mobile_NINTHDECIMAL_DST_SV1_MAP_DIR_RCH_TRG_RON_BTG_PXT_DVY_LOCATION GRAPH: TJX FAMILY LOYALISTS_Run of Network_Behavioral_F25-54_320 x 50_Click and View_NV_NA,204647917,10/8/2017,13527,194,13333,6996,6337,38,6299,6104,195,7034,6816,12920
TJN_HOM_030_HomeGoods 2H Digital_F18,xAd Inc.,PJQ7MM_TJN_HOM_030_Mobile_GROUND TRUTH FKA XAD_DST_SV1_MAP_DIR_DSP_TRG_RON_BTG_DMA_DVY_BEHAVIORAL - HOME SHOPPER- DYNAMIC DISTANCE_Run of Network_Behavioral_F25-54_300 x 250_Click and View_NV_NA,204626171,10/14/2017,6811,596,6215,6215,0,0,0,0,0,6215,0,0
TJN_HOM_030_HomeGoods 2H Digital_F18,NinthDecimal,PJQ7NG_TJN_HOM_030_Mobile_NINTHDECIMAL_DST_SV1_MAP_DIR_RCH_TRG_RON_BTG_DMA_DVY_CONSUMER JOURNEY: NEW HOME BUYERS & MOVERS_Run of Network_Behavioral_F25-54_320 x 50_Click and View_NV_NA,204625835,10/17/2017,9452,166,9286,4466,4820,35,4785,4620,165,4501,4346,8966
TJN_HOM_030_HomeGoods 2H Digital_F18,xAd Inc.,PJQ7MM_TJN_HOM_030_Mobile_GROUND TRUTH FKA XAD_DST_SV1_MAP_DIR_DSP_TRG_RON_BTG_DMA_DVY_BEHAVIORAL - HOME SHOPPER- DYNAMIC DISTANCE_Run of Network_Behavioral_F25-54_300 x 250_Click and View_NV_NA,204626171,9/14/2017,5737,216,5521,5520,1,1,0,0,0,5521,552,552
TJN_HOM_030_HomeGoods 2H Digital_F18,NinthDecimal,PJQ7NF_TJN_HOM_030_Mobile_NINTHDECIMAL_DST_SV1_MAP_DIR_RCH_TRG_RON_BTG_DMA_DVY_CONSUMER JOURNEY: HOME FURNISHINGS SHOPPERS_Run of Network_Behavioral_F25-54_320 x 50_Click and View_NV_NA,204626291,9/16/2017,10823,283,10540,2967,7573,34,7539,7374,165,3001,2935,10309
TJN_HOM_030_HomeGoods 2H Digital_F18,xAd Inc.,PJQ7MR_TJN_HOM_030_Mobile_GROUND TRUTH FKA XAD_DST_SV1_MAP_DIR_DSP_TRG_RON_MKT_DMA_DVY_LOCATION - COMPETITOR SHOPPERS - DYNAMIC DISTANCE_Run of Network_Geo_F25-54_300 x 250_Click and View_NV_NA,204647890,9/29/2017,52422,19204,33218,33212,6,0,6,1,5,33212,5534,5535
TJN_HOM_025_HomeGoods Digital Video_Q4FY18,Tremor Video Inc.,PK6DYV_TJN_HOM_025_OLV_TREMOR NETWORK_AWR_BS1_MAP_DIR_VID_TRG_RON_PXT_CTG_DVY_ALL SCREEN PREROLL + PROXIMITYPLUS DWELL TIME TARGETING TO HOMEGOODS VISITORS MOB/TAB APP_Run of Network_Behavioral_F25-54_1280 x 720_Standard_NV_NA,205859075,10/4/2017,56550,637,55913,55860,53,19,34,26,8,55879,42731,42757
TJN_HOM_030_HomeGoods 2H Digital_F18,xAd Inc.,PJQ7MK_TJN_HOM_030_Mobile_GROUND TRUTH FKA XAD_DST_SV1_MAP_DIR_DSP_TRG_RON_PXT_BTG_DVY_PROXIMITY LOYALTY - STORE LOCATOR UNIT_Run of Network_Geo_F25-54_300 x 250_Click and View_NV_NA,204625442,10/10/2017,3309,9,3300,53,3247,70,3177,2538,639,123,98,2636
TJN_HOM_030_HomeGoods 2H Digital_F18,xAd Inc.,PJQ7MS_TJN_HOM_030_Mobile_GROUND TRUTH FKA XAD_DST_SV1_MAP_DIR_DSP_TRG_RON_DMA_PXT_DVY_AV DMA TARGETING_Run of Network_Geo_F25-54_300 x 250_Click and View_NV_NA,204646501,9/6/2017,3254,57,3197,1202,1995,27,1968,1511,457,1229,944,2455
TJN_HOM_030_HomeGoods 2H Digital_F18,NinthDecimal,PJQ7ND_TJN_HOM_030_Mobile_NINTHDECIMAL_DST_SV1_MAP_DIR_RCH_TRG_RON_BTG_DMA_DVY_CONSUMER JOURNEY: HOUSEHOLD CEO_Run of Network_Behavioral_F25-54_320 x 50_Click and View_NV_NA,204626294,9/17/2017,9819,232,9587,2390,7197,30,7167,7004,163,2420,2365,9369
TJN_HOM_030_HomeGoods 2H Digital_F18,NinthDecimal,PJQ7NF_TJN_HOM_030_Mobile_NINTHDECIMAL_DST_SV1_MAP_DIR_RCH_TRG_RON_BTG_DMA_DVY_CONSUMER JOURNEY: HOME FURNISHINGS SHOPPERS_Run of Network_Behavioral_F25-54_320 x 50_Click and View_NV_NA,204626291,10/13/2017,9447,158,9289,5494,3795,18,3777,3658,119,5512,5338,8996
TJN_HOM_030_HomeGoods 2H Digital_F18,xAd Inc.,PJQ7MP_TJN_HOM_030_Mobile_GROUND TRUTH FKA XAD_DST_SV1_MAP_DIR_DSP_TRG_RON_MKT_DMA_DVY_LOCATION - HOMEGOODS SHOPPERS - DYNAMIC DISTANCE_Run of Network_Geo_F25-54_300 x 250_Click and View_NV_NA,204647878,10/9/2017,6857,237,6620,6620,0,0,0,0,0,6620,6620,6620
TJN_HOM_030_HomeGoods 2H Digital_F18,NinthDecimal,"PJQ7NK_TJN_HOM_030_Mobile_NINTHDECIMAL_DST_SV1_MAP_DIR_RCH_TRG_RON_BTG_DMA_DVY_TV TARGETING: HGTV, DIY NETWORK, BRAVO, TLC, FOOD NETWORK_Run of Network_Behavioral_F25-54_320 x 50_Click and View_NV_NA",204674553,9/17/2017,6461,138,6323,1791,4532,28,4504,4359,145,1819,1760,6119
TJN_HOM_030_HomeGoods 2H Digital_F18,NinthDecimal,PJQ7NF_TJN_HOM_030_Mobile_NINTHDECIMAL_DST_SV1_MAP_DIR_RCH_TRG_RON_BTG_DMA_DVY_CONSUMER JOURNEY: HOME FURNISHINGS SHOPPERS_Run of Network_Behavioral_F25-54_320 x 50_Click and View_NV_NA,204626291,9/13/2017,12391,246,12145,2325,9820,40,9780,9586,194,2365,2318,11904
TJN_HOM_030_HomeGoods 2H Digital_F18,xAd Inc.,PJQ7MR_TJN_HOM_030_Mobile_GROUND TRUTH FKA XAD_DST_SV1_MAP_DIR_DSP_TRG_RON_MKT_DMA_DVY_LOCATION - COMPETITOR SHOPPERS - DYNAMIC DISTANCE_Run of Network_Geo_F25-54_300 x 250_Click and View_NV_NA,204647890,9/10/2017,5091,62,5029,5029,0,0,0,0,0,5029,4311,4311
TJN_HOM_030_HomeGoods 2H Digital_F18,NinthDecimal,PJQ7NG_TJN_HOM_030_Mobile_NINTHDECIMAL_DST_SV1_MAP_DIR_RCH_TRG_RON_BTG_DMA_DVY_CONSUMER JOURNEY: NEW HOME BUYERS & MOVERS_Run of Network_Behavioral_F25-54_320 x 50_Click and View_NV_NA,204625835,10/5/2017,7348,120,7228,3640,3588,27,3561,3397,164,3667,3498,6895
TJN_HOM_030_HomeGoods 2H Digital_F18,Nativo Inc.,PJQDHJ_TJN_HOM_030_Content_NATIVO FKA POST RLSE_DSI_BS2_MWB_DIR_NAD_ROT_RON_CTG_BTG_DVY_NATIVE DISPLAY UNIT FALLIDAYS_Run of Network_Contextual_F25-54_1 x 1_Click and View_NV_NA,206024352,10/20/2017,480724,23001,457723,4061,453662,38941,414721,167588,247133,43002,17377,184965
TJN_HOM_030_HomeGoods 2H Digital_F18,xAd Inc.,PJQ7MM_TJN_HOM_030_Mobile_GROUND TRUTH FKA XAD_DST_SV1_MAP_DIR_DSP_TRG_RON_BTG_DMA_DVY_BEHAVIORAL - HOME SHOPPER- DYNAMIC DISTANCE_Run of Network_Behavioral_F25-54_300 x 250_Click and View_NV_NA,204626171,9/28/2017,80048,34251,45797,45683,114,4,110,94,16,45687,39007,39101
TJN_HOM_030_HomeGoods 2H Digital_F18,NinthDecimal,PJQ7NJ_TJN_HOM_030_Mobile_NINTHDECIMAL_DST_SV1_MAP_DIR_RCH_TRG_RON_BTG_DMA_DVY_CONSUMER JOURNEY: BARGAIN HUNTERS_Run of Network_Behavioral_F25-54_320 x 50_Click and View_NV_NA,204644353,9/6/2017,5943,125,5818,2224,3594,20,3574,3498,76,2244,2196,5694
TJN_HOM_030_HomeGoods 2H Digital_F18,NinthDecimal,PJQ7NF_TJN_HOM_030_Mobile_NINTHDECIMAL_DST_SV1_MAP_DIR_RCH_TRG_RON_BTG_DMA_DVY_CONSUMER JOURNEY: HOME FURNISHINGS SHOPPERS_Run of Network_Behavioral_F25-54_320 x 50_Click and View_NV_NA,204626291,9/19/2017,9281,200,9081,2690,6391,28,6363,6210,153,2718,2653,8863
TJN_HOM_030_HomeGoods 2H Digital_F18,xAd Inc.,PJQ7MJ_TJN_HOM_030_Mobile_GROUND TRUTH FKA XAD_DST_SV1_MAP_DIR_DSP_TRG_RON_PXT_BTG_DVY_PROXIMITY LOYALTY - STORE LOCATOR UNIT_Run of Network_Geo_F25-54_320 x 50_Click and View_NV_NA,204649939,9/15/2017,19555,568,18987,10954,8033,4440,3593,3281,312,15394,14057,17338
TJN_HOM_030_HomeGoods 2H Digital_F18,xAd Inc.,PJQ7MG_TJN_HOM_030_Mobile_GROUND TRUTH FKA XAD_DST_SV1_MAP_DIR_DSP_TRG_RON_PXT_BTG_DVY_PROXIMITY LOYALTY - DYNAMIC DISTANCE_Run of Network_Geo_F25-54_320 x 50_Click and View_NV_NA,204626813,10/7/2017,124598,3277,121321,92876,28445,3239,25206,20026,5180,96115,78710,98736
TJN_HOM_030_HomeGoods 2H Digital_F18,xAd Inc.,PJQ7MK_TJN_HOM_030_Mobile_GROUND TRUTH FKA XAD_DST_SV1_MAP_DIR_DSP_TRG_RON_PXT_BTG_DVY_PROXIMITY LOYALTY - STORE LOCATOR UNIT_Run of Network_Geo_F25-54_300 x 250_Click and View_NV_NA,204625442,10/12/2017,3533,10,3523,60,3463,76,3387,2793,594,136,112,2905
TJN_HOM_030_HomeGoods 2H Digital_F18,NinthDecimal,PJQ7N5_TJN_HOM_030_Mobile_NINTHDECIMAL_DST_SV1_MAP_DIR_RCH_TRG_RON_PXT_DMA_DVY_GEOFENCE: 2-MILE RADIUS AROUND URBAN STORES_Run of Network_Geo_F25-54_320 x 50_Click and View_NV_NA,204649945,10/7/2017,8045,241,7804,4928,2876,36,2840,2758,82,4964,4821,7579
TJN_HOM_030_HomeGoods 2H Digital_F18,NinthDecimal,PJQ7N5_TJN_HOM_030_Mobile_NINTHDECIMAL_DST_SV1_MAP_DIR_RCH_TRG_RON_PXT_DMA_DVY_GEOFENCE: 2-MILE RADIUS AROUND URBAN STORES_Run of Network_Geo_F25-54_320 x 50_Click and View_NV_NA,204649945,9/8/2017,5890,188,5702,3205,2497,19,2478,2378,100,3224,3094,5472
TJN_HOM_030_HomeGoods 2H Digital_F18,xAd Inc.,PJQ7MG_TJN_HOM_030_Mobile_GROUND TRUTH FKA XAD_DST_SV1_MAP_DIR_DSP_TRG_RON_PXT_BTG_DVY_PROXIMITY LOYALTY - DYNAMIC DISTANCE_Run of Network_Geo_F25-54_320 x 50_Click and View_NV_NA,204626813,9/8/2017,90430,2040,88390,59616,28774,5585,23189,19252,3937,65201,51682,70934
TJN_HOM_030_HomeGoods 2H Digital_F18,Nativo Inc.,PK87W8_TJN_HOM_030_Content_NATIVO FKA POST RLSE_DSI_BS2_MWB_DIR_NAD_ROT_RON_CTG_BTG_DVY_NATIVE DISPLAY UNIT FALL TRENDS_Run of Network_Contextual_F25-54_1 x 1_Click and View_NV_NA,206137761,10/16/2017,215450,9372,206078,2164,203914,13345,190569,68920,121649,15509,5609,74529
TJN_HOM_030_HomeGoods 2H Digital_F18,xAd Inc.,PJQ7MN_TJN_HOM_030_Mobile_GROUND TRUTH FKA XAD_DST_SV1_MAP_DIR_DSP_TRG_RON_MKT_DMA_DVY_LOCATION - HOMEGOODS SHOPPERS - DYNAMIC DISTANCE_Run of Network_Geo_F25-54_320 x 50_Click and View_NV_NA,204651439,9/6/2017,11813,240,11573,9767,1806,780,1026,842,184,10547,8444,9286
TJN_HOM_030_HomeGoods 2H Digital_F18,NinthDecimal,PJQ7N8_TJN_HOM_030_Mobile_NINTHDECIMAL_DST_SV1_MAP_DIR_RCH_TRG_RON_BTG_PXT_DVY_LOCATION GRAPH: HOMEGOODS LOYALISTS_Run of Network_Behavioral_F25-54_320 x 50_Click and View_NV_NA,204675012,9/20/2017,4263,59,4204,1254,2950,14,2936,2845,91,1268,1229,4074
TJN_HOM_030_HomeGoods 2H Digital_F18,NinthDecimal,PJQ7NC_TJN_HOM_030_Mobile_NINTHDECIMAL_DST_SV1_MAP_DIR_RCH_TRG_RON_BTG_DMA_DVY_CONSUMER JOURNEY: DIYERS_Run of Network_Behavioral_F25-54_320 x 50_Click and View_NV_NA,204675009,10/21/2017,9303,104,9199,5049,4150,16,4134,4015,119,5065,4919,8934
TJN_HOM_025_HomeGoods Digital Video_Q4FY18,Tremor Video Inc.,PK6F30_TJN_HOM_025_OLV_TREMOR NETWORK_AWR_BS1_CTV_DIR_VID_TRG_RON_PXT_CTG_DVY_ALL SCREEN PREROLL + PROXIMITYPLUS DWELL TIME TARGETING TO HOMEGOODS VISITORS CTV_Run of Network_Behavioral_F25-54_1280 x 720_Standard_NV_NA,205942131,10/7/2017,744,0,744,744,0,0,0,0,0,744,0,0
TJN_HOM_030_HomeGoods 2H Digital_F18,NinthDecimal,PJQ7NB_TJN_HOM_030_Mobile_NINTHDECIMAL_DST_SV1_MAP_DIR_RCH_TRG_RON_BTG_PXT_DVY_LOCATION GRAPH: COMPETITIVE CONQUESTING_Run of Network_Behavioral_F25-54_320 x 50_Click and View_NV_NA,204649942,10/20/2017,8170,130,8040,4755,3285,43,3242,3167,75,4798,4687,7854
TJN_HOM_030_HomeGoods 2H Digital_F18,NinthDecimal,PJQ7NC_TJN_HOM_030_Mobile_NINTHDECIMAL_DST_SV1_MAP_DIR_RCH_TRG_RON_BTG_DMA_DVY_CONSUMER JOURNEY: DIYERS_Run of Network_Behavioral_F25-54_320 x 50_Click and View_NV_NA,204675009,9/9/2017,21335,256,21079,7859,13220,56,13164,12792,372,7915,7691,20483
TJN_HOM_030_HomeGoods 2H Digital_F18,xAd Inc.,PJQ7MP_TJN_HOM_030_Mobile_GROUND TRUTH FKA XAD_DST_SV1_MAP_DIR_DSP_TRG_RON_MKT_DMA_DVY_LOCATION - HOMEGOODS SHOPPERS - DYNAMIC DISTANCE_Run of Network_Geo_F25-54_300 x 250_Click and View_NV_NA,204647878,9/23/2017,3891,72,3819,3796,23,3,20,19,1,3799,3600,3619
TJN_HOM_030_HomeGoods 2H Digital_F18,xAd Inc.,PJQ7MH_TJN_HOM_030_Mobile_GROUND TRUTH FKA XAD_DST_SV1_MAP_DIR_DSP_TRG_RON_PXT_BTG_DVY_PROXIMITY LOYALTY - DYNAMIC DISTANCE_Run of Network_Geo_F25-54_300 x 250_Click and View_NV_NA,204675003,9/19/2017,14495,553,13942,13913,29,1,28,17,11,13914,8445,8462
TJN_HOM_030_HomeGoods 2H Digital_F18,xAd Inc.,PJQ7ML_TJN_HOM_030_Mobile_GROUND TRUTH FKA XAD_DST_SV1_MAP_DIR_DSP_TRG_RON_BTG_DMA_DVY_BEHAVIORAL - HOME SHOPPER - DYNAMIC DISTANCE_Run of Network_Behavioral_F25-54_320 x 50_Click and View_NV_NA,204626174,10/15/2017,6815,107,6708,4901,1807,168,1639,1422,217,5069,4315,5737
TJN_HOM_030_HomeGoods 2H Digital_F18,NinthDecimal,PJQ7N9_TJN_HOM_030_Mobile_NINTHDECIMAL_DST_SV1_MAP_DIR_RCH_TRG_RON_BTG_PXT_DVY_LOCATION GRAPH: TJX FAMILY LOYALISTS_Run of Network_Behavioral_F25-54_320 x 50_Click and View_NV_NA,204647917,9/8/2017,1955,42,1913,992,921,13,908,869,39,1005,962,1831
TJN_HOM_030_HomeGoods 2H Digital_F18,NinthDecimal,PJQ7NG_TJN_HOM_030_Mobile_NINTHDECIMAL_DST_SV1_MAP_DIR_RCH_TRG_RON_BTG_DMA_DVY_CONSUMER JOURNEY: NEW HOME BUYERS & MOVERS_Run of Network_Behavioral_F25-54_320 x 50_Click and View_NV_NA,204625835,9/10/2017,6812,105,6707,2687,4020,24,3996,3893,103,2711,2641,6534
TJN_HOM_030_HomeGoods 2H Digital_F18,xAd Inc.,PJQ7MM_TJN_HOM_030_Mobile_GROUND TRUTH FKA XAD_DST_SV1_MAP_DIR_DSP_TRG_RON_BTG_DMA_DVY_BEHAVIORAL - HOME SHOPPER- DYNAMIC DISTANCE_Run of Network_Behavioral_F25-54_300 x 250_Click and View_NV_NA,204626171,10/20/2017,8273,479,7794,7794,0,0,0,0,0,7794,6429,6429
TJN_HOM_030_HomeGoods 2H Digital_F18,xAd Inc.,PJQ7MH_TJN_HOM_030_Mobile_GROUND TRUTH FKA XAD_DST_SV1_MAP_DIR_DSP_TRG_RON_PXT_BTG_DVY_PROXIMITY LOYALTY - DYNAMIC DISTANCE_Run of Network_Geo_F25-54_300 x 250_Click and View_NV_NA,204675003,9/13/2017,16708,2932,13776,13760,16,0,16,6,10,13760,5160,5166
TJN_HOM_030_HomeGoods 2H Digital_F18,NinthDecimal,PJQ7N9_TJN_HOM_030_Mobile_NINTHDECIMAL_DST_SV1_MAP_DIR_RCH_TRG_RON_BTG_PXT_DVY_LOCATION GRAPH: TJX FAMILY LOYALISTS_Run of Network_Behavioral_F25-54_320 x 50_Click and View_NV_NA,204647917,10/7/2017,13226,264,12962,6658,6304,53,6251,6021,230,6711,6464,12485
TJN_HOM_025_HomeGoods Digital Video_Q4FY18,Tremor Video Inc.,PK1FYN_TJN_HOM_025_OLV_TREMOR NETWORK_AWR_BS1_DSK_DIR_VID_TRG_RON_PXT_CTG_DVY_ALL SCREEN PREROLL + PROXIMITYPLUS DWELL TIME TARGETING TO HOMEGOODS VISITORS DESKTOP_Run of Network_Behavioral_F25-54_1280 x 720_Standard_NV_NA,205941312,10/10/2017,251364,273,251091,69584,181507,2870,178637,22555,156082,72454,9148,31703
TJN_HOM_030_HomeGoods 2H Digital_F18,xAd Inc.,PJQ7MH_TJN_HOM_030_Mobile_GROUND TRUTH FKA XAD_DST_SV1_MAP_DIR_DSP_TRG_RON_PXT_BTG_DVY_PROXIMITY LOYALTY - DYNAMIC DISTANCE_Run of Network_Geo_F25-54_300 x 250_Click and View_NV_NA,204675003,10/13/2017,30964,1276,29688,29687,1,0,1,1,0,29687,29687,29688
TJN_HOM_030_HomeGoods 2H Digital_F18,NinthDecimal,PJQ7NC_TJN_HOM_030_Mobile_NINTHDECIMAL_DST_SV1_MAP_DIR_RCH_TRG_RON_BTG_DMA_DVY_CONSUMER JOURNEY: DIYERS_Run of Network_Behavioral_F25-54_320 x 50_Click and View_NV_NA,204675009,10/4/2017,7985,170,7815,4239,3576,25,3551,3371,180,4264,4048,7419
TJN_HOM_030_HomeGoods 2H Digital_F18,NinthDecimal,PJQ7NG_TJN_HOM_030_Mobile_NINTHDECIMAL_DST_SV1_MAP_DIR_RCH_TRG_RON_BTG_DMA_DVY_CONSUMER JOURNEY: NEW HOME BUYERS & MOVERS_Run of Network_Behavioral_F25-54_320 x 50_Click and View_NV_NA,204625835,9/29/2017,2159,55,2104,931,1173,6,1167,1152,15,937,925,2077
TJN_HOM_030_HomeGoods 2H Digital_F18,Nativo Inc.,PJQDHJ_TJN_HOM_030_Content_NATIVO FKA POST RLSE_DSI_BS2_MWB_DIR_NAD_ROT_RON_CTG_BTG_DVY_NATIVE DISPLAY UNIT FALLIDAYS_Run of Network_Contextual_F25-54_1 x 1_Click and View_NV_NA,206024352,10/14/2017,497548,14421,483127,3697,479430,30987,448443,162363,286080,34684,12558,174921
TJN_HOM_030_HomeGoods 2H Digital_F18,xAd Inc.,PJQ7MH_TJN_HOM_030_Mobile_GROUND TRUTH FKA XAD_DST_SV1_MAP_DIR_DSP_TRG_RON_PXT_BTG_DVY_PROXIMITY LOYALTY - DYNAMIC DISTANCE_Run of Network_Geo_F25-54_300 x 250_Click and View_NV_NA,204675003,9/16/2017,14365,1896,12469,12468,1,0,1,0,1,12468,0,0
TJN_HOM_030_HomeGoods 2H Digital_F18,xAd Inc.,PJQ7MR_TJN_HOM_030_Mobile_GROUND TRUTH FKA XAD_DST_SV1_MAP_DIR_DSP_TRG_RON_MKT_DMA_DVY_LOCATION - COMPETITOR SHOPPERS - DYNAMIC DISTANCE_Run of Network_Geo_F25-54_300 x 250_Click and View_NV_NA,204647890,10/17/2017,7824,564,7260,7260,0,0,0,0,0,7260,6502,6502
TJN_HOM_030_HomeGoods 2H Digital_F18,xAd Inc.,PJQ7MN_TJN_HOM_030_Mobile_GROUND TRUTH FKA XAD_DST_SV1_MAP_DIR_DSP_TRG_RON_MKT_DMA_DVY_LOCATION - HOMEGOODS SHOPPERS - DYNAMIC DISTANCE_Run of Network_Geo_F25-54_320 x 50_Click and View_NV_NA,204651439,9/17/2017,10191,120,10071,7742,2329,649,1680,1603,77,8391,7451,9054
TJN_HOM_030_HomeGoods 2H Digital_F18,NinthDecimal,PJQ7N7_TJN_HOM_030_Mobile_NINTHDECIMAL_DST_SV1_MAP_DIR_RCH_TRG_RON_PXT_DMA_DVY_GEOFENCE: 15-20-MILE RADIUS AROUND RURAL STORES_Run of Network_Geo_F25-54_320 x 50_Click and View_NV_NA,204674556,9/18/2017,10246,248,9998,4016,5982,27,5955,5841,114,4043,3966,9807
TJN_HOM_030_HomeGoods 2H Digital_F18,NinthDecimal,PJQ7N6_TJN_HOM_030_Mobile_NINTHDECIMAL_DST_SV1_MAP_DIR_RCH_TRG_RON_PXT_DMA_DVY_GEOFENCE: 5-10-MILE RADIUS AROUND SUBURBAN STORES_Run of Network_Geo_F25-54_320 x 50_Click and View_NV_NA,204646507,10/10/2017,7857,100,7757,4943,2814,18,2796,2730,66,4961,4844,7574
TJN_HOM_030_HomeGoods 2H Digital_F18,NinthDecimal,PJQ7NG_TJN_HOM_030_Mobile_NINTHDECIMAL_DST_SV1_MAP_DIR_RCH_TRG_RON_BTG_DMA_DVY_CONSUMER JOURNEY: NEW HOME BUYERS & MOVERS_Run of Network_Behavioral_F25-54_320 x 50_Click and View_NV_NA,204625835,9/19/2017,6847,115,6732,2255,4477,21,4456,4304,152,2276,2198,6502
TJN_HOM_025_HomeGoods Digital Video_Q4FY18,Tremor Video Inc.,PK6DY1_TJN_HOM_025_OLV_TREMOR NETWORK_AWR_BS1_CTV_DIR_VID_TRG_RON_BTG_CTG_DVY_ALL SCREEN PREROLL + SOCIAL AFFINITY TARGETING TO W25-54 HOME ENTHUSIASTS CTV_Run of Network_Behavioral_F25-54_1280 x 720_Standard_NV_NA,205941318,10/20/2017,5102,0,5102,5102,0,0,0,0,0,5102,4502,4502
TJN_HOM_030_HomeGoods 2H Digital_F18,xAd Inc.,PJQ7MP_TJN_HOM_030_Mobile_GROUND TRUTH FKA XAD_DST_SV1_MAP_DIR_DSP_TRG_RON_MKT_DMA_DVY_LOCATION - HOMEGOODS SHOPPERS - DYNAMIC DISTANCE_Run of Network_Geo_F25-54_300 x 250_Click and View_NV_NA,204647878,9/27/2017,12310,3858,8452,8384,68,7,61,58,3,8391,7962,8020
TJN_HOM_030_HomeGoods 2H Digital_F18,xAd Inc.,PJQ7MH_TJN_HOM_030_Mobile_GROUND TRUTH FKA XAD_DST_SV1_MAP_DIR_DSP_TRG_RON_PXT_BTG_DVY_PROXIMITY LOYALTY - DYNAMIC DISTANCE_Run of Network_Geo_F25-54_300 x 250_Click and View_NV_NA,204675003,9/10/2017,14737,123,14614,14613,1,0,1,0,1,14613,0,0
TJN_HOM_030_HomeGoods 2H Digital_F18,NinthDecimal,PJQ7NF_TJN_HOM_030_Mobile_NINTHDECIMAL_DST_SV1_MAP_DIR_RCH_TRG_RON_BTG_DMA_DVY_CONSUMER JOURNEY: HOME FURNISHINGS SHOPPERS_Run of Network_Behavioral_F25-54_320 x 50_Click and View_NV_NA,204626291,10/5/2017,7065,150,6915,4285,2630,24,2606,2508,98,4309,4147,6655
TJN_HOM_030_HomeGoods 2H Digital_F18,xAd Inc.,PJQ7MJ_TJN_HOM_030_Mobile_GROUND TRUTH FKA XAD_DST_SV1_MAP_DIR_DSP_TRG_RON_PXT_BTG_DVY_PROXIMITY LOYALTY - STORE LOCATOR UNIT_Run of Network_Geo_F25-54_320 x 50_Click and View_NV_NA,204649939,10/14/2017,12249,405,11844,7604,4240,150,4090,3793,297,7754,7191,10984
TJN_HOM_030_HomeGoods 2H Digital_F18,NinthDecimal,PJQ7NG_TJN_HOM_030_Mobile_NINTHDECIMAL_DST_SV1_MAP_DIR_RCH_TRG_RON_BTG_DMA_DVY_CONSUMER JOURNEY: NEW HOME BUYERS & MOVERS_Run of Network_Behavioral_F25-54_320 x 50_Click and View_NV_NA,204625835,9/13/2017,11977,207,11770,2716,9054,48,9006,8791,215,2764,2698,11489
TJN_HOM_030_HomeGoods 2H Digital_F18,xAd Inc.,PJQ7ML_TJN_HOM_030_Mobile_GROUND TRUTH FKA XAD_DST_SV1_MAP_DIR_DSP_TRG_RON_BTG_DMA_DVY_BEHAVIORAL - HOME SHOPPER - DYNAMIC DISTANCE_Run of Network_Behavioral_F25-54_320 x 50_Click and View_NV_NA,204626174,9/30/2017,4,1,3,2,1,1,0,0,0,3,2,2
TJN_HOM_030_HomeGoods 2H Digital_F18,xAd Inc.,PJQ7MJ_TJN_HOM_030_Mobile_GROUND TRUTH FKA XAD_DST_SV1_MAP_DIR_DSP_TRG_RON_PXT_BTG_DVY_PROXIMITY LOYALTY - STORE LOCATOR UNIT_Run of Network_Geo_F25-54_320 x 50_Click and View_NV_NA,204649939,9/14/2017,21024,521,20503,9654,10849,2225,8624,7766,858,11879,10697,18463
TJN_HOM_030_HomeGoods 2H Digital_F18,NinthDecimal,PJQ7NG_TJN_HOM_030_Mobile_NINTHDECIMAL_DST_SV1_MAP_DIR_RCH_TRG_RON_BTG_DMA_DVY_CONSUMER JOURNEY: NEW HOME BUYERS & MOVERS_Run of Network_Behavioral_F25-54_320 x 50_Click and View_NV_NA,204625835,10/13/2017,9693,120,9573,4405,5168,40,5128,4969,159,4445,4307,9276
TJN_HOM_030_HomeGoods 2H Digital_F18,xAd Inc.,PJQ7MQ_TJN_HOM_030_Mobile_GROUND TRUTH FKA XAD_DST_SV1_MAP_DIR_DSP_TRG_RON_MKT_DMA_DVY_LOCATION - COMPETITOR SHOPPERS - DYNAMIC DISTANCE_Run of Network_Geo_F25-54_320 x 50_Click and View_NV_NA,204617210,10/20/2017,5962,76,5886,5121,765,17,748,517,231,5138,2720,3237
TJN_HOM_025_HomeGoods Digital Video_Q4FY18,Tremor Video Inc.,PK1FYM_TJN_HOM_025_OLV_TREMOR NETWORK_AWR_BS1_DSK_DIR_VID_TRG_RON_BTG_CTG_DVY_ALL SCREEN PREROLL + SOCIAL AFFINITY TARGETING TO W25-54 HOME ENTHUSIASTS DESKTOP_Run of Network_Behavioral_F25-54_1280 x 720_Standard_NV_NA,205941870,10/20/2017,12360,22,12338,2945,9393,135,9258,8382,876,3080,2789,11171
TJN_HOM_030_HomeGoods 2H Digital_F18,xAd Inc.,PJQ7MK_TJN_HOM_030_Mobile_GROUND TRUTH FKA XAD_DST_SV1_MAP_DIR_DSP_TRG_RON_PXT_BTG_DVY_PROXIMITY LOYALTY - STORE LOCATOR UNIT_Run of Network_Geo_F25-54_300 x 250_Click and View_NV_NA,204625442,9/18/2017,2893,59,2834,206,2628,47,2581,2052,529,253,201,2253
TJN_HOM_030_HomeGoods 2H Digital_F18,NinthDecimal,PJQ7NH_TJN_HOM_030_Mobile_NINTHDECIMAL_DST_SV1_MAP_DIR_RCH_TRG_RON_BTG_DMA_DVY_CONSUMER JOURNEY: PET SUPPLY SHOPPERS_Run of Network_Behavioral_F25-54_320 x 50_Click and View_NV_NA,204647914,10/20/2017,9223,164,9059,4651,4408,37,4371,4187,184,4688,4491,8678
TJN_HOM_030_HomeGoods 2H Digital_F18,Nativo Inc.,PK87W8_TJN_HOM_030_Content_NATIVO FKA POST RLSE_DSI_BS2_MWB_DIR_NAD_ROT_RON_CTG_BTG_DVY_NATIVE DISPLAY UNIT FALL TRENDS_Run of Network_Contextual_F25-54_1 x 1_Click and View_NV_NA,206137761,10/15/2017,210443,4889,205554,2775,202779,14793,187986,61188,126798,17568,5718,66906
TJN_HOM_030_HomeGoods 2H Digital_F18,NinthDecimal,PJQ7NC_TJN_HOM_030_Mobile_NINTHDECIMAL_DST_SV1_MAP_DIR_RCH_TRG_RON_BTG_DMA_DVY_CONSUMER JOURNEY: DIYERS_Run of Network_Behavioral_F25-54_320 x 50_Click and View_NV_NA,204675009,9/17/2017,9996,214,9782,3052,6730,39,6691,6512,179,3091,3008,9520
TJN_HOM_030_HomeGoods 2H Digital_F18,xAd Inc.,PJQ7MH_TJN_HOM_030_Mobile_GROUND TRUTH FKA XAD_DST_SV1_MAP_DIR_DSP_TRG_RON_PXT_BTG_DVY_PROXIMITY LOYALTY - DYNAMIC DISTANCE_Run of Network_Geo_F25-54_300 x 250_Click and View_NV_NA,204675003,9/29/2017,107663,29923,77740,77702,38,6,32,8,24,77708,19423,19431
TJN_HOM_030_HomeGoods 2H Digital_F18,xAd Inc.,PJQ7MS_TJN_HOM_030_Mobile_GROUND TRUTH FKA XAD_DST_SV1_MAP_DIR_DSP_TRG_RON_DMA_PXT_DVY_AV DMA TARGETING_Run of Network_Geo_F25-54_300 x 250_Click and View_NV_NA,204646501,9/7/2017,10460,213,10247,3624,6623,883,5740,4026,1714,4507,3161,7187
TJN_HOM_030_HomeGoods 2H Digital_F18,NinthDecimal,PJQ7NG_TJN_HOM_030_Mobile_NINTHDECIMAL_DST_SV1_MAP_DIR_RCH_TRG_RON_BTG_DMA_DVY_CONSUMER JOURNEY: NEW HOME BUYERS & MOVERS_Run of Network_Behavioral_F25-54_320 x 50_Click and View_NV_NA,204625835,9/16/2017,8388,146,8242,2258,5984,45,5939,5737,202,2303,2225,7962
TJN_HOM_030_HomeGoods 2H Digital_F18,NinthDecimal,PJQ7NF_TJN_HOM_030_Mobile_NINTHDECIMAL_DST_SV1_MAP_DIR_RCH_TRG_RON_BTG_DMA_DVY_CONSUMER JOURNEY: HOME FURNISHINGS SHOPPERS_Run of Network_Behavioral_F25-54_320 x 50_Click and View_NV_NA,204626291,10/17/2017,9619,170,9449,5838,3611,25,3586,3478,108,5863,5686,9164
TJN_HOM_030_HomeGoods 2H Digital_F18,xAd Inc.,PJQ7MJ_TJN_HOM_030_Mobile_GROUND TRUTH FKA XAD_DST_SV1_MAP_DIR_DSP_TRG_RON_PXT_BTG_DVY_PROXIMITY LOYALTY - STORE LOCATOR UNIT_Run of Network_Geo_F25-54_320 x 50_Click and View_NV_NA,204649939,9/28/2017,135556,3443,132113,86156,45957,1088,44869,41584,3285,87244,80857,122441
TJN_HOM_030_HomeGoods 2H Digital_F18,NinthDecimal,PJQ7NJ_TJN_HOM_030_Mobile_NINTHDECIMAL_DST_SV1_MAP_DIR_RCH_TRG_RON_BTG_DMA_DVY_CONSUMER JOURNEY: BARGAIN HUNTERS_Run of Network_Behavioral_F25-54_320 x 50_Click and View_NV_NA,204644353,9/7/2017,6359,107,6252,2722,3530,13,3517,3438,79,2735,2674,6112
TJN_HOM_030_HomeGoods 2H Digital_F18,NinthDecimal,PJQ7N7_TJN_HOM_030_Mobile_NINTHDECIMAL_DST_SV1_MAP_DIR_RCH_TRG_RON_PXT_DMA_DVY_GEOFENCE: 15-20-MILE RADIUS AROUND RURAL STORES_Run of Network_Geo_F25-54_320 x 50_Click and View_NV_NA,204674556,10/12/2017,9152,155,8997,5644,3353,37,3316,3233,83,5681,5539,8772
TJN_HOM_030_HomeGoods 2H Digital_F18,xAd Inc.,PJQ7MN_TJN_HOM_030_Mobile_GROUND TRUTH FKA XAD_DST_SV1_MAP_DIR_DSP_TRG_RON_MKT_DMA_DVY_LOCATION - HOMEGOODS SHOPPERS - DYNAMIC DISTANCE_Run of Network_Geo_F25-54_320 x 50_Click and View_NV_NA,204651439,9/9/2017,9842,172,9670,4769,4901,759,4142,3103,1039,5528,3965,7068
TJN_HOM_025_HomeGoods Digital Video_Q4FY18,Tremor Video Inc.,PK6DWD_TJN_HOM_025_OLV_TREMOR NETWORK_AWR_BS1_MAP_DIR_VID_TRG_RON_BTG_CTG_DVY_ALL SCREEN PREROLL + SOCIAL AFFINITY TARGETING TO W25-54 HOME ENTHUSIASTS MOB/TAB APP_Run of Network_Behavioral_F25-54_1280 x 720_Standard_NV_NA,205941321,10/18/2017,123707,1033,122674,122373,301,244,57,56,1,122617,120466,120522
TJN_HOM_030_HomeGoods 2H Digital_F18,xAd Inc.,PJQ7MN_TJN_HOM_030_Mobile_GROUND TRUTH FKA XAD_DST_SV1_MAP_DIR_DSP_TRG_RON_MKT_DMA_DVY_LOCATION - HOMEGOODS SHOPPERS - DYNAMIC DISTANCE_Run of Network_Geo_F25-54_320 x 50_Click and View_NV_NA,204651439,10/21/2017,3988,50,3938,3566,372,26,346,279,67,3592,2177,2456
TJN_HOM_030_HomeGoods 2H Digital_F18,NinthDecimal,PJQ7NC_TJN_HOM_030_Mobile_NINTHDECIMAL_DST_SV1_MAP_DIR_RCH_TRG_RON_BTG_DMA_DVY_CONSUMER JOURNEY: DIYERS_Run of Network_Behavioral_F25-54_320 x 50_Click and View_NV_NA,204675009,9/6/2017,7056,128,6928,2775,4153,27,4126,4047,79,2802,2748,6795
TJN_HOM_030_HomeGoods 2H Digital_F18,xAd Inc.,PJQ7ML_TJN_HOM_030_Mobile_GROUND TRUTH FKA XAD_DST_SV1_MAP_DIR_DSP_TRG_RON_BTG_DMA_DVY_BEHAVIORAL - HOME SHOPPER - DYNAMIC DISTANCE_Run of Network_Behavioral_F25-54_320 x 50_Click and View_NV_NA,204626174,10/16/2017,8508,108,8400,4260,4140,144,3996,3269,727,4404,3597,6866
TJN_HOM_030_HomeGoods 2H Digital_F18,NinthDecimal,"PJQ7NK_TJN_HOM_030_Mobile_NINTHDECIMAL_DST_SV1_MAP_DIR_RCH_TRG_RON_BTG_DMA_DVY_TV TARGETING: HGTV, DIY NETWORK, BRAVO, TLC, FOOD NETWORK_Run of Network_Behavioral_F25-54_320 x 50_Click and View_NV_NA",204674553,9/7/2017,3355,63,3292,2402,890,6,884,841,43,2408,2291,3132
TJN_HOM_030_HomeGoods 2H Digital_F18,xAd Inc.,PJQ7MJ_TJN_HOM_030_Mobile_GROUND TRUTH FKA XAD_DST_SV1_MAP_DIR_DSP_TRG_RON_PXT_BTG_DVY_PROXIMITY LOYALTY - STORE LOCATOR UNIT_Run of Network_Geo_F25-54_320 x 50_Click and View_NV_NA,204649939,9/5/2017,19740,442,19298,16422,2876,46,2830,2689,141,16468,15648,18337
TJN_HOM_030_HomeGoods 2H Digital_F18,NinthDecimal,PJQ7NH_TJN_HOM_030_Mobile_NINTHDECIMAL_DST_SV1_MAP_DIR_RCH_TRG_RON_BTG_DMA_DVY_CONSUMER JOURNEY: PET SUPPLY SHOPPERS_Run of Network_Behavioral_F25-54_320 x 50_Click and View_NV_NA,204647914,10/14/2017,8859,115,8744,4646,4098,27,4071,3905,166,4673,4482,8387
TJN_HOM_030_HomeGoods 2H Digital_F18,NinthDecimal,PJQ7NH_TJN_HOM_030_Mobile_NINTHDECIMAL_DST_SV1_MAP_DIR_RCH_TRG_RON_BTG_DMA_DVY_CONSUMER JOURNEY: PET SUPPLY SHOPPERS_Run of Network_Behavioral_F25-54_320 x 50_Click and View_NV_NA,204647914,9/14/2017,9123,191,8932,2904,6028,33,5995,5801,194,2937,2842,8643
TJN_HOM_030_HomeGoods 2H Digital_F18,xAd Inc.,PJQ7MQ_TJN_HOM_030_Mobile_GROUND TRUTH FKA XAD_DST_SV1_MAP_DIR_DSP_TRG_RON_MKT_DMA_DVY_LOCATION - COMPETITOR SHOPPERS - DYNAMIC DISTANCE_Run of Network_Geo_F25-54_320 x 50_Click and View_NV_NA,204617210,10/14/2017,7393,108,7285,4656,2629,201,2428,2019,409,4857,3853,5872
TJN_HOM_030_HomeGoods 2H Digital_F18,NinthDecimal,PJQ7N7_TJN_HOM_030_Mobile_NINTHDECIMAL_DST_SV1_MAP_DIR_RCH_TRG_RON_PXT_DMA_DVY_GEOFENCE: 15-20-MILE RADIUS AROUND RURAL STORES_Run of Network_Geo_F25-54_320 x 50_Click and View_NV_NA,204674556,10/10/2017,7883,80,7803,4952,2851,39,2812,2730,82,4991,4845,7575
TJN_HOM_025_HomeGoods Digital Video_Q4FY18,Tremor Video Inc.,PK1FYM_TJN_HOM_025_OLV_TREMOR NETWORK_AWR_BS1_DSK_DIR_VID_TRG_RON_BTG_CTG_DVY_ALL SCREEN PREROLL + SOCIAL AFFINITY TARGETING TO W25-54 HOME ENTHUSIASTS DESKTOP_Run of Network_Behavioral_F25-54_1280 x 720_Standard_NV_NA,205941870,10/14/2017,132108,200,131908,30162,101746,3291,98455,61047,37408,33453,20743,81790
TJN_HOM_030_HomeGoods 2H Digital_F18,NinthDecimal,PJQ7N6_TJN_HOM_030_Mobile_NINTHDECIMAL_DST_SV1_MAP_DIR_RCH_TRG_RON_PXT_DMA_DVY_GEOFENCE: 5-10-MILE RADIUS AROUND SUBURBAN STORES_Run of Network_Geo_F25-54_320 x 50_Click and View_NV_NA,204646507,9/18/2017,9940,223,9717,3242,6475,47,6428,6271,157,3289,3209,9480
TJN_HOM_030_HomeGoods 2H Digital_F18,xAd Inc.,PJQ7MQ_TJN_HOM_030_Mobile_GROUND TRUTH FKA XAD_DST_SV1_MAP_DIR_DSP_TRG_RON_MKT_DMA_DVY_LOCATION - COMPETITOR SHOPPERS - DYNAMIC DISTANCE_Run of Network_Geo_F25-54_320 x 50_Click and View_NV_NA,204617210,9/14/2017,15161,155,15006,10536,4470,1157,3313,3067,246,11693,8906,11973
TJN_HOM_030_HomeGoods 2H Digital_F18,xAd Inc.,PJQ7MJ_TJN_HOM_030_Mobile_GROUND TRUTH FKA XAD_DST_SV1_MAP_DIR_DSP_TRG_RON_PXT_BTG_DVY_PROXIMITY LOYALTY - STORE LOCATOR UNIT_Run of Network_Geo_F25-54_320 x 50_Click and View_NV_NA,204649939,10/20/2017,5423,156,5267,2100,3167,37,3130,3016,114,2137,2059,5075
TJN_HOM_030_HomeGoods 2H Digital_F18,NinthDecimal,PJQ7N8_TJN_HOM_030_Mobile_NINTHDECIMAL_DST_SV1_MAP_DIR_RCH_TRG_RON_BTG_PXT_DVY_LOCATION GRAPH: HOMEGOODS LOYALISTS_Run of Network_Behavioral_F25-54_320 x 50_Click and View_NV_NA,204675012,9/12/2017,8863,478,8385,1820,6565,36,6529,6312,217,1856,1794,8106
TJN_HOM_030_HomeGoods 2H Digital_F18,xAd Inc.,PJQ7MH_TJN_HOM_030_Mobile_GROUND TRUTH FKA XAD_DST_SV1_MAP_DIR_DSP_TRG_RON_PXT_BTG_DVY_PROXIMITY LOYALTY - DYNAMIC DISTANCE_Run of Network_Geo_F25-54_300 x 250_Click and View_NV_NA,204675003,10/17/2017,27078,807,26271,26271,0,0,0,0,0,26271,17514,17514
TJN_HOM_030_HomeGoods 2H Digital_F18,xAd Inc.,PJQ7MR_TJN_HOM_030_Mobile_GROUND TRUTH FKA XAD_DST_SV1_MAP_DIR_DSP_TRG_RON_MKT_DMA_DVY_LOCATION - COMPETITOR SHOPPERS - DYNAMIC DISTANCE_Run of Network_Geo_F25-54_300 x 250_Click and View_NV_NA,204647890,9/16/2017,5264,525,4739,4737,2,0,2,0,2,4737,0,0
TJN_HOM_030_HomeGoods 2H Digital_F18,NinthDecimal,PJQ7NF_TJN_HOM_030_Mobile_NINTHDECIMAL_DST_SV1_MAP_DIR_RCH_TRG_RON_BTG_DMA_DVY_CONSUMER JOURNEY: HOME FURNISHINGS SHOPPERS_Run of Network_Behavioral_F25-54_320 x 50_Click and View_NV_NA,204626291,9/29/2017,7939,222,7717,3125,4592,13,4579,4533,46,3138,3106,7639
TJN_HOM_025_HomeGoods Digital Video_Q4FY18,Tremor Video Inc.,PK6DY1_TJN_HOM_025_OLV_TREMOR NETWORK_AWR_BS1_CTV_DIR_VID_TRG_RON_BTG_CTG_DVY_ALL SCREEN PREROLL + SOCIAL AFFINITY TARGETING TO W25-54 HOME ENTHUSIASTS CTV_Run of Network_Behavioral_F25-54_1280 x 720_Standard_NV_NA,205941318,10/14/2017,7015,0,7015,7015,0,0,0,0,0,7015,4324,4324
TJN_HOM_030_HomeGoods 2H Digital_F18,NinthDecimal,PJQ7ND_TJN_HOM_030_Mobile_NINTHDECIMAL_DST_SV1_MAP_DIR_RCH_TRG_RON_BTG_DMA_DVY_CONSUMER JOURNEY: HOUSEHOLD CEO_Run of Network_Behavioral_F25-54_320 x 50_Click and View_NV_NA,204626294,10/4/2017,7882,176,7706,4606,3100,26,3074,2948,126,4632,4442,7390
TJN_HOM_030_HomeGoods 2H Digital_F18,xAd Inc.,PJQ7MS_TJN_HOM_030_Mobile_GROUND TRUTH FKA XAD_DST_SV1_MAP_DIR_DSP_TRG_RON_DMA_PXT_DVY_AV DMA TARGETING_Run of Network_Geo_F25-54_300 x 250_Click and View_NV_NA,204646501,9/9/2017,8455,158,8297,4212,4085,1100,2985,1854,1131,5312,3299,5153
TJN_HOM_030_HomeGoods 2H Digital_F18,xAd Inc.,PJQ7MS_TJN_HOM_030_Mobile_GROUND TRUTH FKA XAD_DST_SV1_MAP_DIR_DSP_TRG_RON_DMA_PXT_DVY_AV DMA TARGETING_Run of Network_Geo_F25-54_300 x 250_Click and View_NV_NA,204646501,10/21/2017,2000,14,1986,1184,802,11,791,560,231,1195,846,1406
TJN_HOM_030_HomeGoods 2H Digital_F18,NinthDecimal,PJQ7NH_TJN_HOM_030_Mobile_NINTHDECIMAL_DST_SV1_MAP_DIR_RCH_TRG_RON_BTG_DMA_DVY_CONSUMER JOURNEY: PET SUPPLY SHOPPERS_Run of Network_Behavioral_F25-54_320 x 50_Click and View_NV_NA,204647914,9/28/2017,5311,91,5220,1784,3436,13,3423,3354,69,1797,1761,5115
TJN_HOM_030_HomeGoods 2H Digital_F18,xAd Inc.,PJQ7MR_TJN_HOM_030_Mobile_GROUND TRUTH FKA XAD_DST_SV1_MAP_DIR_DSP_TRG_RON_MKT_DMA_DVY_LOCATION - COMPETITOR SHOPPERS - DYNAMIC DISTANCE_Run of Network_Geo_F25-54_300 x 250_Click and View_NV_NA,204647890,10/13/2017,9117,609,8508,8508,0,0,0,0,0,8508,0,0
TJN_HOM_030_HomeGoods 2H Digital_F18,NinthDecimal,"PJQ7NK_TJN_HOM_030_Mobile_NINTHDECIMAL_DST_SV1_MAP_DIR_RCH_TRG_RON_BTG_DMA_DVY_TV TARGETING: HGTV, DIY NETWORK, BRAVO, TLC, FOOD NETWORK_Run of Network_Behavioral_F25-54_320 x 50_Click and View_NV_NA",204674553,10/4/2017,7224,99,7125,3037,4088,37,4051,3888,163,3074,2950,6838
TJN_HOM_030_HomeGoods 2H Digital_F18,xAd Inc.,PJQ7ML_TJN_HOM_030_Mobile_GROUND TRUTH FKA XAD_DST_SV1_MAP_DIR_DSP_TRG_RON_BTG_DMA_DVY_BEHAVIORAL - HOME SHOPPER - DYNAMIC DISTANCE_Run of Network_Behavioral_F25-54_320 x 50_Click and View_NV_NA,204626174,9/22/2017,18075,321,17754,14370,3384,908,2476,2299,177,15278,12040,14339
TJN_HOM_030_HomeGoods 2H Digital_F18,xAd Inc.,PJQ7MR_TJN_HOM_030_Mobile_GROUND TRUTH FKA XAD_DST_SV1_MAP_DIR_DSP_TRG_RON_MKT_DMA_DVY_LOCATION - COMPETITOR SHOPPERS - DYNAMIC DISTANCE_Run of Network_Geo_F25-54_300 x 250_Click and View_NV_NA,204647890,9/13/2017,4810,223,4587,4587,0,0,0,0,0,4587,4205,4205
TJN_HOM_030_HomeGoods 2H Digital_F18,xAd Inc.,PJQ7MP_TJN_HOM_030_Mobile_GROUND TRUTH FKA XAD_DST_SV1_MAP_DIR_DSP_TRG_RON_MKT_DMA_DVY_LOCATION - HOMEGOODS SHOPPERS - DYNAMIC DISTANCE_Run of Network_Geo_F25-54_300 x 250_Click and View_NV_NA,204647878,10/6/2017,11078,292,10786,10786,0,0,0,0,0,10786,7191,7191
TJN_HOM_030_HomeGoods 2H Digital_F18,xAd Inc.,PJQ7MQ_TJN_HOM_030_Mobile_GROUND TRUTH FKA XAD_DST_SV1_MAP_DIR_DSP_TRG_RON_MKT_DMA_DVY_LOCATION - COMPETITOR SHOPPERS - DYNAMIC DISTANCE_Run of Network_Geo_F25-54_320 x 50_Click and View_NV_NA,204617210,9/28/2017,87136,1801,85335,63816,21519,1667,19852,15204,4648,65483,47778,62982
TJN_HOM_030_HomeGoods 2H Digital_F18,NinthDecimal,PJQ7NF_TJN_HOM_030_Mobile_NINTHDECIMAL_DST_SV1_MAP_DIR_RCH_TRG_RON_BTG_DMA_DVY_CONSUMER JOURNEY: HOME FURNISHINGS SHOPPERS_Run of Network_Behavioral_F25-54_320 x 50_Click and View_NV_NA,204626291,9/10/2017,6750,145,6605,2082,4523,17,4506,4408,98,2099,2053,6461
TJN_HOM_030_HomeGoods 2H Digital_F18,NinthDecimal,PJQ7NJ_TJN_HOM_030_Mobile_NINTHDECIMAL_DST_SV1_MAP_DIR_RCH_TRG_RON_BTG_DMA_DVY_CONSUMER JOURNEY: BARGAIN HUNTERS_Run of Network_Behavioral_F25-54_320 x 50_Click and View_NV_NA,204644353,9/9/2017,6336,100,6236,1965,4271,18,4253,4143,110,1983,1932,6075
TJN_HOM_030_HomeGoods 2H Digital_F18,NinthDecimal,PJQ7NB_TJN_HOM_030_Mobile_NINTHDECIMAL_DST_SV1_MAP_DIR_RCH_TRG_RON_BTG_PXT_DVY_LOCATION GRAPH: COMPETITIVE CONQUESTING_Run of Network_Behavioral_F25-54_320 x 50_Click and View_NV_NA,204649942,9/15/2017,7300,106,7194,2969,4225,15,4210,4098,112,2984,2905,7003
TJN_HOM_030_HomeGoods 2H Digital_F18,xAd Inc.,PJQ7MP_TJN_HOM_030_Mobile_GROUND TRUTH FKA XAD_DST_SV1_MAP_DIR_DSP_TRG_RON_MKT_DMA_DVY_LOCATION - HOMEGOODS SHOPPERS - DYNAMIC DISTANCE_Run of Network_Geo_F25-54_300 x 250_Click and View_NV_NA,204647878,10/11/2017,7510,235,7275,7275,0,0,0,0,0,7275,7275,7275
TJN_HOM_030_HomeGoods 2H Digital_F18,NinthDecimal,PJQ7NJ_TJN_HOM_030_Mobile_NINTHDECIMAL_DST_SV1_MAP_DIR_RCH_TRG_RON_BTG_DMA_DVY_CONSUMER JOURNEY: BARGAIN HUNTERS_Run of Network_Behavioral_F25-54_320 x 50_Click and View_NV_NA,204644353,10/21/2017,9230,129,9101,4551,4550,65,4485,4354,131,4616,4481,8835
TJN_HOM_030_HomeGoods 2H Digital_F18,xAd Inc.,PJQ7MR_TJN_HOM_030_Mobile_GROUND TRUTH FKA XAD_DST_SV1_MAP_DIR_DSP_TRG_RON_MKT_DMA_DVY_LOCATION - COMPETITOR SHOPPERS - DYNAMIC DISTANCE_Run of Network_Geo_F25-54_300 x 250_Click and View_NV_NA,204647890,9/19/2017,5027,270,4757,4757,0,0,0,0,0,4757,1784,1784
TJN_HOM_030_HomeGoods 2H Digital_F18,xAd Inc.,PJQ7ML_TJN_HOM_030_Mobile_GROUND TRUTH FKA XAD_DST_SV1_MAP_DIR_DSP_TRG_RON_BTG_DMA_DVY_BEHAVIORAL - HOME SHOPPER - DYNAMIC DISTANCE_Run of Network_Behavioral_F25-54_320 x 50_Click and View_NV_NA,204626174,9/24/2017,16209,263,15946,12931,3015,1009,2006,1841,165,13940,11757,13598
TJN_HOM_030_HomeGoods 2H Digital_F18,xAd Inc.,PJQ7MM_TJN_HOM_030_Mobile_GROUND TRUTH FKA XAD_DST_SV1_MAP_DIR_DSP_TRG_RON_BTG_DMA_DVY_BEHAVIORAL - HOME SHOPPER- DYNAMIC DISTANCE_Run of Network_Behavioral_F25-54_300 x 250_Click and View_NV_NA,204626171,9/15/2017,5599,277,5322,5321,1,1,0,0,0,5322,591,591
TJN_HOM_030_HomeGoods 2H Digital_F18,xAd Inc.,PJQ7MP_TJN_HOM_030_Mobile_GROUND TRUTH FKA XAD_DST_SV1_MAP_DIR_DSP_TRG_RON_MKT_DMA_DVY_LOCATION - HOMEGOODS SHOPPERS - DYNAMIC DISTANCE_Run of Network_Geo_F25-54_300 x 250_Click and View_NV_NA,204647878,9/21/2017,3702,142,3560,3544,16,1,15,13,2,3545,3065,3078
TJN_HOM_030_HomeGoods 2H Digital_F18,xAd Inc.,PJQ7MN_TJN_HOM_030_Mobile_GROUND TRUTH FKA XAD_DST_SV1_MAP_DIR_DSP_TRG_RON_MKT_DMA_DVY_LOCATION - HOMEGOODS SHOPPERS - DYNAMIC DISTANCE_Run of Network_Geo_F25-54_320 x 50_Click and View_NV_NA,204651439,9/7/2017,10354,191,10163,8278,1885,673,1212,908,304,8951,6630,7538
TJN_HOM_030_HomeGoods 2H Digital_F18,xAd Inc.,PJQ7MQ_TJN_HOM_030_Mobile_GROUND TRUTH FKA XAD_DST_SV1_MAP_DIR_DSP_TRG_RON_MKT_DMA_DVY_LOCATION - COMPETITOR SHOPPERS - DYNAMIC DISTANCE_Run of Network_Geo_F25-54_320 x 50_Click and View_NV_NA,204617210,9/5/2017,14140,262,13878,11245,2633,1407,1226,1135,91,12652,10892,12027
TJN_HOM_030_HomeGoods 2H Digital_F18,NinthDecimal,PJQ7NH_TJN_HOM_030_Mobile_NINTHDECIMAL_DST_SV1_MAP_DIR_RCH_TRG_RON_BTG_DMA_DVY_CONSUMER JOURNEY: PET SUPPLY SHOPPERS_Run of Network_Behavioral_F25-54_320 x 50_Click and View_NV_NA,204647914,9/5/2017,3423,70,3353,1769,1584,12,1572,1550,22,1781,1756,3306
TJN_HOM_030_HomeGoods 2H Digital_F18,NinthDecimal,PJQ7NJ_TJN_HOM_030_Mobile_NINTHDECIMAL_DST_SV1_MAP_DIR_RCH_TRG_RON_BTG_DMA_DVY_CONSUMER JOURNEY: BARGAIN HUNTERS_Run of Network_Behavioral_F25-54_320 x 50_Click and View_NV_NA,204644353,10/4/2017,7404,204,7200,3440,3760,31,3729,3567,162,3471,3320,6887
TJN_HOM_030_HomeGoods 2H Digital_F18,NinthDecimal,"PJQ7NK_TJN_HOM_030_Mobile_NINTHDECIMAL_DST_SV1_MAP_DIR_RCH_TRG_RON_BTG_DMA_DVY_TV TARGETING: HGTV, DIY NETWORK, BRAVO, TLC, FOOD NETWORK_Run of Network_Behavioral_F25-54_320 x 50_Click and View_NV_NA",204674553,10/21/2017,8866,97,8769,4175,4594,67,4527,4372,155,4242,4097,8469
TJN_HOM_030_HomeGoods 2H Digital_F18,NinthDecimal,"PJQ7NK_TJN_HOM_030_Mobile_NINTHDECIMAL_DST_SV1_MAP_DIR_RCH_TRG_RON_BTG_DMA_DVY_TV TARGETING: HGTV, DIY NETWORK, BRAVO, TLC, FOOD NETWORK_Run of Network_Behavioral_F25-54_320 x 50_Click and View_NV_NA",204674553,9/9/2017,3561,40,3521,2559,962,15,947,908,39,2574,2468,3376
TJN_HOM_030_HomeGoods 2H Digital_F18,NinthDecimal,PJQ7ND_TJN_HOM_030_Mobile_NINTHDECIMAL_DST_SV1_MAP_DIR_RCH_TRG_RON_BTG_DMA_DVY_CONSUMER JOURNEY: HOUSEHOLD CEO_Run of Network_Behavioral_F25-54_320 x 50_Click and View_NV_NA,204626294,10/21/2017,9378,157,9221,5230,3991,27,3964,3837,127,5257,5089,8926
TJN_HOM_030_HomeGoods 2H Digital_F18,xAd Inc.,PJQ7MS_TJN_HOM_030_Mobile_GROUND TRUTH FKA XAD_DST_SV1_MAP_DIR_DSP_TRG_RON_DMA_PXT_DVY_AV DMA TARGETING_Run of Network_Geo_F25-54_300 x 250_Click and View_NV_NA,204646501,10/4/2017,8,2,6,2,4,2,2,2,0,4,4,6
TJN_HOM_030_HomeGoods 2H Digital_F18,NinthDecimal,PJQ7ND_TJN_HOM_030_Mobile_NINTHDECIMAL_DST_SV1_MAP_DIR_RCH_TRG_RON_BTG_DMA_DVY_CONSUMER JOURNEY: HOUSEHOLD CEO_Run of Network_Behavioral_F25-54_320 x 50_Click and View_NV_NA,204626294,9/9/2017,16936,193,16743,6324,10419,34,10385,10140,245,6358,6208,16348
TJN_HOM_025_HomeGoods Digital Video_Q4FY18,Tremor Video Inc.,PK6DYV_TJN_HOM_025_OLV_TREMOR NETWORK_AWR_BS1_MAP_DIR_VID_TRG_RON_PXT_CTG_DVY_ALL SCREEN PREROLL + PROXIMITYPLUS DWELL TIME TARGETING TO HOMEGOODS VISITORS MOB/TAB APP_Run of Network_Behavioral_F25-54_1280 x 720_Standard_NV_NA,205859075,10/16/2017,137223,397,136826,136674,152,68,84,84,0,136742,136742,136826
TJN_HOM_030_HomeGoods 2H Digital_F18,NinthDecimal,PJQ7N7_TJN_HOM_030_Mobile_NINTHDECIMAL_DST_SV1_MAP_DIR_RCH_TRG_RON_PXT_DMA_DVY_GEOFENCE: 15-20-MILE RADIUS AROUND RURAL STORES_Run of Network_Geo_F25-54_320 x 50_Click and View_NV_NA,204674556,9/19/2017,28902,578,28324,15505,12819,101,12718,12397,321,15606,15212,27609
TJN_HOM_030_HomeGoods 2H Digital_F18,NinthDecimal,PJQ7NB_TJN_HOM_030_Mobile_NINTHDECIMAL_DST_SV1_MAP_DIR_RCH_TRG_RON_BTG_PXT_DVY_LOCATION GRAPH: COMPETITIVE CONQUESTING_Run of Network_Behavioral_F25-54_320 x 50_Click and View_NV_NA,204649942,10/7/2017,8195,119,8076,4988,3088,36,3052,2957,95,5024,4868,7825
TJN_HOM_025_HomeGoods Digital Video_Q4FY18,Tremor Video Inc.,PK1FYN_TJN_HOM_025_OLV_TREMOR NETWORK_AWR_BS1_DSK_DIR_VID_TRG_RON_PXT_CTG_DVY_ALL SCREEN PREROLL + PROXIMITYPLUS DWELL TIME TARGETING TO HOMEGOODS VISITORS DESKTOP_Run of Network_Behavioral_F25-54_1280 x 720_Standard_NV_NA,205941312,10/17/2017,81610,246,81364,32134,49230,1792,47438,41106,6332,33926,29398,70504
TJN_HOM_030_HomeGoods 2H Digital_F18,xAd Inc.,PJQ7MK_TJN_HOM_030_Mobile_GROUND TRUTH FKA XAD_DST_SV1_MAP_DIR_DSP_TRG_RON_PXT_BTG_DVY_PROXIMITY LOYALTY - STORE LOCATOR UNIT_Run of Network_Geo_F25-54_300 x 250_Click and View_NV_NA,204625442,9/29/2017,33904,605,33299,12700,20599,416,20183,15182,5001,13116,9866,25048
TJN_HOM_030_HomeGoods 2H Digital_F18,NinthDecimal,PJQ7N6_TJN_HOM_030_Mobile_NINTHDECIMAL_DST_SV1_MAP_DIR_RCH_TRG_RON_PXT_DMA_DVY_GEOFENCE: 5-10-MILE RADIUS AROUND SUBURBAN STORES_Run of Network_Geo_F25-54_320 x 50_Click and View_NV_NA,204646507,10/5/2017,7241,242,6999,4522,2477,17,2460,2393,67,4539,4415,6808
TJN_HOM_030_HomeGoods 2H Digital_F18,NinthDecimal,PJQ7NJ_TJN_HOM_030_Mobile_NINTHDECIMAL_DST_SV1_MAP_DIR_RCH_TRG_RON_BTG_DMA_DVY_CONSUMER JOURNEY: BARGAIN HUNTERS_Run of Network_Behavioral_F25-54_320 x 50_Click and View_NV_NA,204644353,10/15/2017,9840,163,9677,4970,4707,63,4644,4494,150,5033,4870,9364
TJN_HOM_025_HomeGoods Digital Video_Q4FY18,Tremor Video Inc.,PK6F30_TJN_HOM_025_OLV_TREMOR NETWORK_AWR_BS1_CTV_DIR_VID_TRG_RON_PXT_CTG_DVY_ALL SCREEN PREROLL + PROXIMITYPLUS DWELL TIME TARGETING TO HOMEGOODS VISITORS CTV_Run of Network_Behavioral_F25-54_1280 x 720_Standard_NV_NA,205942131,10/20/2017,20306,0,20306,20306,0,0,0,0,0,20306,0,0
TJN_HOM_030_HomeGoods 2H Digital_F18,NinthDecimal,PJQ7N7_TJN_HOM_030_Mobile_NINTHDECIMAL_DST_SV1_MAP_DIR_RCH_TRG_RON_PXT_DMA_DVY_GEOFENCE: 15-20-MILE RADIUS AROUND RURAL STORES_Run of Network_Geo_F25-54_320 x 50_Click and View_NV_NA,204674556,10/13/2017,8905,159,8746,5741,3005,136,2869,2771,98,5877,5676,8447
TJN_HOM_030_HomeGoods 2H Digital_F18,NinthDecimal,PJQ7NB_TJN_HOM_030_Mobile_NINTHDECIMAL_DST_SV1_MAP_DIR_RCH_TRG_RON_BTG_PXT_DVY_LOCATION GRAPH: COMPETITIVE CONQUESTING_Run of Network_Behavioral_F25-54_320 x 50_Click and View_NV_NA,204649942,9/8/2017,4577,104,4473,2089,2384,19,2365,2272,93,2108,2025,4297
TJN_HOM_025_HomeGoods Digital Video_Q4FY18,Tremor Video Inc.,PK6DWD_TJN_HOM_025_OLV_TREMOR NETWORK_AWR_BS1_MAP_DIR_VID_TRG_RON_BTG_CTG_DVY_ALL SCREEN PREROLL + SOCIAL AFFINITY TARGETING TO W25-54 HOME ENTHUSIASTS MOB/TAB APP_Run of Network_Behavioral_F25-54_1280 x 720_Standard_NV_NA,205941321,10/19/2017,188182,167,188015,187875,140,82,58,32,26,187957,103700,103732
TJN_HOM_030_HomeGoods 2H Digital_F18,NinthDecimal,PJQ7N7_TJN_HOM_030_Mobile_NINTHDECIMAL_DST_SV1_MAP_DIR_RCH_TRG_RON_PXT_DMA_DVY_GEOFENCE: 15-20-MILE RADIUS AROUND RURAL STORES_Run of Network_Geo_F25-54_320 x 50_Click and View_NV_NA,204674556,9/13/2017,11728,231,11497,3334,8163,31,8132,8002,130,3365,3311,11313
TJN_HOM_030_HomeGoods 2H Digital_F18,xAd Inc.,PJQ7MS_TJN_HOM_030_Mobile_GROUND TRUTH FKA XAD_DST_SV1_MAP_DIR_DSP_TRG_RON_DMA_PXT_DVY_AV DMA TARGETING_Run of Network_Geo_F25-54_300 x 250_Click and View_NV_NA,204646501,10/15/2017,2735,38,2697,1781,916,17,899,751,148,1798,1502,2253
TJN_HOM_030_HomeGoods 2H Digital_F18,xAd Inc.,PJQ7MK_TJN_HOM_030_Mobile_GROUND TRUTH FKA XAD_DST_SV1_MAP_DIR_DSP_TRG_RON_PXT_BTG_DVY_PROXIMITY LOYALTY - STORE LOCATOR UNIT_Run of Network_Geo_F25-54_300 x 250_Click and View_NV_NA,204625442,9/10/2017,426,6,420,23,397,0,397,377,20,23,22,399
TJN_HOM_025_HomeGoods Digital Video_Q4FY18,Tremor Video Inc.,PK1FYN_TJN_HOM_025_OLV_TREMOR NETWORK_AWR_BS1_DSK_DIR_VID_TRG_RON_PXT_CTG_DVY_ALL SCREEN PREROLL + PROXIMITYPLUS DWELL TIME TARGETING TO HOMEGOODS VISITORS DESKTOP_Run of Network_Behavioral_F25-54_1280 x 720_Standard_NV_NA,205941312,10/5/2017,166337,121,166216,76441,89775,1274,88501,24272,64229,77715,21314,45586
TJN_HOM_030_HomeGoods 2H Digital_F18,NinthDecimal,PJQ7N6_TJN_HOM_030_Mobile_NINTHDECIMAL_DST_SV1_MAP_DIR_RCH_TRG_RON_PXT_DMA_DVY_GEOFENCE: 5-10-MILE RADIUS AROUND SUBURBAN STORES_Run of Network_Geo_F25-54_320 x 50_Click and View_NV_NA,204646507,10/17/2017,9036,214,8822,5378,3444,25,3419,3325,94,5403,5254,8579
TJN_HOM_030_HomeGoods 2H Digital_F18,NinthDecimal,PJQ7N7_TJN_HOM_030_Mobile_NINTHDECIMAL_DST_SV1_MAP_DIR_RCH_TRG_RON_PXT_DMA_DVY_GEOFENCE: 15-20-MILE RADIUS AROUND RURAL STORES_Run of Network_Geo_F25-54_320 x 50_Click and View_NV_NA,204674556,9/16/2017,9822,198,9624,3298,6326,25,6301,6180,121,3323,3259,9439
TJN_HOM_030_HomeGoods 2H Digital_F18,xAd Inc.,PJQ7MR_TJN_HOM_030_Mobile_GROUND TRUTH FKA XAD_DST_SV1_MAP_DIR_DSP_TRG_RON_MKT_DMA_DVY_LOCATION - COMPETITOR SHOPPERS - DYNAMIC DISTANCE_Run of Network_Geo_F25-54_300 x 250_Click and View_NV_NA,204647890,10/10/2017,7211,350,6861,6861,0,0,0,0,0,6861,0,0
TJN_HOM_030_HomeGoods 2H Digital_F18,xAd Inc.,PJQ7MH_TJN_HOM_030_Mobile_GROUND TRUTH FKA XAD_DST_SV1_MAP_DIR_DSP_TRG_RON_PXT_BTG_DVY_PROXIMITY LOYALTY - DYNAMIC DISTANCE_Run of Network_Geo_F25-54_300 x 250_Click and View_NV_NA,204675003,9/18/2017,14405,418,13987,13946,41,6,35,18,17,13952,7179,7197
TJN_HOM_030_HomeGoods 2H Digital_F18,xAd Inc.,PJQ7MG_TJN_HOM_030_Mobile_GROUND TRUTH FKA XAD_DST_SV1_MAP_DIR_DSP_TRG_RON_PXT_BTG_DVY_PROXIMITY LOYALTY - DYNAMIC DISTANCE_Run of Network_Geo_F25-54_320 x 50_Click and View_NV_NA,204626813,10/20/2017,51104,965,50139,47025,3114,172,2942,2698,244,47197,38236,40934
TJN_HOM_030_HomeGoods 2H Digital_F18,NinthDecimal,PJQ7N5_TJN_HOM_030_Mobile_NINTHDECIMAL_DST_SV1_MAP_DIR_RCH_TRG_RON_PXT_DMA_DVY_GEOFENCE: 2-MILE RADIUS AROUND URBAN STORES_Run of Network_Geo_F25-54_320 x 50_Click and View_NV_NA,204649945,10/20/2017,7157,221,6936,3459,3477,26,3451,3364,87,3485,3397,6761
TJN_HOM_030_HomeGoods 2H Digital_F18,xAd Inc.,PJQ7MN_TJN_HOM_030_Mobile_GROUND TRUTH FKA XAD_DST_SV1_MAP_DIR_DSP_TRG_RON_MKT_DMA_DVY_LOCATION - HOMEGOODS SHOPPERS - DYNAMIC DISTANCE_Run of Network_Geo_F25-54_320 x 50_Click and View_NV_NA,204651439,9/25/2017,121971,2216,119755,77609,42146,2540,39606,34987,4619,80149,66142,101129
TJN_HOM_030_HomeGoods 2H Digital_F18,NinthDecimal,PJQ7ND_TJN_HOM_030_Mobile_NINTHDECIMAL_DST_SV1_MAP_DIR_RCH_TRG_RON_BTG_DMA_DVY_CONSUMER JOURNEY: HOUSEHOLD CEO_Run of Network_Behavioral_F25-54_320 x 50_Click and View_NV_NA,204626294,10/15/2017,9674,148,9526,5236,4290,20,4270,4162,108,5256,5123,9285
TJN_HOM_030_HomeGoods 2H Digital_F18,NinthDecimal,"PJQ7NK_TJN_HOM_030_Mobile_NINTHDECIMAL_DST_SV1_MAP_DIR_RCH_TRG_RON_BTG_DMA_DVY_TV TARGETING: HGTV, DIY NETWORK, BRAVO, TLC, FOOD NETWORK_Run of Network_Behavioral_F25-54_320 x 50_Click and View_NV_NA",204674553,10/15/2017,9517,144,9373,4921,4452,76,4376,4194,182,4997,4789,8983
TJN_HOM_030_HomeGoods 2H Digital_F18,Nativo Inc.,PJQDHJ_TJN_HOM_030_Content_NATIVO FKA POST RLSE_DSI_BS2_MWB_DIR_NAD_ROT_RON_CTG_BTG_DVY_NATIVE DISPLAY UNIT FALLIDAYS_Run of Network_Contextual_F25-54_1 x 1_Click and View_NV_NA,206024352,10/8/2017,554650,14642,540008,2605,537403,39876,497527,160948,336579,42481,13742,174690
TJN_HOM_030_HomeGoods 2H Digital_F18,NinthDecimal,PJQ7N9_TJN_HOM_030_Mobile_NINTHDECIMAL_DST_SV1_MAP_DIR_RCH_TRG_RON_BTG_PXT_DVY_LOCATION GRAPH: TJX FAMILY LOYALISTS_Run of Network_Behavioral_F25-54_320 x 50_Click and View_NV_NA,204647917,10/20/2017,13387,308,13079,5972,7107,44,7063,6856,207,6016,5840,12696
TJN_HOM_030_HomeGoods 2H Digital_F18,NinthDecimal,PJQ7NG_TJN_HOM_030_Mobile_NINTHDECIMAL_DST_SV1_MAP_DIR_RCH_TRG_RON_BTG_DMA_DVY_CONSUMER JOURNEY: NEW HOME BUYERS & MOVERS_Run of Network_Behavioral_F25-54_320 x 50_Click and View_NV_NA,204625835,10/12/2017,10523,151,10372,4786,5586,32,5554,5359,195,4818,4649,10008
TJN_HOM_030_HomeGoods 2H Digital_F18,xAd Inc.,PJQ7MM_TJN_HOM_030_Mobile_GROUND TRUTH FKA XAD_DST_SV1_MAP_DIR_DSP_TRG_RON_BTG_DMA_DVY_BEHAVIORAL - HOME SHOPPER- DYNAMIC DISTANCE_Run of Network_Behavioral_F25-54_300 x 250_Click and View_NV_NA,204626171,9/8/2017,10853,190,10663,10658,5,0,5,0,5,10658,0,0
TJN_HOM_030_HomeGoods 2H Digital_F18,NinthDecimal,PJQ7N8_TJN_HOM_030_Mobile_NINTHDECIMAL_DST_SV1_MAP_DIR_RCH_TRG_RON_BTG_PXT_DVY_LOCATION GRAPH: HOMEGOODS LOYALISTS_Run of Network_Behavioral_F25-54_320 x 50_Click and View_NV_NA,204675012,9/27/2017,7480,30,7450,3175,4275,28,4247,4094,153,3203,3088,7182
TJN_HOM_030_HomeGoods 2H Digital_F18,NinthDecimal,PJQ7NC_TJN_HOM_030_Mobile_NINTHDECIMAL_DST_SV1_MAP_DIR_RCH_TRG_RON_BTG_DMA_DVY_CONSUMER JOURNEY: DIYERS_Run of Network_Behavioral_F25-54_320 x 50_Click and View_NV_NA,204675009,9/22/2017,9451,192,9259,3127,6132,35,6097,5964,133,3162,3093,9057
TJN_HOM_030_HomeGoods 2H Digital_F18,xAd Inc.,PJQ7MM_TJN_HOM_030_Mobile_GROUND TRUTH FKA XAD_DST_SV1_MAP_DIR_DSP_TRG_RON_BTG_DMA_DVY_BEHAVIORAL - HOME SHOPPER- DYNAMIC DISTANCE_Run of Network_Behavioral_F25-54_300 x 250_Click and View_NV_NA,204626171,10/7/2017,7064,128,6936,6936,0,0,0,0,0,6936,0,0
TJN_HOM_025_HomeGoods Digital Video_Q4FY18,Tremor Video Inc.,PK6DWD_TJN_HOM_025_OLV_TREMOR NETWORK_AWR_BS1_MAP_DIR_VID_TRG_RON_BTG_CTG_DVY_ALL SCREEN PREROLL + SOCIAL AFFINITY TARGETING TO W25-54 HOME ENTHUSIASTS MOB/TAB APP_Run of Network_Behavioral_F25-54_1280 x 720_Standard_NV_NA,205941321,10/9/2017,922,4,918,866,52,1,51,32,19,867,544,576
TJN_HOM_030_HomeGoods 2H Digital_F18,NinthDecimal,PJQ7NC_TJN_HOM_030_Mobile_NINTHDECIMAL_DST_SV1_MAP_DIR_RCH_TRG_RON_BTG_DMA_DVY_CONSUMER JOURNEY: DIYERS_Run of Network_Behavioral_F25-54_320 x 50_Click and View_NV_NA,204675009,9/24/2017,9351,143,9208,2925,6283,31,6252,6088,164,2956,2878,8966
TJN_HOM_030_HomeGoods 2H Digital_F18,NinthDecimal,PJQ7N5_TJN_HOM_030_Mobile_NINTHDECIMAL_DST_SV1_MAP_DIR_RCH_TRG_RON_PXT_DMA_DVY_GEOFENCE: 2-MILE RADIUS AROUND URBAN STORES_Run of Network_Geo_F25-54_320 x 50_Click and View_NV_NA,204649945,9/28/2017,17693,572,17121,8856,8265,36,8229,7972,257,8892,8614,16586
TJN_HOM_030_HomeGoods 2H Digital_F18,NinthDecimal,PJQ7NF_TJN_HOM_030_Mobile_NINTHDECIMAL_DST_SV1_MAP_DIR_RCH_TRG_RON_BTG_DMA_DVY_CONSUMER JOURNEY: HOME FURNISHINGS SHOPPERS_Run of Network_Behavioral_F25-54_320 x 50_Click and View_NV_NA,204626291,9/18/2017,9898,250,9648,2382,7266,29,7237,7099,138,2411,2365,9464
TJN_HOM_030_HomeGoods 2H Digital_F18,xAd Inc.,PJQ7MG_TJN_HOM_030_Mobile_GROUND TRUTH FKA XAD_DST_SV1_MAP_DIR_DSP_TRG_RON_PXT_BTG_DVY_PROXIMITY LOYALTY - DYNAMIC DISTANCE_Run of Network_Geo_F25-54_320 x 50_Click and View_NV_NA,204626813,9/28/2017,34453,858,33595,27984,5611,983,4628,3787,841,28967,20221,24008
TJN_HOM_030_HomeGoods 2H Digital_F18,NinthDecimal,PJQ7NG_TJN_HOM_030_Mobile_NINTHDECIMAL_DST_SV1_MAP_DIR_RCH_TRG_RON_BTG_DMA_DVY_CONSUMER JOURNEY: NEW HOME BUYERS & MOVERS_Run of Network_Behavioral_F25-54_320 x 50_Click and View_NV_NA,204625835,10/10/2017,8966,56,8910,4948,3962,36,3926,3782,144,4984,4801,8583
TJN_HOM_030_HomeGoods 2H Digital_F18,NinthDecimal,PJQ7N9_TJN_HOM_030_Mobile_NINTHDECIMAL_DST_SV1_MAP_DIR_RCH_TRG_RON_BTG_PXT_DVY_LOCATION GRAPH: TJX FAMILY LOYALISTS_Run of Network_Behavioral_F25-54_320 x 50_Click and View_NV_NA,204647917,9/5/2017,2317,54,2263,1160,1103,18,1085,1049,36,1178,1139,2188
TJN_HOM_025_HomeGoods Digital Video_Q4FY18,Tremor Video Inc.,PK6F30_TJN_HOM_025_OLV_TREMOR NETWORK_AWR_BS1_CTV_DIR_VID_TRG_RON_PXT_CTG_DVY_ALL SCREEN PREROLL + PROXIMITYPLUS DWELL TIME TARGETING TO HOMEGOODS VISITORS CTV_Run of Network_Behavioral_F25-54_1280 x 720_Standard_NV_NA,205942131,10/14/2017,4884,1,4883,4883,0,0,0,0,0,4883,0,0
TJN_HOM_030_HomeGoods 2H Digital_F18,NinthDecimal,PJQ7NB_TJN_HOM_030_Mobile_NINTHDECIMAL_DST_SV1_MAP_DIR_RCH_TRG_RON_BTG_PXT_DVY_LOCATION GRAPH: COMPETITIVE CONQUESTING_Run of Network_Behavioral_F25-54_320 x 50_Click and View_NV_NA,204649942,10/8/2017,8597,116,8481,5352,3129,28,3101,3003,98,5380,5210,8213
TJN_HOM_030_HomeGoods 2H Digital_F18,Nativo Inc.,PK87W8_TJN_HOM_030_Content_NATIVO FKA POST RLSE_DSI_BS2_MWB_DIR_NAD_ROT_RON_CTG_BTG_DVY_NATIVE DISPLAY UNIT FALL TRENDS_Run of Network_Contextual_F25-54_1 x 1_Click and View_NV_NA,206137761,10/21/2017,263351,6236,257115,6794,250321,28930,221391,75310,146081,35724,12152,87462
TJN_HOM_030_HomeGoods 2H Digital_F18,NinthDecimal,PJQ7N6_TJN_HOM_030_Mobile_NINTHDECIMAL_DST_SV1_MAP_DIR_RCH_TRG_RON_PXT_DMA_DVY_GEOFENCE: 5-10-MILE RADIUS AROUND SUBURBAN STORES_Run of Network_Geo_F25-54_320 x 50_Click and View_NV_NA,204646507,9/29/2017,42748,1015,41733,22236,19497,117,19380,18763,617,22353,21641,40404
TJN_HOM_030_HomeGoods 2H Digital_F18,xAd Inc.,PJQ7MK_TJN_HOM_030_Mobile_GROUND TRUTH FKA XAD_DST_SV1_MAP_DIR_DSP_TRG_RON_PXT_BTG_DVY_PROXIMITY LOYALTY - STORE LOCATOR UNIT_Run of Network_Geo_F25-54_300 x 250_Click and View_NV_NA,204625442,10/5/2017,3,1,2,2,0,0,0,0,0,2,2,2
TJN_HOM_030_HomeGoods 2H Digital_F18,NinthDecimal,PJQ7N5_TJN_HOM_030_Mobile_NINTHDECIMAL_DST_SV1_MAP_DIR_RCH_TRG_RON_PXT_DMA_DVY_GEOFENCE: 2-MILE RADIUS AROUND URBAN STORES_Run of Network_Geo_F25-54_320 x 50_Click and View_NV_NA,204649945,9/14/2017,6139,140,5999,2733,3266,15,3251,3159,92,2748,2670,5829
TJN_HOM_030_HomeGoods 2H Digital_F18,NinthDecimal,"PJQ7NK_TJN_HOM_030_Mobile_NINTHDECIMAL_DST_SV1_MAP_DIR_RCH_TRG_RON_BTG_DMA_DVY_TV TARGETING: HGTV, DIY NETWORK, BRAVO, TLC, FOOD NETWORK_Run of Network_Behavioral_F25-54_320 x 50_Click and View_NV_NA",204674553,9/25/2017,6682,101,6581,2160,4421,31,4390,4243,147,2191,2118,6361
TJN_HOM_030_HomeGoods 2H Digital_F18,NinthDecimal,PJQ7N5_TJN_HOM_030_Mobile_NINTHDECIMAL_DST_SV1_MAP_DIR_RCH_TRG_RON_PXT_DMA_DVY_GEOFENCE: 2-MILE RADIUS AROUND URBAN STORES_Run of Network_Geo_F25-54_320 x 50_Click and View_NV_NA,204649945,10/14/2017,7750,200,7550,4211,3339,33,3306,3200,106,4244,4108,7308
TJN_HOM_030_HomeGoods 2H Digital_F18,NinthDecimal,PJQ7ND_TJN_HOM_030_Mobile_NINTHDECIMAL_DST_SV1_MAP_DIR_RCH_TRG_RON_BTG_DMA_DVY_CONSUMER JOURNEY: HOUSEHOLD CEO_Run of Network_Behavioral_F25-54_320 x 50_Click and View_NV_NA,204626294,9/25/2017,9714,206,9508,3369,6139,14,6125,5993,132,3383,3310,9303
TJN_HOM_030_HomeGoods 2H Digital_F18,xAd Inc.,PJQ7MG_TJN_HOM_030_Mobile_GROUND TRUTH FKA XAD_DST_SV1_MAP_DIR_DSP_TRG_RON_PXT_BTG_DVY_PROXIMITY LOYALTY - DYNAMIC DISTANCE_Run of Network_Geo_F25-54_320 x 50_Click and View_NV_NA,204626813,10/14/2017,56965,1604,55361,48397,6964,3542,3422,2857,565,51939,42290,45147
TJN_HOM_030_HomeGoods 2H Digital_F18,xAd Inc.,PJQ7MG_TJN_HOM_030_Mobile_GROUND TRUTH FKA XAD_DST_SV1_MAP_DIR_DSP_TRG_RON_PXT_BTG_DVY_PROXIMITY LOYALTY - DYNAMIC DISTANCE_Run of Network_Geo_F25-54_320 x 50_Click and View_NV_NA,204626813,9/14/2017,43617,980,42637,36196,6441,2389,4052,3677,375,38585,23857,27534
TJN_HOM_030_HomeGoods 2H Digital_F18,NinthDecimal,PJQ7N6_TJN_HOM_030_Mobile_NINTHDECIMAL_DST_SV1_MAP_DIR_RCH_TRG_RON_PXT_DMA_DVY_GEOFENCE: 5-10-MILE RADIUS AROUND SUBURBAN STORES_Run of Network_Geo_F25-54_320 x 50_Click and View_NV_NA,204646507,9/10/2017,6846,172,6674,3157,3517,13,3504,3435,69,3170,3108,6543
TJN_HOM_030_HomeGoods 2H Digital_F18,NinthDecimal,PJQ7N8_TJN_HOM_030_Mobile_NINTHDECIMAL_DST_SV1_MAP_DIR_RCH_TRG_RON_BTG_PXT_DVY_LOCATION GRAPH: HOMEGOODS LOYALISTS_Run of Network_Behavioral_F25-54_320 x 50_Click and View_NV_NA,204675012,9/21/2017,5517,80,5437,1276,4161,23,4138,3830,308,1299,1202,5032
TJN_HOM_025_HomeGoods Digital Video_Q4FY18,Tremor Video Inc.,PK6DWD_TJN_HOM_025_OLV_TREMOR NETWORK_AWR_BS1_MAP_DIR_VID_TRG_RON_BTG_CTG_DVY_ALL SCREEN PREROLL + SOCIAL AFFINITY TARGETING TO W25-54 HOME ENTHUSIASTS MOB/TAB APP_Run of Network_Behavioral_F25-54_1280 x 720_Standard_NV_NA,205941321,10/3/2017,24374,261,24113,24099,14,1,13,11,2,24100,20392,20403
TJN_HOM_030_HomeGoods 2H Digital_F18,xAd Inc.,PJQ7ML_TJN_HOM_030_Mobile_GROUND TRUTH FKA XAD_DST_SV1_MAP_DIR_DSP_TRG_RON_BTG_DMA_DVY_BEHAVIORAL - HOME SHOPPER - DYNAMIC DISTANCE_Run of Network_Behavioral_F25-54_320 x 50_Click and View_NV_NA,204626174,9/6/2017,16594,229,16365,4994,11371,6715,4656,3690,966,11709,9213,12903
TJN_HOM_030_HomeGoods 2H Digital_F18,xAd Inc.,PJQ7MK_TJN_HOM_030_Mobile_GROUND TRUTH FKA XAD_DST_SV1_MAP_DIR_DSP_TRG_RON_PXT_BTG_DVY_PROXIMITY LOYALTY - STORE LOCATOR UNIT_Run of Network_Geo_F25-54_300 x 250_Click and View_NV_NA,204625442,10/17/2017,3385,90,3295,54,3241,24,3217,2971,246,78,72,3043
TJN_HOM_030_HomeGoods 2H Digital_F18,NinthDecimal,PJQ7NC_TJN_HOM_030_Mobile_NINTHDECIMAL_DST_SV1_MAP_DIR_RCH_TRG_RON_BTG_DMA_DVY_CONSUMER JOURNEY: DIYERS_Run of Network_Behavioral_F25-54_320 x 50_Click and View_NV_NA,204675009,10/16/2017,9740,147,9593,4897,4696,36,4660,4522,138,4933,4787,9309
TJN_HOM_030_HomeGoods 2H Digital_F18,Nativo Inc.,PJQDHJ_TJN_HOM_030_Content_NATIVO FKA POST RLSE_DSI_BS2_MWB_DIR_NAD_ROT_RON_CTG_BTG_DVY_NATIVE DISPLAY UNIT FALLIDAYS_Run of Network_Contextual_F25-54_1 x 1_Click and View_NV_NA,206024352,10/7/2017,540180,16013,524167,2751,521416,38833,482583,160625,321958,41584,13841,174466
TJN_HOM_030_HomeGoods 2H Digital_F18,Nativo Inc.,PK87W8_TJN_HOM_030_Content_NATIVO FKA POST RLSE_DSI_BS2_MWB_DIR_NAD_ROT_RON_CTG_BTG_DVY_NATIVE DISPLAY UNIT FALL TRENDS_Run of Network_Contextual_F25-54_1 x 1_Click and View_NV_NA,206137761,10/4/2017,332371,16138,316233,2612,313621,26074,287547,89134,198413,28686,8892,98026
TJN_HOM_030_HomeGoods 2H Digital_F18,NinthDecimal,PJQ7N8_TJN_HOM_030_Mobile_NINTHDECIMAL_DST_SV1_MAP_DIR_RCH_TRG_RON_BTG_PXT_DVY_LOCATION GRAPH: HOMEGOODS LOYALISTS_Run of Network_Behavioral_F25-54_320 x 50_Click and View_NV_NA,204675012,10/6/2017,15193,246,14947,5631,9316,65,9251,8805,446,5696,5421,14226
TJN_HOM_030_HomeGoods 2H Digital_F18,xAd Inc.,PJQ7MG_TJN_HOM_030_Mobile_GROUND TRUTH FKA XAD_DST_SV1_MAP_DIR_DSP_TRG_RON_PXT_BTG_DVY_PROXIMITY LOYALTY - DYNAMIC DISTANCE_Run of Network_Geo_F25-54_320 x 50_Click and View_NV_NA,204626813,9/5/2017,37645,744,36901,30837,6064,3762,2302,2040,262,34599,31276,33316
TJN_HOM_030_HomeGoods 2H Digital_F18,NinthDecimal,PJQ7N5_TJN_HOM_030_Mobile_NINTHDECIMAL_DST_SV1_MAP_DIR_RCH_TRG_RON_PXT_DMA_DVY_GEOFENCE: 2-MILE RADIUS AROUND URBAN STORES_Run of Network_Geo_F25-54_320 x 50_Click and View_NV_NA,204649945,9/5/2017,7325,277,7048,4549,2499,29,2470,2367,103,4578,4387,6754
TJN_HOM_025_HomeGoods Digital Video_Q4FY18,Tremor Video Inc.,PK6DWD_TJN_HOM_025_OLV_TREMOR NETWORK_AWR_BS1_MAP_DIR_VID_TRG_RON_BTG_CTG_DVY_ALL SCREEN PREROLL + SOCIAL AFFINITY TARGETING TO W25-54 HOME ENTHUSIASTS MOB/TAB APP_Run of Network_Behavioral_F25-54_1280 x 720_Standard_NV_NA,205941321,10/1/2017,21648,128,21520,21508,12,1,11,1,10,21509,1955,1956
TJN_HOM_030_HomeGoods 2H Digital_F18,NinthDecimal,PJQ7NC_TJN_HOM_030_Mobile_NINTHDECIMAL_DST_SV1_MAP_DIR_RCH_TRG_RON_BTG_DMA_DVY_CONSUMER JOURNEY: DIYERS_Run of Network_Behavioral_F25-54_320 x 50_Click and View_NV_NA,204675009,9/30/2017,22598,471,22127,6388,15739,68,15671,15203,468,6456,6263,21466
TJN_HOM_025_HomeGoods Digital Video_Q4FY18,Tremor Video Inc.,PK6DWD_TJN_HOM_025_OLV_TREMOR NETWORK_AWR_BS1_MAP_DIR_VID_TRG_RON_BTG_CTG_DVY_ALL SCREEN PREROLL + SOCIAL AFFINITY TARGETING TO W25-54 HOME ENTHUSIASTS MOB/TAB APP_Run of Network_Behavioral_F25-54_1280 x 720_Standard_NV_NA,205941321,10/2/2017,19423,161,19262,19253,9,1,8,6,2,19254,14441,14447
TJN_HOM_030_HomeGoods 2H Digital_F18,xAd Inc.,PJQ7MN_TJN_HOM_030_Mobile_GROUND TRUTH FKA XAD_DST_SV1_MAP_DIR_DSP_TRG_RON_MKT_DMA_DVY_LOCATION - HOMEGOODS SHOPPERS - DYNAMIC DISTANCE_Run of Network_Geo_F25-54_320 x 50_Click and View_NV_NA,204651439,10/15/2017,5183,63,5120,4257,863,108,755,690,65,4365,3884,4574
TJN_HOM_030_HomeGoods 2H Digital_F18,NinthDecimal,PJQ7N8_TJN_HOM_030_Mobile_NINTHDECIMAL_DST_SV1_MAP_DIR_RCH_TRG_RON_BTG_PXT_DVY_LOCATION GRAPH: HOMEGOODS LOYALISTS_Run of Network_Behavioral_F25-54_320 x 50_Click and View_NV_NA,204675012,10/11/2017,20237,377,19860,6261,13599,57,13542,13066,476,6318,6096,19162
TJN_HOM_030_HomeGoods 2H Digital_F18,NinthDecimal,PJQ7N9_TJN_HOM_030_Mobile_NINTHDECIMAL_DST_SV1_MAP_DIR_RCH_TRG_RON_BTG_PXT_DVY_LOCATION GRAPH: TJX FAMILY LOYALISTS_Run of Network_Behavioral_F25-54_320 x 50_Click and View_NV_NA,204647917,9/28/2017,6568,176,6392,3824,2568,21,2547,2425,122,3845,3661,6086
TJN_HOM_030_HomeGoods 2H Digital_F18,xAd Inc.,PJQ7MR_TJN_HOM_030_Mobile_GROUND TRUTH FKA XAD_DST_SV1_MAP_DIR_DSP_TRG_RON_MKT_DMA_DVY_LOCATION - COMPETITOR SHOPPERS - DYNAMIC DISTANCE_Run of Network_Geo_F25-54_300 x 250_Click and View_NV_NA,204647890,10/12/2017,7716,500,7216,7216,0,0,0,0,0,7216,0,0
TJN_HOM_030_HomeGoods 2H Digital_F18,xAd Inc.,PJQ7ML_TJN_HOM_030_Mobile_GROUND TRUTH FKA XAD_DST_SV1_MAP_DIR_DSP_TRG_RON_BTG_DMA_DVY_BEHAVIORAL - HOME SHOPPER - DYNAMIC DISTANCE_Run of Network_Behavioral_F25-54_320 x 50_Click and View_NV_NA,204626174,9/17/2017,17250,226,17024,10860,6164,1862,4302,4059,243,12722,11460,15519
TJN_HOM_030_HomeGoods 2H Digital_F18,xAd Inc.,PJQ7MM_TJN_HOM_030_Mobile_GROUND TRUTH FKA XAD_DST_SV1_MAP_DIR_DSP_TRG_RON_BTG_DMA_DVY_BEHAVIORAL - HOME SHOPPER- DYNAMIC DISTANCE_Run of Network_Behavioral_F25-54_300 x 250_Click and View_NV_NA,204626171,10/8/2017,7341,400,6941,6940,1,0,1,0,1,6940,0,0
TJN_HOM_030_HomeGoods 2H Digital_F18,NinthDecimal,PJQ7NJ_TJN_HOM_030_Mobile_NINTHDECIMAL_DST_SV1_MAP_DIR_RCH_TRG_RON_BTG_DMA_DVY_CONSUMER JOURNEY: BARGAIN HUNTERS_Run of Network_Behavioral_F25-54_320 x 50_Click and View_NV_NA,204644353,9/25/2017,9987,223,9764,3456,6308,38,6270,6103,167,3494,3401,9504
TJN_HOM_030_HomeGoods 2H Digital_F18,xAd Inc.,PJQ7MS_TJN_HOM_030_Mobile_GROUND TRUTH FKA XAD_DST_SV1_MAP_DIR_DSP_TRG_RON_DMA_PXT_DVY_AV DMA TARGETING_Run of Network_Geo_F25-54_300 x 250_Click and View_NV_NA,204646501,9/25/2017,101193,2430,98763,77817,20946,3572,17374,15857,1517,81389,64132,79989
TJN_HOM_030_HomeGoods 2H Digital_F18,xAd Inc.,PJQ7MP_TJN_HOM_030_Mobile_GROUND TRUTH FKA XAD_DST_SV1_MAP_DIR_DSP_TRG_RON_MKT_DMA_DVY_LOCATION - HOMEGOODS SHOPPERS - DYNAMIC DISTANCE_Run of Network_Geo_F25-54_300 x 250_Click and View_NV_NA,204647878,9/12/2017,3868,98,3770,3770,0,0,0,0,0,3770,3373,3373
TJN_HOM_030_HomeGoods 2H Digital_F18,NinthDecimal,PJQ7N9_TJN_HOM_030_Mobile_NINTHDECIMAL_DST_SV1_MAP_DIR_RCH_TRG_RON_BTG_PXT_DVY_LOCATION GRAPH: TJX FAMILY LOYALISTS_Run of Network_Behavioral_F25-54_320 x 50_Click and View_NV_NA,204647917,9/14/2017,5183,102,5081,1453,3628,13,3615,3506,109,1466,1422,4928
TJN_HOM_030_HomeGoods 2H Digital_F18,NinthDecimal,PJQ7N9_TJN_HOM_030_Mobile_NINTHDECIMAL_DST_SV1_MAP_DIR_RCH_TRG_RON_BTG_PXT_DVY_LOCATION GRAPH: TJX FAMILY LOYALISTS_Run of Network_Behavioral_F25-54_320 x 50_Click and View_NV_NA,204647917,10/14/2017,13554,217,13337,6179,7158,55,7103,6846,257,6234,6008,12854
TJN_HOM_030_HomeGoods 2H Digital_F18,xAd Inc.,PJQ7MR_TJN_HOM_030_Mobile_GROUND TRUTH FKA XAD_DST_SV1_MAP_DIR_DSP_TRG_RON_MKT_DMA_DVY_LOCATION - COMPETITOR SHOPPERS - DYNAMIC DISTANCE_Run of Network_Geo_F25-54_300 x 250_Click and View_NV_NA,204647890,9/4/2017,3,0,3,0,3,1,2,2,0,1,1,3
