Campaign Name,Media Property,Placement Name,Ad Server Placement Code,Date,GroupM Active Impressions,GroupM Fraud/SIVT Impressions,GroupM Non-Fraud/SIVT Impressions,GroupM Ineligible Impressions,GroupM Eligible Impressions,GroupM Unmeasured Impressions,GroupM Measured Impressions,GroupM Passed Impressions,GroupM Failed Impressions,GroupM Unevaluated Impressions,GroupM Projected Impressions,GroupM Billable Impressions
TJN_HOM_030_HomeGoods 2H Digital_F18,xAd Inc.,PJQ7MQ_TJN_HOM_030_Mobile_GROUND TRUTH FKA XAD_DST_SV1_MAP_DIR_DSP_TRG_RON_MKT_DMA_DVY_LOCATION - COMPETITOR SHOPPERS - DYNAMIC DISTANCE_Run of Network_Geo_F25-54_320 x 50_Click and View_NV_NA,204617210,9/20/2017,13225,232,12993,8946,4047,2283,1764,1630,134,11229,9300,10930
TJN_HOM_008_HomeGoods Summer Digital_FY18,Hulu,PHG79K_TJN_HOM_008_FEP_HULU_Summer TV Pre-roll_SPONSORSHIP_CROSS DEVICE_PRE-ROLL_VIDEO_1920X1080_VAST_N/A_N/A_N/A_3RD PARTY_N/A_Roadblock_Demo_F25-54_1920 x 1080_Standard_NV_NA,201466499,8/3/2017,146949,1504,145445,145445,0,0,0,0,0,145445,121004,121004
TJN_HOM_013_HomeGoods FEP_Q3FY18,Discovery Digital Media,PHWLS8_TJN_HOM_013_Content_DISCOVERY NETWORKS_Full Episode Video Tablet Web_30s_FEP_Contextual_F25-54_1920 x 1080_Standard_NV_NA,201899695,8/5/2017,939,10,929,929,0,0,0,0,0,929,,
TJN_HOM_013_HomeGoods FEP_Q3FY18,Discovery Digital Media,PHWLS7_TJN_HOM_013_Content_DISCOVERY NETWORKS_Full Episode Video Mobile Web_30s_FEP_Contextual_F25-54_1920 x 1080_Standard_NV_NA,201895019,8/6/2017,940,6,934,934,0,0,0,0,0,934,,
TJN_HOM_030_HomeGoods 2H Digital_F18,NinthDecimal,PJQ7NH_TJN_HOM_030_Mobile_NINTHDECIMAL_DST_SV1_MAP_DIR_RCH_TRG_RON_BTG_DMA_DVY_CONSUMER JOURNEY: PET SUPPLY SHOPPERS_Run of Network_Behavioral_F25-54_320 x 50_Click and View_NV_NA,204647914,10/30/2017,2887,13,2874,302,2572,14,2558,2450,108,316,303,2753
TJN_HOM_008_HomeGoods Summer Digital_FY18,Hulu,PHG79J_TJN_HOM_008_FEP_HULU_Branded Slate_ROS_CROSS DEVICE_PRE-ROLL_CUSTOM_VECTOR LOGO_1X1_AUDIENCE_N/A_N/A_SITE_N/A_Run of Site_Demo_F25-54_1 x 1_Click and View_NV_NA,201467345,8/4/2017,3688,26,3662,3662,0,0,0,0,0,3662,2967,2967
TJN_HOM_008_HomeGoods Summer Digital_FY18,xAd Inc.,PHHXGZ_TJN_HOM_008_Mobile_XAD INC_CHILD_LOYALTY_MOBILE APP_CUSTOM_RICH MEDIA_300X250_GEO-FENCING_Run of Network_Geo_F25-54_300 x 250_Click and View_NV_NA,200577158,8/2/2017,804,26,778,514,264,1,263,231,32,515,452,683
TJN_HOM_008_HomeGoods Summer Digital_FY18,NinthDecimal,PHHXGK_TJN_HOM_008_Mobile_NINTHDECIMAL_CHILD_PROSPECTING_MOBILE APP_CUSTOM_DISPLAY_320X50_Run of Network_Behavioral_F25-54_320 x 50_Click and View_NV_NA,200587954,8/19/2017,132377,1997,130380,47088,83292,441,82851,79039,3812,47529,45342,124381
TJN_HOM_025_HomeGoods Digital Video_Q4FY18,Tremor Video Inc.,PK6F30_TJN_HOM_025_OLV_TREMOR NETWORK_AWR_BS1_CTV_DIR_VID_TRG_RON_PXT_CTG_DVY_ALL SCREEN PREROLL + PROXIMITYPLUS DWELL TIME TARGETING TO HOMEGOODS VISITORS CTV_Run of Network_Behavioral_F25-54_1280 x 720_Standard_NV_NA,205942131,10/1/2017,8723,17,8706,8705,1,0,1,0,1,8705,0,0
TJN_HOM_008_HomeGoods Summer Digital_FY18,Hulu,PHG79G_TJN_HOM_008_FEP_HULU_ROS Pre-roll_CROSS DEVICE_PRE-ROLL_VIDEO_1920X1080_VAST_AUDIENCE_N/A_N/A_3RD PARTY_N/A_Run of Site_Demo_F25-54_1920 x 1080_Standard_NV_NA,201466946,8/25/2017,19515,146,19369,19369,0,0,0,0,0,19369,18719,18719
TJN_HOM_013_HomeGoods FEP_Q3FY18,Scripps Networks,PHNKCR_TJN_HOM_013_FEP_SCRIPPSNETWORKS.COM_On-site_Crossplatform_FEP_Demo_F25-54_1280 x 720_Standard_NV_NA,201888442,7/29/2017,6142,18,6124,6124,0,0,0,0,0,6124,,
TJN_HOM_008_HomeGoods Summer Digital_FY18,xAd Inc.,PHHXGS_TJN_HOM_008_Mobile_XAD INC_CHILD_LOYALTY_MOBILE APP_STANDARD_DISPLAY_300X250_GEO-FENCING_Run of Network_Geo_F25-54_300 x 250_Click and View_NV_NA,200583064,9/4/2017,40217,1307,38910,39,38871,38871,0,0,0,38910,36749,36749
TJN_HOM_030_HomeGoods 2H Digital_F18,NinthDecimal,PJQ7NH_TJN_HOM_030_Mobile_NINTHDECIMAL_DST_SV1_MAP_DIR_RCH_TRG_RON_BTG_DMA_DVY_CONSUMER JOURNEY: PET SUPPLY SHOPPERS_Run of Network_Behavioral_F25-54_320 x 50_Click and View_NV_NA,204647914,9/20/2017,5942,127,5815,2237,3578,20,3558,3455,103,2257,2192,5647
TJN_HOM_008_HomeGoods Summer Digital_FY18,xAd Inc.,PHHXGS_TJN_HOM_008_Mobile_XAD INC_CHILD_LOYALTY_MOBILE APP_STANDARD_DISPLAY_300X250_GEO-FENCING_Run of Network_Geo_F25-54_300 x 250_Click and View_NV_NA,200583064,8/14/2017,17223,3616,13607,93,13514,13426,88,84,4,13519,12904,12988
TJN_HOM_025_HomeGoods Digital Video_Q4FY18,Tremor Video Inc.,PK1FYM_TJN_HOM_025_OLV_TREMOR NETWORK_AWR_BS1_DSK_DIR_VID_TRG_RON_BTG_CTG_DVY_ALL SCREEN PREROLL + SOCIAL AFFINITY TARGETING TO W25-54 HOME ENTHUSIASTS DESKTOP_Run of Network_Behavioral_F25-54_1280 x 720_Standard_NV_NA,205941870,10/30/2017,106314,200,106114,75261,30853,469,30384,12831,17553,75730,31980,44811
TJN_HOM_030_HomeGoods 2H Digital_F18,xAd Inc.,PJQ7MQ_TJN_HOM_030_Mobile_GROUND TRUTH FKA XAD_DST_SV1_MAP_DIR_DSP_TRG_RON_MKT_DMA_DVY_LOCATION - COMPETITOR SHOPPERS - DYNAMIC DISTANCE_Run of Network_Geo_F25-54_320 x 50_Click and View_NV_NA,204617210,10/30/2017,8761,115,8646,7801,845,91,754,423,331,7892,4019,4442
TJN_HOM_030_HomeGoods 2H Digital_F18,xAd Inc.,PJQ7MH_TJN_HOM_030_Mobile_GROUND TRUTH FKA XAD_DST_SV1_MAP_DIR_DSP_TRG_RON_PXT_BTG_DVY_PROXIMITY LOYALTY - DYNAMIC DISTANCE_Run of Network_Geo_F25-54_300 x 250_Click and View_NV_NA,204675003,10/16/2017,26402,518,25884,25883,1,0,1,0,1,25883,0,0
TJN_HOM_030_HomeGoods 2H Digital_F18,NinthDecimal,PJQ7N9_TJN_HOM_030_Mobile_NINTHDECIMAL_DST_SV1_MAP_DIR_RCH_TRG_RON_BTG_PXT_DVY_LOCATION GRAPH: TJX FAMILY LOYALISTS_Run of Network_Behavioral_F25-54_320 x 50_Click and View_NV_NA,204647917,10/25/2017,11656,166,11490,1436,10054,324,9730,9456,274,1760,1710,11166
TJN_HOM_013_HomeGoods FEP_Q3FY18,Scripps Networks,PHNKCR_TJN_HOM_013_FEP_SCRIPPSNETWORKS.COM_On-site_Crossplatform_FEP_Demo_F25-54_1280 x 720_Standard_NV_NA,201888442,8/1/2017,5673,30,5643,5643,0,0,0,0,0,5643,,
TJN_HOM_008_HomeGoods Summer Digital_FY18,Hulu,Rolled-up Placements,N/A,7/16/2017,306882,3237,303645,303645,0,0,0,0,0,303645,284390,284390
TJN_HOM_013_HomeGoods FEP_Q3FY18,Discovery Digital Media,PHWLS9_TJN_HOM_013_Content_DISCOVERY NETWORKS_Full Episode Video OTT/CTV_30s_FEP_Contextual_F25-54_1920 x 1080_Standard_NV_NA,201891428,9/8/2017,10022,29,9993,9993,0,0,0,0,0,9993,,
TJN_HOM_030_HomeGoods 2H Digital_F18,xAd Inc.,PJQ7MP_TJN_HOM_030_Mobile_GROUND TRUTH FKA XAD_DST_SV1_MAP_DIR_DSP_TRG_RON_MKT_DMA_DVY_LOCATION - HOMEGOODS SHOPPERS - DYNAMIC DISTANCE_Run of Network_Geo_F25-54_300 x 250_Click and View_NV_NA,204647878,11/8/2017,10254,145,10109,10108,1,0,1,1,0,10108,10108,10109
TJN_HOM_008_HomeGoods Summer Digital_FY18,Hulu,PHG79K_TJN_HOM_008_FEP_HULU_Summer TV Pre-roll_SPONSORSHIP_CROSS DEVICE_PRE-ROLL_VIDEO_1920X1080_VAST_N/A_N/A_N/A_3RD PARTY_N/A_Roadblock_Demo_F25-54_1920 x 1080_Standard_NV_NA,201466499,8/7/2017,138906,1314,137592,137592,0,0,0,0,0,137592,105938,105938
TJN_HOM_013_HomeGoods FEP_Q3FY18,Discovery Digital Media,PHWLS8_TJN_HOM_013_Content_DISCOVERY NETWORKS_Full Episode Video Tablet Web_30s_FEP_Contextual_F25-54_1920 x 1080_Standard_NV_NA,201899695,8/18/2017,854,8,846,846,0,0,0,0,0,846,,
TJN_HOM_008_HomeGoods Summer Digital_FY18,NinthDecimal,PHHXGL_TJN_HOM_008_Mobile_NINTHDECIMAL_CHILD_RETENTION_MOBILE APP_CUSTOM_DISPLAY_320X50_Run of Network_Behavioral_F25-54_320 x 50_Click and View_NV_NA,200585092,9/7/2017,3,0,3,2,1,1,0,0,0,3,3,3
TJN_HOM_030_HomeGoods 2H Digital_F18,NinthDecimal,PJQ7N9_TJN_HOM_030_Mobile_NINTHDECIMAL_DST_SV1_MAP_DIR_RCH_TRG_RON_BTG_PXT_DVY_LOCATION GRAPH: TJX FAMILY LOYALISTS_Run of Network_Behavioral_F25-54_320 x 50_Click and View_NV_NA,204647917,10/3/2017,5444,114,5330,3875,1455,20,1435,1380,55,3895,3746,5126
TJN_HOM_025_HomeGoods Digital Video_Q4FY18,Tremor Video Inc.,PK6F30_TJN_HOM_025_OLV_TREMOR NETWORK_AWR_BS1_CTV_DIR_VID_TRG_RON_PXT_CTG_DVY_ALL SCREEN PREROLL + PROXIMITYPLUS DWELL TIME TARGETING TO HOMEGOODS VISITORS CTV_Run of Network_Behavioral_F25-54_1280 x 720_Standard_NV_NA,205942131,10/2/2017,8514,9,8505,8505,0,0,0,0,0,8505,0,0
TJN_HOM_025_HomeGoods Digital Video_Q4FY18,Tremor Video Inc.,PK6DY1_TJN_HOM_025_OLV_TREMOR NETWORK_AWR_BS1_CTV_DIR_VID_TRG_RON_BTG_CTG_DVY_ALL SCREEN PREROLL + SOCIAL AFFINITY TARGETING TO W25-54 HOME ENTHUSIASTS CTV_Run of Network_Behavioral_F25-54_1280 x 720_Standard_NV_NA,205941318,10/30/2017,169132,3,169129,169129,0,0,0,0,0,169129,61373,61373
TJN_HOM_008_HomeGoods Summer Digital_FY18,Hulu,PHG79G_TJN_HOM_008_FEP_HULU_ROS Pre-roll_CROSS DEVICE_PRE-ROLL_VIDEO_1920X1080_VAST_AUDIENCE_N/A_N/A_3RD PARTY_N/A_Run of Site_Demo_F25-54_1920 x 1080_Standard_NV_NA,201466946,7/25/2017,7001,69,6932,6932,0,0,0,0,0,6932,6292,6292
TJN_HOM_013_HomeGoods FEP_Q3FY18,Discovery Digital Media,PHWLS8_TJN_HOM_013_Content_DISCOVERY NETWORKS_Full Episode Video Tablet Web_30s_FEP_Contextual_F25-54_1920 x 1080_Standard_NV_NA,201899695,9/5/2017,877,33,844,844,0,0,0,0,0,844,,
TJN_HOM_030_HomeGoods 2H Digital_F18,NinthDecimal,PJQ7NJ_TJN_HOM_030_Mobile_NINTHDECIMAL_DST_SV1_MAP_DIR_RCH_TRG_RON_BTG_DMA_DVY_CONSUMER JOURNEY: BARGAIN HUNTERS_Run of Network_Behavioral_F25-54_320 x 50_Click and View_NV_NA,204644353,10/12/2017,9852,171,9681,4476,5205,43,5162,4977,185,4519,4357,9334
TJN_HOM_013_HomeGoods FEP_Q3FY18,Scripps Networks,PHNKCT_TJN_HOM_013_FEP_SCRIPPSNETWORKS.COM_TVE_Crossplatform_FEP_Demo_F25-54_1 x 1_Click and View_NV_NA,201878832,7/20/2017,364,1,363,363,0,0,0,0,0,363,,
TJN_HOM_030_HomeGoods 2H Digital_F18,xAd Inc.,PJQ7MJ_TJN_HOM_030_Mobile_GROUND TRUTH FKA XAD_DST_SV1_MAP_DIR_DSP_TRG_RON_PXT_BTG_DVY_PROXIMITY LOYALTY - STORE LOCATOR UNIT_Run of Network_Geo_F25-54_320 x 50_Click and View_NV_NA,204649939,10/18/2017,4858,160,4698,971,3727,55,3672,3455,217,1026,965,4420
TJN_HOM_030_HomeGoods 2H Digital_F18,xAd Inc.,PJQ7MR_TJN_HOM_030_Mobile_GROUND TRUTH FKA XAD_DST_SV1_MAP_DIR_DSP_TRG_RON_MKT_DMA_DVY_LOCATION - COMPETITOR SHOPPERS - DYNAMIC DISTANCE_Run of Network_Geo_F25-54_300 x 250_Click and View_NV_NA,204647890,9/25/2017,5852,843,5009,4899,110,1,109,98,11,4900,4387,4485
TJN_HOM_013_HomeGoods FEP_Q3FY18,Scripps Networks,PHNKCR_TJN_HOM_013_FEP_SCRIPPSNETWORKS.COM_On-site_Crossplatform_FEP_Demo_F25-54_1280 x 720_Standard_NV_NA,201888442,10/2/2017,1,0,1,1,0,0,0,0,0,1,,
TJN_HOM_030_HomeGoods 2H Digital_F18,xAd Inc.,PJQ7MG_TJN_HOM_030_Mobile_GROUND TRUTH FKA XAD_DST_SV1_MAP_DIR_DSP_TRG_RON_PXT_BTG_DVY_PROXIMITY LOYALTY - DYNAMIC DISTANCE_Run of Network_Geo_F25-54_320 x 50_Click and View_NV_NA,204626813,9/23/2017,38831,875,37956,28033,9923,1368,8555,7128,1427,29401,19450,26578
TJN_HOM_013_HomeGoods FEP_Q3FY18,Scripps Networks,PHNKCR_TJN_HOM_013_FEP_SCRIPPSNETWORKS.COM_On-site_Crossplatform_FEP_Demo_F25-54_1280 x 720_Standard_NV_NA,201888442,9/23/2017,1778,9,1769,1769,0,0,0,0,0,1769,,
TJN_HOM_013_HomeGoods FEP_Q3FY18,Discovery Digital Media,PHWLS6_TJN_HOM_013_Content_DISCOVERY NETWORKS_Full Episode Video Mobile App_30s_FEP_Contextual_F25-54_1920 x 1080_Standard_NV_NA,201891425,9/26/2017,18382,256,18126,18126,0,0,0,0,0,18126,,
TJN_HOM_030_HomeGoods 2H Digital_F18,xAd Inc.,PJQ7MS_TJN_HOM_030_Mobile_GROUND TRUTH FKA XAD_DST_SV1_MAP_DIR_DSP_TRG_RON_DMA_PXT_DVY_AV DMA TARGETING_Run of Network_Geo_F25-54_300 x 250_Click and View_NV_NA,204646501,9/4/2017,3,0,3,0,3,0,3,3,0,0,0,3
TJN_HOM_008_HomeGoods Summer Digital_FY18,NinthDecimal,PHHXGN_TJN_HOM_008_Mobile_NINTHDECIMAL_CHILD_LUXURY SHOPPERS RETENTION_MOBILE APP_CUSTOM_DISPLAY_320X50_Run of Network_Behavioral_F25-54_320 x 50_Click and View_NV_NA,200582901,7/20/2017,190,0,190,18,172,1,171,163,8,19,18,181
TJN_HOM_030_HomeGoods 2H Digital_F18,NinthDecimal,PJQ7N5_TJN_HOM_030_Mobile_NINTHDECIMAL_DST_SV1_MAP_DIR_RCH_TRG_RON_PXT_DMA_DVY_GEOFENCE: 2-MILE RADIUS AROUND URBAN STORES_Run of Network_Geo_F25-54_320 x 50_Click and View_NV_NA,204649945,9/23/2017,30729,779,29950,12596,17354,79,17275,16483,792,12675,12094,28577
TJN_HOM_030_HomeGoods 2H Digital_F18,xAd Inc.,PJQ7MN_TJN_HOM_030_Mobile_GROUND TRUTH FKA XAD_DST_SV1_MAP_DIR_DSP_TRG_RON_MKT_DMA_DVY_LOCATION - HOMEGOODS SHOPPERS - DYNAMIC DISTANCE_Run of Network_Geo_F25-54_320 x 50_Click and View_NV_NA,204651439,10/10/2017,5303,38,5265,4003,1262,18,1244,1152,92,4021,3693,4845
TJN_HOM_030_HomeGoods 2H Digital_F18,NinthDecimal,PJQ7N6_TJN_HOM_030_Mobile_NINTHDECIMAL_DST_SV1_MAP_DIR_RCH_TRG_RON_PXT_DMA_DVY_GEOFENCE: 5-10-MILE RADIUS AROUND SUBURBAN STORES_Run of Network_Geo_F25-54_320 x 50_Click and View_NV_NA,204646507,9/17/2017,9558,263,9295,3081,6214,21,6193,6041,152,3102,3026,9067
TJN_HOM_013_HomeGoods FEP_Q3FY18,Discovery Digital Media,PHWLS9_TJN_HOM_013_Content_DISCOVERY NETWORKS_Full Episode Video OTT/CTV_30s_FEP_Contextual_F25-54_1920 x 1080_Standard_NV_NA,201891428,8/4/2017,11375,22,11353,11353,0,0,0,0,0,11353,,
TJN_HOM_030_HomeGoods 2H Digital_F18,NinthDecimal,PJQ7N5_TJN_HOM_030_Mobile_NINTHDECIMAL_DST_SV1_MAP_DIR_RCH_TRG_RON_PXT_DMA_DVY_GEOFENCE: 2-MILE RADIUS AROUND URBAN STORES_Run of Network_Geo_F25-54_320 x 50_Click and View_NV_NA,204649945,10/2/2017,3777,122,3655,2274,1381,7,1374,1199,175,2281,1990,3189
TJN_HOM_030_HomeGoods 2H Digital_F18,xAd Inc.,PJQ7MN_TJN_HOM_030_Mobile_GROUND TRUTH FKA XAD_DST_SV1_MAP_DIR_DSP_TRG_RON_MKT_DMA_DVY_LOCATION - HOMEGOODS SHOPPERS - DYNAMIC DISTANCE_Run of Network_Geo_F25-54_320 x 50_Click and View_NV_NA,204651439,10/22/2017,6019,65,5954,5179,775,97,678,624,54,5276,4606,5230
TJN_HOM_008_HomeGoods Summer Digital_FY18,xAd Inc.,PHHXH0_TJN_HOM_008_Mobile_XAD INC_STANDALONE_RON_MOBILE APP_STANDARD_DISPLAY_320X50_GEO-FENCING_Run of Network_Behavioral_F25-54_320 x 50_Click and View_NV_NA,200587948,7/20/2017,29,0,29,0,29,19,10,2,8,19,4,6
TJN_HOM_030_HomeGoods 2H Digital_F18,NinthDecimal,PJQ7N5_TJN_HOM_030_Mobile_NINTHDECIMAL_DST_SV1_MAP_DIR_RCH_TRG_RON_PXT_DMA_DVY_GEOFENCE: 2-MILE RADIUS AROUND URBAN STORES_Run of Network_Geo_F25-54_320 x 50_Click and View_NV_NA,204649945,10/1/2017,952,33,919,516,403,5,398,386,12,521,505,891
TJN_HOM_008_HomeGoods Summer Digital_FY18,Hulu,PHG79N_TJN_HOM_008_FEP_HULU_Masthead_SPONSORSHIP_CROSS DEVICE_CUSTOM_VIDEO_1X1_1X1_N/A_N/A_N/A_SITE_N/A_Roadblock_Demo_F25-54_1 x 1_Click and View_NV_NA,201462657,10/4/2017,1,0,1,1,0,0,0,0,0,1,1,1
TJN_HOM_008_HomeGoods Summer Digital_FY18,NinthDecimal,PHHXGQ_TJN_HOM_008_Mobile_NINTHDECIMAL_CHILD_PET OWNERS RETENTION_MOBILE APP_CUSTOM_DISPLAY_320X50_Run of Network_Behavioral_F25-54_320 x 50_Click and View_NV_NA,200578886,8/17/2017,2559,66,2493,413,2080,13,2067,1872,195,426,386,2258
TJN_HOM_008_HomeGoods Summer Digital_FY18,xAd Inc.,PHHXGZ_TJN_HOM_008_Mobile_XAD INC_CHILD_LOYALTY_MOBILE APP_CUSTOM_RICH MEDIA_300X250_GEO-FENCING_Run of Network_Geo_F25-54_300 x 250_Click and View_NV_NA,200577158,7/18/2017,8079,129,7950,7440,510,2,508,426,82,7442,6241,6667
TJN_HOM_030_HomeGoods 2H Digital_F18,NinthDecimal,PJQ7N7_TJN_HOM_030_Mobile_NINTHDECIMAL_DST_SV1_MAP_DIR_RCH_TRG_RON_PXT_DMA_DVY_GEOFENCE: 15-20-MILE RADIUS AROUND RURAL STORES_Run of Network_Geo_F25-54_320 x 50_Click and View_NV_NA,204674556,11/5/2017,5700,103,5597,1050,4547,15,4532,4417,115,1065,1038,5455
TJN_HOM_008_HomeGoods Summer Digital_FY18,Hulu,PHG79J_TJN_HOM_008_FEP_HULU_Branded Slate_ROS_CROSS DEVICE_PRE-ROLL_CUSTOM_VECTOR LOGO_1X1_AUDIENCE_N/A_N/A_SITE_N/A_Run of Site_Demo_F25-54_1 x 1_Click and View_NV_NA,201467345,9/8/2017,8348,57,8291,8291,0,0,0,0,0,8291,7959,7959
TJN_HOM_013_HomeGoods FEP_Q3FY18,Scripps Networks,PHNKCR_TJN_HOM_013_FEP_SCRIPPSNETWORKS.COM_On-site_Crossplatform_FEP_Demo_F25-54_1280 x 720_Standard_NV_NA,201888442,10/1/2017,1,0,1,1,0,0,0,0,0,1,,
TJN_HOM_030_HomeGoods 2H Digital_F18,xAd Inc.,PJQ7MG_TJN_HOM_030_Mobile_GROUND TRUTH FKA XAD_DST_SV1_MAP_DIR_DSP_TRG_RON_PXT_BTG_DVY_PROXIMITY LOYALTY - DYNAMIC DISTANCE_Run of Network_Geo_F25-54_320 x 50_Click and View_NV_NA,204626813,10/1/2017,4,1,3,1,2,1,1,1,0,2,2,3
TJN_HOM_025_HomeGoods Digital Video_Q4FY18,Hulu,PJKYCK_TJN_HOM_025_FEP_HULU_DSK_COMPANION BANNER_DIR_DSP_ROT_ROS_CTG_BTG_DVY_AWR_BS1_Run of Site_Demo_F25-54_300 x 60_Standard_NV_NA,204651788,9/27/2017,1,0,1,0,1,0,1,1,0,0,0,1
TJN_HOM_008_HomeGoods Summer Digital_FY18,xAd Inc.,PHHXH0_TJN_HOM_008_Mobile_XAD INC_STANDALONE_RON_MOBILE APP_STANDARD_DISPLAY_320X50_GEO-FENCING_Run of Network_Behavioral_F25-54_320 x 50_Click and View_NV_NA,200587948,9/3/2017,162249,1658,160591,73342,87249,786,86463,84861,1602,74128,72755,157616
TJN_HOM_030_HomeGoods 2H Digital_F18,NinthDecimal,PJQ7N5_TJN_HOM_030_Mobile_NINTHDECIMAL_DST_SV1_MAP_DIR_RCH_TRG_RON_PXT_DMA_DVY_GEOFENCE: 2-MILE RADIUS AROUND URBAN STORES_Run of Network_Geo_F25-54_320 x 50_Click and View_NV_NA,204649945,10/3/2017,3621,120,3501,2336,1165,16,1149,1114,35,2352,2280,3394
TJN_HOM_030_HomeGoods 2H Digital_F18,Nativo Inc.,PK87W8_TJN_HOM_030_Content_NATIVO FKA POST RLSE_DSI_BS2_MWB_DIR_NAD_ROT_RON_CTG_BTG_DVY_NATIVE DISPLAY UNIT FALL TRENDS_Run of Network_Contextual_F25-54_1 x 1_Click and View_NV_NA,206137761,10/13/2017,178805,6716,172089,2008,170081,12062,158019,50162,107857,14070,4466,54628
TJN_HOM_008_HomeGoods Summer Digital_FY18,NinthDecimal,PHHXGP_TJN_HOM_008_Mobile_NINTHDECIMAL_CHILD_PET OWNERS PROSPECTING_MOBILE APP_CUSTOM_DISPLAY_320X50_Run of Network_Behavioral_F25-54_320 x 50_Click and View_NV_NA,200586375,7/19/2017,27610,170,27440,7169,20271,52,20219,19670,549,7221,7025,26695
TJN_HOM_030_HomeGoods 2H Digital_F18,NinthDecimal,PJQ7N7_TJN_HOM_030_Mobile_NINTHDECIMAL_DST_SV1_MAP_DIR_RCH_TRG_RON_PXT_DMA_DVY_GEOFENCE: 15-20-MILE RADIUS AROUND RURAL STORES_Run of Network_Geo_F25-54_320 x 50_Click and View_NV_NA,204674556,9/7/2017,6719,134,6585,3524,3061,21,3040,2982,58,3545,3477,6459
TJN_HOM_030_HomeGoods 2H Digital_F18,Nativo Inc.,PK87W8_TJN_HOM_030_Content_NATIVO FKA POST RLSE_DSI_BS2_MWB_DIR_NAD_ROT_RON_CTG_BTG_DVY_NATIVE DISPLAY UNIT FALL TRENDS_Run of Network_Contextual_F25-54_1 x 1_Click and View_NV_NA,206137761,11/13/2017,4,0,4,0,4,3,1,0,1,3,0,0
TJN_HOM_008_HomeGoods Summer Digital_FY18,Hulu,PHG79G_TJN_HOM_008_FEP_HULU_ROS Pre-roll_CROSS DEVICE_PRE-ROLL_VIDEO_1920X1080_VAST_AUDIENCE_N/A_N/A_3RD PARTY_N/A_Run of Site_Demo_F25-54_1920 x 1080_Standard_NV_NA,201466946,9/25/2017,8577,37,8540,8540,0,0,0,0,0,8540,7615,7615
TJN_HOM_013_HomeGoods FEP_Q3FY18,Discovery Digital Media,PHWLS7_TJN_HOM_013_Content_DISCOVERY NETWORKS_Full Episode Video Mobile Web_30s_FEP_Contextual_F25-54_1920 x 1080_Standard_NV_NA,201895019,9/21/2017,851,9,842,842,0,0,0,0,0,842,,
TJN_HOM_008_HomeGoods Summer Digital_FY18,NinthDecimal,PHHXGL_TJN_HOM_008_Mobile_NINTHDECIMAL_CHILD_RETENTION_MOBILE APP_CUSTOM_DISPLAY_320X50_Run of Network_Behavioral_F25-54_320 x 50_Click and View_NV_NA,200585092,8/23/2017,12841,119,12722,1622,11100,56,11044,10238,806,1678,1556,11794
TJN_HOM_008_HomeGoods Summer Digital_FY18,NinthDecimal,PHHXGK_TJN_HOM_008_Mobile_NINTHDECIMAL_CHILD_PROSPECTING_MOBILE APP_CUSTOM_DISPLAY_320X50_Run of Network_Behavioral_F25-54_320 x 50_Click and View_NV_NA,200587954,8/8/2017,90448,1457,88991,34483,54508,429,54079,51171,2908,34912,33035,84206
TJN_HOM_030_HomeGoods 2H Digital_F18,xAd Inc.,PJQ7MP_TJN_HOM_030_Mobile_GROUND TRUTH FKA XAD_DST_SV1_MAP_DIR_DSP_TRG_RON_MKT_DMA_DVY_LOCATION - HOMEGOODS SHOPPERS - DYNAMIC DISTANCE_Run of Network_Geo_F25-54_300 x 250_Click and View_NV_NA,204647878,10/28/2017,7109,130,6979,6979,0,0,0,0,0,6979,6256,6256
TJN_HOM_013_HomeGoods FEP_Q3FY18,Discovery Digital Media,PHWLS8_TJN_HOM_013_Content_DISCOVERY NETWORKS_Full Episode Video Tablet Web_30s_FEP_Contextual_F25-54_1920 x 1080_Standard_NV_NA,201899695,8/28/2017,950,15,935,935,0,0,0,0,0,935,,
TJN_HOM_013_HomeGoods FEP_Q3FY18,Scripps Networks,PHNKCR_TJN_HOM_013_FEP_SCRIPPSNETWORKS.COM_On-site_Crossplatform_FEP_Demo_F25-54_1280 x 720_Standard_NV_NA,201888442,10/3/2017,1,0,1,1,0,0,0,0,0,1,,
TJN_HOM_008_HomeGoods Summer Digital_FY18,xAd Inc.,PHHXGX_TJN_HOM_008_Mobile_XAD INC_CHILD_LOCATION AUDIENCE-HOMEGOODS SHOPPERS_MOBILE APP_STANDARD_DISPLAY_300X250_Run of Network_Behavioral_F25-54_300 x 250_Click and View_NV_NA,200587524,7/19/2017,14634,2792,11842,31,11811,11800,11,9,2,11831,9680,9689
TJN_HOM_008_HomeGoods Summer Digital_FY18,xAd Inc.,PHHXGR_TJN_HOM_008_Mobile_XAD INC_CHILD_LOYALTY_MOBILE APP_STANDARD_DISPLAY_320X50_GEO-FENCING_Run of Network_Geo_F25-54_320 x 50_Click and View_NV_NA,200587518,8/6/2017,28147,908,27239,17119,10120,137,9983,8334,1649,17256,14406,22740
TJN_HOM_008_HomeGoods Summer Digital_FY18,Hulu,PHG79P_TJN_HOM_008_FEP_HULU_PageBrand_SPONSORSHIP_CROSS DEVICE_CUSTOM_VIDEO_1X1_1X1_N/A_N/A_N/A_SITE_N/A_Roadblock_Demo_F25-54_1 x 1_Click and View_NV_NA,201464250,8/20/2017,165,4,161,161,0,0,0,0,0,161,130,130
TJN_HOM_008_HomeGoods Summer Digital_FY18,NinthDecimal,PHHXGM_TJN_HOM_008_Mobile_NINTHDECIMAL_CHILD_LUXURY SHOPPERS PROSPECTING_MOBILE APP_CUSTOM_DISPLAY_320X50_Run of Network_Behavioral_F25-54_320 x 50_Click and View_NV_NA,200581998,7/31/2017,19025,645,18380,4948,13432,72,13360,12534,826,5020,4710,17244
TJN_HOM_030_HomeGoods 2H Digital_F18,NinthDecimal,PJQ7N8_TJN_HOM_030_Mobile_NINTHDECIMAL_DST_SV1_MAP_DIR_RCH_TRG_RON_BTG_PXT_DVY_LOCATION GRAPH: HOMEGOODS LOYALISTS_Run of Network_Behavioral_F25-54_320 x 50_Click and View_NV_NA,204675012,9/1/2017,3,0,3,1,2,2,0,0,0,3,3,3
TJN_HOM_030_HomeGoods 2H Digital_F18,xAd Inc.,PJQ7MG_TJN_HOM_030_Mobile_GROUND TRUTH FKA XAD_DST_SV1_MAP_DIR_DSP_TRG_RON_PXT_BTG_DVY_PROXIMITY LOYALTY - DYNAMIC DISTANCE_Run of Network_Geo_F25-54_320 x 50_Click and View_NV_NA,204626813,10/3/2017,2,0,2,1,1,1,0,0,0,2,2,2
TJN_HOM_013_HomeGoods FEP_Q3FY18,Discovery Digital Media,PHWLS6_TJN_HOM_013_Content_DISCOVERY NETWORKS_Full Episode Video Mobile App_30s_FEP_Contextual_F25-54_1920 x 1080_Standard_NV_NA,201891425,9/11/2017,19626,258,19368,19368,0,0,0,0,0,19368,,
TJN_HOM_030_HomeGoods 2H Digital_F18,NinthDecimal,PJQ7ND_TJN_HOM_030_Mobile_NINTHDECIMAL_DST_SV1_MAP_DIR_RCH_TRG_RON_BTG_DMA_DVY_CONSUMER JOURNEY: HOUSEHOLD CEO_Run of Network_Behavioral_F25-54_320 x 50_Click and View_NV_NA,204626294,10/12/2017,9618,172,9446,5283,4163,26,4137,4005,132,5309,5140,9145
TJN_HOM_013_HomeGoods FEP_Q3FY18,Discovery Digital Media,PHWLS5_TJN_HOM_013_Content_DISCOVERY NETWORKS_Full Episode Video Desktop_30s_FEP_Contextual_F25-54_1920 x 1080_Standard_NV_NA,201895013,7/21/2017,2472,51,2421,2421,0,0,0,0,0,2421,,
TJN_HOM_013_HomeGoods FEP_Q3FY18,Scripps Networks,PHNKCT_TJN_HOM_013_FEP_SCRIPPSNETWORKS.COM_TVE_Crossplatform_FEP_Demo_F25-54_1 x 1_Click and View_NV_NA,201878832,9/3/2017,388,0,388,388,0,0,0,0,0,388,,
TJN_HOM_013_HomeGoods FEP_Q3FY18,Scripps Networks,PHNKCR_TJN_HOM_013_FEP_SCRIPPSNETWORKS.COM_On-site_Crossplatform_FEP_Demo_F25-54_1280 x 720_Standard_NV_NA,201888442,8/15/2017,3301,26,3275,3275,0,0,0,0,0,3275,,
TJN_HOM_013_HomeGoods FEP_Q3FY18,Discovery Digital Media,PHWLS8_TJN_HOM_013_Content_DISCOVERY NETWORKS_Full Episode Video Tablet Web_30s_FEP_Contextual_F25-54_1920 x 1080_Standard_NV_NA,201899695,9/28/2017,864,10,854,854,0,0,0,0,0,854,,
TJN_HOM_030_HomeGoods 2H Digital_F18,NinthDecimal,PJQ7N7_TJN_HOM_030_Mobile_NINTHDECIMAL_DST_SV1_MAP_DIR_RCH_TRG_RON_PXT_DMA_DVY_GEOFENCE: 15-20-MILE RADIUS AROUND RURAL STORES_Run of Network_Geo_F25-54_320 x 50_Click and View_NV_NA,204674556,10/27/2017,11103,176,10927,963,9964,32,9932,9728,204,995,975,10703
TJN_HOM_030_HomeGoods 2H Digital_F18,xAd Inc.,PJQ7ML_TJN_HOM_030_Mobile_GROUND TRUTH FKA XAD_DST_SV1_MAP_DIR_DSP_TRG_RON_BTG_DMA_DVY_BEHAVIORAL - HOME SHOPPER - DYNAMIC DISTANCE_Run of Network_Behavioral_F25-54_320 x 50_Click and View_NV_NA,204626174,9/29/2017,89177,1839,87338,83153,4185,405,3780,3234,546,83558,68936,72170
TJN_HOM_030_HomeGoods 2H Digital_F18,NinthDecimal,PJQ7N5_TJN_HOM_030_Mobile_NINTHDECIMAL_DST_SV1_MAP_DIR_RCH_TRG_RON_PXT_DMA_DVY_GEOFENCE: 2-MILE RADIUS AROUND URBAN STORES_Run of Network_Geo_F25-54_320 x 50_Click and View_NV_NA,204649945,10/25/2017,6279,116,6163,892,5271,148,5123,4960,163,1040,1007,5967
TJN_HOM_008_HomeGoods Summer Digital_FY18,NinthDecimal,PHHXGN_TJN_HOM_008_Mobile_NINTHDECIMAL_CHILD_LUXURY SHOPPERS RETENTION_MOBILE APP_CUSTOM_DISPLAY_320X50_Run of Network_Behavioral_F25-54_320 x 50_Click and View_NV_NA,200582901,9/3/2017,2770,6,2764,195,2569,16,2553,2400,153,211,198,2598
TJN_HOM_030_HomeGoods 2H Digital_F18,xAd Inc.,PJQ7MR_TJN_HOM_030_Mobile_GROUND TRUTH FKA XAD_DST_SV1_MAP_DIR_DSP_TRG_RON_MKT_DMA_DVY_LOCATION - COMPETITOR SHOPPERS - DYNAMIC DISTANCE_Run of Network_Geo_F25-54_300 x 250_Click and View_NV_NA,204647890,10/26/2017,7893,346,7547,7547,0,0,0,0,0,7547,6759,6759
TJN_HOM_030_HomeGoods 2H Digital_F18,xAd Inc.,PJQ7MG_TJN_HOM_030_Mobile_GROUND TRUTH FKA XAD_DST_SV1_MAP_DIR_DSP_TRG_RON_PXT_BTG_DVY_PROXIMITY LOYALTY - DYNAMIC DISTANCE_Run of Network_Geo_F25-54_320 x 50_Click and View_NV_NA,204626813,10/25/2017,90775,1550,89225,86988,2237,210,2027,1832,195,87198,44512,46344
TJN_HOM_030_HomeGoods 2H Digital_F18,NinthDecimal,"PJQ7NK_TJN_HOM_030_Mobile_NINTHDECIMAL_DST_SV1_MAP_DIR_RCH_TRG_RON_BTG_DMA_DVY_TV TARGETING: HGTV, DIY NETWORK, BRAVO, TLC, FOOD NETWORK_Run of Network_Behavioral_F25-54_320 x 50_Click and View_NV_NA",204674553,10/12/2017,9343,159,9184,4435,4749,52,4697,4522,175,4487,4320,8842
TJN_HOM_025_HomeGoods Digital Video_Q4FY18,Tremor Video Inc.,PK6DWD_TJN_HOM_025_OLV_TREMOR NETWORK_AWR_BS1_MAP_DIR_VID_TRG_RON_BTG_CTG_DVY_ALL SCREEN PREROLL + SOCIAL AFFINITY TARGETING TO W25-54 HOME ENTHUSIASTS MOB/TAB APP_Run of Network_Behavioral_F25-54_1280 x 720_Standard_NV_NA,205941321,10/14/2017,102269,766,101503,98707,2796,175,2621,1407,1214,98882,53082,54489
TJN_HOM_008_HomeGoods Summer Digital_FY18,NinthDecimal,PHHXGQ_TJN_HOM_008_Mobile_NINTHDECIMAL_CHILD_PET OWNERS RETENTION_MOBILE APP_CUSTOM_DISPLAY_320X50_Run of Network_Behavioral_F25-54_320 x 50_Click and View_NV_NA,200578886,8/16/2017,2515,42,2473,474,1999,19,1980,1862,118,493,464,2326
TJN_HOM_008_HomeGoods Summer Digital_FY18,Hulu,PHG79P_TJN_HOM_008_FEP_HULU_PageBrand_SPONSORSHIP_CROSS DEVICE_CUSTOM_VIDEO_1X1_1X1_N/A_N/A_N/A_SITE_N/A_Roadblock_Demo_F25-54_1 x 1_Click and View_NV_NA,201464250,8/24/2017,226,4,222,222,0,0,0,0,0,222,215,215
TJN_HOM_008_HomeGoods Summer Digital_FY18,Hulu,PHG79K_TJN_HOM_008_FEP_HULU_Summer TV Pre-roll_SPONSORSHIP_CROSS DEVICE_PRE-ROLL_VIDEO_1920X1080_VAST_N/A_N/A_N/A_3RD PARTY_N/A_Roadblock_Demo_F25-54_1920 x 1080_Standard_NV_NA,201466499,8/29/2017,123206,1028,122178,122178,0,0,0,0,0,122178,117655,117655
TJN_HOM_008_HomeGoods Summer Digital_FY18,Hulu,PHG79G_TJN_HOM_008_FEP_HULU_ROS Pre-roll_CROSS DEVICE_PRE-ROLL_VIDEO_1920X1080_VAST_AUDIENCE_N/A_N/A_3RD PARTY_N/A_Run of Site_Demo_F25-54_1920 x 1080_Standard_NV_NA,201466946,7/30/2017,7239,55,7184,7184,0,0,0,0,0,7184,6314,6314
TJN_HOM_008_HomeGoods Summer Digital_FY18,xAd Inc.,Rolled-up Placements,N/A,7/13/2017,185896,22474,163422,138237,25185,14566,10619,7992,2627,152803,113160,121152
TJN_HOM_030_HomeGoods 2H Digital_F18,NinthDecimal,PJQ7NF_TJN_HOM_030_Mobile_NINTHDECIMAL_DST_SV1_MAP_DIR_RCH_TRG_RON_BTG_DMA_DVY_CONSUMER JOURNEY: HOME FURNISHINGS SHOPPERS_Run of Network_Behavioral_F25-54_320 x 50_Click and View_NV_NA,204626291,9/22/2017,10381,267,10114,3296,6818,22,6796,6690,106,3318,3266,9956
TJN_HOM_025_HomeGoods Digital Video_Q4FY18,Tremor Video Inc.,PK6F30_TJN_HOM_025_OLV_TREMOR NETWORK_AWR_BS1_CTV_DIR_VID_TRG_RON_PXT_CTG_DVY_ALL SCREEN PREROLL + PROXIMITYPLUS DWELL TIME TARGETING TO HOMEGOODS VISITORS CTV_Run of Network_Behavioral_F25-54_1280 x 720_Standard_NV_NA,205942131,10/25/2017,3400,0,3400,3400,0,0,0,0,0,3400,0,0
TJN_HOM_030_HomeGoods 2H Digital_F18,xAd Inc.,PJQ7MP_TJN_HOM_030_Mobile_GROUND TRUTH FKA XAD_DST_SV1_MAP_DIR_DSP_TRG_RON_MKT_DMA_DVY_LOCATION - HOMEGOODS SHOPPERS - DYNAMIC DISTANCE_Run of Network_Geo_F25-54_300 x 250_Click and View_NV_NA,204647878,10/7/2017,10155,881,9274,9266,8,0,8,8,0,9266,9266,9274
TJN_HOM_008_HomeGoods Summer Digital_FY18,NinthDecimal,PHHXGL_TJN_HOM_008_Mobile_NINTHDECIMAL_CHILD_RETENTION_MOBILE APP_CUSTOM_DISPLAY_320X50_Run of Network_Behavioral_F25-54_320 x 50_Click and View_NV_NA,200585092,7/23/2017,4382,156,4226,801,3425,26,3399,3175,224,827,772,3947
TJN_HOM_030_HomeGoods 2H Digital_F18,NinthDecimal,PJQ7N9_TJN_HOM_030_Mobile_NINTHDECIMAL_DST_SV1_MAP_DIR_RCH_TRG_RON_BTG_PXT_DVY_LOCATION GRAPH: TJX FAMILY LOYALISTS_Run of Network_Behavioral_F25-54_320 x 50_Click and View_NV_NA,204647917,10/1/2017,18394,427,17967,10558,7409,85,7324,6936,388,10643,10079,17015
TJN_HOM_013_HomeGoods FEP_Q3FY18,Discovery Digital Media,PHWLS5_TJN_HOM_013_Content_DISCOVERY NETWORKS_Full Episode Video Desktop_30s_FEP_Contextual_F25-54_1920 x 1080_Standard_NV_NA,201895013,8/10/2017,5142,141,5001,5001,0,0,0,0,0,5001,,
TJN_HOM_030_HomeGoods 2H Digital_F18,NinthDecimal,PJQ7NF_TJN_HOM_030_Mobile_NINTHDECIMAL_DST_SV1_MAP_DIR_RCH_TRG_RON_BTG_DMA_DVY_CONSUMER JOURNEY: HOME FURNISHINGS SHOPPERS_Run of Network_Behavioral_F25-54_320 x 50_Click and View_NV_NA,204626291,10/23/2017,9445,172,9273,4549,4724,55,4669,4508,161,4604,4445,8953
TJN_HOM_030_HomeGoods 2H Digital_F18,xAd Inc.,PJQ7MH_TJN_HOM_030_Mobile_GROUND TRUTH FKA XAD_DST_SV1_MAP_DIR_DSP_TRG_RON_PXT_BTG_DVY_PROXIMITY LOYALTY - DYNAMIC DISTANCE_Run of Network_Geo_F25-54_300 x 250_Click and View_NV_NA,204675003,10/31/2017,32564,948,31616,31615,1,0,1,1,0,31615,31615,31616
TJN_HOM_030_HomeGoods 2H Digital_F18,NinthDecimal,PJQ7N9_TJN_HOM_030_Mobile_NINTHDECIMAL_DST_SV1_MAP_DIR_RCH_TRG_RON_BTG_PXT_DVY_LOCATION GRAPH: TJX FAMILY LOYALISTS_Run of Network_Behavioral_F25-54_320 x 50_Click and View_NV_NA,204647917,9/23/2017,4818,116,4702,1952,2750,8,2742,2680,62,1960,1916,4596
TJN_HOM_030_HomeGoods 2H Digital_F18,NinthDecimal,PJQ7NF_TJN_HOM_030_Mobile_NINTHDECIMAL_DST_SV1_MAP_DIR_RCH_TRG_RON_BTG_DMA_DVY_CONSUMER JOURNEY: HOME FURNISHINGS SHOPPERS_Run of Network_Behavioral_F25-54_320 x 50_Click and View_NV_NA,204626291,9/24/2017,9671,218,9453,2478,6975,18,6957,6813,144,2496,2444,9257
TJN_HOM_030_HomeGoods 2H Digital_F18,NinthDecimal,PJQ7N6_TJN_HOM_030_Mobile_NINTHDECIMAL_DST_SV1_MAP_DIR_RCH_TRG_RON_PXT_DMA_DVY_GEOFENCE: 5-10-MILE RADIUS AROUND SUBURBAN STORES_Run of Network_Geo_F25-54_320 x 50_Click and View_NV_NA,204646507,9/6/2017,5927,156,5771,2527,3244,14,3230,3171,59,2541,2495,5666
TJN_HOM_025_HomeGoods Digital Video_Q4FY18,Tremor Video Inc.,PK6F30_TJN_HOM_025_OLV_TREMOR NETWORK_AWR_BS1_CTV_DIR_VID_TRG_RON_PXT_CTG_DVY_ALL SCREEN PREROLL + PROXIMITYPLUS DWELL TIME TARGETING TO HOMEGOODS VISITORS CTV_Run of Network_Behavioral_F25-54_1280 x 720_Standard_NV_NA,205942131,10/3/2017,7484,7,7477,7477,0,0,0,0,0,7477,0,0
TJN_HOM_030_HomeGoods 2H Digital_F18,NinthDecimal,PJQ7N9_TJN_HOM_030_Mobile_NINTHDECIMAL_DST_SV1_MAP_DIR_RCH_TRG_RON_BTG_PXT_DVY_LOCATION GRAPH: TJX FAMILY LOYALISTS_Run of Network_Behavioral_F25-54_320 x 50_Click and View_NV_NA,204647917,10/2/2017,12729,315,12414,7435,4979,48,4931,4681,250,7483,7104,11785
TJN_HOM_013_HomeGoods FEP_Q3FY18,Discovery Digital Media,PHWLS8_TJN_HOM_013_Content_DISCOVERY NETWORKS_Full Episode Video Tablet Web_30s_FEP_Contextual_F25-54_1920 x 1080_Standard_NV_NA,201899695,9/14/2017,883,5,878,878,0,0,0,0,0,878,,
TJN_HOM_030_HomeGoods 2H Digital_F18,NinthDecimal,PJQ7NG_TJN_HOM_030_Mobile_NINTHDECIMAL_DST_SV1_MAP_DIR_RCH_TRG_RON_BTG_DMA_DVY_CONSUMER JOURNEY: NEW HOME BUYERS & MOVERS_Run of Network_Behavioral_F25-54_320 x 50_Click and View_NV_NA,204625835,10/15/2017,8824,115,8709,4256,4453,45,4408,4251,157,4301,4148,8399
TJN_HOM_008_HomeGoods Summer Digital_FY18,NinthDecimal,PHHXGL_TJN_HOM_008_Mobile_NINTHDECIMAL_CHILD_RETENTION_MOBILE APP_CUSTOM_DISPLAY_320X50_Run of Network_Behavioral_F25-54_320 x 50_Click and View_NV_NA,200585092,7/22/2017,4583,13,4570,804,3766,13,3753,3536,217,817,770,4306
TJN_HOM_030_HomeGoods 2H Digital_F18,xAd Inc.,PJQ7MP_TJN_HOM_030_Mobile_GROUND TRUTH FKA XAD_DST_SV1_MAP_DIR_DSP_TRG_RON_MKT_DMA_DVY_LOCATION - HOMEGOODS SHOPPERS - DYNAMIC DISTANCE_Run of Network_Geo_F25-54_300 x 250_Click and View_NV_NA,204647878,9/8/2017,6152,107,6045,6033,12,0,12,11,1,6033,5530,5541
TJN_HOM_013_HomeGoods FEP_Q3FY18,Scripps Networks,PHNKCR_TJN_HOM_013_FEP_SCRIPPSNETWORKS.COM_On-site_Crossplatform_FEP_Demo_F25-54_1280 x 720_Standard_NV_NA,201888442,8/13/2017,13865,65,13800,13800,0,0,0,0,0,13800,,
TJN_HOM_030_HomeGoods 2H Digital_F18,xAd Inc.,PJQ7ML_TJN_HOM_030_Mobile_GROUND TRUTH FKA XAD_DST_SV1_MAP_DIR_DSP_TRG_RON_BTG_DMA_DVY_BEHAVIORAL - HOME SHOPPER - DYNAMIC DISTANCE_Run of Network_Behavioral_F25-54_320 x 50_Click and View_NV_NA,204626174,9/10/2017,18122,267,17855,9890,7965,3118,4847,4140,707,13008,10729,14869
TJN_HOM_013_HomeGoods FEP_Q3FY18,Discovery Digital Media,PHWLS5_TJN_HOM_013_Content_DISCOVERY NETWORKS_Full Episode Video Desktop_30s_FEP_Contextual_F25-54_1920 x 1080_Standard_NV_NA,201895013,7/25/2017,3683,134,3549,3549,0,0,0,0,0,3549,,
TJN_HOM_030_HomeGoods 2H Digital_F18,NinthDecimal,PJQ7NC_TJN_HOM_030_Mobile_NINTHDECIMAL_DST_SV1_MAP_DIR_RCH_TRG_RON_BTG_DMA_DVY_CONSUMER JOURNEY: DIYERS_Run of Network_Behavioral_F25-54_320 x 50_Click and View_NV_NA,204675009,9/18/2017,10458,252,10206,3778,6428,34,6394,6170,224,3812,3678,9848
TJN_HOM_030_HomeGoods 2H Digital_F18,NinthDecimal,PJQ7N5_TJN_HOM_030_Mobile_NINTHDECIMAL_DST_SV1_MAP_DIR_RCH_TRG_RON_PXT_DMA_DVY_GEOFENCE: 2-MILE RADIUS AROUND URBAN STORES_Run of Network_Geo_F25-54_320 x 50_Click and View_NV_NA,204649945,10/9/2017,7752,188,7564,4559,3005,39,2966,2872,94,4598,4452,7324
TJN_HOM_008_HomeGoods Summer Digital_FY18,xAd Inc.,PHHXGS_TJN_HOM_008_Mobile_XAD INC_CHILD_LOYALTY_MOBILE APP_STANDARD_DISPLAY_300X250_GEO-FENCING_Run of Network_Geo_F25-54_300 x 250_Click and View_NV_NA,200583064,8/30/2017,918,93,825,4,821,821,0,0,0,825,733,733
TJN_HOM_008_HomeGoods Summer Digital_FY18,Hulu,PHG79J_TJN_HOM_008_FEP_HULU_Branded Slate_ROS_CROSS DEVICE_PRE-ROLL_CUSTOM_VECTOR LOGO_1X1_AUDIENCE_N/A_N/A_SITE_N/A_Run of Site_Demo_F25-54_1 x 1_Click and View_NV_NA,201467345,7/17/2017,2304,24,2280,2280,0,0,0,0,0,2280,2122,2122
TJN_HOM_013_HomeGoods FEP_Q3FY18,Discovery Digital Media,PHWLS6_TJN_HOM_013_Content_DISCOVERY NETWORKS_Full Episode Video Mobile App_30s_FEP_Contextual_F25-54_1920 x 1080_Standard_NV_NA,201891425,8/1/2017,21128,162,20966,20966,0,0,0,0,0,20966,,
TJN_HOM_008_HomeGoods Summer Digital_FY18,Hulu,PHG79M_TJN_HOM_008_FEP_HULU_Premium Slate_CROSS DEVICE_PRE-ROLL_CUSTOM_VECTOR LOGO_1X1_N/A_N/A_N/A_SITE_N/A_Roadblock_Demo_F25-54_1 x 1_Click and View_NV_NA,201466502,8/9/2017,84494,637,83857,83857,0,0,0,0,0,83857,73022,73022
TJN_HOM_008_HomeGoods Summer Digital_FY18,Hulu,PHG79M_TJN_HOM_008_FEP_HULU_Premium Slate_CROSS DEVICE_PRE-ROLL_CUSTOM_VECTOR LOGO_1X1_N/A_N/A_N/A_SITE_N/A_Roadblock_Demo_F25-54_1 x 1_Click and View_NV_NA,201466502,8/27/2017,78452,505,77947,77947,0,0,0,0,0,77947,75992,75992
TJN_HOM_030_HomeGoods 2H Digital_F18,xAd Inc.,PJQ7MG_TJN_HOM_030_Mobile_GROUND TRUTH FKA XAD_DST_SV1_MAP_DIR_DSP_TRG_RON_PXT_BTG_DVY_PROXIMITY LOYALTY - DYNAMIC DISTANCE_Run of Network_Geo_F25-54_320 x 50_Click and View_NV_NA,204626813,10/9/2017,57374,1533,55841,51061,4780,481,4299,3879,420,51542,45112,48991
TJN_HOM_013_HomeGoods FEP_Q3FY18,Discovery Digital Media,PHWLS6_TJN_HOM_013_Content_DISCOVERY NETWORKS_Full Episode Video Mobile App_30s_FEP_Contextual_F25-54_1920 x 1080_Standard_NV_NA,201891425,7/29/2017,21195,130,21065,21065,0,0,0,0,0,21065,,
TJN_HOM_030_HomeGoods 2H Digital_F18,NinthDecimal,PJQ7N9_TJN_HOM_030_Mobile_NINTHDECIMAL_DST_SV1_MAP_DIR_RCH_TRG_RON_BTG_PXT_DVY_LOCATION GRAPH: TJX FAMILY LOYALISTS_Run of Network_Behavioral_F25-54_320 x 50_Click and View_NV_NA,204647917,9/11/2017,2024,35,1989,1049,940,6,934,889,45,1055,1004,1893
TJN_HOM_008_HomeGoods Summer Digital_FY18,Hulu,PHG79K_TJN_HOM_008_FEP_HULU_Summer TV Pre-roll_SPONSORSHIP_CROSS DEVICE_PRE-ROLL_VIDEO_1920X1080_VAST_N/A_N/A_N/A_3RD PARTY_N/A_Roadblock_Demo_F25-54_1920 x 1080_Standard_NV_NA,201466499,7/28/2017,140685,1478,139207,139207,0,0,0,0,0,139207,127040,127040
TJN_HOM_008_HomeGoods Summer Digital_FY18,Hulu,PHG79N_TJN_HOM_008_FEP_HULU_Masthead_SPONSORSHIP_CROSS DEVICE_CUSTOM_VIDEO_1X1_1X1_N/A_N/A_N/A_SITE_N/A_Roadblock_Demo_F25-54_1 x 1_Click and View_NV_NA,201462657,7/22/2017,87412,570,86842,86842,0,0,0,0,0,86842,78320,78320
TJN_HOM_030_HomeGoods 2H Digital_F18,NinthDecimal,PJQ7N5_TJN_HOM_030_Mobile_NINTHDECIMAL_DST_SV1_MAP_DIR_RCH_TRG_RON_PXT_DMA_DVY_GEOFENCE: 2-MILE RADIUS AROUND URBAN STORES_Run of Network_Geo_F25-54_320 x 50_Click and View_NV_NA,204649945,11/12/2017,9013,100,8913,523,8390,38,8352,8173,179,561,549,8722
TJN_HOM_025_HomeGoods Digital Video_Q4FY18,Tremor Video Inc.,PK6DWD_TJN_HOM_025_OLV_TREMOR NETWORK_AWR_BS1_MAP_DIR_VID_TRG_RON_BTG_CTG_DVY_ALL SCREEN PREROLL + SOCIAL AFFINITY TARGETING TO W25-54 HOME ENTHUSIASTS MOB/TAB APP_Run of Network_Behavioral_F25-54_1280 x 720_Standard_NV_NA,205941321,11/1/2017,229156,100,229056,229056,0,0,0,0,0,229056,64545,64545
TJN_HOM_030_HomeGoods 2H Digital_F18,xAd Inc.,PJQ7MJ_TJN_HOM_030_Mobile_GROUND TRUTH FKA XAD_DST_SV1_MAP_DIR_DSP_TRG_RON_PXT_BTG_DVY_PROXIMITY LOYALTY - STORE LOCATOR UNIT_Run of Network_Geo_F25-54_320 x 50_Click and View_NV_NA,204649939,10/30/2017,16671,405,16266,8141,8125,144,7981,7835,146,8285,8133,15968
TJN_HOM_030_HomeGoods 2H Digital_F18,NinthDecimal,PJQ7N7_TJN_HOM_030_Mobile_NINTHDECIMAL_DST_SV1_MAP_DIR_RCH_TRG_RON_PXT_DMA_DVY_GEOFENCE: 15-20-MILE RADIUS AROUND RURAL STORES_Run of Network_Geo_F25-54_320 x 50_Click and View_NV_NA,204674556,10/4/2017,7124,126,6998,4714,2284,16,2268,2195,73,4730,4578,6773
TJN_HOM_013_HomeGoods FEP_Q3FY18,Discovery Digital Media,PHWLS9_TJN_HOM_013_Content_DISCOVERY NETWORKS_Full Episode Video OTT/CTV_30s_FEP_Contextual_F25-54_1920 x 1080_Standard_NV_NA,201891428,8/22/2017,5748,13,5735,5735,0,0,0,0,0,5735,,
TJN_HOM_030_HomeGoods 2H Digital_F18,NinthDecimal,PJQ7NB_TJN_HOM_030_Mobile_NINTHDECIMAL_DST_SV1_MAP_DIR_RCH_TRG_RON_BTG_PXT_DVY_LOCATION GRAPH: COMPETITIVE CONQUESTING_Run of Network_Behavioral_F25-54_320 x 50_Click and View_NV_NA,204649942,9/12/2017,29478,506,28972,16394,12578,75,12503,12134,369,16469,15983,28117
TJN_HOM_013_HomeGoods FEP_Q3FY18,Discovery Digital Media,PHWLS7_TJN_HOM_013_Content_DISCOVERY NETWORKS_Full Episode Video Mobile Web_30s_FEP_Contextual_F25-54_1920 x 1080_Standard_NV_NA,201895019,9/27/2017,844,16,828,828,0,0,0,0,0,828,,
TJN_HOM_030_HomeGoods 2H Digital_F18,xAd Inc.,PJQ7MJ_TJN_HOM_030_Mobile_GROUND TRUTH FKA XAD_DST_SV1_MAP_DIR_DSP_TRG_RON_PXT_BTG_DVY_PROXIMITY LOYALTY - STORE LOCATOR UNIT_Run of Network_Geo_F25-54_320 x 50_Click and View_NV_NA,204649939,9/20/2017,20947,545,20402,11256,9146,138,9008,8053,955,11394,10186,18239
TJN_HOM_030_HomeGoods 2H Digital_F18,NinthDecimal,PJQ7NG_TJN_HOM_030_Mobile_NINTHDECIMAL_DST_SV1_MAP_DIR_RCH_TRG_RON_BTG_DMA_DVY_CONSUMER JOURNEY: NEW HOME BUYERS & MOVERS_Run of Network_Behavioral_F25-54_320 x 50_Click and View_NV_NA,204625835,11/6/2017,4764,180,4584,394,4190,15,4175,4009,166,409,393,4402
TJN_HOM_030_HomeGoods 2H Digital_F18,NinthDecimal,PJQ7NG_TJN_HOM_030_Mobile_NINTHDECIMAL_DST_SV1_MAP_DIR_RCH_TRG_RON_BTG_DMA_DVY_CONSUMER JOURNEY: NEW HOME BUYERS & MOVERS_Run of Network_Behavioral_F25-54_320 x 50_Click and View_NV_NA,204625835,11/4/2017,4289,63,4226,363,3863,20,3843,3736,107,383,372,4108
TJN_HOM_013_HomeGoods FEP_Q3FY18,Discovery Digital Media,PHWLS5_TJN_HOM_013_Content_DISCOVERY NETWORKS_Full Episode Video Desktop_30s_FEP_Contextual_F25-54_1920 x 1080_Standard_NV_NA,201895013,8/25/2017,3959,92,3867,3867,0,0,0,0,0,3867,,
TJN_HOM_030_HomeGoods 2H Digital_F18,NinthDecimal,PJQ7N8_TJN_HOM_030_Mobile_NINTHDECIMAL_DST_SV1_MAP_DIR_RCH_TRG_RON_BTG_PXT_DVY_LOCATION GRAPH: HOMEGOODS LOYALISTS_Run of Network_Behavioral_F25-54_320 x 50_Click and View_NV_NA,204675012,11/11/2017,9046,127,8919,278,8641,30,8611,8416,195,308,301,8717
TJN_HOM_008_HomeGoods Summer Digital_FY18,Hulu,PHG79N_TJN_HOM_008_FEP_HULU_Masthead_SPONSORSHIP_CROSS DEVICE_CUSTOM_VIDEO_1X1_1X1_N/A_N/A_N/A_SITE_N/A_Roadblock_Demo_F25-54_1 x 1_Click and View_NV_NA,201462657,7/23/2017,114223,906,113317,113317,0,0,0,0,0,113317,102510,102510
TJN_HOM_030_HomeGoods 2H Digital_F18,xAd Inc.,PJQ7MG_TJN_HOM_030_Mobile_GROUND TRUTH FKA XAD_DST_SV1_MAP_DIR_DSP_TRG_RON_PXT_BTG_DVY_PROXIMITY LOYALTY - DYNAMIC DISTANCE_Run of Network_Geo_F25-54_320 x 50_Click and View_NV_NA,204626813,11/12/2017,71050,1391,69659,54197,15462,2480,12982,9796,3186,56677,42314,52110
TJN_HOM_030_HomeGoods 2H Digital_F18,NinthDecimal,PJQ7NG_TJN_HOM_030_Mobile_NINTHDECIMAL_DST_SV1_MAP_DIR_RCH_TRG_RON_BTG_DMA_DVY_CONSUMER JOURNEY: NEW HOME BUYERS & MOVERS_Run of Network_Behavioral_F25-54_320 x 50_Click and View_NV_NA,204625835,9/25/2017,8406,128,8278,2938,5340,34,5306,5159,147,2972,2890,8049
TJN_HOM_030_HomeGoods 2H Digital_F18,NinthDecimal,PJQ7N5_TJN_HOM_030_Mobile_NINTHDECIMAL_DST_SV1_MAP_DIR_RCH_TRG_RON_PXT_DMA_DVY_GEOFENCE: 2-MILE RADIUS AROUND URBAN STORES_Run of Network_Geo_F25-54_320 x 50_Click and View_NV_NA,204649945,9/26/2017,9458,368,9090,4241,4849,29,4820,4677,143,4270,4143,8820
TJN_HOM_008_HomeGoods Summer Digital_FY18,xAd Inc.,PHHXGX_TJN_HOM_008_Mobile_XAD INC_CHILD_LOCATION AUDIENCE-HOMEGOODS SHOPPERS_MOBILE APP_STANDARD_DISPLAY_300X250_Run of Network_Behavioral_F25-54_300 x 250_Click and View_NV_NA,200587524,8/6/2017,5292,936,4356,4,4352,4318,34,27,7,4322,3432,3459
TJN_HOM_008_HomeGoods Summer Digital_FY18,xAd Inc.,PHHXGR_TJN_HOM_008_Mobile_XAD INC_CHILD_LOYALTY_MOBILE APP_STANDARD_DISPLAY_320X50_GEO-FENCING_Run of Network_Geo_F25-54_320 x 50_Click and View_NV_NA,200587518,7/19/2017,32197,358,31839,28238,3601,27,3574,2310,1264,28265,18269,20579
TJN_HOM_008_HomeGoods Summer Digital_FY18,Hulu,PHG79K_TJN_HOM_008_FEP_HULU_Summer TV Pre-roll_SPONSORSHIP_CROSS DEVICE_PRE-ROLL_VIDEO_1920X1080_VAST_N/A_N/A_N/A_3RD PARTY_N/A_Roadblock_Demo_F25-54_1920 x 1080_Standard_NV_NA,201466499,9/1/2017,21,1,20,20,0,0,0,0,0,20,19,19
TJN_HOM_008_HomeGoods Summer Digital_FY18,xAd Inc.,PHHXGZ_TJN_HOM_008_Mobile_XAD INC_CHILD_LOYALTY_MOBILE APP_CUSTOM_RICH MEDIA_300X250_GEO-FENCING_Run of Network_Geo_F25-54_300 x 250_Click and View_NV_NA,200577158,8/8/2017,1429,58,1371,579,792,12,780,699,81,591,530,1229
TJN_HOM_013_HomeGoods FEP_Q3FY18,Scripps Networks,PHNKCT_TJN_HOM_013_FEP_SCRIPPSNETWORKS.COM_TVE_Crossplatform_FEP_Demo_F25-54_1 x 1_Click and View_NV_NA,201878832,9/17/2017,76,0,76,76,0,0,0,0,0,76,,
TJN_HOM_030_HomeGoods 2H Digital_F18,NinthDecimal,PJQ7ND_TJN_HOM_030_Mobile_NINTHDECIMAL_DST_SV1_MAP_DIR_RCH_TRG_RON_BTG_DMA_DVY_CONSUMER JOURNEY: HOUSEHOLD CEO_Run of Network_Behavioral_F25-54_320 x 50_Click and View_NV_NA,204626294,10/22/2017,9067,150,8917,4954,3963,40,3923,3800,123,4994,4837,8637
TJN_HOM_008_HomeGoods Summer Digital_FY18,NinthDecimal,PHHXGP_TJN_HOM_008_Mobile_NINTHDECIMAL_CHILD_PET OWNERS PROSPECTING_MOBILE APP_CUSTOM_DISPLAY_320X50_Run of Network_Behavioral_F25-54_320 x 50_Click and View_NV_NA,200586375,8/6/2017,10546,390,10156,2998,7158,34,7124,6642,482,3032,2827,9469
TJN_HOM_013_HomeGoods FEP_Q3FY18,Discovery Digital Media,PHWLS6_TJN_HOM_013_Content_DISCOVERY NETWORKS_Full Episode Video Mobile App_30s_FEP_Contextual_F25-54_1920 x 1080_Standard_NV_NA,201891425,9/23/2017,18734,165,18569,18569,0,0,0,0,0,18569,,
TJN_HOM_025_HomeGoods Digital Video_Q4FY18,Tremor Video Inc.,PK6DY1_TJN_HOM_025_OLV_TREMOR NETWORK_AWR_BS1_CTV_DIR_VID_TRG_RON_BTG_CTG_DVY_ALL SCREEN PREROLL + SOCIAL AFFINITY TARGETING TO W25-54 HOME ENTHUSIASTS CTV_Run of Network_Behavioral_F25-54_1280 x 720_Standard_NV_NA,205941318,10/18/2017,32041,1,32040,32040,0,0,0,0,0,32040,27622,27622
TJN_HOM_013_HomeGoods FEP_Q3FY18,Scripps Networks,PHNKCR_TJN_HOM_013_FEP_SCRIPPSNETWORKS.COM_On-site_Crossplatform_FEP_Demo_F25-54_1280 x 720_Standard_NV_NA,201888442,9/26/2017,2481,20,2461,2461,0,0,0,0,0,2461,,
TJN_HOM_030_HomeGoods 2H Digital_F18,NinthDecimal,"PJQ7NK_TJN_HOM_030_Mobile_NINTHDECIMAL_DST_SV1_MAP_DIR_RCH_TRG_RON_BTG_DMA_DVY_TV TARGETING: HGTV, DIY NETWORK, BRAVO, TLC, FOOD NETWORK_Run of Network_Behavioral_F25-54_320 x 50_Click and View_NV_NA",204674553,10/22/2017,8346,94,8252,4016,4236,79,4157,4014,143,4095,3954,7968
TJN_HOM_030_HomeGoods 2H Digital_F18,xAd Inc.,PJQ7MG_TJN_HOM_030_Mobile_GROUND TRUTH FKA XAD_DST_SV1_MAP_DIR_DSP_TRG_RON_PXT_BTG_DVY_PROXIMITY LOYALTY - DYNAMIC DISTANCE_Run of Network_Geo_F25-54_320 x 50_Click and View_NV_NA,204626813,9/26/2017,31114,666,30448,24099,6349,886,5463,3981,1482,24985,15421,19402
TJN_HOM_013_HomeGoods FEP_Q3FY18,Discovery Digital Media,PHWLS9_TJN_HOM_013_Content_DISCOVERY NETWORKS_Full Episode Video OTT/CTV_30s_FEP_Contextual_F25-54_1920 x 1080_Standard_NV_NA,201891428,7/17/2017,11673,21,11652,11652,0,0,0,0,0,11652,,
TJN_HOM_030_HomeGoods 2H Digital_F18,NinthDecimal,"PJQ7NK_TJN_HOM_030_Mobile_NINTHDECIMAL_DST_SV1_MAP_DIR_RCH_TRG_RON_BTG_DMA_DVY_TV TARGETING: HGTV, DIY NETWORK, BRAVO, TLC, FOOD NETWORK_Run of Network_Behavioral_F25-54_320 x 50_Click and View_NV_NA",204674553,10/10/2017,8105,48,8057,4478,3579,39,3540,3411,129,4517,4352,7763
TJN_HOM_030_HomeGoods 2H Digital_F18,NinthDecimal,PJQ7NH_TJN_HOM_030_Mobile_NINTHDECIMAL_DST_SV1_MAP_DIR_RCH_TRG_RON_BTG_DMA_DVY_CONSUMER JOURNEY: PET SUPPLY SHOPPERS_Run of Network_Behavioral_F25-54_320 x 50_Click and View_NV_NA,204647914,10/18/2017,8706,125,8581,4382,4199,28,4171,4021,150,4410,4251,8272
TJN_HOM_030_HomeGoods 2H Digital_F18,NinthDecimal,PJQ7NF_TJN_HOM_030_Mobile_NINTHDECIMAL_DST_SV1_MAP_DIR_RCH_TRG_RON_BTG_DMA_DVY_CONSUMER JOURNEY: HOME FURNISHINGS SHOPPERS_Run of Network_Behavioral_F25-54_320 x 50_Click and View_NV_NA,204626291,10/16/2017,9692,172,9520,5961,3559,18,3541,3433,108,5979,5797,9230
TJN_HOM_008_HomeGoods Summer Digital_FY18,xAd Inc.,Rolled-up Placements,N/A,7/10/2017,180158,15384,164774,130291,34483,22694,11789,8723,3066,152985,119624,128347
TJN_HOM_030_HomeGoods 2H Digital_F18,NinthDecimal,PJQ7N8_TJN_HOM_030_Mobile_NINTHDECIMAL_DST_SV1_MAP_DIR_RCH_TRG_RON_BTG_PXT_DVY_LOCATION GRAPH: HOMEGOODS LOYALISTS_Run of Network_Behavioral_F25-54_320 x 50_Click and View_NV_NA,204675012,9/15/2017,3110,43,3067,1040,2027,17,2010,1934,76,1057,1017,2951
TJN_HOM_030_HomeGoods 2H Digital_F18,NinthDecimal,PJQ7N9_TJN_HOM_030_Mobile_NINTHDECIMAL_DST_SV1_MAP_DIR_RCH_TRG_RON_BTG_PXT_DVY_LOCATION GRAPH: TJX FAMILY LOYALISTS_Run of Network_Behavioral_F25-54_320 x 50_Click and View_NV_NA,204647917,10/19/2017,13200,238,12962,5264,7698,50,7648,7409,239,5314,5148,12557
TJN_HOM_025_HomeGoods Digital Video_Q4FY18,Tremor Video Inc.,PK6F30_TJN_HOM_025_OLV_TREMOR NETWORK_AWR_BS1_CTV_DIR_VID_TRG_RON_PXT_CTG_DVY_ALL SCREEN PREROLL + PROXIMITYPLUS DWELL TIME TARGETING TO HOMEGOODS VISITORS CTV_Run of Network_Behavioral_F25-54_1280 x 720_Standard_NV_NA,205942131,10/9/2017,730,0,730,730,0,0,0,0,0,730,0,0
TJN_HOM_008_HomeGoods Summer Digital_FY18,xAd Inc.,PHHXGW_TJN_HOM_008_Mobile_XAD INC_CHILD_LOCATION AUDIENCE-HOMEGOODS SHOPPERS_MOBILE APP_STANDARD_DISPLAY_320X50_Run of Network_Behavioral_F25-54_320 x 50_Click and View_NV_NA,200585089,8/17/2017,36322,972,35350,3531,31819,726,31093,22436,8657,4257,3072,25508
TJN_HOM_025_HomeGoods Digital Video_Q4FY18,Tremor Video Inc.,PK6DWD_TJN_HOM_025_OLV_TREMOR NETWORK_AWR_BS1_MAP_DIR_VID_TRG_RON_BTG_CTG_DVY_ALL SCREEN PREROLL + SOCIAL AFFINITY TARGETING TO W25-54 HOME ENTHUSIASTS MOB/TAB APP_Run of Network_Behavioral_F25-54_1280 x 720_Standard_NV_NA,205941321,11/3/2017,236733,157,236576,236576,0,0,0,0,0,236576,73381,73381
TJN_HOM_025_HomeGoods Digital Video_Q4FY18,Tremor Video Inc.,PK1FYM_TJN_HOM_025_OLV_TREMOR NETWORK_AWR_BS1_DSK_DIR_VID_TRG_RON_BTG_CTG_DVY_ALL SCREEN PREROLL + SOCIAL AFFINITY TARGETING TO W25-54 HOME ENTHUSIASTS DESKTOP_Run of Network_Behavioral_F25-54_1280 x 720_Standard_NV_NA,205941870,10/18/2017,70277,136,70141,20696,49445,1505,47940,41127,6813,22201,19046,60173
TJN_HOM_030_HomeGoods 2H Digital_F18,NinthDecimal,PJQ7ND_TJN_HOM_030_Mobile_NINTHDECIMAL_DST_SV1_MAP_DIR_RCH_TRG_RON_BTG_DMA_DVY_CONSUMER JOURNEY: HOUSEHOLD CEO_Run of Network_Behavioral_F25-54_320 x 50_Click and View_NV_NA,204626294,10/10/2017,9218,90,9128,5787,3341,32,3309,3202,107,5819,5631,8833
TJN_HOM_008_HomeGoods Summer Digital_FY18,NinthDecimal,PHHXGM_TJN_HOM_008_Mobile_NINTHDECIMAL_CHILD_LUXURY SHOPPERS PROSPECTING_MOBILE APP_CUSTOM_DISPLAY_320X50_Run of Network_Behavioral_F25-54_320 x 50_Click and View_NV_NA,200581998,7/26/2017,32492,531,31961,10797,21164,127,21037,19849,1188,10924,10307,30156
TJN_HOM_030_HomeGoods 2H Digital_F18,xAd Inc.,PJQ7MQ_TJN_HOM_030_Mobile_GROUND TRUTH FKA XAD_DST_SV1_MAP_DIR_DSP_TRG_RON_MKT_DMA_DVY_LOCATION - COMPETITOR SHOPPERS - DYNAMIC DISTANCE_Run of Network_Geo_F25-54_320 x 50_Click and View_NV_NA,204617210,10/18/2017,9087,97,8990,7380,1610,86,1524,1269,255,7466,6208,7477
TJN_HOM_008_HomeGoods Summer Digital_FY18,Hulu,PHG79N_TJN_HOM_008_FEP_HULU_Masthead_SPONSORSHIP_CROSS DEVICE_CUSTOM_VIDEO_1X1_1X1_N/A_N/A_N/A_SITE_N/A_Roadblock_Demo_F25-54_1 x 1_Click and View_NV_NA,201462657,8/23/2017,124420,1252,123168,123168,0,0,0,0,0,123168,119058,119058
TJN_HOM_030_HomeGoods 2H Digital_F18,xAd Inc.,PJQ7MK_TJN_HOM_030_Mobile_GROUND TRUTH FKA XAD_DST_SV1_MAP_DIR_DSP_TRG_RON_PXT_BTG_DVY_PROXIMITY LOYALTY - STORE LOCATOR UNIT_Run of Network_Geo_F25-54_300 x 250_Click and View_NV_NA,204625442,9/17/2017,2016,39,1977,188,1789,56,1733,1232,501,244,173,1405
TJN_HOM_008_HomeGoods Summer Digital_FY18,Hulu,PHG79J_TJN_HOM_008_FEP_HULU_Branded Slate_ROS_CROSS DEVICE_PRE-ROLL_CUSTOM_VECTOR LOGO_1X1_AUDIENCE_N/A_N/A_SITE_N/A_Run of Site_Demo_F25-54_1 x 1_Click and View_NV_NA,201467345,8/22/2017,3945,29,3916,3916,0,0,0,0,0,3916,3741,3741
TJN_HOM_025_HomeGoods Digital Video_Q4FY18,Tremor Video Inc.,PK6DWD_TJN_HOM_025_OLV_TREMOR NETWORK_AWR_BS1_MAP_DIR_VID_TRG_RON_BTG_CTG_DVY_ALL SCREEN PREROLL + SOCIAL AFFINITY TARGETING TO W25-54 HOME ENTHUSIASTS MOB/TAB APP_Run of Network_Behavioral_F25-54_1280 x 720_Standard_NV_NA,205941321,10/20/2017,202070,2324,199746,199505,241,164,77,34,43,199669,88166,88200
TJN_HOM_013_HomeGoods FEP_Q3FY18,Discovery Digital Media,PHWLS5_TJN_HOM_013_Content_DISCOVERY NETWORKS_Full Episode Video Desktop_30s_FEP_Contextual_F25-54_1920 x 1080_Standard_NV_NA,201895013,7/30/2017,1619,20,1599,1599,0,0,0,0,0,1599,,
TJN_HOM_030_HomeGoods 2H Digital_F18,xAd Inc.,PJQ7ML_TJN_HOM_030_Mobile_GROUND TRUTH FKA XAD_DST_SV1_MAP_DIR_DSP_TRG_RON_BTG_DMA_DVY_BEHAVIORAL - HOME SHOPPER - DYNAMIC DISTANCE_Run of Network_Behavioral_F25-54_320 x 50_Click and View_NV_NA,204626174,10/5/2017,1,0,1,1,0,0,0,0,0,1,1,1
TJN_HOM_013_HomeGoods FEP_Q3FY18,Discovery Digital Media,PHWLS9_TJN_HOM_013_Content_DISCOVERY NETWORKS_Full Episode Video OTT/CTV_30s_FEP_Contextual_F25-54_1920 x 1080_Standard_NV_NA,201891428,7/27/2017,11087,32,11055,11055,0,0,0,0,0,11055,,
TJN_HOM_030_HomeGoods 2H Digital_F18,xAd Inc.,PJQ7MN_TJN_HOM_030_Mobile_GROUND TRUTH FKA XAD_DST_SV1_MAP_DIR_DSP_TRG_RON_MKT_DMA_DVY_LOCATION - HOMEGOODS SHOPPERS - DYNAMIC DISTANCE_Run of Network_Geo_F25-54_320 x 50_Click and View_NV_NA,204651439,10/12/2017,7234,82,7152,5493,1659,111,1548,1434,114,5604,5110,6544
TJN_HOM_030_HomeGoods 2H Digital_F18,NinthDecimal,PJQ7N7_TJN_HOM_030_Mobile_NINTHDECIMAL_DST_SV1_MAP_DIR_RCH_TRG_RON_PXT_DMA_DVY_GEOFENCE: 15-20-MILE RADIUS AROUND RURAL STORES_Run of Network_Geo_F25-54_320 x 50_Click and View_NV_NA,204674556,10/21/2017,9441,144,9297,5880,3417,115,3302,3211,91,5995,5830,9041
TJN_HOM_030_HomeGoods 2H Digital_F18,xAd Inc.,PJQ7ML_TJN_HOM_030_Mobile_GROUND TRUTH FKA XAD_DST_SV1_MAP_DIR_DSP_TRG_RON_BTG_DMA_DVY_BEHAVIORAL - HOME SHOPPER - DYNAMIC DISTANCE_Run of Network_Behavioral_F25-54_320 x 50_Click and View_NV_NA,204626174,11/10/2017,26694,398,26296,18967,7329,331,6998,4905,2093,19298,13521,18426
TJN_HOM_030_HomeGoods 2H Digital_F18,NinthDecimal,PJQ7N9_TJN_HOM_030_Mobile_NINTHDECIMAL_DST_SV1_MAP_DIR_RCH_TRG_RON_BTG_PXT_DVY_LOCATION GRAPH: TJX FAMILY LOYALISTS_Run of Network_Behavioral_F25-54_320 x 50_Click and View_NV_NA,204647917,11/12/2017,16008,219,15789,823,14966,73,14893,14433,460,896,868,15301
TJN_HOM_030_HomeGoods 2H Digital_F18,xAd Inc.,PJQ7MR_TJN_HOM_030_Mobile_GROUND TRUTH FKA XAD_DST_SV1_MAP_DIR_DSP_TRG_RON_MKT_DMA_DVY_LOCATION - COMPETITOR SHOPPERS - DYNAMIC DISTANCE_Run of Network_Geo_F25-54_300 x 250_Click and View_NV_NA,204647890,10/15/2017,8449,198,8251,8251,0,0,0,0,0,8251,0,0
TJN_HOM_008_HomeGoods Summer Digital_FY18,xAd Inc.,PHHXGT_TJN_HOM_008_Mobile_XAD INC_CHILD_CONQUESTING_MOBILE APP_STANDARD_DISPLAY_320X50_GEO-FENCING_Run of Network_Geo_F25-54_320 x 50_Click and View_NV_NA,200573066,7/23/2017,30728,120,30608,24054,6554,54,6500,4383,2117,24108,16256,20639
TJN_HOM_030_HomeGoods 2H Digital_F18,NinthDecimal,PJQ7N7_TJN_HOM_030_Mobile_NINTHDECIMAL_DST_SV1_MAP_DIR_RCH_TRG_RON_PXT_DMA_DVY_GEOFENCE: 15-20-MILE RADIUS AROUND RURAL STORES_Run of Network_Geo_F25-54_320 x 50_Click and View_NV_NA,204674556,9/9/2017,7199,139,7060,3662,3398,19,3379,3308,71,3681,3604,6912
TJN_HOM_008_HomeGoods Summer Digital_FY18,Hulu,PHG79G_TJN_HOM_008_FEP_HULU_ROS Pre-roll_CROSS DEVICE_PRE-ROLL_VIDEO_1920X1080_VAST_AUDIENCE_N/A_N/A_3RD PARTY_N/A_Run of Site_Demo_F25-54_1920 x 1080_Standard_NV_NA,201466946,7/21/2017,11250,98,11152,11152,0,0,0,0,0,11152,10146,10146
TJN_HOM_030_HomeGoods 2H Digital_F18,xAd Inc.,PJQ7MH_TJN_HOM_030_Mobile_GROUND TRUTH FKA XAD_DST_SV1_MAP_DIR_DSP_TRG_RON_PXT_BTG_DVY_PROXIMITY LOYALTY - DYNAMIC DISTANCE_Run of Network_Geo_F25-54_300 x 250_Click and View_NV_NA,204675003,9/24/2017,16253,2420,13833,13810,23,9,14,8,6,13819,7897,7905
TJN_HOM_030_HomeGoods 2H Digital_F18,NinthDecimal,PJQ7NF_TJN_HOM_030_Mobile_NINTHDECIMAL_DST_SV1_MAP_DIR_RCH_TRG_RON_BTG_DMA_DVY_CONSUMER JOURNEY: HOME FURNISHINGS SHOPPERS_Run of Network_Behavioral_F25-54_320 x 50_Click and View_NV_NA,204626291,10/31/2017,5553,102,5451,2042,3409,23,3386,3308,78,2065,2017,5325
TJN_HOM_008_HomeGoods Summer Digital_FY18,xAd Inc.,PHHXGS_TJN_HOM_008_Mobile_XAD INC_CHILD_LOYALTY_MOBILE APP_STANDARD_DISPLAY_300X250_GEO-FENCING_Run of Network_Geo_F25-54_300 x 250_Click and View_NV_NA,200583064,8/12/2017,15828,10280,5548,1037,4511,3757,754,715,39,4794,4546,5261
TJN_HOM_030_HomeGoods 2H Digital_F18,xAd Inc.,PJQ7ML_TJN_HOM_030_Mobile_GROUND TRUTH FKA XAD_DST_SV1_MAP_DIR_DSP_TRG_RON_BTG_DMA_DVY_BEHAVIORAL - HOME SHOPPER - DYNAMIC DISTANCE_Run of Network_Behavioral_F25-54_320 x 50_Click and View_NV_NA,204626174,10/24/2017,7600,88,7512,6115,1397,67,1330,929,401,6182,4281,5210
TJN_HOM_008_HomeGoods Summer Digital_FY18,xAd Inc.,PHHXGW_TJN_HOM_008_Mobile_XAD INC_CHILD_LOCATION AUDIENCE-HOMEGOODS SHOPPERS_MOBILE APP_STANDARD_DISPLAY_320X50_Run of Network_Behavioral_F25-54_320 x 50_Click and View_NV_NA,200585089,8/16/2017,41788,882,40906,5841,35065,668,34397,26907,7490,6509,5092,31999
TJN_HOM_030_HomeGoods 2H Digital_F18,xAd Inc.,PJQ7MH_TJN_HOM_030_Mobile_GROUND TRUTH FKA XAD_DST_SV1_MAP_DIR_DSP_TRG_RON_PXT_BTG_DVY_PROXIMITY LOYALTY - DYNAMIC DISTANCE_Run of Network_Geo_F25-54_300 x 250_Click and View_NV_NA,204675003,10/23/2017,30924,646,30278,30247,31,0,31,24,7,30247,23242,23266
TJN_HOM_008_HomeGoods Summer Digital_FY18,NinthDecimal,PHHXGK_TJN_HOM_008_Mobile_NINTHDECIMAL_CHILD_PROSPECTING_MOBILE APP_CUSTOM_DISPLAY_320X50_Run of Network_Behavioral_F25-54_320 x 50_Click and View_NV_NA,200587954,7/18/2017,165633,2395,163238,52585,110653,462,110191,106437,3754,53047,51240,157677
TJN_HOM_030_HomeGoods 2H Digital_F18,NinthDecimal,PJQ7N5_TJN_HOM_030_Mobile_NINTHDECIMAL_DST_SV1_MAP_DIR_RCH_TRG_RON_PXT_DMA_DVY_GEOFENCE: 2-MILE RADIUS AROUND URBAN STORES_Run of Network_Geo_F25-54_320 x 50_Click and View_NV_NA,204649945,9/11/2017,15953,332,15621,7677,7944,51,7893,7655,238,7728,7495,15150
TJN_HOM_030_HomeGoods 2H Digital_F18,xAd Inc.,PJQ7MG_TJN_HOM_030_Mobile_GROUND TRUTH FKA XAD_DST_SV1_MAP_DIR_DSP_TRG_RON_PXT_BTG_DVY_PROXIMITY LOYALTY - DYNAMIC DISTANCE_Run of Network_Geo_F25-54_320 x 50_Click and View_NV_NA,204626813,9/11/2017,34353,607,33746,24819,8927,1347,7580,6261,1319,26166,12915,19176
TJN_HOM_025_HomeGoods Digital Video_Q4FY18,Tremor Video Inc.,PK6F30_TJN_HOM_025_OLV_TREMOR NETWORK_AWR_BS1_CTV_DIR_VID_TRG_RON_PXT_CTG_DVY_ALL SCREEN PREROLL + PROXIMITYPLUS DWELL TIME TARGETING TO HOMEGOODS VISITORS CTV_Run of Network_Behavioral_F25-54_1280 x 720_Standard_NV_NA,205942131,10/19/2017,4592,0,4592,4592,0,0,0,0,0,4592,0,0
TJN_HOM_030_HomeGoods 2H Digital_F18,NinthDecimal,PJQ7N9_TJN_HOM_030_Mobile_NINTHDECIMAL_DST_SV1_MAP_DIR_RCH_TRG_RON_BTG_PXT_DVY_LOCATION GRAPH: TJX FAMILY LOYALISTS_Run of Network_Behavioral_F25-54_320 x 50_Click and View_NV_NA,204647917,10/9/2017,13438,220,13218,6591,6627,43,6584,6360,224,6634,6408,12768
TJN_HOM_013_HomeGoods FEP_Q3FY18,Discovery Digital Media,PHWLS5_TJN_HOM_013_Content_DISCOVERY NETWORKS_Full Episode Video Desktop_30s_FEP_Contextual_F25-54_1920 x 1080_Standard_NV_NA,201895013,9/25/2017,3383,113,3270,3270,0,0,0,0,0,3270,,
TJN_HOM_013_HomeGoods FEP_Q3FY18,Scripps Networks,PHNKCR_TJN_HOM_013_FEP_SCRIPPSNETWORKS.COM_On-site_Crossplatform_FEP_Demo_F25-54_1280 x 720_Standard_NV_NA,201888442,9/11/2017,2958,12,2946,2946,0,0,0,0,0,2946,,
TJN_HOM_030_HomeGoods 2H Digital_F18,xAd Inc.,PJQ7MH_TJN_HOM_030_Mobile_GROUND TRUTH FKA XAD_DST_SV1_MAP_DIR_DSP_TRG_RON_PXT_BTG_DVY_PROXIMITY LOYALTY - DYNAMIC DISTANCE_Run of Network_Geo_F25-54_300 x 250_Click and View_NV_NA,204675003,9/22/2017,14776,1137,13639,13622,17,1,16,5,11,13623,4257,4262
TJN_HOM_030_HomeGoods 2H Digital_F18,NinthDecimal,PJQ7NF_TJN_HOM_030_Mobile_NINTHDECIMAL_DST_SV1_MAP_DIR_RCH_TRG_RON_BTG_DMA_DVY_CONSUMER JOURNEY: HOME FURNISHINGS SHOPPERS_Run of Network_Behavioral_F25-54_320 x 50_Click and View_NV_NA,204626291,9/30/2017,23216,384,22832,8794,14038,47,13991,13640,351,8841,8619,22259
TJN_HOM_008_HomeGoods Summer Digital_FY18,xAd Inc.,PHHXGT_TJN_HOM_008_Mobile_XAD INC_CHILD_CONQUESTING_MOBILE APP_STANDARD_DISPLAY_320X50_GEO-FENCING_Run of Network_Geo_F25-54_320 x 50_Click and View_NV_NA,200573066,7/22/2017,30646,164,30482,23157,7325,75,7250,4766,2484,23232,15272,20038
TJN_HOM_013_HomeGoods FEP_Q3FY18,Discovery Digital Media,PHWLS6_TJN_HOM_013_Content_DISCOVERY NETWORKS_Full Episode Video Mobile App_30s_FEP_Contextual_F25-54_1920 x 1080_Standard_NV_NA,201891425,8/15/2017,14803,161,14642,14642,0,0,0,0,0,14642,,
TJN_HOM_030_HomeGoods 2H Digital_F18,xAd Inc.,PJQ7MK_TJN_HOM_030_Mobile_GROUND TRUTH FKA XAD_DST_SV1_MAP_DIR_DSP_TRG_RON_PXT_BTG_DVY_PROXIMITY LOYALTY - STORE LOCATOR UNIT_Run of Network_Geo_F25-54_300 x 250_Click and View_NV_NA,204625442,9/6/2017,639,9,630,85,545,9,536,517,19,94,91,608
TJN_HOM_030_HomeGoods 2H Digital_F18,xAd Inc.,PJQ7ML_TJN_HOM_030_Mobile_GROUND TRUTH FKA XAD_DST_SV1_MAP_DIR_DSP_TRG_RON_BTG_DMA_DVY_BEHAVIORAL - HOME SHOPPER - DYNAMIC DISTANCE_Run of Network_Behavioral_F25-54_320 x 50_Click and View_NV_NA,204626174,10/17/2017,6511,65,6446,4722,1724,51,1673,1313,360,4773,3651,4964
TJN_HOM_008_HomeGoods Summer Digital_FY18,Hulu,PHG79N_TJN_HOM_008_FEP_HULU_Masthead_SPONSORSHIP_CROSS DEVICE_CUSTOM_VIDEO_1X1_1X1_N/A_N/A_N/A_SITE_N/A_Roadblock_Demo_F25-54_1 x 1_Click and View_NV_NA,201462657,9/7/2017,20,0,20,20,0,0,0,0,0,20,19,19
TJN_HOM_030_HomeGoods 2H Digital_F18,xAd Inc.,PJQ7MN_TJN_HOM_030_Mobile_GROUND TRUTH FKA XAD_DST_SV1_MAP_DIR_DSP_TRG_RON_MKT_DMA_DVY_LOCATION - HOMEGOODS SHOPPERS - DYNAMIC DISTANCE_Run of Network_Geo_F25-54_320 x 50_Click and View_NV_NA,204651439,9/4/2017,3,0,3,0,3,0,3,3,0,0,0,3
TJN_HOM_030_HomeGoods 2H Digital_F18,xAd Inc.,PJQ7MG_TJN_HOM_030_Mobile_GROUND TRUTH FKA XAD_DST_SV1_MAP_DIR_DSP_TRG_RON_PXT_BTG_DVY_PROXIMITY LOYALTY - DYNAMIC DISTANCE_Run of Network_Geo_F25-54_320 x 50_Click and View_NV_NA,204626813,10/19/2017,56488,1037,55451,53403,2048,165,1883,1672,211,53568,43324,44996
TJN_HOM_030_HomeGoods 2H Digital_F18,NinthDecimal,PJQ7NG_TJN_HOM_030_Mobile_NINTHDECIMAL_DST_SV1_MAP_DIR_RCH_TRG_RON_BTG_DMA_DVY_CONSUMER JOURNEY: NEW HOME BUYERS & MOVERS_Run of Network_Behavioral_F25-54_320 x 50_Click and View_NV_NA,204625835,10/26/2017,6317,155,6162,352,5810,63,5747,5595,152,415,404,5999
TJN_HOM_030_HomeGoods 2H Digital_F18,xAd Inc.,PJQ7MM_TJN_HOM_030_Mobile_GROUND TRUTH FKA XAD_DST_SV1_MAP_DIR_DSP_TRG_RON_BTG_DMA_DVY_BEHAVIORAL - HOME SHOPPER- DYNAMIC DISTANCE_Run of Network_Behavioral_F25-54_300 x 250_Click and View_NV_NA,204626171,9/12/2017,5841,196,5645,5642,3,0,3,0,3,5642,0,0
TJN_HOM_013_HomeGoods FEP_Q3FY18,Discovery Digital Media,PHWLS8_TJN_HOM_013_Content_DISCOVERY NETWORKS_Full Episode Video Tablet Web_30s_FEP_Contextual_F25-54_1920 x 1080_Standard_NV_NA,201899695,9/2/2017,911,31,880,880,0,0,0,0,0,880,,
TJN_HOM_025_HomeGoods Digital Video_Q4FY18,Tremor Video Inc.,PK6DWD_TJN_HOM_025_OLV_TREMOR NETWORK_AWR_BS1_MAP_DIR_VID_TRG_RON_BTG_CTG_DVY_ALL SCREEN PREROLL + SOCIAL AFFINITY TARGETING TO W25-54 HOME ENTHUSIASTS MOB/TAB APP_Run of Network_Behavioral_F25-54_1280 x 720_Standard_NV_NA,205941321,11/2/2017,226388,132,226256,226254,2,0,2,0,2,226254,0,0
TJN_HOM_008_HomeGoods Summer Digital_FY18,xAd Inc.,PHHXGZ_TJN_HOM_008_Mobile_XAD INC_CHILD_LOYALTY_MOBILE APP_CUSTOM_RICH MEDIA_300X250_GEO-FENCING_Run of Network_Geo_F25-54_300 x 250_Click and View_NV_NA,200577158,8/19/2017,3463,63,3400,2680,720,23,697,672,25,2703,2606,3278
TJN_HOM_030_HomeGoods 2H Digital_F18,NinthDecimal,PJQ7NJ_TJN_HOM_030_Mobile_NINTHDECIMAL_DST_SV1_MAP_DIR_RCH_TRG_RON_BTG_DMA_DVY_CONSUMER JOURNEY: BARGAIN HUNTERS_Run of Network_Behavioral_F25-54_320 x 50_Click and View_NV_NA,204644353,10/22/2017,9009,107,8902,4707,4195,39,4156,4014,142,4746,4584,8598
TJN_HOM_008_HomeGoods Summer Digital_FY18,NinthDecimal,PHHXGK_TJN_HOM_008_Mobile_NINTHDECIMAL_CHILD_PROSPECTING_MOBILE APP_CUSTOM_DISPLAY_320X50_Run of Network_Behavioral_F25-54_320 x 50_Click and View_NV_NA,200587954,8/2/2017,12980,269,12711,5179,7532,73,7459,7184,275,5252,5058,12242
TJN_HOM_008_HomeGoods Summer Digital_FY18,NinthDecimal,Rolled-up Placements,N/A,7/11/2017,203266,2202,201064,66094,134970,604,134366,128064,6302,66698,63615,191679
TJN_HOM_030_HomeGoods 2H Digital_F18,NinthDecimal,PJQ7N5_TJN_HOM_030_Mobile_NINTHDECIMAL_DST_SV1_MAP_DIR_RCH_TRG_RON_PXT_DMA_DVY_GEOFENCE: 2-MILE RADIUS AROUND URBAN STORES_Run of Network_Geo_F25-54_320 x 50_Click and View_NV_NA,204649945,10/19/2017,7314,231,7083,3508,3575,38,3537,3443,94,3546,3452,6895
TJN_HOM_030_HomeGoods 2H Digital_F18,xAd Inc.,PJQ7MP_TJN_HOM_030_Mobile_GROUND TRUTH FKA XAD_DST_SV1_MAP_DIR_DSP_TRG_RON_MKT_DMA_DVY_LOCATION - HOMEGOODS SHOPPERS - DYNAMIC DISTANCE_Run of Network_Geo_F25-54_300 x 250_Click and View_NV_NA,204647878,10/29/2017,7322,131,7191,7191,0,0,0,0,0,7191,6446,6446
TJN_HOM_013_HomeGoods FEP_Q3FY18,Discovery Digital Media,PHWLS7_TJN_HOM_013_Content_DISCOVERY NETWORKS_Full Episode Video Mobile Web_30s_FEP_Contextual_F25-54_1920 x 1080_Standard_NV_NA,201895019,7/19/2017,990,4,986,986,0,0,0,0,0,986,,
TJN_HOM_008_HomeGoods Summer Digital_FY18,xAd Inc.,PHHXGT_TJN_HOM_008_Mobile_XAD INC_CHILD_CONQUESTING_MOBILE APP_STANDARD_DISPLAY_320X50_GEO-FENCING_Run of Network_Geo_F25-54_320 x 50_Click and View_NV_NA,200573066,8/23/2017,97705,1041,96664,56229,40435,175,40260,39933,327,56404,55946,95879
TJN_HOM_008_HomeGoods Summer Digital_FY18,Hulu,PHG79J_TJN_HOM_008_FEP_HULU_Branded Slate_ROS_CROSS DEVICE_PRE-ROLL_CUSTOM_VECTOR LOGO_1X1_AUDIENCE_N/A_N/A_SITE_N/A_Run of Site_Demo_F25-54_1 x 1_Click and View_NV_NA,201467345,7/27/2017,1205,7,1198,1198,0,0,0,0,0,1198,1106,1106
TJN_HOM_008_HomeGoods Summer Digital_FY18,Hulu,PHG79G_TJN_HOM_008_FEP_HULU_ROS Pre-roll_CROSS DEVICE_PRE-ROLL_VIDEO_1920X1080_VAST_AUDIENCE_N/A_N/A_3RD PARTY_N/A_Run of Site_Demo_F25-54_1920 x 1080_Standard_NV_NA,201466946,8/10/2017,37647,245,37402,37402,0,0,0,0,0,37402,32118,32118
TJN_HOM_008_HomeGoods Summer Digital_FY18,NinthDecimal,PHHXGN_TJN_HOM_008_Mobile_NINTHDECIMAL_CHILD_LUXURY SHOPPERS RETENTION_MOBILE APP_CUSTOM_DISPLAY_320X50_Run of Network_Behavioral_F25-54_320 x 50_Click and View_NV_NA,200582901,9/6/2017,3,1,2,1,1,1,0,0,0,2,2,2
TJN_HOM_030_HomeGoods 2H Digital_F18,NinthDecimal,PJQ7NJ_TJN_HOM_030_Mobile_NINTHDECIMAL_DST_SV1_MAP_DIR_RCH_TRG_RON_BTG_DMA_DVY_CONSUMER JOURNEY: BARGAIN HUNTERS_Run of Network_Behavioral_F25-54_320 x 50_Click and View_NV_NA,204644353,10/10/2017,8611,68,8543,4619,3924,28,3896,3762,134,4647,4487,8249
TJN_HOM_008_HomeGoods Summer Digital_FY18,Hulu,PHG79K_TJN_HOM_008_FEP_HULU_Summer TV Pre-roll_SPONSORSHIP_CROSS DEVICE_PRE-ROLL_VIDEO_1920X1080_VAST_N/A_N/A_N/A_3RD PARTY_N/A_Roadblock_Demo_F25-54_1920 x 1080_Standard_NV_NA,201466499,8/31/2017,124877,1168,123709,123709,0,0,0,0,0,123709,118831,118831
TJN_HOM_013_HomeGoods FEP_Q3FY18,Discovery Digital Media,PHWLS6_TJN_HOM_013_Content_DISCOVERY NETWORKS_Full Episode Video Mobile App_30s_FEP_Contextual_F25-54_1920 x 1080_Standard_NV_NA,201891425,8/13/2017,22000,145,21855,21855,0,0,0,0,0,21855,,
TJN_HOM_013_HomeGoods FEP_Q3FY18,Scripps Networks,PHNKCT_TJN_HOM_013_FEP_SCRIPPSNETWORKS.COM_TVE_Crossplatform_FEP_Demo_F25-54_1 x 1_Click and View_NV_NA,201878832,9/6/2017,1,0,1,1,0,0,0,0,0,1,,
TJN_HOM_030_HomeGoods 2H Digital_F18,NinthDecimal,PJQ7N9_TJN_HOM_030_Mobile_NINTHDECIMAL_DST_SV1_MAP_DIR_RCH_TRG_RON_BTG_PXT_DVY_LOCATION GRAPH: TJX FAMILY LOYALISTS_Run of Network_Behavioral_F25-54_320 x 50_Click and View_NV_NA,204647917,9/26/2017,4415,93,4322,1527,2795,10,2785,2684,101,1537,1481,4165
TJN_HOM_013_HomeGoods FEP_Q3FY18,Discovery Digital Media,PHWLS8_TJN_HOM_013_Content_DISCOVERY NETWORKS_Full Episode Video Tablet Web_30s_FEP_Contextual_F25-54_1920 x 1080_Standard_NV_NA,201899695,8/26/2017,903,9,894,894,0,0,0,0,0,894,,
TJN_HOM_030_HomeGoods 2H Digital_F18,xAd Inc.,PJQ7MS_TJN_HOM_030_Mobile_GROUND TRUTH FKA XAD_DST_SV1_MAP_DIR_DSP_TRG_RON_DMA_PXT_DVY_AV DMA TARGETING_Run of Network_Geo_F25-54_300 x 250_Click and View_NV_NA,204646501,10/22/2017,2113,27,2086,1290,796,13,783,505,278,1303,840,1345
TJN_HOM_030_HomeGoods 2H Digital_F18,xAd Inc.,PJQ7MP_TJN_HOM_030_Mobile_GROUND TRUTH FKA XAD_DST_SV1_MAP_DIR_DSP_TRG_RON_MKT_DMA_DVY_LOCATION - HOMEGOODS SHOPPERS - DYNAMIC DISTANCE_Run of Network_Geo_F25-54_300 x 250_Click and View_NV_NA,204647878,10/8/2017,7619,333,7286,7286,0,0,0,0,0,7286,7286,7286
TJN_HOM_025_HomeGoods Digital Video_Q4FY18,Tremor Video Inc.,PK1FYM_TJN_HOM_025_OLV_TREMOR NETWORK_AWR_BS1_DSK_DIR_VID_TRG_RON_BTG_CTG_DVY_ALL SCREEN PREROLL + SOCIAL AFFINITY TARGETING TO W25-54 HOME ENTHUSIASTS DESKTOP_Run of Network_Behavioral_F25-54_1280 x 720_Standard_NV_NA,205941870,10/2/2017,238438,290,238148,75632,162516,1983,160533,34824,125709,77615,16837,51661
TJN_HOM_008_HomeGoods Summer Digital_FY18,xAd Inc.,PHHXH0_TJN_HOM_008_Mobile_XAD INC_STANDALONE_RON_MOBILE APP_STANDARD_DISPLAY_320X50_GEO-FENCING_Run of Network_Behavioral_F25-54_320 x 50_Click and View_NV_NA,200587948,8/11/2017,13416,175,13241,9670,3571,52,3519,2359,1160,9722,6517,8876
TJN_HOM_030_HomeGoods 2H Digital_F18,xAd Inc.,PJQ7MQ_TJN_HOM_030_Mobile_GROUND TRUTH FKA XAD_DST_SV1_MAP_DIR_DSP_TRG_RON_MKT_DMA_DVY_LOCATION - COMPETITOR SHOPPERS - DYNAMIC DISTANCE_Run of Network_Geo_F25-54_320 x 50_Click and View_NV_NA,204617210,10/2/2017,3,0,3,2,1,1,0,0,0,3,2,2
TJN_HOM_030_HomeGoods 2H Digital_F18,NinthDecimal,PJQ7NC_TJN_HOM_030_Mobile_NINTHDECIMAL_DST_SV1_MAP_DIR_RCH_TRG_RON_BTG_DMA_DVY_CONSUMER JOURNEY: DIYERS_Run of Network_Behavioral_F25-54_320 x 50_Click and View_NV_NA,204675009,10/5/2017,7472,164,7308,3880,3428,33,3395,3268,127,3913,3767,7035
TJN_HOM_008_HomeGoods Summer Digital_FY18,NinthDecimal,PHHXGM_TJN_HOM_008_Mobile_NINTHDECIMAL_CHILD_LUXURY SHOPPERS PROSPECTING_MOBILE APP_CUSTOM_DISPLAY_320X50_Run of Network_Behavioral_F25-54_320 x 50_Click and View_NV_NA,200581998,7/19/2017,33952,654,33298,10668,22630,102,22528,21819,709,10770,10431,32250
TJN_HOM_013_HomeGoods FEP_Q3FY18,Discovery Digital Media,PHWLS5_TJN_HOM_013_Content_DISCOVERY NETWORKS_Full Episode Video Desktop_30s_FEP_Contextual_F25-54_1920 x 1080_Standard_NV_NA,201895013,9/7/2017,3270,90,3180,3180,0,0,0,0,0,3180,,
TJN_HOM_008_HomeGoods Summer Digital_FY18,xAd Inc.,PHHXGX_TJN_HOM_008_Mobile_XAD INC_CHILD_LOCATION AUDIENCE-HOMEGOODS SHOPPERS_MOBILE APP_STANDARD_DISPLAY_300X250_Run of Network_Behavioral_F25-54_300 x 250_Click and View_NV_NA,200587524,7/31/2017,12474,876,11598,121,11477,11415,62,59,3,11536,10978,11037
TJN_HOM_030_HomeGoods 2H Digital_F18,xAd Inc.,PJQ7MQ_TJN_HOM_030_Mobile_GROUND TRUTH FKA XAD_DST_SV1_MAP_DIR_DSP_TRG_RON_MKT_DMA_DVY_LOCATION - COMPETITOR SHOPPERS - DYNAMIC DISTANCE_Run of Network_Geo_F25-54_320 x 50_Click and View_NV_NA,204617210,9/23/2017,13648,209,13439,10662,2777,591,2186,2054,132,11253,9589,11643
TJN_HOM_008_HomeGoods Summer Digital_FY18,Hulu,PHG79P_TJN_HOM_008_FEP_HULU_PageBrand_SPONSORSHIP_CROSS DEVICE_CUSTOM_VIDEO_1X1_1X1_N/A_N/A_N/A_SITE_N/A_Roadblock_Demo_F25-54_1 x 1_Click and View_NV_NA,201464250,7/20/2017,36,0,36,36,0,0,0,0,0,36,33,33
TJN_HOM_025_HomeGoods Digital Video_Q4FY18,Tremor Video Inc.,PK6DY1_TJN_HOM_025_OLV_TREMOR NETWORK_AWR_BS1_CTV_DIR_VID_TRG_RON_BTG_CTG_DVY_ALL SCREEN PREROLL + SOCIAL AFFINITY TARGETING TO W25-54 HOME ENTHUSIASTS CTV_Run of Network_Behavioral_F25-54_1280 x 720_Standard_NV_NA,205941318,10/1/2017,5470,6,5464,5464,0,0,0,0,0,5464,1248,1248
TJN_HOM_030_HomeGoods 2H Digital_F18,Nativo Inc.,PJQDHJ_TJN_HOM_030_Content_NATIVO FKA POST RLSE_DSI_BS2_MWB_DIR_NAD_ROT_RON_CTG_BTG_DVY_NATIVE DISPLAY UNIT FALLIDAYS_Run of Network_Contextual_F25-54_1 x 1_Click and View_NV_NA,206024352,10/6/2017,539251,28145,511106,2891,508215,36923,471292,161343,309949,39814,13630,174973
TJN_HOM_030_HomeGoods 2H Digital_F18,NinthDecimal,PJQ7NH_TJN_HOM_030_Mobile_NINTHDECIMAL_DST_SV1_MAP_DIR_RCH_TRG_RON_BTG_DMA_DVY_CONSUMER JOURNEY: PET SUPPLY SHOPPERS_Run of Network_Behavioral_F25-54_320 x 50_Click and View_NV_NA,204647914,10/2/2017,6522,156,6366,3023,3343,15,3328,3246,82,3038,2963,6209
TJN_HOM_030_HomeGoods 2H Digital_F18,NinthDecimal,PJQ7NC_TJN_HOM_030_Mobile_NINTHDECIMAL_DST_SV1_MAP_DIR_RCH_TRG_RON_BTG_DMA_DVY_CONSUMER JOURNEY: DIYERS_Run of Network_Behavioral_F25-54_320 x 50_Click and View_NV_NA,204675009,11/10/2017,5436,74,5362,544,4818,23,4795,4666,129,567,552,5218
TJN_HOM_030_HomeGoods 2H Digital_F18,NinthDecimal,PJQ7NH_TJN_HOM_030_Mobile_NINTHDECIMAL_DST_SV1_MAP_DIR_RCH_TRG_RON_BTG_DMA_DVY_CONSUMER JOURNEY: PET SUPPLY SHOPPERS_Run of Network_Behavioral_F25-54_320 x 50_Click and View_NV_NA,204647914,9/23/2017,7552,107,7445,2451,4994,32,4962,4790,172,2483,2397,7187
TJN_HOM_030_HomeGoods 2H Digital_F18,NinthDecimal,PJQ7N8_TJN_HOM_030_Mobile_NINTHDECIMAL_DST_SV1_MAP_DIR_RCH_TRG_RON_BTG_PXT_DVY_LOCATION GRAPH: HOMEGOODS LOYALISTS_Run of Network_Behavioral_F25-54_320 x 50_Click and View_NV_NA,204675012,10/7/2017,12436,169,12267,4727,7540,46,7494,7189,305,4773,4579,11768
TJN_HOM_008_HomeGoods Summer Digital_FY18,NinthDecimal,PHHXGP_TJN_HOM_008_Mobile_NINTHDECIMAL_CHILD_PET OWNERS PROSPECTING_MOBILE APP_CUSTOM_DISPLAY_320X50_Run of Network_Behavioral_F25-54_320 x 50_Click and View_NV_NA,200586375,7/31/2017,40038,504,39534,8181,31353,95,31258,30121,1137,8276,7975,38096
TJN_HOM_008_HomeGoods Summer Digital_FY18,Hulu,PHG79G_TJN_HOM_008_FEP_HULU_ROS Pre-roll_CROSS DEVICE_PRE-ROLL_VIDEO_1920X1080_VAST_AUDIENCE_N/A_N/A_3RD PARTY_N/A_Run of Site_Demo_F25-54_1920 x 1080_Standard_NV_NA,201466946,9/9/2017,26709,207,26502,26502,0,0,0,0,0,26502,25463,25463
TJN_HOM_013_HomeGoods FEP_Q3FY18,Scripps Networks,PHNKCT_TJN_HOM_013_FEP_SCRIPPSNETWORKS.COM_TVE_Crossplatform_FEP_Demo_F25-54_1 x 1_Click and View_NV_NA,201878832,8/11/2017,1153,6,1147,1147,0,0,0,0,0,1147,,
TJN_HOM_030_HomeGoods 2H Digital_F18,NinthDecimal,PJQ7N8_TJN_HOM_030_Mobile_NINTHDECIMAL_DST_SV1_MAP_DIR_RCH_TRG_RON_BTG_PXT_DVY_LOCATION GRAPH: HOMEGOODS LOYALISTS_Run of Network_Behavioral_F25-54_320 x 50_Click and View_NV_NA,204675012,9/8/2017,159,3,156,87,69,0,69,68,1,87,86,154
TJN_HOM_025_HomeGoods Digital Video_Q4FY18,Tremor Video Inc.,PK6F30_TJN_HOM_025_OLV_TREMOR NETWORK_AWR_BS1_CTV_DIR_VID_TRG_RON_PXT_CTG_DVY_ALL SCREEN PREROLL + PROXIMITYPLUS DWELL TIME TARGETING TO HOMEGOODS VISITORS CTV_Run of Network_Behavioral_F25-54_1280 x 720_Standard_NV_NA,205942131,10/30/2017,19468,0,19468,19468,0,0,0,0,0,19468,0,0
TJN_HOM_025_HomeGoods Digital Video_Q4FY18,Tremor Video Inc.,PK6DY1_TJN_HOM_025_OLV_TREMOR NETWORK_AWR_BS1_CTV_DIR_VID_TRG_RON_BTG_CTG_DVY_ALL SCREEN PREROLL + SOCIAL AFFINITY TARGETING TO W25-54 HOME ENTHUSIASTS CTV_Run of Network_Behavioral_F25-54_1280 x 720_Standard_NV_NA,205941318,10/2/2017,5228,7,5221,5221,0,0,0,0,0,5221,1590,1590
TJN_HOM_030_HomeGoods 2H Digital_F18,NinthDecimal,PJQ7NH_TJN_HOM_030_Mobile_NINTHDECIMAL_DST_SV1_MAP_DIR_RCH_TRG_RON_BTG_DMA_DVY_CONSUMER JOURNEY: PET SUPPLY SHOPPERS_Run of Network_Behavioral_F25-54_320 x 50_Click and View_NV_NA,204647914,10/1/2017,6598,132,6466,2855,3611,7,3604,3477,127,2862,2761,6238
TJN_HOM_030_HomeGoods 2H Digital_F18,xAd Inc.,PJQ7MJ_TJN_HOM_030_Mobile_GROUND TRUTH FKA XAD_DST_SV1_MAP_DIR_DSP_TRG_RON_PXT_BTG_DVY_PROXIMITY LOYALTY - STORE LOCATOR UNIT_Run of Network_Geo_F25-54_320 x 50_Click and View_NV_NA,204649939,9/26/2017,141338,3144,138194,88388,49806,1121,48685,45233,3452,89509,83162,128395
TJN_HOM_030_HomeGoods 2H Digital_F18,NinthDecimal,PJQ7NC_TJN_HOM_030_Mobile_NINTHDECIMAL_DST_SV1_MAP_DIR_RCH_TRG_RON_BTG_DMA_DVY_CONSUMER JOURNEY: DIYERS_Run of Network_Behavioral_F25-54_320 x 50_Click and View_NV_NA,204675009,10/24/2017,9760,194,9566,3810,5756,179,5577,5439,138,3989,3890,9329
TJN_HOM_008_HomeGoods Summer Digital_FY18,Hulu,Rolled-up Placements,N/A,7/5/2017,46712,663,46049,46049,0,0,0,0,0,46049,39906,39906
TJN_HOM_030_HomeGoods 2H Digital_F18,Nativo Inc.,PJQDHJ_TJN_HOM_030_Content_NATIVO FKA POST RLSE_DSI_BS2_MWB_DIR_NAD_ROT_RON_CTG_BTG_DVY_NATIVE DISPLAY UNIT FALLIDAYS_Run of Network_Contextual_F25-54_1 x 1_Click and View_NV_NA,206024352,10/11/2017,542890,26281,516609,1965,514644,29741,484903,175918,308985,31706,11503,187421
TJN_HOM_030_HomeGoods 2H Digital_F18,NinthDecimal,"PJQ7NK_TJN_HOM_030_Mobile_NINTHDECIMAL_DST_SV1_MAP_DIR_RCH_TRG_RON_BTG_DMA_DVY_TV TARGETING: HGTV, DIY NETWORK, BRAVO, TLC, FOOD NETWORK_Run of Network_Behavioral_F25-54_320 x 50_Click and View_NV_NA",204674553,9/16/2017,6741,165,6576,2041,4535,31,4504,4317,187,2072,1986,6303
TJN_HOM_008_HomeGoods Summer Digital_FY18,NinthDecimal,PHHXGQ_TJN_HOM_008_Mobile_NINTHDECIMAL_CHILD_PET OWNERS RETENTION_MOBILE APP_CUSTOM_DISPLAY_320X50_Run of Network_Behavioral_F25-54_320 x 50_Click and View_NV_NA,200578886,8/21/2017,4227,88,4139,676,3463,21,3442,3195,247,697,647,3842
TJN_HOM_013_HomeGoods FEP_Q3FY18,Discovery Digital Media,PHWLS9_TJN_HOM_013_Content_DISCOVERY NETWORKS_Full Episode Video OTT/CTV_30s_FEP_Contextual_F25-54_1920 x 1080_Standard_NV_NA,201891428,8/31/2017,12442,23,12419,12419,0,0,0,0,0,12419,,
TJN_HOM_008_HomeGoods Summer Digital_FY18,NinthDecimal,PHHXGN_TJN_HOM_008_Mobile_NINTHDECIMAL_CHILD_LUXURY SHOPPERS RETENTION_MOBILE APP_CUSTOM_DISPLAY_320X50_Run of Network_Behavioral_F25-54_320 x 50_Click and View_NV_NA,200582901,8/11/2017,4930,30,4900,636,4264,38,4226,3710,516,674,592,4302
TJN_HOM_025_HomeGoods Digital Video_Q4FY18,Tremor Video Inc.,PK1FYM_TJN_HOM_025_OLV_TREMOR NETWORK_AWR_BS1_DSK_DIR_VID_TRG_RON_BTG_CTG_DVY_ALL SCREEN PREROLL + SOCIAL AFFINITY TARGETING TO W25-54 HOME ENTHUSIASTS DESKTOP_Run of Network_Behavioral_F25-54_1280 x 720_Standard_NV_NA,205941870,10/1/2017,237309,170,237139,85101,152038,1678,150360,23083,127277,86779,13322,36405
TJN_HOM_008_HomeGoods Summer Digital_FY18,xAd Inc.,PHHXGR_TJN_HOM_008_Mobile_XAD INC_CHILD_LOYALTY_MOBILE APP_STANDARD_DISPLAY_320X50_GEO-FENCING_Run of Network_Geo_F25-54_320 x 50_Click and View_NV_NA,200587518,7/26/2017,38625,1205,37420,20991,16429,210,16219,11123,5096,21201,14540,25663
TJN_HOM_030_HomeGoods 2H Digital_F18,xAd Inc.,PJQ7MQ_TJN_HOM_030_Mobile_GROUND TRUTH FKA XAD_DST_SV1_MAP_DIR_DSP_TRG_RON_MKT_DMA_DVY_LOCATION - COMPETITOR SHOPPERS - DYNAMIC DISTANCE_Run of Network_Geo_F25-54_320 x 50_Click and View_NV_NA,204617210,10/1/2017,3,0,3,2,1,1,0,0,0,3,2,2
TJN_HOM_030_HomeGoods 2H Digital_F18,NinthDecimal,PJQ7ND_TJN_HOM_030_Mobile_NINTHDECIMAL_DST_SV1_MAP_DIR_RCH_TRG_RON_BTG_DMA_DVY_CONSUMER JOURNEY: HOUSEHOLD CEO_Run of Network_Behavioral_F25-54_320 x 50_Click and View_NV_NA,204626294,9/16/2017,10517,241,10276,2928,7348,27,7321,7163,158,2955,2891,10054
TJN_HOM_008_HomeGoods Summer Digital_FY18,xAd Inc.,PHHXGZ_TJN_HOM_008_Mobile_XAD INC_CHILD_LOYALTY_MOBILE APP_CUSTOM_RICH MEDIA_300X250_GEO-FENCING_Run of Network_Geo_F25-54_300 x 250_Click and View_NV_NA,200577158,8/15/2017,1303,25,1278,491,787,7,780,715,65,498,457,1172
TJN_HOM_030_HomeGoods 2H Digital_F18,xAd Inc.,PJQ7MM_TJN_HOM_030_Mobile_GROUND TRUTH FKA XAD_DST_SV1_MAP_DIR_DSP_TRG_RON_BTG_DMA_DVY_BEHAVIORAL - HOME SHOPPER- DYNAMIC DISTANCE_Run of Network_Behavioral_F25-54_300 x 250_Click and View_NV_NA,204626171,9/27/2017,51411,19507,31904,31680,224,12,212,176,36,31692,26284,26460
TJN_HOM_013_HomeGoods FEP_Q3FY18,Scripps Networks,PHNKCR_TJN_HOM_013_FEP_SCRIPPSNETWORKS.COM_On-site_Crossplatform_FEP_Demo_F25-54_1280 x 720_Standard_NV_NA,201888442,9/20/2017,3614,23,3591,3591,0,0,0,0,0,3591,,
TJN_HOM_030_HomeGoods 2H Digital_F18,NinthDecimal,PJQ7N8_TJN_HOM_030_Mobile_NINTHDECIMAL_DST_SV1_MAP_DIR_RCH_TRG_RON_BTG_PXT_DVY_LOCATION GRAPH: HOMEGOODS LOYALISTS_Run of Network_Behavioral_F25-54_320 x 50_Click and View_NV_NA,204675012,10/28/2017,21287,208,21079,588,20491,58,20433,19971,462,646,631,20602
TJN_HOM_030_HomeGoods 2H Digital_F18,xAd Inc.,PJQ7MG_TJN_HOM_030_Mobile_GROUND TRUTH FKA XAD_DST_SV1_MAP_DIR_DSP_TRG_RON_PXT_BTG_DVY_PROXIMITY LOYALTY - DYNAMIC DISTANCE_Run of Network_Geo_F25-54_320 x 50_Click and View_NV_NA,204626813,9/20/2017,37906,924,36982,23087,13895,4648,9247,7642,1605,27735,18280,25922
TJN_HOM_030_HomeGoods 2H Digital_F18,NinthDecimal,PJQ7ND_TJN_HOM_030_Mobile_NINTHDECIMAL_DST_SV1_MAP_DIR_RCH_TRG_RON_BTG_DMA_DVY_CONSUMER JOURNEY: HOUSEHOLD CEO_Run of Network_Behavioral_F25-54_320 x 50_Click and View_NV_NA,204626294,10/13/2017,9333,168,9165,4525,4640,27,4613,4453,160,4552,4394,8847
TJN_HOM_030_HomeGoods 2H Digital_F18,NinthDecimal,PJQ7ND_TJN_HOM_030_Mobile_NINTHDECIMAL_DST_SV1_MAP_DIR_RCH_TRG_RON_BTG_DMA_DVY_CONSUMER JOURNEY: HOUSEHOLD CEO_Run of Network_Behavioral_F25-54_320 x 50_Click and View_NV_NA,204626294,11/13/2017,4,0,4,2,2,0,2,2,0,2,2,4
TJN_HOM_030_HomeGoods 2H Digital_F18,xAd Inc.,PJQ7MP_TJN_HOM_030_Mobile_GROUND TRUTH FKA XAD_DST_SV1_MAP_DIR_DSP_TRG_RON_MKT_DMA_DVY_LOCATION - HOMEGOODS SHOPPERS - DYNAMIC DISTANCE_Run of Network_Geo_F25-54_300 x 250_Click and View_NV_NA,204647878,9/1/2017,8,0,8,0,8,0,8,8,0,0,0,8
TJN_HOM_030_HomeGoods 2H Digital_F18,NinthDecimal,PJQ7ND_TJN_HOM_030_Mobile_NINTHDECIMAL_DST_SV1_MAP_DIR_RCH_TRG_RON_BTG_DMA_DVY_CONSUMER JOURNEY: HOUSEHOLD CEO_Run of Network_Behavioral_F25-54_320 x 50_Click and View_NV_NA,204626294,9/13/2017,12641,235,12406,2646,9760,51,9709,9519,190,2697,2644,12163
TJN_HOM_030_HomeGoods 2H Digital_F18,xAd Inc.,PJQ7MJ_TJN_HOM_030_Mobile_GROUND TRUTH FKA XAD_DST_SV1_MAP_DIR_DSP_TRG_RON_PXT_BTG_DVY_PROXIMITY LOYALTY - STORE LOCATOR UNIT_Run of Network_Geo_F25-54_320 x 50_Click and View_NV_NA,204649939,11/12/2017,30225,457,29768,21159,8609,1120,7489,6713,776,22279,19970,26683
TJN_HOM_008_HomeGoods Summer Digital_FY18,Hulu,PHG79M_TJN_HOM_008_FEP_HULU_Premium Slate_CROSS DEVICE_PRE-ROLL_CUSTOM_VECTOR LOGO_1X1_N/A_N/A_N/A_SITE_N/A_Roadblock_Demo_F25-54_1 x 1_Click and View_NV_NA,201466502,8/5/2017,80771,642,80129,80129,0,0,0,0,0,80129,67749,67749
TJN_HOM_008_HomeGoods Summer Digital_FY18,Hulu,PHG79N_TJN_HOM_008_FEP_HULU_Masthead_SPONSORSHIP_CROSS DEVICE_CUSTOM_VIDEO_1X1_1X1_N/A_N/A_N/A_SITE_N/A_Roadblock_Demo_F25-54_1 x 1_Click and View_NV_NA,201462657,7/30/2017,54483,377,54106,54106,0,0,0,0,0,54106,47554,47554
TJN_HOM_030_HomeGoods 2H Digital_F18,NinthDecimal,PJQ7NC_TJN_HOM_030_Mobile_NINTHDECIMAL_DST_SV1_MAP_DIR_RCH_TRG_RON_BTG_DMA_DVY_CONSUMER JOURNEY: DIYERS_Run of Network_Behavioral_F25-54_320 x 50_Click and View_NV_NA,204675009,10/17/2017,9402,170,9232,5050,4182,18,4164,4056,108,5068,4937,8993
TJN_HOM_030_HomeGoods 2H Digital_F18,xAd Inc.,PJQ7MK_TJN_HOM_030_Mobile_GROUND TRUTH FKA XAD_DST_SV1_MAP_DIR_DSP_TRG_RON_PXT_BTG_DVY_PROXIMITY LOYALTY - STORE LOCATOR UNIT_Run of Network_Geo_F25-54_300 x 250_Click and View_NV_NA,204625442,10/16/2017,2401,65,2336,22,2314,14,2300,2163,137,36,34,2197
TJN_HOM_030_HomeGoods 2H Digital_F18,NinthDecimal,PJQ7N5_TJN_HOM_030_Mobile_NINTHDECIMAL_DST_SV1_MAP_DIR_RCH_TRG_RON_PXT_DMA_DVY_GEOFENCE: 2-MILE RADIUS AROUND URBAN STORES_Run of Network_Geo_F25-54_320 x 50_Click and View_NV_NA,204649945,10/30/2017,2154,28,2126,143,1983,12,1971,1916,55,155,151,2067
TJN_HOM_013_HomeGoods FEP_Q3FY18,Discovery Digital Media,PHWLS6_TJN_HOM_013_Content_DISCOVERY NETWORKS_Full Episode Video Mobile App_30s_FEP_Contextual_F25-54_1920 x 1080_Standard_NV_NA,201891425,8/19/2017,20034,176,19858,19858,0,0,0,0,0,19858,,
TJN_HOM_030_HomeGoods 2H Digital_F18,xAd Inc.,PJQ7MG_TJN_HOM_030_Mobile_GROUND TRUTH FKA XAD_DST_SV1_MAP_DIR_DSP_TRG_RON_PXT_BTG_DVY_PROXIMITY LOYALTY - DYNAMIC DISTANCE_Run of Network_Geo_F25-54_320 x 50_Click and View_NV_NA,204626813,10/30/2017,60930,873,60057,56425,3632,720,2912,2585,327,57145,37056,39641
TJN_HOM_008_HomeGoods Summer Digital_FY18,Hulu,PHG79K_TJN_HOM_008_FEP_HULU_Summer TV Pre-roll_SPONSORSHIP_CROSS DEVICE_PRE-ROLL_VIDEO_1920X1080_VAST_N/A_N/A_N/A_3RD PARTY_N/A_Roadblock_Demo_F25-54_1920 x 1080_Standard_NV_NA,201466499,7/27/2017,144599,1572,143027,143027,0,0,0,0,0,143027,132049,132049
TJN_HOM_030_HomeGoods 2H Digital_F18,NinthDecimal,"PJQ7NK_TJN_HOM_030_Mobile_NINTHDECIMAL_DST_SV1_MAP_DIR_RCH_TRG_RON_BTG_DMA_DVY_TV TARGETING: HGTV, DIY NETWORK, BRAVO, TLC, FOOD NETWORK_Run of Network_Behavioral_F25-54_320 x 50_Click and View_NV_NA",204674553,10/13/2017,8945,117,8828,4638,4190,56,4134,3934,200,4694,4467,8401
TJN_HOM_013_HomeGoods FEP_Q3FY18,Discovery Digital Media,Rolled-up Placements,N/A,7/14/2017,37291,269,37022,37022,0,0,0,0,0,37022,,
TJN_HOM_030_HomeGoods 2H Digital_F18,NinthDecimal,PJQ7N5_TJN_HOM_030_Mobile_NINTHDECIMAL_DST_SV1_MAP_DIR_RCH_TRG_RON_PXT_DMA_DVY_GEOFENCE: 2-MILE RADIUS AROUND URBAN STORES_Run of Network_Geo_F25-54_320 x 50_Click and View_NV_NA,204649945,9/20/2017,17127,517,16610,8094,8516,46,8470,8184,286,8140,7865,16049
TJN_HOM_030_HomeGoods 2H Digital_F18,NinthDecimal,PJQ7NF_TJN_HOM_030_Mobile_NINTHDECIMAL_DST_SV1_MAP_DIR_RCH_TRG_RON_BTG_DMA_DVY_CONSUMER JOURNEY: HOME FURNISHINGS SHOPPERS_Run of Network_Behavioral_F25-54_320 x 50_Click and View_NV_NA,204626291,9/17/2017,10228,238,9990,2479,7511,25,7486,7318,168,2504,2448,9766
TJN_HOM_008_HomeGoods Summer Digital_FY18,xAd Inc.,PHHXGT_TJN_HOM_008_Mobile_XAD INC_CHILD_CONQUESTING_MOBILE APP_STANDARD_DISPLAY_320X50_GEO-FENCING_Run of Network_Geo_F25-54_320 x 50_Click and View_NV_NA,200573066,8/25/2017,90694,1062,89632,50142,39490,291,39199,38765,434,50433,49875,88640
TJN_HOM_030_HomeGoods 2H Digital_F18,NinthDecimal,"PJQ7NK_TJN_HOM_030_Mobile_NINTHDECIMAL_DST_SV1_MAP_DIR_RCH_TRG_RON_BTG_DMA_DVY_TV TARGETING: HGTV, DIY NETWORK, BRAVO, TLC, FOOD NETWORK_Run of Network_Behavioral_F25-54_320 x 50_Click and View_NV_NA",204674553,11/13/2017,2,0,2,1,1,0,1,1,0,1,1,2
TJN_HOM_030_HomeGoods 2H Digital_F18,NinthDecimal,"PJQ7NK_TJN_HOM_030_Mobile_NINTHDECIMAL_DST_SV1_MAP_DIR_RCH_TRG_RON_BTG_DMA_DVY_TV TARGETING: HGTV, DIY NETWORK, BRAVO, TLC, FOOD NETWORK_Run of Network_Behavioral_F25-54_320 x 50_Click and View_NV_NA",204674553,9/13/2017,9463,158,9305,1990,7315,40,7275,7062,213,2030,1971,9033
TJN_HOM_008_HomeGoods Summer Digital_FY18,Hulu,PHG79J_TJN_HOM_008_FEP_HULU_Branded Slate_ROS_CROSS DEVICE_PRE-ROLL_CUSTOM_VECTOR LOGO_1X1_AUDIENCE_N/A_N/A_SITE_N/A_Run of Site_Demo_F25-54_1 x 1_Click and View_NV_NA,201467345,8/31/2017,1524,11,1513,1513,0,0,0,0,0,1513,1453,1453
TJN_HOM_030_HomeGoods 2H Digital_F18,Nativo Inc.,PK87W8_TJN_HOM_030_Content_NATIVO FKA POST RLSE_DSI_BS2_MWB_DIR_NAD_ROT_RON_CTG_BTG_DVY_NATIVE DISPLAY UNIT FALL TRENDS_Run of Network_Contextual_F25-54_1 x 1_Click and View_NV_NA,206137761,10/12/2017,181962,7382,174580,1418,173162,11525,161637,56356,105281,12943,4513,60869
TJN_HOM_008_HomeGoods Summer Digital_FY18,Hulu,PHG79M_TJN_HOM_008_FEP_HULU_Premium Slate_CROSS DEVICE_PRE-ROLL_CUSTOM_VECTOR LOGO_1X1_N/A_N/A_N/A_SITE_N/A_Roadblock_Demo_F25-54_1 x 1_Click and View_NV_NA,201466502,8/18/2017,380737,2675,378062,378062,0,0,0,0,0,378062,333339,333339
TJN_HOM_008_HomeGoods Summer Digital_FY18,xAd Inc.,PHHXGT_TJN_HOM_008_Mobile_XAD INC_CHILD_CONQUESTING_MOBILE APP_STANDARD_DISPLAY_320X50_GEO-FENCING_Run of Network_Geo_F25-54_320 x 50_Click and View_NV_NA,200573066,7/25/2017,19259,238,19021,10726,8295,94,8201,5435,2766,10820,7171,12606
TJN_HOM_008_HomeGoods Summer Digital_FY18,xAd Inc.,PHHXGZ_TJN_HOM_008_Mobile_XAD INC_CHILD_LOYALTY_MOBILE APP_CUSTOM_RICH MEDIA_300X250_GEO-FENCING_Run of Network_Geo_F25-54_300 x 250_Click and View_NV_NA,200577158,8/13/2017,1493,23,1470,1131,339,2,337,311,26,1133,1046,1357
TJN_HOM_030_HomeGoods 2H Digital_F18,NinthDecimal,PJQ7ND_TJN_HOM_030_Mobile_NINTHDECIMAL_DST_SV1_MAP_DIR_RCH_TRG_RON_BTG_DMA_DVY_CONSUMER JOURNEY: HOUSEHOLD CEO_Run of Network_Behavioral_F25-54_320 x 50_Click and View_NV_NA,204626294,9/19/2017,8848,186,8662,2538,6124,34,6090,5956,134,2572,2515,8471
TJN_HOM_030_HomeGoods 2H Digital_F18,xAd Inc.,PJQ7MJ_TJN_HOM_030_Mobile_GROUND TRUTH FKA XAD_DST_SV1_MAP_DIR_DSP_TRG_RON_PXT_BTG_DVY_PROXIMITY LOYALTY - STORE LOCATOR UNIT_Run of Network_Geo_F25-54_320 x 50_Click and View_NV_NA,204649939,10/9/2017,16387,371,16016,7787,8229,90,8139,7537,602,7877,7294,14831
TJN_HOM_025_HomeGoods Digital Video_Q4FY18,Tremor Video Inc.,PK6DWD_TJN_HOM_025_OLV_TREMOR NETWORK_AWR_BS1_MAP_DIR_VID_TRG_RON_BTG_CTG_DVY_ALL SCREEN PREROLL + SOCIAL AFFINITY TARGETING TO W25-54 HOME ENTHUSIASTS MOB/TAB APP_Run of Network_Behavioral_F25-54_1280 x 720_Standard_NV_NA,205941321,11/9/2017,365927,183,365744,364710,1034,6,1028,512,516,364716,181648,182160
TJN_HOM_030_HomeGoods 2H Digital_F18,NinthDecimal,"PJQ7NK_TJN_HOM_030_Mobile_NINTHDECIMAL_DST_SV1_MAP_DIR_RCH_TRG_RON_BTG_DMA_DVY_TV TARGETING: HGTV, DIY NETWORK, BRAVO, TLC, FOOD NETWORK_Run of Network_Behavioral_F25-54_320 x 50_Click and View_NV_NA",204674553,9/19/2017,5353,100,5253,1496,3757,32,3725,3567,158,1528,1463,5030
TJN_HOM_030_HomeGoods 2H Digital_F18,NinthDecimal,PJQ7NG_TJN_HOM_030_Mobile_NINTHDECIMAL_DST_SV1_MAP_DIR_RCH_TRG_RON_BTG_DMA_DVY_CONSUMER JOURNEY: NEW HOME BUYERS & MOVERS_Run of Network_Behavioral_F25-54_320 x 50_Click and View_NV_NA,204625835,11/5/2017,4624,58,4566,405,4161,15,4146,4044,102,420,410,4454
TJN_HOM_030_HomeGoods 2H Digital_F18,xAd Inc.,PJQ7MS_TJN_HOM_030_Mobile_GROUND TRUTH FKA XAD_DST_SV1_MAP_DIR_DSP_TRG_RON_DMA_PXT_DVY_AV DMA TARGETING_Run of Network_Geo_F25-54_300 x 250_Click and View_NV_NA,204646501,9/16/2017,8121,111,8010,4241,3769,2281,1488,1162,326,6522,5093,6255
TJN_HOM_030_HomeGoods 2H Digital_F18,NinthDecimal,PJQ7NG_TJN_HOM_030_Mobile_NINTHDECIMAL_DST_SV1_MAP_DIR_RCH_TRG_RON_BTG_DMA_DVY_CONSUMER JOURNEY: NEW HOME BUYERS & MOVERS_Run of Network_Behavioral_F25-54_320 x 50_Click and View_NV_NA,204625835,9/7/2017,6382,116,6266,3276,2990,11,2979,2911,68,3287,3212,6123
TJN_HOM_008_HomeGoods Summer Digital_FY18,Hulu,PHG79K_TJN_HOM_008_FEP_HULU_Summer TV Pre-roll_SPONSORSHIP_CROSS DEVICE_PRE-ROLL_VIDEO_1920X1080_VAST_N/A_N/A_N/A_3RD PARTY_N/A_Roadblock_Demo_F25-54_1920 x 1080_Standard_NV_NA,201466499,7/17/2017,141967,1549,140418,140418,0,0,0,0,0,140418,130692,130692
TJN_HOM_008_HomeGoods Summer Digital_FY18,xAd Inc.,PHHXGY_TJN_HOM_008_Mobile_XAD INC_CHILD_LOYALTY_MOBILE APP_CUSTOM_RICH MEDIA_320X50_GEO-FENCING_Run of Network_Geo_F25-54_320 x 50_Click and View_NV_NA,200584630,9/4/2017,24364,163,24201,9676,14525,56,14469,14448,21,9732,9718,24166
TJN_HOM_008_HomeGoods Summer Digital_FY18,NinthDecimal,PHHXGL_TJN_HOM_008_Mobile_NINTHDECIMAL_CHILD_RETENTION_MOBILE APP_CUSTOM_DISPLAY_320X50_Run of Network_Behavioral_F25-54_320 x 50_Click and View_NV_NA,200585092,7/21/2017,4298,35,4263,1119,3144,26,3118,2878,240,1145,1057,3935
TJN_HOM_030_HomeGoods 2H Digital_F18,xAd Inc.,PJQ7MK_TJN_HOM_030_Mobile_GROUND TRUTH FKA XAD_DST_SV1_MAP_DIR_DSP_TRG_RON_PXT_BTG_DVY_PROXIMITY LOYALTY - STORE LOCATOR UNIT_Run of Network_Geo_F25-54_300 x 250_Click and View_NV_NA,204625442,10/31/2017,6201,970,5231,443,4788,16,4772,4599,173,459,442,5041
TJN_HOM_008_HomeGoods Summer Digital_FY18,xAd Inc.,PHHXGV_TJN_HOM_008_Mobile_XAD INC_CHILD_CONQUESTING_MOBILE APP_STANDARD_DISPLAY_300X250_GEO-FENCING_Run of Network_Geo_F25-54_300 x 250_Click and View_NV_NA,200573063,8/12/2017,12122,10729,1393,109,1284,1147,137,123,14,1256,1128,1251
TJN_HOM_008_HomeGoods Summer Digital_FY18,xAd Inc.,PHHXGZ_TJN_HOM_008_Mobile_XAD INC_CHILD_LOYALTY_MOBILE APP_CUSTOM_RICH MEDIA_300X250_GEO-FENCING_Run of Network_Geo_F25-54_300 x 250_Click and View_NV_NA,200577158,8/1/2017,2347,39,2308,806,1502,13,1489,1419,70,819,780,2199
TJN_HOM_030_HomeGoods 2H Digital_F18,xAd Inc.,PJQ7ML_TJN_HOM_030_Mobile_GROUND TRUTH FKA XAD_DST_SV1_MAP_DIR_DSP_TRG_RON_BTG_DMA_DVY_BEHAVIORAL - HOME SHOPPER - DYNAMIC DISTANCE_Run of Network_Behavioral_F25-54_320 x 50_Click and View_NV_NA,204626174,9/18/2017,15414,242,15172,8529,6643,2836,3807,3477,330,11365,10433,13910
TJN_HOM_025_HomeGoods Digital Video_Q4FY18,Tremor Video Inc.,PK1FYN_TJN_HOM_025_OLV_TREMOR NETWORK_AWR_BS1_DSK_DIR_VID_TRG_RON_PXT_CTG_DVY_ALL SCREEN PREROLL + PROXIMITYPLUS DWELL TIME TARGETING TO HOMEGOODS VISITORS DESKTOP_Run of Network_Behavioral_F25-54_1280 x 720_Standard_NV_NA,205941312,10/23/2017,19996,8,19988,7396,12592,264,12328,10873,1455,7660,6756,17629
TJN_HOM_008_HomeGoods Summer Digital_FY18,Hulu,PHG79J_TJN_HOM_008_FEP_HULU_Branded Slate_ROS_CROSS DEVICE_PRE-ROLL_CUSTOM_VECTOR LOGO_1X1_AUDIENCE_N/A_N/A_SITE_N/A_Run of Site_Demo_F25-54_1 x 1_Click and View_NV_NA,201467345,7/28/2017,1158,15,1143,1143,0,0,0,0,0,1143,1043,1043
TJN_HOM_008_HomeGoods Summer Digital_FY18,xAd Inc.,Rolled-up Placements,N/A,6/27/2017,18952,3166,15786,11446,4340,2700,1640,1287,353,14146,11232,12519
TJN_HOM_008_HomeGoods Summer Digital_FY18,xAd Inc.,PHHXGZ_TJN_HOM_008_Mobile_XAD INC_CHILD_LOYALTY_MOBILE APP_CUSTOM_RICH MEDIA_300X250_GEO-FENCING_Run of Network_Geo_F25-54_300 x 250_Click and View_NV_NA,200577158,7/29/2017,10667,236,10431,10429,2,0,2,0,2,10429,0,0
TJN_HOM_030_HomeGoods 2H Digital_F18,xAd Inc.,PJQ7MK_TJN_HOM_030_Mobile_GROUND TRUTH FKA XAD_DST_SV1_MAP_DIR_DSP_TRG_RON_PXT_BTG_DVY_PROXIMITY LOYALTY - STORE LOCATOR UNIT_Run of Network_Geo_F25-54_300 x 250_Click and View_NV_NA,204625442,9/30/2017,3,1,2,2,0,0,0,0,0,2,2,2
TJN_HOM_013_HomeGoods FEP_Q3FY18,Scripps Networks,PHNKCR_TJN_HOM_013_FEP_SCRIPPSNETWORKS.COM_On-site_Crossplatform_FEP_Demo_F25-54_1280 x 720_Standard_NV_NA,201888442,8/2/2017,2111,9,2102,2102,0,0,0,0,0,2102,,
TJN_HOM_013_HomeGoods FEP_Q3FY18,Discovery Digital Media,PHWLS9_TJN_HOM_013_Content_DISCOVERY NETWORKS_Full Episode Video OTT/CTV_30s_FEP_Contextual_F25-54_1920 x 1080_Standard_NV_NA,201891428,9/1/2017,13560,24,13536,13536,0,0,0,0,0,13536,,
TJN_HOM_008_HomeGoods Summer Digital_FY18,xAd Inc.,PHHXGY_TJN_HOM_008_Mobile_XAD INC_CHILD_LOYALTY_MOBILE APP_CUSTOM_RICH MEDIA_320X50_GEO-FENCING_Run of Network_Geo_F25-54_320 x 50_Click and View_NV_NA,200584630,8/14/2017,23596,340,23256,13187,10069,116,9953,9677,276,13303,12934,22611
TJN_HOM_008_HomeGoods Summer Digital_FY18,NinthDecimal,PHHXGQ_TJN_HOM_008_Mobile_NINTHDECIMAL_CHILD_PET OWNERS RETENTION_MOBILE APP_CUSTOM_DISPLAY_320X50_Run of Network_Behavioral_F25-54_320 x 50_Click and View_NV_NA,200578886,7/24/2017,1649,73,1576,257,1319,1,1318,1248,70,258,244,1492
TJN_HOM_030_HomeGoods 2H Digital_F18,NinthDecimal,PJQ7NG_TJN_HOM_030_Mobile_NINTHDECIMAL_DST_SV1_MAP_DIR_RCH_TRG_RON_BTG_DMA_DVY_CONSUMER JOURNEY: NEW HOME BUYERS & MOVERS_Run of Network_Behavioral_F25-54_320 x 50_Click and View_NV_NA,204625835,10/27/2017,11632,122,11510,552,10958,39,10919,10583,336,591,573,11156
TJN_HOM_030_HomeGoods 2H Digital_F18,NinthDecimal,PJQ7NJ_TJN_HOM_030_Mobile_NINTHDECIMAL_DST_SV1_MAP_DIR_RCH_TRG_RON_BTG_DMA_DVY_CONSUMER JOURNEY: BARGAIN HUNTERS_Run of Network_Behavioral_F25-54_320 x 50_Click and View_NV_NA,204644353,9/16/2017,9813,207,9606,3062,6544,43,6501,6327,174,3105,3022,9349
TJN_HOM_013_HomeGoods FEP_Q3FY18,Discovery Digital Media,PHWLS7_TJN_HOM_013_Content_DISCOVERY NETWORKS_Full Episode Video Mobile Web_30s_FEP_Contextual_F25-54_1920 x 1080_Standard_NV_NA,201895019,7/26/2017,960,8,952,952,0,0,0,0,0,952,,
TJN_HOM_013_HomeGoods FEP_Q3FY18,Scripps Networks,PHNKCT_TJN_HOM_013_FEP_SCRIPPSNETWORKS.COM_TVE_Crossplatform_FEP_Demo_F25-54_1 x 1_Click and View_NV_NA,201878832,9/30/2017,1307,4,1303,1303,0,0,0,0,0,1303,,
TJN_HOM_013_HomeGoods FEP_Q3FY18,Discovery Digital Media,PHWLS5_TJN_HOM_013_Content_DISCOVERY NETWORKS_Full Episode Video Desktop_30s_FEP_Contextual_F25-54_1920 x 1080_Standard_NV_NA,201895013,8/23/2017,3729,107,3622,3622,0,0,0,0,0,3622,,
TJN_HOM_030_HomeGoods 2H Digital_F18,xAd Inc.,PJQ7MJ_TJN_HOM_030_Mobile_GROUND TRUTH FKA XAD_DST_SV1_MAP_DIR_DSP_TRG_RON_PXT_BTG_DVY_PROXIMITY LOYALTY - STORE LOCATOR UNIT_Run of Network_Geo_F25-54_320 x 50_Click and View_NV_NA,204649939,10/19/2017,4215,139,4076,1463,2613,31,2582,2465,117,1494,1426,3891
TJN_HOM_030_HomeGoods 2H Digital_F18,xAd Inc.,PJQ7MJ_TJN_HOM_030_Mobile_GROUND TRUTH FKA XAD_DST_SV1_MAP_DIR_DSP_TRG_RON_PXT_BTG_DVY_PROXIMITY LOYALTY - STORE LOCATOR UNIT_Run of Network_Geo_F25-54_320 x 50_Click and View_NV_NA,204649939,9/11/2017,15139,320,14819,8610,6209,105,6104,5663,441,8715,8085,13748
TJN_HOM_030_HomeGoods 2H Digital_F18,NinthDecimal,PJQ7N6_TJN_HOM_030_Mobile_NINTHDECIMAL_DST_SV1_MAP_DIR_RCH_TRG_RON_PXT_DMA_DVY_GEOFENCE: 5-10-MILE RADIUS AROUND SUBURBAN STORES_Run of Network_Geo_F25-54_320 x 50_Click and View_NV_NA,204646507,9/22/2017,57791,1587,56204,28894,27310,137,27173,26535,638,29031,28349,54884
TJN_HOM_013_HomeGoods FEP_Q3FY18,Discovery Digital Media,PHWLS7_TJN_HOM_013_Content_DISCOVERY NETWORKS_Full Episode Video Mobile Web_30s_FEP_Contextual_F25-54_1920 x 1080_Standard_NV_NA,201895019,9/12/2017,857,12,845,845,0,0,0,0,0,845,,
TJN_HOM_013_HomeGoods FEP_Q3FY18,Discovery Digital Media,PHWLS9_TJN_HOM_013_Content_DISCOVERY NETWORKS_Full Episode Video OTT/CTV_30s_FEP_Contextual_F25-54_1920 x 1080_Standard_NV_NA,201891428,7/28/2017,11671,20,11651,11651,0,0,0,0,0,11651,,
TJN_HOM_008_HomeGoods Summer Digital_FY18,Hulu,PHG79J_TJN_HOM_008_FEP_HULU_Branded Slate_ROS_CROSS DEVICE_PRE-ROLL_CUSTOM_VECTOR LOGO_1X1_AUDIENCE_N/A_N/A_SITE_N/A_Run of Site_Demo_F25-54_1 x 1_Click and View_NV_NA,201467345,9/1/2017,7248,41,7207,7207,0,0,0,0,0,7207,6890,6890
TJN_HOM_030_HomeGoods 2H Digital_F18,NinthDecimal,PJQ7NH_TJN_HOM_030_Mobile_NINTHDECIMAL_DST_SV1_MAP_DIR_RCH_TRG_RON_BTG_DMA_DVY_CONSUMER JOURNEY: PET SUPPLY SHOPPERS_Run of Network_Behavioral_F25-54_320 x 50_Click and View_NV_NA,204647914,10/3/2017,3200,104,3096,2243,853,9,844,806,38,2252,2151,2957
TJN_HOM_008_HomeGoods Summer Digital_FY18,Hulu,PHG79N_TJN_HOM_008_FEP_HULU_Masthead_SPONSORSHIP_CROSS DEVICE_CUSTOM_VIDEO_1X1_1X1_N/A_N/A_N/A_SITE_N/A_Roadblock_Demo_F25-54_1 x 1_Click and View_NV_NA,201462657,7/25/2017,36017,287,35730,35730,0,0,0,0,0,35730,32433,32433
TJN_HOM_008_HomeGoods Summer Digital_FY18,xAd Inc.,PHHXH0_TJN_HOM_008_Mobile_XAD INC_STANDALONE_RON_MOBILE APP_STANDARD_DISPLAY_320X50_GEO-FENCING_Run of Network_Behavioral_F25-54_320 x 50_Click and View_NV_NA,200587948,8/24/2017,251714,2650,249064,138859,110205,656,109549,108433,1116,139515,138094,246527
TJN_HOM_013_HomeGoods FEP_Q3FY18,Discovery Digital Media,PHWLS6_TJN_HOM_013_Content_DISCOVERY NETWORKS_Full Episode Video Mobile App_30s_FEP_Contextual_F25-54_1920 x 1080_Standard_NV_NA,201891425,8/8/2017,25842,214,25628,25628,0,0,0,0,0,25628,,
TJN_HOM_030_HomeGoods 2H Digital_F18,xAd Inc.,PJQ7MS_TJN_HOM_030_Mobile_GROUND TRUTH FKA XAD_DST_SV1_MAP_DIR_DSP_TRG_RON_DMA_PXT_DVY_AV DMA TARGETING_Run of Network_Geo_F25-54_300 x 250_Click and View_NV_NA,204646501,9/19/2017,8073,196,7877,5567,2310,694,1616,1017,599,6261,2584,3601
TJN_HOM_013_HomeGoods FEP_Q3FY18,Discovery Digital Media,PHWLS5_TJN_HOM_013_Content_DISCOVERY NETWORKS_Full Episode Video Desktop_30s_FEP_Contextual_F25-54_1920 x 1080_Standard_NV_NA,201895013,7/22/2017,2581,52,2529,2529,0,0,0,0,0,2529,,
TJN_HOM_030_HomeGoods 2H Digital_F18,NinthDecimal,PJQ7NJ_TJN_HOM_030_Mobile_NINTHDECIMAL_DST_SV1_MAP_DIR_RCH_TRG_RON_BTG_DMA_DVY_CONSUMER JOURNEY: BARGAIN HUNTERS_Run of Network_Behavioral_F25-54_320 x 50_Click and View_NV_NA,204644353,11/13/2017,3,1,2,2,0,0,0,0,0,2,2,2
TJN_HOM_030_HomeGoods 2H Digital_F18,NinthDecimal,PJQ7NJ_TJN_HOM_030_Mobile_NINTHDECIMAL_DST_SV1_MAP_DIR_RCH_TRG_RON_BTG_DMA_DVY_CONSUMER JOURNEY: BARGAIN HUNTERS_Run of Network_Behavioral_F25-54_320 x 50_Click and View_NV_NA,204644353,9/13/2017,12421,223,12198,2758,9440,50,9390,9212,178,2808,2755,11967
TJN_HOM_030_HomeGoods 2H Digital_F18,xAd Inc.,PJQ7MQ_TJN_HOM_030_Mobile_GROUND TRUTH FKA XAD_DST_SV1_MAP_DIR_DSP_TRG_RON_MKT_DMA_DVY_LOCATION - COMPETITOR SHOPPERS - DYNAMIC DISTANCE_Run of Network_Geo_F25-54_320 x 50_Click and View_NV_NA,204617210,10/3/2017,3,2,1,1,0,0,0,0,0,1,1,1
TJN_HOM_030_HomeGoods 2H Digital_F18,NinthDecimal,PJQ7NJ_TJN_HOM_030_Mobile_NINTHDECIMAL_DST_SV1_MAP_DIR_RCH_TRG_RON_BTG_DMA_DVY_CONSUMER JOURNEY: BARGAIN HUNTERS_Run of Network_Behavioral_F25-54_320 x 50_Click and View_NV_NA,204644353,10/13/2017,9788,159,9629,4945,4684,44,4640,4484,156,4989,4821,9305
TJN_HOM_008_HomeGoods Summer Digital_FY18,Hulu,PHG79M_TJN_HOM_008_FEP_HULU_Premium Slate_CROSS DEVICE_PRE-ROLL_CUSTOM_VECTOR LOGO_1X1_N/A_N/A_N/A_SITE_N/A_Roadblock_Demo_F25-54_1 x 1_Click and View_NV_NA,201466502,8/28/2017,72062,522,71540,71540,0,0,0,0,0,71540,69482,69482
TJN_HOM_025_HomeGoods Digital Video_Q4FY18,Tremor Video Inc.,PK6DY1_TJN_HOM_025_OLV_TREMOR NETWORK_AWR_BS1_CTV_DIR_VID_TRG_RON_BTG_CTG_DVY_ALL SCREEN PREROLL + SOCIAL AFFINITY TARGETING TO W25-54 HOME ENTHUSIASTS CTV_Run of Network_Behavioral_F25-54_1280 x 720_Standard_NV_NA,205941318,10/25/2017,9454,0,9454,9454,0,0,0,0,0,9454,399,399
TJN_HOM_030_HomeGoods 2H Digital_F18,NinthDecimal,PJQ7N6_TJN_HOM_030_Mobile_NINTHDECIMAL_DST_SV1_MAP_DIR_RCH_TRG_RON_PXT_DMA_DVY_GEOFENCE: 5-10-MILE RADIUS AROUND SUBURBAN STORES_Run of Network_Geo_F25-54_320 x 50_Click and View_NV_NA,204646507,10/23/2017,10143,246,9897,5563,4334,41,4293,4179,114,5604,5455,9634
TJN_HOM_025_HomeGoods Digital Video_Q4FY18,Tremor Video Inc.,PK1FYM_TJN_HOM_025_OLV_TREMOR NETWORK_AWR_BS1_DSK_DIR_VID_TRG_RON_BTG_CTG_DVY_ALL SCREEN PREROLL + SOCIAL AFFINITY TARGETING TO W25-54 HOME ENTHUSIASTS DESKTOP_Run of Network_Behavioral_F25-54_1280 x 720_Standard_NV_NA,205941870,10/3/2017,230532,203,230329,78825,151504,1610,149894,20649,129245,80435,11081,31730
TJN_HOM_030_HomeGoods 2H Digital_F18,NinthDecimal,PJQ7NB_TJN_HOM_030_Mobile_NINTHDECIMAL_DST_SV1_MAP_DIR_RCH_TRG_RON_BTG_PXT_DVY_LOCATION GRAPH: COMPETITIVE CONQUESTING_Run of Network_Behavioral_F25-54_320 x 50_Click and View_NV_NA,204649942,9/27/2017,5404,100,5304,2153,3151,10,3141,3046,95,2163,2098,5144
TJN_HOM_008_HomeGoods Summer Digital_FY18,NinthDecimal,PHHXGN_TJN_HOM_008_Mobile_NINTHDECIMAL_CHILD_LUXURY SHOPPERS RETENTION_MOBILE APP_CUSTOM_DISPLAY_320X50_Run of Network_Behavioral_F25-54_320 x 50_Click and View_NV_NA,200582901,8/20/2017,2702,25,2677,416,2261,16,2245,2044,201,432,393,2437
TJN_HOM_030_HomeGoods 2H Digital_F18,xAd Inc.,PJQ7MR_TJN_HOM_030_Mobile_GROUND TRUTH FKA XAD_DST_SV1_MAP_DIR_DSP_TRG_RON_MKT_DMA_DVY_LOCATION - COMPETITOR SHOPPERS - DYNAMIC DISTANCE_Run of Network_Geo_F25-54_300 x 250_Click and View_NV_NA,204647890,10/21/2017,7239,73,7166,7166,0,0,0,0,0,7166,6418,6418
TJN_HOM_030_HomeGoods 2H Digital_F18,NinthDecimal,PJQ7NH_TJN_HOM_030_Mobile_NINTHDECIMAL_DST_SV1_MAP_DIR_RCH_TRG_RON_BTG_DMA_DVY_CONSUMER JOURNEY: PET SUPPLY SHOPPERS_Run of Network_Behavioral_F25-54_320 x 50_Click and View_NV_NA,204647914,10/25/2017,8132,134,7998,2036,5962,214,5748,5534,214,2250,2166,7700
TJN_HOM_030_HomeGoods 2H Digital_F18,NinthDecimal,PJQ7NF_TJN_HOM_030_Mobile_NINTHDECIMAL_DST_SV1_MAP_DIR_RCH_TRG_RON_BTG_DMA_DVY_CONSUMER JOURNEY: HOME FURNISHINGS SHOPPERS_Run of Network_Behavioral_F25-54_320 x 50_Click and View_NV_NA,204626291,9/6/2017,3751,98,3653,795,2858,13,2845,2816,29,808,800,3616
TJN_HOM_030_HomeGoods 2H Digital_F18,NinthDecimal,PJQ7N7_TJN_HOM_030_Mobile_NINTHDECIMAL_DST_SV1_MAP_DIR_RCH_TRG_RON_PXT_DMA_DVY_GEOFENCE: 15-20-MILE RADIUS AROUND RURAL STORES_Run of Network_Geo_F25-54_320 x 50_Click and View_NV_NA,204674556,10/15/2017,8957,128,8829,5498,3331,353,2978,2892,86,5851,5682,8574
TJN_HOM_030_HomeGoods 2H Digital_F18,NinthDecimal,PJQ7N6_TJN_HOM_030_Mobile_NINTHDECIMAL_DST_SV1_MAP_DIR_RCH_TRG_RON_PXT_DMA_DVY_GEOFENCE: 5-10-MILE RADIUS AROUND SUBURBAN STORES_Run of Network_Geo_F25-54_320 x 50_Click and View_NV_NA,204646507,9/24/2017,13768,307,13461,6140,7321,35,7286,7130,156,6175,6043,13173
TJN_HOM_013_HomeGoods FEP_Q3FY18,Scripps Networks,PHNKCR_TJN_HOM_013_FEP_SCRIPPSNETWORKS.COM_On-site_Crossplatform_FEP_Demo_F25-54_1280 x 720_Standard_NV_NA,201888442,7/18/2017,14218,92,14126,14126,0,0,0,0,0,14126,,
TJN_HOM_030_HomeGoods 2H Digital_F18,xAd Inc.,PJQ7MR_TJN_HOM_030_Mobile_GROUND TRUTH FKA XAD_DST_SV1_MAP_DIR_DSP_TRG_RON_MKT_DMA_DVY_LOCATION - COMPETITOR SHOPPERS - DYNAMIC DISTANCE_Run of Network_Geo_F25-54_300 x 250_Click and View_NV_NA,204647890,9/9/2017,4863,67,4796,4796,0,0,0,0,0,4796,4111,4111
TJN_HOM_008_HomeGoods Summer Digital_FY18,xAd Inc.,PHHXH0_TJN_HOM_008_Mobile_XAD INC_STANDALONE_RON_MOBILE APP_STANDARD_DISPLAY_320X50_GEO-FENCING_Run of Network_Behavioral_F25-54_320 x 50_Click and View_NV_NA,200587948,8/20/2017,928260,14681,913579,451005,462574,24305,438269,326693,111576,475310,354304,680997
TJN_HOM_030_HomeGoods 2H Digital_F18,NinthDecimal,PJQ7N9_TJN_HOM_030_Mobile_NINTHDECIMAL_DST_SV1_MAP_DIR_RCH_TRG_RON_BTG_PXT_DVY_LOCATION GRAPH: TJX FAMILY LOYALISTS_Run of Network_Behavioral_F25-54_320 x 50_Click and View_NV_NA,204647917,9/20/2017,3218,72,3146,1262,1884,10,1874,1802,72,1272,1223,3025
TJN_HOM_008_HomeGoods Summer Digital_FY18,xAd Inc.,PHHXGT_TJN_HOM_008_Mobile_XAD INC_CHILD_CONQUESTING_MOBILE APP_STANDARD_DISPLAY_320X50_GEO-FENCING_Run of Network_Geo_F25-54_320 x 50_Click and View_NV_NA,200573066,7/30/2017,36959,452,36507,19448,17059,301,16758,12439,4319,19749,14659,27098
TJN_HOM_030_HomeGoods 2H Digital_F18,NinthDecimal,PJQ7N8_TJN_HOM_030_Mobile_NINTHDECIMAL_DST_SV1_MAP_DIR_RCH_TRG_RON_BTG_PXT_DVY_LOCATION GRAPH: HOMEGOODS LOYALISTS_Run of Network_Behavioral_F25-54_320 x 50_Click and View_NV_NA,204675012,11/8/2017,9445,90,9355,314,9041,25,9016,8773,243,339,330,9103
TJN_HOM_008_HomeGoods Summer Digital_FY18,Hulu,PHG79K_TJN_HOM_008_FEP_HULU_Summer TV Pre-roll_SPONSORSHIP_CROSS DEVICE_PRE-ROLL_VIDEO_1920X1080_VAST_N/A_N/A_N/A_3RD PARTY_N/A_Roadblock_Demo_F25-54_1920 x 1080_Standard_NV_NA,201466499,8/22/2017,127008,1048,125960,125960,0,0,0,0,0,125960,120346,120346
TJN_HOM_030_HomeGoods 2H Digital_F18,xAd Inc.,PJQ7MS_TJN_HOM_030_Mobile_GROUND TRUTH FKA XAD_DST_SV1_MAP_DIR_DSP_TRG_RON_DMA_PXT_DVY_AV DMA TARGETING_Run of Network_Geo_F25-54_300 x 250_Click and View_NV_NA,204646501,11/13/2017,2,0,2,2,0,0,0,0,0,2,1,1
TJN_HOM_030_HomeGoods 2H Digital_F18,xAd Inc.,PJQ7MS_TJN_HOM_030_Mobile_GROUND TRUTH FKA XAD_DST_SV1_MAP_DIR_DSP_TRG_RON_DMA_PXT_DVY_AV DMA TARGETING_Run of Network_Geo_F25-54_300 x 250_Click and View_NV_NA,204646501,9/13/2017,8487,211,8276,2718,5558,1811,3747,3328,419,4529,4023,7351
TJN_HOM_030_HomeGoods 2H Digital_F18,NinthDecimal,PJQ7NJ_TJN_HOM_030_Mobile_NINTHDECIMAL_DST_SV1_MAP_DIR_RCH_TRG_RON_BTG_DMA_DVY_CONSUMER JOURNEY: BARGAIN HUNTERS_Run of Network_Behavioral_F25-54_320 x 50_Click and View_NV_NA,204644353,9/19/2017,8244,197,8047,3131,4916,31,4885,4740,145,3162,3068,7808
TJN_HOM_013_HomeGoods FEP_Q3FY18,Discovery Digital Media,PHWLS5_TJN_HOM_013_Content_DISCOVERY NETWORKS_Full Episode Video Desktop_30s_FEP_Contextual_F25-54_1920 x 1080_Standard_NV_NA,201895013,7/23/2017,2791,37,2754,2754,0,0,0,0,0,2754,,
TJN_HOM_030_HomeGoods 2H Digital_F18,xAd Inc.,PJQ7MQ_TJN_HOM_030_Mobile_GROUND TRUTH FKA XAD_DST_SV1_MAP_DIR_DSP_TRG_RON_MKT_DMA_DVY_LOCATION - COMPETITOR SHOPPERS - DYNAMIC DISTANCE_Run of Network_Geo_F25-54_320 x 50_Click and View_NV_NA,204617210,10/25/2017,10272,112,10160,9339,821,41,780,372,408,9380,1665,2037
TJN_HOM_025_HomeGoods Digital Video_Q4FY18,Tremor Video Inc.,PK1FYM_TJN_HOM_025_OLV_TREMOR NETWORK_AWR_BS1_DSK_DIR_VID_TRG_RON_BTG_CTG_DVY_ALL SCREEN PREROLL + SOCIAL AFFINITY TARGETING TO W25-54 HOME ENTHUSIASTS DESKTOP_Run of Network_Behavioral_F25-54_1280 x 720_Standard_NV_NA,205941870,10/25/2017,481,88,393,245,148,8,140,72,68,253,130,202
TJN_HOM_025_HomeGoods Digital Video_Q4FY18,Tremor Video Inc.,PK6DY1_TJN_HOM_025_OLV_TREMOR NETWORK_AWR_BS1_CTV_DIR_VID_TRG_RON_BTG_CTG_DVY_ALL SCREEN PREROLL + SOCIAL AFFINITY TARGETING TO W25-54 HOME ENTHUSIASTS CTV_Run of Network_Behavioral_F25-54_1280 x 720_Standard_NV_NA,205941318,10/3/2017,4676,3,4673,4673,0,0,0,0,0,4673,939,939
TJN_HOM_008_HomeGoods Summer Digital_FY18,Hulu,PHG79P_TJN_HOM_008_FEP_HULU_PageBrand_SPONSORSHIP_CROSS DEVICE_CUSTOM_VIDEO_1X1_1X1_N/A_N/A_N/A_SITE_N/A_Roadblock_Demo_F25-54_1 x 1_Click and View_NV_NA,201464250,9/3/2017,1,0,1,1,0,0,0,0,0,1,1,1
TJN_HOM_008_HomeGoods Summer Digital_FY18,NinthDecimal,PHHXGN_TJN_HOM_008_Mobile_NINTHDECIMAL_CHILD_LUXURY SHOPPERS RETENTION_MOBILE APP_CUSTOM_DISPLAY_320X50_Run of Network_Behavioral_F25-54_320 x 50_Click and View_NV_NA,200582901,8/24/2017,1565,37,1528,269,1259,11,1248,1136,112,280,255,1391
TJN_HOM_008_HomeGoods Summer Digital_FY18,NinthDecimal,PHHXGL_TJN_HOM_008_Mobile_NINTHDECIMAL_CHILD_RETENTION_MOBILE APP_CUSTOM_DISPLAY_320X50_Run of Network_Behavioral_F25-54_320 x 50_Click and View_NV_NA,200585092,8/10/2017,20027,171,19856,2707,17149,61,17088,16302,786,2768,2641,18943
TJN_HOM_030_HomeGoods 2H Digital_F18,NinthDecimal,PJQ7N9_TJN_HOM_030_Mobile_NINTHDECIMAL_DST_SV1_MAP_DIR_RCH_TRG_RON_BTG_PXT_DVY_LOCATION GRAPH: TJX FAMILY LOYALISTS_Run of Network_Behavioral_F25-54_320 x 50_Click and View_NV_NA,204647917,10/30/2017,4132,20,4112,204,3908,16,3892,3771,121,220,213,3984
TJN_HOM_030_HomeGoods 2H Digital_F18,xAd Inc.,PJQ7MS_TJN_HOM_030_Mobile_GROUND TRUTH FKA XAD_DST_SV1_MAP_DIR_DSP_TRG_RON_DMA_PXT_DVY_AV DMA TARGETING_Run of Network_Geo_F25-54_300 x 250_Click and View_NV_NA,204646501,10/13/2017,589,9,580,451,129,5,124,107,17,456,393,500
TJN_HOM_008_HomeGoods Summer Digital_FY18,Hulu,PHG79N_TJN_HOM_008_FEP_HULU_Masthead_SPONSORSHIP_CROSS DEVICE_CUSTOM_VIDEO_1X1_1X1_N/A_N/A_N/A_SITE_N/A_Roadblock_Demo_F25-54_1 x 1_Click and View_NV_NA,201462657,8/25/2017,109312,838,108474,108474,0,0,0,0,0,108474,104833,104833
TJN_HOM_030_HomeGoods 2H Digital_F18,xAd Inc.,PJQ7MJ_TJN_HOM_030_Mobile_GROUND TRUTH FKA XAD_DST_SV1_MAP_DIR_DSP_TRG_RON_PXT_BTG_DVY_PROXIMITY LOYALTY - STORE LOCATOR UNIT_Run of Network_Geo_F25-54_320 x 50_Click and View_NV_NA,204649939,10/1/2017,2,0,2,2,0,0,0,0,0,2,2,2
TJN_HOM_030_HomeGoods 2H Digital_F18,NinthDecimal,PJQ7NH_TJN_HOM_030_Mobile_NINTHDECIMAL_DST_SV1_MAP_DIR_RCH_TRG_RON_BTG_DMA_DVY_CONSUMER JOURNEY: PET SUPPLY SHOPPERS_Run of Network_Behavioral_F25-54_320 x 50_Click and View_NV_NA,204647914,9/26/2017,7533,134,7399,2595,4804,33,4771,4628,143,2628,2549,7177
TJN_HOM_030_HomeGoods 2H Digital_F18,NinthDecimal,PJQ7N8_TJN_HOM_030_Mobile_NINTHDECIMAL_DST_SV1_MAP_DIR_RCH_TRG_RON_BTG_PXT_DVY_LOCATION GRAPH: HOMEGOODS LOYALISTS_Run of Network_Behavioral_F25-54_320 x 50_Click and View_NV_NA,204675012,10/29/2017,12035,151,11884,319,11565,37,11528,11168,360,356,345,11513
TJN_HOM_008_HomeGoods Summer Digital_FY18,Hulu,PHG79N_TJN_HOM_008_FEP_HULU_Masthead_SPONSORSHIP_CROSS DEVICE_CUSTOM_VIDEO_1X1_1X1_N/A_N/A_N/A_SITE_N/A_Roadblock_Demo_F25-54_1 x 1_Click and View_NV_NA,201462657,8/10/2017,178620,1457,177163,177163,0,0,0,0,0,177163,152136,152136
TJN_HOM_008_HomeGoods Summer Digital_FY18,NinthDecimal,PHHXGL_TJN_HOM_008_Mobile_NINTHDECIMAL_CHILD_RETENTION_MOBILE APP_CUSTOM_DISPLAY_320X50_Run of Network_Behavioral_F25-54_320 x 50_Click and View_NV_NA,200585092,8/25/2017,9861,72,9789,1210,8579,33,8546,8137,409,1243,1184,9321
TJN_HOM_030_HomeGoods 2H Digital_F18,xAd Inc.,PJQ7MN_TJN_HOM_030_Mobile_GROUND TRUTH FKA XAD_DST_SV1_MAP_DIR_DSP_TRG_RON_MKT_DMA_DVY_LOCATION - HOMEGOODS SHOPPERS - DYNAMIC DISTANCE_Run of Network_Geo_F25-54_320 x 50_Click and View_NV_NA,204651439,9/16/2017,9701,98,9603,7561,2042,1254,788,745,43,8815,7487,8232
TJN_HOM_030_HomeGoods 2H Digital_F18,xAd Inc.,PJQ7MQ_TJN_HOM_030_Mobile_GROUND TRUTH FKA XAD_DST_SV1_MAP_DIR_DSP_TRG_RON_MKT_DMA_DVY_LOCATION - COMPETITOR SHOPPERS - DYNAMIC DISTANCE_Run of Network_Geo_F25-54_320 x 50_Click and View_NV_NA,204617210,9/26/2017,87309,1709,85600,56556,29044,1759,27285,21204,6081,58315,41569,62773
TJN_HOM_013_HomeGoods FEP_Q3FY18,Discovery Digital Media,PHWLS5_TJN_HOM_013_Content_DISCOVERY NETWORKS_Full Episode Video Desktop_30s_FEP_Contextual_F25-54_1920 x 1080_Standard_NV_NA,201895013,9/9/2017,2958,64,2894,2894,0,0,0,0,0,2894,,
TJN_HOM_008_HomeGoods Summer Digital_FY18,xAd Inc.,PHHXGV_TJN_HOM_008_Mobile_XAD INC_CHILD_CONQUESTING_MOBILE APP_STANDARD_DISPLAY_300X250_GEO-FENCING_Run of Network_Geo_F25-54_300 x 250_Click and View_NV_NA,200573063,9/4/2017,48689,1182,47507,1284,46223,46206,17,12,5,47490,33593,33605
TJN_HOM_008_HomeGoods Summer Digital_FY18,NinthDecimal,PHHXGL_TJN_HOM_008_Mobile_NINTHDECIMAL_CHILD_RETENTION_MOBILE APP_CUSTOM_DISPLAY_320X50_Run of Network_Behavioral_F25-54_320 x 50_Click and View_NV_NA,200585092,7/25/2017,12255,435,11820,2980,8840,24,8816,8401,415,3004,2863,11264
TJN_HOM_030_HomeGoods 2H Digital_F18,xAd Inc.,PJQ7MH_TJN_HOM_030_Mobile_GROUND TRUTH FKA XAD_DST_SV1_MAP_DIR_DSP_TRG_RON_PXT_BTG_DVY_PROXIMITY LOYALTY - DYNAMIC DISTANCE_Run of Network_Geo_F25-54_300 x 250_Click and View_NV_NA,204675003,9/17/2017,14360,765,13595,13574,21,3,18,4,14,13577,3017,3021
TJN_HOM_025_HomeGoods Digital Video_Q4FY18,Tremor Video Inc.,PK1FYN_TJN_HOM_025_OLV_TREMOR NETWORK_AWR_BS1_DSK_DIR_VID_TRG_RON_PXT_CTG_DVY_ALL SCREEN PREROLL + PROXIMITYPLUS DWELL TIME TARGETING TO HOMEGOODS VISITORS DESKTOP_Run of Network_Behavioral_F25-54_1280 x 720_Standard_NV_NA,205941312,10/16/2017,57992,132,57860,19972,37888,1130,36758,32250,4508,21102,18514,50764
TJN_HOM_030_HomeGoods 2H Digital_F18,NinthDecimal,PJQ7NC_TJN_HOM_030_Mobile_NINTHDECIMAL_DST_SV1_MAP_DIR_RCH_TRG_RON_BTG_DMA_DVY_CONSUMER JOURNEY: DIYERS_Run of Network_Behavioral_F25-54_320 x 50_Click and View_NV_NA,204675009,9/29/2017,2626,76,2550,1068,1482,7,1475,1451,24,1075,1058,2509
TJN_HOM_008_HomeGoods Summer Digital_FY18,xAd Inc.,PHHXGY_TJN_HOM_008_Mobile_XAD INC_CHILD_LOYALTY_MOBILE APP_CUSTOM_RICH MEDIA_320X50_GEO-FENCING_Run of Network_Geo_F25-54_320 x 50_Click and View_NV_NA,200584630,8/12/2017,22530,232,22298,15464,6834,254,6580,6360,220,15718,15192,21552
TJN_HOM_030_HomeGoods 2H Digital_F18,NinthDecimal,PJQ7NG_TJN_HOM_030_Mobile_NINTHDECIMAL_DST_SV1_MAP_DIR_RCH_TRG_RON_BTG_DMA_DVY_CONSUMER JOURNEY: NEW HOME BUYERS & MOVERS_Run of Network_Behavioral_F25-54_320 x 50_Click and View_NV_NA,204625835,10/4/2017,7219,99,7120,3327,3793,46,3747,3537,210,3373,3184,6721
TJN_HOM_030_HomeGoods 2H Digital_F18,NinthDecimal,PJQ7N8_TJN_HOM_030_Mobile_NINTHDECIMAL_DST_SV1_MAP_DIR_RCH_TRG_RON_BTG_PXT_DVY_LOCATION GRAPH: HOMEGOODS LOYALISTS_Run of Network_Behavioral_F25-54_320 x 50_Click and View_NV_NA,204675012,10/8/2017,11784,172,11612,4545,7067,59,7008,6759,249,4604,4440,11199
TJN_HOM_008_HomeGoods Summer Digital_FY18,xAd Inc.,PHHXGW_TJN_HOM_008_Mobile_XAD INC_CHILD_LOCATION AUDIENCE-HOMEGOODS SHOPPERS_MOBILE APP_STANDARD_DISPLAY_320X50_Run of Network_Behavioral_F25-54_320 x 50_Click and View_NV_NA,200585089,8/21/2017,28349,332,28017,16916,11101,299,10802,9864,938,17215,15720,25584
TJN_HOM_030_HomeGoods 2H Digital_F18,NinthDecimal,PJQ7N5_TJN_HOM_030_Mobile_NINTHDECIMAL_DST_SV1_MAP_DIR_RCH_TRG_RON_PXT_DMA_DVY_GEOFENCE: 2-MILE RADIUS AROUND URBAN STORES_Run of Network_Geo_F25-54_320 x 50_Click and View_NV_NA,204649945,10/18/2017,7285,193,7092,3600,3492,37,3455,3352,103,3637,3529,6881
TJN_HOM_008_HomeGoods Summer Digital_FY18,Hulu,PHG79J_TJN_HOM_008_FEP_HULU_Branded Slate_ROS_CROSS DEVICE_PRE-ROLL_CUSTOM_VECTOR LOGO_1X1_AUDIENCE_N/A_N/A_SITE_N/A_Run of Site_Demo_F25-54_1 x 1_Click and View_NV_NA,201467345,8/29/2017,2183,20,2163,2163,0,0,0,0,0,2163,2083,2083
TJN_HOM_030_HomeGoods 2H Digital_F18,xAd Inc.,PJQ7MG_TJN_HOM_030_Mobile_GROUND TRUTH FKA XAD_DST_SV1_MAP_DIR_DSP_TRG_RON_PXT_BTG_DVY_PROXIMITY LOYALTY - DYNAMIC DISTANCE_Run of Network_Geo_F25-54_320 x 50_Click and View_NV_NA,204626813,10/18/2017,55801,1114,54687,53148,1539,195,1344,1080,264,53343,39980,41060
TJN_HOM_008_HomeGoods Summer Digital_FY18,Hulu,PHG79G_TJN_HOM_008_FEP_HULU_ROS Pre-roll_CROSS DEVICE_PRE-ROLL_VIDEO_1920X1080_VAST_AUDIENCE_N/A_N/A_3RD PARTY_N/A_Run of Site_Demo_F25-54_1920 x 1080_Standard_NV_NA,201466946,9/7/2017,33055,209,32846,32846,0,0,0,0,0,32846,31534,31534
TJN_HOM_030_HomeGoods 2H Digital_F18,xAd Inc.,PJQ7MJ_TJN_HOM_030_Mobile_GROUND TRUTH FKA XAD_DST_SV1_MAP_DIR_DSP_TRG_RON_PXT_BTG_DVY_PROXIMITY LOYALTY - STORE LOCATOR UNIT_Run of Network_Geo_F25-54_320 x 50_Click and View_NV_NA,204649939,10/2/2017,2,0,2,1,1,1,0,0,0,2,2,2
TJN_HOM_030_HomeGoods 2H Digital_F18,NinthDecimal,PJQ7N7_TJN_HOM_030_Mobile_NINTHDECIMAL_DST_SV1_MAP_DIR_RCH_TRG_RON_PXT_DMA_DVY_GEOFENCE: 15-20-MILE RADIUS AROUND RURAL STORES_Run of Network_Geo_F25-54_320 x 50_Click and View_NV_NA,204674556,9/25/2017,14519,322,14197,5994,8203,35,8168,8005,163,6029,5909,13914
TJN_HOM_008_HomeGoods Summer Digital_FY18,xAd Inc.,PHHXGV_TJN_HOM_008_Mobile_XAD INC_CHILD_CONQUESTING_MOBILE APP_STANDARD_DISPLAY_300X250_GEO-FENCING_Run of Network_Geo_F25-54_300 x 250_Click and View_NV_NA,200573063,8/14/2017,13398,5793,7605,558,7047,6888,159,148,11,7446,6931,7079
TJN_HOM_030_HomeGoods 2H Digital_F18,NinthDecimal,PJQ7N7_TJN_HOM_030_Mobile_NINTHDECIMAL_DST_SV1_MAP_DIR_RCH_TRG_RON_PXT_DMA_DVY_GEOFENCE: 15-20-MILE RADIUS AROUND RURAL STORES_Run of Network_Geo_F25-54_320 x 50_Click and View_NV_NA,204674556,11/6/2017,66484,1141,65343,4350,60993,278,60715,58918,1797,4628,4491,63409
TJN_HOM_025_HomeGoods Digital Video_Q4FY18,Tremor Video Inc.,PK6DYV_TJN_HOM_025_OLV_TREMOR NETWORK_AWR_BS1_MAP_DIR_VID_TRG_RON_PXT_CTG_DVY_ALL SCREEN PREROLL + PROXIMITYPLUS DWELL TIME TARGETING TO HOMEGOODS VISITORS MOB/TAB APP_Run of Network_Behavioral_F25-54_1280 x 720_Standard_NV_NA,205859075,10/17/2017,110367,880,109487,109405,82,3,79,77,2,109408,106638,106715
TJN_HOM_030_HomeGoods 2H Digital_F18,NinthDecimal,PJQ7N7_TJN_HOM_030_Mobile_NINTHDECIMAL_DST_SV1_MAP_DIR_RCH_TRG_RON_PXT_DMA_DVY_GEOFENCE: 15-20-MILE RADIUS AROUND RURAL STORES_Run of Network_Geo_F25-54_320 x 50_Click and View_NV_NA,204674556,11/4/2017,5860,97,5763,1073,4690,21,4669,4547,122,1094,1065,5612
TJN_HOM_030_HomeGoods 2H Digital_F18,xAd Inc.,PJQ7MJ_TJN_HOM_030_Mobile_GROUND TRUTH FKA XAD_DST_SV1_MAP_DIR_DSP_TRG_RON_PXT_BTG_DVY_PROXIMITY LOYALTY - STORE LOCATOR UNIT_Run of Network_Geo_F25-54_320 x 50_Click and View_NV_NA,204649939,9/23/2017,23315,648,22667,11508,11159,164,10995,10429,566,11672,11071,21500
TJN_HOM_008_HomeGoods Summer Digital_FY18,Hulu,PHG79J_TJN_HOM_008_FEP_HULU_Branded Slate_ROS_CROSS DEVICE_PRE-ROLL_CUSTOM_VECTOR LOGO_1X1_AUDIENCE_N/A_N/A_SITE_N/A_Run of Site_Demo_F25-54_1 x 1_Click and View_NV_NA,201467345,9/15/2017,6230,40,6190,6190,0,0,0,0,0,6190,5520,5520
TJN_HOM_008_HomeGoods Summer Digital_FY18,NinthDecimal,PHHXGK_TJN_HOM_008_Mobile_NINTHDECIMAL_CHILD_PROSPECTING_MOBILE APP_CUSTOM_DISPLAY_320X50_Run of Network_Behavioral_F25-54_320 x 50_Click and View_NV_NA,200587954,7/29/2017,62529,642,61887,15876,46011,122,45889,44236,1653,15998,15422,59658
TJN_HOM_030_HomeGoods 2H Digital_F18,xAd Inc.,PJQ7MN_TJN_HOM_030_Mobile_GROUND TRUTH FKA XAD_DST_SV1_MAP_DIR_DSP_TRG_RON_MKT_DMA_DVY_LOCATION - HOMEGOODS SHOPPERS - DYNAMIC DISTANCE_Run of Network_Geo_F25-54_320 x 50_Click and View_NV_NA,204651439,9/19/2017,10147,157,9990,7789,2201,995,1206,1108,98,8784,7366,8474
TJN_HOM_025_HomeGoods Digital Video_Q4FY18,Tremor Video Inc.,PK6F30_TJN_HOM_025_OLV_TREMOR NETWORK_AWR_BS1_CTV_DIR_VID_TRG_RON_PXT_CTG_DVY_ALL SCREEN PREROLL + PROXIMITYPLUS DWELL TIME TARGETING TO HOMEGOODS VISITORS CTV_Run of Network_Behavioral_F25-54_1280 x 720_Standard_NV_NA,205942131,10/18/2017,47770,0,47770,47770,0,0,0,0,0,47770,0,0
TJN_HOM_013_HomeGoods FEP_Q3FY18,Discovery Digital Media,PHWLS7_TJN_HOM_013_Content_DISCOVERY NETWORKS_Full Episode Video Mobile Web_30s_FEP_Contextual_F25-54_1920 x 1080_Standard_NV_NA,201895019,7/31/2017,1195,18,1177,1177,0,0,0,0,0,1177,,
TJN_HOM_030_HomeGoods 2H Digital_F18,NinthDecimal,PJQ7NH_TJN_HOM_030_Mobile_NINTHDECIMAL_DST_SV1_MAP_DIR_RCH_TRG_RON_BTG_DMA_DVY_CONSUMER JOURNEY: PET SUPPLY SHOPPERS_Run of Network_Behavioral_F25-54_320 x 50_Click and View_NV_NA,204647914,10/9/2017,9828,156,9672,5407,4265,23,4242,4072,170,5430,5212,9284
TJN_HOM_008_HomeGoods Summer Digital_FY18,NinthDecimal,Rolled-up Placements,N/A,7/8/2017,101360,1208,100152,37405,62747,264,62483,59726,2757,37669,36054,95780
TJN_HOM_013_HomeGoods FEP_Q3FY18,Discovery Digital Media,PHWLS6_TJN_HOM_013_Content_DISCOVERY NETWORKS_Full Episode Video Mobile App_30s_FEP_Contextual_F25-54_1920 x 1080_Standard_NV_NA,201891425,9/20/2017,18741,229,18512,18512,0,0,0,0,0,18512,,
TJN_HOM_008_HomeGoods Summer Digital_FY18,NinthDecimal,PHHXGK_TJN_HOM_008_Mobile_NINTHDECIMAL_CHILD_PROSPECTING_MOBILE APP_CUSTOM_DISPLAY_320X50_Run of Network_Behavioral_F25-54_320 x 50_Click and View_NV_NA,200587954,8/1/2017,15455,323,15132,7579,7553,70,7483,7149,334,7649,7308,14457
TJN_HOM_025_HomeGoods Digital Video_Q4FY18,Tremor Video Inc.,PK6DYV_TJN_HOM_025_OLV_TREMOR NETWORK_AWR_BS1_MAP_DIR_VID_TRG_RON_PXT_CTG_DVY_ALL SCREEN PREROLL + PROXIMITYPLUS DWELL TIME TARGETING TO HOMEGOODS VISITORS MOB/TAB APP_Run of Network_Behavioral_F25-54_1280 x 720_Standard_NV_NA,205859075,10/24/2017,105181,340,104841,104307,534,32,502,85,417,104339,17667,17752
TJN_HOM_013_HomeGoods FEP_Q3FY18,Discovery Digital Media,PHWLS8_TJN_HOM_013_Content_DISCOVERY NETWORKS_Full Episode Video Tablet Web_30s_FEP_Contextual_F25-54_1920 x 1080_Standard_NV_NA,201899695,8/27/2017,1027,4,1023,1023,0,0,0,0,0,1023,,
TJN_HOM_025_HomeGoods Digital Video_Q4FY18,Tremor Video Inc.,PK1FYM_TJN_HOM_025_OLV_TREMOR NETWORK_AWR_BS1_DSK_DIR_VID_TRG_RON_BTG_CTG_DVY_ALL SCREEN PREROLL + SOCIAL AFFINITY TARGETING TO W25-54 HOME ENTHUSIASTS DESKTOP_Run of Network_Behavioral_F25-54_1280 x 720_Standard_NV_NA,205941870,10/9/2017,248829,140,248689,44745,203944,2505,201439,23746,177693,47250,5570,29316
TJN_HOM_030_HomeGoods 2H Digital_F18,xAd Inc.,PJQ7MM_TJN_HOM_030_Mobile_GROUND TRUTH FKA XAD_DST_SV1_MAP_DIR_DSP_TRG_RON_BTG_DMA_DVY_BEHAVIORAL - HOME SHOPPER- DYNAMIC DISTANCE_Run of Network_Behavioral_F25-54_300 x 250_Click and View_NV_NA,204626171,10/11/2017,7554,522,7032,7032,0,0,0,0,0,7032,0,0
TJN_HOM_030_HomeGoods 2H Digital_F18,xAd Inc.,PJQ7MQ_TJN_HOM_030_Mobile_GROUND TRUTH FKA XAD_DST_SV1_MAP_DIR_DSP_TRG_RON_MKT_DMA_DVY_LOCATION - COMPETITOR SHOPPERS - DYNAMIC DISTANCE_Run of Network_Geo_F25-54_320 x 50_Click and View_NV_NA,204617210,10/9/2017,7904,122,7782,5339,2443,67,2376,1700,676,5406,3813,5513
TJN_HOM_013_HomeGoods FEP_Q3FY18,Discovery Digital Media,PHWLS8_TJN_HOM_013_Content_DISCOVERY NETWORKS_Full Episode Video Tablet Web_30s_FEP_Contextual_F25-54_1920 x 1080_Standard_NV_NA,201899695,8/9/2017,939,7,932,932,0,0,0,0,0,932,,
TJN_HOM_013_HomeGoods FEP_Q3FY18,Discovery Digital Media,PHWLS9_TJN_HOM_013_Content_DISCOVERY NETWORKS_Full Episode Video OTT/CTV_30s_FEP_Contextual_F25-54_1920 x 1080_Standard_NV_NA,201891428,8/29/2017,12265,47,12218,12218,0,0,0,0,0,12218,,
TJN_HOM_030_HomeGoods 2H Digital_F18,xAd Inc.,PJQ7MM_TJN_HOM_030_Mobile_GROUND TRUTH FKA XAD_DST_SV1_MAP_DIR_DSP_TRG_RON_BTG_DMA_DVY_BEHAVIORAL - HOME SHOPPER- DYNAMIC DISTANCE_Run of Network_Behavioral_F25-54_300 x 250_Click and View_NV_NA,204626171,10/6/2017,14859,474,14385,14374,11,0,11,0,11,14374,0,0
TJN_HOM_030_HomeGoods 2H Digital_F18,xAd Inc.,PJQ7MN_TJN_HOM_030_Mobile_GROUND TRUTH FKA XAD_DST_SV1_MAP_DIR_DSP_TRG_RON_MKT_DMA_DVY_LOCATION - HOMEGOODS SHOPPERS - DYNAMIC DISTANCE_Run of Network_Geo_F25-54_320 x 50_Click and View_NV_NA,204651439,11/13/2017,2,1,1,1,0,0,0,0,0,1,1,1
TJN_HOM_030_HomeGoods 2H Digital_F18,xAd Inc.,PJQ7MN_TJN_HOM_030_Mobile_GROUND TRUTH FKA XAD_DST_SV1_MAP_DIR_DSP_TRG_RON_MKT_DMA_DVY_LOCATION - HOMEGOODS SHOPPERS - DYNAMIC DISTANCE_Run of Network_Geo_F25-54_320 x 50_Click and View_NV_NA,204651439,9/13/2017,10000,144,9856,8308,1548,228,1320,1239,81,8536,5389,6628
TJN_HOM_030_HomeGoods 2H Digital_F18,xAd Inc.,PJQ7MN_TJN_HOM_030_Mobile_GROUND TRUTH FKA XAD_DST_SV1_MAP_DIR_DSP_TRG_RON_MKT_DMA_DVY_LOCATION - HOMEGOODS SHOPPERS - DYNAMIC DISTANCE_Run of Network_Geo_F25-54_320 x 50_Click and View_NV_NA,204651439,10/13/2017,5505,74,5431,4401,1030,66,964,861,103,4467,3907,4768
TJN_HOM_013_HomeGoods FEP_Q3FY18,Discovery Digital Media,PHWLS9_TJN_HOM_013_Content_DISCOVERY NETWORKS_Full Episode Video OTT/CTV_30s_FEP_Contextual_F25-54_1920 x 1080_Standard_NV_NA,201891428,9/15/2017,2309,3,2306,2306,0,0,0,0,0,2306,,
TJN_HOM_030_HomeGoods 2H Digital_F18,NinthDecimal,PJQ7NH_TJN_HOM_030_Mobile_NINTHDECIMAL_DST_SV1_MAP_DIR_RCH_TRG_RON_BTG_DMA_DVY_CONSUMER JOURNEY: PET SUPPLY SHOPPERS_Run of Network_Behavioral_F25-54_320 x 50_Click and View_NV_NA,204647914,11/12/2017,8948,97,8851,518,8333,49,8284,8084,200,567,553,8637
TJN_HOM_025_HomeGoods Digital Video_Q4FY18,Tremor Video Inc.,PK6DYV_TJN_HOM_025_OLV_TREMOR NETWORK_AWR_BS1_MAP_DIR_VID_TRG_RON_PXT_CTG_DVY_ALL SCREEN PREROLL + PROXIMITYPLUS DWELL TIME TARGETING TO HOMEGOODS VISITORS MOB/TAB APP_Run of Network_Behavioral_F25-54_1280 x 720_Standard_NV_NA,205859075,11/10/2017,428,0,428,253,175,6,169,143,26,259,219,362
TJN_HOM_008_HomeGoods Summer Digital_FY18,Hulu,PHG79N_TJN_HOM_008_FEP_HULU_Masthead_SPONSORSHIP_CROSS DEVICE_CUSTOM_VIDEO_1X1_1X1_N/A_N/A_N/A_SITE_N/A_Roadblock_Demo_F25-54_1 x 1_Click and View_NV_NA,201462657,7/21/2017,72152,608,71544,71544,0,0,0,0,0,71544,65088,65088
TJN_HOM_030_HomeGoods 2H Digital_F18,NinthDecimal,PJQ7N6_TJN_HOM_030_Mobile_NINTHDECIMAL_DST_SV1_MAP_DIR_RCH_TRG_RON_PXT_DMA_DVY_GEOFENCE: 5-10-MILE RADIUS AROUND SUBURBAN STORES_Run of Network_Geo_F25-54_320 x 50_Click and View_NV_NA,204646507,10/16/2017,9355,207,9148,5554,3594,31,3563,3486,77,5585,5464,8950
TJN_HOM_025_HomeGoods Digital Video_Q4FY18,Tremor Video Inc.,PK6DY1_TJN_HOM_025_OLV_TREMOR NETWORK_AWR_BS1_CTV_DIR_VID_TRG_RON_BTG_CTG_DVY_ALL SCREEN PREROLL + SOCIAL AFFINITY TARGETING TO W25-54 HOME ENTHUSIASTS CTV_Run of Network_Behavioral_F25-54_1280 x 720_Standard_NV_NA,205941318,10/9/2017,3158,0,3158,3158,0,0,0,0,0,3158,650,650
TJN_HOM_030_HomeGoods 2H Digital_F18,NinthDecimal,PJQ7NC_TJN_HOM_030_Mobile_NINTHDECIMAL_DST_SV1_MAP_DIR_RCH_TRG_RON_BTG_DMA_DVY_CONSUMER JOURNEY: DIYERS_Run of Network_Behavioral_F25-54_320 x 50_Click and View_NV_NA,204675009,9/10/2017,10457,202,10255,3638,6617,33,6584,6406,178,3671,3572,9978
TJN_HOM_030_HomeGoods 2H Digital_F18,NinthDecimal,PJQ7NB_TJN_HOM_030_Mobile_NINTHDECIMAL_DST_SV1_MAP_DIR_RCH_TRG_RON_BTG_PXT_DVY_LOCATION GRAPH: COMPETITIVE CONQUESTING_Run of Network_Behavioral_F25-54_320 x 50_Click and View_NV_NA,204649942,9/21/2017,5223,109,5114,2293,2821,16,2805,2728,77,2309,2246,4974
TJN_HOM_030_HomeGoods 2H Digital_F18,xAd Inc.,PJQ7MQ_TJN_HOM_030_Mobile_GROUND TRUTH FKA XAD_DST_SV1_MAP_DIR_DSP_TRG_RON_MKT_DMA_DVY_LOCATION - COMPETITOR SHOPPERS - DYNAMIC DISTANCE_Run of Network_Geo_F25-54_320 x 50_Click and View_NV_NA,204617210,11/12/2017,33795,444,33351,26573,6778,157,6621,5312,1309,26730,21360,26672
TJN_HOM_025_HomeGoods Digital Video_Q4FY18,Tremor Video Inc.,PK6DYV_TJN_HOM_025_OLV_TREMOR NETWORK_AWR_BS1_MAP_DIR_VID_TRG_RON_PXT_CTG_DVY_ALL SCREEN PREROLL + PROXIMITYPLUS DWELL TIME TARGETING TO HOMEGOODS VISITORS MOB/TAB APP_Run of Network_Behavioral_F25-54_1280 x 720_Standard_NV_NA,205859075,10/5/2017,49485,982,48503,48447,56,20,36,28,8,48467,37697,37725
TJN_HOM_030_HomeGoods 2H Digital_F18,xAd Inc.,PJQ7MQ_TJN_HOM_030_Mobile_GROUND TRUTH FKA XAD_DST_SV1_MAP_DIR_DSP_TRG_RON_MKT_DMA_DVY_LOCATION - COMPETITOR SHOPPERS - DYNAMIC DISTANCE_Run of Network_Geo_F25-54_320 x 50_Click and View_NV_NA,204617210,10/19/2017,7493,93,7400,6674,726,11,715,604,111,6685,5123,5727
TJN_HOM_030_HomeGoods 2H Digital_F18,NinthDecimal,PJQ7NB_TJN_HOM_030_Mobile_NINTHDECIMAL_DST_SV1_MAP_DIR_RCH_TRG_RON_BTG_PXT_DVY_LOCATION GRAPH: COMPETITIVE CONQUESTING_Run of Network_Behavioral_F25-54_320 x 50_Click and View_NV_NA,204649942,10/6/2017,9817,162,9655,6278,3377,38,3339,3240,99,6316,6129,9369
TJN_HOM_008_HomeGoods Summer Digital_FY18,xAd Inc.,Rolled-up Placements,N/A,6/16/2017,9,0,9,0,9,0,9,9,0,0,0,9
TJN_HOM_008_HomeGoods Summer Digital_FY18,xAd Inc.,PHHXGY_TJN_HOM_008_Mobile_XAD INC_CHILD_LOYALTY_MOBILE APP_CUSTOM_RICH MEDIA_320X50_GEO-FENCING_Run of Network_Geo_F25-54_320 x 50_Click and View_NV_NA,200584630,8/30/2017,4652,52,4600,1521,3079,6,3073,3071,2,1527,1526,4597
TJN_HOM_025_HomeGoods Digital Video_Q4FY18,Tremor Video Inc.,PK1FYM_TJN_HOM_025_OLV_TREMOR NETWORK_AWR_BS1_DSK_DIR_VID_TRG_RON_BTG_CTG_DVY_ALL SCREEN PREROLL + SOCIAL AFFINITY TARGETING TO W25-54 HOME ENTHUSIASTS DESKTOP_Run of Network_Behavioral_F25-54_1280 x 720_Standard_NV_NA,205941870,10/19/2017,27987,67,27920,4798,23122,764,22358,19737,2621,5562,4910,24647
TJN_HOM_008_HomeGoods Summer Digital_FY18,Hulu,PHG79K_TJN_HOM_008_FEP_HULU_Summer TV Pre-roll_SPONSORSHIP_CROSS DEVICE_PRE-ROLL_VIDEO_1920X1080_VAST_N/A_N/A_N/A_3RD PARTY_N/A_Roadblock_Demo_F25-54_1920 x 1080_Standard_NV_NA,201466499,8/4/2017,142965,1458,141507,141507,0,0,0,0,0,141507,114669,114669
TJN_HOM_008_HomeGoods Summer Digital_FY18,Hulu,PHG79M_TJN_HOM_008_FEP_HULU_Premium Slate_CROSS DEVICE_PRE-ROLL_CUSTOM_VECTOR LOGO_1X1_N/A_N/A_N/A_SITE_N/A_Roadblock_Demo_F25-54_1 x 1_Click and View_NV_NA,201466502,9/2/2017,1,0,1,1,0,0,0,0,0,1,1,1
TJN_HOM_013_HomeGoods FEP_Q3FY18,Discovery Digital Media,PHWLS6_TJN_HOM_013_Content_DISCOVERY NETWORKS_Full Episode Video Mobile App_30s_FEP_Contextual_F25-54_1920 x 1080_Standard_NV_NA,201891425,8/2/2017,21272,194,21078,21078,0,0,0,0,0,21078,,
TJN_HOM_008_HomeGoods Summer Digital_FY18,Hulu,PHG79G_TJN_HOM_008_FEP_HULU_ROS Pre-roll_CROSS DEVICE_PRE-ROLL_VIDEO_1920X1080_VAST_AUDIENCE_N/A_N/A_3RD PARTY_N/A_Run of Site_Demo_F25-54_1920 x 1080_Standard_NV_NA,201466946,8/23/2017,17239,121,17118,17118,0,0,0,0,0,17118,16547,16547
TJN_HOM_030_HomeGoods 2H Digital_F18,Nativo Inc.,PK87W8_TJN_HOM_030_Content_NATIVO FKA POST RLSE_DSI_BS2_MWB_DIR_NAD_ROT_RON_CTG_BTG_DVY_NATIVE DISPLAY UNIT FALL TRENDS_Run of Network_Contextual_F25-54_1 x 1_Click and View_NV_NA,206137761,10/22/2017,231593,5907,225686,6932,218754,25092,193662,64680,128982,32024,10696,75376
TJN_HOM_008_HomeGoods Summer Digital_FY18,Hulu,PHG79J_TJN_HOM_008_FEP_HULU_Branded Slate_ROS_CROSS DEVICE_PRE-ROLL_CUSTOM_VECTOR LOGO_1X1_AUDIENCE_N/A_N/A_SITE_N/A_Run of Site_Demo_F25-54_1 x 1_Click and View_NV_NA,201467345,8/3/2017,6891,52,6839,6839,0,0,0,0,0,6839,5690,5690
TJN_HOM_030_HomeGoods 2H Digital_F18,NinthDecimal,PJQ7NG_TJN_HOM_030_Mobile_NINTHDECIMAL_DST_SV1_MAP_DIR_RCH_TRG_RON_BTG_DMA_DVY_CONSUMER JOURNEY: NEW HOME BUYERS & MOVERS_Run of Network_Behavioral_F25-54_320 x 50_Click and View_NV_NA,204625835,9/9/2017,6951,104,6847,2545,4302,24,4278,4169,109,2569,2504,6673
TJN_HOM_030_HomeGoods 2H Digital_F18,NinthDecimal,PJQ7NH_TJN_HOM_030_Mobile_NINTHDECIMAL_DST_SV1_MAP_DIR_RCH_TRG_RON_BTG_DMA_DVY_CONSUMER JOURNEY: PET SUPPLY SHOPPERS_Run of Network_Behavioral_F25-54_320 x 50_Click and View_NV_NA,204647914,10/19/2017,8830,133,8697,4196,4501,46,4455,4276,179,4242,4072,8348
TJN_HOM_030_HomeGoods 2H Digital_F18,xAd Inc.,PJQ7MH_TJN_HOM_030_Mobile_GROUND TRUTH FKA XAD_DST_SV1_MAP_DIR_DSP_TRG_RON_PXT_BTG_DVY_PROXIMITY LOYALTY - DYNAMIC DISTANCE_Run of Network_Geo_F25-54_300 x 250_Click and View_NV_NA,204675003,9/6/2017,22970,310,22660,22626,34,2,32,28,4,22628,19798,19826
TJN_HOM_030_HomeGoods 2H Digital_F18,NinthDecimal,PJQ7N9_TJN_HOM_030_Mobile_NINTHDECIMAL_DST_SV1_MAP_DIR_RCH_TRG_RON_BTG_PXT_DVY_LOCATION GRAPH: TJX FAMILY LOYALISTS_Run of Network_Behavioral_F25-54_320 x 50_Click and View_NV_NA,204647917,10/18/2017,13795,227,13568,5612,7956,71,7885,7689,196,5683,5542,13231
TJN_HOM_030_HomeGoods 2H Digital_F18,xAd Inc.,PJQ7MM_TJN_HOM_030_Mobile_GROUND TRUTH FKA XAD_DST_SV1_MAP_DIR_DSP_TRG_RON_BTG_DMA_DVY_BEHAVIORAL - HOME SHOPPER- DYNAMIC DISTANCE_Run of Network_Behavioral_F25-54_300 x 250_Click and View_NV_NA,204626171,9/21/2017,5461,188,5273,5264,9,0,9,3,6,5264,1755,1758
TJN_HOM_030_HomeGoods 2H Digital_F18,NinthDecimal,PJQ7NG_TJN_HOM_030_Mobile_NINTHDECIMAL_DST_SV1_MAP_DIR_RCH_TRG_RON_BTG_DMA_DVY_CONSUMER JOURNEY: NEW HOME BUYERS & MOVERS_Run of Network_Behavioral_F25-54_320 x 50_Click and View_NV_NA,204625835,10/21/2017,9126,135,8991,4231,4760,37,4723,4575,148,4268,4134,8709
TJN_HOM_008_HomeGoods Summer Digital_FY18,NinthDecimal,PHHXGL_TJN_HOM_008_Mobile_NINTHDECIMAL_CHILD_RETENTION_MOBILE APP_CUSTOM_DISPLAY_320X50_Run of Network_Behavioral_F25-54_320 x 50_Click and View_NV_NA,200585092,7/30/2017,9228,56,9172,2242,6930,12,6918,6758,160,2254,2202,8960
TJN_HOM_030_HomeGoods 2H Digital_F18,NinthDecimal,PJQ7N6_TJN_HOM_030_Mobile_NINTHDECIMAL_DST_SV1_MAP_DIR_RCH_TRG_RON_PXT_DMA_DVY_GEOFENCE: 5-10-MILE RADIUS AROUND SUBURBAN STORES_Run of Network_Geo_F25-54_320 x 50_Click and View_NV_NA,204646507,10/31/2017,54033,1055,52978,2828,50150,200,49950,48536,1414,3028,2942,51478
TJN_HOM_008_HomeGoods Summer Digital_FY18,Hulu,PHG79J_TJN_HOM_008_FEP_HULU_Branded Slate_ROS_CROSS DEVICE_PRE-ROLL_CUSTOM_VECTOR LOGO_1X1_AUDIENCE_N/A_N/A_SITE_N/A_Run of Site_Demo_F25-54_1 x 1_Click and View_NV_NA,201467345,8/7/2017,3635,25,3610,3610,0,0,0,0,0,3610,2779,2779
TJN_HOM_025_HomeGoods Digital Video_Q4FY18,Tremor Video Inc.,PK6DY1_TJN_HOM_025_OLV_TREMOR NETWORK_AWR_BS1_CTV_DIR_VID_TRG_RON_BTG_CTG_DVY_ALL SCREEN PREROLL + SOCIAL AFFINITY TARGETING TO W25-54 HOME ENTHUSIASTS CTV_Run of Network_Behavioral_F25-54_1280 x 720_Standard_NV_NA,205941318,10/19/2017,8986,0,8986,8986,0,0,0,0,0,8986,7965,7965
TJN_HOM_008_HomeGoods Summer Digital_FY18,xAd Inc.,PHHXGT_TJN_HOM_008_Mobile_XAD INC_CHILD_CONQUESTING_MOBILE APP_STANDARD_DISPLAY_320X50_GEO-FENCING_Run of Network_Geo_F25-54_320 x 50_Click and View_NV_NA,200573066,8/10/2017,147364,2177,145187,106064,39123,515,38608,30526,8082,106579,84268,114794
TJN_HOM_030_HomeGoods 2H Digital_F18,Nativo Inc.,PK87W8_TJN_HOM_030_Content_NATIVO FKA POST RLSE_DSI_BS2_MWB_DIR_NAD_ROT_RON_CTG_BTG_DVY_NATIVE DISPLAY UNIT FALL TRENDS_Run of Network_Contextual_F25-54_1 x 1_Click and View_NV_NA,206137761,10/10/2017,233289,7856,225433,1787,223646,15918,207728,65543,142185,17705,5586,71129
TJN_HOM_008_HomeGoods Summer Digital_FY18,NinthDecimal,PHHXGK_TJN_HOM_008_Mobile_NINTHDECIMAL_CHILD_PROSPECTING_MOBILE APP_CUSTOM_DISPLAY_320X50_Run of Network_Behavioral_F25-54_320 x 50_Click and View_NV_NA,200587954,8/13/2017,179420,1866,177554,47257,130297,787,129510,123952,5558,48044,45982,169934
TJN_HOM_008_HomeGoods Summer Digital_FY18,Hulu,PHG79M_TJN_HOM_008_FEP_HULU_Premium Slate_CROSS DEVICE_PRE-ROLL_CUSTOM_VECTOR LOGO_1X1_N/A_N/A_N/A_SITE_N/A_Roadblock_Demo_F25-54_1 x 1_Click and View_NV_NA,201466502,8/26/2017,68661,443,68218,68218,0,0,0,0,0,68218,66445,66445
TJN_HOM_030_HomeGoods 2H Digital_F18,NinthDecimal,PJQ7NB_TJN_HOM_030_Mobile_NINTHDECIMAL_DST_SV1_MAP_DIR_RCH_TRG_RON_BTG_PXT_DVY_LOCATION GRAPH: COMPETITIVE CONQUESTING_Run of Network_Behavioral_F25-54_320 x 50_Click and View_NV_NA,204649942,10/11/2017,14247,240,14007,7924,6083,57,6026,5863,163,7981,7765,13628
TJN_HOM_030_HomeGoods 2H Digital_F18,NinthDecimal,PJQ7N6_TJN_HOM_030_Mobile_NINTHDECIMAL_DST_SV1_MAP_DIR_RCH_TRG_RON_PXT_DMA_DVY_GEOFENCE: 5-10-MILE RADIUS AROUND SUBURBAN STORES_Run of Network_Geo_F25-54_320 x 50_Click and View_NV_NA,204646507,9/30/2017,22338,579,21759,11375,10384,43,10341,10021,320,11418,11065,21086
TJN_HOM_008_HomeGoods Summer Digital_FY18,xAd Inc.,PHHXGW_TJN_HOM_008_Mobile_XAD INC_CHILD_LOCATION AUDIENCE-HOMEGOODS SHOPPERS_MOBILE APP_STANDARD_DISPLAY_320X50_Run of Network_Behavioral_F25-54_320 x 50_Click and View_NV_NA,200585089,7/24/2017,47255,376,46879,44788,2091,13,2078,1387,691,44801,29903,31290
TJN_HOM_030_HomeGoods 2H Digital_F18,xAd Inc.,PJQ7MP_TJN_HOM_030_Mobile_GROUND TRUTH FKA XAD_DST_SV1_MAP_DIR_DSP_TRG_RON_MKT_DMA_DVY_LOCATION - HOMEGOODS SHOPPERS - DYNAMIC DISTANCE_Run of Network_Geo_F25-54_300 x 250_Click and View_NV_NA,204647878,9/15/2017,3838,132,3706,3698,8,0,8,8,0,3698,3696,3704
TJN_HOM_030_HomeGoods 2H Digital_F18,NinthDecimal,PJQ7N7_TJN_HOM_030_Mobile_NINTHDECIMAL_DST_SV1_MAP_DIR_RCH_TRG_RON_PXT_DMA_DVY_GEOFENCE: 15-20-MILE RADIUS AROUND RURAL STORES_Run of Network_Geo_F25-54_320 x 50_Click and View_NV_NA,204674556,10/26/2017,7036,138,6898,805,6093,64,6029,5886,143,869,848,6734
TJN_HOM_030_HomeGoods 2H Digital_F18,xAd Inc.,PJQ7MK_TJN_HOM_030_Mobile_GROUND TRUTH FKA XAD_DST_SV1_MAP_DIR_DSP_TRG_RON_PXT_BTG_DVY_PROXIMITY LOYALTY - STORE LOCATOR UNIT_Run of Network_Geo_F25-54_300 x 250_Click and View_NV_NA,204625442,9/24/2017,3870,49,3821,208,3613,82,3531,3067,464,290,252,3319
TJN_HOM_030_HomeGoods 2H Digital_F18,xAd Inc.,PJQ7MJ_TJN_HOM_030_Mobile_GROUND TRUTH FKA XAD_DST_SV1_MAP_DIR_DSP_TRG_RON_PXT_BTG_DVY_PROXIMITY LOYALTY - STORE LOCATOR UNIT_Run of Network_Geo_F25-54_320 x 50_Click and View_NV_NA,204649939,10/25/2017,11168,234,10934,4433,6501,104,6397,6260,137,4537,4440,10700
TJN_HOM_008_HomeGoods Summer Digital_FY18,Hulu,PHG79G_TJN_HOM_008_FEP_HULU_ROS Pre-roll_CROSS DEVICE_PRE-ROLL_VIDEO_1920X1080_VAST_AUDIENCE_N/A_N/A_3RD PARTY_N/A_Run of Site_Demo_F25-54_1920 x 1080_Standard_NV_NA,201466946,7/23/2017,12219,96,12123,12123,0,0,0,0,0,12123,10967,10967
TJN_HOM_008_HomeGoods Summer Digital_FY18,xAd Inc.,PHHXGT_TJN_HOM_008_Mobile_XAD INC_CHILD_CONQUESTING_MOBILE APP_STANDARD_DISPLAY_320X50_GEO-FENCING_Run of Network_Geo_F25-54_320 x 50_Click and View_NV_NA,200573066,7/21/2017,31455,260,31195,23793,7402,65,7337,4970,2367,23858,16161,21131
TJN_HOM_008_HomeGoods Summer Digital_FY18,xAd Inc.,PHHXGR_TJN_HOM_008_Mobile_XAD INC_CHILD_LOYALTY_MOBILE APP_STANDARD_DISPLAY_320X50_GEO-FENCING_Run of Network_Geo_F25-54_320 x 50_Click and View_NV_NA,200587518,7/31/2017,1469149,23926,1445223,663322,781901,10564,771337,678339,92998,673886,573091,1251430
TJN_HOM_013_HomeGoods FEP_Q3FY18,Scripps Networks,PHNKCT_TJN_HOM_013_FEP_SCRIPPSNETWORKS.COM_TVE_Crossplatform_FEP_Demo_F25-54_1 x 1_Click and View_NV_NA,201878832,9/22/2017,2106,9,2097,2097,0,0,0,0,0,2097,,
TJN_HOM_008_HomeGoods Summer Digital_FY18,NinthDecimal,PHHXGM_TJN_HOM_008_Mobile_NINTHDECIMAL_CHILD_LUXURY SHOPPERS PROSPECTING_MOBILE APP_CUSTOM_DISPLAY_320X50_Run of Network_Behavioral_F25-54_320 x 50_Click and View_NV_NA,200581998,8/6/2017,13886,255,13631,3982,9649,77,9572,8612,960,4059,3652,12264
TJN_HOM_013_HomeGoods FEP_Q3FY18,Scripps Networks,PHNKCR_TJN_HOM_013_FEP_SCRIPPSNETWORKS.COM_On-site_Crossplatform_FEP_Demo_F25-54_1280 x 720_Standard_NV_NA,201888442,8/8/2017,1364,14,1350,1350,0,0,0,0,0,1350,,
TJN_HOM_013_HomeGoods FEP_Q3FY18,Discovery Digital Media,PHWLS9_TJN_HOM_013_Content_DISCOVERY NETWORKS_Full Episode Video OTT/CTV_30s_FEP_Contextual_F25-54_1920 x 1080_Standard_NV_NA,201891428,8/3/2017,11346,38,11308,11308,0,0,0,0,0,11308,,
TJN_HOM_030_HomeGoods 2H Digital_F18,xAd Inc.,PJQ7MR_TJN_HOM_030_Mobile_GROUND TRUTH FKA XAD_DST_SV1_MAP_DIR_DSP_TRG_RON_MKT_DMA_DVY_LOCATION - COMPETITOR SHOPPERS - DYNAMIC DISTANCE_Run of Network_Geo_F25-54_300 x 250_Click and View_NV_NA,204647890,10/27/2017,7472,216,7256,7256,0,0,0,0,0,7256,6498,6498
TJN_HOM_008_HomeGoods Summer Digital_FY18,NinthDecimal,PHHXGK_TJN_HOM_008_Mobile_NINTHDECIMAL_CHILD_PROSPECTING_MOBILE APP_CUSTOM_DISPLAY_320X50_Run of Network_Behavioral_F25-54_320 x 50_Click and View_NV_NA,200587954,8/15/2017,77063,1300,75763,26959,48804,330,48474,46099,2375,27289,25952,72051
TJN_HOM_030_HomeGoods 2H Digital_F18,xAd Inc.,PJQ7MK_TJN_HOM_030_Mobile_GROUND TRUTH FKA XAD_DST_SV1_MAP_DIR_DSP_TRG_RON_PXT_BTG_DVY_PROXIMITY LOYALTY - STORE LOCATOR UNIT_Run of Network_Geo_F25-54_300 x 250_Click and View_NV_NA,204625442,9/22/2017,2526,23,2503,394,2109,25,2084,1774,310,419,356,2130
TJN_HOM_008_HomeGoods Summer Digital_FY18,xAd Inc.,PHHXGX_TJN_HOM_008_Mobile_XAD INC_CHILD_LOCATION AUDIENCE-HOMEGOODS SHOPPERS_MOBILE APP_STANDARD_DISPLAY_300X250_Run of Network_Behavioral_F25-54_300 x 250_Click and View_NV_NA,200587524,7/26/2017,18232,798,17434,569,16865,16852,13,12,1,17421,16081,16093
TJN_HOM_030_HomeGoods 2H Digital_F18,NinthDecimal,PJQ7NH_TJN_HOM_030_Mobile_NINTHDECIMAL_DST_SV1_MAP_DIR_RCH_TRG_RON_BTG_DMA_DVY_CONSUMER JOURNEY: PET SUPPLY SHOPPERS_Run of Network_Behavioral_F25-54_320 x 50_Click and View_NV_NA,204647914,9/11/2017,18664,292,18372,6685,11687,69,11618,11241,377,6754,6535,17776
TJN_HOM_030_HomeGoods 2H Digital_F18,xAd Inc.,PJQ7MJ_TJN_HOM_030_Mobile_GROUND TRUTH FKA XAD_DST_SV1_MAP_DIR_DSP_TRG_RON_PXT_BTG_DVY_PROXIMITY LOYALTY - STORE LOCATOR UNIT_Run of Network_Geo_F25-54_320 x 50_Click and View_NV_NA,204649939,10/3/2017,5,2,3,2,1,0,1,1,0,2,2,3
TJN_HOM_008_HomeGoods Summer Digital_FY18,Hulu,PHG79G_TJN_HOM_008_FEP_HULU_ROS Pre-roll_CROSS DEVICE_PRE-ROLL_VIDEO_1920X1080_VAST_AUDIENCE_N/A_N/A_3RD PARTY_N/A_Run of Site_Demo_F25-54_1920 x 1080_Standard_NV_NA,201466946,7/22/2017,11013,86,10927,10927,0,0,0,0,0,10927,9855,9855
TJN_HOM_025_HomeGoods Digital Video_Q4FY18,Tremor Video Inc.,PK1FYN_TJN_HOM_025_OLV_TREMOR NETWORK_AWR_BS1_DSK_DIR_VID_TRG_RON_PXT_CTG_DVY_ALL SCREEN PREROLL + PROXIMITYPLUS DWELL TIME TARGETING TO HOMEGOODS VISITORS DESKTOP_Run of Network_Behavioral_F25-54_1280 x 720_Standard_NV_NA,205941312,10/31/2017,517,0,517,411,106,2,104,37,67,413,147,184
TJN_HOM_030_HomeGoods 2H Digital_F18,xAd Inc.,PJQ7MP_TJN_HOM_030_Mobile_GROUND TRUTH FKA XAD_DST_SV1_MAP_DIR_DSP_TRG_RON_MKT_DMA_DVY_LOCATION - HOMEGOODS SHOPPERS - DYNAMIC DISTANCE_Run of Network_Geo_F25-54_300 x 250_Click and View_NV_NA,204647878,11/11/2017,7937,885,7052,7052,0,0,0,0,0,7052,7052,7052
TJN_HOM_013_HomeGoods FEP_Q3FY18,Discovery Digital Media,PHWLS6_TJN_HOM_013_Content_DISCOVERY NETWORKS_Full Episode Video Mobile App_30s_FEP_Contextual_F25-54_1920 x 1080_Standard_NV_NA,201891425,7/18/2017,21549,210,21339,21339,0,0,0,0,0,21339,,
TJN_HOM_008_HomeGoods Summer Digital_FY18,NinthDecimal,PHHXGP_TJN_HOM_008_Mobile_NINTHDECIMAL_CHILD_PET OWNERS PROSPECTING_MOBILE APP_CUSTOM_DISPLAY_320X50_Run of Network_Behavioral_F25-54_320 x 50_Click and View_NV_NA,200586375,7/26/2017,24830,234,24596,7088,17508,56,17452,16877,575,7144,6909,23786
TJN_HOM_030_HomeGoods 2H Digital_F18,xAd Inc.,PJQ7MQ_TJN_HOM_030_Mobile_GROUND TRUTH FKA XAD_DST_SV1_MAP_DIR_DSP_TRG_RON_MKT_DMA_DVY_LOCATION - COMPETITOR SHOPPERS - DYNAMIC DISTANCE_Run of Network_Geo_F25-54_320 x 50_Click and View_NV_NA,204617210,9/11/2017,13015,144,12871,10087,2784,596,2188,1954,234,10683,8290,10244
TJN_HOM_013_HomeGoods FEP_Q3FY18,Scripps Networks,PHNKCT_TJN_HOM_013_FEP_SCRIPPSNETWORKS.COM_TVE_Crossplatform_FEP_Demo_F25-54_1 x 1_Click and View_NV_NA,201878832,9/24/2017,2795,11,2784,2784,0,0,0,0,0,2784,,
TJN_HOM_030_HomeGoods 2H Digital_F18,xAd Inc.,PJQ7MK_TJN_HOM_030_Mobile_GROUND TRUTH FKA XAD_DST_SV1_MAP_DIR_DSP_TRG_RON_PXT_BTG_DVY_PROXIMITY LOYALTY - STORE LOCATOR UNIT_Run of Network_Geo_F25-54_300 x 250_Click and View_NV_NA,204625442,10/23/2017,4147,59,4088,818,3270,9,3261,3124,137,827,792,3916
TJN_HOM_030_HomeGoods 2H Digital_F18,xAd Inc.,PJQ7MR_TJN_HOM_030_Mobile_GROUND TRUTH FKA XAD_DST_SV1_MAP_DIR_DSP_TRG_RON_MKT_DMA_DVY_LOCATION - COMPETITOR SHOPPERS - DYNAMIC DISTANCE_Run of Network_Geo_F25-54_300 x 250_Click and View_NV_NA,204647890,9/7/2017,5141,88,5053,5053,0,0,0,0,0,5053,4632,4632
TJN_HOM_013_HomeGoods FEP_Q3FY18,Discovery Digital Media,PHWLS9_TJN_HOM_013_Content_DISCOVERY NETWORKS_Full Episode Video OTT/CTV_30s_FEP_Contextual_F25-54_1920 x 1080_Standard_NV_NA,201891428,8/7/2017,11315,54,11261,11261,0,0,0,0,0,11261,,
TJN_HOM_025_HomeGoods Digital Video_Q4FY18,Tremor Video Inc.,PK6DWD_TJN_HOM_025_OLV_TREMOR NETWORK_AWR_BS1_MAP_DIR_VID_TRG_RON_BTG_CTG_DVY_ALL SCREEN PREROLL + SOCIAL AFFINITY TARGETING TO W25-54 HOME ENTHUSIASTS MOB/TAB APP_Run of Network_Behavioral_F25-54_1280 x 720_Standard_NV_NA,205941321,11/8/2017,53507,12,53495,44801,8694,16,8678,7134,1544,44817,36843,43977
TJN_HOM_013_HomeGoods FEP_Q3FY18,Discovery Digital Media,PHWLS9_TJN_HOM_013_Content_DISCOVERY NETWORKS_Full Episode Video OTT/CTV_30s_FEP_Contextual_F25-54_1920 x 1080_Standard_NV_NA,201891428,9/28/2017,9553,12,9541,9541,0,0,0,0,0,9541,,
TJN_HOM_030_HomeGoods 2H Digital_F18,NinthDecimal,PJQ7NJ_TJN_HOM_030_Mobile_NINTHDECIMAL_DST_SV1_MAP_DIR_RCH_TRG_RON_BTG_DMA_DVY_CONSUMER JOURNEY: BARGAIN HUNTERS_Run of Network_Behavioral_F25-54_320 x 50_Click and View_NV_NA,204644353,11/10/2017,5704,74,5630,775,4855,16,4839,4699,140,791,768,5467
TJN_HOM_030_HomeGoods 2H Digital_F18,NinthDecimal,PJQ7NB_TJN_HOM_030_Mobile_NINTHDECIMAL_DST_SV1_MAP_DIR_RCH_TRG_RON_BTG_PXT_DVY_LOCATION GRAPH: COMPETITIVE CONQUESTING_Run of Network_Behavioral_F25-54_320 x 50_Click and View_NV_NA,204649942,10/9/2017,8742,89,8653,5351,3302,30,3272,3192,80,5381,5249,8441
TJN_HOM_008_HomeGoods Summer Digital_FY18,Hulu,PHG79J_TJN_HOM_008_FEP_HULU_Branded Slate_ROS_CROSS DEVICE_PRE-ROLL_CUSTOM_VECTOR LOGO_1X1_AUDIENCE_N/A_N/A_SITE_N/A_Run of Site_Demo_F25-54_1 x 1_Click and View_NV_NA,201467345,9/14/2017,1,0,1,1,0,0,0,0,0,1,1,1
TJN_HOM_030_HomeGoods 2H Digital_F18,NinthDecimal,PJQ7N7_TJN_HOM_030_Mobile_NINTHDECIMAL_DST_SV1_MAP_DIR_RCH_TRG_RON_PXT_DMA_DVY_GEOFENCE: 15-20-MILE RADIUS AROUND RURAL STORES_Run of Network_Geo_F25-54_320 x 50_Click and View_NV_NA,204674556,9/24/2017,15030,368,14662,6886,7776,33,7743,7591,152,6919,6783,14374
TJN_HOM_030_HomeGoods 2H Digital_F18,NinthDecimal,PJQ7N6_TJN_HOM_030_Mobile_NINTHDECIMAL_DST_SV1_MAP_DIR_RCH_TRG_RON_PXT_DMA_DVY_GEOFENCE: 5-10-MILE RADIUS AROUND SUBURBAN STORES_Run of Network_Geo_F25-54_320 x 50_Click and View_NV_NA,204646507,10/15/2017,8561,177,8384,5079,3305,18,3287,3198,89,5097,4959,8157
TJN_HOM_030_HomeGoods 2H Digital_F18,xAd Inc.,PJQ7MS_TJN_HOM_030_Mobile_GROUND TRUTH FKA XAD_DST_SV1_MAP_DIR_DSP_TRG_RON_DMA_PXT_DVY_AV DMA TARGETING_Run of Network_Geo_F25-54_300 x 250_Click and View_NV_NA,204646501,10/24/2017,2817,41,2776,2042,734,7,727,594,133,2049,1674,2268
TJN_HOM_030_HomeGoods 2H Digital_F18,xAd Inc.,PJQ7MH_TJN_HOM_030_Mobile_GROUND TRUTH FKA XAD_DST_SV1_MAP_DIR_DSP_TRG_RON_PXT_BTG_DVY_PROXIMITY LOYALTY - DYNAMIC DISTANCE_Run of Network_Geo_F25-54_300 x 250_Click and View_NV_NA,204675003,9/9/2017,22404,292,22112,22094,18,3,15,12,3,22097,17675,17687
TJN_HOM_030_HomeGoods 2H Digital_F18,xAd Inc.,PJQ7MK_TJN_HOM_030_Mobile_GROUND TRUTH FKA XAD_DST_SV1_MAP_DIR_DSP_TRG_RON_PXT_BTG_DVY_PROXIMITY LOYALTY - STORE LOCATOR UNIT_Run of Network_Geo_F25-54_300 x 250_Click and View_NV_NA,204625442,10/26/2017,4753,21,4732,78,4654,21,4633,4476,157,99,96,4572
TJN_HOM_030_HomeGoods 2H Digital_F18,NinthDecimal,PJQ7NJ_TJN_HOM_030_Mobile_NINTHDECIMAL_DST_SV1_MAP_DIR_RCH_TRG_RON_BTG_DMA_DVY_CONSUMER JOURNEY: BARGAIN HUNTERS_Run of Network_Behavioral_F25-54_320 x 50_Click and View_NV_NA,204644353,10/5/2017,7137,173,6964,3812,3152,17,3135,3003,132,3829,3668,6671
TJN_HOM_030_HomeGoods 2H Digital_F18,Nativo Inc.,PJQDHJ_TJN_HOM_030_Content_NATIVO FKA POST RLSE_DSI_BS2_MWB_DIR_NAD_ROT_RON_CTG_BTG_DVY_NATIVE DISPLAY UNIT FALLIDAYS_Run of Network_Contextual_F25-54_1 x 1_Click and View_NV_NA,206024352,10/3/2017,495288,40430,454858,254,454604,15188,439416,188997,250419,15442,6642,195639
TJN_HOM_030_HomeGoods 2H Digital_F18,xAd Inc.,PJQ7MH_TJN_HOM_030_Mobile_GROUND TRUTH FKA XAD_DST_SV1_MAP_DIR_DSP_TRG_RON_PXT_BTG_DVY_PROXIMITY LOYALTY - DYNAMIC DISTANCE_Run of Network_Geo_F25-54_300 x 250_Click and View_NV_NA,204675003,10/21/2017,29735,500,29235,29230,5,0,5,5,0,29230,29224,29229
TJN_HOM_013_HomeGoods FEP_Q3FY18,Discovery Digital Media,PHWLS7_TJN_HOM_013_Content_DISCOVERY NETWORKS_Full Episode Video Mobile Web_30s_FEP_Contextual_F25-54_1920 x 1080_Standard_NV_NA,201895019,7/18/2017,974,5,969,969,0,0,0,0,0,969,,
TJN_HOM_008_HomeGoods Summer Digital_FY18,NinthDecimal,PHHXGQ_TJN_HOM_008_Mobile_NINTHDECIMAL_CHILD_PET OWNERS RETENTION_MOBILE APP_CUSTOM_DISPLAY_320X50_Run of Network_Behavioral_F25-54_320 x 50_Click and View_NV_NA,200578886,8/12/2017,3155,8,3147,331,2816,30,2786,2468,318,361,320,2788
TJN_HOM_008_HomeGoods Summer Digital_FY18,Hulu,PHG79G_TJN_HOM_008_FEP_HULU_ROS Pre-roll_CROSS DEVICE_PRE-ROLL_VIDEO_1920X1080_VAST_AUDIENCE_N/A_N/A_3RD PARTY_N/A_Run of Site_Demo_F25-54_1920 x 1080_Standard_NV_NA,201466946,7/20/2017,10150,99,10051,10051,0,0,0,0,0,10051,9350,9350
TJN_HOM_030_HomeGoods 2H Digital_F18,NinthDecimal,PJQ7NG_TJN_HOM_030_Mobile_NINTHDECIMAL_DST_SV1_MAP_DIR_RCH_TRG_RON_BTG_DMA_DVY_CONSUMER JOURNEY: NEW HOME BUYERS & MOVERS_Run of Network_Behavioral_F25-54_320 x 50_Click and View_NV_NA,204625835,9/6/2017,6022,145,5877,2874,3003,18,2985,2893,92,2892,2803,5696
TJN_HOM_030_HomeGoods 2H Digital_F18,NinthDecimal,PJQ7N5_TJN_HOM_030_Mobile_NINTHDECIMAL_DST_SV1_MAP_DIR_RCH_TRG_RON_PXT_DMA_DVY_GEOFENCE: 2-MILE RADIUS AROUND URBAN STORES_Run of Network_Geo_F25-54_320 x 50_Click and View_NV_NA,204649945,9/12/2017,9181,258,8923,4373,4550,28,4522,4388,134,4401,4271,8659
TJN_HOM_030_HomeGoods 2H Digital_F18,xAd Inc.,PJQ7MS_TJN_HOM_030_Mobile_GROUND TRUTH FKA XAD_DST_SV1_MAP_DIR_DSP_TRG_RON_DMA_PXT_DVY_AV DMA TARGETING_Run of Network_Geo_F25-54_300 x 250_Click and View_NV_NA,204646501,11/10/2017,14876,229,14647,7618,7029,172,6857,3695,3162,7790,4198,7893
TJN_HOM_008_HomeGoods Summer Digital_FY18,Hulu,PHG79M_TJN_HOM_008_FEP_HULU_Premium Slate_CROSS DEVICE_PRE-ROLL_CUSTOM_VECTOR LOGO_1X1_N/A_N/A_N/A_SITE_N/A_Roadblock_Demo_F25-54_1 x 1_Click and View_NV_NA,201466502,7/28/2017,76474,694,75780,75780,0,0,0,0,0,75780,69157,69157
TJN_HOM_013_HomeGoods FEP_Q3FY18,Discovery Digital Media,PHWLS5_TJN_HOM_013_Content_DISCOVERY NETWORKS_Full Episode Video Desktop_30s_FEP_Contextual_F25-54_1920 x 1080_Standard_NV_NA,201895013,9/17/2017,3440,124,3316,3316,0,0,0,0,0,3316,,
TJN_HOM_030_HomeGoods 2H Digital_F18,xAd Inc.,PJQ7MQ_TJN_HOM_030_Mobile_GROUND TRUTH FKA XAD_DST_SV1_MAP_DIR_DSP_TRG_RON_MKT_DMA_DVY_LOCATION - COMPETITOR SHOPPERS - DYNAMIC DISTANCE_Run of Network_Geo_F25-54_320 x 50_Click and View_NV_NA,204617210,9/21/2017,14668,232,14436,11538,2898,944,1954,1781,173,12482,10018,11799
TJN_HOM_008_HomeGoods Summer Digital_FY18,xAd Inc.,PHHXGT_TJN_HOM_008_Mobile_XAD INC_CHILD_CONQUESTING_MOBILE APP_STANDARD_DISPLAY_320X50_GEO-FENCING_Run of Network_Geo_F25-54_320 x 50_Click and View_NV_NA,200573066,8/11/2017,122935,1806,121129,82142,38987,519,38468,31480,6988,82661,67645,99125
TJN_HOM_008_HomeGoods Summer Digital_FY18,Hulu,PHG79K_TJN_HOM_008_FEP_HULU_Summer TV Pre-roll_SPONSORSHIP_CROSS DEVICE_PRE-ROLL_VIDEO_1920X1080_VAST_N/A_N/A_N/A_3RD PARTY_N/A_Roadblock_Demo_F25-54_1920 x 1080_Standard_NV_NA,201466499,8/27/2017,127620,957,126663,126663,0,0,0,0,0,126663,123486,123486
TJN_HOM_008_HomeGoods Summer Digital_FY18,Hulu,PHG79K_TJN_HOM_008_FEP_HULU_Summer TV Pre-roll_SPONSORSHIP_CROSS DEVICE_PRE-ROLL_VIDEO_1920X1080_VAST_N/A_N/A_N/A_3RD PARTY_N/A_Roadblock_Demo_F25-54_1920 x 1080_Standard_NV_NA,201466499,8/9/2017,142462,1239,141223,141223,0,0,0,0,0,141223,122977,122977
TJN_HOM_030_HomeGoods 2H Digital_F18,NinthDecimal,PJQ7N7_TJN_HOM_030_Mobile_NINTHDECIMAL_DST_SV1_MAP_DIR_RCH_TRG_RON_PXT_DMA_DVY_GEOFENCE: 15-20-MILE RADIUS AROUND RURAL STORES_Run of Network_Geo_F25-54_320 x 50_Click and View_NV_NA,204674556,10/23/2017,8738,149,8589,4618,3971,54,3917,3833,84,4672,4572,8405
TJN_HOM_030_HomeGoods 2H Digital_F18,NinthDecimal,PJQ7NB_TJN_HOM_030_Mobile_NINTHDECIMAL_DST_SV1_MAP_DIR_RCH_TRG_RON_BTG_PXT_DVY_LOCATION GRAPH: COMPETITIVE CONQUESTING_Run of Network_Behavioral_F25-54_320 x 50_Click and View_NV_NA,204649942,11/12/2017,8087,85,8002,633,7369,41,7328,7120,208,674,655,7775
TJN_HOM_030_HomeGoods 2H Digital_F18,NinthDecimal,PJQ7N7_TJN_HOM_030_Mobile_NINTHDECIMAL_DST_SV1_MAP_DIR_RCH_TRG_RON_PXT_DMA_DVY_GEOFENCE: 15-20-MILE RADIUS AROUND RURAL STORES_Run of Network_Geo_F25-54_320 x 50_Click and View_NV_NA,204674556,9/22/2017,58150,1543,56607,31125,25482,189,25293,24684,609,31314,30560,55244
TJN_HOM_030_HomeGoods 2H Digital_F18,xAd Inc.,PJQ7MS_TJN_HOM_030_Mobile_GROUND TRUTH FKA XAD_DST_SV1_MAP_DIR_DSP_TRG_RON_DMA_PXT_DVY_AV DMA TARGETING_Run of Network_Geo_F25-54_300 x 250_Click and View_NV_NA,204646501,10/5/2017,1,1,0,0,0,0,0,0,0,0,0,0
TJN_HOM_030_HomeGoods 2H Digital_F18,xAd Inc.,PJQ7MM_TJN_HOM_030_Mobile_GROUND TRUTH FKA XAD_DST_SV1_MAP_DIR_DSP_TRG_RON_BTG_DMA_DVY_BEHAVIORAL - HOME SHOPPER- DYNAMIC DISTANCE_Run of Network_Behavioral_F25-54_300 x 250_Click and View_NV_NA,204626171,10/19/2017,7088,394,6694,6694,0,0,0,0,0,6694,5521,5521
TJN_HOM_008_HomeGoods Summer Digital_FY18,xAd Inc.,Rolled-up Placements,N/A,7/2/2017,171344,19771,151573,126143,25430,12968,12462,9463,2999,139111,110444,119907
TJN_HOM_030_HomeGoods 2H Digital_F18,NinthDecimal,PJQ7NJ_TJN_HOM_030_Mobile_NINTHDECIMAL_DST_SV1_MAP_DIR_RCH_TRG_RON_BTG_DMA_DVY_CONSUMER JOURNEY: BARGAIN HUNTERS_Run of Network_Behavioral_F25-54_320 x 50_Click and View_NV_NA,204644353,10/24/2017,9713,201,9512,3765,5747,170,5577,5425,152,3935,3828,9253
TJN_HOM_008_HomeGoods Summer Digital_FY18,xAd Inc.,PHHXGV_TJN_HOM_008_Mobile_XAD INC_CHILD_CONQUESTING_MOBILE APP_STANDARD_DISPLAY_300X250_GEO-FENCING_Run of Network_Geo_F25-54_300 x 250_Click and View_NV_NA,200573063,7/24/2017,13439,153,13286,11927,1359,110,1249,1228,21,12037,11835,13063
TJN_HOM_030_HomeGoods 2H Digital_F18,Nativo Inc.,PJQDHJ_TJN_HOM_030_Content_NATIVO FKA POST RLSE_DSI_BS2_MWB_DIR_NAD_ROT_RON_CTG_BTG_DVY_NATIVE DISPLAY UNIT FALLIDAYS_Run of Network_Contextual_F25-54_1 x 1_Click and View_NV_NA,206024352,10/25/2017,1331818,71389,1260429,13088,1247341,92793,1154548,448471,706077,105881,41128,489599
TJN_HOM_013_HomeGoods FEP_Q3FY18,Scripps Networks,PHNKCR_TJN_HOM_013_FEP_SCRIPPSNETWORKS.COM_On-site_Crossplatform_FEP_Demo_F25-54_1280 x 720_Standard_NV_NA,201888442,9/12/2017,1740,5,1735,1735,0,0,0,0,0,1735,,
TJN_HOM_008_HomeGoods Summer Digital_FY18,Hulu,Rolled-up Placements,N/A,7/13/2017,473238,5427,467811,467811,0,0,0,0,0,467811,435800,435800
TJN_HOM_013_HomeGoods FEP_Q3FY18,Discovery Digital Media,PHWLS9_TJN_HOM_013_Content_DISCOVERY NETWORKS_Full Episode Video OTT/CTV_30s_FEP_Contextual_F25-54_1920 x 1080_Standard_NV_NA,201891428,8/28/2017,6737,19,6718,6718,0,0,0,0,0,6718,,
TJN_HOM_030_HomeGoods 2H Digital_F18,NinthDecimal,PJQ7NH_TJN_HOM_030_Mobile_NINTHDECIMAL_DST_SV1_MAP_DIR_RCH_TRG_RON_BTG_DMA_DVY_CONSUMER JOURNEY: PET SUPPLY SHOPPERS_Run of Network_Behavioral_F25-54_320 x 50_Click and View_NV_NA,204647914,9/21/2017,7228,157,7071,2425,4646,29,4617,4442,175,2454,2361,6803
TJN_HOM_030_HomeGoods 2H Digital_F18,xAd Inc.,PJQ7MG_TJN_HOM_030_Mobile_GROUND TRUTH FKA XAD_DST_SV1_MAP_DIR_DSP_TRG_RON_PXT_BTG_DVY_PROXIMITY LOYALTY - DYNAMIC DISTANCE_Run of Network_Geo_F25-54_320 x 50_Click and View_NV_NA,204626813,9/12/2017,70709,1627,69082,51588,17494,1785,15709,12945,2764,53373,25744,38689
TJN_HOM_008_HomeGoods Summer Digital_FY18,xAd Inc.,PHHXH0_TJN_HOM_008_Mobile_XAD INC_STANDALONE_RON_MOBILE APP_STANDARD_DISPLAY_320X50_GEO-FENCING_Run of Network_Behavioral_F25-54_320 x 50_Click and View_NV_NA,200587948,7/25/2017,16,0,16,2,14,7,7,0,7,9,0,0
TJN_HOM_008_HomeGoods Summer Digital_FY18,Hulu,PHG79N_TJN_HOM_008_FEP_HULU_Masthead_SPONSORSHIP_CROSS DEVICE_CUSTOM_VIDEO_1X1_1X1_N/A_N/A_N/A_SITE_N/A_Roadblock_Demo_F25-54_1 x 1_Click and View_NV_NA,201462657,8/24/2017,71972,635,71337,71337,0,0,0,0,0,71337,69132,69132
TJN_HOM_030_HomeGoods 2H Digital_F18,xAd Inc.,PJQ7ML_TJN_HOM_030_Mobile_GROUND TRUTH FKA XAD_DST_SV1_MAP_DIR_DSP_TRG_RON_BTG_DMA_DVY_BEHAVIORAL - HOME SHOPPER - DYNAMIC DISTANCE_Run of Network_Behavioral_F25-54_320 x 50_Click and View_NV_NA,204626174,10/22/2017,9203,102,9101,5518,3583,365,3218,1682,1536,5883,3041,4723
TJN_HOM_030_HomeGoods 2H Digital_F18,xAd Inc.,PJQ7MP_TJN_HOM_030_Mobile_GROUND TRUTH FKA XAD_DST_SV1_MAP_DIR_DSP_TRG_RON_MKT_DMA_DVY_LOCATION - HOMEGOODS SHOPPERS - DYNAMIC DISTANCE_Run of Network_Geo_F25-54_300 x 250_Click and View_NV_NA,204647878,9/5/2017,1913,18,1895,1889,6,0,6,5,1,1889,1574,1579
TJN_HOM_013_HomeGoods FEP_Q3FY18,Discovery Digital Media,PHWLS9_TJN_HOM_013_Content_DISCOVERY NETWORKS_Full Episode Video OTT/CTV_30s_FEP_Contextual_F25-54_1920 x 1080_Standard_NV_NA,201891428,9/14/2017,10117,21,10096,10096,0,0,0,0,0,10096,,
TJN_HOM_008_HomeGoods Summer Digital_FY18,NinthDecimal,PHHXGN_TJN_HOM_008_Mobile_NINTHDECIMAL_CHILD_LUXURY SHOPPERS RETENTION_MOBILE APP_CUSTOM_DISPLAY_320X50_Run of Network_Behavioral_F25-54_320 x 50_Click and View_NV_NA,200582901,8/25/2017,1178,8,1170,87,1083,6,1077,965,112,93,83,1048
TJN_HOM_030_HomeGoods 2H Digital_F18,xAd Inc.,PJQ7MM_TJN_HOM_030_Mobile_GROUND TRUTH FKA XAD_DST_SV1_MAP_DIR_DSP_TRG_RON_BTG_DMA_DVY_BEHAVIORAL - HOME SHOPPER- DYNAMIC DISTANCE_Run of Network_Behavioral_F25-54_300 x 250_Click and View_NV_NA,204626171,9/11/2017,5232,85,5147,5147,0,0,0,0,0,5147,2376,2376
TJN_HOM_030_HomeGoods 2H Digital_F18,NinthDecimal,PJQ7NB_TJN_HOM_030_Mobile_NINTHDECIMAL_DST_SV1_MAP_DIR_RCH_TRG_RON_BTG_PXT_DVY_LOCATION GRAPH: COMPETITIVE CONQUESTING_Run of Network_Behavioral_F25-54_320 x 50_Click and View_NV_NA,204649942,9/26/2017,5205,82,5123,2323,2800,12,2788,2709,79,2335,2269,4978
TJN_HOM_030_HomeGoods 2H Digital_F18,NinthDecimal,PJQ7NJ_TJN_HOM_030_Mobile_NINTHDECIMAL_DST_SV1_MAP_DIR_RCH_TRG_RON_BTG_DMA_DVY_CONSUMER JOURNEY: BARGAIN HUNTERS_Run of Network_Behavioral_F25-54_320 x 50_Click and View_NV_NA,204644353,10/17/2017,9112,148,8964,4281,4683,27,4656,4518,138,4308,4180,8698
TJN_HOM_008_HomeGoods Summer Digital_FY18,Hulu,PHG79J_TJN_HOM_008_FEP_HULU_Branded Slate_ROS_CROSS DEVICE_PRE-ROLL_CUSTOM_VECTOR LOGO_1X1_AUDIENCE_N/A_N/A_SITE_N/A_Run of Site_Demo_F25-54_1 x 1_Click and View_NV_NA,201467345,9/28/2017,1669,20,1649,1649,0,0,0,0,0,1649,1470,1470
TJN_HOM_013_HomeGoods FEP_Q3FY18,Scripps Networks,PHNKCR_TJN_HOM_013_FEP_SCRIPPSNETWORKS.COM_On-site_Crossplatform_FEP_Demo_F25-54_1280 x 720_Standard_NV_NA,201888442,7/26/2017,3595,13,3582,3582,0,0,0,0,0,3582,,
TJN_HOM_025_HomeGoods Digital Video_Q4FY18,Tremor Video Inc.,PK1FYN_TJN_HOM_025_OLV_TREMOR NETWORK_AWR_BS1_DSK_DIR_VID_TRG_RON_PXT_CTG_DVY_ALL SCREEN PREROLL + PROXIMITYPLUS DWELL TIME TARGETING TO HOMEGOODS VISITORS DESKTOP_Run of Network_Behavioral_F25-54_1280 x 720_Standard_NV_NA,205941312,10/15/2017,92074,67,92007,31281,60726,1612,59114,51881,7233,32893,28868,80749
TJN_HOM_030_HomeGoods 2H Digital_F18,NinthDecimal,PJQ7NF_TJN_HOM_030_Mobile_NINTHDECIMAL_DST_SV1_MAP_DIR_RCH_TRG_RON_BTG_DMA_DVY_CONSUMER JOURNEY: HOME FURNISHINGS SHOPPERS_Run of Network_Behavioral_F25-54_320 x 50_Click and View_NV_NA,204626291,10/27/2017,13456,170,13286,1098,12188,54,12134,11781,353,1152,1118,12899
TJN_HOM_013_HomeGoods FEP_Q3FY18,Discovery Digital Media,PHWLS7_TJN_HOM_013_Content_DISCOVERY NETWORKS_Full Episode Video Mobile Web_30s_FEP_Contextual_F25-54_1920 x 1080_Standard_NV_NA,201895019,8/2/2017,946,8,938,938,0,0,0,0,0,938,,
TJN_HOM_013_HomeGoods FEP_Q3FY18,Scripps Networks,PHNKCT_TJN_HOM_013_FEP_SCRIPPSNETWORKS.COM_TVE_Crossplatform_FEP_Demo_F25-54_1 x 1_Click and View_NV_NA,201878832,7/25/2017,1029,4,1025,1025,0,0,0,0,0,1025,,
TJN_HOM_008_HomeGoods Summer Digital_FY18,xAd Inc.,PHHXGX_TJN_HOM_008_Mobile_XAD INC_CHILD_LOCATION AUDIENCE-HOMEGOODS SHOPPERS_MOBILE APP_STANDARD_DISPLAY_300X250_Run of Network_Behavioral_F25-54_300 x 250_Click and View_NV_NA,200587524,8/8/2017,7317,1614,5703,26,5677,5577,100,98,2,5603,5491,5589
TJN_HOM_008_HomeGoods Summer Digital_FY18,Hulu,PHG79N_TJN_HOM_008_FEP_HULU_Masthead_SPONSORSHIP_CROSS DEVICE_CUSTOM_VIDEO_1X1_1X1_N/A_N/A_N/A_SITE_N/A_Roadblock_Demo_F25-54_1 x 1_Click and View_NV_NA,201462657,8/20/2017,143233,1012,142221,142221,0,0,0,0,0,142221,114696,114696
TJN_HOM_008_HomeGoods Summer Digital_FY18,Hulu,PHG79J_TJN_HOM_008_FEP_HULU_Branded Slate_ROS_CROSS DEVICE_PRE-ROLL_CUSTOM_VECTOR LOGO_1X1_AUDIENCE_N/A_N/A_SITE_N/A_Run of Site_Demo_F25-54_1 x 1_Click and View_NV_NA,201467345,8/28/2017,1828,19,1809,1809,0,0,0,0,0,1809,1757,1757
TJN_HOM_008_HomeGoods Summer Digital_FY18,NinthDecimal,PHHXGK_TJN_HOM_008_Mobile_NINTHDECIMAL_CHILD_PROSPECTING_MOBILE APP_CUSTOM_DISPLAY_320X50_Run of Network_Behavioral_F25-54_320 x 50_Click and View_NV_NA,200587954,7/19/2017,167960,2505,165455,48882,116573,452,116121,112727,3394,49334,47892,160619
TJN_HOM_008_HomeGoods Summer Digital_FY18,xAd Inc.,PHHXGZ_TJN_HOM_008_Mobile_XAD INC_CHILD_LOYALTY_MOBILE APP_CUSTOM_RICH MEDIA_300X250_GEO-FENCING_Run of Network_Geo_F25-54_300 x 250_Click and View_NV_NA,200577158,8/6/2017,1160,37,1123,374,749,9,740,678,62,383,351,1029
TJN_HOM_008_HomeGoods Summer Digital_FY18,NinthDecimal,PHHXGN_TJN_HOM_008_Mobile_NINTHDECIMAL_CHILD_LUXURY SHOPPERS RETENTION_MOBILE APP_CUSTOM_DISPLAY_320X50_Run of Network_Behavioral_F25-54_320 x 50_Click and View_NV_NA,200582901,7/25/2017,3846,9,3837,362,3475,21,3454,3203,251,383,355,3558
TJN_HOM_008_HomeGoods Summer Digital_FY18,NinthDecimal,PHHXGP_TJN_HOM_008_Mobile_NINTHDECIMAL_CHILD_PET OWNERS PROSPECTING_MOBILE APP_CUSTOM_DISPLAY_320X50_Run of Network_Behavioral_F25-54_320 x 50_Click and View_NV_NA,200586375,8/8/2017,17177,200,16977,3166,13811,54,13757,13140,617,3220,3076,16216
TJN_HOM_008_HomeGoods Summer Digital_FY18,xAd Inc.,PHHXH0_TJN_HOM_008_Mobile_XAD INC_STANDALONE_RON_MOBILE APP_STANDARD_DISPLAY_320X50_GEO-FENCING_Run of Network_Behavioral_F25-54_320 x 50_Click and View_NV_NA,200587948,8/25/2017,198926,2245,196681,109622,87059,1109,85950,84469,1481,110731,108823,193292
TJN_HOM_030_HomeGoods 2H Digital_F18,xAd Inc.,PJQ7MS_TJN_HOM_030_Mobile_GROUND TRUTH FKA XAD_DST_SV1_MAP_DIR_DSP_TRG_RON_DMA_PXT_DVY_AV DMA TARGETING_Run of Network_Geo_F25-54_300 x 250_Click and View_NV_NA,204646501,10/17/2017,2456,53,2403,1614,789,28,761,581,180,1642,1254,1835
TJN_HOM_030_HomeGoods 2H Digital_F18,NinthDecimal,PJQ7NF_TJN_HOM_030_Mobile_NINTHDECIMAL_DST_SV1_MAP_DIR_RCH_TRG_RON_BTG_DMA_DVY_CONSUMER JOURNEY: HOME FURNISHINGS SHOPPERS_Run of Network_Behavioral_F25-54_320 x 50_Click and View_NV_NA,204626291,9/7/2017,3472,88,3384,743,2641,7,2634,2602,32,750,741,3343
TJN_HOM_008_HomeGoods Summer Digital_FY18,Hulu,PHG79M_TJN_HOM_008_FEP_HULU_Premium Slate_CROSS DEVICE_PRE-ROLL_CUSTOM_VECTOR LOGO_1X1_N/A_N/A_N/A_SITE_N/A_Roadblock_Demo_F25-54_1 x 1_Click and View_NV_NA,201466502,9/1/2017,7,0,7,7,0,0,0,0,0,7,7,7
TJN_HOM_030_HomeGoods 2H Digital_F18,xAd Inc.,PJQ7ML_TJN_HOM_030_Mobile_GROUND TRUTH FKA XAD_DST_SV1_MAP_DIR_DSP_TRG_RON_BTG_DMA_DVY_BEHAVIORAL - HOME SHOPPER - DYNAMIC DISTANCE_Run of Network_Behavioral_F25-54_320 x 50_Click and View_NV_NA,204626174,10/10/2017,7100,39,7061,5416,1645,82,1563,1030,533,5498,3613,4643
TJN_HOM_030_HomeGoods 2H Digital_F18,NinthDecimal,PJQ7NF_TJN_HOM_030_Mobile_NINTHDECIMAL_DST_SV1_MAP_DIR_RCH_TRG_RON_BTG_DMA_DVY_CONSUMER JOURNEY: HOME FURNISHINGS SHOPPERS_Run of Network_Behavioral_F25-54_320 x 50_Click and View_NV_NA,204626291,11/5/2017,7607,110,7497,1429,6068,31,6037,5855,182,1460,1416,7271
TJN_HOM_013_HomeGoods FEP_Q3FY18,Discovery Digital Media,PHWLS9_TJN_HOM_013_Content_DISCOVERY NETWORKS_Full Episode Video OTT/CTV_30s_FEP_Contextual_F25-54_1920 x 1080_Standard_NV_NA,201891428,8/18/2017,11845,31,11814,11814,0,0,0,0,0,11814,,
TJN_HOM_030_HomeGoods 2H Digital_F18,NinthDecimal,PJQ7N8_TJN_HOM_030_Mobile_NINTHDECIMAL_DST_SV1_MAP_DIR_RCH_TRG_RON_BTG_PXT_DVY_LOCATION GRAPH: HOMEGOODS LOYALISTS_Run of Network_Behavioral_F25-54_320 x 50_Click and View_NV_NA,204675012,11/9/2017,8250,123,8127,312,7815,20,7795,7569,226,332,322,7891
TJN_HOM_008_HomeGoods Summer Digital_FY18,xAd Inc.,PHHXGR_TJN_HOM_008_Mobile_XAD INC_CHILD_LOYALTY_MOBILE APP_STANDARD_DISPLAY_320X50_GEO-FENCING_Run of Network_Geo_F25-54_320 x 50_Click and View_NV_NA,200587518,7/18/2017,31459,388,31071,28156,2915,33,2882,1883,999,28189,18418,20301
TJN_HOM_030_HomeGoods 2H Digital_F18,xAd Inc.,PJQ7MN_TJN_HOM_030_Mobile_GROUND TRUTH FKA XAD_DST_SV1_MAP_DIR_DSP_TRG_RON_MKT_DMA_DVY_LOCATION - HOMEGOODS SHOPPERS - DYNAMIC DISTANCE_Run of Network_Geo_F25-54_320 x 50_Click and View_NV_NA,204651439,9/29/2017,42402,969,41433,30132,11301,692,10609,8313,2296,30824,22669,30982
TJN_HOM_013_HomeGoods FEP_Q3FY18,Discovery Digital Media,PHWLS8_TJN_HOM_013_Content_DISCOVERY NETWORKS_Full Episode Video Tablet Web_30s_FEP_Contextual_F25-54_1920 x 1080_Standard_NV_NA,201899695,9/8/2017,877,27,850,850,0,0,0,0,0,850,,
TJN_HOM_030_HomeGoods 2H Digital_F18,NinthDecimal,PJQ7ND_TJN_HOM_030_Mobile_NINTHDECIMAL_DST_SV1_MAP_DIR_RCH_TRG_RON_BTG_DMA_DVY_CONSUMER JOURNEY: HOUSEHOLD CEO_Run of Network_Behavioral_F25-54_320 x 50_Click and View_NV_NA,204626294,10/5/2017,7411,161,7250,4285,2965,19,2946,2829,117,4304,4133,6962
TJN_HOM_008_HomeGoods Summer Digital_FY18,Hulu,PHG79N_TJN_HOM_008_FEP_HULU_Masthead_SPONSORSHIP_CROSS DEVICE_CUSTOM_VIDEO_1X1_1X1_N/A_N/A_N/A_SITE_N/A_Roadblock_Demo_F25-54_1 x 1_Click and View_NV_NA,201462657,8/11/2017,813,2,811,811,0,0,0,0,0,811,709,709
TJN_HOM_030_HomeGoods 2H Digital_F18,NinthDecimal,"PJQ7NK_TJN_HOM_030_Mobile_NINTHDECIMAL_DST_SV1_MAP_DIR_RCH_TRG_RON_BTG_DMA_DVY_TV TARGETING: HGTV, DIY NETWORK, BRAVO, TLC, FOOD NETWORK_Run of Network_Behavioral_F25-54_320 x 50_Click and View_NV_NA",204674553,11/10/2017,6210,79,6131,872,5259,20,5239,5087,152,892,866,5953
TJN_HOM_013_HomeGoods FEP_Q3FY18,Discovery Digital Media,PHWLS9_TJN_HOM_013_Content_DISCOVERY NETWORKS_Full Episode Video OTT/CTV_30s_FEP_Contextual_F25-54_1920 x 1080_Standard_NV_NA,201891428,9/5/2017,10331,24,10307,10307,0,0,0,0,0,10307,,
TJN_HOM_030_HomeGoods 2H Digital_F18,xAd Inc.,PJQ7MP_TJN_HOM_030_Mobile_GROUND TRUTH FKA XAD_DST_SV1_MAP_DIR_DSP_TRG_RON_MKT_DMA_DVY_LOCATION - HOMEGOODS SHOPPERS - DYNAMIC DISTANCE_Run of Network_Geo_F25-54_300 x 250_Click and View_NV_NA,204647878,9/14/2017,3594,127,3467,3450,17,5,12,10,2,3455,2842,2852
TJN_HOM_013_HomeGoods FEP_Q3FY18,Discovery Digital Media,PHWLS5_TJN_HOM_013_Content_DISCOVERY NETWORKS_Full Episode Video Desktop_30s_FEP_Contextual_F25-54_1920 x 1080_Standard_NV_NA,201895013,9/6/2017,3376,77,3299,3299,0,0,0,0,0,3299,,
TJN_HOM_030_HomeGoods 2H Digital_F18,NinthDecimal,PJQ7N9_TJN_HOM_030_Mobile_NINTHDECIMAL_DST_SV1_MAP_DIR_RCH_TRG_RON_BTG_PXT_DVY_LOCATION GRAPH: TJX FAMILY LOYALISTS_Run of Network_Behavioral_F25-54_320 x 50_Click and View_NV_NA,204647917,9/12/2017,36831,451,36380,11029,25351,108,25243,24502,741,11137,10810,35312
TJN_HOM_030_HomeGoods 2H Digital_F18,xAd Inc.,PJQ7MP_TJN_HOM_030_Mobile_GROUND TRUTH FKA XAD_DST_SV1_MAP_DIR_DSP_TRG_RON_MKT_DMA_DVY_LOCATION - HOMEGOODS SHOPPERS - DYNAMIC DISTANCE_Run of Network_Geo_F25-54_300 x 250_Click and View_NV_NA,204647878,10/14/2017,6998,440,6558,6557,1,0,1,0,1,6557,0,0
TJN_HOM_030_HomeGoods 2H Digital_F18,NinthDecimal,PJQ7ND_TJN_HOM_030_Mobile_NINTHDECIMAL_DST_SV1_MAP_DIR_RCH_TRG_RON_BTG_DMA_DVY_CONSUMER JOURNEY: HOUSEHOLD CEO_Run of Network_Behavioral_F25-54_320 x 50_Click and View_NV_NA,204626294,11/10/2017,7960,134,7826,1394,6432,41,6391,6201,190,1435,1392,7593
TJN_HOM_030_HomeGoods 2H Digital_F18,NinthDecimal,"PJQ7NK_TJN_HOM_030_Mobile_NINTHDECIMAL_DST_SV1_MAP_DIR_RCH_TRG_RON_BTG_DMA_DVY_TV TARGETING: HGTV, DIY NETWORK, BRAVO, TLC, FOOD NETWORK_Run of Network_Behavioral_F25-54_320 x 50_Click and View_NV_NA",204674553,10/5/2017,7786,151,7635,3935,3700,36,3664,3518,146,3971,3813,7331
TJN_HOM_008_HomeGoods Summer Digital_FY18,xAd Inc.,Rolled-up Placements,N/A,7/16/2017,191142,22173,168969,145273,23696,15173,8523,6709,1814,160446,120970,127679
TJN_HOM_030_HomeGoods 2H Digital_F18,NinthDecimal,PJQ7NG_TJN_HOM_030_Mobile_NINTHDECIMAL_DST_SV1_MAP_DIR_RCH_TRG_RON_BTG_DMA_DVY_CONSUMER JOURNEY: NEW HOME BUYERS & MOVERS_Run of Network_Behavioral_F25-54_320 x 50_Click and View_NV_NA,204625835,9/17/2017,8698,138,8560,2611,5949,30,5919,5715,204,2641,2550,8265
TJN_HOM_008_HomeGoods Summer Digital_FY18,xAd Inc.,Rolled-up Placements,N/A,6/23/2017,157172,19814,137358,102557,34801,15470,19331,15625,3706,118027,92804,108429
TJN_HOM_030_HomeGoods 2H Digital_F18,NinthDecimal,PJQ7NB_TJN_HOM_030_Mobile_NINTHDECIMAL_DST_SV1_MAP_DIR_RCH_TRG_RON_BTG_PXT_DVY_LOCATION GRAPH: COMPETITIVE CONQUESTING_Run of Network_Behavioral_F25-54_320 x 50_Click and View_NV_NA,204649942,9/11/2017,6353,102,6251,3313,2938,21,2917,2815,102,3334,3217,6032
TJN_HOM_008_HomeGoods Summer Digital_FY18,xAd Inc.,PHHXGV_TJN_HOM_008_Mobile_XAD INC_CHILD_CONQUESTING_MOBILE APP_STANDARD_DISPLAY_300X250_GEO-FENCING_Run of Network_Geo_F25-54_300 x 250_Click and View_NV_NA,200573063,8/21/2017,24938,3532,21406,214,21192,21141,51,46,5,21355,19261,19307
TJN_HOM_013_HomeGoods FEP_Q3FY18,Discovery Digital Media,PHWLS6_TJN_HOM_013_Content_DISCOVERY NETWORKS_Full Episode Video Mobile App_30s_FEP_Contextual_F25-54_1920 x 1080_Standard_NV_NA,201891425,7/31/2017,22921,152,22769,22769,0,0,0,0,0,22769,,
TJN_HOM_030_HomeGoods 2H Digital_F18,xAd Inc.,PJQ7MM_TJN_HOM_030_Mobile_GROUND TRUTH FKA XAD_DST_SV1_MAP_DIR_DSP_TRG_RON_BTG_DMA_DVY_BEHAVIORAL - HOME SHOPPER- DYNAMIC DISTANCE_Run of Network_Behavioral_F25-54_300 x 250_Click and View_NV_NA,204626171,9/26/2017,34387,9694,24693,24465,228,13,215,200,15,24478,22733,22933
TJN_HOM_008_HomeGoods Summer Digital_FY18,xAd Inc.,PHHXGW_TJN_HOM_008_Mobile_XAD INC_CHILD_LOCATION AUDIENCE-HOMEGOODS SHOPPERS_MOBILE APP_STANDARD_DISPLAY_320X50_Run of Network_Behavioral_F25-54_320 x 50_Click and View_NV_NA,200585089,9/4/2017,30709,470,30239,5994,24245,593,23652,20763,2889,6587,5782,26545
TJN_HOM_030_HomeGoods 2H Digital_F18,NinthDecimal,PJQ7ND_TJN_HOM_030_Mobile_NINTHDECIMAL_DST_SV1_MAP_DIR_RCH_TRG_RON_BTG_DMA_DVY_CONSUMER JOURNEY: HOUSEHOLD CEO_Run of Network_Behavioral_F25-54_320 x 50_Click and View_NV_NA,204626294,10/24/2017,8624,173,8451,2703,5748,163,5585,5442,143,2866,2793,8235
TJN_HOM_013_HomeGoods FEP_Q3FY18,Discovery Digital Media,PHWLS9_TJN_HOM_013_Content_DISCOVERY NETWORKS_Full Episode Video OTT/CTV_30s_FEP_Contextual_F25-54_1920 x 1080_Standard_NV_NA,201891428,8/5/2017,11382,15,11367,11367,0,0,0,0,0,11367,,
TJN_HOM_025_HomeGoods Digital Video_Q4FY18,Tremor Video Inc.,PK6DWD_TJN_HOM_025_OLV_TREMOR NETWORK_AWR_BS1_MAP_DIR_VID_TRG_RON_BTG_CTG_DVY_ALL SCREEN PREROLL + SOCIAL AFFINITY TARGETING TO W25-54 HOME ENTHUSIASTS MOB/TAB APP_Run of Network_Behavioral_F25-54_1280 x 720_Standard_NV_NA,205941321,10/28/2017,1849197,2481,1846716,1843344,3372,38,3334,2574,760,1843382,1423175,1425749
TJN_HOM_008_HomeGoods Summer Digital_FY18,NinthDecimal,PHHXGQ_TJN_HOM_008_Mobile_NINTHDECIMAL_CHILD_PET OWNERS RETENTION_MOBILE APP_CUSTOM_DISPLAY_320X50_Run of Network_Behavioral_F25-54_320 x 50_Click and View_NV_NA,200578886,8/30/2017,5395,27,5368,640,4728,24,4704,4420,284,664,624,5044
TJN_HOM_008_HomeGoods Summer Digital_FY18,xAd Inc.,PHHXGW_TJN_HOM_008_Mobile_XAD INC_CHILD_LOCATION AUDIENCE-HOMEGOODS SHOPPERS_MOBILE APP_STANDARD_DISPLAY_320X50_Run of Network_Behavioral_F25-54_320 x 50_Click and View_NV_NA,200585089,8/14/2017,35634,706,34928,6912,28016,392,27624,23859,3765,7304,6309,30168
TJN_HOM_030_HomeGoods 2H Digital_F18,NinthDecimal,"PJQ7NK_TJN_HOM_030_Mobile_NINTHDECIMAL_DST_SV1_MAP_DIR_RCH_TRG_RON_BTG_DMA_DVY_TV TARGETING: HGTV, DIY NETWORK, BRAVO, TLC, FOOD NETWORK_Run of Network_Behavioral_F25-54_320 x 50_Click and View_NV_NA",204674553,10/24/2017,8862,87,8775,3234,5541,201,5340,5159,181,3435,3319,8478
TJN_HOM_030_HomeGoods 2H Digital_F18,NinthDecimal,PJQ7NC_TJN_HOM_030_Mobile_NINTHDECIMAL_DST_SV1_MAP_DIR_RCH_TRG_RON_BTG_DMA_DVY_CONSUMER JOURNEY: DIYERS_Run of Network_Behavioral_F25-54_320 x 50_Click and View_NV_NA,204675009,9/16/2017,10396,167,10229,3429,6800,36,6764,6563,201,3465,3362,9925
TJN_HOM_030_HomeGoods 2H Digital_F18,xAd Inc.,PJQ7MJ_TJN_HOM_030_Mobile_GROUND TRUTH FKA XAD_DST_SV1_MAP_DIR_DSP_TRG_RON_PXT_BTG_DVY_PROXIMITY LOYALTY - STORE LOCATOR UNIT_Run of Network_Geo_F25-54_320 x 50_Click and View_NV_NA,204649939,9/27/2017,175147,4038,171109,122895,48214,1191,47023,44190,2833,124086,116610,160800
TJN_HOM_013_HomeGoods FEP_Q3FY18,Discovery Digital Media,PHWLS7_TJN_HOM_013_Content_DISCOVERY NETWORKS_Full Episode Video Mobile Web_30s_FEP_Contextual_F25-54_1920 x 1080_Standard_NV_NA,201895019,9/20/2017,850,24,826,826,0,0,0,0,0,826,,
TJN_HOM_025_HomeGoods Digital Video_Q4FY18,Tremor Video Inc.,PK6DY1_TJN_HOM_025_OLV_TREMOR NETWORK_AWR_BS1_CTV_DIR_VID_TRG_RON_BTG_CTG_DVY_ALL SCREEN PREROLL + SOCIAL AFFINITY TARGETING TO W25-54 HOME ENTHUSIASTS CTV_Run of Network_Behavioral_F25-54_1280 x 720_Standard_NV_NA,205941318,10/11/2017,3189,0,3189,3189,0,0,0,0,0,3189,595,595
TJN_HOM_030_HomeGoods 2H Digital_F18,NinthDecimal,PJQ7NH_TJN_HOM_030_Mobile_NINTHDECIMAL_DST_SV1_MAP_DIR_RCH_TRG_RON_BTG_DMA_DVY_CONSUMER JOURNEY: PET SUPPLY SHOPPERS_Run of Network_Behavioral_F25-54_320 x 50_Click and View_NV_NA,204647914,10/6/2017,11912,258,11654,6657,4997,42,4955,4695,260,6699,6347,11042
TJN_HOM_008_HomeGoods Summer Digital_FY18,xAd Inc.,PHHXGT_TJN_HOM_008_Mobile_XAD INC_CHILD_CONQUESTING_MOBILE APP_STANDARD_DISPLAY_320X50_GEO-FENCING_Run of Network_Geo_F25-54_320 x 50_Click and View_NV_NA,200573066,8/20/2017,82921,1042,81879,56201,25678,467,25211,22898,2313,56668,51469,74367
TJN_HOM_008_HomeGoods Summer Digital_FY18,Hulu,PHG79J_TJN_HOM_008_FEP_HULU_Branded Slate_ROS_CROSS DEVICE_PRE-ROLL_CUSTOM_VECTOR LOGO_1X1_AUDIENCE_N/A_N/A_SITE_N/A_Run of Site_Demo_F25-54_1 x 1_Click and View_NV_NA,201467345,9/5/2017,152,0,152,152,0,0,0,0,0,152,147,147
TJN_HOM_008_HomeGoods Summer Digital_FY18,xAd Inc.,PHHXH0_TJN_HOM_008_Mobile_XAD INC_STANDALONE_RON_MOBILE APP_STANDARD_DISPLAY_320X50_GEO-FENCING_Run of Network_Behavioral_F25-54_320 x 50_Click and View_NV_NA,200587948,7/30/2017,10350,116,10234,5896,4338,51,4287,2873,1414,5947,3985,6858
TJN_HOM_030_HomeGoods 2H Digital_F18,Nativo Inc.,PJQDHJ_TJN_HOM_030_Content_NATIVO FKA POST RLSE_DSI_BS2_MWB_DIR_NAD_ROT_RON_CTG_BTG_DVY_NATIVE DISPLAY UNIT FALLIDAYS_Run of Network_Contextual_F25-54_1 x 1_Click and View_NV_NA,206024352,10/2/2017,524,22,502,0,502,10,492,248,244,10,5,253
TJN_HOM_030_HomeGoods 2H Digital_F18,NinthDecimal,PJQ7NC_TJN_HOM_030_Mobile_NINTHDECIMAL_DST_SV1_MAP_DIR_RCH_TRG_RON_BTG_DMA_DVY_CONSUMER JOURNEY: DIYERS_Run of Network_Behavioral_F25-54_320 x 50_Click and View_NV_NA,204675009,10/13/2017,9998,171,9827,5187,4640,23,4617,4466,151,5210,5040,9506
TJN_HOM_030_HomeGoods 2H Digital_F18,NinthDecimal,PJQ7NC_TJN_HOM_030_Mobile_NINTHDECIMAL_DST_SV1_MAP_DIR_RCH_TRG_RON_BTG_DMA_DVY_CONSUMER JOURNEY: DIYERS_Run of Network_Behavioral_F25-54_320 x 50_Click and View_NV_NA,204675009,9/13/2017,11371,197,11174,2555,8619,36,8583,8393,190,2591,2534,10927
TJN_HOM_030_HomeGoods 2H Digital_F18,NinthDecimal,PJQ7NC_TJN_HOM_030_Mobile_NINTHDECIMAL_DST_SV1_MAP_DIR_RCH_TRG_RON_BTG_DMA_DVY_CONSUMER JOURNEY: DIYERS_Run of Network_Behavioral_F25-54_320 x 50_Click and View_NV_NA,204675009,11/13/2017,1,0,1,0,1,0,1,1,0,0,0,1
TJN_HOM_030_HomeGoods 2H Digital_F18,xAd Inc.,PJQ7MM_TJN_HOM_030_Mobile_GROUND TRUTH FKA XAD_DST_SV1_MAP_DIR_DSP_TRG_RON_BTG_DMA_DVY_BEHAVIORAL - HOME SHOPPER- DYNAMIC DISTANCE_Run of Network_Behavioral_F25-54_300 x 250_Click and View_NV_NA,204626171,11/12/2017,11468,385,11083,11083,0,0,0,0,0,11083,11083,11083
TJN_HOM_030_HomeGoods 2H Digital_F18,NinthDecimal,PJQ7ND_TJN_HOM_030_Mobile_NINTHDECIMAL_DST_SV1_MAP_DIR_RCH_TRG_RON_BTG_DMA_DVY_CONSUMER JOURNEY: HOUSEHOLD CEO_Run of Network_Behavioral_F25-54_320 x 50_Click and View_NV_NA,204626294,10/17/2017,9126,164,8962,4587,4375,36,4339,4226,113,4623,4503,8729
TJN_HOM_013_HomeGoods FEP_Q3FY18,Scripps Networks,PHNKCT_TJN_HOM_013_FEP_SCRIPPSNETWORKS.COM_TVE_Crossplatform_FEP_Demo_F25-54_1 x 1_Click and View_NV_NA,201878832,9/25/2017,858,6,852,852,0,0,0,0,0,852,,
TJN_HOM_030_HomeGoods 2H Digital_F18,xAd Inc.,PJQ7MQ_TJN_HOM_030_Mobile_GROUND TRUTH FKA XAD_DST_SV1_MAP_DIR_DSP_TRG_RON_MKT_DMA_DVY_LOCATION - COMPETITOR SHOPPERS - DYNAMIC DISTANCE_Run of Network_Geo_F25-54_320 x 50_Click and View_NV_NA,204617210,10/6/2017,13462,212,13250,11249,2001,71,1930,1605,325,11320,8768,10373
TJN_HOM_030_HomeGoods 2H Digital_F18,NinthDecimal,PJQ7NB_TJN_HOM_030_Mobile_NINTHDECIMAL_DST_SV1_MAP_DIR_RCH_TRG_RON_BTG_PXT_DVY_LOCATION GRAPH: COMPETITIVE CONQUESTING_Run of Network_Behavioral_F25-54_320 x 50_Click and View_NV_NA,204649942,10/19/2017,7956,113,7843,4696,3147,31,3116,3033,83,4727,4601,7634
TJN_HOM_030_HomeGoods 2H Digital_F18,xAd Inc.,PJQ7MP_TJN_HOM_030_Mobile_GROUND TRUTH FKA XAD_DST_SV1_MAP_DIR_DSP_TRG_RON_MKT_DMA_DVY_LOCATION - HOMEGOODS SHOPPERS - DYNAMIC DISTANCE_Run of Network_Geo_F25-54_300 x 250_Click and View_NV_NA,204647878,9/28/2017,29853,11160,18693,18669,24,0,24,11,13,18669,8548,8559
TJN_HOM_008_HomeGoods Summer Digital_FY18,Hulu,PHG79J_TJN_HOM_008_FEP_HULU_Branded Slate_ROS_CROSS DEVICE_PRE-ROLL_CUSTOM_VECTOR LOGO_1X1_AUDIENCE_N/A_N/A_SITE_N/A_Run of Site_Demo_F25-54_1 x 1_Click and View_NV_NA,201467345,8/18/2017,5276,34,5242,5242,0,0,0,0,0,5242,4622,4622
TJN_HOM_008_HomeGoods Summer Digital_FY18,Hulu,PHG79M_TJN_HOM_008_FEP_HULU_Premium Slate_CROSS DEVICE_PRE-ROLL_CUSTOM_VECTOR LOGO_1X1_N/A_N/A_N/A_SITE_N/A_Roadblock_Demo_F25-54_1 x 1_Click and View_NV_NA,201466502,8/31/2017,70008,602,69406,69406,0,0,0,0,0,69406,66669,66669
TJN_HOM_025_HomeGoods Digital Video_Q4FY18,Tremor Video Inc.,PK1FYM_TJN_HOM_025_OLV_TREMOR NETWORK_AWR_BS1_DSK_DIR_VID_TRG_RON_BTG_CTG_DVY_ALL SCREEN PREROLL + SOCIAL AFFINITY TARGETING TO W25-54 HOME ENTHUSIASTS DESKTOP_Run of Network_Behavioral_F25-54_1280 x 720_Standard_NV_NA,205941870,10/6/2017,258280,131,258149,35418,222731,2640,220091,14570,205521,38058,2519,17089
TJN_HOM_030_HomeGoods 2H Digital_F18,xAd Inc.,PJQ7MN_TJN_HOM_030_Mobile_GROUND TRUTH FKA XAD_DST_SV1_MAP_DIR_DSP_TRG_RON_MKT_DMA_DVY_LOCATION - HOMEGOODS SHOPPERS - DYNAMIC DISTANCE_Run of Network_Geo_F25-54_320 x 50_Click and View_NV_NA,204651439,9/10/2017,10386,217,10169,5460,4709,352,4357,3358,999,5812,4267,7625
TJN_HOM_030_HomeGoods 2H Digital_F18,NinthDecimal,"PJQ7NK_TJN_HOM_030_Mobile_NINTHDECIMAL_DST_SV1_MAP_DIR_RCH_TRG_RON_BTG_DMA_DVY_TV TARGETING: HGTV, DIY NETWORK, BRAVO, TLC, FOOD NETWORK_Run of Network_Behavioral_F25-54_320 x 50_Click and View_NV_NA",204674553,10/17/2017,9223,144,9079,4511,4568,53,4515,4361,154,4564,4408,8769
TJN_HOM_013_HomeGoods FEP_Q3FY18,Scripps Networks,PHNKCT_TJN_HOM_013_FEP_SCRIPPSNETWORKS.COM_TVE_Crossplatform_FEP_Demo_F25-54_1 x 1_Click and View_NV_NA,201878832,7/30/2017,304,1,303,303,0,0,0,0,0,303,,
TJN_HOM_008_HomeGoods Summer Digital_FY18,xAd Inc.,PHHXGT_TJN_HOM_008_Mobile_XAD INC_CHILD_CONQUESTING_MOBILE APP_STANDARD_DISPLAY_320X50_GEO-FENCING_Run of Network_Geo_F25-54_320 x 50_Click and View_NV_NA,200573066,8/24/2017,100535,1290,99245,57798,41447,143,41304,41005,299,57941,57522,98527
TJN_HOM_030_HomeGoods 2H Digital_F18,xAd Inc.,PJQ7MK_TJN_HOM_030_Mobile_GROUND TRUTH FKA XAD_DST_SV1_MAP_DIR_DSP_TRG_RON_PXT_BTG_DVY_PROXIMITY LOYALTY - STORE LOCATOR UNIT_Run of Network_Geo_F25-54_300 x 250_Click and View_NV_NA,204625442,9/25/2017,68028,1189,66839,39727,27112,571,26541,20478,6063,40298,31092,51570
TJN_HOM_008_HomeGoods Summer Digital_FY18,NinthDecimal,PHHXGP_TJN_HOM_008_Mobile_NINTHDECIMAL_CHILD_PET OWNERS PROSPECTING_MOBILE APP_CUSTOM_DISPLAY_320X50_Run of Network_Behavioral_F25-54_320 x 50_Click and View_NV_NA,200586375,8/19/2017,27814,350,27464,4840,22624,110,22514,21636,878,4950,4757,26393
TJN_HOM_025_HomeGoods Digital Video_Q4FY18,Tremor Video Inc.,PK6DWD_TJN_HOM_025_OLV_TREMOR NETWORK_AWR_BS1_MAP_DIR_VID_TRG_RON_BTG_CTG_DVY_ALL SCREEN PREROLL + SOCIAL AFFINITY TARGETING TO W25-54 HOME ENTHUSIASTS MOB/TAB APP_Run of Network_Behavioral_F25-54_1280 x 720_Standard_NV_NA,205941321,10/7/2017,1447,3,1444,1270,174,0,174,167,7,1270,1219,1386
TJN_HOM_030_HomeGoods 2H Digital_F18,xAd Inc.,PJQ7MQ_TJN_HOM_030_Mobile_GROUND TRUTH FKA XAD_DST_SV1_MAP_DIR_DSP_TRG_RON_MKT_DMA_DVY_LOCATION - COMPETITOR SHOPPERS - DYNAMIC DISTANCE_Run of Network_Geo_F25-54_320 x 50_Click and View_NV_NA,204617210,10/11/2017,7753,134,7619,5175,2444,170,2274,1972,302,5345,4511,6483
TJN_HOM_030_HomeGoods 2H Digital_F18,NinthDecimal,PJQ7NC_TJN_HOM_030_Mobile_NINTHDECIMAL_DST_SV1_MAP_DIR_RCH_TRG_RON_BTG_DMA_DVY_CONSUMER JOURNEY: DIYERS_Run of Network_Behavioral_F25-54_320 x 50_Click and View_NV_NA,204675009,9/19/2017,8479,142,8337,3116,5221,35,5186,5037,149,3151,3060,8097
TJN_HOM_025_HomeGoods Digital Video_Q4FY18,Tremor Video Inc.,PK1FYM_TJN_HOM_025_OLV_TREMOR NETWORK_AWR_BS1_DSK_DIR_VID_TRG_RON_BTG_CTG_DVY_ALL SCREEN PREROLL + SOCIAL AFFINITY TARGETING TO W25-54 HOME ENTHUSIASTS DESKTOP_Run of Network_Behavioral_F25-54_1280 x 720_Standard_NV_NA,205941870,10/11/2017,242320,159,242161,76567,165594,2119,163475,23532,139943,78686,11327,34859
TJN_HOM_030_HomeGoods 2H Digital_F18,xAd Inc.,PJQ7MM_TJN_HOM_030_Mobile_GROUND TRUTH FKA XAD_DST_SV1_MAP_DIR_DSP_TRG_RON_BTG_DMA_DVY_BEHAVIORAL - HOME SHOPPER- DYNAMIC DISTANCE_Run of Network_Behavioral_F25-54_300 x 250_Click and View_NV_NA,204626171,10/9/2017,7049,381,6668,6668,0,0,0,0,0,6668,0,0
TJN_HOM_013_HomeGoods FEP_Q3FY18,Discovery Digital Media,PHWLS8_TJN_HOM_013_Content_DISCOVERY NETWORKS_Full Episode Video Tablet Web_30s_FEP_Contextual_F25-54_1920 x 1080_Standard_NV_NA,201899695,8/4/2017,942,9,933,933,0,0,0,0,0,933,,
TJN_HOM_008_HomeGoods Summer Digital_FY18,NinthDecimal,PHHXGN_TJN_HOM_008_Mobile_NINTHDECIMAL_CHILD_LUXURY SHOPPERS RETENTION_MOBILE APP_CUSTOM_DISPLAY_320X50_Run of Network_Behavioral_F25-54_320 x 50_Click and View_NV_NA,200582901,7/30/2017,2805,49,2756,224,2532,7,2525,2347,178,231,215,2562
TJN_HOM_008_HomeGoods Summer Digital_FY18,Hulu,PHG79G_TJN_HOM_008_FEP_HULU_ROS Pre-roll_CROSS DEVICE_PRE-ROLL_VIDEO_1920X1080_VAST_AUDIENCE_N/A_N/A_3RD PARTY_N/A_Run of Site_Demo_F25-54_1920 x 1080_Standard_NV_NA,201466946,9/3/2017,35869,188,35681,35681,0,0,0,0,0,35681,34330,34330
TJN_HOM_008_HomeGoods Summer Digital_FY18,xAd Inc.,PHHXGX_TJN_HOM_008_Mobile_XAD INC_CHILD_LOCATION AUDIENCE-HOMEGOODS SHOPPERS_MOBILE APP_STANDARD_DISPLAY_300X250_Run of Network_Behavioral_F25-54_300 x 250_Click and View_NV_NA,200587524,8/19/2017,19570,748,18822,15,18807,18802,5,5,0,18817,18817,18822
TJN_HOM_025_HomeGoods Digital Video_Q4FY18,Tremor Video Inc.,PK6DY1_TJN_HOM_025_OLV_TREMOR NETWORK_AWR_BS1_CTV_DIR_VID_TRG_RON_BTG_CTG_DVY_ALL SCREEN PREROLL + SOCIAL AFFINITY TARGETING TO W25-54 HOME ENTHUSIASTS CTV_Run of Network_Behavioral_F25-54_1280 x 720_Standard_NV_NA,205941318,10/6/2017,1121,0,1121,1121,0,0,0,0,0,1121,135,135
TJN_HOM_008_HomeGoods Summer Digital_FY18,Hulu,PHG79J_TJN_HOM_008_FEP_HULU_Branded Slate_ROS_CROSS DEVICE_PRE-ROLL_CUSTOM_VECTOR LOGO_1X1_AUDIENCE_N/A_N/A_SITE_N/A_Run of Site_Demo_F25-54_1 x 1_Click and View_NV_NA,201467345,8/5/2017,3583,30,3553,3553,0,0,0,0,0,3553,3004,3004
TJN_HOM_008_HomeGoods Summer Digital_FY18,xAd Inc.,PHHXGR_TJN_HOM_008_Mobile_XAD INC_CHILD_LOYALTY_MOBILE APP_STANDARD_DISPLAY_320X50_GEO-FENCING_Run of Network_Geo_F25-54_320 x 50_Click and View_NV_NA,200587518,8/2/2017,31603,609,30994,17075,13919,241,13678,10962,2716,17316,13814,24776
TJN_HOM_030_HomeGoods 2H Digital_F18,NinthDecimal,PJQ7NH_TJN_HOM_030_Mobile_NINTHDECIMAL_DST_SV1_MAP_DIR_RCH_TRG_RON_BTG_DMA_DVY_CONSUMER JOURNEY: PET SUPPLY SHOPPERS_Run of Network_Behavioral_F25-54_320 x 50_Click and View_NV_NA,204647914,10/11/2017,14832,249,14583,6296,8287,62,8225,7886,339,6358,6096,13982
TJN_HOM_008_HomeGoods Summer Digital_FY18,xAd Inc.,PHHXGY_TJN_HOM_008_Mobile_XAD INC_CHILD_LOYALTY_MOBILE APP_CUSTOM_RICH MEDIA_320X50_GEO-FENCING_Run of Network_Geo_F25-54_320 x 50_Click and View_NV_NA,200584630,8/21/2017,28653,381,28272,20965,7307,164,7143,7017,126,21129,20756,27773
TJN_HOM_030_HomeGoods 2H Digital_F18,xAd Inc.,PJQ7MP_TJN_HOM_030_Mobile_GROUND TRUTH FKA XAD_DST_SV1_MAP_DIR_DSP_TRG_RON_MKT_DMA_DVY_LOCATION - HOMEGOODS SHOPPERS - DYNAMIC DISTANCE_Run of Network_Geo_F25-54_300 x 250_Click and View_NV_NA,204647878,11/7/2017,8605,123,8482,8482,0,0,0,0,0,8482,7604,7604
TJN_HOM_008_HomeGoods Summer Digital_FY18,xAd Inc.,PHHXGS_TJN_HOM_008_Mobile_XAD INC_CHILD_LOYALTY_MOBILE APP_STANDARD_DISPLAY_300X250_GEO-FENCING_Run of Network_Geo_F25-54_300 x 250_Click and View_NV_NA,200583064,8/16/2017,14485,5345,9140,922,8218,7805,413,353,60,8727,7459,7812
TJN_HOM_008_HomeGoods Summer Digital_FY18,xAd Inc.,PHHXGW_TJN_HOM_008_Mobile_XAD INC_CHILD_LOCATION AUDIENCE-HOMEGOODS SHOPPERS_MOBILE APP_STANDARD_DISPLAY_320X50_Run of Network_Behavioral_F25-54_320 x 50_Click and View_NV_NA,200585089,8/12/2017,34939,831,34108,5904,28204,635,27569,20384,7185,6539,4835,25219
TJN_HOM_030_HomeGoods 2H Digital_F18,xAd Inc.,PJQ7MH_TJN_HOM_030_Mobile_GROUND TRUTH FKA XAD_DST_SV1_MAP_DIR_DSP_TRG_RON_PXT_BTG_DVY_PROXIMITY LOYALTY - DYNAMIC DISTANCE_Run of Network_Geo_F25-54_300 x 250_Click and View_NV_NA,204675003,9/7/2017,14973,177,14796,14794,2,0,2,2,0,14794,14794,14796
TJN_HOM_008_HomeGoods Summer Digital_FY18,Hulu,PHG79J_TJN_HOM_008_FEP_HULU_Branded Slate_ROS_CROSS DEVICE_PRE-ROLL_CUSTOM_VECTOR LOGO_1X1_AUDIENCE_N/A_N/A_SITE_N/A_Run of Site_Demo_F25-54_1 x 1_Click and View_NV_NA,201467345,8/26/2017,2090,14,2076,2076,0,0,0,0,0,2076,2022,2022
TJN_HOM_008_HomeGoods Summer Digital_FY18,Hulu,PHG79G_TJN_HOM_008_FEP_HULU_ROS Pre-roll_CROSS DEVICE_PRE-ROLL_VIDEO_1920X1080_VAST_AUDIENCE_N/A_N/A_3RD PARTY_N/A_Run of Site_Demo_F25-54_1920 x 1080_Standard_NV_NA,201466946,9/17/2017,9818,60,9758,9758,0,0,0,0,0,9758,8701,8701
TJN_HOM_008_HomeGoods Summer Digital_FY18,Hulu,PHG79M_TJN_HOM_008_FEP_HULU_Premium Slate_CROSS DEVICE_PRE-ROLL_CUSTOM_VECTOR LOGO_1X1_N/A_N/A_N/A_SITE_N/A_Roadblock_Demo_F25-54_1 x 1_Click and View_NV_NA,201466502,8/7/2017,80711,673,80038,80038,0,0,0,0,0,80038,61625,61625
TJN_HOM_030_HomeGoods 2H Digital_F18,xAd Inc.,PJQ7MS_TJN_HOM_030_Mobile_GROUND TRUTH FKA XAD_DST_SV1_MAP_DIR_DSP_TRG_RON_DMA_PXT_DVY_AV DMA TARGETING_Run of Network_Geo_F25-54_300 x 250_Click and View_NV_NA,204646501,9/29/2017,36761,946,35815,30021,5794,308,5486,3950,1536,30329,20031,23981
TJN_HOM_030_HomeGoods 2H Digital_F18,xAd Inc.,PJQ7MJ_TJN_HOM_030_Mobile_GROUND TRUTH FKA XAD_DST_SV1_MAP_DIR_DSP_TRG_RON_PXT_BTG_DVY_PROXIMITY LOYALTY - STORE LOCATOR UNIT_Run of Network_Geo_F25-54_320 x 50_Click and View_NV_NA,204649939,9/21/2017,19299,483,18816,11126,7690,135,7555,6884,671,11261,10261,17145
TJN_HOM_013_HomeGoods FEP_Q3FY18,Discovery Digital Media,PHWLS5_TJN_HOM_013_Content_DISCOVERY NETWORKS_Full Episode Video Desktop_30s_FEP_Contextual_F25-54_1920 x 1080_Standard_NV_NA,201895013,7/20/2017,1947,55,1892,1892,0,0,0,0,0,1892,,
TJN_HOM_008_HomeGoods Summer Digital_FY18,NinthDecimal,PHHXGM_TJN_HOM_008_Mobile_NINTHDECIMAL_CHILD_LUXURY SHOPPERS PROSPECTING_MOBILE APP_CUSTOM_DISPLAY_320X50_Run of Network_Behavioral_F25-54_320 x 50_Click and View_NV_NA,200581998,7/29/2017,43453,1364,42089,9997,32092,177,31915,29793,2122,10174,9498,39291
TJN_HOM_013_HomeGoods FEP_Q3FY18,Discovery Digital Media,PHWLS8_TJN_HOM_013_Content_DISCOVERY NETWORKS_Full Episode Video Tablet Web_30s_FEP_Contextual_F25-54_1920 x 1080_Standard_NV_NA,201899695,7/27/2017,969,4,965,965,0,0,0,0,0,965,,
TJN_HOM_008_HomeGoods Summer Digital_FY18,xAd Inc.,PHHXGR_TJN_HOM_008_Mobile_XAD INC_CHILD_LOYALTY_MOBILE APP_STANDARD_DISPLAY_320X50_GEO-FENCING_Run of Network_Geo_F25-54_320 x 50_Click and View_NV_NA,200587518,8/19/2017,201053,2209,198844,161055,37789,368,37421,35092,2329,161423,151376,186468
TJN_HOM_030_HomeGoods 2H Digital_F18,xAd Inc.,PJQ7MH_TJN_HOM_030_Mobile_GROUND TRUTH FKA XAD_DST_SV1_MAP_DIR_DSP_TRG_RON_PXT_BTG_DVY_PROXIMITY LOYALTY - DYNAMIC DISTANCE_Run of Network_Geo_F25-54_300 x 250_Click and View_NV_NA,204675003,10/27/2017,28959,632,28327,28327,0,0,0,0,0,28327,22363,22363
TJN_HOM_013_HomeGoods FEP_Q3FY18,Discovery Digital Media,PHWLS7_TJN_HOM_013_Content_DISCOVERY NETWORKS_Full Episode Video Mobile Web_30s_FEP_Contextual_F25-54_1920 x 1080_Standard_NV_NA,201895019,8/8/2017,941,11,930,930,0,0,0,0,0,930,,
TJN_HOM_013_HomeGoods FEP_Q3FY18,Discovery Digital Media,PHWLS6_TJN_HOM_013_Content_DISCOVERY NETWORKS_Full Episode Video Mobile App_30s_FEP_Contextual_F25-54_1920 x 1080_Standard_NV_NA,201891425,9/12/2017,17723,162,17561,17561,0,0,0,0,0,17561,,
TJN_HOM_008_HomeGoods Summer Digital_FY18,NinthDecimal,PHHXGP_TJN_HOM_008_Mobile_NINTHDECIMAL_CHILD_PET OWNERS PROSPECTING_MOBILE APP_CUSTOM_DISPLAY_320X50_Run of Network_Behavioral_F25-54_320 x 50_Click and View_NV_NA,200586375,8/2/2017,8561,131,8430,3106,5324,26,5298,5139,159,3132,3038,8177
TJN_HOM_030_HomeGoods 2H Digital_F18,xAd Inc.,PJQ7MK_TJN_HOM_030_Mobile_GROUND TRUTH FKA XAD_DST_SV1_MAP_DIR_DSP_TRG_RON_PXT_BTG_DVY_PROXIMITY LOYALTY - STORE LOCATOR UNIT_Run of Network_Geo_F25-54_300 x 250_Click and View_NV_NA,204625442,10/15/2017,4505,75,4430,1218,3212,32,3180,2769,411,1250,1088,3857
TJN_HOM_030_HomeGoods 2H Digital_F18,NinthDecimal,PJQ7N6_TJN_HOM_030_Mobile_NINTHDECIMAL_DST_SV1_MAP_DIR_RCH_TRG_RON_PXT_DMA_DVY_GEOFENCE: 5-10-MILE RADIUS AROUND SUBURBAN STORES_Run of Network_Geo_F25-54_320 x 50_Click and View_NV_NA,204646507,10/26/2017,6546,136,6410,577,5833,47,5786,5643,143,624,609,6252
TJN_HOM_008_HomeGoods Summer Digital_FY18,NinthDecimal,PHHXGM_TJN_HOM_008_Mobile_NINTHDECIMAL_CHILD_LUXURY SHOPPERS PROSPECTING_MOBILE APP_CUSTOM_DISPLAY_320X50_Run of Network_Behavioral_F25-54_320 x 50_Click and View_NV_NA,200581998,8/1/2017,12691,534,12157,4248,7909,55,7854,7309,545,4303,4004,11313
TJN_HOM_008_HomeGoods Summer Digital_FY18,Hulu,PHG79J_TJN_HOM_008_FEP_HULU_Branded Slate_ROS_CROSS DEVICE_PRE-ROLL_CUSTOM_VECTOR LOGO_1X1_AUDIENCE_N/A_N/A_SITE_N/A_Run of Site_Demo_F25-54_1 x 1_Click and View_NV_NA,201467345,9/2/2017,8230,45,8185,8185,0,0,0,0,0,8185,7793,7793
TJN_HOM_030_HomeGoods 2H Digital_F18,NinthDecimal,PJQ7NJ_TJN_HOM_030_Mobile_NINTHDECIMAL_DST_SV1_MAP_DIR_RCH_TRG_RON_BTG_DMA_DVY_CONSUMER JOURNEY: BARGAIN HUNTERS_Run of Network_Behavioral_F25-54_320 x 50_Click and View_NV_NA,204644353,9/29/2017,3344,109,3235,1428,1807,12,1795,1772,23,1440,1422,3194
TJN_HOM_008_HomeGoods Summer Digital_FY18,Hulu,PHG79M_TJN_HOM_008_FEP_HULU_Premium Slate_CROSS DEVICE_PRE-ROLL_CUSTOM_VECTOR LOGO_1X1_N/A_N/A_N/A_SITE_N/A_Roadblock_Demo_F25-54_1 x 1_Click and View_NV_NA,201466502,8/3/2017,79852,727,79125,79125,0,0,0,0,0,79125,65829,65829
TJN_HOM_030_HomeGoods 2H Digital_F18,Nativo Inc.,PJQDHJ_TJN_HOM_030_Content_NATIVO FKA POST RLSE_DSI_BS2_MWB_DIR_NAD_ROT_RON_CTG_BTG_DVY_NATIVE DISPLAY UNIT FALLIDAYS_Run of Network_Contextual_F25-54_1 x 1_Click and View_NV_NA,206024352,10/19/2017,460670,25262,435408,4226,431182,37001,394181,159236,234945,41227,16654,175890
TJN_HOM_030_HomeGoods 2H Digital_F18,xAd Inc.,PJQ7MM_TJN_HOM_030_Mobile_GROUND TRUTH FKA XAD_DST_SV1_MAP_DIR_DSP_TRG_RON_BTG_DMA_DVY_BEHAVIORAL - HOME SHOPPER- DYNAMIC DISTANCE_Run of Network_Behavioral_F25-54_300 x 250_Click and View_NV_NA,204626171,10/25/2017,7459,333,7126,7126,0,0,0,0,0,7126,5878,5878
TJN_HOM_008_HomeGoods Summer Digital_FY18,NinthDecimal,PHHXGP_TJN_HOM_008_Mobile_NINTHDECIMAL_CHILD_PET OWNERS PROSPECTING_MOBILE APP_CUSTOM_DISPLAY_320X50_Run of Network_Behavioral_F25-54_320 x 50_Click and View_NV_NA,200586375,7/18/2017,26288,261,26027,7972,18055,71,17984,17367,617,8043,7767,25134
TJN_HOM_013_HomeGoods FEP_Q3FY18,Discovery Digital Media,PHWLS6_TJN_HOM_013_Content_DISCOVERY NETWORKS_Full Episode Video Mobile App_30s_FEP_Contextual_F25-54_1920 x 1080_Standard_NV_NA,201891425,7/26/2017,21276,139,21137,21137,0,0,0,0,0,21137,,
TJN_HOM_030_HomeGoods 2H Digital_F18,NinthDecimal,PJQ7N7_TJN_HOM_030_Mobile_NINTHDECIMAL_DST_SV1_MAP_DIR_RCH_TRG_RON_PXT_DMA_DVY_GEOFENCE: 15-20-MILE RADIUS AROUND RURAL STORES_Run of Network_Geo_F25-54_320 x 50_Click and View_NV_NA,204674556,9/30/2017,20936,570,20366,10858,9508,41,9467,9275,192,10899,10678,19953
TJN_HOM_030_HomeGoods 2H Digital_F18,xAd Inc.,PJQ7MS_TJN_HOM_030_Mobile_GROUND TRUTH FKA XAD_DST_SV1_MAP_DIR_DSP_TRG_RON_DMA_PXT_DVY_AV DMA TARGETING_Run of Network_Geo_F25-54_300 x 250_Click and View_NV_NA,204646501,9/10/2017,8389,140,8249,3697,4552,1369,3183,1732,1451,5066,2757,4489
TJN_HOM_030_HomeGoods 2H Digital_F18,NinthDecimal,PJQ7N7_TJN_HOM_030_Mobile_NINTHDECIMAL_DST_SV1_MAP_DIR_RCH_TRG_RON_PXT_DMA_DVY_GEOFENCE: 15-20-MILE RADIUS AROUND RURAL STORES_Run of Network_Geo_F25-54_320 x 50_Click and View_NV_NA,204674556,10/31/2017,53310,928,52382,3816,48566,192,48374,46979,1395,4008,3892,50871
TJN_HOM_030_HomeGoods 2H Digital_F18,NinthDecimal,PJQ7NB_TJN_HOM_030_Mobile_NINTHDECIMAL_DST_SV1_MAP_DIR_RCH_TRG_RON_BTG_PXT_DVY_LOCATION GRAPH: COMPETITIVE CONQUESTING_Run of Network_Behavioral_F25-54_320 x 50_Click and View_NV_NA,204649942,10/2/2017,5360,114,5246,3223,2023,13,2010,1960,50,3236,3156,5116
TJN_HOM_030_HomeGoods 2H Digital_F18,NinthDecimal,PJQ7NB_TJN_HOM_030_Mobile_NINTHDECIMAL_DST_SV1_MAP_DIR_RCH_TRG_RON_BTG_PXT_DVY_LOCATION GRAPH: COMPETITIVE CONQUESTING_Run of Network_Behavioral_F25-54_320 x 50_Click and View_NV_NA,204649942,9/23/2017,5273,87,5186,2489,2697,24,2673,2583,90,2513,2428,5011
TJN_HOM_008_HomeGoods Summer Digital_FY18,xAd Inc.,PHHXGX_TJN_HOM_008_Mobile_XAD INC_CHILD_LOCATION AUDIENCE-HOMEGOODS SHOPPERS_MOBILE APP_STANDARD_DISPLAY_300X250_Run of Network_Behavioral_F25-54_300 x 250_Click and View_NV_NA,200587524,7/18/2017,15537,1865,13672,96,13576,13571,5,5,0,13667,13667,13672
TJN_HOM_008_HomeGoods Summer Digital_FY18,Hulu,PHG79N_TJN_HOM_008_FEP_HULU_Masthead_SPONSORSHIP_CROSS DEVICE_CUSTOM_VIDEO_1X1_1X1_N/A_N/A_N/A_SITE_N/A_Roadblock_Demo_F25-54_1 x 1_Click and View_NV_NA,201462657,9/24/2017,1,0,1,1,0,0,0,0,0,1,1,1
TJN_HOM_013_HomeGoods FEP_Q3FY18,Discovery Digital Media,PHWLS9_TJN_HOM_013_Content_DISCOVERY NETWORKS_Full Episode Video OTT/CTV_30s_FEP_Contextual_F25-54_1920 x 1080_Standard_NV_NA,201891428,8/26/2017,13398,33,13365,13365,0,0,0,0,0,13365,,
TJN_HOM_013_HomeGoods FEP_Q3FY18,Discovery Digital Media,PHWLS9_TJN_HOM_013_Content_DISCOVERY NETWORKS_Full Episode Video OTT/CTV_30s_FEP_Contextual_F25-54_1920 x 1080_Standard_NV_NA,201891428,9/2/2017,10304,20,10284,10284,0,0,0,0,0,10284,,
TJN_HOM_008_HomeGoods Summer Digital_FY18,NinthDecimal,PHHXGL_TJN_HOM_008_Mobile_NINTHDECIMAL_CHILD_RETENTION_MOBILE APP_CUSTOM_DISPLAY_320X50_Run of Network_Behavioral_F25-54_320 x 50_Click and View_NV_NA,200585092,8/11/2017,20285,231,20054,2613,17441,90,17351,16092,1259,2703,2507,18599
TJN_HOM_030_HomeGoods 2H Digital_F18,xAd Inc.,PJQ7MR_TJN_HOM_030_Mobile_GROUND TRUTH FKA XAD_DST_SV1_MAP_DIR_DSP_TRG_RON_MKT_DMA_DVY_LOCATION - COMPETITOR SHOPPERS - DYNAMIC DISTANCE_Run of Network_Geo_F25-54_300 x 250_Click and View_NV_NA,204647890,9/6/2017,5813,91,5722,5722,0,0,0,0,0,5722,5245,5245
TJN_HOM_030_HomeGoods 2H Digital_F18,NinthDecimal,PJQ7NF_TJN_HOM_030_Mobile_NINTHDECIMAL_DST_SV1_MAP_DIR_RCH_TRG_RON_BTG_DMA_DVY_CONSUMER JOURNEY: HOME FURNISHINGS SHOPPERS_Run of Network_Behavioral_F25-54_320 x 50_Click and View_NV_NA,204626291,10/21/2017,9163,144,9019,5355,3664,19,3645,3553,92,5374,5238,8791
TJN_HOM_030_HomeGoods 2H Digital_F18,NinthDecimal,PJQ7NJ_TJN_HOM_030_Mobile_NINTHDECIMAL_DST_SV1_MAP_DIR_RCH_TRG_RON_BTG_DMA_DVY_CONSUMER JOURNEY: BARGAIN HUNTERS_Run of Network_Behavioral_F25-54_320 x 50_Click and View_NV_NA,204644353,9/10/2017,6820,147,6673,2171,4502,20,4482,4402,80,2191,2152,6554
TJN_HOM_030_HomeGoods 2H Digital_F18,NinthDecimal,PJQ7NF_TJN_HOM_030_Mobile_NINTHDECIMAL_DST_SV1_MAP_DIR_RCH_TRG_RON_BTG_DMA_DVY_CONSUMER JOURNEY: HOME FURNISHINGS SHOPPERS_Run of Network_Behavioral_F25-54_320 x 50_Click and View_NV_NA,204626291,9/9/2017,20766,353,20413,6437,13976,36,13940,13585,355,6473,6308,19893
TJN_HOM_030_HomeGoods 2H Digital_F18,NinthDecimal,PJQ7NB_TJN_HOM_030_Mobile_NINTHDECIMAL_DST_SV1_MAP_DIR_RCH_TRG_RON_BTG_PXT_DVY_LOCATION GRAPH: COMPETITIVE CONQUESTING_Run of Network_Behavioral_F25-54_320 x 50_Click and View_NV_NA,204649942,10/1/2017,5238,95,5143,2732,2411,10,2401,2340,61,2742,2672,5012
TJN_HOM_025_HomeGoods Digital Video_Q4FY18,Tremor Video Inc.,PK1FYN_TJN_HOM_025_OLV_TREMOR NETWORK_AWR_BS1_DSK_DIR_VID_TRG_RON_PXT_CTG_DVY_ALL SCREEN PREROLL + PROXIMITYPLUS DWELL TIME TARGETING TO HOMEGOODS VISITORS DESKTOP_Run of Network_Behavioral_F25-54_1280 x 720_Standard_NV_NA,205941312,10/26/2017,5054,3,5051,4690,361,5,356,150,206,4695,1978,2128
TJN_HOM_008_HomeGoods Summer Digital_FY18,Hulu,PHG79M_TJN_HOM_008_FEP_HULU_Premium Slate_CROSS DEVICE_PRE-ROLL_CUSTOM_VECTOR LOGO_1X1_N/A_N/A_N/A_SITE_N/A_Roadblock_Demo_F25-54_1 x 1_Click and View_NV_NA,201466502,8/29/2017,70858,457,70401,70401,0,0,0,0,0,70401,67795,67795
TJN_HOM_013_HomeGoods FEP_Q3FY18,Discovery Digital Media,PHWLS8_TJN_HOM_013_Content_DISCOVERY NETWORKS_Full Episode Video Tablet Web_30s_FEP_Contextual_F25-54_1920 x 1080_Standard_NV_NA,201899695,8/22/2017,950,5,945,945,0,0,0,0,0,945,,
TJN_HOM_030_HomeGoods 2H Digital_F18,xAd Inc.,PJQ7MN_TJN_HOM_030_Mobile_GROUND TRUTH FKA XAD_DST_SV1_MAP_DIR_DSP_TRG_RON_MKT_DMA_DVY_LOCATION - HOMEGOODS SHOPPERS - DYNAMIC DISTANCE_Run of Network_Geo_F25-54_320 x 50_Click and View_NV_NA,204651439,10/24/2017,5460,61,5399,4488,911,148,763,704,59,4636,4192,4896
TJN_HOM_008_HomeGoods Summer Digital_FY18,NinthDecimal,PHHXGM_TJN_HOM_008_Mobile_NINTHDECIMAL_CHILD_LUXURY SHOPPERS PROSPECTING_MOBILE APP_CUSTOM_DISPLAY_320X50_Run of Network_Behavioral_F25-54_320 x 50_Click and View_NV_NA,200581998,8/15/2017,46959,1209,45750,11616,34134,246,33888,31026,2862,11862,10860,41886
TJN_HOM_008_HomeGoods Summer Digital_FY18,Hulu,PHG79P_TJN_HOM_008_FEP_HULU_PageBrand_SPONSORSHIP_CROSS DEVICE_CUSTOM_VIDEO_1X1_1X1_N/A_N/A_N/A_SITE_N/A_Roadblock_Demo_F25-54_1 x 1_Click and View_NV_NA,201464250,8/23/2017,204,3,201,201,0,0,0,0,0,201,194,194
TJN_HOM_025_HomeGoods Digital Video_Q4FY18,Tremor Video Inc.,PK1FYN_TJN_HOM_025_OLV_TREMOR NETWORK_AWR_BS1_DSK_DIR_VID_TRG_RON_PXT_CTG_DVY_ALL SCREEN PREROLL + PROXIMITYPLUS DWELL TIME TARGETING TO HOMEGOODS VISITORS DESKTOP_Run of Network_Behavioral_F25-54_1280 x 720_Standard_NV_NA,205941312,11/4/2017,9516,5,9511,920,8591,169,8422,2568,5854,1089,332,2900
TJN_HOM_025_HomeGoods Digital Video_Q4FY18,Tremor Video Inc.,PK1FYN_TJN_HOM_025_OLV_TREMOR NETWORK_AWR_BS1_DSK_DIR_VID_TRG_RON_PXT_CTG_DVY_ALL SCREEN PREROLL + PROXIMITYPLUS DWELL TIME TARGETING TO HOMEGOODS VISITORS DESKTOP_Run of Network_Behavioral_F25-54_1280 x 720_Standard_NV_NA,205941312,11/6/2017,46814,106,46708,7835,38873,598,38275,13506,24769,8433,2976,16482
TJN_HOM_008_HomeGoods Summer Digital_FY18,NinthDecimal,PHHXGL_TJN_HOM_008_Mobile_NINTHDECIMAL_CHILD_RETENTION_MOBILE APP_CUSTOM_DISPLAY_320X50_Run of Network_Behavioral_F25-54_320 x 50_Click and View_NV_NA,200585092,8/20/2017,12537,74,12463,1520,10943,69,10874,10332,542,1589,1510,11842
TJN_HOM_030_HomeGoods 2H Digital_F18,NinthDecimal,PJQ7NB_TJN_HOM_030_Mobile_NINTHDECIMAL_DST_SV1_MAP_DIR_RCH_TRG_RON_BTG_PXT_DVY_LOCATION GRAPH: COMPETITIVE CONQUESTING_Run of Network_Behavioral_F25-54_320 x 50_Click and View_NV_NA,204649942,10/3/2017,3175,47,3128,2518,610,17,593,574,19,2535,2454,3028
TJN_HOM_030_HomeGoods 2H Digital_F18,xAd Inc.,PJQ7MQ_TJN_HOM_030_Mobile_GROUND TRUTH FKA XAD_DST_SV1_MAP_DIR_DSP_TRG_RON_MKT_DMA_DVY_LOCATION - COMPETITOR SHOPPERS - DYNAMIC DISTANCE_Run of Network_Geo_F25-54_320 x 50_Click and View_NV_NA,204617210,9/27/2017,91699,2050,89649,65381,24268,2092,22176,17073,5103,67473,48468,65541
TJN_HOM_008_HomeGoods Summer Digital_FY18,xAd Inc.,PHHXGY_TJN_HOM_008_Mobile_XAD INC_CHILD_LOYALTY_MOBILE APP_CUSTOM_RICH MEDIA_320X50_GEO-FENCING_Run of Network_Geo_F25-54_320 x 50_Click and View_NV_NA,200584630,7/24/2017,23503,85,23418,23366,52,10,42,38,4,23376,21150,21188
TJN_HOM_008_HomeGoods Summer Digital_FY18,xAd Inc.,PHHXH0_TJN_HOM_008_Mobile_XAD INC_STANDALONE_RON_MOBILE APP_STANDARD_DISPLAY_320X50_GEO-FENCING_Run of Network_Behavioral_F25-54_320 x 50_Click and View_NV_NA,200587948,8/10/2017,14762,183,14579,10896,3683,42,3641,2500,1141,10938,7510,10010
TJN_HOM_030_HomeGoods 2H Digital_F18,NinthDecimal,PJQ7N7_TJN_HOM_030_Mobile_NINTHDECIMAL_DST_SV1_MAP_DIR_RCH_TRG_RON_PXT_DMA_DVY_GEOFENCE: 15-20-MILE RADIUS AROUND RURAL STORES_Run of Network_Geo_F25-54_320 x 50_Click and View_NV_NA,204674556,10/16/2017,8856,145,8711,5449,3262,276,2986,2914,72,5725,5587,8501
TJN_HOM_030_HomeGoods 2H Digital_F18,Nativo Inc.,PJQDHJ_TJN_HOM_030_Content_NATIVO FKA POST RLSE_DSI_BS2_MWB_DIR_NAD_ROT_RON_CTG_BTG_DVY_NATIVE DISPLAY UNIT FALLIDAYS_Run of Network_Contextual_F25-54_1 x 1_Click and View_NV_NA,206024352,10/9/2017,547052,22050,525002,2043,522959,34274,488685,170362,318323,36317,12661,183023
TJN_HOM_030_HomeGoods 2H Digital_F18,NinthDecimal,PJQ7NH_TJN_HOM_030_Mobile_NINTHDECIMAL_DST_SV1_MAP_DIR_RCH_TRG_RON_BTG_DMA_DVY_CONSUMER JOURNEY: PET SUPPLY SHOPPERS_Run of Network_Behavioral_F25-54_320 x 50_Click and View_NV_NA,204647914,9/27/2017,7554,161,7393,2907,4486,23,4463,4321,142,2930,2837,7158
TJN_HOM_030_HomeGoods 2H Digital_F18,NinthDecimal,PJQ7NB_TJN_HOM_030_Mobile_NINTHDECIMAL_DST_SV1_MAP_DIR_RCH_TRG_RON_BTG_PXT_DVY_LOCATION GRAPH: COMPETITIVE CONQUESTING_Run of Network_Behavioral_F25-54_320 x 50_Click and View_NV_NA,204649942,10/25/2017,6622,137,6485,1548,4937,148,4789,4622,167,1696,1637,6259
TJN_HOM_030_HomeGoods 2H Digital_F18,xAd Inc.,PJQ7MP_TJN_HOM_030_Mobile_GROUND TRUTH FKA XAD_DST_SV1_MAP_DIR_DSP_TRG_RON_MKT_DMA_DVY_LOCATION - HOMEGOODS SHOPPERS - DYNAMIC DISTANCE_Run of Network_Geo_F25-54_300 x 250_Click and View_NV_NA,204647878,10/20/2017,7450,180,7270,7270,0,0,0,0,0,7270,6731,6731
TJN_HOM_030_HomeGoods 2H Digital_F18,NinthDecimal,PJQ7ND_TJN_HOM_030_Mobile_NINTHDECIMAL_DST_SV1_MAP_DIR_RCH_TRG_RON_BTG_DMA_DVY_CONSUMER JOURNEY: HOUSEHOLD CEO_Run of Network_Behavioral_F25-54_320 x 50_Click and View_NV_NA,204626294,9/29/2017,6278,190,6088,2532,3556,12,3544,3484,60,2544,2501,5985
TJN_HOM_008_HomeGoods Summer Digital_FY18,NinthDecimal,PHHXGL_TJN_HOM_008_Mobile_NINTHDECIMAL_CHILD_RETENTION_MOBILE APP_CUSTOM_DISPLAY_320X50_Run of Network_Behavioral_F25-54_320 x 50_Click and View_NV_NA,200585092,8/24/2017,11548,91,11457,1472,9985,44,9941,9229,712,1516,1407,10636
TJN_HOM_008_HomeGoods Summer Digital_FY18,NinthDecimal,PHHXGN_TJN_HOM_008_Mobile_NINTHDECIMAL_CHILD_LUXURY SHOPPERS RETENTION_MOBILE APP_CUSTOM_DISPLAY_320X50_Run of Network_Behavioral_F25-54_320 x 50_Click and View_NV_NA,200582901,8/10/2017,3473,91,3382,503,2879,17,2862,2548,314,520,463,3011
TJN_HOM_008_HomeGoods Summer Digital_FY18,NinthDecimal,PHHXGQ_TJN_HOM_008_Mobile_NINTHDECIMAL_CHILD_PET OWNERS RETENTION_MOBILE APP_CUSTOM_DISPLAY_320X50_Run of Network_Behavioral_F25-54_320 x 50_Click and View_NV_NA,200578886,8/14/2017,3925,36,3889,553,3336,43,3293,2875,418,596,520,3395
TJN_HOM_030_HomeGoods 2H Digital_F18,xAd Inc.,PJQ7ML_TJN_HOM_030_Mobile_GROUND TRUTH FKA XAD_DST_SV1_MAP_DIR_DSP_TRG_RON_BTG_DMA_DVY_BEHAVIORAL - HOME SHOPPER - DYNAMIC DISTANCE_Run of Network_Behavioral_F25-54_320 x 50_Click and View_NV_NA,204626174,10/12/2017,9713,155,9558,5421,4137,331,3806,3011,795,5752,4526,7537
TJN_HOM_008_HomeGoods Summer Digital_FY18,xAd Inc.,PHHXGW_TJN_HOM_008_Mobile_XAD INC_CHILD_LOCATION AUDIENCE-HOMEGOODS SHOPPERS_MOBILE APP_STANDARD_DISPLAY_320X50_Run of Network_Behavioral_F25-54_320 x 50_Click and View_NV_NA,200585089,8/30/2017,34733,651,34082,22213,11869,30,11839,11758,81,22243,22091,33849
TJN_HOM_008_HomeGoods Summer Digital_FY18,Hulu,PHG79G_TJN_HOM_008_FEP_HULU_ROS Pre-roll_CROSS DEVICE_PRE-ROLL_VIDEO_1920X1080_VAST_AUDIENCE_N/A_N/A_3RD PARTY_N/A_Run of Site_Demo_F25-54_1920 x 1080_Standard_NV_NA,201466946,9/6/2017,84065,541,83524,83524,0,0,0,0,0,83524,80165,80165
TJN_HOM_008_HomeGoods Summer Digital_FY18,xAd Inc.,PHHXGZ_TJN_HOM_008_Mobile_XAD INC_CHILD_LOYALTY_MOBILE APP_CUSTOM_RICH MEDIA_300X250_GEO-FENCING_Run of Network_Geo_F25-54_300 x 250_Click and View_NV_NA,200577158,7/19/2017,8051,181,7870,7428,442,7,435,374,61,7435,6392,6766
TJN_HOM_025_HomeGoods Digital Video_Q4FY18,Tremor Video Inc.,PK6DYV_TJN_HOM_025_OLV_TREMOR NETWORK_AWR_BS1_MAP_DIR_VID_TRG_RON_PXT_CTG_DVY_ALL SCREEN PREROLL + PROXIMITYPLUS DWELL TIME TARGETING TO HOMEGOODS VISITORS MOB/TAB APP_Run of Network_Behavioral_F25-54_1280 x 720_Standard_NV_NA,205859075,10/13/2017,207434,2701,204733,204496,237,138,99,61,38,204634,126088,126149
TJN_HOM_013_HomeGoods FEP_Q3FY18,Scripps Networks,PHNKCR_TJN_HOM_013_FEP_SCRIPPSNETWORKS.COM_On-site_Crossplatform_FEP_Demo_F25-54_1280 x 720_Standard_NV_NA,201888442,7/31/2017,1598,9,1589,1589,0,0,0,0,0,1589,,
TJN_HOM_030_HomeGoods 2H Digital_F18,NinthDecimal,"PJQ7NK_TJN_HOM_030_Mobile_NINTHDECIMAL_DST_SV1_MAP_DIR_RCH_TRG_RON_BTG_DMA_DVY_TV TARGETING: HGTV, DIY NETWORK, BRAVO, TLC, FOOD NETWORK_Run of Network_Behavioral_F25-54_320 x 50_Click and View_NV_NA",204674553,9/29/2017,1130,20,1110,340,770,7,763,747,16,347,340,1087
TJN_HOM_008_HomeGoods Summer Digital_FY18,NinthDecimal,PHHXGQ_TJN_HOM_008_Mobile_NINTHDECIMAL_CHILD_PET OWNERS RETENTION_MOBILE APP_CUSTOM_DISPLAY_320X50_Run of Network_Behavioral_F25-54_320 x 50_Click and View_NV_NA,200578886,9/4/2017,3824,7,3817,610,3207,11,3196,3021,175,621,587,3608
TJN_HOM_030_HomeGoods 2H Digital_F18,xAd Inc.,PJQ7MN_TJN_HOM_030_Mobile_GROUND TRUTH FKA XAD_DST_SV1_MAP_DIR_DSP_TRG_RON_MKT_DMA_DVY_LOCATION - HOMEGOODS SHOPPERS - DYNAMIC DISTANCE_Run of Network_Geo_F25-54_320 x 50_Click and View_NV_NA,204651439,11/10/2017,19029,233,18796,14921,3875,120,3755,2604,1151,15041,10392,12996
TJN_HOM_008_HomeGoods Summer Digital_FY18,NinthDecimal,PHHXGK_TJN_HOM_008_Mobile_NINTHDECIMAL_CHILD_PROSPECTING_MOBILE APP_CUSTOM_DISPLAY_320X50_Run of Network_Behavioral_F25-54_320 x 50_Click and View_NV_NA,200587954,8/6/2017,14603,307,14296,5898,8398,71,8327,7880,447,5969,5649,13529
TJN_HOM_008_HomeGoods Summer Digital_FY18,xAd Inc.,PHHXGR_TJN_HOM_008_Mobile_XAD INC_CHILD_LOYALTY_MOBILE APP_STANDARD_DISPLAY_320X50_GEO-FENCING_Run of Network_Geo_F25-54_320 x 50_Click and View_NV_NA,200587518,8/8/2017,75296,2280,73016,48799,24217,320,23897,18983,4914,49119,39019,58002
TJN_HOM_013_HomeGoods FEP_Q3FY18,Discovery Digital Media,PHWLS7_TJN_HOM_013_Content_DISCOVERY NETWORKS_Full Episode Video Mobile Web_30s_FEP_Contextual_F25-54_1920 x 1080_Standard_NV_NA,201895019,8/19/2017,932,15,917,917,0,0,0,0,0,917,,
TJN_HOM_030_HomeGoods 2H Digital_F18,xAd Inc.,PJQ7MM_TJN_HOM_030_Mobile_GROUND TRUTH FKA XAD_DST_SV1_MAP_DIR_DSP_TRG_RON_BTG_DMA_DVY_BEHAVIORAL - HOME SHOPPER- DYNAMIC DISTANCE_Run of Network_Behavioral_F25-54_300 x 250_Click and View_NV_NA,204626171,9/23/2017,5453,162,5291,5288,3,0,3,0,3,5288,0,0
TJN_HOM_013_HomeGoods FEP_Q3FY18,Scripps Networks,PHNKCT_TJN_HOM_013_FEP_SCRIPPSNETWORKS.COM_TVE_Crossplatform_FEP_Demo_F25-54_1 x 1_Click and View_NV_NA,201878832,8/10/2017,2255,7,2248,2248,0,0,0,0,0,2248,,
TJN_HOM_025_HomeGoods Digital Video_Q4FY18,Tremor Video Inc.,PK6DYV_TJN_HOM_025_OLV_TREMOR NETWORK_AWR_BS1_MAP_DIR_VID_TRG_RON_PXT_CTG_DVY_ALL SCREEN PREROLL + PROXIMITYPLUS DWELL TIME TARGETING TO HOMEGOODS VISITORS MOB/TAB APP_Run of Network_Behavioral_F25-54_1280 x 720_Standard_NV_NA,205859075,11/13/2017,3,0,3,3,0,0,0,0,0,3,2,2
TJN_HOM_013_HomeGoods FEP_Q3FY18,Scripps Networks,PHNKCT_TJN_HOM_013_FEP_SCRIPPSNETWORKS.COM_TVE_Crossplatform_FEP_Demo_F25-54_1 x 1_Click and View_NV_NA,201878832,7/21/2017,572,7,565,565,0,0,0,0,0,565,,
TJN_HOM_013_HomeGoods FEP_Q3FY18,Discovery Digital Media,PHWLS5_TJN_HOM_013_Content_DISCOVERY NETWORKS_Full Episode Video Desktop_30s_FEP_Contextual_F25-54_1920 x 1080_Standard_NV_NA,201895013,9/3/2017,4388,119,4269,4269,0,0,0,0,0,4269,,
TJN_HOM_030_HomeGoods 2H Digital_F18,NinthDecimal,PJQ7N6_TJN_HOM_030_Mobile_NINTHDECIMAL_DST_SV1_MAP_DIR_RCH_TRG_RON_PXT_DMA_DVY_GEOFENCE: 5-10-MILE RADIUS AROUND SUBURBAN STORES_Run of Network_Geo_F25-54_320 x 50_Click and View_NV_NA,204646507,9/25/2017,14730,417,14313,6299,8014,27,7987,7815,172,6326,6190,14005
TJN_HOM_008_HomeGoods Summer Digital_FY18,Hulu,PHG79P_TJN_HOM_008_FEP_HULU_PageBrand_SPONSORSHIP_CROSS DEVICE_CUSTOM_VIDEO_1X1_1X1_N/A_N/A_N/A_SITE_N/A_Roadblock_Demo_F25-54_1 x 1_Click and View_NV_NA,201464250,7/23/2017,22,0,22,22,0,0,0,0,0,22,20,20
TJN_HOM_030_HomeGoods 2H Digital_F18,NinthDecimal,PJQ7N6_TJN_HOM_030_Mobile_NINTHDECIMAL_DST_SV1_MAP_DIR_RCH_TRG_RON_PXT_DMA_DVY_GEOFENCE: 5-10-MILE RADIUS AROUND SUBURBAN STORES_Run of Network_Geo_F25-54_320 x 50_Click and View_NV_NA,204646507,11/4/2017,5231,90,5141,903,4238,21,4217,4104,113,924,899,5003
TJN_HOM_030_HomeGoods 2H Digital_F18,NinthDecimal,PJQ7N6_TJN_HOM_030_Mobile_NINTHDECIMAL_DST_SV1_MAP_DIR_RCH_TRG_RON_PXT_DMA_DVY_GEOFENCE: 5-10-MILE RADIUS AROUND SUBURBAN STORES_Run of Network_Geo_F25-54_320 x 50_Click and View_NV_NA,204646507,11/6/2017,61468,919,60549,3428,57121,287,56834,55083,1751,3715,3601,58684
TJN_HOM_008_HomeGoods Summer Digital_FY18,xAd Inc.,PHHXGS_TJN_HOM_008_Mobile_XAD INC_CHILD_LOYALTY_MOBILE APP_STANDARD_DISPLAY_300X250_GEO-FENCING_Run of Network_Geo_F25-54_300 x 250_Click and View_NV_NA,200583064,8/17/2017,18346,4039,14307,12,14295,14284,11,11,0,14296,14296,14307
TJN_HOM_008_HomeGoods Summer Digital_FY18,NinthDecimal,PHHXGN_TJN_HOM_008_Mobile_NINTHDECIMAL_CHILD_LUXURY SHOPPERS RETENTION_MOBILE APP_CUSTOM_DISPLAY_320X50_Run of Network_Behavioral_F25-54_320 x 50_Click and View_NV_NA,200582901,7/21/2017,173,1,172,16,156,0,156,145,11,16,15,160
TJN_HOM_008_HomeGoods Summer Digital_FY18,NinthDecimal,PHHXGM_TJN_HOM_008_Mobile_NINTHDECIMAL_CHILD_LUXURY SHOPPERS PROSPECTING_MOBILE APP_CUSTOM_DISPLAY_320X50_Run of Network_Behavioral_F25-54_320 x 50_Click and View_NV_NA,200581998,8/13/2017,51702,999,50703,12054,38649,269,38380,35611,2769,12323,11434,47045
TJN_HOM_030_HomeGoods 2H Digital_F18,NinthDecimal,PJQ7NF_TJN_HOM_030_Mobile_NINTHDECIMAL_DST_SV1_MAP_DIR_RCH_TRG_RON_BTG_DMA_DVY_CONSUMER JOURNEY: HOME FURNISHINGS SHOPPERS_Run of Network_Behavioral_F25-54_320 x 50_Click and View_NV_NA,204626291,10/4/2017,7570,148,7422,4684,2738,27,2711,2596,115,4711,4511,7107
TJN_HOM_030_HomeGoods 2H Digital_F18,xAd Inc.,PJQ7MR_TJN_HOM_030_Mobile_GROUND TRUTH FKA XAD_DST_SV1_MAP_DIR_DSP_TRG_RON_MKT_DMA_DVY_LOCATION - COMPETITOR SHOPPERS - DYNAMIC DISTANCE_Run of Network_Geo_F25-54_300 x 250_Click and View_NV_NA,204647890,9/17/2017,4930,516,4414,4414,0,0,0,0,0,4414,0,0
TJN_HOM_025_HomeGoods Digital Video_Q4FY18,Tremor Video Inc.,PK6DWD_TJN_HOM_025_OLV_TREMOR NETWORK_AWR_BS1_MAP_DIR_VID_TRG_RON_BTG_CTG_DVY_ALL SCREEN PREROLL + SOCIAL AFFINITY TARGETING TO W25-54 HOME ENTHUSIASTS MOB/TAB APP_Run of Network_Behavioral_F25-54_1280 x 720_Standard_NV_NA,205941321,10/8/2017,1684,7,1677,1435,242,2,240,217,23,1437,1299,1516
TJN_HOM_030_HomeGoods 2H Digital_F18,xAd Inc.,PJQ7MJ_TJN_HOM_030_Mobile_GROUND TRUTH FKA XAD_DST_SV1_MAP_DIR_DSP_TRG_RON_PXT_BTG_DVY_PROXIMITY LOYALTY - STORE LOCATOR UNIT_Run of Network_Geo_F25-54_320 x 50_Click and View_NV_NA,204649939,10/11/2017,19952,559,19393,8107,11286,82,11204,10380,824,8189,7587,17967
TJN_HOM_030_HomeGoods 2H Digital_F18,xAd Inc.,PJQ7MN_TJN_HOM_030_Mobile_GROUND TRUTH FKA XAD_DST_SV1_MAP_DIR_DSP_TRG_RON_MKT_DMA_DVY_LOCATION - HOMEGOODS SHOPPERS - DYNAMIC DISTANCE_Run of Network_Geo_F25-54_320 x 50_Click and View_NV_NA,204651439,10/17/2017,4679,64,4615,3547,1068,12,1056,930,126,3559,3034,3964
TJN_HOM_030_HomeGoods 2H Digital_F18,NinthDecimal,"PJQ7NK_TJN_HOM_030_Mobile_NINTHDECIMAL_DST_SV1_MAP_DIR_RCH_TRG_RON_BTG_DMA_DVY_TV TARGETING: HGTV, DIY NETWORK, BRAVO, TLC, FOOD NETWORK_Run of Network_Behavioral_F25-54_320 x 50_Click and View_NV_NA",204674553,9/10/2017,3593,52,3541,2849,692,6,686,654,32,2855,2722,3376
TJN_HOM_008_HomeGoods Summer Digital_FY18,Hulu,PHG79P_TJN_HOM_008_FEP_HULU_PageBrand_SPONSORSHIP_CROSS DEVICE_CUSTOM_VIDEO_1X1_1X1_N/A_N/A_N/A_SITE_N/A_Roadblock_Demo_F25-54_1 x 1_Click and View_NV_NA,201464250,7/22/2017,9,0,9,9,0,0,0,0,0,9,8,8
TJN_HOM_008_HomeGoods Summer Digital_FY18,xAd Inc.,PHHXH0_TJN_HOM_008_Mobile_XAD INC_STANDALONE_RON_MOBILE APP_STANDARD_DISPLAY_320X50_GEO-FENCING_Run of Network_Behavioral_F25-54_320 x 50_Click and View_NV_NA,200587948,7/21/2017,19,0,19,2,17,5,12,5,7,7,3,8
TJN_HOM_030_HomeGoods 2H Digital_F18,xAd Inc.,PJQ7ML_TJN_HOM_030_Mobile_GROUND TRUTH FKA XAD_DST_SV1_MAP_DIR_DSP_TRG_RON_BTG_DMA_DVY_BEHAVIORAL - HOME SHOPPER - DYNAMIC DISTANCE_Run of Network_Behavioral_F25-54_320 x 50_Click and View_NV_NA,204626174,9/4/2017,6,0,6,0,6,0,6,6,0,0,0,6
TJN_HOM_030_HomeGoods 2H Digital_F18,xAd Inc.,PJQ7MJ_TJN_HOM_030_Mobile_GROUND TRUTH FKA XAD_DST_SV1_MAP_DIR_DSP_TRG_RON_PXT_BTG_DVY_PROXIMITY LOYALTY - STORE LOCATOR UNIT_Run of Network_Geo_F25-54_320 x 50_Click and View_NV_NA,204649939,10/6/2017,11783,310,11473,6992,4481,35,4446,4242,204,7027,6705,10947
TJN_HOM_008_HomeGoods Summer Digital_FY18,Hulu,Rolled-up Placements,N/A,7/10/2017,724285,10451,713834,713834,0,0,0,0,0,713834,667486,667486
TJN_HOM_013_HomeGoods FEP_Q3FY18,Discovery Digital Media,PHWLS8_TJN_HOM_013_Content_DISCOVERY NETWORKS_Full Episode Video Tablet Web_30s_FEP_Contextual_F25-54_1920 x 1080_Standard_NV_NA,201899695,7/17/2017,1183,13,1170,1170,0,0,0,0,0,1170,,
TJN_HOM_030_HomeGoods 2H Digital_F18,NinthDecimal,PJQ7ND_TJN_HOM_030_Mobile_NINTHDECIMAL_DST_SV1_MAP_DIR_RCH_TRG_RON_BTG_DMA_DVY_CONSUMER JOURNEY: HOUSEHOLD CEO_Run of Network_Behavioral_F25-54_320 x 50_Click and View_NV_NA,204626294,9/10/2017,3181,49,3132,984,2148,10,2138,2072,66,994,963,3035
TJN_HOM_025_HomeGoods Digital Video_Q4FY18,Tremor Video Inc.,PK6DWD_TJN_HOM_025_OLV_TREMOR NETWORK_AWR_BS1_MAP_DIR_VID_TRG_RON_BTG_CTG_DVY_ALL SCREEN PREROLL + SOCIAL AFFINITY TARGETING TO W25-54 HOME ENTHUSIASTS MOB/TAB APP_Run of Network_Behavioral_F25-54_1280 x 720_Standard_NV_NA,205941321,10/29/2017,1689158,1551,1687607,1680499,7108,667,6441,2856,3585,1681166,745445,748301
TJN_HOM_030_HomeGoods 2H Digital_F18,NinthDecimal,PJQ7N8_TJN_HOM_030_Mobile_NINTHDECIMAL_DST_SV1_MAP_DIR_RCH_TRG_RON_BTG_PXT_DVY_LOCATION GRAPH: HOMEGOODS LOYALISTS_Run of Network_Behavioral_F25-54_320 x 50_Click and View_NV_NA,204675012,9/28/2017,6627,94,6533,2536,3997,15,3982,3840,142,2551,2460,6300
TJN_HOM_030_HomeGoods 2H Digital_F18,NinthDecimal,PJQ7N9_TJN_HOM_030_Mobile_NINTHDECIMAL_DST_SV1_MAP_DIR_RCH_TRG_RON_BTG_PXT_DVY_LOCATION GRAPH: TJX FAMILY LOYALISTS_Run of Network_Behavioral_F25-54_320 x 50_Click and View_NV_NA,204647917,10/11/2017,25034,534,24500,9389,15111,95,15016,14540,476,9484,9183,23723
TJN_HOM_008_HomeGoods Summer Digital_FY18,Hulu,PHG79P_TJN_HOM_008_FEP_HULU_PageBrand_SPONSORSHIP_CROSS DEVICE_CUSTOM_VIDEO_1X1_1X1_N/A_N/A_N/A_SITE_N/A_Roadblock_Demo_F25-54_1 x 1_Click and View_NV_NA,201464250,8/25/2017,194,4,190,190,0,0,0,0,0,190,184,184
TJN_HOM_013_HomeGoods FEP_Q3FY18,Discovery Digital Media,PHWLS7_TJN_HOM_013_Content_DISCOVERY NETWORKS_Full Episode Video Mobile Web_30s_FEP_Contextual_F25-54_1920 x 1080_Standard_NV_NA,201895019,8/13/2017,945,9,936,936,0,0,0,0,0,936,,
TJN_HOM_008_HomeGoods Summer Digital_FY18,Hulu,PHG79N_TJN_HOM_008_FEP_HULU_Masthead_SPONSORSHIP_CROSS DEVICE_CUSTOM_VIDEO_1X1_1X1_N/A_N/A_N/A_SITE_N/A_Roadblock_Demo_F25-54_1 x 1_Click and View_NV_NA,201462657,9/3/2017,45,0,45,45,0,0,0,0,0,45,43,43
TJN_HOM_030_HomeGoods 2H Digital_F18,Nativo Inc.,PK87W8_TJN_HOM_030_Content_NATIVO FKA POST RLSE_DSI_BS2_MWB_DIR_NAD_ROT_RON_CTG_BTG_DVY_NATIVE DISPLAY UNIT FALL TRENDS_Run of Network_Contextual_F25-54_1 x 1_Click and View_NV_NA,206137761,10/17/2017,265688,9927,255761,1651,254110,17258,236852,78449,158403,18909,6263,84712
TJN_HOM_030_HomeGoods 2H Digital_F18,NinthDecimal,PJQ7N7_TJN_HOM_030_Mobile_NINTHDECIMAL_DST_SV1_MAP_DIR_RCH_TRG_RON_PXT_DMA_DVY_GEOFENCE: 15-20-MILE RADIUS AROUND RURAL STORES_Run of Network_Geo_F25-54_320 x 50_Click and View_NV_NA,204674556,9/6/2017,6018,116,5902,2854,3048,20,3028,2961,67,2874,2810,5771
TJN_HOM_030_HomeGoods 2H Digital_F18,NinthDecimal,PJQ7NF_TJN_HOM_030_Mobile_NINTHDECIMAL_DST_SV1_MAP_DIR_RCH_TRG_RON_BTG_DMA_DVY_CONSUMER JOURNEY: HOME FURNISHINGS SHOPPERS_Run of Network_Behavioral_F25-54_320 x 50_Click and View_NV_NA,204626291,10/15/2017,9374,157,9217,5805,3412,18,3394,3273,121,5823,5615,8888
TJN_HOM_025_HomeGoods Digital Video_Q4FY18,Tremor Video Inc.,PK1FYN_TJN_HOM_025_OLV_TREMOR NETWORK_AWR_BS1_DSK_DIR_VID_TRG_RON_PXT_CTG_DVY_ALL SCREEN PREROLL + PROXIMITYPLUS DWELL TIME TARGETING TO HOMEGOODS VISITORS DESKTOP_Run of Network_Behavioral_F25-54_1280 x 720_Standard_NV_NA,205941312,10/27/2017,25523,57,25466,22520,2946,47,2899,1357,1542,22567,10563,11920
TJN_HOM_030_HomeGoods 2H Digital_F18,NinthDecimal,PJQ7NG_TJN_HOM_030_Mobile_NINTHDECIMAL_DST_SV1_MAP_DIR_RCH_TRG_RON_BTG_DMA_DVY_CONSUMER JOURNEY: NEW HOME BUYERS & MOVERS_Run of Network_Behavioral_F25-54_320 x 50_Click and View_NV_NA,204625835,9/24/2017,7632,94,7538,2265,5273,33,5240,5087,153,2298,2231,7318
TJN_HOM_030_HomeGoods 2H Digital_F18,NinthDecimal,PJQ7NC_TJN_HOM_030_Mobile_NINTHDECIMAL_DST_SV1_MAP_DIR_RCH_TRG_RON_BTG_DMA_DVY_CONSUMER JOURNEY: DIYERS_Run of Network_Behavioral_F25-54_320 x 50_Click and View_NV_NA,204675009,10/12/2017,9871,188,9683,4877,4806,23,4783,4603,180,4900,4716,9319
TJN_HOM_030_HomeGoods 2H Digital_F18,NinthDecimal,PJQ7NB_TJN_HOM_030_Mobile_NINTHDECIMAL_DST_SV1_MAP_DIR_RCH_TRG_RON_BTG_PXT_DVY_LOCATION GRAPH: COMPETITIVE CONQUESTING_Run of Network_Behavioral_F25-54_320 x 50_Click and View_NV_NA,204649942,10/18/2017,8358,104,8254,4785,3469,39,3430,3347,83,4824,4707,8054
TJN_HOM_030_HomeGoods 2H Digital_F18,xAd Inc.,PJQ7MR_TJN_HOM_030_Mobile_GROUND TRUTH FKA XAD_DST_SV1_MAP_DIR_DSP_TRG_RON_MKT_DMA_DVY_LOCATION - COMPETITOR SHOPPERS - DYNAMIC DISTANCE_Run of Network_Geo_F25-54_300 x 250_Click and View_NV_NA,204647890,10/31/2017,9026,237,8789,8789,0,0,0,0,0,8789,7871,7871
TJN_HOM_030_HomeGoods 2H Digital_F18,NinthDecimal,PJQ7NG_TJN_HOM_030_Mobile_NINTHDECIMAL_DST_SV1_MAP_DIR_RCH_TRG_RON_BTG_DMA_DVY_CONSUMER JOURNEY: NEW HOME BUYERS & MOVERS_Run of Network_Behavioral_F25-54_320 x 50_Click and View_NV_NA,204625835,10/23/2017,9365,141,9224,3779,5445,60,5385,5207,178,3839,3712,8919
TJN_HOM_008_HomeGoods Summer Digital_FY18,xAd Inc.,PHHXGV_TJN_HOM_008_Mobile_XAD INC_CHILD_CONQUESTING_MOBILE APP_STANDARD_DISPLAY_300X250_GEO-FENCING_Run of Network_Geo_F25-54_300 x 250_Click and View_NV_NA,200573063,8/16/2017,13632,7496,6136,169,5967,5792,175,168,7,5961,5723,5891
TJN_HOM_013_HomeGoods FEP_Q3FY18,Discovery Digital Media,PHWLS6_TJN_HOM_013_Content_DISCOVERY NETWORKS_Full Episode Video Mobile App_30s_FEP_Contextual_F25-54_1920 x 1080_Standard_NV_NA,201891425,7/19/2017,21915,154,21761,21761,0,0,0,0,0,21761,,
TJN_HOM_008_HomeGoods Summer Digital_FY18,Hulu,PHG79P_TJN_HOM_008_FEP_HULU_PageBrand_SPONSORSHIP_CROSS DEVICE_CUSTOM_VIDEO_1X1_1X1_N/A_N/A_N/A_SITE_N/A_Roadblock_Demo_F25-54_1 x 1_Click and View_NV_NA,201464250,7/25/2017,17,0,17,17,0,0,0,0,0,17,15,15
TJN_HOM_013_HomeGoods FEP_Q3FY18,Discovery Digital Media,PHWLS8_TJN_HOM_013_Content_DISCOVERY NETWORKS_Full Episode Video Tablet Web_30s_FEP_Contextual_F25-54_1920 x 1080_Standard_NV_NA,201899695,9/1/2017,875,17,858,858,0,0,0,0,0,858,,
TJN_HOM_030_HomeGoods 2H Digital_F18,NinthDecimal,PJQ7N9_TJN_HOM_030_Mobile_NINTHDECIMAL_DST_SV1_MAP_DIR_RCH_TRG_RON_BTG_PXT_DVY_LOCATION GRAPH: TJX FAMILY LOYALISTS_Run of Network_Behavioral_F25-54_320 x 50_Click and View_NV_NA,204647917,10/6/2017,16951,329,16622,8925,7697,50,7647,7369,278,8975,8649,16018
TJN_HOM_030_HomeGoods 2H Digital_F18,NinthDecimal,PJQ7NG_TJN_HOM_030_Mobile_NINTHDECIMAL_DST_SV1_MAP_DIR_RCH_TRG_RON_BTG_DMA_DVY_CONSUMER JOURNEY: NEW HOME BUYERS & MOVERS_Run of Network_Behavioral_F25-54_320 x 50_Click and View_NV_NA,204625835,9/22/2017,8004,139,7865,2594,5271,33,5238,5081,157,2627,2548,7629
TJN_HOM_030_HomeGoods 2H Digital_F18,xAd Inc.,PJQ7MK_TJN_HOM_030_Mobile_GROUND TRUTH FKA XAD_DST_SV1_MAP_DIR_DSP_TRG_RON_PXT_BTG_DVY_PROXIMITY LOYALTY - STORE LOCATOR UNIT_Run of Network_Geo_F25-54_300 x 250_Click and View_NV_NA,204625442,10/21/2017,4550,34,4516,226,4290,29,4261,4106,155,255,246,4352
TJN_HOM_030_HomeGoods 2H Digital_F18,NinthDecimal,PJQ7N8_TJN_HOM_030_Mobile_NINTHDECIMAL_DST_SV1_MAP_DIR_RCH_TRG_RON_BTG_PXT_DVY_LOCATION GRAPH: HOMEGOODS LOYALISTS_Run of Network_Behavioral_F25-54_320 x 50_Click and View_NV_NA,204675012,9/14/2017,6270,494,5776,1271,4505,19,4486,4293,193,1290,1235,5528
TJN_HOM_008_HomeGoods Summer Digital_FY18,xAd Inc.,PHHXGT_TJN_HOM_008_Mobile_XAD INC_CHILD_CONQUESTING_MOBILE APP_STANDARD_DISPLAY_320X50_GEO-FENCING_Run of Network_Geo_F25-54_320 x 50_Click and View_NV_NA,200573066,7/20/2017,32571,173,32398,28020,4378,41,4337,2915,1422,28061,18860,21775
TJN_HOM_030_HomeGoods 2H Digital_F18,Nativo Inc.,PK87W8_TJN_HOM_030_Content_NATIVO FKA POST RLSE_DSI_BS2_MWB_DIR_NAD_ROT_RON_CTG_BTG_DVY_NATIVE DISPLAY UNIT FALL TRENDS_Run of Network_Contextual_F25-54_1 x 1_Click and View_NV_NA,206137761,10/5/2017,267220,11170,256050,2456,253594,23079,230515,64397,166118,25535,7133,71530
TJN_HOM_030_HomeGoods 2H Digital_F18,xAd Inc.,PJQ7MH_TJN_HOM_030_Mobile_GROUND TRUTH FKA XAD_DST_SV1_MAP_DIR_DSP_TRG_RON_PXT_BTG_DVY_PROXIMITY LOYALTY - DYNAMIC DISTANCE_Run of Network_Geo_F25-54_300 x 250_Click and View_NV_NA,204675003,10/26/2017,22897,448,22449,22449,0,0,0,0,0,22449,17723,17723
TJN_HOM_030_HomeGoods 2H Digital_F18,xAd Inc.,PJQ7MK_TJN_HOM_030_Mobile_GROUND TRUTH FKA XAD_DST_SV1_MAP_DIR_DSP_TRG_RON_PXT_BTG_DVY_PROXIMITY LOYALTY - STORE LOCATOR UNIT_Run of Network_Geo_F25-54_300 x 250_Click and View_NV_NA,204625442,9/9/2017,585,6,579,10,569,2,567,532,35,12,11,543
TJN_HOM_030_HomeGoods 2H Digital_F18,NinthDecimal,PJQ7N8_TJN_HOM_030_Mobile_NINTHDECIMAL_DST_SV1_MAP_DIR_RCH_TRG_RON_BTG_PXT_DVY_LOCATION GRAPH: HOMEGOODS LOYALISTS_Run of Network_Behavioral_F25-54_320 x 50_Click and View_NV_NA,204675012,10/14/2017,14038,167,13871,4561,9310,49,9261,8951,310,4610,4456,13407
TJN_HOM_013_HomeGoods FEP_Q3FY18,Discovery Digital Media,PHWLS7_TJN_HOM_013_Content_DISCOVERY NETWORKS_Full Episode Video Mobile Web_30s_FEP_Contextual_F25-54_1920 x 1080_Standard_NV_NA,201895019,8/15/2017,926,7,919,919,0,0,0,0,0,919,,
TJN_HOM_030_HomeGoods 2H Digital_F18,xAd Inc.,PJQ7MP_TJN_HOM_030_Mobile_GROUND TRUTH FKA XAD_DST_SV1_MAP_DIR_DSP_TRG_RON_MKT_DMA_DVY_LOCATION - HOMEGOODS SHOPPERS - DYNAMIC DISTANCE_Run of Network_Geo_F25-54_300 x 250_Click and View_NV_NA,204647878,11/9/2017,16294,701,15593,15593,0,0,0,0,0,15593,15593,15593
TJN_HOM_030_HomeGoods 2H Digital_F18,NinthDecimal,PJQ7N6_TJN_HOM_030_Mobile_NINTHDECIMAL_DST_SV1_MAP_DIR_RCH_TRG_RON_PXT_DMA_DVY_GEOFENCE: 5-10-MILE RADIUS AROUND SUBURBAN STORES_Run of Network_Geo_F25-54_320 x 50_Click and View_NV_NA,204646507,10/27/2017,10713,212,10501,750,9751,32,9719,9496,223,782,764,10260
TJN_HOM_030_HomeGoods 2H Digital_F18,Nativo Inc.,PK87W8_TJN_HOM_030_Content_NATIVO FKA POST RLSE_DSI_BS2_MWB_DIR_NAD_ROT_RON_CTG_BTG_DVY_NATIVE DISPLAY UNIT FALL TRENDS_Run of Network_Contextual_F25-54_1 x 1_Click and View_NV_NA,206137761,11/10/2017,7,0,7,0,7,6,1,0,1,6,0,0
TJN_HOM_030_HomeGoods 2H Digital_F18,Nativo Inc.,PK87W8_TJN_HOM_030_Content_NATIVO FKA POST RLSE_DSI_BS2_MWB_DIR_NAD_ROT_RON_CTG_BTG_DVY_NATIVE DISPLAY UNIT FALL TRENDS_Run of Network_Contextual_F25-54_1 x 1_Click and View_NV_NA,206137761,10/24/2017,237185,9637,227548,4678,222870,22113,200757,71400,129357,26791,9528,80928
TJN_HOM_030_HomeGoods 2H Digital_F18,NinthDecimal,PJQ7NH_TJN_HOM_030_Mobile_NINTHDECIMAL_DST_SV1_MAP_DIR_RCH_TRG_RON_BTG_DMA_DVY_CONSUMER JOURNEY: PET SUPPLY SHOPPERS_Run of Network_Behavioral_F25-54_320 x 50_Click and View_NV_NA,204647914,9/12/2017,13978,226,13752,4968,8784,84,8700,8447,253,5052,4905,13352
TJN_HOM_030_HomeGoods 2H Digital_F18,xAd Inc.,PJQ7MG_TJN_HOM_030_Mobile_GROUND TRUTH FKA XAD_DST_SV1_MAP_DIR_DSP_TRG_RON_PXT_BTG_DVY_PROXIMITY LOYALTY - DYNAMIC DISTANCE_Run of Network_Geo_F25-54_320 x 50_Click and View_NV_NA,204626813,9/21/2017,35341,854,34487,25184,9303,1801,7502,6266,1236,26985,16797,23063
TJN_HOM_008_HomeGoods Summer Digital_FY18,NinthDecimal,PHHXGM_TJN_HOM_008_Mobile_NINTHDECIMAL_CHILD_LUXURY SHOPPERS PROSPECTING_MOBILE APP_CUSTOM_DISPLAY_320X50_Run of Network_Behavioral_F25-54_320 x 50_Click and View_NV_NA,200581998,8/19/2017,34913,730,34183,9294,24889,192,24697,22981,1716,9486,8827,31808
TJN_HOM_008_HomeGoods Summer Digital_FY18,NinthDecimal,Rolled-up Placements,N/A,6/26/2017,121225,1149,120076,42707,77369,397,76972,74026,2946,43104,41473,115499
TJN_HOM_008_HomeGoods Summer Digital_FY18,NinthDecimal,Rolled-up Placements,N/A,6/19/2017,46900,557,46343,19663,26680,163,26517,25462,1055,19826,19091,44553
TJN_HOM_013_HomeGoods FEP_Q3FY18,Discovery Digital Media,PHWLS8_TJN_HOM_013_Content_DISCOVERY NETWORKS_Full Episode Video Tablet Web_30s_FEP_Contextual_F25-54_1920 x 1080_Standard_NV_NA,201899695,7/28/2017,712,2,710,710,0,0,0,0,0,710,,
TJN_HOM_013_HomeGoods FEP_Q3FY18,Scripps Networks,PHNKCR_TJN_HOM_013_FEP_SCRIPPSNETWORKS.COM_On-site_Crossplatform_FEP_Demo_F25-54_1280 x 720_Standard_NV_NA,201888442,9/21/2017,3371,33,3338,3338,0,0,0,0,0,3338,,
TJN_HOM_008_HomeGoods Summer Digital_FY18,xAd Inc.,PHHXGR_TJN_HOM_008_Mobile_XAD INC_CHILD_LOYALTY_MOBILE APP_STANDARD_DISPLAY_320X50_GEO-FENCING_Run of Network_Geo_F25-54_320 x 50_Click and View_NV_NA,200587518,7/29/2017,37210,925,36285,20579,15706,273,15433,11299,4134,20852,15266,26565
TJN_HOM_030_HomeGoods 2H Digital_F18,NinthDecimal,PJQ7N5_TJN_HOM_030_Mobile_NINTHDECIMAL_DST_SV1_MAP_DIR_RCH_TRG_RON_PXT_DMA_DVY_GEOFENCE: 2-MILE RADIUS AROUND URBAN STORES_Run of Network_Geo_F25-54_320 x 50_Click and View_NV_NA,204649945,9/21/2017,12854,440,12414,5546,6868,32,6836,6594,242,5578,5381,11975
TJN_HOM_008_HomeGoods Summer Digital_FY18,xAd Inc.,PHHXGR_TJN_HOM_008_Mobile_XAD INC_CHILD_LOYALTY_MOBILE APP_STANDARD_DISPLAY_320X50_GEO-FENCING_Run of Network_Geo_F25-54_320 x 50_Click and View_NV_NA,200587518,8/1/2017,73167,907,72260,48488,23772,143,23629,22613,1016,48631,44345,66958
TJN_HOM_030_HomeGoods 2H Digital_F18,xAd Inc.,PJQ7MQ_TJN_HOM_030_Mobile_GROUND TRUTH FKA XAD_DST_SV1_MAP_DIR_DSP_TRG_RON_MKT_DMA_DVY_LOCATION - COMPETITOR SHOPPERS - DYNAMIC DISTANCE_Run of Network_Geo_F25-54_320 x 50_Click and View_NV_NA,204617210,9/12/2017,16308,182,16126,12613,3513,491,3022,2747,275,13104,8706,11453
TJN_HOM_008_HomeGoods Summer Digital_FY18,Hulu,PHG79G_TJN_HOM_008_FEP_HULU_ROS Pre-roll_CROSS DEVICE_PRE-ROLL_VIDEO_1920X1080_VAST_AUDIENCE_N/A_N/A_3RD PARTY_N/A_Run of Site_Demo_F25-54_1920 x 1080_Standard_NV_NA,201466946,8/11/2017,16211,112,16099,16099,0,0,0,0,0,16099,14084,14084
TJN_HOM_030_HomeGoods 2H Digital_F18,NinthDecimal,PJQ7N6_TJN_HOM_030_Mobile_NINTHDECIMAL_DST_SV1_MAP_DIR_RCH_TRG_RON_PXT_DMA_DVY_GEOFENCE: 5-10-MILE RADIUS AROUND SUBURBAN STORES_Run of Network_Geo_F25-54_320 x 50_Click and View_NV_NA,204646507,9/7/2017,6321,173,6148,3292,2856,12,2844,2780,64,3304,3230,6010
TJN_HOM_025_HomeGoods Digital Video_Q4FY18,Tremor Video Inc.,PK6DYV_TJN_HOM_025_OLV_TREMOR NETWORK_AWR_BS1_MAP_DIR_VID_TRG_RON_PXT_CTG_DVY_ALL SCREEN PREROLL + PROXIMITYPLUS DWELL TIME TARGETING TO HOMEGOODS VISITORS MOB/TAB APP_Run of Network_Behavioral_F25-54_1280 x 720_Standard_NV_NA,205859075,10/10/2017,465,0,465,294,171,0,171,146,25,294,251,397
TJN_HOM_030_HomeGoods 2H Digital_F18,NinthDecimal,PJQ7N6_TJN_HOM_030_Mobile_NINTHDECIMAL_DST_SV1_MAP_DIR_RCH_TRG_RON_PXT_DMA_DVY_GEOFENCE: 5-10-MILE RADIUS AROUND SUBURBAN STORES_Run of Network_Geo_F25-54_320 x 50_Click and View_NV_NA,204646507,11/5/2017,4998,113,4885,766,4119,9,4110,4010,100,775,756,4766
TJN_HOM_008_HomeGoods Summer Digital_FY18,Hulu,PHG79K_TJN_HOM_008_FEP_HULU_Summer TV Pre-roll_SPONSORSHIP_CROSS DEVICE_PRE-ROLL_VIDEO_1920X1080_VAST_N/A_N/A_N/A_3RD PARTY_N/A_Roadblock_Demo_F25-54_1920 x 1080_Standard_NV_NA,201466499,8/26/2017,121136,893,120243,120243,0,0,0,0,0,120243,117118,117118
TJN_HOM_030_HomeGoods 2H Digital_F18,NinthDecimal,PJQ7N5_TJN_HOM_030_Mobile_NINTHDECIMAL_DST_SV1_MAP_DIR_RCH_TRG_RON_PXT_DMA_DVY_GEOFENCE: 2-MILE RADIUS AROUND URBAN STORES_Run of Network_Geo_F25-54_320 x 50_Click and View_NV_NA,204649945,10/6/2017,9076,281,8795,5089,3706,36,3670,3498,172,5125,4885,8383
TJN_HOM_030_HomeGoods 2H Digital_F18,NinthDecimal,PJQ7N8_TJN_HOM_030_Mobile_NINTHDECIMAL_DST_SV1_MAP_DIR_RCH_TRG_RON_BTG_PXT_DVY_LOCATION GRAPH: HOMEGOODS LOYALISTS_Run of Network_Behavioral_F25-54_320 x 50_Click and View_NV_NA,204675012,9/5/2017,249,5,244,111,133,5,128,122,6,116,111,233
TJN_HOM_030_HomeGoods 2H Digital_F18,xAd Inc.,PJQ7MG_TJN_HOM_030_Mobile_GROUND TRUTH FKA XAD_DST_SV1_MAP_DIR_DSP_TRG_RON_PXT_BTG_DVY_PROXIMITY LOYALTY - DYNAMIC DISTANCE_Run of Network_Geo_F25-54_320 x 50_Click and View_NV_NA,204626813,10/6/2017,56384,1266,55118,42776,12342,1111,11231,9174,2057,43887,32190,41364
TJN_HOM_013_HomeGoods FEP_Q3FY18,Discovery Digital Media,PHWLS5_TJN_HOM_013_Content_DISCOVERY NETWORKS_Full Episode Video Desktop_30s_FEP_Contextual_F25-54_1920 x 1080_Standard_NV_NA,201895013,9/24/2017,3462,71,3391,3391,0,0,0,0,0,3391,,
TJN_HOM_008_HomeGoods Summer Digital_FY18,Hulu,PHG79G_TJN_HOM_008_FEP_HULU_ROS Pre-roll_CROSS DEVICE_PRE-ROLL_VIDEO_1920X1080_VAST_AUDIENCE_N/A_N/A_3RD PARTY_N/A_Run of Site_Demo_F25-54_1920 x 1080_Standard_NV_NA,201466946,8/20/2017,20645,133,20512,20512,0,0,0,0,0,20512,16542,16542
TJN_HOM_013_HomeGoods FEP_Q3FY18,Discovery Digital Media,PHWLS8_TJN_HOM_013_Content_DISCOVERY NETWORKS_Full Episode Video Tablet Web_30s_FEP_Contextual_F25-54_1920 x 1080_Standard_NV_NA,201899695,8/31/2017,887,2,885,885,0,0,0,0,0,885,,
TJN_HOM_008_HomeGoods Summer Digital_FY18,xAd Inc.,PHHXGR_TJN_HOM_008_Mobile_XAD INC_CHILD_LOYALTY_MOBILE APP_STANDARD_DISPLAY_320X50_GEO-FENCING_Run of Network_Geo_F25-54_320 x 50_Click and View_NV_NA,200587518,8/13/2017,112706,1721,110985,58293,52692,1288,51404,39810,11594,59581,46143,85953
TJN_HOM_008_HomeGoods Summer Digital_FY18,xAd Inc.,PHHXGT_TJN_HOM_008_Mobile_XAD INC_CHILD_CONQUESTING_MOBILE APP_STANDARD_DISPLAY_320X50_GEO-FENCING_Run of Network_Geo_F25-54_320 x 50_Click and View_NV_NA,200573066,9/3/2017,60369,748,59621,30736,28885,119,28766,28497,269,30855,30566,59063
TJN_HOM_030_HomeGoods 2H Digital_F18,NinthDecimal,PJQ7N7_TJN_HOM_030_Mobile_NINTHDECIMAL_DST_SV1_MAP_DIR_RCH_TRG_RON_PXT_DMA_DVY_GEOFENCE: 15-20-MILE RADIUS AROUND RURAL STORES_Run of Network_Geo_F25-54_320 x 50_Click and View_NV_NA,204674556,9/17/2017,9868,223,9645,3706,5939,17,5922,5820,102,3723,3659,9479
TJN_HOM_030_HomeGoods 2H Digital_F18,xAd Inc.,PJQ7MG_TJN_HOM_030_Mobile_GROUND TRUTH FKA XAD_DST_SV1_MAP_DIR_DSP_TRG_RON_PXT_BTG_DVY_PROXIMITY LOYALTY - DYNAMIC DISTANCE_Run of Network_Geo_F25-54_320 x 50_Click and View_NV_NA,204626813,10/11/2017,66743,2008,64735,55747,8988,1110,7878,6506,1372,56857,45302,51808
TJN_HOM_008_HomeGoods Summer Digital_FY18,xAd Inc.,Rolled-up Placements,N/A,7/5/2017,176799,13585,163214,124724,38490,23993,14497,10920,3577,148717,119220,130140
TJN_HOM_030_HomeGoods 2H Digital_F18,xAd Inc.,PJQ7MN_TJN_HOM_030_Mobile_GROUND TRUTH FKA XAD_DST_SV1_MAP_DIR_DSP_TRG_RON_MKT_DMA_DVY_LOCATION - HOMEGOODS SHOPPERS - DYNAMIC DISTANCE_Run of Network_Geo_F25-54_320 x 50_Click and View_NV_NA,204651439,9/18/2017,9625,157,9468,7509,1959,558,1401,1319,82,8067,7624,8943
TJN_HOM_008_HomeGoods Summer Digital_FY18,Hulu,PHG79G_TJN_HOM_008_FEP_HULU_ROS Pre-roll_CROSS DEVICE_PRE-ROLL_VIDEO_1920X1080_VAST_AUDIENCE_N/A_N/A_3RD PARTY_N/A_Run of Site_Demo_F25-54_1920 x 1080_Standard_NV_NA,201466946,8/24/2017,19621,134,19487,19487,0,0,0,0,0,19487,18885,18885
TJN_HOM_008_HomeGoods Summer Digital_FY18,Hulu,PHG79P_TJN_HOM_008_FEP_HULU_PageBrand_SPONSORSHIP_CROSS DEVICE_CUSTOM_VIDEO_1X1_1X1_N/A_N/A_N/A_SITE_N/A_Roadblock_Demo_F25-54_1 x 1_Click and View_NV_NA,201464250,7/30/2017,12,0,12,12,0,0,0,0,0,12,11,11
TJN_HOM_013_HomeGoods FEP_Q3FY18,Discovery Digital Media,PHWLS5_TJN_HOM_013_Content_DISCOVERY NETWORKS_Full Episode Video Desktop_30s_FEP_Contextual_F25-54_1920 x 1080_Standard_NV_NA,201895013,9/22/2017,3422,100,3322,3322,0,0,0,0,0,3322,,
TJN_HOM_013_HomeGoods FEP_Q3FY18,Discovery Digital Media,PHWLS7_TJN_HOM_013_Content_DISCOVERY NETWORKS_Full Episode Video Mobile Web_30s_FEP_Contextual_F25-54_1920 x 1080_Standard_NV_NA,201895019,9/23/2017,884,22,862,862,0,0,0,0,0,862,,
TJN_HOM_030_HomeGoods 2H Digital_F18,NinthDecimal,PJQ7N5_TJN_HOM_030_Mobile_NINTHDECIMAL_DST_SV1_MAP_DIR_RCH_TRG_RON_PXT_DMA_DVY_GEOFENCE: 2-MILE RADIUS AROUND URBAN STORES_Run of Network_Geo_F25-54_320 x 50_Click and View_NV_NA,204649945,10/11/2017,14042,482,13560,6426,7134,54,7080,6795,285,6480,6219,13014
TJN_HOM_008_HomeGoods Summer Digital_FY18,NinthDecimal,PHHXGL_TJN_HOM_008_Mobile_NINTHDECIMAL_CHILD_RETENTION_MOBILE APP_CUSTOM_DISPLAY_320X50_Run of Network_Behavioral_F25-54_320 x 50_Click and View_NV_NA,200585092,9/6/2017,3,0,3,2,1,1,0,0,0,3,3,3
TJN_HOM_008_HomeGoods Summer Digital_FY18,Hulu,PHG79M_TJN_HOM_008_FEP_HULU_Premium Slate_CROSS DEVICE_PRE-ROLL_CUSTOM_VECTOR LOGO_1X1_N/A_N/A_N/A_SITE_N/A_Roadblock_Demo_F25-54_1 x 1_Click and View_NV_NA,201466502,8/4/2017,80359,699,79660,79660,0,0,0,0,0,79660,64552,64552
TJN_HOM_008_HomeGoods Summer Digital_FY18,Hulu,PHG79K_TJN_HOM_008_FEP_HULU_Summer TV Pre-roll_SPONSORSHIP_CROSS DEVICE_PRE-ROLL_VIDEO_1920X1080_VAST_N/A_N/A_N/A_3RD PARTY_N/A_Roadblock_Demo_F25-54_1920 x 1080_Standard_NV_NA,201466499,9/2/2017,6,1,5,5,0,0,0,0,0,5,5,5
TJN_HOM_025_HomeGoods Digital Video_Q4FY18,Tremor Video Inc.,PK6DYV_TJN_HOM_025_OLV_TREMOR NETWORK_AWR_BS1_MAP_DIR_VID_TRG_RON_PXT_CTG_DVY_ALL SCREEN PREROLL + PROXIMITYPLUS DWELL TIME TARGETING TO HOMEGOODS VISITORS MOB/TAB APP_Run of Network_Behavioral_F25-54_1280 x 720_Standard_NV_NA,205859075,10/22/2017,123506,2018,121488,121073,415,117,298,162,136,121190,65882,66044
TJN_HOM_030_HomeGoods 2H Digital_F18,xAd Inc.,PJQ7MH_TJN_HOM_030_Mobile_GROUND TRUTH FKA XAD_DST_SV1_MAP_DIR_DSP_TRG_RON_PXT_BTG_DVY_PROXIMITY LOYALTY - DYNAMIC DISTANCE_Run of Network_Geo_F25-54_300 x 250_Click and View_NV_NA,204675003,9/25/2017,30394,11893,18501,18456,45,1,44,36,8,18457,15097,15133
TJN_HOM_030_HomeGoods 2H Digital_F18,NinthDecimal,PJQ7N9_TJN_HOM_030_Mobile_NINTHDECIMAL_DST_SV1_MAP_DIR_RCH_TRG_RON_BTG_PXT_DVY_LOCATION GRAPH: TJX FAMILY LOYALISTS_Run of Network_Behavioral_F25-54_320 x 50_Click and View_NV_NA,204647917,9/21/2017,5199,155,5044,1683,3361,22,3339,3233,106,1705,1651,4884
TJN_HOM_030_HomeGoods 2H Digital_F18,xAd Inc.,PJQ7MM_TJN_HOM_030_Mobile_GROUND TRUTH FKA XAD_DST_SV1_MAP_DIR_DSP_TRG_RON_BTG_DMA_DVY_BEHAVIORAL - HOME SHOPPER- DYNAMIC DISTANCE_Run of Network_Behavioral_F25-54_300 x 250_Click and View_NV_NA,204626171,10/18/2017,7121,98,7023,7023,0,0,0,0,0,7023,5793,5793
TJN_HOM_008_HomeGoods Summer Digital_FY18,xAd Inc.,PHHXGR_TJN_HOM_008_Mobile_XAD INC_CHILD_LOYALTY_MOBILE APP_STANDARD_DISPLAY_320X50_GEO-FENCING_Run of Network_Geo_F25-54_320 x 50_Click and View_NV_NA,200587518,8/15/2017,87608,1488,86120,63351,22769,288,22481,19979,2502,63639,56556,76535
TJN_HOM_008_HomeGoods Summer Digital_FY18,xAd Inc.,PHHXGZ_TJN_HOM_008_Mobile_XAD INC_CHILD_LOYALTY_MOBILE APP_CUSTOM_RICH MEDIA_300X250_GEO-FENCING_Run of Network_Geo_F25-54_300 x 250_Click and View_NV_NA,200577158,7/26/2017,11458,182,11276,11266,10,0,10,2,8,11266,2253,2255
TJN_HOM_025_HomeGoods Digital Video_Q4FY18,Tremor Video Inc.,PK1FYN_TJN_HOM_025_OLV_TREMOR NETWORK_AWR_BS1_DSK_DIR_VID_TRG_RON_PXT_CTG_DVY_ALL SCREEN PREROLL + PROXIMITYPLUS DWELL TIME TARGETING TO HOMEGOODS VISITORS DESKTOP_Run of Network_Behavioral_F25-54_1280 x 720_Standard_NV_NA,205941312,11/5/2017,8764,3,8761,929,7832,113,7719,2731,4988,1042,369,3100
TJN_HOM_030_HomeGoods 2H Digital_F18,Nativo Inc.,PJQDHJ_TJN_HOM_030_Content_NATIVO FKA POST RLSE_DSI_BS2_MWB_DIR_NAD_ROT_RON_CTG_BTG_DVY_NATIVE DISPLAY UNIT FALLIDAYS_Run of Network_Contextual_F25-54_1 x 1_Click and View_NV_NA,206024352,10/30/2017,1352117,58577,1293540,13561,1279979,95497,1184482,449757,734725,109058,41410,491167
TJN_HOM_013_HomeGoods FEP_Q3FY18,Discovery Digital Media,PHWLS6_TJN_HOM_013_Content_DISCOVERY NETWORKS_Full Episode Video Mobile App_30s_FEP_Contextual_F25-54_1920 x 1080_Standard_NV_NA,201891425,9/27/2017,17996,221,17775,17775,0,0,0,0,0,17775,,
TJN_HOM_025_HomeGoods Digital Video_Q4FY18,Tremor Video Inc.,PK6F30_TJN_HOM_025_OLV_TREMOR NETWORK_AWR_BS1_CTV_DIR_VID_TRG_RON_PXT_CTG_DVY_ALL SCREEN PREROLL + PROXIMITYPLUS DWELL TIME TARGETING TO HOMEGOODS VISITORS CTV_Run of Network_Behavioral_F25-54_1280 x 720_Standard_NV_NA,205942131,10/11/2017,3272,0,3272,3272,0,0,0,0,0,3272,0,0
TJN_HOM_025_HomeGoods Digital Video_Q4FY18,Tremor Video Inc.,PK6F30_TJN_HOM_025_OLV_TREMOR NETWORK_AWR_BS1_CTV_DIR_VID_TRG_RON_PXT_CTG_DVY_ALL SCREEN PREROLL + PROXIMITYPLUS DWELL TIME TARGETING TO HOMEGOODS VISITORS CTV_Run of Network_Behavioral_F25-54_1280 x 720_Standard_NV_NA,205942131,10/6/2017,1293,0,1293,1293,0,0,0,0,0,1293,0,0
TJN_HOM_013_HomeGoods FEP_Q3FY18,Discovery Digital Media,PHWLS7_TJN_HOM_013_Content_DISCOVERY NETWORKS_Full Episode Video Mobile Web_30s_FEP_Contextual_F25-54_1920 x 1080_Standard_NV_NA,201895019,8/1/2017,957,17,940,940,0,0,0,0,0,940,,
TJN_HOM_008_HomeGoods Summer Digital_FY18,Hulu,PHG79N_TJN_HOM_008_FEP_HULU_Masthead_SPONSORSHIP_CROSS DEVICE_CUSTOM_VIDEO_1X1_1X1_N/A_N/A_N/A_SITE_N/A_Roadblock_Demo_F25-54_1 x 1_Click and View_NV_NA,201462657,7/20/2017,19560,127,19433,19433,0,0,0,0,0,19433,18078,18078
TJN_HOM_030_HomeGoods 2H Digital_F18,xAd Inc.,PJQ7MR_TJN_HOM_030_Mobile_GROUND TRUTH FKA XAD_DST_SV1_MAP_DIR_DSP_TRG_RON_MKT_DMA_DVY_LOCATION - COMPETITOR SHOPPERS - DYNAMIC DISTANCE_Run of Network_Geo_F25-54_300 x 250_Click and View_NV_NA,204647890,10/16/2017,7458,104,7354,7354,0,0,0,0,0,7354,6586,6586
TJN_HOM_030_HomeGoods 2H Digital_F18,xAd Inc.,PJQ7MK_TJN_HOM_030_Mobile_GROUND TRUTH FKA XAD_DST_SV1_MAP_DIR_DSP_TRG_RON_PXT_BTG_DVY_PROXIMITY LOYALTY - STORE LOCATOR UNIT_Run of Network_Geo_F25-54_300 x 250_Click and View_NV_NA,204625442,10/4/2017,4,0,4,2,2,1,1,1,0,3,3,4
TJN_HOM_013_HomeGoods FEP_Q3FY18,Discovery Digital Media,PHWLS7_TJN_HOM_013_Content_DISCOVERY NETWORKS_Full Episode Video Mobile Web_30s_FEP_Contextual_F25-54_1920 x 1080_Standard_NV_NA,201895019,7/29/2017,965,3,962,962,0,0,0,0,0,962,,
TJN_HOM_008_HomeGoods Summer Digital_FY18,Hulu,PHG79G_TJN_HOM_008_FEP_HULU_ROS Pre-roll_CROSS DEVICE_PRE-ROLL_VIDEO_1920X1080_VAST_AUDIENCE_N/A_N/A_3RD PARTY_N/A_Run of Site_Demo_F25-54_1920 x 1080_Standard_NV_NA,201466946,9/30/2017,11371,61,11310,11310,0,0,0,0,0,11310,10085,10085
TJN_HOM_008_HomeGoods Summer Digital_FY18,NinthDecimal,PHHXGM_TJN_HOM_008_Mobile_NINTHDECIMAL_CHILD_LUXURY SHOPPERS PROSPECTING_MOBILE APP_CUSTOM_DISPLAY_320X50_Run of Network_Behavioral_F25-54_320 x 50_Click and View_NV_NA,200581998,8/8/2017,27616,531,27085,6260,20825,151,20674,18632,2042,6411,5778,24410
TJN_HOM_008_HomeGoods Summer Digital_FY18,xAd Inc.,PHHXGV_TJN_HOM_008_Mobile_XAD INC_CHILD_CONQUESTING_MOBILE APP_STANDARD_DISPLAY_300X250_GEO-FENCING_Run of Network_Geo_F25-54_300 x 250_Click and View_NV_NA,200573063,8/17/2017,13594,2322,11272,95,11177,11170,7,6,1,11265,9656,9662
TJN_HOM_013_HomeGoods FEP_Q3FY18,Scripps Networks,PHNKCR_TJN_HOM_013_FEP_SCRIPPSNETWORKS.COM_On-site_Crossplatform_FEP_Demo_F25-54_1280 x 720_Standard_NV_NA,201888442,8/6/2017,2320,11,2309,2309,0,0,0,0,0,2309,,
TJN_HOM_008_HomeGoods Summer Digital_FY18,NinthDecimal,PHHXGK_TJN_HOM_008_Mobile_NINTHDECIMAL_CHILD_PROSPECTING_MOBILE APP_CUSTOM_DISPLAY_320X50_Run of Network_Behavioral_F25-54_320 x 50_Click and View_NV_NA,200587954,7/31/2017,225623,3606,222017,67105,154912,835,154077,147905,6172,67940,65218,213123
TJN_HOM_008_HomeGoods Summer Digital_FY18,NinthDecimal,PHHXGL_TJN_HOM_008_Mobile_NINTHDECIMAL_CHILD_RETENTION_MOBILE APP_CUSTOM_DISPLAY_320X50_Run of Network_Behavioral_F25-54_320 x 50_Click and View_NV_NA,200585092,7/20/2017,4949,36,4913,1139,3774,20,3754,3507,247,1159,1083,4590
TJN_HOM_008_HomeGoods Summer Digital_FY18,NinthDecimal,PHHXGP_TJN_HOM_008_Mobile_NINTHDECIMAL_CHILD_PET OWNERS PROSPECTING_MOBILE APP_CUSTOM_DISPLAY_320X50_Run of Network_Behavioral_F25-54_320 x 50_Click and View_NV_NA,200586375,8/15/2017,34105,381,33724,5581,28143,144,27999,26796,1203,5725,5479,32275
TJN_HOM_008_HomeGoods Summer Digital_FY18,xAd Inc.,PHHXGX_TJN_HOM_008_Mobile_XAD INC_CHILD_LOCATION AUDIENCE-HOMEGOODS SHOPPERS_MOBILE APP_STANDARD_DISPLAY_300X250_Run of Network_Behavioral_F25-54_300 x 250_Click and View_NV_NA,200587524,8/15/2017,6948,472,6476,0,6476,6475,1,1,0,6475,6475,6476
TJN_HOM_008_HomeGoods Summer Digital_FY18,NinthDecimal,PHHXGK_TJN_HOM_008_Mobile_NINTHDECIMAL_CHILD_PROSPECTING_MOBILE APP_CUSTOM_DISPLAY_320X50_Run of Network_Behavioral_F25-54_320 x 50_Click and View_NV_NA,200587954,7/26/2017,87218,1084,86134,32696,53438,252,53186,51292,1894,32948,31775,83067
TJN_HOM_008_HomeGoods Summer Digital_FY18,xAd Inc.,PHHXGS_TJN_HOM_008_Mobile_XAD INC_CHILD_LOYALTY_MOBILE APP_STANDARD_DISPLAY_300X250_GEO-FENCING_Run of Network_Geo_F25-54_300 x 250_Click and View_NV_NA,200583064,7/24/2017,19593,9182,10411,7499,2912,1508,1404,1363,41,9007,8744,10107
TJN_HOM_030_HomeGoods 2H Digital_F18,NinthDecimal,PJQ7NJ_TJN_HOM_030_Mobile_NINTHDECIMAL_DST_SV1_MAP_DIR_RCH_TRG_RON_BTG_DMA_DVY_CONSUMER JOURNEY: BARGAIN HUNTERS_Run of Network_Behavioral_F25-54_320 x 50_Click and View_NV_NA,204644353,9/18/2017,10406,256,10150,3486,6664,45,6619,6415,204,3531,3422,9837
TJN_HOM_013_HomeGoods FEP_Q3FY18,Scripps Networks,PHNKCR_TJN_HOM_013_FEP_SCRIPPSNETWORKS.COM_On-site_Crossplatform_FEP_Demo_F25-54_1280 x 720_Standard_NV_NA,201888442,7/19/2017,5832,15,5817,5817,0,0,0,0,0,5817,,
TJN_HOM_008_HomeGoods Summer Digital_FY18,xAd Inc.,PHHXGZ_TJN_HOM_008_Mobile_XAD INC_CHILD_LOYALTY_MOBILE APP_CUSTOM_RICH MEDIA_300X250_GEO-FENCING_Run of Network_Geo_F25-54_300 x 250_Click and View_NV_NA,200577158,7/31/2017,105964,1476,104488,71696,32792,327,32465,30733,1732,72023,68181,98914
TJN_HOM_025_HomeGoods Digital Video_Q4FY18,Tremor Video Inc.,PK1FYN_TJN_HOM_025_OLV_TREMOR NETWORK_AWR_BS1_DSK_DIR_VID_TRG_RON_PXT_CTG_DVY_ALL SCREEN PREROLL + PROXIMITYPLUS DWELL TIME TARGETING TO HOMEGOODS VISITORS DESKTOP_Run of Network_Behavioral_F25-54_1280 x 720_Standard_NV_NA,205941312,10/21/2017,50583,39,50544,9461,41083,780,40303,35820,4483,10241,9102,44922
TJN_HOM_030_HomeGoods 2H Digital_F18,NinthDecimal,PJQ7NF_TJN_HOM_030_Mobile_NINTHDECIMAL_DST_SV1_MAP_DIR_RCH_TRG_RON_BTG_DMA_DVY_CONSUMER JOURNEY: HOME FURNISHINGS SHOPPERS_Run of Network_Behavioral_F25-54_320 x 50_Click and View_NV_NA,204626291,10/26/2017,8146,123,8023,776,7247,71,7176,6997,179,847,826,7823
TJN_HOM_030_HomeGoods 2H Digital_F18,xAd Inc.,PJQ7ML_TJN_HOM_030_Mobile_GROUND TRUTH FKA XAD_DST_SV1_MAP_DIR_DSP_TRG_RON_BTG_DMA_DVY_BEHAVIORAL - HOME SHOPPER - DYNAMIC DISTANCE_Run of Network_Behavioral_F25-54_320 x 50_Click and View_NV_NA,204626174,9/16/2017,17627,246,17381,12094,5287,3687,1600,1463,137,15781,13429,14892
TJN_HOM_030_HomeGoods 2H Digital_F18,NinthDecimal,PJQ7N8_TJN_HOM_030_Mobile_NINTHDECIMAL_DST_SV1_MAP_DIR_RCH_TRG_RON_BTG_PXT_DVY_LOCATION GRAPH: HOMEGOODS LOYALISTS_Run of Network_Behavioral_F25-54_320 x 50_Click and View_NV_NA,204675012,11/2/2017,1648,3,1645,116,1529,5,1524,1483,41,121,118,1601
TJN_HOM_030_HomeGoods 2H Digital_F18,xAd Inc.,PJQ7MS_TJN_HOM_030_Mobile_GROUND TRUTH FKA XAD_DST_SV1_MAP_DIR_DSP_TRG_RON_DMA_PXT_DVY_AV DMA TARGETING_Run of Network_Geo_F25-54_300 x 250_Click and View_NV_NA,204646501,9/18/2017,9057,180,8877,5320,3557,1160,2397,1879,518,6480,5232,7111
TJN_HOM_030_HomeGoods 2H Digital_F18,xAd Inc.,PJQ7MR_TJN_HOM_030_Mobile_GROUND TRUTH FKA XAD_DST_SV1_MAP_DIR_DSP_TRG_RON_MKT_DMA_DVY_LOCATION - COMPETITOR SHOPPERS - DYNAMIC DISTANCE_Run of Network_Geo_F25-54_300 x 250_Click and View_NV_NA,204647890,9/22/2017,4794,189,4605,4605,0,0,0,0,0,4605,3684,3684
TJN_HOM_030_HomeGoods 2H Digital_F18,NinthDecimal,PJQ7NB_TJN_HOM_030_Mobile_NINTHDECIMAL_DST_SV1_MAP_DIR_RCH_TRG_RON_BTG_PXT_DVY_LOCATION GRAPH: COMPETITIVE CONQUESTING_Run of Network_Behavioral_F25-54_320 x 50_Click and View_NV_NA,204649942,10/30/2017,2251,27,2224,169,2055,5,2050,1985,65,174,168,2153
TJN_HOM_030_HomeGoods 2H Digital_F18,xAd Inc.,PJQ7ML_TJN_HOM_030_Mobile_GROUND TRUTH FKA XAD_DST_SV1_MAP_DIR_DSP_TRG_RON_BTG_DMA_DVY_BEHAVIORAL - HOME SHOPPER - DYNAMIC DISTANCE_Run of Network_Behavioral_F25-54_320 x 50_Click and View_NV_NA,204626174,11/13/2017,4,1,3,3,0,0,0,0,0,3,2,2
TJN_HOM_030_HomeGoods 2H Digital_F18,xAd Inc.,PJQ7ML_TJN_HOM_030_Mobile_GROUND TRUTH FKA XAD_DST_SV1_MAP_DIR_DSP_TRG_RON_BTG_DMA_DVY_BEHAVIORAL - HOME SHOPPER - DYNAMIC DISTANCE_Run of Network_Behavioral_F25-54_320 x 50_Click and View_NV_NA,204626174,9/13/2017,17166,212,16954,12630,4324,865,3459,3134,325,13495,9209,12343
TJN_HOM_008_HomeGoods Summer Digital_FY18,xAd Inc.,PHHXGX_TJN_HOM_008_Mobile_XAD INC_CHILD_LOCATION AUDIENCE-HOMEGOODS SHOPPERS_MOBILE APP_STANDARD_DISPLAY_300X250_Run of Network_Behavioral_F25-54_300 x 250_Click and View_NV_NA,200587524,8/13/2017,7207,353,6854,181,6673,6647,26,22,4,6828,5778,5800
TJN_HOM_030_HomeGoods 2H Digital_F18,NinthDecimal,PJQ7NG_TJN_HOM_030_Mobile_NINTHDECIMAL_DST_SV1_MAP_DIR_RCH_TRG_RON_BTG_DMA_DVY_CONSUMER JOURNEY: NEW HOME BUYERS & MOVERS_Run of Network_Behavioral_F25-54_320 x 50_Click and View_NV_NA,204625835,9/30/2017,10787,107,10680,3620,7060,35,7025,6861,164,3655,3570,10431
TJN_HOM_013_HomeGoods FEP_Q3FY18,Discovery Digital Media,PHWLS5_TJN_HOM_013_Content_DISCOVERY NETWORKS_Full Episode Video Desktop_30s_FEP_Contextual_F25-54_1920 x 1080_Standard_NV_NA,201895013,8/11/2017,4770,113,4657,4657,0,0,0,0,0,4657,,
TJN_HOM_013_HomeGoods FEP_Q3FY18,Discovery Digital Media,PHWLS7_TJN_HOM_013_Content_DISCOVERY NETWORKS_Full Episode Video Mobile Web_30s_FEP_Contextual_F25-54_1920 x 1080_Standard_NV_NA,201895019,9/11/2017,919,8,911,911,0,0,0,0,0,911,,
TJN_HOM_030_HomeGoods 2H Digital_F18,xAd Inc.,PJQ7MJ_TJN_HOM_030_Mobile_GROUND TRUTH FKA XAD_DST_SV1_MAP_DIR_DSP_TRG_RON_PXT_BTG_DVY_PROXIMITY LOYALTY - STORE LOCATOR UNIT_Run of Network_Geo_F25-54_320 x 50_Click and View_NV_NA,204649939,9/12/2017,29063,807,28256,19623,8633,134,8499,7503,996,19757,17442,24945
TJN_HOM_030_HomeGoods 2H Digital_F18,xAd Inc.,PJQ7ML_TJN_HOM_030_Mobile_GROUND TRUTH FKA XAD_DST_SV1_MAP_DIR_DSP_TRG_RON_BTG_DMA_DVY_BEHAVIORAL - HOME SHOPPER - DYNAMIC DISTANCE_Run of Network_Behavioral_F25-54_320 x 50_Click and View_NV_NA,204626174,10/13/2017,8399,100,8299,5820,2479,233,2246,1852,394,6053,4885,6737
TJN_HOM_008_HomeGoods Summer Digital_FY18,NinthDecimal,PHHXGP_TJN_HOM_008_Mobile_NINTHDECIMAL_CHILD_PET OWNERS PROSPECTING_MOBILE APP_CUSTOM_DISPLAY_320X50_Run of Network_Behavioral_F25-54_320 x 50_Click and View_NV_NA,200586375,8/13/2017,42574,500,42074,7272,34802,170,34632,33239,1393,7442,7143,40382
TJN_HOM_025_HomeGoods Digital Video_Q4FY18,Tremor Video Inc.,PK6DYV_TJN_HOM_025_OLV_TREMOR NETWORK_AWR_BS1_MAP_DIR_VID_TRG_RON_PXT_CTG_DVY_ALL SCREEN PREROLL + PROXIMITYPLUS DWELL TIME TARGETING TO HOMEGOODS VISITORS MOB/TAB APP_Run of Network_Behavioral_F25-54_1280 x 720_Standard_NV_NA,205859075,10/12/2017,220780,1080,219700,219573,127,78,49,43,6,219651,192755,192798
TJN_HOM_013_HomeGoods FEP_Q3FY18,Discovery Digital Media,PHWLS8_TJN_HOM_013_Content_DISCOVERY NETWORKS_Full Episode Video Tablet Web_30s_FEP_Contextual_F25-54_1920 x 1080_Standard_NV_NA,201899695,8/7/2017,936,19,917,917,0,0,0,0,0,917,,
TJN_HOM_030_HomeGoods 2H Digital_F18,NinthDecimal,PJQ7NB_TJN_HOM_030_Mobile_NINTHDECIMAL_DST_SV1_MAP_DIR_RCH_TRG_RON_BTG_PXT_DVY_LOCATION GRAPH: COMPETITIVE CONQUESTING_Run of Network_Behavioral_F25-54_320 x 50_Click and View_NV_NA,204649942,9/20/2017,4295,118,4177,2173,2004,13,1991,1946,45,2186,2137,4083
TJN_HOM_008_HomeGoods Summer Digital_FY18,Hulu,PHG79K_TJN_HOM_008_FEP_HULU_Summer TV Pre-roll_SPONSORSHIP_CROSS DEVICE_PRE-ROLL_VIDEO_1920X1080_VAST_N/A_N/A_N/A_3RD PARTY_N/A_Roadblock_Demo_F25-54_1920 x 1080_Standard_NV_NA,201466499,8/18/2017,484364,3675,480689,480689,0,0,0,0,0,480689,423826,423826
TJN_HOM_030_HomeGoods 2H Digital_F18,NinthDecimal,PJQ7NG_TJN_HOM_030_Mobile_NINTHDECIMAL_DST_SV1_MAP_DIR_RCH_TRG_RON_BTG_DMA_DVY_CONSUMER JOURNEY: NEW HOME BUYERS & MOVERS_Run of Network_Behavioral_F25-54_320 x 50_Click and View_NV_NA,204625835,10/31/2017,989,22,967,381,586,6,580,564,16,387,376,940
TJN_HOM_008_HomeGoods Summer Digital_FY18,Hulu,PHG79N_TJN_HOM_008_FEP_HULU_Masthead_SPONSORSHIP_CROSS DEVICE_CUSTOM_VIDEO_1X1_1X1_N/A_N/A_N/A_SITE_N/A_Roadblock_Demo_F25-54_1 x 1_Click and View_NV_NA,201462657,9/6/2017,10,0,10,10,0,0,0,0,0,10,10,10
TJN_HOM_030_HomeGoods 2H Digital_F18,xAd Inc.,PJQ7MK_TJN_HOM_030_Mobile_GROUND TRUTH FKA XAD_DST_SV1_MAP_DIR_DSP_TRG_RON_PXT_BTG_DVY_PROXIMITY LOYALTY - STORE LOCATOR UNIT_Run of Network_Geo_F25-54_300 x 250_Click and View_NV_NA,204625442,9/7/2017,677,19,658,2,656,1,655,634,21,3,3,637
TJN_HOM_030_HomeGoods 2H Digital_F18,xAd Inc.,PJQ7MR_TJN_HOM_030_Mobile_GROUND TRUTH FKA XAD_DST_SV1_MAP_DIR_DSP_TRG_RON_MKT_DMA_DVY_LOCATION - COMPETITOR SHOPPERS - DYNAMIC DISTANCE_Run of Network_Geo_F25-54_300 x 250_Click and View_NV_NA,204647890,10/23/2017,7933,161,7772,7772,0,0,0,0,0,7772,6960,6960
TJN_HOM_008_HomeGoods Summer Digital_FY18,xAd Inc.,PHHXGY_TJN_HOM_008_Mobile_XAD INC_CHILD_LOYALTY_MOBILE APP_CUSTOM_RICH MEDIA_320X50_GEO-FENCING_Run of Network_Geo_F25-54_320 x 50_Click and View_NV_NA,200584630,8/17/2017,24879,334,24545,15956,8589,310,8279,8039,240,16266,15794,23833
TJN_HOM_030_HomeGoods 2H Digital_F18,NinthDecimal,PJQ7N6_TJN_HOM_030_Mobile_NINTHDECIMAL_DST_SV1_MAP_DIR_RCH_TRG_RON_PXT_DMA_DVY_GEOFENCE: 5-10-MILE RADIUS AROUND SUBURBAN STORES_Run of Network_Geo_F25-54_320 x 50_Click and View_NV_NA,204646507,10/21/2017,8983,186,8797,5400,3397,27,3370,3291,79,5427,5300,8591
TJN_HOM_030_HomeGoods 2H Digital_F18,xAd Inc.,PJQ7ML_TJN_HOM_030_Mobile_GROUND TRUTH FKA XAD_DST_SV1_MAP_DIR_DSP_TRG_RON_BTG_DMA_DVY_BEHAVIORAL - HOME SHOPPER - DYNAMIC DISTANCE_Run of Network_Behavioral_F25-54_320 x 50_Click and View_NV_NA,204626174,9/19/2017,16202,245,15957,11900,4057,2088,1969,1691,278,13988,11144,12835
TJN_HOM_030_HomeGoods 2H Digital_F18,NinthDecimal,PJQ7N8_TJN_HOM_030_Mobile_NINTHDECIMAL_DST_SV1_MAP_DIR_RCH_TRG_RON_BTG_PXT_DVY_LOCATION GRAPH: HOMEGOODS LOYALISTS_Run of Network_Behavioral_F25-54_320 x 50_Click and View_NV_NA,204675012,9/2/2017,3,1,2,0,2,2,0,0,0,2,2,2
TJN_HOM_030_HomeGoods 2H Digital_F18,xAd Inc.,PJQ7MR_TJN_HOM_030_Mobile_GROUND TRUTH FKA XAD_DST_SV1_MAP_DIR_DSP_TRG_RON_MKT_DMA_DVY_LOCATION - COMPETITOR SHOPPERS - DYNAMIC DISTANCE_Run of Network_Geo_F25-54_300 x 250_Click and View_NV_NA,204647890,9/24/2017,5473,162,5311,5231,80,4,76,71,5,5235,4878,4949
TJN_HOM_030_HomeGoods 2H Digital_F18,NinthDecimal,PJQ7N9_TJN_HOM_030_Mobile_NINTHDECIMAL_DST_SV1_MAP_DIR_RCH_TRG_RON_BTG_PXT_DVY_LOCATION GRAPH: TJX FAMILY LOYALISTS_Run of Network_Behavioral_F25-54_320 x 50_Click and View_NV_NA,204647917,9/27/2017,7185,195,6990,3868,3122,23,3099,2983,116,3891,3745,6728
TJN_HOM_030_HomeGoods 2H Digital_F18,xAd Inc.,PJQ7MH_TJN_HOM_030_Mobile_GROUND TRUTH FKA XAD_DST_SV1_MAP_DIR_DSP_TRG_RON_PXT_BTG_DVY_PROXIMITY LOYALTY - DYNAMIC DISTANCE_Run of Network_Geo_F25-54_300 x 250_Click and View_NV_NA,204675003,10/15/2017,28877,757,28120,28120,0,0,0,0,0,28120,2343,2343
TJN_HOM_030_HomeGoods 2H Digital_F18,NinthDecimal,PJQ7N6_TJN_HOM_030_Mobile_NINTHDECIMAL_DST_SV1_MAP_DIR_RCH_TRG_RON_PXT_DMA_DVY_GEOFENCE: 5-10-MILE RADIUS AROUND SUBURBAN STORES_Run of Network_Geo_F25-54_320 x 50_Click and View_NV_NA,204646507,9/9/2017,6932,166,6766,3115,3651,17,3634,3567,67,3132,3074,6641
TJN_HOM_008_HomeGoods Summer Digital_FY18,Hulu,PHG79M_TJN_HOM_008_FEP_HULU_Premium Slate_CROSS DEVICE_PRE-ROLL_CUSTOM_VECTOR LOGO_1X1_N/A_N/A_N/A_SITE_N/A_Roadblock_Demo_F25-54_1 x 1_Click and View_NV_NA,201466502,7/27/2017,65900,556,65344,65344,0,0,0,0,0,65344,60328,60328
TJN_HOM_030_HomeGoods 2H Digital_F18,NinthDecimal,PJQ7N8_TJN_HOM_030_Mobile_NINTHDECIMAL_DST_SV1_MAP_DIR_RCH_TRG_RON_BTG_PXT_DVY_LOCATION GRAPH: HOMEGOODS LOYALISTS_Run of Network_Behavioral_F25-54_320 x 50_Click and View_NV_NA,204675012,10/20/2017,12033,181,11852,3821,8031,51,7980,7702,278,3872,3737,11439
TJN_HOM_013_HomeGoods FEP_Q3FY18,Discovery Digital Media,PHWLS8_TJN_HOM_013_Content_DISCOVERY NETWORKS_Full Episode Video Tablet Web_30s_FEP_Contextual_F25-54_1920 x 1080_Standard_NV_NA,201899695,8/3/2017,960,12,948,948,0,0,0,0,0,948,,
TJN_HOM_008_HomeGoods Summer Digital_FY18,Hulu,PHG79K_TJN_HOM_008_FEP_HULU_Summer TV Pre-roll_SPONSORSHIP_CROSS DEVICE_PRE-ROLL_VIDEO_1920X1080_VAST_N/A_N/A_N/A_3RD PARTY_N/A_Roadblock_Demo_F25-54_1920 x 1080_Standard_NV_NA,201466499,8/5/2017,142266,1306,140960,140960,0,0,0,0,0,140960,119181,119181
TJN_HOM_013_HomeGoods FEP_Q3FY18,Discovery Digital Media,PHWLS6_TJN_HOM_013_Content_DISCOVERY NETWORKS_Full Episode Video Mobile App_30s_FEP_Contextual_F25-54_1920 x 1080_Standard_NV_NA,201891425,9/21/2017,18479,187,18292,18292,0,0,0,0,0,18292,,
TJN_HOM_030_HomeGoods 2H Digital_F18,xAd Inc.,PJQ7MK_TJN_HOM_030_Mobile_GROUND TRUTH FKA XAD_DST_SV1_MAP_DIR_DSP_TRG_RON_PXT_BTG_DVY_PROXIMITY LOYALTY - STORE LOCATOR UNIT_Run of Network_Geo_F25-54_300 x 250_Click and View_NV_NA,204625442,10/27/2017,4235,53,4182,122,4060,16,4044,3865,179,138,132,3997
TJN_HOM_008_HomeGoods Summer Digital_FY18,NinthDecimal,PHHXGN_TJN_HOM_008_Mobile_NINTHDECIMAL_CHILD_LUXURY SHOPPERS RETENTION_MOBILE APP_CUSTOM_DISPLAY_320X50_Run of Network_Behavioral_F25-54_320 x 50_Click and View_NV_NA,200582901,7/23/2017,235,1,234,25,209,1,208,197,11,26,25,222
TJN_HOM_030_HomeGoods 2H Digital_F18,NinthDecimal,PJQ7ND_TJN_HOM_030_Mobile_NINTHDECIMAL_DST_SV1_MAP_DIR_RCH_TRG_RON_BTG_DMA_DVY_CONSUMER JOURNEY: HOUSEHOLD CEO_Run of Network_Behavioral_F25-54_320 x 50_Click and View_NV_NA,204626294,9/18/2017,9849,222,9627,2452,7175,35,7140,6960,180,2487,2424,9384
TJN_HOM_030_HomeGoods 2H Digital_F18,NinthDecimal,PJQ7N8_TJN_HOM_030_Mobile_NINTHDECIMAL_DST_SV1_MAP_DIR_RCH_TRG_RON_BTG_PXT_DVY_LOCATION GRAPH: HOMEGOODS LOYALISTS_Run of Network_Behavioral_F25-54_320 x 50_Click and View_NV_NA,204675012,11/3/2017,4370,140,4230,162,4068,22,4046,3962,84,184,180,4142
TJN_HOM_013_HomeGoods FEP_Q3FY18,Discovery Digital Media,PHWLS5_TJN_HOM_013_Content_DISCOVERY NETWORKS_Full Episode Video Desktop_30s_FEP_Contextual_F25-54_1920 x 1080_Standard_NV_NA,201895013,8/24/2017,3938,92,3846,3846,0,0,0,0,0,3846,,
TJN_HOM_008_HomeGoods Summer Digital_FY18,Hulu,PHG79G_TJN_HOM_008_FEP_HULU_ROS Pre-roll_CROSS DEVICE_PRE-ROLL_VIDEO_1920X1080_VAST_AUDIENCE_N/A_N/A_3RD PARTY_N/A_Run of Site_Demo_F25-54_1920 x 1080_Standard_NV_NA,201466946,9/22/2017,11144,73,11071,11071,0,0,0,0,0,11071,9872,9872
TJN_HOM_008_HomeGoods Summer Digital_FY18,xAd Inc.,PHHXGS_TJN_HOM_008_Mobile_XAD INC_CHILD_LOYALTY_MOBILE APP_STANDARD_DISPLAY_300X250_GEO-FENCING_Run of Network_Geo_F25-54_300 x 250_Click and View_NV_NA,200583064,8/21/2017,8246,1608,6638,9,6629,6626,3,3,0,6635,6635,6638
TJN_HOM_008_HomeGoods Summer Digital_FY18,xAd Inc.,PHHXGY_TJN_HOM_008_Mobile_XAD INC_CHILD_LOYALTY_MOBILE APP_CUSTOM_RICH MEDIA_320X50_GEO-FENCING_Run of Network_Geo_F25-54_320 x 50_Click and View_NV_NA,200584630,8/16/2017,20436,202,20234,15103,5131,125,5006,4873,133,15228,14823,19696
TJN_HOM_008_HomeGoods Summer Digital_FY18,Hulu,PHG79P_TJN_HOM_008_FEP_HULU_PageBrand_SPONSORSHIP_CROSS DEVICE_CUSTOM_VIDEO_1X1_1X1_N/A_N/A_N/A_SITE_N/A_Roadblock_Demo_F25-54_1 x 1_Click and View_NV_NA,201464250,7/21/2017,19,1,18,18,0,0,0,0,0,18,16,16
TJN_HOM_030_HomeGoods 2H Digital_F18,NinthDecimal,PJQ7NG_TJN_HOM_030_Mobile_NINTHDECIMAL_DST_SV1_MAP_DIR_RCH_TRG_RON_BTG_DMA_DVY_CONSUMER JOURNEY: NEW HOME BUYERS & MOVERS_Run of Network_Behavioral_F25-54_320 x 50_Click and View_NV_NA,204625835,10/16/2017,9967,130,9837,4536,5301,40,5261,5105,156,4576,4440,9545
TJN_HOM_008_HomeGoods Summer Digital_FY18,xAd Inc.,PHHXH0_TJN_HOM_008_Mobile_XAD INC_STANDALONE_RON_MOBILE APP_STANDARD_DISPLAY_320X50_GEO-FENCING_Run of Network_Behavioral_F25-54_320 x 50_Click and View_NV_NA,200587948,7/22/2017,4,0,4,0,4,1,3,1,2,1,0,1
TJN_HOM_030_HomeGoods 2H Digital_F18,NinthDecimal,"PJQ7NK_TJN_HOM_030_Mobile_NINTHDECIMAL_DST_SV1_MAP_DIR_RCH_TRG_RON_BTG_DMA_DVY_TV TARGETING: HGTV, DIY NETWORK, BRAVO, TLC, FOOD NETWORK_Run of Network_Behavioral_F25-54_320 x 50_Click and View_NV_NA",204674553,9/18/2017,7028,229,6799,2072,4727,40,4687,4493,194,2112,2025,6518
TJN_HOM_013_HomeGoods FEP_Q3FY18,Scripps Networks,PHNKCT_TJN_HOM_013_FEP_SCRIPPSNETWORKS.COM_TVE_Crossplatform_FEP_Demo_F25-54_1 x 1_Click and View_NV_NA,201878832,7/23/2017,629,0,629,629,0,0,0,0,0,629,,
TJN_HOM_025_HomeGoods Digital Video_Q4FY18,Tremor Video Inc.,PK1FYN_TJN_HOM_025_OLV_TREMOR NETWORK_AWR_BS1_DSK_DIR_VID_TRG_RON_PXT_CTG_DVY_ALL SCREEN PREROLL + PROXIMITYPLUS DWELL TIME TARGETING TO HOMEGOODS VISITORS DESKTOP_Run of Network_Behavioral_F25-54_1280 x 720_Standard_NV_NA,205941312,10/4/2017,194996,109,194887,101575,93312,1393,91919,29229,62690,102968,32742,61971
TJN_HOM_008_HomeGoods Summer Digital_FY18,Hulu,PHG79J_TJN_HOM_008_FEP_HULU_Branded Slate_ROS_CROSS DEVICE_PRE-ROLL_CUSTOM_VECTOR LOGO_1X1_AUDIENCE_N/A_N/A_SITE_N/A_Run of Site_Demo_F25-54_1 x 1_Click and View_NV_NA,201467345,8/9/2017,3396,20,3376,3376,0,0,0,0,0,3376,2940,2940
TJN_HOM_008_HomeGoods Summer Digital_FY18,Hulu,PHG79J_TJN_HOM_008_FEP_HULU_Branded Slate_ROS_CROSS DEVICE_PRE-ROLL_CUSTOM_VECTOR LOGO_1X1_AUDIENCE_N/A_N/A_SITE_N/A_Run of Site_Demo_F25-54_1 x 1_Click and View_NV_NA,201467345,8/27/2017,1908,12,1896,1896,0,0,0,0,0,1896,1848,1848
TJN_HOM_008_HomeGoods Summer Digital_FY18,NinthDecimal,PHHXGP_TJN_HOM_008_Mobile_NINTHDECIMAL_CHILD_PET OWNERS PROSPECTING_MOBILE APP_CUSTOM_DISPLAY_320X50_Run of Network_Behavioral_F25-54_320 x 50_Click and View_NV_NA,200586375,7/29/2017,65559,629,64930,11909,53021,187,52834,51274,1560,12096,11739,63013
TJN_HOM_008_HomeGoods Summer Digital_FY18,NinthDecimal,PHHXGN_TJN_HOM_008_Mobile_NINTHDECIMAL_CHILD_LUXURY SHOPPERS RETENTION_MOBILE APP_CUSTOM_DISPLAY_320X50_Run of Network_Behavioral_F25-54_320 x 50_Click and View_NV_NA,200582901,7/22/2017,186,0,186,16,170,2,168,156,12,18,17,173
TJN_HOM_013_HomeGoods FEP_Q3FY18,Discovery Digital Media,PHWLS7_TJN_HOM_013_Content_DISCOVERY NETWORKS_Full Episode Video Mobile Web_30s_FEP_Contextual_F25-54_1920 x 1080_Standard_NV_NA,201895019,9/26/2017,879,19,860,860,0,0,0,0,0,860,,
TJN_HOM_030_HomeGoods 2H Digital_F18,xAd Inc.,PJQ7MM_TJN_HOM_030_Mobile_GROUND TRUTH FKA XAD_DST_SV1_MAP_DIR_DSP_TRG_RON_BTG_DMA_DVY_BEHAVIORAL - HOME SHOPPER- DYNAMIC DISTANCE_Run of Network_Behavioral_F25-54_300 x 250_Click and View_NV_NA,204626171,10/30/2017,7747,324,7423,7423,0,0,0,0,0,7423,6123,6123
TJN_HOM_008_HomeGoods Summer Digital_FY18,xAd Inc.,PHHXGX_TJN_HOM_008_Mobile_XAD INC_CHILD_LOCATION AUDIENCE-HOMEGOODS SHOPPERS_MOBILE APP_STANDARD_DISPLAY_300X250_Run of Network_Behavioral_F25-54_300 x 250_Click and View_NV_NA,200587524,8/1/2017,20593,393,20200,230,19970,19239,731,711,20,19469,18936,19647
TJN_HOM_008_HomeGoods Summer Digital_FY18,Hulu,PHG79G_TJN_HOM_008_FEP_HULU_ROS Pre-roll_CROSS DEVICE_PRE-ROLL_VIDEO_1920X1080_VAST_AUDIENCE_N/A_N/A_3RD PARTY_N/A_Run of Site_Demo_F25-54_1920 x 1080_Standard_NV_NA,201466946,9/24/2017,10684,61,10623,10623,0,0,0,0,0,10623,9473,9473
TJN_HOM_013_HomeGoods FEP_Q3FY18,Discovery Digital Media,PHWLS5_TJN_HOM_013_Content_DISCOVERY NETWORKS_Full Episode Video Desktop_30s_FEP_Contextual_F25-54_1920 x 1080_Standard_NV_NA,201895013,8/20/2017,3013,43,2970,2970,0,0,0,0,0,2970,,
TJN_HOM_008_HomeGoods Summer Digital_FY18,xAd Inc.,PHHXGX_TJN_HOM_008_Mobile_XAD INC_CHILD_LOCATION AUDIENCE-HOMEGOODS SHOPPERS_MOBILE APP_STANDARD_DISPLAY_300X250_Run of Network_Behavioral_F25-54_300 x 250_Click and View_NV_NA,200587524,7/29/2017,16218,3022,13196,446,12750,12742,8,8,0,13188,13188,13196
TJN_HOM_008_HomeGoods Summer Digital_FY18,xAd Inc.,PHHXH0_TJN_HOM_008_Mobile_XAD INC_STANDALONE_RON_MOBILE APP_STANDARD_DISPLAY_320X50_GEO-FENCING_Run of Network_Behavioral_F25-54_320 x 50_Click and View_NV_NA,200587948,7/23/2017,15,2,13,0,13,6,7,2,5,6,2,4
TJN_HOM_030_HomeGoods 2H Digital_F18,xAd Inc.,PJQ7MM_TJN_HOM_030_Mobile_GROUND TRUTH FKA XAD_DST_SV1_MAP_DIR_DSP_TRG_RON_BTG_DMA_DVY_BEHAVIORAL - HOME SHOPPER- DYNAMIC DISTANCE_Run of Network_Behavioral_F25-54_300 x 250_Click and View_NV_NA,204626171,9/20/2017,5775,213,5562,5552,10,1,9,0,9,5553,0,0
TJN_HOM_013_HomeGoods FEP_Q3FY18,Scripps Networks,PHNKCT_TJN_HOM_013_FEP_SCRIPPSNETWORKS.COM_TVE_Crossplatform_FEP_Demo_F25-54_1 x 1_Click and View_NV_NA,201878832,7/22/2017,2452,5,2447,2447,0,0,0,0,0,2447,,
TJN_HOM_008_HomeGoods Summer Digital_FY18,NinthDecimal,PHHXGM_TJN_HOM_008_Mobile_NINTHDECIMAL_CHILD_LUXURY SHOPPERS PROSPECTING_MOBILE APP_CUSTOM_DISPLAY_320X50_Run of Network_Behavioral_F25-54_320 x 50_Click and View_NV_NA,200581998,8/2/2017,12387,257,12130,3802,8328,64,8264,7946,318,3866,3717,11663
TJN_HOM_008_HomeGoods Summer Digital_FY18,NinthDecimal,PHHXGP_TJN_HOM_008_Mobile_NINTHDECIMAL_CHILD_PET OWNERS PROSPECTING_MOBILE APP_CUSTOM_DISPLAY_320X50_Run of Network_Behavioral_F25-54_320 x 50_Click and View_NV_NA,200586375,8/1/2017,10298,140,10158,3720,6438,31,6407,6115,292,3751,3580,9695
TJN_HOM_030_HomeGoods 2H Digital_F18,Nativo Inc.,PJQDHJ_TJN_HOM_030_Content_NATIVO FKA POST RLSE_DSI_BS2_MWB_DIR_NAD_ROT_RON_CTG_BTG_DVY_NATIVE DISPLAY UNIT FALLIDAYS_Run of Network_Contextual_F25-54_1 x 1_Click and View_NV_NA,206024352,10/18/2017,447927,25723,422204,1769,420435,24371,396064,161099,234965,26140,10632,171731
TJN_HOM_008_HomeGoods Summer Digital_FY18,Hulu,PHG79M_TJN_HOM_008_FEP_HULU_Premium Slate_CROSS DEVICE_PRE-ROLL_CUSTOM_VECTOR LOGO_1X1_N/A_N/A_N/A_SITE_N/A_Roadblock_Demo_F25-54_1 x 1_Click and View_NV_NA,201466502,7/17/2017,83726,899,82827,82827,0,0,0,0,0,82827,77090,77090
TJN_HOM_013_HomeGoods FEP_Q3FY18,Discovery Digital Media,PHWLS8_TJN_HOM_013_Content_DISCOVERY NETWORKS_Full Episode Video Tablet Web_30s_FEP_Contextual_F25-54_1920 x 1080_Standard_NV_NA,201899695,9/15/2017,853,12,841,841,0,0,0,0,0,841,,
TJN_HOM_008_HomeGoods Summer Digital_FY18,NinthDecimal,PHHXGN_TJN_HOM_008_Mobile_NINTHDECIMAL_CHILD_LUXURY SHOPPERS RETENTION_MOBILE APP_CUSTOM_DISPLAY_320X50_Run of Network_Behavioral_F25-54_320 x 50_Click and View_NV_NA,200582901,8/23/2017,2616,35,2581,436,2145,14,2131,1922,209,450,406,2328
TJN_HOM_030_HomeGoods 2H Digital_F18,NinthDecimal,PJQ7NF_TJN_HOM_030_Mobile_NINTHDECIMAL_DST_SV1_MAP_DIR_RCH_TRG_RON_BTG_DMA_DVY_CONSUMER JOURNEY: HOME FURNISHINGS SHOPPERS_Run of Network_Behavioral_F25-54_320 x 50_Click and View_NV_NA,204626291,9/25/2017,9705,222,9483,2894,6589,26,6563,6441,122,2920,2866,9307
TJN_HOM_008_HomeGoods Summer Digital_FY18,NinthDecimal,PHHXGM_TJN_HOM_008_Mobile_NINTHDECIMAL_CHILD_LUXURY SHOPPERS PROSPECTING_MOBILE APP_CUSTOM_DISPLAY_320X50_Run of Network_Behavioral_F25-54_320 x 50_Click and View_NV_NA,200581998,7/18/2017,30754,394,30360,10943,19417,95,19322,18342,980,11038,10478,28820
TJN_HOM_030_HomeGoods 2H Digital_F18,xAd Inc.,PJQ7MG_TJN_HOM_030_Mobile_GROUND TRUTH FKA XAD_DST_SV1_MAP_DIR_DSP_TRG_RON_PXT_BTG_DVY_PROXIMITY LOYALTY - DYNAMIC DISTANCE_Run of Network_Geo_F25-54_320 x 50_Click and View_NV_NA,204626813,9/27/2017,38148,953,37195,31576,5619,1337,4282,3579,703,32913,28565,32144
TJN_HOM_025_HomeGoods Digital Video_Q4FY18,Tremor Video Inc.,PK6DWD_TJN_HOM_025_OLV_TREMOR NETWORK_AWR_BS1_MAP_DIR_VID_TRG_RON_BTG_CTG_DVY_ALL SCREEN PREROLL + SOCIAL AFFINITY TARGETING TO W25-54 HOME ENTHUSIASTS MOB/TAB APP_Run of Network_Behavioral_F25-54_1280 x 720_Standard_NV_NA,205941321,11/11/2017,789014,1610,787404,783047,4357,30,4327,3986,341,783077,721365,725351
TJN_HOM_030_HomeGoods 2H Digital_F18,NinthDecimal,PJQ7NF_TJN_HOM_030_Mobile_NINTHDECIMAL_DST_SV1_MAP_DIR_RCH_TRG_RON_BTG_DMA_DVY_CONSUMER JOURNEY: HOME FURNISHINGS SHOPPERS_Run of Network_Behavioral_F25-54_320 x 50_Click and View_NV_NA,204626291,11/6/2017,8209,135,8074,1649,6425,31,6394,6175,219,1680,1622,7797
TJN_HOM_030_HomeGoods 2H Digital_F18,NinthDecimal,PJQ7NF_TJN_HOM_030_Mobile_NINTHDECIMAL_DST_SV1_MAP_DIR_RCH_TRG_RON_BTG_DMA_DVY_CONSUMER JOURNEY: HOME FURNISHINGS SHOPPERS_Run of Network_Behavioral_F25-54_320 x 50_Click and View_NV_NA,204626291,11/4/2017,7223,104,7119,1388,5731,31,5700,5546,154,1419,1381,6927
TJN_HOM_008_HomeGoods Summer Digital_FY18,Hulu,PHG79M_TJN_HOM_008_FEP_HULU_Premium Slate_CROSS DEVICE_PRE-ROLL_CUSTOM_VECTOR LOGO_1X1_N/A_N/A_N/A_SITE_N/A_Roadblock_Demo_F25-54_1 x 1_Click and View_NV_NA,201466502,8/22/2017,72657,501,72156,72156,0,0,0,0,0,72156,68940,68940
TJN_HOM_013_HomeGoods FEP_Q3FY18,Discovery Digital Media,PHWLS8_TJN_HOM_013_Content_DISCOVERY NETWORKS_Full Episode Video Tablet Web_30s_FEP_Contextual_F25-54_1920 x 1080_Standard_NV_NA,201899695,8/29/2017,883,4,879,879,0,0,0,0,0,879,,
TJN_HOM_030_HomeGoods 2H Digital_F18,NinthDecimal,PJQ7NC_TJN_HOM_030_Mobile_NINTHDECIMAL_DST_SV1_MAP_DIR_RCH_TRG_RON_BTG_DMA_DVY_CONSUMER JOURNEY: DIYERS_Run of Network_Behavioral_F25-54_320 x 50_Click and View_NV_NA,204675009,10/22/2017,9186,134,9052,4981,4071,29,4042,3918,124,5010,4856,8774
TJN_HOM_013_HomeGoods FEP_Q3FY18,Discovery Digital Media,PHWLS5_TJN_HOM_013_Content_DISCOVERY NETWORKS_Full Episode Video Desktop_30s_FEP_Contextual_F25-54_1920 x 1080_Standard_NV_NA,201895013,9/30/2017,1,0,1,1,0,0,0,0,0,1,,
TJN_HOM_013_HomeGoods FEP_Q3FY18,Scripps Networks,PHNKCR_TJN_HOM_013_FEP_SCRIPPSNETWORKS.COM_On-site_Crossplatform_FEP_Demo_F25-54_1280 x 720_Standard_NV_NA,201888442,9/27/2017,1412,8,1404,1404,0,0,0,0,0,1404,,
TJN_HOM_030_HomeGoods 2H Digital_F18,NinthDecimal,PJQ7N6_TJN_HOM_030_Mobile_NINTHDECIMAL_DST_SV1_MAP_DIR_RCH_TRG_RON_PXT_DMA_DVY_GEOFENCE: 5-10-MILE RADIUS AROUND SUBURBAN STORES_Run of Network_Geo_F25-54_320 x 50_Click and View_NV_NA,204646507,10/4/2017,7342,270,7072,4397,2675,20,2655,2562,93,4417,4262,6824
TJN_HOM_030_HomeGoods 2H Digital_F18,NinthDecimal,PJQ7N8_TJN_HOM_030_Mobile_NINTHDECIMAL_DST_SV1_MAP_DIR_RCH_TRG_RON_BTG_PXT_DVY_LOCATION GRAPH: HOMEGOODS LOYALISTS_Run of Network_Behavioral_F25-54_320 x 50_Click and View_NV_NA,204675012,11/1/2017,16938,191,16747,495,16252,62,16190,15761,429,557,542,16303
TJN_HOM_030_HomeGoods 2H Digital_F18,NinthDecimal,PJQ7N8_TJN_HOM_030_Mobile_NINTHDECIMAL_DST_SV1_MAP_DIR_RCH_TRG_RON_BTG_PXT_DVY_LOCATION GRAPH: HOMEGOODS LOYALISTS_Run of Network_Behavioral_F25-54_320 x 50_Click and View_NV_NA,204675012,11/7/2017,7860,113,7747,310,7437,38,7399,7159,240,348,337,7496
TJN_HOM_030_HomeGoods 2H Digital_F18,NinthDecimal,PJQ7N5_TJN_HOM_030_Mobile_NINTHDECIMAL_DST_SV1_MAP_DIR_RCH_TRG_RON_PXT_DMA_DVY_GEOFENCE: 2-MILE RADIUS AROUND URBAN STORES_Run of Network_Geo_F25-54_320 x 50_Click and View_NV_NA,204649945,9/27/2017,9611,412,9199,4303,4896,21,4875,4722,153,4324,4188,8910
TJN_HOM_008_HomeGoods Summer Digital_FY18,Hulu,PHG79N_TJN_HOM_008_FEP_HULU_Masthead_SPONSORSHIP_CROSS DEVICE_CUSTOM_VIDEO_1X1_1X1_N/A_N/A_N/A_SITE_N/A_Roadblock_Demo_F25-54_1 x 1_Click and View_NV_NA,201462657,9/17/2017,3,0,3,3,0,0,0,0,0,3,3,3
TJN_HOM_008_HomeGoods Summer Digital_FY18,NinthDecimal,PHHXGL_TJN_HOM_008_Mobile_NINTHDECIMAL_CHILD_RETENTION_MOBILE APP_CUSTOM_DISPLAY_320X50_Run of Network_Behavioral_F25-54_320 x 50_Click and View_NV_NA,200585092,9/3/2017,8745,181,8564,1147,7417,38,7379,6992,387,1185,1123,8115
TJN_HOM_008_HomeGoods Summer Digital_FY18,Hulu,PHG79K_TJN_HOM_008_FEP_HULU_Summer TV Pre-roll_SPONSORSHIP_CROSS DEVICE_PRE-ROLL_VIDEO_1920X1080_VAST_N/A_N/A_N/A_3RD PARTY_N/A_Roadblock_Demo_F25-54_1920 x 1080_Standard_NV_NA,201466499,8/28/2017,118117,1027,117090,117090,0,0,0,0,0,117090,113722,113722
TJN_HOM_013_HomeGoods FEP_Q3FY18,Discovery Digital Media,PHWLS6_TJN_HOM_013_Content_DISCOVERY NETWORKS_Full Episode Video Mobile App_30s_FEP_Contextual_F25-54_1920 x 1080_Standard_NV_NA,201891425,8/6/2017,20632,128,20504,20504,0,0,0,0,0,20504,,
TJN_HOM_008_HomeGoods Summer Digital_FY18,Hulu,PHG79P_TJN_HOM_008_FEP_HULU_PageBrand_SPONSORSHIP_CROSS DEVICE_CUSTOM_VIDEO_1X1_1X1_N/A_N/A_N/A_SITE_N/A_Roadblock_Demo_F25-54_1 x 1_Click and View_NV_NA,201464250,8/10/2017,107,4,103,103,0,0,0,0,0,103,88,88
TJN_HOM_008_HomeGoods Summer Digital_FY18,xAd Inc.,PHHXH0_TJN_HOM_008_Mobile_XAD INC_STANDALONE_RON_MOBILE APP_STANDARD_DISPLAY_320X50_GEO-FENCING_Run of Network_Behavioral_F25-54_320 x 50_Click and View_NV_NA,200587948,8/23/2017,268241,3065,265176,145919,119257,689,118568,117202,1366,146608,144919,262121
TJN_HOM_013_HomeGoods FEP_Q3FY18,Discovery Digital Media,PHWLS9_TJN_HOM_013_Content_DISCOVERY NETWORKS_Full Episode Video OTT/CTV_30s_FEP_Contextual_F25-54_1920 x 1080_Standard_NV_NA,201891428,8/9/2017,18439,20,18419,18419,0,0,0,0,0,18419,,
TJN_HOM_013_HomeGoods FEP_Q3FY18,Discovery Digital Media,PHWLS9_TJN_HOM_013_Content_DISCOVERY NETWORKS_Full Episode Video OTT/CTV_30s_FEP_Contextual_F25-54_1920 x 1080_Standard_NV_NA,201891428,8/27/2017,12202,21,12181,12181,0,0,0,0,0,12181,,
TJN_HOM_030_HomeGoods 2H Digital_F18,NinthDecimal,PJQ7NC_TJN_HOM_030_Mobile_NINTHDECIMAL_DST_SV1_MAP_DIR_RCH_TRG_RON_BTG_DMA_DVY_CONSUMER JOURNEY: DIYERS_Run of Network_Behavioral_F25-54_320 x 50_Click and View_NV_NA,204675009,10/10/2017,9104,74,9030,4988,4042,26,4016,3886,130,5014,4852,8738
TJN_HOM_008_HomeGoods Summer Digital_FY18,xAd Inc.,PHHXGV_TJN_HOM_008_Mobile_XAD INC_CHILD_CONQUESTING_MOBILE APP_STANDARD_DISPLAY_300X250_GEO-FENCING_Run of Network_Geo_F25-54_300 x 250_Click and View_NV_NA,200573063,8/22/2017,26401,8629,17772,130,17642,17642,0,0,0,17772,16839,16839
TJN_HOM_008_HomeGoods Summer Digital_FY18,xAd Inc.,PHHXGX_TJN_HOM_008_Mobile_XAD INC_CHILD_LOCATION AUDIENCE-HOMEGOODS SHOPPERS_MOBILE APP_STANDARD_DISPLAY_300X250_Run of Network_Behavioral_F25-54_300 x 250_Click and View_NV_NA,200587524,7/21/2017,18017,2350,15667,14,15653,15646,7,6,1,15660,13423,13429
TJN_HOM_030_HomeGoods 2H Digital_F18,NinthDecimal,PJQ7NB_TJN_HOM_030_Mobile_NINTHDECIMAL_DST_SV1_MAP_DIR_RCH_TRG_RON_BTG_PXT_DVY_LOCATION GRAPH: COMPETITIVE CONQUESTING_Run of Network_Behavioral_F25-54_320 x 50_Click and View_NV_NA,204649942,9/7/2017,5814,117,5697,3481,2216,26,2190,2121,69,3507,3397,5518
TJN_HOM_030_HomeGoods 2H Digital_F18,xAd Inc.,PJQ7MG_TJN_HOM_030_Mobile_GROUND TRUTH FKA XAD_DST_SV1_MAP_DIR_DSP_TRG_RON_PXT_BTG_DVY_PROXIMITY LOYALTY - DYNAMIC DISTANCE_Run of Network_Geo_F25-54_320 x 50_Click and View_NV_NA,204626813,10/16/2017,52493,1632,50861,45790,5071,311,4760,4005,755,46101,37684,41689
TJN_HOM_030_HomeGoods 2H Digital_F18,xAd Inc.,PJQ7MP_TJN_HOM_030_Mobile_GROUND TRUTH FKA XAD_DST_SV1_MAP_DIR_DSP_TRG_RON_MKT_DMA_DVY_LOCATION - HOMEGOODS SHOPPERS - DYNAMIC DISTANCE_Run of Network_Geo_F25-54_300 x 250_Click and View_NV_NA,204647878,9/16/2017,3792,377,3415,3415,0,0,0,0,0,3415,3090,3090
TJN_HOM_030_HomeGoods 2H Digital_F18,xAd Inc.,PJQ7MK_TJN_HOM_030_Mobile_GROUND TRUTH FKA XAD_DST_SV1_MAP_DIR_DSP_TRG_RON_PXT_BTG_DVY_PROXIMITY LOYALTY - STORE LOCATOR UNIT_Run of Network_Geo_F25-54_300 x 250_Click and View_NV_NA,204625442,9/20/2017,2214,27,2187,117,2070,20,2050,1791,259,137,120,1911
TJN_HOM_008_HomeGoods Summer Digital_FY18,NinthDecimal,PHHXGP_TJN_HOM_008_Mobile_NINTHDECIMAL_CHILD_PET OWNERS PROSPECTING_MOBILE APP_CUSTOM_DISPLAY_320X50_Run of Network_Behavioral_F25-54_320 x 50_Click and View_NV_NA,200586375,7/21/2017,25587,147,25440,6038,19402,62,19340,18542,798,6100,5848,24390
TJN_HOM_025_HomeGoods Digital Video_Q4FY18,Tremor Video Inc.,PK1FYN_TJN_HOM_025_OLV_TREMOR NETWORK_AWR_BS1_DSK_DIR_VID_TRG_RON_PXT_CTG_DVY_ALL SCREEN PREROLL + PROXIMITYPLUS DWELL TIME TARGETING TO HOMEGOODS VISITORS DESKTOP_Run of Network_Behavioral_F25-54_1280 x 720_Standard_NV_NA,205941312,10/18/2017,81947,152,81795,23530,58265,1837,56428,48837,7591,25367,21954,70791
TJN_HOM_030_HomeGoods 2H Digital_F18,NinthDecimal,PJQ7N5_TJN_HOM_030_Mobile_NINTHDECIMAL_DST_SV1_MAP_DIR_RCH_TRG_RON_PXT_DMA_DVY_GEOFENCE: 2-MILE RADIUS AROUND URBAN STORES_Run of Network_Geo_F25-54_320 x 50_Click and View_NV_NA,204649945,10/16/2017,8786,254,8532,4567,3965,39,3926,3803,123,4606,4462,8265
TJN_HOM_030_HomeGoods 2H Digital_F18,xAd Inc.,PJQ7MK_TJN_HOM_030_Mobile_GROUND TRUTH FKA XAD_DST_SV1_MAP_DIR_DSP_TRG_RON_PXT_BTG_DVY_PROXIMITY LOYALTY - STORE LOCATOR UNIT_Run of Network_Geo_F25-54_300 x 250_Click and View_NV_NA,204625442,10/30/2017,3804,62,3742,143,3599,10,3589,3399,190,153,145,3544
TJN_HOM_008_HomeGoods Summer Digital_FY18,Hulu,PHG79P_TJN_HOM_008_FEP_HULU_PageBrand_SPONSORSHIP_CROSS DEVICE_CUSTOM_VIDEO_1X1_1X1_N/A_N/A_N/A_SITE_N/A_Roadblock_Demo_F25-54_1 x 1_Click and View_NV_NA,201464250,7/29/2017,20,1,19,19,0,0,0,0,0,19,17,17
TJN_HOM_030_HomeGoods 2H Digital_F18,NinthDecimal,PJQ7NB_TJN_HOM_030_Mobile_NINTHDECIMAL_DST_SV1_MAP_DIR_RCH_TRG_RON_BTG_PXT_DVY_LOCATION GRAPH: COMPETITIVE CONQUESTING_Run of Network_Behavioral_F25-54_320 x 50_Click and View_NV_NA,204649942,10/27/2017,9313,146,9167,326,8841,21,8820,8571,249,347,337,8908
TJN_HOM_030_HomeGoods 2H Digital_F18,NinthDecimal,PJQ7NC_TJN_HOM_030_Mobile_NINTHDECIMAL_DST_SV1_MAP_DIR_RCH_TRG_RON_BTG_DMA_DVY_CONSUMER JOURNEY: DIYERS_Run of Network_Behavioral_F25-54_320 x 50_Click and View_NV_NA,204675009,9/14/2017,11068,244,10824,3918,6906,32,6874,6659,215,3950,3826,10485
TJN_HOM_008_HomeGoods Summer Digital_FY18,xAd Inc.,PHHXGT_TJN_HOM_008_Mobile_XAD INC_CHILD_CONQUESTING_MOBILE APP_STANDARD_DISPLAY_320X50_GEO-FENCING_Run of Network_Geo_F25-54_320 x 50_Click and View_NV_NA,200573066,7/26/2017,35857,364,35493,20155,15338,163,15175,10359,4816,20318,13870,24229
TJN_HOM_025_HomeGoods Digital Video_Q4FY18,Tremor Video Inc.,PK6DYV_TJN_HOM_025_OLV_TREMOR NETWORK_AWR_BS1_MAP_DIR_VID_TRG_RON_PXT_CTG_DVY_ALL SCREEN PREROLL + PROXIMITYPLUS DWELL TIME TARGETING TO HOMEGOODS VISITORS MOB/TAB APP_Run of Network_Behavioral_F25-54_1280 x 720_Standard_NV_NA,205859075,11/2/2017,226792,139,226653,226651,2,0,2,0,2,226651,0,0
TJN_HOM_030_HomeGoods 2H Digital_F18,NinthDecimal,PJQ7NC_TJN_HOM_030_Mobile_NINTHDECIMAL_DST_SV1_MAP_DIR_RCH_TRG_RON_BTG_DMA_DVY_CONSUMER JOURNEY: DIYERS_Run of Network_Behavioral_F25-54_320 x 50_Click and View_NV_NA,204675009,10/14/2017,9015,103,8912,4466,4446,32,4414,4248,166,4498,4329,8577
TJN_HOM_030_HomeGoods 2H Digital_F18,NinthDecimal,PJQ7NF_TJN_HOM_030_Mobile_NINTHDECIMAL_DST_SV1_MAP_DIR_RCH_TRG_RON_BTG_DMA_DVY_CONSUMER JOURNEY: HOME FURNISHINGS SHOPPERS_Run of Network_Behavioral_F25-54_320 x 50_Click and View_NV_NA,204626291,9/26/2017,9300,215,9085,2398,6687,23,6664,6550,114,2421,2380,8930
TJN_HOM_008_HomeGoods Summer Digital_FY18,xAd Inc.,PHHXGS_TJN_HOM_008_Mobile_XAD INC_CHILD_LOYALTY_MOBILE APP_STANDARD_DISPLAY_300X250_GEO-FENCING_Run of Network_Geo_F25-54_300 x 250_Click and View_NV_NA,200583064,8/31/2017,1386,663,723,7,716,716,0,0,0,723,643,643
TJN_HOM_008_HomeGoods Summer Digital_FY18,Hulu,PHG79P_TJN_HOM_008_FEP_HULU_PageBrand_SPONSORSHIP_CROSS DEVICE_CUSTOM_VIDEO_1X1_1X1_N/A_N/A_N/A_SITE_N/A_Roadblock_Demo_F25-54_1 x 1_Click and View_NV_NA,201464250,8/1/2017,34,0,34,34,0,0,0,0,0,34,32,32
TJN_HOM_030_HomeGoods 2H Digital_F18,Nativo Inc.,PK87W8_TJN_HOM_030_Content_NATIVO FKA POST RLSE_DSI_BS2_MWB_DIR_NAD_ROT_RON_CTG_BTG_DVY_NATIVE DISPLAY UNIT FALL TRENDS_Run of Network_Contextual_F25-54_1 x 1_Click and View_NV_NA,206137761,10/7/2017,238617,5816,232801,2111,230690,20879,209811,52606,157205,22990,5764,58370
TJN_HOM_013_HomeGoods FEP_Q3FY18,Scripps Networks,PHNKCT_TJN_HOM_013_FEP_SCRIPPSNETWORKS.COM_TVE_Crossplatform_FEP_Demo_F25-54_1 x 1_Click and View_NV_NA,201878832,9/20/2017,2478,14,2464,2464,0,0,0,0,0,2464,,
TJN_HOM_030_HomeGoods 2H Digital_F18,Nativo Inc.,PJQDHJ_TJN_HOM_030_Content_NATIVO FKA POST RLSE_DSI_BS2_MWB_DIR_NAD_ROT_RON_CTG_BTG_DVY_NATIVE DISPLAY UNIT FALLIDAYS_Run of Network_Contextual_F25-54_1 x 1_Click and View_NV_NA,206024352,10/4/2017,437768,22724,415044,3270,411774,33115,378659,133393,245266,36385,12818,146211
TJN_HOM_008_HomeGoods Summer Digital_FY18,NinthDecimal,PHHXGM_TJN_HOM_008_Mobile_NINTHDECIMAL_CHILD_LUXURY SHOPPERS PROSPECTING_MOBILE APP_CUSTOM_DISPLAY_320X50_Run of Network_Behavioral_F25-54_320 x 50_Click and View_NV_NA,200581998,9/7/2017,3,0,3,2,1,1,0,0,0,3,3,3
TJN_HOM_013_HomeGoods FEP_Q3FY18,Discovery Digital Media,PHWLS5_TJN_HOM_013_Content_DISCOVERY NETWORKS_Full Episode Video Desktop_30s_FEP_Contextual_F25-54_1920 x 1080_Standard_NV_NA,201895013,7/19/2017,2521,96,2425,2425,0,0,0,0,0,2425,,
TJN_HOM_030_HomeGoods 2H Digital_F18,xAd Inc.,PJQ7MJ_TJN_HOM_030_Mobile_GROUND TRUTH FKA XAD_DST_SV1_MAP_DIR_DSP_TRG_RON_PXT_BTG_DVY_PROXIMITY LOYALTY - STORE LOCATOR UNIT_Run of Network_Geo_F25-54_320 x 50_Click and View_NV_NA,204649939,9/17/2017,18538,388,18150,10159,7991,1697,6294,5966,328,11856,11238,17204
TJN_HOM_030_HomeGoods 2H Digital_F18,NinthDecimal,PJQ7N8_TJN_HOM_030_Mobile_NINTHDECIMAL_DST_SV1_MAP_DIR_RCH_TRG_RON_BTG_PXT_DVY_LOCATION GRAPH: HOMEGOODS LOYALISTS_Run of Network_Behavioral_F25-54_320 x 50_Click and View_NV_NA,204675012,10/12/2017,14113,148,13965,4545,9420,58,9362,9016,346,4603,4433,13449
TJN_HOM_030_HomeGoods 2H Digital_F18,xAd Inc.,PJQ7MR_TJN_HOM_030_Mobile_GROUND TRUTH FKA XAD_DST_SV1_MAP_DIR_DSP_TRG_RON_MKT_DMA_DVY_LOCATION - COMPETITOR SHOPPERS - DYNAMIC DISTANCE_Run of Network_Geo_F25-54_300 x 250_Click and View_NV_NA,204647890,10/11/2017,7898,503,7395,7395,0,0,0,0,0,7395,0,0
TJN_HOM_008_HomeGoods Summer Digital_FY18,NinthDecimal,Rolled-up Placements,N/A,7/10/2017,168037,1850,166187,63230,102957,421,102536,98179,4357,63651,61113,159292
TJN_HOM_008_HomeGoods Summer Digital_FY18,NinthDecimal,PHHXGQ_TJN_HOM_008_Mobile_NINTHDECIMAL_CHILD_PET OWNERS RETENTION_MOBILE APP_CUSTOM_DISPLAY_320X50_Run of Network_Behavioral_F25-54_320 x 50_Click and View_NV_NA,200578886,8/9/2017,527,5,522,99,423,6,417,361,56,105,91,452
TJN_HOM_008_HomeGoods Summer Digital_FY18,NinthDecimal,PHHXGQ_TJN_HOM_008_Mobile_NINTHDECIMAL_CHILD_PET OWNERS RETENTION_MOBILE APP_CUSTOM_DISPLAY_320X50_Run of Network_Behavioral_F25-54_320 x 50_Click and View_NV_NA,200578886,8/27/2017,3051,15,3036,345,2691,18,2673,2522,151,363,342,2864
TJN_HOM_008_HomeGoods Summer Digital_FY18,xAd Inc.,PHHXGR_TJN_HOM_008_Mobile_XAD INC_CHILD_LOYALTY_MOBILE APP_STANDARD_DISPLAY_320X50_GEO-FENCING_Run of Network_Geo_F25-54_320 x 50_Click and View_NV_NA,200587518,8/25/2017,85641,1418,84223,43651,40572,387,40185,39603,582,44038,43400,83003
TJN_HOM_008_HomeGoods Summer Digital_FY18,xAd Inc.,PHHXGZ_TJN_HOM_008_Mobile_XAD INC_CHILD_LOYALTY_MOBILE APP_CUSTOM_RICH MEDIA_300X250_GEO-FENCING_Run of Network_Geo_F25-54_300 x 250_Click and View_NV_NA,200577158,9/3/2017,9013,148,8865,8500,365,7,358,348,10,8507,8235,8583
TJN_HOM_008_HomeGoods Summer Digital_FY18,Hulu,PHG79G_TJN_HOM_008_FEP_HULU_ROS Pre-roll_CROSS DEVICE_PRE-ROLL_VIDEO_1920X1080_VAST_AUDIENCE_N/A_N/A_3RD PARTY_N/A_Run of Site_Demo_F25-54_1920 x 1080_Standard_NV_NA,201466946,9/21/2017,9705,55,9650,9650,0,0,0,0,0,9650,8605,8605
TJN_HOM_030_HomeGoods 2H Digital_F18,NinthDecimal,PJQ7NF_TJN_HOM_030_Mobile_NINTHDECIMAL_DST_SV1_MAP_DIR_RCH_TRG_RON_BTG_DMA_DVY_CONSUMER JOURNEY: HOME FURNISHINGS SHOPPERS_Run of Network_Behavioral_F25-54_320 x 50_Click and View_NV_NA,204626291,11/12/2017,11823,130,11693,1761,9932,45,9887,9634,253,1806,1760,11394
TJN_HOM_013_HomeGoods FEP_Q3FY18,Discovery Digital Media,PHWLS7_TJN_HOM_013_Content_DISCOVERY NETWORKS_Full Episode Video Mobile Web_30s_FEP_Contextual_F25-54_1920 x 1080_Standard_NV_NA,201895019,9/25/2017,864,11,853,853,0,0,0,0,0,853,,
TJN_HOM_030_HomeGoods 2H Digital_F18,NinthDecimal,PJQ7N6_TJN_HOM_030_Mobile_NINTHDECIMAL_DST_SV1_MAP_DIR_RCH_TRG_RON_PXT_DMA_DVY_GEOFENCE: 5-10-MILE RADIUS AROUND SUBURBAN STORES_Run of Network_Geo_F25-54_320 x 50_Click and View_NV_NA,204646507,10/18/2017,8252,209,8043,5201,2842,17,2825,2739,86,5218,5059,7798
TJN_HOM_030_HomeGoods 2H Digital_F18,xAd Inc.,PJQ7MH_TJN_HOM_030_Mobile_GROUND TRUTH FKA XAD_DST_SV1_MAP_DIR_DSP_TRG_RON_PXT_BTG_DVY_PROXIMITY LOYALTY - DYNAMIC DISTANCE_Run of Network_Geo_F25-54_300 x 250_Click and View_NV_NA,204675003,9/23/2017,13213,791,12422,12403,19,3,16,8,8,12406,6202,6210
TJN_HOM_030_HomeGoods 2H Digital_F18,xAd Inc.,PJQ7MP_TJN_HOM_030_Mobile_GROUND TRUTH FKA XAD_DST_SV1_MAP_DIR_DSP_TRG_RON_MKT_DMA_DVY_LOCATION - HOMEGOODS SHOPPERS - DYNAMIC DISTANCE_Run of Network_Geo_F25-54_300 x 250_Click and View_NV_NA,204647878,9/19/2017,4029,167,3862,3849,13,0,13,12,1,3849,3551,3563
TJN_HOM_013_HomeGoods FEP_Q3FY18,Scripps Networks,PHNKCR_TJN_HOM_013_FEP_SCRIPPSNETWORKS.COM_On-site_Crossplatform_FEP_Demo_F25-54_1280 x 720_Standard_NV_NA,201888442,8/11/2017,1967,2,1965,1965,0,0,0,0,0,1965,,
TJN_HOM_030_HomeGoods 2H Digital_F18,NinthDecimal,PJQ7NG_TJN_HOM_030_Mobile_NINTHDECIMAL_DST_SV1_MAP_DIR_RCH_TRG_RON_BTG_DMA_DVY_CONSUMER JOURNEY: NEW HOME BUYERS & MOVERS_Run of Network_Behavioral_F25-54_320 x 50_Click and View_NV_NA,204625835,9/27/2017,7582,121,7461,2574,4887,19,4868,4753,115,2593,2532,7285
TJN_HOM_013_HomeGoods FEP_Q3FY18,Discovery Digital Media,PHWLS7_TJN_HOM_013_Content_DISCOVERY NETWORKS_Full Episode Video Mobile Web_30s_FEP_Contextual_F25-54_1920 x 1080_Standard_NV_NA,201895019,7/30/2017,715,10,705,705,0,0,0,0,0,705,,
TJN_HOM_030_HomeGoods 2H Digital_F18,NinthDecimal,PJQ7NC_TJN_HOM_030_Mobile_NINTHDECIMAL_DST_SV1_MAP_DIR_RCH_TRG_RON_BTG_DMA_DVY_CONSUMER JOURNEY: DIYERS_Run of Network_Behavioral_F25-54_320 x 50_Click and View_NV_NA,204675009,9/28/2017,6238,114,6124,2013,4111,23,4088,3998,90,2036,1991,5989
TJN_HOM_030_HomeGoods 2H Digital_F18,Nativo Inc.,PK87W8_TJN_HOM_030_Content_NATIVO FKA POST RLSE_DSI_BS2_MWB_DIR_NAD_ROT_RON_CTG_BTG_DVY_NATIVE DISPLAY UNIT FALL TRENDS_Run of Network_Contextual_F25-54_1 x 1_Click and View_NV_NA,206137761,10/28/2017,1040297,26584,1013713,18020,995693,98165,897528,300655,596873,116185,38920,339575
TJN_HOM_030_HomeGoods 2H Digital_F18,NinthDecimal,PJQ7N9_TJN_HOM_030_Mobile_NINTHDECIMAL_DST_SV1_MAP_DIR_RCH_TRG_RON_BTG_PXT_DVY_LOCATION GRAPH: TJX FAMILY LOYALISTS_Run of Network_Behavioral_F25-54_320 x 50_Click and View_NV_NA,204647917,10/31/2017,36903,497,36406,1095,35311,132,35179,34226,953,1227,1194,35420
TJN_HOM_025_HomeGoods Digital Video_Q4FY18,Tremor Video Inc.,PK6DYV_TJN_HOM_025_OLV_TREMOR NETWORK_AWR_BS1_MAP_DIR_VID_TRG_RON_PXT_CTG_DVY_ALL SCREEN PREROLL + PROXIMITYPLUS DWELL TIME TARGETING TO HOMEGOODS VISITORS MOB/TAB APP_Run of Network_Behavioral_F25-54_1280 x 720_Standard_NV_NA,205859075,10/20/2017,186392,431,185961,185779,182,77,105,74,31,185856,130984,131058
TJN_HOM_030_HomeGoods 2H Digital_F18,NinthDecimal,"PJQ7NK_TJN_HOM_030_Mobile_NINTHDECIMAL_DST_SV1_MAP_DIR_RCH_TRG_RON_BTG_DMA_DVY_TV TARGETING: HGTV, DIY NETWORK, BRAVO, TLC, FOOD NETWORK_Run of Network_Behavioral_F25-54_320 x 50_Click and View_NV_NA",204674553,9/1/2017,3,1,2,1,1,1,0,0,0,2,2,2
TJN_HOM_008_HomeGoods Summer Digital_FY18,NinthDecimal,PHHXGP_TJN_HOM_008_Mobile_NINTHDECIMAL_CHILD_PET OWNERS PROSPECTING_MOBILE APP_CUSTOM_DISPLAY_320X50_Run of Network_Behavioral_F25-54_320 x 50_Click and View_NV_NA,200586375,8/10/2017,37319,545,36774,7453,29321,133,29188,27570,1618,7586,7165,34735
TJN_HOM_025_HomeGoods Digital Video_Q4FY18,Tremor Video Inc.,PK6F30_TJN_HOM_025_OLV_TREMOR NETWORK_AWR_BS1_CTV_DIR_VID_TRG_RON_PXT_CTG_DVY_ALL SCREEN PREROLL + PROXIMITYPLUS DWELL TIME TARGETING TO HOMEGOODS VISITORS CTV_Run of Network_Behavioral_F25-54_1280 x 720_Standard_NV_NA,205942131,10/16/2017,36157,2,36155,36155,0,0,0,0,0,36155,0,0
TJN_HOM_030_HomeGoods 2H Digital_F18,xAd Inc.,PJQ7MP_TJN_HOM_030_Mobile_GROUND TRUTH FKA XAD_DST_SV1_MAP_DIR_DSP_TRG_RON_MKT_DMA_DVY_LOCATION - HOMEGOODS SHOPPERS - DYNAMIC DISTANCE_Run of Network_Geo_F25-54_300 x 250_Click and View_NV_NA,204647878,10/13/2017,8147,274,7873,7871,2,0,2,1,1,7871,3936,3937
TJN_HOM_008_HomeGoods Summer Digital_FY18,xAd Inc.,PHHXGV_TJN_HOM_008_Mobile_XAD INC_CHILD_CONQUESTING_MOBILE APP_STANDARD_DISPLAY_300X250_GEO-FENCING_Run of Network_Geo_F25-54_300 x 250_Click and View_NV_NA,200573063,7/17/2017,14522,144,14378,12789,1589,232,1357,1332,25,13021,12781,14113
TJN_HOM_030_HomeGoods 2H Digital_F18,NinthDecimal,PJQ7NF_TJN_HOM_030_Mobile_NINTHDECIMAL_DST_SV1_MAP_DIR_RCH_TRG_RON_BTG_DMA_DVY_CONSUMER JOURNEY: HOME FURNISHINGS SHOPPERS_Run of Network_Behavioral_F25-54_320 x 50_Click and View_NV_NA,204626291,10/9/2017,8483,133,8350,5154,3196,27,3169,3054,115,5181,4993,8047
TJN_HOM_030_HomeGoods 2H Digital_F18,NinthDecimal,PJQ7N9_TJN_HOM_030_Mobile_NINTHDECIMAL_DST_SV1_MAP_DIR_RCH_TRG_RON_BTG_PXT_DVY_LOCATION GRAPH: TJX FAMILY LOYALISTS_Run of Network_Behavioral_F25-54_320 x 50_Click and View_NV_NA,204647917,9/30/2017,22375,515,21860,6973,14887,69,14818,14383,435,7042,6835,21218
TJN_HOM_008_HomeGoods Summer Digital_FY18,NinthDecimal,Rolled-up Placements,N/A,6/28/2017,243434,2601,240833,86822,154011,812,153199,146576,6623,87634,83894,230470
TJN_HOM_008_HomeGoods Summer Digital_FY18,xAd Inc.,PHHXGR_TJN_HOM_008_Mobile_XAD INC_CHILD_LOYALTY_MOBILE APP_STANDARD_DISPLAY_320X50_GEO-FENCING_Run of Network_Geo_F25-54_320 x 50_Click and View_NV_NA,200587518,7/25/2017,26683,768,25915,11276,14639,153,14486,9732,4754,11429,7678,17410
TJN_HOM_008_HomeGoods Summer Digital_FY18,Hulu,PHG79K_TJN_HOM_008_FEP_HULU_Summer TV Pre-roll_SPONSORSHIP_CROSS DEVICE_PRE-ROLL_VIDEO_1920X1080_VAST_N/A_N/A_N/A_3RD PARTY_N/A_Roadblock_Demo_F25-54_1920 x 1080_Standard_NV_NA,201466499,8/12/2017,1,0,1,1,0,0,0,0,0,1,1,1
TJN_HOM_030_HomeGoods 2H Digital_F18,xAd Inc.,PJQ7MR_TJN_HOM_030_Mobile_GROUND TRUTH FKA XAD_DST_SV1_MAP_DIR_DSP_TRG_RON_MKT_DMA_DVY_LOCATION - COMPETITOR SHOPPERS - DYNAMIC DISTANCE_Run of Network_Geo_F25-54_300 x 250_Click and View_NV_NA,204647890,10/6/2017,15165,402,14763,14762,1,0,1,0,1,14762,0,0
TJN_HOM_030_HomeGoods 2H Digital_F18,NinthDecimal,PJQ7ND_TJN_HOM_030_Mobile_NINTHDECIMAL_DST_SV1_MAP_DIR_RCH_TRG_RON_BTG_DMA_DVY_CONSUMER JOURNEY: HOUSEHOLD CEO_Run of Network_Behavioral_F25-54_320 x 50_Click and View_NV_NA,204626294,9/1/2017,3,0,3,1,2,2,0,0,0,3,3,3
TJN_HOM_030_HomeGoods 2H Digital_F18,xAd Inc.,PJQ7MP_TJN_HOM_030_Mobile_GROUND TRUTH FKA XAD_DST_SV1_MAP_DIR_DSP_TRG_RON_MKT_DMA_DVY_LOCATION - HOMEGOODS SHOPPERS - DYNAMIC DISTANCE_Run of Network_Geo_F25-54_300 x 250_Click and View_NV_NA,204647878,9/13/2017,3623,120,3503,3503,0,0,0,0,0,3503,3203,3203
TJN_HOM_008_HomeGoods Summer Digital_FY18,xAd Inc.,PHHXGX_TJN_HOM_008_Mobile_XAD INC_CHILD_LOCATION AUDIENCE-HOMEGOODS SHOPPERS_MOBILE APP_STANDARD_DISPLAY_300X250_Run of Network_Behavioral_F25-54_300 x 250_Click and View_NV_NA,200587524,8/10/2017,6819,844,5975,27,5948,5915,33,31,2,5942,5582,5613
TJN_HOM_008_HomeGoods Summer Digital_FY18,NinthDecimal,PHHXGM_TJN_HOM_008_Mobile_NINTHDECIMAL_CHILD_LUXURY SHOPPERS PROSPECTING_MOBILE APP_CUSTOM_DISPLAY_320X50_Run of Network_Behavioral_F25-54_320 x 50_Click and View_NV_NA,200581998,8/23/2017,47758,1167,46591,12840,33751,197,33554,30922,2632,13037,12014,42936
TJN_HOM_008_HomeGoods Summer Digital_FY18,Hulu,PHG79P_TJN_HOM_008_FEP_HULU_PageBrand_SPONSORSHIP_CROSS DEVICE_CUSTOM_VIDEO_1X1_1X1_N/A_N/A_N/A_SITE_N/A_Roadblock_Demo_F25-54_1 x 1_Click and View_NV_NA,201464250,8/15/2017,2,0,2,2,0,0,0,0,0,2,2,2
TJN_HOM_030_HomeGoods 2H Digital_F18,xAd Inc.,PJQ7MR_TJN_HOM_030_Mobile_GROUND TRUTH FKA XAD_DST_SV1_MAP_DIR_DSP_TRG_RON_MKT_DMA_DVY_LOCATION - COMPETITOR SHOPPERS - DYNAMIC DISTANCE_Run of Network_Geo_F25-54_300 x 250_Click and View_NV_NA,204647890,9/21/2017,4735,208,4527,4500,27,5,22,21,1,4505,4291,4312
TJN_HOM_008_HomeGoods Summer Digital_FY18,Hulu,PHG79N_TJN_HOM_008_FEP_HULU_Masthead_SPONSORSHIP_CROSS DEVICE_CUSTOM_VIDEO_1X1_1X1_N/A_N/A_N/A_SITE_N/A_Roadblock_Demo_F25-54_1 x 1_Click and View_NV_NA,201462657,7/26/2017,33561,316,33245,33245,0,0,0,0,0,33245,29683,29683
TJN_HOM_008_HomeGoods Summer Digital_FY18,NinthDecimal,PHHXGL_TJN_HOM_008_Mobile_NINTHDECIMAL_CHILD_RETENTION_MOBILE APP_CUSTOM_DISPLAY_320X50_Run of Network_Behavioral_F25-54_320 x 50_Click and View_NV_NA,200585092,7/31/2017,10256,171,10085,1982,8103,46,8057,7734,323,2028,1947,9681
TJN_HOM_008_HomeGoods Summer Digital_FY18,Hulu,PHG79J_TJN_HOM_008_FEP_HULU_Branded Slate_ROS_CROSS DEVICE_PRE-ROLL_CUSTOM_VECTOR LOGO_1X1_AUDIENCE_N/A_N/A_SITE_N/A_Run of Site_Demo_F25-54_1 x 1_Click and View_NV_NA,201467345,9/16/2017,1651,17,1634,1634,0,0,0,0,0,1634,1457,1457
TJN_HOM_008_HomeGoods Summer Digital_FY18,NinthDecimal,PHHXGN_TJN_HOM_008_Mobile_NINTHDECIMAL_CHILD_LUXURY SHOPPERS RETENTION_MOBILE APP_CUSTOM_DISPLAY_320X50_Run of Network_Behavioral_F25-54_320 x 50_Click and View_NV_NA,200582901,7/18/2017,1633,13,1620,503,1117,3,1114,1060,54,506,481,1541
TJN_HOM_030_HomeGoods 2H Digital_F18,Nativo Inc.,PJQDHJ_TJN_HOM_030_Content_NATIVO FKA POST RLSE_DSI_BS2_MWB_DIR_NAD_ROT_RON_CTG_BTG_DVY_NATIVE DISPLAY UNIT FALLIDAYS_Run of Network_Contextual_F25-54_1 x 1_Click and View_NV_NA,206024352,10/21/2017,474449,13323,461126,6317,454809,44925,409884,151636,258248,51242,18957,170593
TJN_HOM_013_HomeGoods FEP_Q3FY18,Discovery Digital Media,PHWLS9_TJN_HOM_013_Content_DISCOVERY NETWORKS_Full Episode Video OTT/CTV_30s_FEP_Contextual_F25-54_1920 x 1080_Standard_NV_NA,201891428,9/19/2017,10202,13,10189,10189,0,0,0,0,0,10189,,
TJN_HOM_025_HomeGoods Digital Video_Q4FY18,Tremor Video Inc.,PK6DYV_TJN_HOM_025_OLV_TREMOR NETWORK_AWR_BS1_MAP_DIR_VID_TRG_RON_PXT_CTG_DVY_ALL SCREEN PREROLL + PROXIMITYPLUS DWELL TIME TARGETING TO HOMEGOODS VISITORS MOB/TAB APP_Run of Network_Behavioral_F25-54_1280 x 720_Standard_NV_NA,205859075,11/3/2017,236462,159,236303,236302,1,0,1,1,0,236302,236302,236303
TJN_HOM_013_HomeGoods FEP_Q3FY18,Scripps Networks,PHNKCT_TJN_HOM_013_FEP_SCRIPPSNETWORKS.COM_TVE_Crossplatform_FEP_Demo_F25-54_1 x 1_Click and View_NV_NA,201878832,7/18/2017,4461,27,4434,4434,0,0,0,0,0,4434,,
TJN_HOM_008_HomeGoods Summer Digital_FY18,xAd Inc.,PHHXGS_TJN_HOM_008_Mobile_XAD INC_CHILD_LOYALTY_MOBILE APP_STANDARD_DISPLAY_300X250_GEO-FENCING_Run of Network_Geo_F25-54_300 x 250_Click and View_NV_NA,200583064,9/1/2017,29263,4283,24980,68,24912,24908,4,4,0,24976,24976,24980
TJN_HOM_013_HomeGoods FEP_Q3FY18,Discovery Digital Media,PHWLS6_TJN_HOM_013_Content_DISCOVERY NETWORKS_Full Episode Video Mobile App_30s_FEP_Contextual_F25-54_1920 x 1080_Standard_NV_NA,201891425,9/24/2017,18505,163,18342,18342,0,0,0,0,0,18342,,
TJN_HOM_008_HomeGoods Summer Digital_FY18,xAd Inc.,PHHXGV_TJN_HOM_008_Mobile_XAD INC_CHILD_CONQUESTING_MOBILE APP_STANDARD_DISPLAY_300X250_GEO-FENCING_Run of Network_Geo_F25-54_300 x 250_Click and View_NV_NA,200573063,7/27/2017,31999,24499,7500,1039,6461,4715,1746,1708,38,5754,5629,7337
TJN_HOM_030_HomeGoods 2H Digital_F18,xAd Inc.,PJQ7MH_TJN_HOM_030_Mobile_GROUND TRUTH FKA XAD_DST_SV1_MAP_DIR_DSP_TRG_RON_PXT_BTG_DVY_PROXIMITY LOYALTY - DYNAMIC DISTANCE_Run of Network_Geo_F25-54_300 x 250_Click and View_NV_NA,204675003,10/25/2017,25819,504,25315,25315,0,0,0,0,0,25315,19986,19986
TJN_HOM_030_HomeGoods 2H Digital_F18,xAd Inc.,PJQ7MN_TJN_HOM_030_Mobile_GROUND TRUTH FKA XAD_DST_SV1_MAP_DIR_DSP_TRG_RON_MKT_DMA_DVY_LOCATION - HOMEGOODS SHOPPERS - DYNAMIC DISTANCE_Run of Network_Geo_F25-54_320 x 50_Click and View_NV_NA,204651439,9/15/2017,10314,194,10120,7770,2350,1224,1126,1058,68,8994,7578,8636
TJN_HOM_030_HomeGoods 2H Digital_F18,NinthDecimal,PJQ7NF_TJN_HOM_030_Mobile_NINTHDECIMAL_DST_SV1_MAP_DIR_RCH_TRG_RON_BTG_DMA_DVY_CONSUMER JOURNEY: HOME FURNISHINGS SHOPPERS_Run of Network_Behavioral_F25-54_320 x 50_Click and View_NV_NA,204626291,10/19/2017,8859,127,8732,5263,3469,22,3447,3345,102,5285,5129,8474
TJN_HOM_013_HomeGoods FEP_Q3FY18,Discovery Digital Media,PHWLS9_TJN_HOM_013_Content_DISCOVERY NETWORKS_Full Episode Video OTT/CTV_30s_FEP_Contextual_F25-54_1920 x 1080_Standard_NV_NA,201891428,9/13/2017,10398,26,10372,10372,0,0,0,0,0,10372,,
TJN_HOM_030_HomeGoods 2H Digital_F18,NinthDecimal,PJQ7N9_TJN_HOM_030_Mobile_NINTHDECIMAL_DST_SV1_MAP_DIR_RCH_TRG_RON_BTG_PXT_DVY_LOCATION GRAPH: TJX FAMILY LOYALISTS_Run of Network_Behavioral_F25-54_320 x 50_Click and View_NV_NA,204647917,10/16/2017,15173,265,14908,6767,8141,49,8092,7838,254,6816,6602,14440
TJN_HOM_008_HomeGoods Summer Digital_FY18,xAd Inc.,PHHXGZ_TJN_HOM_008_Mobile_XAD INC_CHILD_LOYALTY_MOBILE APP_CUSTOM_RICH MEDIA_300X250_GEO-FENCING_Run of Network_Geo_F25-54_300 x 250_Click and View_NV_NA,200577158,7/20/2017,8533,117,8416,8066,350,2,348,266,82,8068,6167,6433
TJN_HOM_025_HomeGoods Digital Video_Q4FY18,Tremor Video Inc.,PK6F30_TJN_HOM_025_OLV_TREMOR NETWORK_AWR_BS1_CTV_DIR_VID_TRG_RON_PXT_CTG_DVY_ALL SCREEN PREROLL + PROXIMITYPLUS DWELL TIME TARGETING TO HOMEGOODS VISITORS CTV_Run of Network_Behavioral_F25-54_1280 x 720_Standard_NV_NA,205942131,10/31/2017,9077,1,9076,9076,0,0,0,0,0,9076,0,0
TJN_HOM_008_HomeGoods Summer Digital_FY18,xAd Inc.,PHHXH0_TJN_HOM_008_Mobile_XAD INC_STANDALONE_RON_MOBILE APP_STANDARD_DISPLAY_320X50_GEO-FENCING_Run of Network_Behavioral_F25-54_320 x 50_Click and View_NV_NA,200587948,7/18/2017,18,0,18,0,18,7,11,0,11,7,0,0
TJN_HOM_013_HomeGoods FEP_Q3FY18,Discovery Digital Media,PHWLS6_TJN_HOM_013_Content_DISCOVERY NETWORKS_Full Episode Video Mobile App_30s_FEP_Contextual_F25-54_1920 x 1080_Standard_NV_NA,201891425,9/22/2017,18374,181,18193,18193,0,0,0,0,0,18193,,
TJN_HOM_008_HomeGoods Summer Digital_FY18,xAd Inc.,PHHXGS_TJN_HOM_008_Mobile_XAD INC_CHILD_LOYALTY_MOBILE APP_STANDARD_DISPLAY_300X250_GEO-FENCING_Run of Network_Geo_F25-54_300 x 250_Click and View_NV_NA,200583064,7/28/2017,23199,9686,13513,1973,11540,9753,1787,1739,48,11726,11411,13150
TJN_HOM_025_HomeGoods Digital Video_Q4FY18,Tremor Video Inc.,PK6DYV_TJN_HOM_025_OLV_TREMOR NETWORK_AWR_BS1_MAP_DIR_VID_TRG_RON_PXT_CTG_DVY_ALL SCREEN PREROLL + PROXIMITYPLUS DWELL TIME TARGETING TO HOMEGOODS VISITORS MOB/TAB APP_Run of Network_Behavioral_F25-54_1280 x 720_Standard_NV_NA,205859075,11/7/2017,2,0,2,2,0,0,0,0,0,2,2,2
TJN_HOM_008_HomeGoods Summer Digital_FY18,NinthDecimal,PHHXGK_TJN_HOM_008_Mobile_NINTHDECIMAL_CHILD_PROSPECTING_MOBILE APP_CUSTOM_DISPLAY_320X50_Run of Network_Behavioral_F25-54_320 x 50_Click and View_NV_NA,200587954,9/6/2017,6,0,6,4,2,2,0,0,0,6,6,6
TJN_HOM_030_HomeGoods 2H Digital_F18,xAd Inc.,PJQ7MM_TJN_HOM_030_Mobile_GROUND TRUTH FKA XAD_DST_SV1_MAP_DIR_DSP_TRG_RON_BTG_DMA_DVY_BEHAVIORAL - HOME SHOPPER- DYNAMIC DISTANCE_Run of Network_Behavioral_F25-54_300 x 250_Click and View_NV_NA,204626171,10/27/2017,7030,248,6782,6782,0,0,0,0,0,6782,5594,5594
TJN_HOM_008_HomeGoods Summer Digital_FY18,xAd Inc.,PHHXH0_TJN_HOM_008_Mobile_XAD INC_STANDALONE_RON_MOBILE APP_STANDARD_DISPLAY_320X50_GEO-FENCING_Run of Network_Behavioral_F25-54_320 x 50_Click and View_NV_NA,200587948,8/2/2017,312,10,302,167,135,7,128,88,40,174,120,208
TJN_HOM_008_HomeGoods Summer Digital_FY18,NinthDecimal,PHHXGM_TJN_HOM_008_Mobile_NINTHDECIMAL_CHILD_LUXURY SHOPPERS PROSPECTING_MOBILE APP_CUSTOM_DISPLAY_320X50_Run of Network_Behavioral_F25-54_320 x 50_Click and View_NV_NA,200581998,7/23/2017,29845,494,29351,9322,20029,106,19923,18190,1733,9428,8608,26798
TJN_HOM_025_HomeGoods Digital Video_Q4FY18,Tremor Video Inc.,PK6DYV_TJN_HOM_025_OLV_TREMOR NETWORK_AWR_BS1_MAP_DIR_VID_TRG_RON_PXT_CTG_DVY_ALL SCREEN PREROLL + PROXIMITYPLUS DWELL TIME TARGETING TO HOMEGOODS VISITORS MOB/TAB APP_Run of Network_Behavioral_F25-54_1280 x 720_Standard_NV_NA,205859075,11/1/2017,230625,104,230521,230521,0,0,0,0,0,230521,36512,36512
TJN_HOM_030_HomeGoods 2H Digital_F18,NinthDecimal,PJQ7N5_TJN_HOM_030_Mobile_NINTHDECIMAL_DST_SV1_MAP_DIR_RCH_TRG_RON_PXT_DMA_DVY_GEOFENCE: 2-MILE RADIUS AROUND URBAN STORES_Run of Network_Geo_F25-54_320 x 50_Click and View_NV_NA,204649945,9/30/2017,29567,384,29183,11024,18159,54,18105,17759,346,11078,10866,28625
TJN_HOM_030_HomeGoods 2H Digital_F18,xAd Inc.,PJQ7MG_TJN_HOM_030_Mobile_GROUND TRUTH FKA XAD_DST_SV1_MAP_DIR_DSP_TRG_RON_PXT_BTG_DVY_PROXIMITY LOYALTY - DYNAMIC DISTANCE_Run of Network_Geo_F25-54_320 x 50_Click and View_NV_NA,204626813,10/31/2017,104774,1851,102923,95445,7478,626,6852,6374,478,96071,87611,93985
TJN_HOM_008_HomeGoods Summer Digital_FY18,xAd Inc.,PHHXGY_TJN_HOM_008_Mobile_XAD INC_CHILD_LOYALTY_MOBILE APP_CUSTOM_RICH MEDIA_320X50_GEO-FENCING_Run of Network_Geo_F25-54_320 x 50_Click and View_NV_NA,200584630,8/4/2017,56224,704,55520,46446,9074,623,8451,7874,577,47069,43855,51729
TJN_HOM_030_HomeGoods 2H Digital_F18,NinthDecimal,PJQ7N5_TJN_HOM_030_Mobile_NINTHDECIMAL_DST_SV1_MAP_DIR_RCH_TRG_RON_PXT_DMA_DVY_GEOFENCE: 2-MILE RADIUS AROUND URBAN STORES_Run of Network_Geo_F25-54_320 x 50_Click and View_NV_NA,204649945,10/31/2017,14957,329,14628,790,13838,43,13795,13385,410,833,808,14193
TJN_HOM_013_HomeGoods FEP_Q3FY18,Discovery Digital Media,PHWLS7_TJN_HOM_013_Content_DISCOVERY NETWORKS_Full Episode Video Mobile Web_30s_FEP_Contextual_F25-54_1920 x 1080_Standard_NV_NA,201895019,8/25/2017,913,13,900,900,0,0,0,0,0,900,,
TJN_HOM_030_HomeGoods 2H Digital_F18,xAd Inc.,PJQ7MG_TJN_HOM_030_Mobile_GROUND TRUTH FKA XAD_DST_SV1_MAP_DIR_DSP_TRG_RON_PXT_BTG_DVY_PROXIMITY LOYALTY - DYNAMIC DISTANCE_Run of Network_Geo_F25-54_320 x 50_Click and View_NV_NA,204626813,9/30/2017,1,1,0,0,0,0,0,0,0,0,0,0
TJN_HOM_013_HomeGoods FEP_Q3FY18,Scripps Networks,PHNKCR_TJN_HOM_013_FEP_SCRIPPSNETWORKS.COM_On-site_Crossplatform_FEP_Demo_F25-54_1280 x 720_Standard_NV_NA,201888442,9/30/2017,1060,5,1055,1055,0,0,0,0,0,1055,,
TJN_HOM_013_HomeGoods FEP_Q3FY18,Discovery Digital Media,PHWLS5_TJN_HOM_013_Content_DISCOVERY NETWORKS_Full Episode Video Desktop_30s_FEP_Contextual_F25-54_1920 x 1080_Standard_NV_NA,201895013,9/27/2017,3430,116,3314,3314,0,0,0,0,0,3314,,
TJN_HOM_008_HomeGoods Summer Digital_FY18,Hulu,PHG79K_TJN_HOM_008_FEP_HULU_Summer TV Pre-roll_SPONSORSHIP_CROSS DEVICE_PRE-ROLL_VIDEO_1920X1080_VAST_N/A_N/A_N/A_3RD PARTY_N/A_Roadblock_Demo_F25-54_1920 x 1080_Standard_NV_NA,201466499,8/30/2017,119149,998,118151,118151,0,0,0,0,0,118151,113229,113229
TJN_HOM_030_HomeGoods 2H Digital_F18,Nativo Inc.,PK87W8_TJN_HOM_030_Content_NATIVO FKA POST RLSE_DSI_BS2_MWB_DIR_NAD_ROT_RON_CTG_BTG_DVY_NATIVE DISPLAY UNIT FALL TRENDS_Run of Network_Contextual_F25-54_1 x 1_Click and View_NV_NA,206137761,11/8/2017,5,0,5,0,5,4,1,0,1,4,0,0
TJN_HOM_013_HomeGoods FEP_Q3FY18,Discovery Digital Media,PHWLS9_TJN_HOM_013_Content_DISCOVERY NETWORKS_Full Episode Video OTT/CTV_30s_FEP_Contextual_F25-54_1920 x 1080_Standard_NV_NA,201891428,9/16/2017,9823,16,9807,9807,0,0,0,0,0,9807,,
TJN_HOM_008_HomeGoods Summer Digital_FY18,Hulu,PHG79G_TJN_HOM_008_FEP_HULU_ROS Pre-roll_CROSS DEVICE_PRE-ROLL_VIDEO_1920X1080_VAST_AUDIENCE_N/A_N/A_3RD PARTY_N/A_Run of Site_Demo_F25-54_1920 x 1080_Standard_NV_NA,201466946,8/6/2017,18663,165,18498,18498,0,0,0,0,0,18498,15580,15580
TJN_HOM_008_HomeGoods Summer Digital_FY18,Hulu,PHG79J_TJN_HOM_008_FEP_HULU_Branded Slate_ROS_CROSS DEVICE_PRE-ROLL_CUSTOM_VECTOR LOGO_1X1_AUDIENCE_N/A_N/A_SITE_N/A_Run of Site_Demo_F25-54_1 x 1_Click and View_NV_NA,201467345,9/19/2017,1371,2,1369,1369,0,0,0,0,0,1369,1221,1221
TJN_HOM_030_HomeGoods 2H Digital_F18,NinthDecimal,PJQ7NF_TJN_HOM_030_Mobile_NINTHDECIMAL_DST_SV1_MAP_DIR_RCH_TRG_RON_BTG_DMA_DVY_CONSUMER JOURNEY: HOME FURNISHINGS SHOPPERS_Run of Network_Behavioral_F25-54_320 x 50_Click and View_NV_NA,204626291,9/11/2017,19380,380,19000,8142,10858,49,10809,10551,258,8191,7995,18546
TJN_HOM_030_HomeGoods 2H Digital_F18,NinthDecimal,PJQ7NJ_TJN_HOM_030_Mobile_NINTHDECIMAL_DST_SV1_MAP_DIR_RCH_TRG_RON_BTG_DMA_DVY_CONSUMER JOURNEY: BARGAIN HUNTERS_Run of Network_Behavioral_F25-54_320 x 50_Click and View_NV_NA,204644353,9/1/2017,3,0,3,1,2,2,0,0,0,3,3,3
TJN_HOM_030_HomeGoods 2H Digital_F18,xAd Inc.,PJQ7MM_TJN_HOM_030_Mobile_GROUND TRUTH FKA XAD_DST_SV1_MAP_DIR_DSP_TRG_RON_BTG_DMA_DVY_BEHAVIORAL - HOME SHOPPER- DYNAMIC DISTANCE_Run of Network_Behavioral_F25-54_300 x 250_Click and View_NV_NA,204626171,9/7/2017,5820,57,5763,5761,2,1,1,0,1,5762,0,0
TJN_HOM_013_HomeGoods FEP_Q3FY18,Scripps Networks,PHNKCT_TJN_HOM_013_FEP_SCRIPPSNETWORKS.COM_TVE_Crossplatform_FEP_Demo_F25-54_1 x 1_Click and View_NV_NA,201878832,8/2/2017,270,3,267,267,0,0,0,0,0,267,,
TJN_HOM_008_HomeGoods Summer Digital_FY18,NinthDecimal,PHHXGM_TJN_HOM_008_Mobile_NINTHDECIMAL_CHILD_LUXURY SHOPPERS PROSPECTING_MOBILE APP_CUSTOM_DISPLAY_320X50_Run of Network_Behavioral_F25-54_320 x 50_Click and View_NV_NA,200581998,7/22/2017,30282,454,29828,9632,20196,89,20107,18666,1441,9721,9024,27690
TJN_HOM_013_HomeGoods FEP_Q3FY18,Discovery Digital Media,PHWLS7_TJN_HOM_013_Content_DISCOVERY NETWORKS_Full Episode Video Mobile Web_30s_FEP_Contextual_F25-54_1920 x 1080_Standard_NV_NA,201895019,7/25/2017,973,7,966,966,0,0,0,0,0,966,,
TJN_HOM_008_HomeGoods Summer Digital_FY18,Hulu,PHG79N_TJN_HOM_008_FEP_HULU_Masthead_SPONSORSHIP_CROSS DEVICE_CUSTOM_VIDEO_1X1_1X1_N/A_N/A_N/A_SITE_N/A_Roadblock_Demo_F25-54_1 x 1_Click and View_NV_NA,201462657,9/12/2017,1,0,1,1,0,0,0,0,0,1,1,1
TJN_HOM_030_HomeGoods 2H Digital_F18,NinthDecimal,PJQ7NC_TJN_HOM_030_Mobile_NINTHDECIMAL_DST_SV1_MAP_DIR_RCH_TRG_RON_BTG_DMA_DVY_CONSUMER JOURNEY: DIYERS_Run of Network_Behavioral_F25-54_320 x 50_Click and View_NV_NA,204675009,9/5/2017,6781,149,6632,3621,3011,23,2988,2942,46,3644,3588,6530
TJN_HOM_008_HomeGoods Summer Digital_FY18,NinthDecimal,PHHXGN_TJN_HOM_008_Mobile_NINTHDECIMAL_CHILD_LUXURY SHOPPERS RETENTION_MOBILE APP_CUSTOM_DISPLAY_320X50_Run of Network_Behavioral_F25-54_320 x 50_Click and View_NV_NA,200582901,8/2/2017,2564,65,2499,292,2207,28,2179,2034,145,320,299,2333
TJN_HOM_030_HomeGoods 2H Digital_F18,xAd Inc.,PJQ7MN_TJN_HOM_030_Mobile_GROUND TRUTH FKA XAD_DST_SV1_MAP_DIR_DSP_TRG_RON_MKT_DMA_DVY_LOCATION - HOMEGOODS SHOPPERS - DYNAMIC DISTANCE_Run of Network_Geo_F25-54_320 x 50_Click and View_NV_NA,204651439,11/11/2017,17790,139,17651,13913,3738,56,3682,2830,852,13969,10698,13528
TJN_HOM_008_HomeGoods Summer Digital_FY18,xAd Inc.,Rolled-up Placements,N/A,7/11/2017,189782,14237,175545,144721,30824,20778,10046,7823,2223,165499,128127,135950
TJN_HOM_030_HomeGoods 2H Digital_F18,NinthDecimal,PJQ7NB_TJN_HOM_030_Mobile_NINTHDECIMAL_DST_SV1_MAP_DIR_RCH_TRG_RON_BTG_PXT_DVY_LOCATION GRAPH: COMPETITIVE CONQUESTING_Run of Network_Behavioral_F25-54_320 x 50_Click and View_NV_NA,204649942,11/5/2017,3741,58,3683,273,3410,20,3390,3286,104,293,284,3570
TJN_HOM_030_HomeGoods 2H Digital_F18,xAd Inc.,PJQ7MJ_TJN_HOM_030_Mobile_GROUND TRUTH FKA XAD_DST_SV1_MAP_DIR_DSP_TRG_RON_PXT_BTG_DVY_PROXIMITY LOYALTY - STORE LOCATOR UNIT_Run of Network_Geo_F25-54_320 x 50_Click and View_NV_NA,204649939,9/6/2017,30934,768,30166,24547,5619,130,5489,5122,367,24677,23027,28149
TJN_HOM_008_HomeGoods Summer Digital_FY18,xAd Inc.,PHHXGR_TJN_HOM_008_Mobile_XAD INC_CHILD_LOYALTY_MOBILE APP_STANDARD_DISPLAY_320X50_GEO-FENCING_Run of Network_Geo_F25-54_320 x 50_Click and View_NV_NA,200587518,7/30/2017,16409,347,16062,8543,7519,106,7413,5292,2121,8649,6174,11466
TJN_HOM_008_HomeGoods Summer Digital_FY18,Hulu,PHG79J_TJN_HOM_008_FEP_HULU_Branded Slate_ROS_CROSS DEVICE_PRE-ROLL_CUSTOM_VECTOR LOGO_1X1_AUDIENCE_N/A_N/A_SITE_N/A_Run of Site_Demo_F25-54_1 x 1_Click and View_NV_NA,201467345,9/13/2017,1515,13,1502,1502,0,0,0,0,0,1502,1339,1339
TJN_HOM_030_HomeGoods 2H Digital_F18,NinthDecimal,PJQ7NC_TJN_HOM_030_Mobile_NINTHDECIMAL_DST_SV1_MAP_DIR_RCH_TRG_RON_BTG_DMA_DVY_CONSUMER JOURNEY: DIYERS_Run of Network_Behavioral_F25-54_320 x 50_Click and View_NV_NA,204675009,9/2/2017,3,0,3,1,2,2,0,0,0,3,3,3
TJN_HOM_008_HomeGoods Summer Digital_FY18,xAd Inc.,PHHXGY_TJN_HOM_008_Mobile_XAD INC_CHILD_LOYALTY_MOBILE APP_CUSTOM_RICH MEDIA_320X50_GEO-FENCING_Run of Network_Geo_F25-54_320 x 50_Click and View_NV_NA,200584630,7/27/2017,21611,154,21457,19896,1561,96,1465,1340,125,19992,18286,19626
TJN_HOM_008_HomeGoods Summer Digital_FY18,Hulu,PHG79G_TJN_HOM_008_FEP_HULU_ROS Pre-roll_CROSS DEVICE_PRE-ROLL_VIDEO_1920X1080_VAST_AUDIENCE_N/A_N/A_3RD PARTY_N/A_Run of Site_Demo_F25-54_1920 x 1080_Standard_NV_NA,201466946,7/19/2017,9624,109,9515,9515,0,0,0,0,0,9515,9102,9102
TJN_HOM_030_HomeGoods 2H Digital_F18,NinthDecimal,PJQ7NG_TJN_HOM_030_Mobile_NINTHDECIMAL_DST_SV1_MAP_DIR_RCH_TRG_RON_BTG_DMA_DVY_CONSUMER JOURNEY: NEW HOME BUYERS & MOVERS_Run of Network_Behavioral_F25-54_320 x 50_Click and View_NV_NA,204625835,10/6/2017,11653,212,11441,6882,4559,48,4511,4308,203,6930,6618,10926
TJN_HOM_030_HomeGoods 2H Digital_F18,NinthDecimal,PJQ7N9_TJN_HOM_030_Mobile_NINTHDECIMAL_DST_SV1_MAP_DIR_RCH_TRG_RON_BTG_PXT_DVY_LOCATION GRAPH: TJX FAMILY LOYALISTS_Run of Network_Behavioral_F25-54_320 x 50_Click and View_NV_NA,204647917,9/22/2017,5214,121,5093,1811,3282,17,3265,3164,101,1828,1771,4935
TJN_HOM_030_HomeGoods 2H Digital_F18,xAd Inc.,PJQ7MH_TJN_HOM_030_Mobile_GROUND TRUTH FKA XAD_DST_SV1_MAP_DIR_DSP_TRG_RON_PXT_BTG_DVY_PROXIMITY LOYALTY - DYNAMIC DISTANCE_Run of Network_Geo_F25-54_300 x 250_Click and View_NV_NA,204675003,10/9/2017,25295,784,24511,24511,0,0,0,0,0,24511,371,371
TJN_HOM_030_HomeGoods 2H Digital_F18,Nativo Inc.,PK87W8_TJN_HOM_030_Content_NATIVO FKA POST RLSE_DSI_BS2_MWB_DIR_NAD_ROT_RON_CTG_BTG_DVY_NATIVE DISPLAY UNIT FALL TRENDS_Run of Network_Contextual_F25-54_1 x 1_Click and View_NV_NA,206137761,10/8/2017,219233,6059,213174,2049,211125,17777,193348,56335,137013,19826,5777,62112
TJN_HOM_030_HomeGoods 2H Digital_F18,NinthDecimal,PJQ7NC_TJN_HOM_030_Mobile_NINTHDECIMAL_DST_SV1_MAP_DIR_RCH_TRG_RON_BTG_DMA_DVY_CONSUMER JOURNEY: DIYERS_Run of Network_Behavioral_F25-54_320 x 50_Click and View_NV_NA,204675009,10/20/2017,9245,143,9102,4846,4256,28,4228,4070,158,4874,4692,8762
TJN_HOM_030_HomeGoods 2H Digital_F18,NinthDecimal,PJQ7NF_TJN_HOM_030_Mobile_NINTHDECIMAL_DST_SV1_MAP_DIR_RCH_TRG_RON_BTG_DMA_DVY_CONSUMER JOURNEY: HOME FURNISHINGS SHOPPERS_Run of Network_Behavioral_F25-54_320 x 50_Click and View_NV_NA,204626291,10/1/2017,9898,228,9670,4045,5625,25,5600,5466,134,4070,3973,9439
TJN_HOM_030_HomeGoods 2H Digital_F18,NinthDecimal,PJQ7NB_TJN_HOM_030_Mobile_NINTHDECIMAL_DST_SV1_MAP_DIR_RCH_TRG_RON_BTG_PXT_DVY_LOCATION GRAPH: COMPETITIVE CONQUESTING_Run of Network_Behavioral_F25-54_320 x 50_Click and View_NV_NA,204649942,9/9/2017,3222,28,3194,1717,1477,20,1457,1408,49,1737,1679,3087
TJN_HOM_030_HomeGoods 2H Digital_F18,NinthDecimal,PJQ7NJ_TJN_HOM_030_Mobile_NINTHDECIMAL_DST_SV1_MAP_DIR_RCH_TRG_RON_BTG_DMA_DVY_CONSUMER JOURNEY: BARGAIN HUNTERS_Run of Network_Behavioral_F25-54_320 x 50_Click and View_NV_NA,204644353,9/15/2017,10717,240,10477,3717,6760,49,6711,6504,207,3766,3650,10154
TJN_HOM_030_HomeGoods 2H Digital_F18,NinthDecimal,PJQ7N9_TJN_HOM_030_Mobile_NINTHDECIMAL_DST_SV1_MAP_DIR_RCH_TRG_RON_BTG_PXT_DVY_LOCATION GRAPH: TJX FAMILY LOYALISTS_Run of Network_Behavioral_F25-54_320 x 50_Click and View_NV_NA,204647917,10/23/2017,13656,165,13491,5022,8469,89,8380,8154,226,5111,4973,13127
TJN_HOM_030_HomeGoods 2H Digital_F18,NinthDecimal,PJQ7NB_TJN_HOM_030_Mobile_NINTHDECIMAL_DST_SV1_MAP_DIR_RCH_TRG_RON_BTG_PXT_DVY_LOCATION GRAPH: COMPETITIVE CONQUESTING_Run of Network_Behavioral_F25-54_320 x 50_Click and View_NV_NA,204649942,10/21/2017,8234,106,8128,5170,2958,42,2916,2853,63,5212,5099,7952
TJN_HOM_008_HomeGoods Summer Digital_FY18,xAd Inc.,PHHXH0_TJN_HOM_008_Mobile_XAD INC_STANDALONE_RON_MOBILE APP_STANDARD_DISPLAY_320X50_GEO-FENCING_Run of Network_Behavioral_F25-54_320 x 50_Click and View_NV_NA,200587948,8/19/2017,4085946,91167,3994779,1203418,2791361,95995,2695366,1946050,749316,1299413,938174,2884224
TJN_HOM_008_HomeGoods Summer Digital_FY18,xAd Inc.,PHHXGX_TJN_HOM_008_Mobile_XAD INC_CHILD_LOCATION AUDIENCE-HOMEGOODS SHOPPERS_MOBILE APP_STANDARD_DISPLAY_300X250_Run of Network_Behavioral_F25-54_300 x 250_Click and View_NV_NA,200587524,7/30/2017,12984,1597,11387,111,11276,11272,4,3,1,11383,8537,8540
TJN_HOM_030_HomeGoods 2H Digital_F18,NinthDecimal,PJQ7N9_TJN_HOM_030_Mobile_NINTHDECIMAL_DST_SV1_MAP_DIR_RCH_TRG_RON_BTG_PXT_DVY_LOCATION GRAPH: TJX FAMILY LOYALISTS_Run of Network_Behavioral_F25-54_320 x 50_Click and View_NV_NA,204647917,9/24/2017,4576,100,4476,1277,3199,15,3184,3081,103,1292,1250,4331
TJN_HOM_030_HomeGoods 2H Digital_F18,NinthDecimal,PJQ7NF_TJN_HOM_030_Mobile_NINTHDECIMAL_DST_SV1_MAP_DIR_RCH_TRG_RON_BTG_DMA_DVY_CONSUMER JOURNEY: HOME FURNISHINGS SHOPPERS_Run of Network_Behavioral_F25-54_320 x 50_Click and View_NV_NA,204626291,9/23/2017,9684,228,9456,2493,6963,26,6937,6781,156,2519,2462,9243
TJN_HOM_030_HomeGoods 2H Digital_F18,xAd Inc.,PJQ7MR_TJN_HOM_030_Mobile_GROUND TRUTH FKA XAD_DST_SV1_MAP_DIR_DSP_TRG_RON_MKT_DMA_DVY_LOCATION - COMPETITOR SHOPPERS - DYNAMIC DISTANCE_Run of Network_Geo_F25-54_300 x 250_Click and View_NV_NA,204647890,9/27/2017,32931,12285,20646,20526,120,4,116,102,14,20530,18040,18142
TJN_HOM_013_HomeGoods FEP_Q3FY18,Discovery Digital Media,PHWLS8_TJN_HOM_013_Content_DISCOVERY NETWORKS_Full Episode Video Tablet Web_30s_FEP_Contextual_F25-54_1920 x 1080_Standard_NV_NA,201899695,8/21/2017,1276,6,1270,1270,0,0,0,0,0,1270,,
TJN_HOM_030_HomeGoods 2H Digital_F18,Nativo Inc.,PK87W8_TJN_HOM_030_Content_NATIVO FKA POST RLSE_DSI_BS2_MWB_DIR_NAD_ROT_RON_CTG_BTG_DVY_NATIVE DISPLAY UNIT FALL TRENDS_Run of Network_Contextual_F25-54_1 x 1_Click and View_NV_NA,206137761,10/29/2017,956801,23905,932896,11231,921665,85503,836162,289029,547133,96734,33437,322466
TJN_HOM_030_HomeGoods 2H Digital_F18,NinthDecimal,PJQ7N6_TJN_HOM_030_Mobile_NINTHDECIMAL_DST_SV1_MAP_DIR_RCH_TRG_RON_PXT_DMA_DVY_GEOFENCE: 5-10-MILE RADIUS AROUND SUBURBAN STORES_Run of Network_Geo_F25-54_320 x 50_Click and View_NV_NA,204646507,9/20/2017,12773,393,12380,5223,7157,47,7110,6941,169,5270,5145,12086
TJN_HOM_008_HomeGoods Summer Digital_FY18,NinthDecimal,PHHXGN_TJN_HOM_008_Mobile_NINTHDECIMAL_CHILD_LUXURY SHOPPERS RETENTION_MOBILE APP_CUSTOM_DISPLAY_320X50_Run of Network_Behavioral_F25-54_320 x 50_Click and View_NV_NA,200582901,8/19/2017,2703,11,2692,410,2282,21,2261,2096,165,431,400,2496
TJN_HOM_030_HomeGoods 2H Digital_F18,xAd Inc.,PJQ7MH_TJN_HOM_030_Mobile_GROUND TRUTH FKA XAD_DST_SV1_MAP_DIR_DSP_TRG_RON_PXT_BTG_DVY_PROXIMITY LOYALTY - DYNAMIC DISTANCE_Run of Network_Geo_F25-54_300 x 250_Click and View_NV_NA,204675003,11/12/2017,55752,4297,51455,51453,2,1,1,1,0,51454,51454,51455
TJN_HOM_030_HomeGoods 2H Digital_F18,NinthDecimal,PJQ7NF_TJN_HOM_030_Mobile_NINTHDECIMAL_DST_SV1_MAP_DIR_RCH_TRG_RON_BTG_DMA_DVY_CONSUMER JOURNEY: HOME FURNISHINGS SHOPPERS_Run of Network_Behavioral_F25-54_320 x 50_Click and View_NV_NA,204626291,10/2/2017,8379,215,8164,3965,4199,17,4182,4091,91,3982,3895,7986
TJN_HOM_030_HomeGoods 2H Digital_F18,xAd Inc.,PJQ7MS_TJN_HOM_030_Mobile_GROUND TRUTH FKA XAD_DST_SV1_MAP_DIR_DSP_TRG_RON_DMA_PXT_DVY_AV DMA TARGETING_Run of Network_Geo_F25-54_300 x 250_Click and View_NV_NA,204646501,9/15/2017,9144,198,8946,2755,6191,4184,2007,1453,554,6939,5024,6477
TJN_HOM_008_HomeGoods Summer Digital_FY18,NinthDecimal,PHHXGP_TJN_HOM_008_Mobile_NINTHDECIMAL_CHILD_PET OWNERS PROSPECTING_MOBILE APP_CUSTOM_DISPLAY_320X50_Run of Network_Behavioral_F25-54_320 x 50_Click and View_NV_NA,200586375,7/30/2017,63121,1603,61518,11429,50089,153,49936,48640,1296,11582,11281,59921
TJN_HOM_008_HomeGoods Summer Digital_FY18,Hulu,PHG79M_TJN_HOM_008_FEP_HULU_Premium Slate_CROSS DEVICE_PRE-ROLL_CUSTOM_VECTOR LOGO_1X1_N/A_N/A_N/A_SITE_N/A_Roadblock_Demo_F25-54_1 x 1_Click and View_NV_NA,201466502,8/17/2017,143449,990,142459,142459,0,0,0,0,0,142459,126830,126830
TJN_HOM_030_HomeGoods 2H Digital_F18,NinthDecimal,PJQ7N6_TJN_HOM_030_Mobile_NINTHDECIMAL_DST_SV1_MAP_DIR_RCH_TRG_RON_PXT_DMA_DVY_GEOFENCE: 5-10-MILE RADIUS AROUND SUBURBAN STORES_Run of Network_Geo_F25-54_320 x 50_Click and View_NV_NA,204646507,10/30/2017,4023,87,3936,614,3322,13,3309,3220,89,627,610,3830
TJN_HOM_013_HomeGoods FEP_Q3FY18,Discovery Digital Media,PHWLS7_TJN_HOM_013_Content_DISCOVERY NETWORKS_Full Episode Video Mobile Web_30s_FEP_Contextual_F25-54_1920 x 1080_Standard_NV_NA,201895019,8/10/2017,937,18,919,919,0,0,0,0,0,919,,
TJN_HOM_030_HomeGoods 2H Digital_F18,NinthDecimal,PJQ7NG_TJN_HOM_030_Mobile_NINTHDECIMAL_DST_SV1_MAP_DIR_RCH_TRG_RON_BTG_DMA_DVY_CONSUMER JOURNEY: NEW HOME BUYERS & MOVERS_Run of Network_Behavioral_F25-54_320 x 50_Click and View_NV_NA,204625835,10/11/2017,14904,224,14680,6285,8395,56,8339,8045,294,6341,6117,14162
TJN_HOM_013_HomeGoods FEP_Q3FY18,Discovery Digital Media,PHWLS7_TJN_HOM_013_Content_DISCOVERY NETWORKS_Full Episode Video Mobile Web_30s_FEP_Contextual_F25-54_1920 x 1080_Standard_NV_NA,201895019,7/21/2017,741,10,731,731,0,0,0,0,0,731,,
TJN_HOM_030_HomeGoods 2H Digital_F18,NinthDecimal,PJQ7NJ_TJN_HOM_030_Mobile_NINTHDECIMAL_DST_SV1_MAP_DIR_RCH_TRG_RON_BTG_DMA_DVY_CONSUMER JOURNEY: BARGAIN HUNTERS_Run of Network_Behavioral_F25-54_320 x 50_Click and View_NV_NA,204644353,11/11/2017,5471,52,5419,686,4733,21,4712,4527,185,707,679,5206
TJN_HOM_013_HomeGoods FEP_Q3FY18,Discovery Digital Media,PHWLS6_TJN_HOM_013_Content_DISCOVERY NETWORKS_Full Episode Video Mobile App_30s_FEP_Contextual_F25-54_1920 x 1080_Standard_NV_NA,201891425,8/11/2017,20041,188,19853,19853,0,0,0,0,0,19853,,
TJN_HOM_030_HomeGoods 2H Digital_F18,xAd Inc.,PJQ7MH_TJN_HOM_030_Mobile_GROUND TRUTH FKA XAD_DST_SV1_MAP_DIR_DSP_TRG_RON_PXT_BTG_DVY_PROXIMITY LOYALTY - DYNAMIC DISTANCE_Run of Network_Geo_F25-54_300 x 250_Click and View_NV_NA,204675003,9/26/2017,43560,21792,21768,21733,35,1,34,22,12,21734,14061,14083
TJN_HOM_030_HomeGoods 2H Digital_F18,xAd Inc.,PJQ7MN_TJN_HOM_030_Mobile_GROUND TRUTH FKA XAD_DST_SV1_MAP_DIR_DSP_TRG_RON_MKT_DMA_DVY_LOCATION - HOMEGOODS SHOPPERS - DYNAMIC DISTANCE_Run of Network_Geo_F25-54_320 x 50_Click and View_NV_NA,204651439,9/1/2017,7,0,7,0,7,0,7,7,0,0,0,7
TJN_HOM_008_HomeGoods Summer Digital_FY18,xAd Inc.,PHHXGW_TJN_HOM_008_Mobile_XAD INC_CHILD_LOCATION AUDIENCE-HOMEGOODS SHOPPERS_MOBILE APP_STANDARD_DISPLAY_320X50_Run of Network_Behavioral_F25-54_320 x 50_Click and View_NV_NA,200585089,8/9/2017,38931,814,38117,6484,31633,604,31029,21902,9127,7088,5003,26905
TJN_HOM_008_HomeGoods Summer Digital_FY18,xAd Inc.,PHHXGW_TJN_HOM_008_Mobile_XAD INC_CHILD_LOCATION AUDIENCE-HOMEGOODS SHOPPERS_MOBILE APP_STANDARD_DISPLAY_320X50_Run of Network_Behavioral_F25-54_320 x 50_Click and View_NV_NA,200585089,8/27/2017,28303,459,27844,24575,3269,20,3249,3194,55,24595,24179,27373
TJN_HOM_030_HomeGoods 2H Digital_F18,NinthDecimal,PJQ7NC_TJN_HOM_030_Mobile_NINTHDECIMAL_DST_SV1_MAP_DIR_RCH_TRG_RON_BTG_DMA_DVY_CONSUMER JOURNEY: DIYERS_Run of Network_Behavioral_F25-54_320 x 50_Click and View_NV_NA,204675009,11/2/2017,2475,32,2443,503,1940,2,1938,1893,45,505,493,2386
TJN_HOM_025_HomeGoods Digital Video_Q4FY18,Tremor Video Inc.,PK6DYV_TJN_HOM_025_OLV_TREMOR NETWORK_AWR_BS1_MAP_DIR_VID_TRG_RON_PXT_CTG_DVY_ALL SCREEN PREROLL + PROXIMITYPLUS DWELL TIME TARGETING TO HOMEGOODS VISITORS MOB/TAB APP_Run of Network_Behavioral_F25-54_1280 x 720_Standard_NV_NA,205859075,10/14/2017,131621,819,130802,126257,4545,194,4351,1997,2354,126451,58038,60035
TJN_HOM_008_HomeGoods Summer Digital_FY18,Hulu,PHG79N_TJN_HOM_008_FEP_HULU_Masthead_SPONSORSHIP_CROSS DEVICE_CUSTOM_VIDEO_1X1_1X1_N/A_N/A_N/A_SITE_N/A_Roadblock_Demo_F25-54_1 x 1_Click and View_NV_NA,201462657,7/31/2017,122513,718,121795,121795,0,0,0,0,0,121795,109869,109869
TJN_HOM_008_HomeGoods Summer Digital_FY18,NinthDecimal,PHHXGL_TJN_HOM_008_Mobile_NINTHDECIMAL_CHILD_RETENTION_MOBILE APP_CUSTOM_DISPLAY_320X50_Run of Network_Behavioral_F25-54_320 x 50_Click and View_NV_NA,200585092,7/26/2017,9496,308,9188,2056,7132,41,7091,6833,258,2097,2021,8854
TJN_HOM_030_HomeGoods 2H Digital_F18,xAd Inc.,PJQ7MS_TJN_HOM_030_Mobile_GROUND TRUTH FKA XAD_DST_SV1_MAP_DIR_DSP_TRG_RON_DMA_PXT_DVY_AV DMA TARGETING_Run of Network_Geo_F25-54_300 x 250_Click and View_NV_NA,204646501,11/11/2017,15319,201,15118,7942,7176,133,7043,2981,4062,8075,3418,6399
TJN_HOM_030_HomeGoods 2H Digital_F18,NinthDecimal,PJQ7NH_TJN_HOM_030_Mobile_NINTHDECIMAL_DST_SV1_MAP_DIR_RCH_TRG_RON_BTG_DMA_DVY_CONSUMER JOURNEY: PET SUPPLY SHOPPERS_Run of Network_Behavioral_F25-54_320 x 50_Click and View_NV_NA,204647914,9/17/2017,8866,159,8707,2335,6372,41,6331,6120,211,2376,2297,8417
TJN_HOM_008_HomeGoods Summer Digital_FY18,xAd Inc.,PHHXGS_TJN_HOM_008_Mobile_XAD INC_CHILD_LOYALTY_MOBILE APP_STANDARD_DISPLAY_300X250_GEO-FENCING_Run of Network_Geo_F25-54_300 x 250_Click and View_NV_NA,200583064,8/29/2017,2008,136,1872,1,1871,1870,1,1,0,1871,1871,1872
TJN_HOM_030_HomeGoods 2H Digital_F18,Nativo Inc.,PJQDHJ_TJN_HOM_030_Content_NATIVO FKA POST RLSE_DSI_BS2_MWB_DIR_NAD_ROT_RON_CTG_BTG_DVY_NATIVE DISPLAY UNIT FALLIDAYS_Run of Network_Contextual_F25-54_1 x 1_Click and View_NV_NA,206024352,11/5/2017,2,0,2,0,2,0,2,0,2,0,0,0
TJN_HOM_030_HomeGoods 2H Digital_F18,xAd Inc.,PJQ7ML_TJN_HOM_030_Mobile_GROUND TRUTH FKA XAD_DST_SV1_MAP_DIR_DSP_TRG_RON_BTG_DMA_DVY_BEHAVIORAL - HOME SHOPPER - DYNAMIC DISTANCE_Run of Network_Behavioral_F25-54_320 x 50_Click and View_NV_NA,204626174,11/9/2017,52311,772,51539,42950,8589,377,8212,4060,4152,43327,21372,25432
TJN_HOM_030_HomeGoods 2H Digital_F18,xAd Inc.,PJQ7MQ_TJN_HOM_030_Mobile_GROUND TRUTH FKA XAD_DST_SV1_MAP_DIR_DSP_TRG_RON_MKT_DMA_DVY_LOCATION - COMPETITOR SHOPPERS - DYNAMIC DISTANCE_Run of Network_Geo_F25-54_320 x 50_Click and View_NV_NA,204617210,9/17/2017,14691,251,14440,10800,3640,1189,2451,2293,158,11989,10437,12730
TJN_HOM_025_HomeGoods Digital Video_Q4FY18,Tremor Video Inc.,PK1FYN_TJN_HOM_025_OLV_TREMOR NETWORK_AWR_BS1_DSK_DIR_VID_TRG_RON_PXT_CTG_DVY_ALL SCREEN PREROLL + PROXIMITYPLUS DWELL TIME TARGETING TO HOMEGOODS VISITORS DESKTOP_Run of Network_Behavioral_F25-54_1280 x 720_Standard_NV_NA,205941312,10/30/2017,8513,23,8490,6503,1987,29,1958,873,1085,6532,2912,3785
TJN_HOM_008_HomeGoods Summer Digital_FY18,NinthDecimal,PHHXGK_TJN_HOM_008_Mobile_NINTHDECIMAL_CHILD_PROSPECTING_MOBILE APP_CUSTOM_DISPLAY_320X50_Run of Network_Behavioral_F25-54_320 x 50_Click and View_NV_NA,200587954,7/20/2017,137638,1920,135718,41375,94343,441,93902,89571,4331,41816,39887,129458
TJN_HOM_013_HomeGoods FEP_Q3FY18,Discovery Digital Media,PHWLS5_TJN_HOM_013_Content_DISCOVERY NETWORKS_Full Episode Video Desktop_30s_FEP_Contextual_F25-54_1920 x 1080_Standard_NV_NA,201895013,9/21/2017,3410,67,3343,3343,0,0,0,0,0,3343,,
TJN_HOM_008_HomeGoods Summer Digital_FY18,xAd Inc.,PHHXGV_TJN_HOM_008_Mobile_XAD INC_CHILD_CONQUESTING_MOBILE APP_STANDARD_DISPLAY_300X250_GEO-FENCING_Run of Network_Geo_F25-54_300 x 250_Click and View_NV_NA,200573063,8/4/2017,9355,5680,3675,2966,709,373,336,334,2,3339,3319,3653
TJN_HOM_030_HomeGoods 2H Digital_F18,xAd Inc.,PJQ7MK_TJN_HOM_030_Mobile_GROUND TRUTH FKA XAD_DST_SV1_MAP_DIR_DSP_TRG_RON_PXT_BTG_DVY_PROXIMITY LOYALTY - STORE LOCATOR UNIT_Run of Network_Geo_F25-54_300 x 250_Click and View_NV_NA,204625442,10/18/2017,4684,49,4635,56,4579,18,4561,4349,212,74,71,4420
TJN_HOM_008_HomeGoods Summer Digital_FY18,NinthDecimal,PHHXGP_TJN_HOM_008_Mobile_NINTHDECIMAL_CHILD_PET OWNERS PROSPECTING_MOBILE APP_CUSTOM_DISPLAY_320X50_Run of Network_Behavioral_F25-54_320 x 50_Click and View_NV_NA,200586375,8/25/2017,71699,851,70848,14002,56846,290,56556,53588,2968,14292,13542,67130
TJN_HOM_008_HomeGoods Summer Digital_FY18,xAd Inc.,PHHXH0_TJN_HOM_008_Mobile_XAD INC_STANDALONE_RON_MOBILE APP_STANDARD_DISPLAY_320X50_GEO-FENCING_Run of Network_Behavioral_F25-54_320 x 50_Click and View_NV_NA,200587948,8/8/2017,12,0,12,0,12,7,5,0,5,7,0,0
TJN_HOM_013_HomeGoods FEP_Q3FY18,Discovery Digital Media,PHWLS6_TJN_HOM_013_Content_DISCOVERY NETWORKS_Full Episode Video Mobile App_30s_FEP_Contextual_F25-54_1920 x 1080_Standard_NV_NA,201891425,8/24/2017,23152,203,22949,22949,0,0,0,0,0,22949,,
TJN_HOM_030_HomeGoods 2H Digital_F18,NinthDecimal,PJQ7ND_TJN_HOM_030_Mobile_NINTHDECIMAL_DST_SV1_MAP_DIR_RCH_TRG_RON_BTG_DMA_DVY_CONSUMER JOURNEY: HOUSEHOLD CEO_Run of Network_Behavioral_F25-54_320 x 50_Click and View_NV_NA,204626294,9/15/2017,11233,244,10989,3774,7215,36,7179,7004,175,3810,3717,10721
TJN_HOM_013_HomeGoods FEP_Q3FY18,Scripps Networks,PHNKCR_TJN_HOM_013_FEP_SCRIPPSNETWORKS.COM_On-site_Crossplatform_FEP_Demo_F25-54_1280 x 720_Standard_NV_NA,201888442,9/24/2017,3230,20,3210,3210,0,0,0,0,0,3210,,
TJN_HOM_030_HomeGoods 2H Digital_F18,xAd Inc.,PJQ7MG_TJN_HOM_030_Mobile_GROUND TRUTH FKA XAD_DST_SV1_MAP_DIR_DSP_TRG_RON_PXT_BTG_DVY_PROXIMITY LOYALTY - DYNAMIC DISTANCE_Run of Network_Geo_F25-54_320 x 50_Click and View_NV_NA,204626813,9/24/2017,35264,689,34575,27059,7516,1011,6505,5455,1050,28070,20152,25607
TJN_HOM_030_HomeGoods 2H Digital_F18,NinthDecimal,PJQ7N5_TJN_HOM_030_Mobile_NINTHDECIMAL_DST_SV1_MAP_DIR_RCH_TRG_RON_PXT_DMA_DVY_GEOFENCE: 2-MILE RADIUS AROUND URBAN STORES_Run of Network_Geo_F25-54_320 x 50_Click and View_NV_NA,204649945,9/24/2017,10926,370,10556,4653,5903,35,5868,5732,136,4688,4579,10311
TJN_HOM_008_HomeGoods Summer Digital_FY18,NinthDecimal,Rolled-up Placements,N/A,7/13/2017,188607,1731,186876,55799,131077,695,130382,123361,7021,56494,53512,176873
TJN_HOM_008_HomeGoods Summer Digital_FY18,xAd Inc.,PHHXGX_TJN_HOM_008_Mobile_XAD INC_CHILD_LOCATION AUDIENCE-HOMEGOODS SHOPPERS_MOBILE APP_STANDARD_DISPLAY_300X250_Run of Network_Behavioral_F25-54_300 x 250_Click and View_NV_NA,200587524,8/25/2017,8015,974,7041,57,6984,6984,0,0,0,7041,7041,7041
TJN_HOM_030_HomeGoods 2H Digital_F18,NinthDecimal,PJQ7N8_TJN_HOM_030_Mobile_NINTHDECIMAL_DST_SV1_MAP_DIR_RCH_TRG_RON_BTG_PXT_DVY_LOCATION GRAPH: HOMEGOODS LOYALISTS_Run of Network_Behavioral_F25-54_320 x 50_Click and View_NV_NA,204675012,10/10/2017,11063,74,10989,4344,6645,28,6617,6394,223,4372,4225,10619
TJN_HOM_008_HomeGoods Summer Digital_FY18,NinthDecimal,PHHXGK_TJN_HOM_008_Mobile_NINTHDECIMAL_CHILD_PROSPECTING_MOBILE APP_CUSTOM_DISPLAY_320X50_Run of Network_Behavioral_F25-54_320 x 50_Click and View_NV_NA,200587954,9/3/2017,186370,3117,183253,59787,123466,550,122916,117742,5174,60337,57797,175539
TJN_HOM_030_HomeGoods 2H Digital_F18,NinthDecimal,"PJQ7NK_TJN_HOM_030_Mobile_NINTHDECIMAL_DST_SV1_MAP_DIR_RCH_TRG_RON_BTG_DMA_DVY_TV TARGETING: HGTV, DIY NETWORK, BRAVO, TLC, FOOD NETWORK_Run of Network_Behavioral_F25-54_320 x 50_Click and View_NV_NA",204674553,9/15/2017,6937,146,6791,2103,4688,45,4643,4475,168,2148,2070,6545
TJN_HOM_008_HomeGoods Summer Digital_FY18,xAd Inc.,PHHXGR_TJN_HOM_008_Mobile_XAD INC_CHILD_LOYALTY_MOBILE APP_STANDARD_DISPLAY_320X50_GEO-FENCING_Run of Network_Geo_F25-54_320 x 50_Click and View_NV_NA,200587518,8/10/2017,85563,1767,83796,60060,23736,308,23428,19456,3972,60368,50133,69589
TJN_HOM_013_HomeGoods FEP_Q3FY18,Discovery Digital Media,PHWLS6_TJN_HOM_013_Content_DISCOVERY NETWORKS_Full Episode Video Mobile App_30s_FEP_Contextual_F25-54_1920 x 1080_Standard_NV_NA,201891425,8/20/2017,23815,229,23586,23586,0,0,0,0,0,23586,,
TJN_HOM_030_HomeGoods 2H Digital_F18,xAd Inc.,PJQ7MH_TJN_HOM_030_Mobile_GROUND TRUTH FKA XAD_DST_SV1_MAP_DIR_DSP_TRG_RON_PXT_BTG_DVY_PROXIMITY LOYALTY - DYNAMIC DISTANCE_Run of Network_Geo_F25-54_300 x 250_Click and View_NV_NA,204675003,9/11/2017,13999,260,13739,13722,17,0,17,11,6,13722,8879,8890
TJN_HOM_030_HomeGoods 2H Digital_F18,NinthDecimal,PJQ7N7_TJN_HOM_030_Mobile_NINTHDECIMAL_DST_SV1_MAP_DIR_RCH_TRG_RON_PXT_DMA_DVY_GEOFENCE: 15-20-MILE RADIUS AROUND RURAL STORES_Run of Network_Geo_F25-54_320 x 50_Click and View_NV_NA,204674556,9/12/2017,15964,335,15629,6932,8697,38,8659,8462,197,6970,6811,15273
TJN_HOM_008_HomeGoods Summer Digital_FY18,xAd Inc.,PHHXGX_TJN_HOM_008_Mobile_XAD INC_CHILD_LOCATION AUDIENCE-HOMEGOODS SHOPPERS_MOBILE APP_STANDARD_DISPLAY_300X250_Run of Network_Behavioral_F25-54_300 x 250_Click and View_NV_NA,200587524,7/25/2017,12436,1832,10604,387,10217,10205,12,10,2,10592,8827,8837
TJN_HOM_008_HomeGoods Summer Digital_FY18,xAd Inc.,PHHXGY_TJN_HOM_008_Mobile_XAD INC_CHILD_LOYALTY_MOBILE APP_CUSTOM_RICH MEDIA_320X50_GEO-FENCING_Run of Network_Geo_F25-54_320 x 50_Click and View_NV_NA,200584630,8/22/2017,24816,250,24566,18232,6334,75,6259,6193,66,18307,18114,24307
TJN_HOM_013_HomeGoods FEP_Q3FY18,Scripps Networks,PHNKCT_TJN_HOM_013_FEP_SCRIPPSNETWORKS.COM_TVE_Crossplatform_FEP_Demo_F25-54_1 x 1_Click and View_NV_NA,201878832,8/8/2017,198,3,195,195,0,0,0,0,0,195,,
TJN_HOM_030_HomeGoods 2H Digital_F18,NinthDecimal,PJQ7NB_TJN_HOM_030_Mobile_NINTHDECIMAL_DST_SV1_MAP_DIR_RCH_TRG_RON_BTG_PXT_DVY_LOCATION GRAPH: COMPETITIVE CONQUESTING_Run of Network_Behavioral_F25-54_320 x 50_Click and View_NV_NA,204649942,10/4/2017,7076,141,6935,4973,1962,49,1913,1855,58,5022,4870,6725
TJN_HOM_013_HomeGoods FEP_Q3FY18,Scripps Networks,PHNKCR_TJN_HOM_013_FEP_SCRIPPSNETWORKS.COM_On-site_Crossplatform_FEP_Demo_F25-54_1280 x 720_Standard_NV_NA,201888442,9/22/2017,2882,153,2729,2729,0,0,0,0,0,2729,,
TJN_HOM_030_HomeGoods 2H Digital_F18,xAd Inc.,PJQ7MG_TJN_HOM_030_Mobile_GROUND TRUTH FKA XAD_DST_SV1_MAP_DIR_DSP_TRG_RON_PXT_BTG_DVY_PROXIMITY LOYALTY - DYNAMIC DISTANCE_Run of Network_Geo_F25-54_320 x 50_Click and View_NV_NA,204626813,9/22/2017,40628,1041,39587,22674,16913,1819,15094,12474,2620,24493,17103,29577
TJN_HOM_030_HomeGoods 2H Digital_F18,NinthDecimal,PJQ7N8_TJN_HOM_030_Mobile_NINTHDECIMAL_DST_SV1_MAP_DIR_RCH_TRG_RON_BTG_PXT_DVY_LOCATION GRAPH: HOMEGOODS LOYALISTS_Run of Network_Behavioral_F25-54_320 x 50_Click and View_NV_NA,204675012,10/22/2017,13018,222,12796,4775,8021,61,7960,7647,313,4836,4646,12293
TJN_HOM_030_HomeGoods 2H Digital_F18,NinthDecimal,PJQ7N5_TJN_HOM_030_Mobile_NINTHDECIMAL_DST_SV1_MAP_DIR_RCH_TRG_RON_PXT_DMA_DVY_GEOFENCE: 2-MILE RADIUS AROUND URBAN STORES_Run of Network_Geo_F25-54_320 x 50_Click and View_NV_NA,204649945,10/23/2017,7496,211,7285,3350,3935,40,3895,3779,116,3390,3289,7068
TJN_HOM_008_HomeGoods Summer Digital_FY18,NinthDecimal,PHHXGN_TJN_HOM_008_Mobile_NINTHDECIMAL_CHILD_LUXURY SHOPPERS RETENTION_MOBILE APP_CUSTOM_DISPLAY_320X50_Run of Network_Behavioral_F25-54_320 x 50_Click and View_NV_NA,200582901,8/8/2017,3020,23,2997,452,2545,20,2525,2167,358,472,405,2572
TJN_HOM_030_HomeGoods 2H Digital_F18,Nativo Inc.,PJQDHJ_TJN_HOM_030_Content_NATIVO FKA POST RLSE_DSI_BS2_MWB_DIR_NAD_ROT_RON_CTG_BTG_DVY_NATIVE DISPLAY UNIT FALLIDAYS_Run of Network_Contextual_F25-54_1 x 1_Click and View_NV_NA,206024352,10/27/2017,1636536,78907,1557629,13984,1543645,108154,1435491,535260,900231,122138,45542,580802
TJN_HOM_030_HomeGoods 2H Digital_F18,NinthDecimal,PJQ7NC_TJN_HOM_030_Mobile_NINTHDECIMAL_DST_SV1_MAP_DIR_RCH_TRG_RON_BTG_DMA_DVY_CONSUMER JOURNEY: DIYERS_Run of Network_Behavioral_F25-54_320 x 50_Click and View_NV_NA,204675009,11/1/2017,10428,138,10290,996,9294,38,9256,9000,256,1034,1005,10005
TJN_HOM_030_HomeGoods 2H Digital_F18,NinthDecimal,PJQ7N5_TJN_HOM_030_Mobile_NINTHDECIMAL_DST_SV1_MAP_DIR_RCH_TRG_RON_PXT_DMA_DVY_GEOFENCE: 2-MILE RADIUS AROUND URBAN STORES_Run of Network_Geo_F25-54_320 x 50_Click and View_NV_NA,204649945,9/22/2017,28756,1402,27354,12638,14716,92,14624,14192,432,12730,12354,26546
TJN_HOM_030_HomeGoods 2H Digital_F18,xAd Inc.,PJQ7MG_TJN_HOM_030_Mobile_GROUND TRUTH FKA XAD_DST_SV1_MAP_DIR_DSP_TRG_RON_PXT_BTG_DVY_PROXIMITY LOYALTY - DYNAMIC DISTANCE_Run of Network_Geo_F25-54_320 x 50_Click and View_NV_NA,204626813,10/23/2017,53438,1096,52342,48955,3387,1344,2043,1814,229,50299,42679,44493
TJN_HOM_013_HomeGoods FEP_Q3FY18,Discovery Digital Media,PHWLS8_TJN_HOM_013_Content_DISCOVERY NETWORKS_Full Episode Video Tablet Web_30s_FEP_Contextual_F25-54_1920 x 1080_Standard_NV_NA,201899695,7/24/2017,1076,10,1066,1066,0,0,0,0,0,1066,,
TJN_HOM_030_HomeGoods 2H Digital_F18,NinthDecimal,PJQ7NC_TJN_HOM_030_Mobile_NINTHDECIMAL_DST_SV1_MAP_DIR_RCH_TRG_RON_BTG_DMA_DVY_CONSUMER JOURNEY: DIYERS_Run of Network_Behavioral_F25-54_320 x 50_Click and View_NV_NA,204675009,11/7/2017,4677,71,4606,550,4056,12,4044,3925,119,562,545,4470
TJN_HOM_008_HomeGoods Summer Digital_FY18,NinthDecimal,PHHXGP_TJN_HOM_008_Mobile_NINTHDECIMAL_CHILD_PET OWNERS PROSPECTING_MOBILE APP_CUSTOM_DISPLAY_320X50_Run of Network_Behavioral_F25-54_320 x 50_Click and View_NV_NA,200586375,7/25/2017,32945,225,32720,10053,22667,72,22595,21751,844,10125,9747,31498
TJN_HOM_008_HomeGoods Summer Digital_FY18,xAd Inc.,PHHXGT_TJN_HOM_008_Mobile_XAD INC_CHILD_CONQUESTING_MOBILE APP_STANDARD_DISPLAY_320X50_GEO-FENCING_Run of Network_Geo_F25-54_320 x 50_Click and View_NV_NA,200573066,7/31/2017,4249910,65325,4184585,2038241,2146344,28529,2117815,1894202,223613,2066770,1786929,3681131
TJN_HOM_025_HomeGoods Digital Video_Q4FY18,Tremor Video Inc.,PK6F30_TJN_HOM_025_OLV_TREMOR NETWORK_AWR_BS1_CTV_DIR_VID_TRG_RON_PXT_CTG_DVY_ALL SCREEN PREROLL + PROXIMITYPLUS DWELL TIME TARGETING TO HOMEGOODS VISITORS CTV_Run of Network_Behavioral_F25-54_1280 x 720_Standard_NV_NA,205942131,10/23/2017,19907,0,19907,19907,0,0,0,0,0,19907,0,0
TJN_HOM_008_HomeGoods Summer Digital_FY18,Hulu,PHG79K_TJN_HOM_008_FEP_HULU_Summer TV Pre-roll_SPONSORSHIP_CROSS DEVICE_PRE-ROLL_VIDEO_1920X1080_VAST_N/A_N/A_N/A_3RD PARTY_N/A_Roadblock_Demo_F25-54_1920 x 1080_Standard_NV_NA,201466499,8/14/2017,465549,4029,461520,461520,0,0,0,0,0,461520,422564,422564
TJN_HOM_013_HomeGoods FEP_Q3FY18,Discovery Digital Media,PHWLS8_TJN_HOM_013_Content_DISCOVERY NETWORKS_Full Episode Video Tablet Web_30s_FEP_Contextual_F25-54_1920 x 1080_Standard_NV_NA,201899695,9/18/2017,882,1,881,881,0,0,0,0,0,881,,
TJN_HOM_030_HomeGoods 2H Digital_F18,NinthDecimal,"PJQ7NK_TJN_HOM_030_Mobile_NINTHDECIMAL_DST_SV1_MAP_DIR_RCH_TRG_RON_BTG_DMA_DVY_TV TARGETING: HGTV, DIY NETWORK, BRAVO, TLC, FOOD NETWORK_Run of Network_Behavioral_F25-54_320 x 50_Click and View_NV_NA",204674553,11/11/2017,6359,59,6300,708,5592,23,5569,5417,152,731,711,6128
TJN_HOM_030_HomeGoods 2H Digital_F18,xAd Inc.,PJQ7MQ_TJN_HOM_030_Mobile_GROUND TRUTH FKA XAD_DST_SV1_MAP_DIR_DSP_TRG_RON_MKT_DMA_DVY_LOCATION - COMPETITOR SHOPPERS - DYNAMIC DISTANCE_Run of Network_Geo_F25-54_320 x 50_Click and View_NV_NA,204617210,9/6/2017,15001,373,14628,10546,4082,1966,2116,1641,475,12512,9245,10886
TJN_HOM_008_HomeGoods Summer Digital_FY18,xAd Inc.,PHHXGY_TJN_HOM_008_Mobile_XAD INC_CHILD_LOYALTY_MOBILE APP_CUSTOM_RICH MEDIA_320X50_GEO-FENCING_Run of Network_Geo_F25-54_320 x 50_Click and View_NV_NA,200584630,7/17/2017,22300,160,22140,20557,1583,62,1521,1377,144,20619,18667,20044
TJN_HOM_030_HomeGoods 2H Digital_F18,xAd Inc.,PJQ7MH_TJN_HOM_030_Mobile_GROUND TRUTH FKA XAD_DST_SV1_MAP_DIR_DSP_TRG_RON_PXT_BTG_DVY_PROXIMITY LOYALTY - DYNAMIC DISTANCE_Run of Network_Geo_F25-54_300 x 250_Click and View_NV_NA,204675003,10/19/2017,24258,654,23604,23604,0,0,0,0,0,23604,15736,15736
TJN_HOM_030_HomeGoods 2H Digital_F18,NinthDecimal,PJQ7ND_TJN_HOM_030_Mobile_NINTHDECIMAL_DST_SV1_MAP_DIR_RCH_TRG_RON_BTG_DMA_DVY_CONSUMER JOURNEY: HOUSEHOLD CEO_Run of Network_Behavioral_F25-54_320 x 50_Click and View_NV_NA,204626294,11/11/2017,7614,130,7484,1211,6273,34,6239,6083,156,1245,1214,7297
TJN_HOM_030_HomeGoods 2H Digital_F18,NinthDecimal,PJQ7NF_TJN_HOM_030_Mobile_NINTHDECIMAL_DST_SV1_MAP_DIR_RCH_TRG_RON_BTG_DMA_DVY_CONSUMER JOURNEY: HOME FURNISHINGS SHOPPERS_Run of Network_Behavioral_F25-54_320 x 50_Click and View_NV_NA,204626291,10/25/2017,8104,121,7983,1875,6108,263,5845,5678,167,2138,2077,7755
TJN_HOM_008_HomeGoods Summer Digital_FY18,xAd Inc.,PHHXGR_TJN_HOM_008_Mobile_XAD INC_CHILD_LOYALTY_MOBILE APP_STANDARD_DISPLAY_320X50_GEO-FENCING_Run of Network_Geo_F25-54_320 x 50_Click and View_NV_NA,200587518,7/21/2017,33854,551,33303,25089,8214,72,8142,5416,2726,25161,16737,22153
TJN_HOM_008_HomeGoods Summer Digital_FY18,xAd Inc.,PHHXGS_TJN_HOM_008_Mobile_XAD INC_CHILD_LOYALTY_MOBILE APP_STANDARD_DISPLAY_300X250_GEO-FENCING_Run of Network_Geo_F25-54_300 x 250_Click and View_NV_NA,200583064,8/3/2017,11692,6931,4761,3657,1104,660,444,440,4,4317,4278,4718
TJN_HOM_030_HomeGoods 2H Digital_F18,NinthDecimal,PJQ7NH_TJN_HOM_030_Mobile_NINTHDECIMAL_DST_SV1_MAP_DIR_RCH_TRG_RON_BTG_DMA_DVY_CONSUMER JOURNEY: PET SUPPLY SHOPPERS_Run of Network_Behavioral_F25-54_320 x 50_Click and View_NV_NA,204647914,9/6/2017,3105,66,3039,1270,1769,17,1752,1720,32,1287,1263,2983
TJN_HOM_013_HomeGoods FEP_Q3FY18,Discovery Digital Media,PHWLS5_TJN_HOM_013_Content_DISCOVERY NETWORKS_Full Episode Video Desktop_30s_FEP_Contextual_F25-54_1920 x 1080_Standard_NV_NA,201895013,8/6/2017,4239,101,4138,4138,0,0,0,0,0,4138,,
TJN_HOM_030_HomeGoods 2H Digital_F18,NinthDecimal,PJQ7NC_TJN_HOM_030_Mobile_NINTHDECIMAL_DST_SV1_MAP_DIR_RCH_TRG_RON_BTG_DMA_DVY_CONSUMER JOURNEY: DIYERS_Run of Network_Behavioral_F25-54_320 x 50_Click and View_NV_NA,204675009,11/3/2017,2412,27,2385,473,1912,10,1902,1853,49,483,471,2324
TJN_HOM_008_HomeGoods Summer Digital_FY18,Hulu,PHG79M_TJN_HOM_008_FEP_HULU_Premium Slate_CROSS DEVICE_PRE-ROLL_CUSTOM_VECTOR LOGO_1X1_N/A_N/A_N/A_SITE_N/A_Roadblock_Demo_F25-54_1 x 1_Click and View_NV_NA,201466502,8/16/2017,474589,3379,471210,471210,0,0,0,0,0,471210,420483,420483
TJN_HOM_008_HomeGoods Summer Digital_FY18,Hulu,PHG79G_TJN_HOM_008_FEP_HULU_ROS Pre-roll_CROSS DEVICE_PRE-ROLL_VIDEO_1920X1080_VAST_AUDIENCE_N/A_N/A_3RD PARTY_N/A_Run of Site_Demo_F25-54_1920 x 1080_Standard_NV_NA,201466946,9/27/2017,7961,48,7913,7913,0,0,0,0,0,7913,7056,7056
TJN_HOM_030_HomeGoods 2H Digital_F18,NinthDecimal,PJQ7NF_TJN_HOM_030_Mobile_NINTHDECIMAL_DST_SV1_MAP_DIR_RCH_TRG_RON_BTG_DMA_DVY_CONSUMER JOURNEY: HOME FURNISHINGS SHOPPERS_Run of Network_Behavioral_F25-54_320 x 50_Click and View_NV_NA,204626291,10/3/2017,3224,85,3139,2326,813,10,803,787,16,2336,2289,3076
TJN_HOM_030_HomeGoods 2H Digital_F18,xAd Inc.,PJQ7MM_TJN_HOM_030_Mobile_GROUND TRUTH FKA XAD_DST_SV1_MAP_DIR_DSP_TRG_RON_BTG_DMA_DVY_BEHAVIORAL - HOME SHOPPER- DYNAMIC DISTANCE_Run of Network_Behavioral_F25-54_300 x 250_Click and View_NV_NA,204626171,9/9/2017,5464,95,5369,5369,0,0,0,0,0,5369,2362,2362
TJN_HOM_008_HomeGoods Summer Digital_FY18,xAd Inc.,PHHXGS_TJN_HOM_008_Mobile_XAD INC_CHILD_LOYALTY_MOBILE APP_STANDARD_DISPLAY_300X250_GEO-FENCING_Run of Network_Geo_F25-54_300 x 250_Click and View_NV_NA,200583064,8/7/2017,37395,19846,17549,14591,2958,1170,1788,1773,15,15761,15629,17402
TJN_HOM_030_HomeGoods 2H Digital_F18,NinthDecimal,PJQ7NG_TJN_HOM_030_Mobile_NINTHDECIMAL_DST_SV1_MAP_DIR_RCH_TRG_RON_BTG_DMA_DVY_CONSUMER JOURNEY: NEW HOME BUYERS & MOVERS_Run of Network_Behavioral_F25-54_320 x 50_Click and View_NV_NA,204625835,9/21/2017,7412,154,7258,2243,5015,36,4979,4815,164,2279,2204,7019
TJN_HOM_030_HomeGoods 2H Digital_F18,xAd Inc.,PJQ7MM_TJN_HOM_030_Mobile_GROUND TRUTH FKA XAD_DST_SV1_MAP_DIR_DSP_TRG_RON_BTG_DMA_DVY_BEHAVIORAL - HOME SHOPPER- DYNAMIC DISTANCE_Run of Network_Behavioral_F25-54_300 x 250_Click and View_NV_NA,204626171,10/21/2017,7035,103,6932,6932,0,0,0,0,0,6932,5718,5718
TJN_HOM_030_HomeGoods 2H Digital_F18,xAd Inc.,PJQ7MK_TJN_HOM_030_Mobile_GROUND TRUTH FKA XAD_DST_SV1_MAP_DIR_DSP_TRG_RON_PXT_BTG_DVY_PROXIMITY LOYALTY - STORE LOCATOR UNIT_Run of Network_Geo_F25-54_300 x 250_Click and View_NV_NA,204625442,9/23/2017,3940,59,3881,347,3534,38,3496,3019,477,385,332,3351
TJN_HOM_008_HomeGoods Summer Digital_FY18,xAd Inc.,PHHXGZ_TJN_HOM_008_Mobile_XAD INC_CHILD_LOYALTY_MOBILE APP_CUSTOM_RICH MEDIA_300X250_GEO-FENCING_Run of Network_Geo_F25-54_300 x 250_Click and View_NV_NA,200577158,8/24/2017,2094,35,2059,1998,61,0,61,56,5,1998,1834,1890
TJN_HOM_008_HomeGoods Summer Digital_FY18,NinthDecimal,PHHXGP_TJN_HOM_008_Mobile_NINTHDECIMAL_CHILD_PET OWNERS PROSPECTING_MOBILE APP_CUSTOM_DISPLAY_320X50_Run of Network_Behavioral_F25-54_320 x 50_Click and View_NV_NA,200586375,8/23/2017,30358,425,29933,5256,24677,103,24574,23205,1369,5359,5060,28265
TJN_HOM_030_HomeGoods 2H Digital_F18,NinthDecimal,"PJQ7NK_TJN_HOM_030_Mobile_NINTHDECIMAL_DST_SV1_MAP_DIR_RCH_TRG_RON_BTG_DMA_DVY_TV TARGETING: HGTV, DIY NETWORK, BRAVO, TLC, FOOD NETWORK_Run of Network_Behavioral_F25-54_320 x 50_Click and View_NV_NA",204674553,11/8/2017,5676,101,5575,770,4805,24,4781,4604,177,794,765,5369
TJN_HOM_030_HomeGoods 2H Digital_F18,xAd Inc.,PJQ7MK_TJN_HOM_030_Mobile_GROUND TRUTH FKA XAD_DST_SV1_MAP_DIR_DSP_TRG_RON_PXT_BTG_DVY_PROXIMITY LOYALTY - STORE LOCATOR UNIT_Run of Network_Geo_F25-54_300 x 250_Click and View_NV_NA,204625442,10/2/2017,6,2,4,2,2,1,1,1,0,3,3,4
TJN_HOM_013_HomeGoods FEP_Q3FY18,Discovery Digital Media,PHWLS9_TJN_HOM_013_Content_DISCOVERY NETWORKS_Full Episode Video OTT/CTV_30s_FEP_Contextual_F25-54_1920 x 1080_Standard_NV_NA,201891428,9/4/2017,12790,16,12774,12774,0,0,0,0,0,12774,,
TJN_HOM_008_HomeGoods Summer Digital_FY18,xAd Inc.,PHHXGW_TJN_HOM_008_Mobile_XAD INC_CHILD_LOCATION AUDIENCE-HOMEGOODS SHOPPERS_MOBILE APP_STANDARD_DISPLAY_320X50_Run of Network_Behavioral_F25-54_320 x 50_Click and View_NV_NA,200585089,8/5/2017,31779,564,31215,9543,21672,421,21251,15469,5782,9964,7253,22722
TJN_HOM_008_HomeGoods Summer Digital_FY18,xAd Inc.,PHHXGY_TJN_HOM_008_Mobile_XAD INC_CHILD_LOYALTY_MOBILE APP_CUSTOM_RICH MEDIA_320X50_GEO-FENCING_Run of Network_Geo_F25-54_320 x 50_Click and View_NV_NA,200584630,9/1/2017,17744,256,17488,4429,13059,105,12954,12790,164,4534,4477,17267
TJN_HOM_013_HomeGoods FEP_Q3FY18,Discovery Digital Media,PHWLS9_TJN_HOM_013_Content_DISCOVERY NETWORKS_Full Episode Video OTT/CTV_30s_FEP_Contextual_F25-54_1920 x 1080_Standard_NV_NA,201891428,8/14/2017,11217,26,11191,11191,0,0,0,0,0,11191,,
TJN_HOM_030_HomeGoods 2H Digital_F18,NinthDecimal,PJQ7ND_TJN_HOM_030_Mobile_NINTHDECIMAL_DST_SV1_MAP_DIR_RCH_TRG_RON_BTG_DMA_DVY_CONSUMER JOURNEY: HOUSEHOLD CEO_Run of Network_Behavioral_F25-54_320 x 50_Click and View_NV_NA,204626294,11/8/2017,7514,118,7396,1431,5965,37,5928,5752,176,1468,1424,7176
TJN_HOM_008_HomeGoods Summer Digital_FY18,xAd Inc.,PHHXGX_TJN_HOM_008_Mobile_XAD INC_CHILD_LOCATION AUDIENCE-HOMEGOODS SHOPPERS_MOBILE APP_STANDARD_DISPLAY_300X250_Run of Network_Behavioral_F25-54_300 x 250_Click and View_NV_NA,200587524,8/23/2017,6527,1524,5003,134,4869,4869,0,0,0,5003,4733,4733
TJN_HOM_030_HomeGoods 2H Digital_F18,xAd Inc.,PJQ7MS_TJN_HOM_030_Mobile_GROUND TRUTH FKA XAD_DST_SV1_MAP_DIR_DSP_TRG_RON_DMA_PXT_DVY_AV DMA TARGETING_Run of Network_Geo_F25-54_300 x 250_Click and View_NV_NA,204646501,10/28/2017,2666,55,2611,2078,533,11,522,336,186,2089,1345,1681
TJN_HOM_008_HomeGoods Summer Digital_FY18,Hulu,PHG79G_TJN_HOM_008_FEP_HULU_ROS Pre-roll_CROSS DEVICE_PRE-ROLL_VIDEO_1920X1080_VAST_AUDIENCE_N/A_N/A_3RD PARTY_N/A_Run of Site_Demo_F25-54_1920 x 1080_Standard_NV_NA,201466946,9/12/2017,17929,159,17770,17770,0,0,0,0,0,17770,17197,17197
TJN_HOM_008_HomeGoods Summer Digital_FY18,NinthDecimal,PHHXGL_TJN_HOM_008_Mobile_NINTHDECIMAL_CHILD_RETENTION_MOBILE APP_CUSTOM_DISPLAY_320X50_Run of Network_Behavioral_F25-54_320 x 50_Click and View_NV_NA,200585092,7/19/2017,5958,116,5842,1679,4163,24,4139,3992,147,1703,1643,5635
TJN_HOM_008_HomeGoods Summer Digital_FY18,xAd Inc.,PHHXGZ_TJN_HOM_008_Mobile_XAD INC_CHILD_LOYALTY_MOBILE APP_CUSTOM_RICH MEDIA_300X250_GEO-FENCING_Run of Network_Geo_F25-54_300 x 250_Click and View_NV_NA,200577158,8/20/2017,1485,48,1437,855,582,15,567,542,25,870,832,1374
TJN_HOM_008_HomeGoods Summer Digital_FY18,xAd Inc.,PHHXGW_TJN_HOM_008_Mobile_XAD INC_CHILD_LOCATION AUDIENCE-HOMEGOODS SHOPPERS_MOBILE APP_STANDARD_DISPLAY_320X50_Run of Network_Behavioral_F25-54_320 x 50_Click and View_NV_NA,200585089,8/18/2017,40455,1001,39454,4502,34952,831,34121,26564,7557,5333,4152,30716
TJN_HOM_013_HomeGoods FEP_Q3FY18,Discovery Digital Media,PHWLS6_TJN_HOM_013_Content_DISCOVERY NETWORKS_Full Episode Video Mobile App_30s_FEP_Contextual_F25-54_1920 x 1080_Standard_NV_NA,201891425,9/17/2017,17608,116,17492,17492,0,0,0,0,0,17492,,
TJN_HOM_008_HomeGoods Summer Digital_FY18,Hulu,PHG79N_TJN_HOM_008_FEP_HULU_Masthead_SPONSORSHIP_CROSS DEVICE_CUSTOM_VIDEO_1X1_1X1_N/A_N/A_N/A_SITE_N/A_Roadblock_Demo_F25-54_1 x 1_Click and View_NV_NA,201462657,8/6/2017,42615,293,42322,42322,0,0,0,0,0,42322,35647,35647
TJN_HOM_013_HomeGoods FEP_Q3FY18,Scripps Networks,PHNKCT_TJN_HOM_013_FEP_SCRIPPSNETWORKS.COM_TVE_Crossplatform_FEP_Demo_F25-54_1 x 1_Click and View_NV_NA,201878832,9/23/2017,2031,12,2019,2019,0,0,0,0,0,2019,,
TJN_HOM_030_HomeGoods 2H Digital_F18,xAd Inc.,PJQ7MK_TJN_HOM_030_Mobile_GROUND TRUTH FKA XAD_DST_SV1_MAP_DIR_DSP_TRG_RON_PXT_BTG_DVY_PROXIMITY LOYALTY - STORE LOCATOR UNIT_Run of Network_Geo_F25-54_300 x 250_Click and View_NV_NA,204625442,10/1/2017,3,0,3,2,1,1,0,0,0,3,2,2
TJN_HOM_030_HomeGoods 2H Digital_F18,NinthDecimal,PJQ7N6_TJN_HOM_030_Mobile_NINTHDECIMAL_DST_SV1_MAP_DIR_RCH_TRG_RON_PXT_DMA_DVY_GEOFENCE: 5-10-MILE RADIUS AROUND SUBURBAN STORES_Run of Network_Geo_F25-54_320 x 50_Click and View_NV_NA,204646507,9/26/2017,13124,356,12768,5278,7490,35,7455,7282,173,5313,5190,12472
TJN_HOM_025_HomeGoods Digital Video_Q4FY18,Tremor Video Inc.,PK1FYN_TJN_HOM_025_OLV_TREMOR NETWORK_AWR_BS1_DSK_DIR_VID_TRG_RON_PXT_CTG_DVY_ALL SCREEN PREROLL + PROXIMITYPLUS DWELL TIME TARGETING TO HOMEGOODS VISITORS DESKTOP_Run of Network_Behavioral_F25-54_1280 x 720_Standard_NV_NA,205941312,10/9/2017,252980,53,252927,129574,123353,2640,120713,42460,78253,132214,46505,88965
TJN_HOM_013_HomeGoods FEP_Q3FY18,Scripps Networks,PHNKCR_TJN_HOM_013_FEP_SCRIPPSNETWORKS.COM_On-site_Crossplatform_FEP_Demo_F25-54_1280 x 720_Standard_NV_NA,201888442,7/20/2017,1385,7,1378,1378,0,0,0,0,0,1378,,
TJN_HOM_030_HomeGoods 2H Digital_F18,xAd Inc.,PJQ7ML_TJN_HOM_030_Mobile_GROUND TRUTH FKA XAD_DST_SV1_MAP_DIR_DSP_TRG_RON_BTG_DMA_DVY_BEHAVIORAL - HOME SHOPPER - DYNAMIC DISTANCE_Run of Network_Behavioral_F25-54_320 x 50_Click and View_NV_NA,204626174,11/7/2017,22320,356,21964,9507,12457,11461,996,916,80,20968,19284,20200
TJN_HOM_030_HomeGoods 2H Digital_F18,xAd Inc.,PJQ7ML_TJN_HOM_030_Mobile_GROUND TRUTH FKA XAD_DST_SV1_MAP_DIR_DSP_TRG_RON_BTG_DMA_DVY_BEHAVIORAL - HOME SHOPPER - DYNAMIC DISTANCE_Run of Network_Behavioral_F25-54_320 x 50_Click and View_NV_NA,204626174,11/1/2017,4,2,2,1,1,0,1,1,0,1,1,2
TJN_HOM_030_HomeGoods 2H Digital_F18,NinthDecimal,PJQ7NJ_TJN_HOM_030_Mobile_NINTHDECIMAL_DST_SV1_MAP_DIR_RCH_TRG_RON_BTG_DMA_DVY_CONSUMER JOURNEY: BARGAIN HUNTERS_Run of Network_Behavioral_F25-54_320 x 50_Click and View_NV_NA,204644353,10/28/2017,16052,160,15892,648,15244,63,15181,14695,486,711,688,15383
TJN_HOM_008_HomeGoods Summer Digital_FY18,xAd Inc.,PHHXH0_TJN_HOM_008_Mobile_XAD INC_STANDALONE_RON_MOBILE APP_STANDARD_DISPLAY_320X50_GEO-FENCING_Run of Network_Behavioral_F25-54_320 x 50_Click and View_NV_NA,200587948,8/1/2017,21779,289,21490,16294,5196,77,5119,3699,1420,16371,11830,15529
TJN_HOM_030_HomeGoods 2H Digital_F18,xAd Inc.,PJQ7MH_TJN_HOM_030_Mobile_GROUND TRUTH FKA XAD_DST_SV1_MAP_DIR_DSP_TRG_RON_PXT_BTG_DVY_PROXIMITY LOYALTY - DYNAMIC DISTANCE_Run of Network_Geo_F25-54_300 x 250_Click and View_NV_NA,204675003,10/30/2017,26247,560,25687,25687,0,0,0,0,0,25687,19887,19887
TJN_HOM_030_HomeGoods 2H Digital_F18,xAd Inc.,PJQ7MQ_TJN_HOM_030_Mobile_GROUND TRUTH FKA XAD_DST_SV1_MAP_DIR_DSP_TRG_RON_MKT_DMA_DVY_LOCATION - COMPETITOR SHOPPERS - DYNAMIC DISTANCE_Run of Network_Geo_F25-54_320 x 50_Click and View_NV_NA,204617210,10/16/2017,7118,98,7020,4677,2343,48,2295,1890,405,4725,3825,5715
TJN_HOM_025_HomeGoods Digital Video_Q4FY18,Tremor Video Inc.,PK1FYM_TJN_HOM_025_OLV_TREMOR NETWORK_AWR_BS1_DSK_DIR_VID_TRG_RON_BTG_CTG_DVY_ALL SCREEN PREROLL + SOCIAL AFFINITY TARGETING TO W25-54 HOME ENTHUSIASTS DESKTOP_Run of Network_Behavioral_F25-54_1280 x 720_Standard_NV_NA,205941870,10/16/2017,60704,144,60560,20943,39617,1081,38536,33737,4799,22024,19281,53018
TJN_HOM_008_HomeGoods Summer Digital_FY18,NinthDecimal,PHHXGP_TJN_HOM_008_Mobile_NINTHDECIMAL_CHILD_PET OWNERS PROSPECTING_MOBILE APP_CUSTOM_DISPLAY_320X50_Run of Network_Behavioral_F25-54_320 x 50_Click and View_NV_NA,200586375,7/23/2017,25479,316,25163,6592,18571,79,18492,17664,828,6671,6372,24036
TJN_HOM_008_HomeGoods Summer Digital_FY18,Hulu,PHG79J_TJN_HOM_008_FEP_HULU_Branded Slate_ROS_CROSS DEVICE_PRE-ROLL_CUSTOM_VECTOR LOGO_1X1_AUDIENCE_N/A_N/A_SITE_N/A_Run of Site_Demo_F25-54_1 x 1_Click and View_NV_NA,201467345,8/14/2017,2901,14,2887,2887,0,0,0,0,0,2887,2643,2643
TJN_HOM_008_HomeGoods Summer Digital_FY18,xAd Inc.,PHHXGY_TJN_HOM_008_Mobile_XAD INC_CHILD_LOYALTY_MOBILE APP_CUSTOM_RICH MEDIA_320X50_GEO-FENCING_Run of Network_Geo_F25-54_320 x 50_Click and View_NV_NA,200584630,7/28/2017,19730,175,19555,18805,750,44,706,656,50,18849,17514,18170
TJN_HOM_008_HomeGoods Summer Digital_FY18,xAd Inc.,PHHXGV_TJN_HOM_008_Mobile_XAD INC_CHILD_CONQUESTING_MOBILE APP_STANDARD_DISPLAY_300X250_GEO-FENCING_Run of Network_Geo_F25-54_300 x 250_Click and View_NV_NA,200573063,8/29/2017,2,0,2,0,2,0,2,1,1,0,0,1
TJN_HOM_030_HomeGoods 2H Digital_F18,NinthDecimal,PJQ7NH_TJN_HOM_030_Mobile_NINTHDECIMAL_DST_SV1_MAP_DIR_RCH_TRG_RON_BTG_DMA_DVY_CONSUMER JOURNEY: PET SUPPLY SHOPPERS_Run of Network_Behavioral_F25-54_320 x 50_Click and View_NV_NA,204647914,10/16/2017,9407,151,9256,4655,4601,33,4568,4415,153,4688,4531,8946
TJN_HOM_030_HomeGoods 2H Digital_F18,xAd Inc.,PJQ7MH_TJN_HOM_030_Mobile_GROUND TRUTH FKA XAD_DST_SV1_MAP_DIR_DSP_TRG_RON_PXT_BTG_DVY_PROXIMITY LOYALTY - DYNAMIC DISTANCE_Run of Network_Geo_F25-54_300 x 250_Click and View_NV_NA,204675003,9/20/2017,13804,519,13285,13254,31,1,30,19,11,13255,8388,8407
TJN_HOM_030_HomeGoods 2H Digital_F18,NinthDecimal,PJQ7N7_TJN_HOM_030_Mobile_NINTHDECIMAL_DST_SV1_MAP_DIR_RCH_TRG_RON_PXT_DMA_DVY_GEOFENCE: 15-20-MILE RADIUS AROUND RURAL STORES_Run of Network_Geo_F25-54_320 x 50_Click and View_NV_NA,204674556,9/27/2017,13437,281,13156,5443,7713,26,7687,7524,163,5469,5353,12877
TJN_HOM_030_HomeGoods 2H Digital_F18,NinthDecimal,PJQ7N6_TJN_HOM_030_Mobile_NINTHDECIMAL_DST_SV1_MAP_DIR_RCH_TRG_RON_PXT_DMA_DVY_GEOFENCE: 5-10-MILE RADIUS AROUND SUBURBAN STORES_Run of Network_Geo_F25-54_320 x 50_Click and View_NV_NA,204646507,11/12/2017,55202,682,54520,4669,49851,186,49665,48305,1360,4855,4722,53027
TJN_HOM_008_HomeGoods Summer Digital_FY18,xAd Inc.,PHHXGX_TJN_HOM_008_Mobile_XAD INC_CHILD_LOCATION AUDIENCE-HOMEGOODS SHOPPERS_MOBILE APP_STANDARD_DISPLAY_300X250_Run of Network_Behavioral_F25-54_300 x 250_Click and View_NV_NA,200587524,7/23/2017,17592,2735,14857,488,14369,14364,5,4,1,14852,11882,11886
TJN_HOM_008_HomeGoods Summer Digital_FY18,xAd Inc.,PHHXH0_TJN_HOM_008_Mobile_XAD INC_STANDALONE_RON_MOBILE APP_STANDARD_DISPLAY_320X50_GEO-FENCING_Run of Network_Behavioral_F25-54_320 x 50_Click and View_NV_NA,200587948,7/29/2017,6051,96,5955,3303,2652,39,2613,1736,877,3342,2220,3956
TJN_HOM_008_HomeGoods Summer Digital_FY18,xAd Inc.,PHHXGS_TJN_HOM_008_Mobile_XAD INC_CHILD_LOYALTY_MOBILE APP_STANDARD_DISPLAY_300X250_GEO-FENCING_Run of Network_Geo_F25-54_300 x 250_Click and View_NV_NA,200583064,8/4/2017,9809,7882,1927,1286,641,462,179,172,7,1748,1680,1852
TJN_HOM_008_HomeGoods Summer Digital_FY18,Hulu,PHG79J_TJN_HOM_008_FEP_HULU_Branded Slate_ROS_CROSS DEVICE_PRE-ROLL_CUSTOM_VECTOR LOGO_1X1_AUDIENCE_N/A_N/A_SITE_N/A_Run of Site_Demo_F25-54_1 x 1_Click and View_NV_NA,201467345,9/4/2017,7852,50,7802,7802,0,0,0,0,0,7802,7525,7525
TJN_HOM_030_HomeGoods 2H Digital_F18,NinthDecimal,PJQ7NJ_TJN_HOM_030_Mobile_NINTHDECIMAL_DST_SV1_MAP_DIR_RCH_TRG_RON_BTG_DMA_DVY_CONSUMER JOURNEY: BARGAIN HUNTERS_Run of Network_Behavioral_F25-54_320 x 50_Click and View_NV_NA,204644353,9/8/2017,6258,135,6123,2162,3961,24,3937,3840,97,2186,2132,5972
TJN_HOM_030_HomeGoods 2H Digital_F18,NinthDecimal,PJQ7NF_TJN_HOM_030_Mobile_NINTHDECIMAL_DST_SV1_MAP_DIR_RCH_TRG_RON_BTG_DMA_DVY_CONSUMER JOURNEY: HOME FURNISHINGS SHOPPERS_Run of Network_Behavioral_F25-54_320 x 50_Click and View_NV_NA,204626291,10/18/2017,9506,168,9338,5472,3866,24,3842,3742,100,5496,5353,9095
TJN_HOM_008_HomeGoods Summer Digital_FY18,NinthDecimal,PHHXGP_TJN_HOM_008_Mobile_NINTHDECIMAL_CHILD_PET OWNERS PROSPECTING_MOBILE APP_CUSTOM_DISPLAY_320X50_Run of Network_Behavioral_F25-54_320 x 50_Click and View_NV_NA,200586375,7/22/2017,25870,247,25623,6791,18832,70,18762,17842,920,6861,6525,24367
TJN_HOM_030_HomeGoods 2H Digital_F18,NinthDecimal,PJQ7NJ_TJN_HOM_030_Mobile_NINTHDECIMAL_DST_SV1_MAP_DIR_RCH_TRG_RON_BTG_DMA_DVY_CONSUMER JOURNEY: BARGAIN HUNTERS_Run of Network_Behavioral_F25-54_320 x 50_Click and View_NV_NA,204644353,10/7/2017,10653,223,10430,6195,4235,55,4180,4040,140,6250,6041,10081
TJN_HOM_013_HomeGoods FEP_Q3FY18,Scripps Networks,PHNKCT_TJN_HOM_013_FEP_SCRIPPSNETWORKS.COM_TVE_Crossplatform_FEP_Demo_F25-54_1 x 1_Click and View_NV_NA,201878832,8/1/2017,2436,15,2421,2421,0,0,0,0,0,2421,,
TJN_HOM_008_HomeGoods Summer Digital_FY18,NinthDecimal,PHHXGN_TJN_HOM_008_Mobile_NINTHDECIMAL_CHILD_LUXURY SHOPPERS RETENTION_MOBILE APP_CUSTOM_DISPLAY_320X50_Run of Network_Behavioral_F25-54_320 x 50_Click and View_NV_NA,200582901,7/29/2017,2669,10,2659,177,2482,16,2466,2110,356,193,165,2275
TJN_HOM_030_HomeGoods 2H Digital_F18,NinthDecimal,PJQ7NB_TJN_HOM_030_Mobile_NINTHDECIMAL_DST_SV1_MAP_DIR_RCH_TRG_RON_BTG_PXT_DVY_LOCATION GRAPH: COMPETITIVE CONQUESTING_Run of Network_Behavioral_F25-54_320 x 50_Click and View_NV_NA,204649942,10/15/2017,8447,106,8341,5191,3150,28,3122,3022,100,5219,5052,8074
TJN_HOM_030_HomeGoods 2H Digital_F18,xAd Inc.,PJQ7ML_TJN_HOM_030_Mobile_GROUND TRUTH FKA XAD_DST_SV1_MAP_DIR_DSP_TRG_RON_BTG_DMA_DVY_BEHAVIORAL - HOME SHOPPER - DYNAMIC DISTANCE_Run of Network_Behavioral_F25-54_320 x 50_Click and View_NV_NA,204626174,11/3/2017,2,1,1,1,0,0,0,0,0,1,0,0
TJN_HOM_025_HomeGoods Digital Video_Q4FY18,Tremor Video Inc.,PK6DY1_TJN_HOM_025_OLV_TREMOR NETWORK_AWR_BS1_CTV_DIR_VID_TRG_RON_BTG_CTG_DVY_ALL SCREEN PREROLL + SOCIAL AFFINITY TARGETING TO W25-54 HOME ENTHUSIASTS CTV_Run of Network_Behavioral_F25-54_1280 x 720_Standard_NV_NA,205941318,10/16/2017,28379,0,28379,28379,0,0,0,0,0,28379,24879,24879
TJN_HOM_013_HomeGoods FEP_Q3FY18,Scripps Networks,PHNKCT_TJN_HOM_013_FEP_SCRIPPSNETWORKS.COM_TVE_Crossplatform_FEP_Demo_F25-54_1 x 1_Click and View_NV_NA,201878832,7/29/2017,2729,16,2713,2713,0,0,0,0,0,2713,,
TJN_HOM_030_HomeGoods 2H Digital_F18,NinthDecimal,PJQ7N6_TJN_HOM_030_Mobile_NINTHDECIMAL_DST_SV1_MAP_DIR_RCH_TRG_RON_PXT_DMA_DVY_GEOFENCE: 5-10-MILE RADIUS AROUND SUBURBAN STORES_Run of Network_Geo_F25-54_320 x 50_Click and View_NV_NA,204646507,10/9/2017,8038,188,7850,5092,2758,22,2736,2657,79,5114,4966,7623
TJN_HOM_008_HomeGoods Summer Digital_FY18,NinthDecimal,PHHXGN_TJN_HOM_008_Mobile_NINTHDECIMAL_CHILD_LUXURY SHOPPERS RETENTION_MOBILE APP_CUSTOM_DISPLAY_320X50_Run of Network_Behavioral_F25-54_320 x 50_Click and View_NV_NA,200582901,8/1/2017,3424,18,3406,363,3043,23,3020,2731,289,386,349,3080
TJN_HOM_008_HomeGoods Summer Digital_FY18,xAd Inc.,PHHXGX_TJN_HOM_008_Mobile_XAD INC_CHILD_LOCATION AUDIENCE-HOMEGOODS SHOPPERS_MOBILE APP_STANDARD_DISPLAY_300X250_Run of Network_Behavioral_F25-54_300 x 250_Click and View_NV_NA,200587524,7/22/2017,14247,2793,11454,27,11427,11420,7,5,2,11447,8176,8181
TJN_HOM_008_HomeGoods Summer Digital_FY18,Hulu,PHG79G_TJN_HOM_008_FEP_HULU_ROS Pre-roll_CROSS DEVICE_PRE-ROLL_VIDEO_1920X1080_VAST_AUDIENCE_N/A_N/A_3RD PARTY_N/A_Run of Site_Demo_F25-54_1920 x 1080_Standard_NV_NA,201466946,7/26/2017,5644,46,5598,5598,0,0,0,0,0,5598,4998,4998
TJN_HOM_030_HomeGoods 2H Digital_F18,xAd Inc.,PJQ7MS_TJN_HOM_030_Mobile_GROUND TRUTH FKA XAD_DST_SV1_MAP_DIR_DSP_TRG_RON_DMA_PXT_DVY_AV DMA TARGETING_Run of Network_Geo_F25-54_300 x 250_Click and View_NV_NA,204646501,9/8/2017,17237,212,17025,5366,11659,9008,2651,1931,720,14374,10470,12401
TJN_HOM_008_HomeGoods Summer Digital_FY18,xAd Inc.,Rolled-up Placements,N/A,7/8/2017,164382,16636,147746,122176,25570,18151,7419,5936,1483,140327,109924,115860
TJN_HOM_030_HomeGoods 2H Digital_F18,NinthDecimal,PJQ7NH_TJN_HOM_030_Mobile_NINTHDECIMAL_DST_SV1_MAP_DIR_RCH_TRG_RON_BTG_DMA_DVY_CONSUMER JOURNEY: PET SUPPLY SHOPPERS_Run of Network_Behavioral_F25-54_320 x 50_Click and View_NV_NA,204647914,9/30/2017,11046,174,10872,3944,6928,43,6885,6683,202,3987,3870,10553
TJN_HOM_013_HomeGoods FEP_Q3FY18,Scripps Networks,PHNKCT_TJN_HOM_013_FEP_SCRIPPSNETWORKS.COM_TVE_Crossplatform_FEP_Demo_F25-54_1 x 1_Click and View_NV_NA,201878832,8/13/2017,4653,24,4629,4629,0,0,0,0,0,4629,,
TJN_HOM_025_HomeGoods Digital Video_Q4FY18,Tremor Video Inc.,PK6DWD_TJN_HOM_025_OLV_TREMOR NETWORK_AWR_BS1_MAP_DIR_VID_TRG_RON_BTG_CTG_DVY_ALL SCREEN PREROLL + SOCIAL AFFINITY TARGETING TO W25-54 HOME ENTHUSIASTS MOB/TAB APP_Run of Network_Behavioral_F25-54_1280 x 720_Standard_NV_NA,205941321,11/10/2017,270,0,270,166,104,3,101,80,21,169,134,214
TJN_HOM_030_HomeGoods 2H Digital_F18,xAd Inc.,PJQ7MQ_TJN_HOM_030_Mobile_GROUND TRUTH FKA XAD_DST_SV1_MAP_DIR_DSP_TRG_RON_MKT_DMA_DVY_LOCATION - COMPETITOR SHOPPERS - DYNAMIC DISTANCE_Run of Network_Geo_F25-54_320 x 50_Click and View_NV_NA,204617210,10/31/2017,10399,129,10270,9435,835,57,778,396,382,9492,4696,5092
TJN_HOM_025_HomeGoods Digital Video_Q4FY18,Tremor Video Inc.,PK1FYM_TJN_HOM_025_OLV_TREMOR NETWORK_AWR_BS1_DSK_DIR_VID_TRG_RON_BTG_CTG_DVY_ALL SCREEN PREROLL + SOCIAL AFFINITY TARGETING TO W25-54 HOME ENTHUSIASTS DESKTOP_Run of Network_Behavioral_F25-54_1280 x 720_Standard_NV_NA,205941870,10/31/2017,50934,91,50843,37468,13375,171,13204,5161,8043,37639,14712,19873
TJN_HOM_008_HomeGoods Summer Digital_FY18,xAd Inc.,PHHXGT_TJN_HOM_008_Mobile_XAD INC_CHILD_CONQUESTING_MOBILE APP_STANDARD_DISPLAY_320X50_GEO-FENCING_Run of Network_Geo_F25-54_320 x 50_Click and View_NV_NA,200573066,8/6/2017,35651,485,35166,25826,9340,99,9241,7666,1575,25925,21506,29172
TJN_HOM_030_HomeGoods 2H Digital_F18,xAd Inc.,PJQ7MM_TJN_HOM_030_Mobile_GROUND TRUTH FKA XAD_DST_SV1_MAP_DIR_DSP_TRG_RON_BTG_DMA_DVY_BEHAVIORAL - HOME SHOPPER- DYNAMIC DISTANCE_Run of Network_Behavioral_F25-54_300 x 250_Click and View_NV_NA,204626171,10/15/2017,8201,199,8002,8002,0,0,0,0,0,8002,0,0
TJN_HOM_030_HomeGoods 2H Digital_F18,NinthDecimal,PJQ7NJ_TJN_HOM_030_Mobile_NINTHDECIMAL_DST_SV1_MAP_DIR_RCH_TRG_RON_BTG_DMA_DVY_CONSUMER JOURNEY: BARGAIN HUNTERS_Run of Network_Behavioral_F25-54_320 x 50_Click and View_NV_NA,204644353,11/8/2017,5598,113,5485,692,4793,25,4768,4618,150,717,694,5312
TJN_HOM_030_HomeGoods 2H Digital_F18,NinthDecimal,PJQ7N8_TJN_HOM_030_Mobile_NINTHDECIMAL_DST_SV1_MAP_DIR_RCH_TRG_RON_BTG_PXT_DVY_LOCATION GRAPH: HOMEGOODS LOYALISTS_Run of Network_Behavioral_F25-54_320 x 50_Click and View_NV_NA,204675012,9/19/2017,3772,49,3723,1120,2603,18,2585,2478,107,1138,1091,3569
TJN_HOM_008_HomeGoods Summer Digital_FY18,NinthDecimal,PHHXGN_TJN_HOM_008_Mobile_NINTHDECIMAL_CHILD_LUXURY SHOPPERS RETENTION_MOBILE APP_CUSTOM_DISPLAY_320X50_Run of Network_Behavioral_F25-54_320 x 50_Click and View_NV_NA,200582901,8/13/2017,6006,65,5941,1082,4859,32,4827,4340,487,1114,1002,5342
TJN_HOM_008_HomeGoods Summer Digital_FY18,NinthDecimal,PHHXGM_TJN_HOM_008_Mobile_NINTHDECIMAL_CHILD_LUXURY SHOPPERS PROSPECTING_MOBILE APP_CUSTOM_DISPLAY_320X50_Run of Network_Behavioral_F25-54_320 x 50_Click and View_NV_NA,200581998,7/21/2017,30912,660,30252,10265,19987,97,19890,18167,1723,10362,9464,27631
TJN_HOM_030_HomeGoods 2H Digital_F18,xAd Inc.,PJQ7MP_TJN_HOM_030_Mobile_GROUND TRUTH FKA XAD_DST_SV1_MAP_DIR_DSP_TRG_RON_MKT_DMA_DVY_LOCATION - HOMEGOODS SHOPPERS - DYNAMIC DISTANCE_Run of Network_Geo_F25-54_300 x 250_Click and View_NV_NA,204647878,10/12/2017,7211,251,6960,6960,0,0,0,0,0,6960,6960,6960
TJN_HOM_030_HomeGoods 2H Digital_F18,xAd Inc.,PJQ7MQ_TJN_HOM_030_Mobile_GROUND TRUTH FKA XAD_DST_SV1_MAP_DIR_DSP_TRG_RON_MKT_DMA_DVY_LOCATION - COMPETITOR SHOPPERS - DYNAMIC DISTANCE_Run of Network_Geo_F25-54_320 x 50_Click and View_NV_NA,204617210,9/30/2017,3,1,2,2,0,0,0,0,0,2,2,2
TJN_HOM_030_HomeGoods 2H Digital_F18,NinthDecimal,PJQ7NH_TJN_HOM_030_Mobile_NINTHDECIMAL_DST_SV1_MAP_DIR_RCH_TRG_RON_BTG_DMA_DVY_CONSUMER JOURNEY: PET SUPPLY SHOPPERS_Run of Network_Behavioral_F25-54_320 x 50_Click and View_NV_NA,204647914,10/31/2017,961,19,942,373,569,3,566,551,15,376,366,917
TJN_HOM_025_HomeGoods Digital Video_Q4FY18,Tremor Video Inc.,PK6DWD_TJN_HOM_025_OLV_TREMOR NETWORK_AWR_BS1_MAP_DIR_VID_TRG_RON_BTG_CTG_DVY_ALL SCREEN PREROLL + SOCIAL AFFINITY TARGETING TO W25-54 HOME ENTHUSIASTS MOB/TAB APP_Run of Network_Behavioral_F25-54_1280 x 720_Standard_NV_NA,205941321,10/5/2017,28266,620,27646,27627,19,8,11,8,3,27635,20098,20106
TJN_HOM_013_HomeGoods FEP_Q3FY18,Discovery Digital Media,PHWLS6_TJN_HOM_013_Content_DISCOVERY NETWORKS_Full Episode Video Mobile App_30s_FEP_Contextual_F25-54_1920 x 1080_Standard_NV_NA,201891425,9/6/2017,21358,233,21125,21125,0,0,0,0,0,21125,,
TJN_HOM_008_HomeGoods Summer Digital_FY18,xAd Inc.,PHHXGW_TJN_HOM_008_Mobile_XAD INC_CHILD_LOCATION AUDIENCE-HOMEGOODS SHOPPERS_MOBILE APP_STANDARD_DISPLAY_320X50_Run of Network_Behavioral_F25-54_320 x 50_Click and View_NV_NA,200585089,8/28/2017,37382,515,36867,20086,16781,219,16562,16245,317,20305,19916,36161
TJN_HOM_030_HomeGoods 2H Digital_F18,xAd Inc.,PJQ7ML_TJN_HOM_030_Mobile_GROUND TRUTH FKA XAD_DST_SV1_MAP_DIR_DSP_TRG_RON_BTG_DMA_DVY_BEHAVIORAL - HOME SHOPPER - DYNAMIC DISTANCE_Run of Network_Behavioral_F25-54_320 x 50_Click and View_NV_NA,204626174,10/20/2017,4932,51,4881,3456,1425,44,1381,837,544,3500,2089,2926
TJN_HOM_030_HomeGoods 2H Digital_F18,NinthDecimal,PJQ7ND_TJN_HOM_030_Mobile_NINTHDECIMAL_DST_SV1_MAP_DIR_RCH_TRG_RON_BTG_DMA_DVY_CONSUMER JOURNEY: HOUSEHOLD CEO_Run of Network_Behavioral_F25-54_320 x 50_Click and View_NV_NA,204626294,10/28/2017,15429,165,15264,632,14632,43,14589,14165,424,675,655,14820
TJN_HOM_008_HomeGoods Summer Digital_FY18,xAd Inc.,PHHXH0_TJN_HOM_008_Mobile_XAD INC_STANDALONE_RON_MOBILE APP_STANDARD_DISPLAY_320X50_GEO-FENCING_Run of Network_Behavioral_F25-54_320 x 50_Click and View_NV_NA,200587948,8/13/2017,11955,129,11826,9176,2650,38,2612,1864,748,9214,6575,8439
TJN_HOM_030_HomeGoods 2H Digital_F18,NinthDecimal,PJQ7N8_TJN_HOM_030_Mobile_NINTHDECIMAL_DST_SV1_MAP_DIR_RCH_TRG_RON_BTG_PXT_DVY_LOCATION GRAPH: HOMEGOODS LOYALISTS_Run of Network_Behavioral_F25-54_320 x 50_Click and View_NV_NA,204675012,10/13/2017,13478,187,13291,4762,8529,55,8474,8144,330,4817,4629,12773
TJN_HOM_025_HomeGoods Digital Video_Q4FY18,Tremor Video Inc.,PK6DY1_TJN_HOM_025_OLV_TREMOR NETWORK_AWR_BS1_CTV_DIR_VID_TRG_RON_BTG_CTG_DVY_ALL SCREEN PREROLL + SOCIAL AFFINITY TARGETING TO W25-54 HOME ENTHUSIASTS CTV_Run of Network_Behavioral_F25-54_1280 x 720_Standard_NV_NA,205941318,10/31/2017,54690,2,54688,54688,0,0,0,0,0,54688,25576,25576
TJN_HOM_013_HomeGoods FEP_Q3FY18,Discovery Digital Media,PHWLS5_TJN_HOM_013_Content_DISCOVERY NETWORKS_Full Episode Video Desktop_30s_FEP_Contextual_F25-54_1920 x 1080_Standard_NV_NA,201895013,7/31/2017,5133,160,4973,4973,0,0,0,0,0,4973,,
TJN_HOM_030_HomeGoods 2H Digital_F18,NinthDecimal,PJQ7N8_TJN_HOM_030_Mobile_NINTHDECIMAL_DST_SV1_MAP_DIR_RCH_TRG_RON_BTG_PXT_DVY_LOCATION GRAPH: HOMEGOODS LOYALISTS_Run of Network_Behavioral_F25-54_320 x 50_Click and View_NV_NA,204675012,11/13/2017,4,0,4,1,3,0,3,3,0,1,1,4
TJN_HOM_030_HomeGoods 2H Digital_F18,NinthDecimal,PJQ7N8_TJN_HOM_030_Mobile_NINTHDECIMAL_DST_SV1_MAP_DIR_RCH_TRG_RON_BTG_PXT_DVY_LOCATION GRAPH: HOMEGOODS LOYALISTS_Run of Network_Behavioral_F25-54_320 x 50_Click and View_NV_NA,204675012,9/13/2017,8371,338,8033,1868,6165,28,6137,5848,289,1896,1807,7655
TJN_HOM_030_HomeGoods 2H Digital_F18,xAd Inc.,PJQ7MS_TJN_HOM_030_Mobile_GROUND TRUTH FKA XAD_DST_SV1_MAP_DIR_DSP_TRG_RON_DMA_PXT_DVY_AV DMA TARGETING_Run of Network_Geo_F25-54_300 x 250_Click and View_NV_NA,204646501,11/8/2017,1804,27,1777,1549,228,4,224,149,75,1553,1033,1182
TJN_HOM_008_HomeGoods Summer Digital_FY18,NinthDecimal,Rolled-up Placements,N/A,6/16/2017,30,2,28,8,20,20,0,0,0,28,28,28
TJN_HOM_030_HomeGoods 2H Digital_F18,NinthDecimal,PJQ7N6_TJN_HOM_030_Mobile_NINTHDECIMAL_DST_SV1_MAP_DIR_RCH_TRG_RON_PXT_DMA_DVY_GEOFENCE: 5-10-MILE RADIUS AROUND SUBURBAN STORES_Run of Network_Geo_F25-54_320 x 50_Click and View_NV_NA,204646507,10/19/2017,7865,202,7663,4503,3160,21,3139,3061,78,4524,4412,7473
TJN_HOM_008_HomeGoods Summer Digital_FY18,Hulu,PHG79P_TJN_HOM_008_FEP_HULU_PageBrand_SPONSORSHIP_CROSS DEVICE_CUSTOM_VIDEO_1X1_1X1_N/A_N/A_N/A_SITE_N/A_Roadblock_Demo_F25-54_1 x 1_Click and View_NV_NA,201464250,8/2/2017,18,2,16,16,0,0,0,0,0,16,14,14
TJN_HOM_030_HomeGoods 2H Digital_F18,NinthDecimal,"PJQ7NK_TJN_HOM_030_Mobile_NINTHDECIMAL_DST_SV1_MAP_DIR_RCH_TRG_RON_BTG_DMA_DVY_TV TARGETING: HGTV, DIY NETWORK, BRAVO, TLC, FOOD NETWORK_Run of Network_Behavioral_F25-54_320 x 50_Click and View_NV_NA",204674553,10/28/2017,26932,209,26723,1630,25093,83,25010,24372,638,1713,1669,26041
TJN_HOM_008_HomeGoods Summer Digital_FY18,NinthDecimal,PHHXGP_TJN_HOM_008_Mobile_NINTHDECIMAL_CHILD_PET OWNERS PROSPECTING_MOBILE APP_CUSTOM_DISPLAY_320X50_Run of Network_Behavioral_F25-54_320 x 50_Click and View_NV_NA,200586375,9/7/2017,3,0,3,2,1,1,0,0,0,3,3,3
TJN_HOM_008_HomeGoods Summer Digital_FY18,xAd Inc.,PHHXGY_TJN_HOM_008_Mobile_XAD INC_CHILD_LOYALTY_MOBILE APP_CUSTOM_RICH MEDIA_320X50_GEO-FENCING_Run of Network_Geo_F25-54_320 x 50_Click and View_NV_NA,200584630,8/31/2017,35881,314,35567,13271,22296,73,22223,22199,24,13344,13330,35529
TJN_HOM_025_HomeGoods Digital Video_Q4FY18,Tremor Video Inc.,PK6DWD_TJN_HOM_025_OLV_TREMOR NETWORK_AWR_BS1_MAP_DIR_VID_TRG_RON_BTG_CTG_DVY_ALL SCREEN PREROLL + SOCIAL AFFINITY TARGETING TO W25-54 HOME ENTHUSIASTS MOB/TAB APP_Run of Network_Behavioral_F25-54_1280 x 720_Standard_NV_NA,205941321,10/24/2017,145417,521,144896,134580,10316,171,10145,27,10118,134751,359,386
TJN_HOM_030_HomeGoods 2H Digital_F18,xAd Inc.,PJQ7MN_TJN_HOM_030_Mobile_GROUND TRUTH FKA XAD_DST_SV1_MAP_DIR_DSP_TRG_RON_MKT_DMA_DVY_LOCATION - HOMEGOODS SHOPPERS - DYNAMIC DISTANCE_Run of Network_Geo_F25-54_320 x 50_Click and View_NV_NA,204651439,10/29/2017,6538,65,6473,5520,953,259,694,585,109,5779,4801,5386
TJN_HOM_008_HomeGoods Summer Digital_FY18,NinthDecimal,PHHXGN_TJN_HOM_008_Mobile_NINTHDECIMAL_CHILD_LUXURY SHOPPERS RETENTION_MOBILE APP_CUSTOM_DISPLAY_320X50_Run of Network_Behavioral_F25-54_320 x 50_Click and View_NV_NA,200582901,8/15/2017,4751,58,4693,973,3720,28,3692,3168,524,1001,859,4027
TJN_HOM_030_HomeGoods 2H Digital_F18,xAd Inc.,PJQ7MJ_TJN_HOM_030_Mobile_GROUND TRUTH FKA XAD_DST_SV1_MAP_DIR_DSP_TRG_RON_PXT_BTG_DVY_PROXIMITY LOYALTY - STORE LOCATOR UNIT_Run of Network_Geo_F25-54_320 x 50_Click and View_NV_NA,204649939,10/23/2017,11169,287,10882,4381,6501,78,6423,6287,136,4459,4365,10652
TJN_HOM_008_HomeGoods Summer Digital_FY18,xAd Inc.,PHHXGZ_TJN_HOM_008_Mobile_XAD INC_CHILD_LOYALTY_MOBILE APP_CUSTOM_RICH MEDIA_300X250_GEO-FENCING_Run of Network_Geo_F25-54_300 x 250_Click and View_NV_NA,200577158,8/11/2017,1323,34,1289,461,828,8,820,748,72,469,428,1176
TJN_HOM_008_HomeGoods Summer Digital_FY18,Hulu,PHG79P_TJN_HOM_008_FEP_HULU_PageBrand_SPONSORSHIP_CROSS DEVICE_CUSTOM_VIDEO_1X1_1X1_N/A_N/A_N/A_SITE_N/A_Roadblock_Demo_F25-54_1 x 1_Click and View_NV_NA,201464250,7/18/2017,31342,738,30604,30604,0,0,0,0,0,30604,29099,29099
TJN_HOM_030_HomeGoods 2H Digital_F18,xAd Inc.,PJQ7MR_TJN_HOM_030_Mobile_GROUND TRUTH FKA XAD_DST_SV1_MAP_DIR_DSP_TRG_RON_MKT_DMA_DVY_LOCATION - COMPETITOR SHOPPERS - DYNAMIC DISTANCE_Run of Network_Geo_F25-54_300 x 250_Click and View_NV_NA,204647890,9/12/2017,5210,170,5040,5040,0,0,0,0,0,5040,4032,4032
TJN_HOM_013_HomeGoods FEP_Q3FY18,Scripps Networks,PHNKCT_TJN_HOM_013_FEP_SCRIPPSNETWORKS.COM_TVE_Crossplatform_FEP_Demo_F25-54_1 x 1_Click and View_NV_NA,201878832,8/15/2017,3624,32,3592,3592,0,0,0,0,0,3592,,
TJN_HOM_030_HomeGoods 2H Digital_F18,NinthDecimal,"PJQ7NK_TJN_HOM_030_Mobile_NINTHDECIMAL_DST_SV1_MAP_DIR_RCH_TRG_RON_BTG_DMA_DVY_TV TARGETING: HGTV, DIY NETWORK, BRAVO, TLC, FOOD NETWORK_Run of Network_Behavioral_F25-54_320 x 50_Click and View_NV_NA",204674553,9/8/2017,3448,63,3385,2278,1107,11,1096,1058,38,2289,2210,3268
TJN_HOM_030_HomeGoods 2H Digital_F18,xAd Inc.,PJQ7MK_TJN_HOM_030_Mobile_GROUND TRUTH FKA XAD_DST_SV1_MAP_DIR_DSP_TRG_RON_PXT_BTG_DVY_PROXIMITY LOYALTY - STORE LOCATOR UNIT_Run of Network_Geo_F25-54_300 x 250_Click and View_NV_NA,204625442,10/3/2017,3,0,3,2,1,1,0,0,0,3,2,2
TJN_HOM_008_HomeGoods Summer Digital_FY18,xAd Inc.,PHHXGV_TJN_HOM_008_Mobile_XAD INC_CHILD_CONQUESTING_MOBILE APP_STANDARD_DISPLAY_300X250_GEO-FENCING_Run of Network_Geo_F25-54_300 x 250_Click and View_NV_NA,200573063,8/7/2017,23850,1813,22037,18991,3046,741,2305,2288,17,19732,19586,21874
TJN_HOM_030_HomeGoods 2H Digital_F18,NinthDecimal,PJQ7N8_TJN_HOM_030_Mobile_NINTHDECIMAL_DST_SV1_MAP_DIR_RCH_TRG_RON_BTG_PXT_DVY_LOCATION GRAPH: HOMEGOODS LOYALISTS_Run of Network_Behavioral_F25-54_320 x 50_Click and View_NV_NA,204675012,9/16/2017,3803,22,3781,1103,2678,16,2662,2589,73,1119,1088,3677
TJN_HOM_013_HomeGoods FEP_Q3FY18,Scripps Networks,PHNKCR_TJN_HOM_013_FEP_SCRIPPSNETWORKS.COM_On-site_Crossplatform_FEP_Demo_F25-54_1280 x 720_Standard_NV_NA,201888442,9/3/2017,1216,2,1214,1214,0,0,0,0,0,1214,,
TJN_HOM_030_HomeGoods 2H Digital_F18,NinthDecimal,PJQ7N6_TJN_HOM_030_Mobile_NINTHDECIMAL_DST_SV1_MAP_DIR_RCH_TRG_RON_PXT_DMA_DVY_GEOFENCE: 5-10-MILE RADIUS AROUND SUBURBAN STORES_Run of Network_Geo_F25-54_320 x 50_Click and View_NV_NA,204646507,9/11/2017,18734,455,18279,10274,8005,44,7961,7800,161,10318,10109,17909
TJN_HOM_030_HomeGoods 2H Digital_F18,xAd Inc.,PJQ7MJ_TJN_HOM_030_Mobile_GROUND TRUTH FKA XAD_DST_SV1_MAP_DIR_DSP_TRG_RON_PXT_BTG_DVY_PROXIMITY LOYALTY - STORE LOCATOR UNIT_Run of Network_Geo_F25-54_320 x 50_Click and View_NV_NA,204649939,9/22/2017,23131,676,22455,10163,12292,130,12162,11333,829,10293,9591,20924
TJN_HOM_030_HomeGoods 2H Digital_F18,Nativo Inc.,PJQDHJ_TJN_HOM_030_Content_NATIVO FKA POST RLSE_DSI_BS2_MWB_DIR_NAD_ROT_RON_CTG_BTG_DVY_NATIVE DISPLAY UNIT FALLIDAYS_Run of Network_Contextual_F25-54_1 x 1_Click and View_NV_NA,206024352,10/26/2017,1628373,81201,1547172,14742,1532430,117948,1414482,549005,865477,132690,51501,600506
TJN_HOM_030_HomeGoods 2H Digital_F18,xAd Inc.,PJQ7MP_TJN_HOM_030_Mobile_GROUND TRUTH FKA XAD_DST_SV1_MAP_DIR_DSP_TRG_RON_MKT_DMA_DVY_LOCATION - HOMEGOODS SHOPPERS - DYNAMIC DISTANCE_Run of Network_Geo_F25-54_300 x 250_Click and View_NV_NA,204647878,9/4/2017,3,0,3,0,3,0,3,3,0,0,0,3
TJN_HOM_025_HomeGoods Digital Video_Q4FY18,Tremor Video Inc.,PK6DWD_TJN_HOM_025_OLV_TREMOR NETWORK_AWR_BS1_MAP_DIR_VID_TRG_RON_BTG_CTG_DVY_ALL SCREEN PREROLL + SOCIAL AFFINITY TARGETING TO W25-54 HOME ENTHUSIASTS MOB/TAB APP_Run of Network_Behavioral_F25-54_1280 x 720_Standard_NV_NA,205941321,10/17/2017,120330,785,119545,119473,72,2,70,70,0,119475,119475,119545
TJN_HOM_008_HomeGoods Summer Digital_FY18,NinthDecimal,PHHXGQ_TJN_HOM_008_Mobile_NINTHDECIMAL_CHILD_PET OWNERS RETENTION_MOBILE APP_CUSTOM_DISPLAY_320X50_Run of Network_Behavioral_F25-54_320 x 50_Click and View_NV_NA,200578886,9/2/2017,5503,97,5406,791,4615,19,4596,4369,227,810,770,5139
TJN_HOM_008_HomeGoods Summer Digital_FY18,NinthDecimal,PHHXGQ_TJN_HOM_008_Mobile_NINTHDECIMAL_CHILD_PET OWNERS RETENTION_MOBILE APP_CUSTOM_DISPLAY_320X50_Run of Network_Behavioral_F25-54_320 x 50_Click and View_NV_NA,200578886,8/26/2017,3221,17,3204,618,2586,21,2565,2436,129,639,607,3043
TJN_HOM_030_HomeGoods 2H Digital_F18,xAd Inc.,PJQ7MN_TJN_HOM_030_Mobile_GROUND TRUTH FKA XAD_DST_SV1_MAP_DIR_DSP_TRG_RON_MKT_DMA_DVY_LOCATION - HOMEGOODS SHOPPERS - DYNAMIC DISTANCE_Run of Network_Geo_F25-54_320 x 50_Click and View_NV_NA,204651439,10/8/2017,5386,64,5322,4706,616,56,560,494,66,4762,4071,4565
TJN_HOM_030_HomeGoods 2H Digital_F18,NinthDecimal,PJQ7NC_TJN_HOM_030_Mobile_NINTHDECIMAL_DST_SV1_MAP_DIR_RCH_TRG_RON_BTG_DMA_DVY_CONSUMER JOURNEY: DIYERS_Run of Network_Behavioral_F25-54_320 x 50_Click and View_NV_NA,204675009,11/9/2017,4978,62,4916,416,4500,21,4479,4375,104,437,427,4802
TJN_HOM_025_HomeGoods Digital Video_Q4FY18,Tremor Video Inc.,PK1FYN_TJN_HOM_025_OLV_TREMOR NETWORK_AWR_BS1_DSK_DIR_VID_TRG_RON_PXT_CTG_DVY_ALL SCREEN PREROLL + PROXIMITYPLUS DWELL TIME TARGETING TO HOMEGOODS VISITORS DESKTOP_Run of Network_Behavioral_F25-54_1280 x 720_Standard_NV_NA,205941312,10/19/2017,14882,53,14829,2810,12019,409,11610,10401,1209,3219,2884,13285
TJN_HOM_013_HomeGoods FEP_Q3FY18,Discovery Digital Media,Rolled-up Placements,N/A,7/15/2017,37758,237,37521,37521,0,0,0,0,0,37521,,
TJN_HOM_030_HomeGoods 2H Digital_F18,NinthDecimal,"PJQ7NK_TJN_HOM_030_Mobile_NINTHDECIMAL_DST_SV1_MAP_DIR_RCH_TRG_RON_BTG_DMA_DVY_TV TARGETING: HGTV, DIY NETWORK, BRAVO, TLC, FOOD NETWORK_Run of Network_Behavioral_F25-54_320 x 50_Click and View_NV_NA",204674553,10/7/2017,9387,164,9223,5593,3630,51,3579,3448,131,5644,5437,8885
TJN_HOM_008_HomeGoods Summer Digital_FY18,NinthDecimal,PHHXGM_TJN_HOM_008_Mobile_NINTHDECIMAL_CHILD_LUXURY SHOPPERS PROSPECTING_MOBILE APP_CUSTOM_DISPLAY_320X50_Run of Network_Behavioral_F25-54_320 x 50_Click and View_NV_NA,200581998,8/10/2017,47387,844,46543,12158,34385,242,34143,31383,2760,12400,11398,42781
TJN_HOM_008_HomeGoods Summer Digital_FY18,xAd Inc.,PHHXGV_TJN_HOM_008_Mobile_XAD INC_CHILD_CONQUESTING_MOBILE APP_STANDARD_DISPLAY_300X250_GEO-FENCING_Run of Network_Geo_F25-54_300 x 250_Click and View_NV_NA,200573063,8/3/2017,10448,862,9586,4580,5006,4454,552,541,11,9034,8854,9395
TJN_HOM_008_HomeGoods Summer Digital_FY18,xAd Inc.,PHHXH0_TJN_HOM_008_Mobile_XAD INC_STANDALONE_RON_MOBILE APP_STANDARD_DISPLAY_320X50_GEO-FENCING_Run of Network_Behavioral_F25-54_320 x 50_Click and View_NV_NA,200587948,8/15/2017,13494,156,13338,9797,3541,60,3481,2436,1045,9857,6898,9334
TJN_HOM_030_HomeGoods 2H Digital_F18,xAd Inc.,PJQ7MK_TJN_HOM_030_Mobile_GROUND TRUTH FKA XAD_DST_SV1_MAP_DIR_DSP_TRG_RON_PXT_BTG_DVY_PROXIMITY LOYALTY - STORE LOCATOR UNIT_Run of Network_Geo_F25-54_300 x 250_Click and View_NV_NA,204625442,10/25/2017,4733,60,4673,462,4211,26,4185,4033,152,488,470,4503
TJN_HOM_030_HomeGoods 2H Digital_F18,xAd Inc.,PJQ7MJ_TJN_HOM_030_Mobile_GROUND TRUTH FKA XAD_DST_SV1_MAP_DIR_DSP_TRG_RON_PXT_BTG_DVY_PROXIMITY LOYALTY - STORE LOCATOR UNIT_Run of Network_Geo_F25-54_320 x 50_Click and View_NV_NA,204649939,9/24/2017,20401,531,19870,11527,8343,130,8213,7767,446,11657,11024,18791
TJN_HOM_013_HomeGoods FEP_Q3FY18,Discovery Digital Media,PHWLS7_TJN_HOM_013_Content_DISCOVERY NETWORKS_Full Episode Video Mobile Web_30s_FEP_Contextual_F25-54_1920 x 1080_Standard_NV_NA,201895019,9/9/2017,889,14,875,875,0,0,0,0,0,875,,
TJN_HOM_030_HomeGoods 2H Digital_F18,NinthDecimal,PJQ7ND_TJN_HOM_030_Mobile_NINTHDECIMAL_DST_SV1_MAP_DIR_RCH_TRG_RON_BTG_DMA_DVY_CONSUMER JOURNEY: HOUSEHOLD CEO_Run of Network_Behavioral_F25-54_320 x 50_Click and View_NV_NA,204626294,10/7/2017,10238,221,10017,6869,3148,26,3122,3031,91,6895,6694,9725
TJN_HOM_008_HomeGoods Summer Digital_FY18,NinthDecimal,PHHXGM_TJN_HOM_008_Mobile_NINTHDECIMAL_CHILD_LUXURY SHOPPERS PROSPECTING_MOBILE APP_CUSTOM_DISPLAY_320X50_Run of Network_Behavioral_F25-54_320 x 50_Click and View_NV_NA,200581998,8/25/2017,57439,1294,56145,12454,43691,273,43418,40794,2624,12727,11958,52752
TJN_HOM_013_HomeGoods FEP_Q3FY18,Discovery Digital Media,PHWLS9_TJN_HOM_013_Content_DISCOVERY NETWORKS_Full Episode Video OTT/CTV_30s_FEP_Contextual_F25-54_1920 x 1080_Standard_NV_NA,201891428,8/30/2017,12882,44,12838,12838,0,0,0,0,0,12838,,
TJN_HOM_030_HomeGoods 2H Digital_F18,NinthDecimal,PJQ7N7_TJN_HOM_030_Mobile_NINTHDECIMAL_DST_SV1_MAP_DIR_RCH_TRG_RON_PXT_DMA_DVY_GEOFENCE: 15-20-MILE RADIUS AROUND RURAL STORES_Run of Network_Geo_F25-54_320 x 50_Click and View_NV_NA,204674556,10/6/2017,12457,276,12181,9308,2873,25,2848,2770,78,9333,9077,11847
TJN_HOM_008_HomeGoods Summer Digital_FY18,NinthDecimal,PHHXGK_TJN_HOM_008_Mobile_NINTHDECIMAL_CHILD_PROSPECTING_MOBILE APP_CUSTOM_DISPLAY_320X50_Run of Network_Behavioral_F25-54_320 x 50_Click and View_NV_NA,200587954,8/11/2017,106436,1928,104508,36407,68101,501,67600,63419,4181,36908,34625,98044
TJN_HOM_008_HomeGoods Summer Digital_FY18,NinthDecimal,PHHXGQ_TJN_HOM_008_Mobile_NINTHDECIMAL_CHILD_PET OWNERS RETENTION_MOBILE APP_CUSTOM_DISPLAY_320X50_Run of Network_Behavioral_F25-54_320 x 50_Click and View_NV_NA,200578886,8/5/2017,1604,7,1597,124,1473,6,1467,1347,120,130,119,1466
TJN_HOM_030_HomeGoods 2H Digital_F18,NinthDecimal,PJQ7N6_TJN_HOM_030_Mobile_NINTHDECIMAL_DST_SV1_MAP_DIR_RCH_TRG_RON_PXT_DMA_DVY_GEOFENCE: 5-10-MILE RADIUS AROUND SUBURBAN STORES_Run of Network_Geo_F25-54_320 x 50_Click and View_NV_NA,204646507,10/1/2017,4239,145,4094,1554,2540,4,2536,2510,26,1558,1542,4052
TJN_HOM_030_HomeGoods 2H Digital_F18,xAd Inc.,PJQ7MK_TJN_HOM_030_Mobile_GROUND TRUTH FKA XAD_DST_SV1_MAP_DIR_DSP_TRG_RON_PXT_BTG_DVY_PROXIMITY LOYALTY - STORE LOCATOR UNIT_Run of Network_Geo_F25-54_300 x 250_Click and View_NV_NA,204625442,9/26/2017,33140,569,32571,16190,16381,354,16027,12908,3119,16544,13324,26232
TJN_HOM_013_HomeGoods FEP_Q3FY18,Discovery Digital Media,PHWLS7_TJN_HOM_013_Content_DISCOVERY NETWORKS_Full Episode Video Mobile Web_30s_FEP_Contextual_F25-54_1920 x 1080_Standard_NV_NA,201895019,7/23/2017,967,4,963,963,0,0,0,0,0,963,,
TJN_HOM_030_HomeGoods 2H Digital_F18,Nativo Inc.,PK87W8_TJN_HOM_030_Content_NATIVO FKA POST RLSE_DSI_BS2_MWB_DIR_NAD_ROT_RON_CTG_BTG_DVY_NATIVE DISPLAY UNIT FALL TRENDS_Run of Network_Contextual_F25-54_1 x 1_Click and View_NV_NA,206137761,11/11/2017,6,0,6,0,6,4,2,0,2,4,0,0
TJN_HOM_030_HomeGoods 2H Digital_F18,xAd Inc.,PJQ7MH_TJN_HOM_030_Mobile_GROUND TRUTH FKA XAD_DST_SV1_MAP_DIR_DSP_TRG_RON_PXT_BTG_DVY_PROXIMITY LOYALTY - DYNAMIC DISTANCE_Run of Network_Geo_F25-54_300 x 250_Click and View_NV_NA,204675003,10/18/2017,25163,802,24361,24361,0,0,0,0,0,24361,16241,16241
TJN_HOM_013_HomeGoods FEP_Q3FY18,Discovery Digital Media,PHWLS5_TJN_HOM_013_Content_DISCOVERY NETWORKS_Full Episode Video Desktop_30s_FEP_Contextual_F25-54_1920 x 1080_Standard_NV_NA,201895013,9/12/2017,3528,133,3395,3395,0,0,0,0,0,3395,,
TJN_HOM_030_HomeGoods 2H Digital_F18,NinthDecimal,PJQ7N6_TJN_HOM_030_Mobile_NINTHDECIMAL_DST_SV1_MAP_DIR_RCH_TRG_RON_PXT_DMA_DVY_GEOFENCE: 5-10-MILE RADIUS AROUND SUBURBAN STORES_Run of Network_Geo_F25-54_320 x 50_Click and View_NV_NA,204646507,9/23/2017,16077,358,15719,7304,8415,49,8366,8152,214,7353,7165,15317
TJN_HOM_030_HomeGoods 2H Digital_F18,NinthDecimal,PJQ7N9_TJN_HOM_030_Mobile_NINTHDECIMAL_DST_SV1_MAP_DIR_RCH_TRG_RON_BTG_PXT_DVY_LOCATION GRAPH: TJX FAMILY LOYALISTS_Run of Network_Behavioral_F25-54_320 x 50_Click and View_NV_NA,204647917,9/6/2017,2341,34,2307,1260,1047,11,1036,995,41,1271,1221,2216
TJN_HOM_013_HomeGoods FEP_Q3FY18,Scripps Networks,PHNKCT_TJN_HOM_013_FEP_SCRIPPSNETWORKS.COM_TVE_Crossplatform_FEP_Demo_F25-54_1 x 1_Click and View_NV_NA,201878832,9/26/2017,837,5,832,832,0,0,0,0,0,832,,
TJN_HOM_030_HomeGoods 2H Digital_F18,NinthDecimal,PJQ7N6_TJN_HOM_030_Mobile_NINTHDECIMAL_DST_SV1_MAP_DIR_RCH_TRG_RON_PXT_DMA_DVY_GEOFENCE: 5-10-MILE RADIUS AROUND SUBURBAN STORES_Run of Network_Geo_F25-54_320 x 50_Click and View_NV_NA,204646507,10/2/2017,5279,223,5056,3050,2006,17,1989,1946,43,3067,3001,4947
TJN_HOM_030_HomeGoods 2H Digital_F18,NinthDecimal,PJQ7N5_TJN_HOM_030_Mobile_NINTHDECIMAL_DST_SV1_MAP_DIR_RCH_TRG_RON_PXT_DMA_DVY_GEOFENCE: 2-MILE RADIUS AROUND URBAN STORES_Run of Network_Geo_F25-54_320 x 50_Click and View_NV_NA,204649945,9/17/2017,5630,98,5532,2364,3168,25,3143,3046,97,2389,2315,5361
TJN_HOM_030_HomeGoods 2H Digital_F18,NinthDecimal,PJQ7NF_TJN_HOM_030_Mobile_NINTHDECIMAL_DST_SV1_MAP_DIR_RCH_TRG_RON_BTG_DMA_DVY_CONSUMER JOURNEY: HOME FURNISHINGS SHOPPERS_Run of Network_Behavioral_F25-54_320 x 50_Click and View_NV_NA,204626291,9/20/2017,7704,201,7503,2909,4594,19,4575,4488,87,2928,2872,7360
TJN_HOM_008_HomeGoods Summer Digital_FY18,NinthDecimal,PHHXGQ_TJN_HOM_008_Mobile_NINTHDECIMAL_CHILD_PET OWNERS RETENTION_MOBILE APP_CUSTOM_DISPLAY_320X50_Run of Network_Behavioral_F25-54_320 x 50_Click and View_NV_NA,200578886,9/5/2017,6,0,6,3,3,1,2,2,0,4,4,6
TJN_HOM_008_HomeGoods Summer Digital_FY18,xAd Inc.,PHHXGS_TJN_HOM_008_Mobile_XAD INC_CHILD_LOYALTY_MOBILE APP_STANDARD_DISPLAY_300X250_GEO-FENCING_Run of Network_Geo_F25-54_300 x 250_Click and View_NV_NA,200583064,8/22/2017,13508,4928,8580,66,8514,8513,1,0,1,8579,0,0
TJN_HOM_013_HomeGoods FEP_Q3FY18,Discovery Digital Media,PHWLS6_TJN_HOM_013_Content_DISCOVERY NETWORKS_Full Episode Video Mobile App_30s_FEP_Contextual_F25-54_1920 x 1080_Standard_NV_NA,201891425,7/20/2017,26519,205,26314,26314,0,0,0,0,0,26314,,
TJN_HOM_013_HomeGoods FEP_Q3FY18,Scripps Networks,PHNKCR_TJN_HOM_013_FEP_SCRIPPSNETWORKS.COM_On-site_Crossplatform_FEP_Demo_F25-54_1280 x 720_Standard_NV_NA,201888442,9/17/2017,1976,10,1966,1966,0,0,0,0,0,1966,,
TJN_HOM_013_HomeGoods FEP_Q3FY18,Discovery Digital Media,PHWLS7_TJN_HOM_013_Content_DISCOVERY NETWORKS_Full Episode Video Mobile Web_30s_FEP_Contextual_F25-54_1920 x 1080_Standard_NV_NA,201895019,7/22/2017,970,8,962,962,0,0,0,0,0,962,,
TJN_HOM_008_HomeGoods Summer Digital_FY18,NinthDecimal,PHHXGM_TJN_HOM_008_Mobile_NINTHDECIMAL_CHILD_LUXURY SHOPPERS PROSPECTING_MOBILE APP_CUSTOM_DISPLAY_320X50_Run of Network_Behavioral_F25-54_320 x 50_Click and View_NV_NA,200581998,7/25/2017,33241,1034,32207,10358,21849,134,21715,20340,1375,10492,9828,30168
TJN_HOM_030_HomeGoods 2H Digital_F18,xAd Inc.,PJQ7MG_TJN_HOM_030_Mobile_GROUND TRUTH FKA XAD_DST_SV1_MAP_DIR_DSP_TRG_RON_PXT_BTG_DVY_PROXIMITY LOYALTY - DYNAMIC DISTANCE_Run of Network_Geo_F25-54_320 x 50_Click and View_NV_NA,204626813,9/17/2017,36502,667,35835,23555,12280,3073,9207,7747,1460,26628,18464,26211
TJN_HOM_030_HomeGoods 2H Digital_F18,NinthDecimal,PJQ7N7_TJN_HOM_030_Mobile_NINTHDECIMAL_DST_SV1_MAP_DIR_RCH_TRG_RON_PXT_DMA_DVY_GEOFENCE: 15-20-MILE RADIUS AROUND RURAL STORES_Run of Network_Geo_F25-54_320 x 50_Click and View_NV_NA,204674556,10/11/2017,14523,310,14213,8632,5581,48,5533,5408,125,8680,8484,13892
TJN_HOM_030_HomeGoods 2H Digital_F18,xAd Inc.,PJQ7MN_TJN_HOM_030_Mobile_GROUND TRUTH FKA XAD_DST_SV1_MAP_DIR_DSP_TRG_RON_MKT_DMA_DVY_LOCATION - HOMEGOODS SHOPPERS - DYNAMIC DISTANCE_Run of Network_Geo_F25-54_320 x 50_Click and View_NV_NA,204651439,11/8/2017,16010,186,15824,13008,2816,86,2730,2241,489,13094,10704,12945
TJN_HOM_008_HomeGoods Summer Digital_FY18,NinthDecimal,PHHXGQ_TJN_HOM_008_Mobile_NINTHDECIMAL_CHILD_PET OWNERS RETENTION_MOBILE APP_CUSTOM_DISPLAY_320X50_Run of Network_Behavioral_F25-54_320 x 50_Click and View_NV_NA,200578886,8/18/2017,3936,36,3900,523,3377,20,3357,2963,394,543,479,3442
TJN_HOM_030_HomeGoods 2H Digital_F18,NinthDecimal,PJQ7NF_TJN_HOM_030_Mobile_NINTHDECIMAL_DST_SV1_MAP_DIR_RCH_TRG_RON_BTG_DMA_DVY_CONSUMER JOURNEY: HOME FURNISHINGS SHOPPERS_Run of Network_Behavioral_F25-54_320 x 50_Click and View_NV_NA,204626291,10/30/2017,3820,51,3769,595,3174,17,3157,3041,116,612,590,3631
TJN_HOM_030_HomeGoods 2H Digital_F18,xAd Inc.,PJQ7MP_TJN_HOM_030_Mobile_GROUND TRUTH FKA XAD_DST_SV1_MAP_DIR_DSP_TRG_RON_MKT_DMA_DVY_LOCATION - HOMEGOODS SHOPPERS - DYNAMIC DISTANCE_Run of Network_Geo_F25-54_300 x 250_Click and View_NV_NA,204647878,10/10/2017,6931,238,6693,6693,0,0,0,0,0,6693,6693,6693
TJN_HOM_013_HomeGoods FEP_Q3FY18,Discovery Digital Media,PHWLS5_TJN_HOM_013_Content_DISCOVERY NETWORKS_Full Episode Video Desktop_30s_FEP_Contextual_F25-54_1920 x 1080_Standard_NV_NA,201895013,7/26/2017,4531,138,4393,4393,0,0,0,0,0,4393,,
TJN_HOM_030_HomeGoods 2H Digital_F18,NinthDecimal,PJQ7NB_TJN_HOM_030_Mobile_NINTHDECIMAL_DST_SV1_MAP_DIR_RCH_TRG_RON_BTG_PXT_DVY_LOCATION GRAPH: COMPETITIVE CONQUESTING_Run of Network_Behavioral_F25-54_320 x 50_Click and View_NV_NA,204649942,10/26/2017,4884,97,4787,225,4562,51,4511,4383,128,276,268,4651
TJN_HOM_030_HomeGoods 2H Digital_F18,xAd Inc.,PJQ7MK_TJN_HOM_030_Mobile_GROUND TRUTH FKA XAD_DST_SV1_MAP_DIR_DSP_TRG_RON_PXT_BTG_DVY_PROXIMITY LOYALTY - STORE LOCATOR UNIT_Run of Network_Geo_F25-54_300 x 250_Click and View_NV_NA,204625442,10/9/2017,3125,42,3083,51,3032,61,2971,2242,729,112,85,2327
TJN_HOM_030_HomeGoods 2H Digital_F18,NinthDecimal,PJQ7NJ_TJN_HOM_030_Mobile_NINTHDECIMAL_DST_SV1_MAP_DIR_RCH_TRG_RON_BTG_DMA_DVY_CONSUMER JOURNEY: BARGAIN HUNTERS_Run of Network_Behavioral_F25-54_320 x 50_Click and View_NV_NA,204644353,10/8/2017,9897,200,9697,5745,3952,40,3912,3775,137,5785,5582,9357
TJN_HOM_008_HomeGoods Summer Digital_FY18,xAd Inc.,PHHXGY_TJN_HOM_008_Mobile_XAD INC_CHILD_LOYALTY_MOBILE APP_CUSTOM_RICH MEDIA_320X50_GEO-FENCING_Run of Network_Geo_F25-54_320 x 50_Click and View_NV_NA,200584630,8/3/2017,28563,188,28375,26226,2149,98,2051,1883,168,26324,24168,26051
TJN_HOM_008_HomeGoods Summer Digital_FY18,xAd Inc.,PHHXGT_TJN_HOM_008_Mobile_XAD INC_CHILD_CONQUESTING_MOBILE APP_STANDARD_DISPLAY_320X50_GEO-FENCING_Run of Network_Geo_F25-54_320 x 50_Click and View_NV_NA,200573066,7/19/2017,21630,132,21498,19601,1897,20,1877,1237,640,19621,12931,14168
TJN_HOM_013_HomeGoods FEP_Q3FY18,Discovery Digital Media,PHWLS7_TJN_HOM_013_Content_DISCOVERY NETWORKS_Full Episode Video Mobile Web_30s_FEP_Contextual_F25-54_1920 x 1080_Standard_NV_NA,201895019,8/23/2017,913,5,908,908,0,0,0,0,0,908,,
TJN_HOM_030_HomeGoods 2H Digital_F18,xAd Inc.,PJQ7MS_TJN_HOM_030_Mobile_GROUND TRUTH FKA XAD_DST_SV1_MAP_DIR_DSP_TRG_RON_DMA_PXT_DVY_AV DMA TARGETING_Run of Network_Geo_F25-54_300 x 250_Click and View_NV_NA,204646501,10/29/2017,3126,39,3087,2542,545,2,543,381,162,2544,1785,2166
TJN_HOM_008_HomeGoods Summer Digital_FY18,xAd Inc.,PHHXGS_TJN_HOM_008_Mobile_XAD INC_CHILD_LOYALTY_MOBILE APP_STANDARD_DISPLAY_300X250_GEO-FENCING_Run of Network_Geo_F25-54_300 x 250_Click and View_NV_NA,200583064,7/17/2017,20356,11958,8398,6952,1446,306,1140,1090,50,7258,6940,8030
TJN_HOM_008_HomeGoods Summer Digital_FY18,Hulu,PHG79J_TJN_HOM_008_FEP_HULU_Branded Slate_ROS_CROSS DEVICE_PRE-ROLL_CUSTOM_VECTOR LOGO_1X1_AUDIENCE_N/A_N/A_SITE_N/A_Run of Site_Demo_F25-54_1 x 1_Click and View_NV_NA,201467345,8/30/2017,2009,15,1994,1994,0,0,0,0,0,1994,1911,1911
TJN_HOM_030_HomeGoods 2H Digital_F18,xAd Inc.,PJQ7MM_TJN_HOM_030_Mobile_GROUND TRUTH FKA XAD_DST_SV1_MAP_DIR_DSP_TRG_RON_BTG_DMA_DVY_BEHAVIORAL - HOME SHOPPER- DYNAMIC DISTANCE_Run of Network_Behavioral_F25-54_300 x 250_Click and View_NV_NA,204626171,9/25/2017,31521,6097,25424,25296,128,7,121,111,10,25303,23174,23285
TJN_HOM_025_HomeGoods Digital Video_Q4FY18,Tremor Video Inc.,PK1FYN_TJN_HOM_025_OLV_TREMOR NETWORK_AWR_BS1_DSK_DIR_VID_TRG_RON_PXT_CTG_DVY_ALL SCREEN PREROLL + PROXIMITYPLUS DWELL TIME TARGETING TO HOMEGOODS VISITORS DESKTOP_Run of Network_Behavioral_F25-54_1280 x 720_Standard_NV_NA,205941312,10/1/2017,220766,108,220658,140417,80241,1217,79024,29323,49701,141634,52555,81878
TJN_HOM_025_HomeGoods Digital Video_Q4FY18,Tremor Video Inc.,PK1FYN_TJN_HOM_025_OLV_TREMOR NETWORK_AWR_BS1_DSK_DIR_VID_TRG_RON_PXT_CTG_DVY_ALL SCREEN PREROLL + PROXIMITYPLUS DWELL TIME TARGETING TO HOMEGOODS VISITORS DESKTOP_Run of Network_Behavioral_F25-54_1280 x 720_Standard_NV_NA,205941312,10/2/2017,219830,149,219681,123397,96284,1688,94596,42878,51718,125085,56698,99576
TJN_HOM_008_HomeGoods Summer Digital_FY18,Hulu,PHG79M_TJN_HOM_008_FEP_HULU_Premium Slate_CROSS DEVICE_PRE-ROLL_CUSTOM_VECTOR LOGO_1X1_N/A_N/A_N/A_SITE_N/A_Roadblock_Demo_F25-54_1 x 1_Click and View_NV_NA,201466502,8/21/2017,121199,919,120280,120280,0,0,0,0,0,120280,111188,111188
TJN_HOM_008_HomeGoods Summer Digital_FY18,Hulu,PHG79P_TJN_HOM_008_FEP_HULU_PageBrand_SPONSORSHIP_CROSS DEVICE_CUSTOM_VIDEO_1X1_1X1_N/A_N/A_N/A_SITE_N/A_Roadblock_Demo_F25-54_1 x 1_Click and View_NV_NA,201464250,8/19/2017,147,0,147,147,0,0,0,0,0,147,109,109
TJN_HOM_030_HomeGoods 2H Digital_F18,NinthDecimal,PJQ7NJ_TJN_HOM_030_Mobile_NINTHDECIMAL_DST_SV1_MAP_DIR_RCH_TRG_RON_BTG_DMA_DVY_CONSUMER JOURNEY: BARGAIN HUNTERS_Run of Network_Behavioral_F25-54_320 x 50_Click and View_NV_NA,204644353,10/29/2017,5426,67,5359,324,5035,16,5019,4935,84,340,334,5269
TJN_HOM_008_HomeGoods Summer Digital_FY18,xAd Inc.,PHHXGY_TJN_HOM_008_Mobile_XAD INC_CHILD_LOYALTY_MOBILE APP_CUSTOM_RICH MEDIA_320X50_GEO-FENCING_Run of Network_Geo_F25-54_320 x 50_Click and View_NV_NA,200584630,8/7/2017,27742,268,27474,23205,4269,70,4199,4071,128,23275,22565,26636
TJN_HOM_030_HomeGoods 2H Digital_F18,xAd Inc.,PJQ7MJ_TJN_HOM_030_Mobile_GROUND TRUTH FKA XAD_DST_SV1_MAP_DIR_DSP_TRG_RON_PXT_BTG_DVY_PROXIMITY LOYALTY - STORE LOCATOR UNIT_Run of Network_Geo_F25-54_320 x 50_Click and View_NV_NA,204649939,10/16/2017,15772,570,15202,8833,6369,77,6292,5863,429,8910,8302,14165
TJN_HOM_030_HomeGoods 2H Digital_F18,xAd Inc.,PJQ7MK_TJN_HOM_030_Mobile_GROUND TRUTH FKA XAD_DST_SV1_MAP_DIR_DSP_TRG_RON_PXT_BTG_DVY_PROXIMITY LOYALTY - STORE LOCATOR UNIT_Run of Network_Geo_F25-54_300 x 250_Click and View_NV_NA,204625442,11/12/2017,8734,199,8535,968,7567,41,7526,6895,631,1009,924,7819
TJN_HOM_030_HomeGoods 2H Digital_F18,xAd Inc.,PJQ7MP_TJN_HOM_030_Mobile_GROUND TRUTH FKA XAD_DST_SV1_MAP_DIR_DSP_TRG_RON_MKT_DMA_DVY_LOCATION - HOMEGOODS SHOPPERS - DYNAMIC DISTANCE_Run of Network_Geo_F25-54_300 x 250_Click and View_NV_NA,204647878,10/22/2017,5822,120,5702,5702,0,0,0,0,0,5702,5702,5702
TJN_HOM_013_HomeGoods FEP_Q3FY18,Discovery Digital Media,PHWLS8_TJN_HOM_013_Content_DISCOVERY NETWORKS_Full Episode Video Tablet Web_30s_FEP_Contextual_F25-54_1920 x 1080_Standard_NV_NA,201899695,8/17/2017,798,7,791,791,0,0,0,0,0,791,,
TJN_HOM_030_HomeGoods 2H Digital_F18,xAd Inc.,PJQ7ML_TJN_HOM_030_Mobile_GROUND TRUTH FKA XAD_DST_SV1_MAP_DIR_DSP_TRG_RON_BTG_DMA_DVY_BEHAVIORAL - HOME SHOPPER - DYNAMIC DISTANCE_Run of Network_Behavioral_F25-54_320 x 50_Click and View_NV_NA,204626174,9/5/2017,16213,334,15879,10610,5269,3702,1567,1431,136,14312,12658,14089
TJN_HOM_008_HomeGoods Summer Digital_FY18,NinthDecimal,PHHXGQ_TJN_HOM_008_Mobile_NINTHDECIMAL_CHILD_PET OWNERS RETENTION_MOBILE APP_CUSTOM_DISPLAY_320X50_Run of Network_Behavioral_F25-54_320 x 50_Click and View_NV_NA,200578886,8/28/2017,4806,84,4722,667,4055,31,4024,3788,236,698,657,4445
TJN_HOM_030_HomeGoods 2H Digital_F18,xAd Inc.,PJQ7MG_TJN_HOM_030_Mobile_GROUND TRUTH FKA XAD_DST_SV1_MAP_DIR_DSP_TRG_RON_PXT_BTG_DVY_PROXIMITY LOYALTY - DYNAMIC DISTANCE_Run of Network_Geo_F25-54_320 x 50_Click and View_NV_NA,204626813,9/6/2017,56261,1281,54980,42048,12932,7541,5391,4507,884,49589,42398,46905
TJN_HOM_008_HomeGoods Summer Digital_FY18,xAd Inc.,PHHXGR_TJN_HOM_008_Mobile_XAD INC_CHILD_LOYALTY_MOBILE APP_STANDARD_DISPLAY_320X50_GEO-FENCING_Run of Network_Geo_F25-54_320 x 50_Click and View_NV_NA,200587518,7/23/2017,36245,520,35725,26968,8757,97,8660,5653,3007,27065,17667,23320
TJN_HOM_008_HomeGoods Summer Digital_FY18,xAd Inc.,PHHXGS_TJN_HOM_008_Mobile_XAD INC_CHILD_LOYALTY_MOBILE APP_STANDARD_DISPLAY_300X250_GEO-FENCING_Run of Network_Geo_F25-54_300 x 250_Click and View_NV_NA,200583064,7/27/2017,25044,11870,13174,701,12473,11399,1074,1049,25,12100,11818,12867
TJN_HOM_030_HomeGoods 2H Digital_F18,xAd Inc.,PJQ7MN_TJN_HOM_030_Mobile_GROUND TRUTH FKA XAD_DST_SV1_MAP_DIR_DSP_TRG_RON_MKT_DMA_DVY_LOCATION - HOMEGOODS SHOPPERS - DYNAMIC DISTANCE_Run of Network_Geo_F25-54_320 x 50_Click and View_NV_NA,204651439,10/28/2017,4468,78,4390,4002,388,37,351,265,86,4039,3015,3280
TJN_HOM_030_HomeGoods 2H Digital_F18,xAd Inc.,PJQ7MK_TJN_HOM_030_Mobile_GROUND TRUTH FKA XAD_DST_SV1_MAP_DIR_DSP_TRG_RON_PXT_BTG_DVY_PROXIMITY LOYALTY - STORE LOCATOR UNIT_Run of Network_Geo_F25-54_300 x 250_Click and View_NV_NA,204625442,10/19/2017,4298,85,4213,62,4151,16,4135,3971,164,78,75,4046
TJN_HOM_013_HomeGoods FEP_Q3FY18,Scripps Networks,PHNKCR_TJN_HOM_013_FEP_SCRIPPSNETWORKS.COM_On-site_Crossplatform_FEP_Demo_F25-54_1280 x 720_Standard_NV_NA,201888442,9/6/2017,2973,16,2957,2957,0,0,0,0,0,2957,,
TJN_HOM_025_HomeGoods Digital Video_Q4FY18,Tremor Video Inc.,PK1FYN_TJN_HOM_025_OLV_TREMOR NETWORK_AWR_BS1_DSK_DIR_VID_TRG_RON_PXT_CTG_DVY_ALL SCREEN PREROLL + PROXIMITYPLUS DWELL TIME TARGETING TO HOMEGOODS VISITORS DESKTOP_Run of Network_Behavioral_F25-54_1280 x 720_Standard_NV_NA,205941312,10/25/2017,593,540,53,38,15,1,14,10,4,39,28,38
TJN_HOM_008_HomeGoods Summer Digital_FY18,Hulu,PHG79G_TJN_HOM_008_FEP_HULU_ROS Pre-roll_CROSS DEVICE_PRE-ROLL_VIDEO_1920X1080_VAST_AUDIENCE_N/A_N/A_3RD PARTY_N/A_Run of Site_Demo_F25-54_1920 x 1080_Standard_NV_NA,201466946,7/31/2017,12987,156,12831,12831,0,0,0,0,0,12831,11575,11575
TJN_HOM_030_HomeGoods 2H Digital_F18,NinthDecimal,PJQ7N5_TJN_HOM_030_Mobile_NINTHDECIMAL_DST_SV1_MAP_DIR_RCH_TRG_RON_PXT_DMA_DVY_GEOFENCE: 2-MILE RADIUS AROUND URBAN STORES_Run of Network_Geo_F25-54_320 x 50_Click and View_NV_NA,204649945,9/6/2017,5999,264,5735,3446,2289,34,2255,2181,74,3480,3366,5547
TJN_HOM_025_HomeGoods Digital Video_Q4FY18,Tremor Video Inc.,PK6DYV_TJN_HOM_025_OLV_TREMOR NETWORK_AWR_BS1_MAP_DIR_VID_TRG_RON_PXT_CTG_DVY_ALL SCREEN PREROLL + PROXIMITYPLUS DWELL TIME TARGETING TO HOMEGOODS VISITORS MOB/TAB APP_Run of Network_Behavioral_F25-54_1280 x 720_Standard_NV_NA,205859075,11/9/2017,369667,124,369543,369208,335,6,329,95,234,369214,106612,106707
TJN_HOM_030_HomeGoods 2H Digital_F18,NinthDecimal,PJQ7N9_TJN_HOM_030_Mobile_NINTHDECIMAL_DST_SV1_MAP_DIR_RCH_TRG_RON_BTG_PXT_DVY_LOCATION GRAPH: TJX FAMILY LOYALISTS_Run of Network_Behavioral_F25-54_320 x 50_Click and View_NV_NA,204647917,9/17/2017,5035,145,4890,1508,3382,17,3365,3231,134,1525,1464,4695
TJN_HOM_030_HomeGoods 2H Digital_F18,xAd Inc.,PJQ7ML_TJN_HOM_030_Mobile_GROUND TRUTH FKA XAD_DST_SV1_MAP_DIR_DSP_TRG_RON_BTG_DMA_DVY_BEHAVIORAL - HOME SHOPPER - DYNAMIC DISTANCE_Run of Network_Behavioral_F25-54_320 x 50_Click and View_NV_NA,204626174,10/14/2017,7477,102,7375,5313,2062,265,1797,1443,354,5578,4352,5795
TJN_HOM_030_HomeGoods 2H Digital_F18,xAd Inc.,PJQ7MJ_TJN_HOM_030_Mobile_GROUND TRUTH FKA XAD_DST_SV1_MAP_DIR_DSP_TRG_RON_PXT_BTG_DVY_PROXIMITY LOYALTY - STORE LOCATOR UNIT_Run of Network_Geo_F25-54_320 x 50_Click and View_NV_NA,204649939,9/30/2017,3,0,3,2,1,1,0,0,0,3,3,3
TJN_HOM_013_HomeGoods FEP_Q3FY18,Discovery Digital Media,PHWLS9_TJN_HOM_013_Content_DISCOVERY NETWORKS_Full Episode Video OTT/CTV_30s_FEP_Contextual_F25-54_1920 x 1080_Standard_NV_NA,201891428,8/12/2017,12664,16,12648,12648,0,0,0,0,0,12648,,
TJN_HOM_013_HomeGoods FEP_Q3FY18,Discovery Digital Media,PHWLS8_TJN_HOM_013_Content_DISCOVERY NETWORKS_Full Episode Video Tablet Web_30s_FEP_Contextual_F25-54_1920 x 1080_Standard_NV_NA,201899695,8/16/2017,925,6,919,919,0,0,0,0,0,919,,
TJN_HOM_030_HomeGoods 2H Digital_F18,xAd Inc.,PJQ7ML_TJN_HOM_030_Mobile_GROUND TRUTH FKA XAD_DST_SV1_MAP_DIR_DSP_TRG_RON_BTG_DMA_DVY_BEHAVIORAL - HOME SHOPPER - DYNAMIC DISTANCE_Run of Network_Behavioral_F25-54_320 x 50_Click and View_NV_NA,204626174,9/14/2017,18258,259,17999,12050,5949,2097,3852,3519,333,14147,12151,15670
TJN_HOM_030_HomeGoods 2H Digital_F18,NinthDecimal,PJQ7NG_TJN_HOM_030_Mobile_NINTHDECIMAL_DST_SV1_MAP_DIR_RCH_TRG_RON_BTG_DMA_DVY_CONSUMER JOURNEY: NEW HOME BUYERS & MOVERS_Run of Network_Behavioral_F25-54_320 x 50_Click and View_NV_NA,204625835,9/12/2017,14439,223,14216,6432,7784,38,7746,7489,257,6470,6255,13744
TJN_HOM_030_HomeGoods 2H Digital_F18,xAd Inc.,PJQ7MM_TJN_HOM_030_Mobile_GROUND TRUTH FKA XAD_DST_SV1_MAP_DIR_DSP_TRG_RON_BTG_DMA_DVY_BEHAVIORAL - HOME SHOPPER- DYNAMIC DISTANCE_Run of Network_Behavioral_F25-54_300 x 250_Click and View_NV_NA,204626171,10/26/2017,7681,371,7310,7310,0,0,0,0,0,7310,6030,6030
TJN_HOM_008_HomeGoods Summer Digital_FY18,xAd Inc.,PHHXGR_TJN_HOM_008_Mobile_XAD INC_CHILD_LOYALTY_MOBILE APP_STANDARD_DISPLAY_320X50_GEO-FENCING_Run of Network_Geo_F25-54_320 x 50_Click and View_NV_NA,200587518,7/22/2017,37267,687,36580,26617,9963,94,9869,6413,3456,26711,17357,23770
TJN_HOM_008_HomeGoods Summer Digital_FY18,NinthDecimal,PHHXGM_TJN_HOM_008_Mobile_NINTHDECIMAL_CHILD_LUXURY SHOPPERS PROSPECTING_MOBILE APP_CUSTOM_DISPLAY_320X50_Run of Network_Behavioral_F25-54_320 x 50_Click and View_NV_NA,200581998,7/30/2017,40306,1323,38983,9545,29438,164,29274,27974,1300,9709,9278,37252
TJN_HOM_030_HomeGoods 2H Digital_F18,NinthDecimal,PJQ7NB_TJN_HOM_030_Mobile_NINTHDECIMAL_DST_SV1_MAP_DIR_RCH_TRG_RON_BTG_PXT_DVY_LOCATION GRAPH: COMPETITIVE CONQUESTING_Run of Network_Behavioral_F25-54_320 x 50_Click and View_NV_NA,204649942,11/6/2017,3742,69,3673,272,3401,25,3376,3272,104,297,288,3560
TJN_HOM_030_HomeGoods 2H Digital_F18,NinthDecimal,PJQ7NB_TJN_HOM_030_Mobile_NINTHDECIMAL_DST_SV1_MAP_DIR_RCH_TRG_RON_BTG_PXT_DVY_LOCATION GRAPH: COMPETITIVE CONQUESTING_Run of Network_Behavioral_F25-54_320 x 50_Click and View_NV_NA,204649942,11/4/2017,3524,46,3478,286,3192,14,3178,3089,89,300,292,3381
TJN_HOM_008_HomeGoods Summer Digital_FY18,xAd Inc.,PHHXGV_TJN_HOM_008_Mobile_XAD INC_CHILD_CONQUESTING_MOBILE APP_STANDARD_DISPLAY_300X250_GEO-FENCING_Run of Network_Geo_F25-54_300 x 250_Click and View_NV_NA,200573063,9/1/2017,36445,4711,31734,259,31475,31465,10,10,0,31724,31722,31732
TJN_HOM_030_HomeGoods 2H Digital_F18,NinthDecimal,PJQ7NB_TJN_HOM_030_Mobile_NINTHDECIMAL_DST_SV1_MAP_DIR_RCH_TRG_RON_BTG_PXT_DVY_LOCATION GRAPH: COMPETITIVE CONQUESTING_Run of Network_Behavioral_F25-54_320 x 50_Click and View_NV_NA,204649942,9/25/2017,5964,118,5846,3073,2773,16,2757,2695,62,3089,3020,5715
TJN_HOM_008_HomeGoods Summer Digital_FY18,NinthDecimal,Rolled-up Placements,N/A,6/27/2017,194326,1841,192485,77416,115069,637,114432,109108,5324,78053,74463,183571
TJN_HOM_030_HomeGoods 2H Digital_F18,xAd Inc.,PJQ7MJ_TJN_HOM_030_Mobile_GROUND TRUTH FKA XAD_DST_SV1_MAP_DIR_DSP_TRG_RON_PXT_BTG_DVY_PROXIMITY LOYALTY - STORE LOCATOR UNIT_Run of Network_Geo_F25-54_320 x 50_Click and View_NV_NA,204649939,10/31/2017,23866,514,23352,13797,9555,165,9390,9225,165,13962,13717,22942
TJN_HOM_025_HomeGoods Digital Video_Q4FY18,Tremor Video Inc.,PK1FYN_TJN_HOM_025_OLV_TREMOR NETWORK_AWR_BS1_DSK_DIR_VID_TRG_RON_PXT_CTG_DVY_ALL SCREEN PREROLL + PROXIMITYPLUS DWELL TIME TARGETING TO HOMEGOODS VISITORS DESKTOP_Run of Network_Behavioral_F25-54_1280 x 720_Standard_NV_NA,205941312,10/3/2017,208444,106,208338,124963,83375,1110,82265,25966,56299,126073,39793,65759
TJN_HOM_013_HomeGoods FEP_Q3FY18,Discovery Digital Media,PHWLS8_TJN_HOM_013_Content_DISCOVERY NETWORKS_Full Episode Video Tablet Web_30s_FEP_Contextual_F25-54_1920 x 1080_Standard_NV_NA,201899695,9/10/2017,893,18,875,875,0,0,0,0,0,875,,
TJN_HOM_008_HomeGoods Summer Digital_FY18,NinthDecimal,PHHXGL_TJN_HOM_008_Mobile_NINTHDECIMAL_CHILD_RETENTION_MOBILE APP_CUSTOM_DISPLAY_320X50_Run of Network_Behavioral_F25-54_320 x 50_Click and View_NV_NA,200585092,8/6/2017,11703,83,11620,2075,9545,25,9520,8941,579,2100,1972,10913
TJN_HOM_008_HomeGoods Summer Digital_FY18,xAd Inc.,PHHXGW_TJN_HOM_008_Mobile_XAD INC_CHILD_LOCATION AUDIENCE-HOMEGOODS SHOPPERS_MOBILE APP_STANDARD_DISPLAY_320X50_Run of Network_Behavioral_F25-54_320 x 50_Click and View_NV_NA,200585089,9/2/2017,31277,567,30710,8106,22604,554,22050,18326,3724,8660,7197,25523
TJN_HOM_030_HomeGoods 2H Digital_F18,xAd Inc.,PJQ7MQ_TJN_HOM_030_Mobile_GROUND TRUTH FKA XAD_DST_SV1_MAP_DIR_DSP_TRG_RON_MKT_DMA_DVY_LOCATION - COMPETITOR SHOPPERS - DYNAMIC DISTANCE_Run of Network_Geo_F25-54_320 x 50_Click and View_NV_NA,204617210,9/24/2017,14089,184,13905,11424,2481,508,1973,1837,136,11932,10157,11994
TJN_HOM_008_HomeGoods Summer Digital_FY18,xAd Inc.,PHHXGR_TJN_HOM_008_Mobile_XAD INC_CHILD_LOYALTY_MOBILE APP_STANDARD_DISPLAY_320X50_GEO-FENCING_Run of Network_Geo_F25-54_320 x 50_Click and View_NV_NA,200587518,8/23/2017,87297,1215,86082,46297,39785,182,39603,39270,333,46479,46088,85358
TJN_HOM_013_HomeGoods FEP_Q3FY18,Discovery Digital Media,PHWLS6_TJN_HOM_013_Content_DISCOVERY NETWORKS_Full Episode Video Mobile App_30s_FEP_Contextual_F25-54_1920 x 1080_Standard_NV_NA,201891425,9/3/2017,15674,146,15528,15528,0,0,0,0,0,15528,,
TJN_HOM_030_HomeGoods 2H Digital_F18,NinthDecimal,PJQ7ND_TJN_HOM_030_Mobile_NINTHDECIMAL_DST_SV1_MAP_DIR_RCH_TRG_RON_BTG_DMA_DVY_CONSUMER JOURNEY: HOUSEHOLD CEO_Run of Network_Behavioral_F25-54_320 x 50_Click and View_NV_NA,204626294,10/8/2017,10272,235,10037,6774,3263,15,3248,3145,103,6789,6574,9719
TJN_HOM_030_HomeGoods 2H Digital_F18,xAd Inc.,PJQ7MN_TJN_HOM_030_Mobile_GROUND TRUTH FKA XAD_DST_SV1_MAP_DIR_DSP_TRG_RON_MKT_DMA_DVY_LOCATION - HOMEGOODS SHOPPERS - DYNAMIC DISTANCE_Run of Network_Geo_F25-54_320 x 50_Click and View_NV_NA,204651439,10/7/2017,5893,69,5824,4666,1158,44,1114,987,127,4710,4198,5185
TJN_HOM_030_HomeGoods 2H Digital_F18,NinthDecimal,PJQ7NH_TJN_HOM_030_Mobile_NINTHDECIMAL_DST_SV1_MAP_DIR_RCH_TRG_RON_BTG_DMA_DVY_CONSUMER JOURNEY: PET SUPPLY SHOPPERS_Run of Network_Behavioral_F25-54_320 x 50_Click and View_NV_NA,204647914,9/24/2017,7401,128,7273,2340,4933,28,4905,4747,158,2368,2292,7039
TJN_HOM_030_HomeGoods 2H Digital_F18,NinthDecimal,"PJQ7NK_TJN_HOM_030_Mobile_NINTHDECIMAL_DST_SV1_MAP_DIR_RCH_TRG_RON_BTG_DMA_DVY_TV TARGETING: HGTV, DIY NETWORK, BRAVO, TLC, FOOD NETWORK_Run of Network_Behavioral_F25-54_320 x 50_Click and View_NV_NA",204674553,10/8/2017,9101,102,8999,5162,3837,37,3800,3670,130,5199,5021,8691
TJN_HOM_030_HomeGoods 2H Digital_F18,NinthDecimal,PJQ7N6_TJN_HOM_030_Mobile_NINTHDECIMAL_DST_SV1_MAP_DIR_RCH_TRG_RON_PXT_DMA_DVY_GEOFENCE: 5-10-MILE RADIUS AROUND SUBURBAN STORES_Run of Network_Geo_F25-54_320 x 50_Click and View_NV_NA,204646507,10/25/2017,11377,379,10998,4801,6197,246,5951,5571,380,5047,4725,10296
TJN_HOM_025_HomeGoods Digital Video_Q4FY18,Tremor Video Inc.,PK6DY1_TJN_HOM_025_OLV_TREMOR NETWORK_AWR_BS1_CTV_DIR_VID_TRG_RON_BTG_CTG_DVY_ALL SCREEN PREROLL + SOCIAL AFFINITY TARGETING TO W25-54 HOME ENTHUSIASTS CTV_Run of Network_Behavioral_F25-54_1280 x 720_Standard_NV_NA,205941318,10/23/2017,57364,0,57364,57364,0,0,0,0,0,57364,50297,50297
TJN_HOM_008_HomeGoods Summer Digital_FY18,NinthDecimal,PHHXGK_TJN_HOM_008_Mobile_NINTHDECIMAL_CHILD_PROSPECTING_MOBILE APP_CUSTOM_DISPLAY_320X50_Run of Network_Behavioral_F25-54_320 x 50_Click and View_NV_NA,200587954,8/24/2017,159650,3355,156295,53381,102914,516,102398,97255,5143,53897,51190,148445
TJN_HOM_030_HomeGoods 2H Digital_F18,NinthDecimal,PJQ7NH_TJN_HOM_030_Mobile_NINTHDECIMAL_DST_SV1_MAP_DIR_RCH_TRG_RON_BTG_DMA_DVY_CONSUMER JOURNEY: PET SUPPLY SHOPPERS_Run of Network_Behavioral_F25-54_320 x 50_Click and View_NV_NA,204647914,10/23/2017,9268,140,9128,3810,5318,85,5233,4993,240,3895,3716,8709
TJN_HOM_008_HomeGoods Summer Digital_FY18,xAd Inc.,PHHXGY_TJN_HOM_008_Mobile_XAD INC_CHILD_LOYALTY_MOBILE APP_CUSTOM_RICH MEDIA_320X50_GEO-FENCING_Run of Network_Geo_F25-54_320 x 50_Click and View_NV_NA,200584630,8/29/2017,15747,119,15628,4161,11467,31,11436,11419,17,4192,4186,15605
TJN_HOM_030_HomeGoods 2H Digital_F18,xAd Inc.,PJQ7MQ_TJN_HOM_030_Mobile_GROUND TRUTH FKA XAD_DST_SV1_MAP_DIR_DSP_TRG_RON_MKT_DMA_DVY_LOCATION - COMPETITOR SHOPPERS - DYNAMIC DISTANCE_Run of Network_Geo_F25-54_320 x 50_Click and View_NV_NA,204617210,9/22/2017,15141,232,14909,11061,3848,1144,2704,2516,188,12205,9840,12356
TJN_HOM_008_HomeGoods Summer Digital_FY18,xAd Inc.,PHHXGV_TJN_HOM_008_Mobile_XAD INC_CHILD_CONQUESTING_MOBILE APP_STANDARD_DISPLAY_300X250_GEO-FENCING_Run of Network_Geo_F25-54_300 x 250_Click and View_NV_NA,200573063,7/28/2017,19599,9303,10296,3028,7268,5023,2245,2184,61,8051,7832,10016
TJN_HOM_013_HomeGoods FEP_Q3FY18,Discovery Digital Media,PHWLS7_TJN_HOM_013_Content_DISCOVERY NETWORKS_Full Episode Video Mobile Web_30s_FEP_Contextual_F25-54_1920 x 1080_Standard_NV_NA,201895019,9/7/2017,892,14,878,878,0,0,0,0,0,878,,
TJN_HOM_030_HomeGoods 2H Digital_F18,xAd Inc.,PJQ7MN_TJN_HOM_030_Mobile_GROUND TRUTH FKA XAD_DST_SV1_MAP_DIR_DSP_TRG_RON_MKT_DMA_DVY_LOCATION - HOMEGOODS SHOPPERS - DYNAMIC DISTANCE_Run of Network_Geo_F25-54_320 x 50_Click and View_NV_NA,204651439,9/8/2017,22782,513,22269,11667,10602,1140,9462,7270,2192,12807,9745,17015
TJN_HOM_013_HomeGoods FEP_Q3FY18,Discovery Digital Media,PHWLS8_TJN_HOM_013_Content_DISCOVERY NETWORKS_Full Episode Video Tablet Web_30s_FEP_Contextual_F25-54_1920 x 1080_Standard_NV_NA,201899695,9/29/2017,50,0,50,50,0,0,0,0,0,50,,
TJN_HOM_030_HomeGoods 2H Digital_F18,NinthDecimal,PJQ7ND_TJN_HOM_030_Mobile_NINTHDECIMAL_DST_SV1_MAP_DIR_RCH_TRG_RON_BTG_DMA_DVY_CONSUMER JOURNEY: HOUSEHOLD CEO_Run of Network_Behavioral_F25-54_320 x 50_Click and View_NV_NA,204626294,10/29/2017,5105,56,5049,285,4764,14,4750,4632,118,299,292,4924
TJN_HOM_030_HomeGoods 2H Digital_F18,xAd Inc.,PJQ7ML_TJN_HOM_030_Mobile_GROUND TRUTH FKA XAD_DST_SV1_MAP_DIR_DSP_TRG_RON_BTG_DMA_DVY_BEHAVIORAL - HOME SHOPPER - DYNAMIC DISTANCE_Run of Network_Behavioral_F25-54_320 x 50_Click and View_NV_NA,204626174,9/28/2017,91643,1789,89854,82581,7273,1991,5282,4599,683,84572,69317,73916
TJN_HOM_008_HomeGoods Summer Digital_FY18,Hulu,PHG79J_TJN_HOM_008_FEP_HULU_Branded Slate_ROS_CROSS DEVICE_PRE-ROLL_CUSTOM_VECTOR LOGO_1X1_AUDIENCE_N/A_N/A_SITE_N/A_Run of Site_Demo_F25-54_1 x 1_Click and View_NV_NA,201467345,8/12/2017,3778,18,3760,3760,0,0,0,0,0,3760,3420,3420
TJN_HOM_030_HomeGoods 2H Digital_F18,xAd Inc.,PJQ7MQ_TJN_HOM_030_Mobile_GROUND TRUTH FKA XAD_DST_SV1_MAP_DIR_DSP_TRG_RON_MKT_DMA_DVY_LOCATION - COMPETITOR SHOPPERS - DYNAMIC DISTANCE_Run of Network_Geo_F25-54_320 x 50_Click and View_NV_NA,204617210,10/23/2017,7557,92,7465,5654,1811,91,1720,823,897,5745,2654,3477
TJN_HOM_030_HomeGoods 2H Digital_F18,NinthDecimal,PJQ7N7_TJN_HOM_030_Mobile_NINTHDECIMAL_DST_SV1_MAP_DIR_RCH_TRG_RON_PXT_DMA_DVY_GEOFENCE: 15-20-MILE RADIUS AROUND RURAL STORES_Run of Network_Geo_F25-54_320 x 50_Click and View_NV_NA,204674556,9/21/2017,14803,354,14449,6616,7833,39,7794,7623,171,6655,6509,14132
TJN_HOM_030_HomeGoods 2H Digital_F18,NinthDecimal,PJQ7N6_TJN_HOM_030_Mobile_NINTHDECIMAL_DST_SV1_MAP_DIR_RCH_TRG_RON_PXT_DMA_DVY_GEOFENCE: 5-10-MILE RADIUS AROUND SUBURBAN STORES_Run of Network_Geo_F25-54_320 x 50_Click and View_NV_NA,204646507,10/3/2017,3318,162,3156,2478,678,14,664,651,13,2492,2443,3094
TJN_HOM_008_HomeGoods Summer Digital_FY18,Hulu,PHG79N_TJN_HOM_008_FEP_HULU_Masthead_SPONSORSHIP_CROSS DEVICE_CUSTOM_VIDEO_1X1_1X1_N/A_N/A_N/A_SITE_N/A_Roadblock_Demo_F25-54_1 x 1_Click and View_NV_NA,201462657,7/19/2017,39802,495,39307,39307,0,0,0,0,0,39307,37601,37601
TJN_HOM_025_HomeGoods Digital Video_Q4FY18,Tremor Video Inc.,PK1FYM_TJN_HOM_025_OLV_TREMOR NETWORK_AWR_BS1_DSK_DIR_VID_TRG_RON_BTG_CTG_DVY_ALL SCREEN PREROLL + SOCIAL AFFINITY TARGETING TO W25-54 HOME ENTHUSIASTS DESKTOP_Run of Network_Behavioral_F25-54_1280 x 720_Standard_NV_NA,205941870,10/23/2017,27522,10,27512,9804,17708,365,17343,15264,2079,10169,8950,24214
TJN_HOM_008_HomeGoods Summer Digital_FY18,Hulu,PHG79P_TJN_HOM_008_FEP_HULU_PageBrand_SPONSORSHIP_CROSS DEVICE_CUSTOM_VIDEO_1X1_1X1_N/A_N/A_N/A_SITE_N/A_Roadblock_Demo_F25-54_1 x 1_Click and View_NV_NA,201464250,8/8/2017,920,14,906,906,0,0,0,0,0,906,786,786
TJN_HOM_030_HomeGoods 2H Digital_F18,xAd Inc.,PJQ7MK_TJN_HOM_030_Mobile_GROUND TRUTH FKA XAD_DST_SV1_MAP_DIR_DSP_TRG_RON_PXT_BTG_DVY_PROXIMITY LOYALTY - STORE LOCATOR UNIT_Run of Network_Geo_F25-54_300 x 250_Click and View_NV_NA,204625442,9/11/2017,412,6,406,45,361,5,356,346,10,50,49,395
TJN_HOM_008_HomeGoods Summer Digital_FY18,NinthDecimal,PHHXGK_TJN_HOM_008_Mobile_NINTHDECIMAL_CHILD_PROSPECTING_MOBILE APP_CUSTOM_DISPLAY_320X50_Run of Network_Behavioral_F25-54_320 x 50_Click and View_NV_NA,200587954,8/20/2017,134986,1694,133292,43278,90014,413,89601,85240,4361,43691,41565,126805
TJN_HOM_030_HomeGoods 2H Digital_F18,NinthDecimal,PJQ7NH_TJN_HOM_030_Mobile_NINTHDECIMAL_DST_SV1_MAP_DIR_RCH_TRG_RON_BTG_DMA_DVY_CONSUMER JOURNEY: PET SUPPLY SHOPPERS_Run of Network_Behavioral_F25-54_320 x 50_Click and View_NV_NA,204647914,9/22/2017,7744,147,7597,2313,5284,38,5246,5105,141,2351,2288,7393
TJN_HOM_030_HomeGoods 2H Digital_F18,NinthDecimal,"PJQ7NK_TJN_HOM_030_Mobile_NINTHDECIMAL_DST_SV1_MAP_DIR_RCH_TRG_RON_BTG_DMA_DVY_TV TARGETING: HGTV, DIY NETWORK, BRAVO, TLC, FOOD NETWORK_Run of Network_Behavioral_F25-54_320 x 50_Click and View_NV_NA",204674553,10/29/2017,16173,209,15964,1340,14624,51,14573,14203,370,1391,1356,15559
TJN_HOM_008_HomeGoods Summer Digital_FY18,Hulu,PHG79M_TJN_HOM_008_FEP_HULU_Premium Slate_CROSS DEVICE_PRE-ROLL_CUSTOM_VECTOR LOGO_1X1_N/A_N/A_N/A_SITE_N/A_Roadblock_Demo_F25-54_1 x 1_Click and View_NV_NA,201466502,7/24/2017,74016,711,73305,73305,0,0,0,0,0,73305,66830,66830
TJN_HOM_008_HomeGoods Summer Digital_FY18,xAd Inc.,PHHXGW_TJN_HOM_008_Mobile_XAD INC_CHILD_LOCATION AUDIENCE-HOMEGOODS SHOPPERS_MOBILE APP_STANDARD_DISPLAY_320X50_Run of Network_Behavioral_F25-54_320 x 50_Click and View_NV_NA,200585089,8/26/2017,29783,360,29423,16826,12597,108,12489,12328,161,16934,16716,29044
TJN_HOM_030_HomeGoods 2H Digital_F18,Nativo Inc.,PJQDHJ_TJN_HOM_030_Content_NATIVO FKA POST RLSE_DSI_BS2_MWB_DIR_NAD_ROT_RON_CTG_BTG_DVY_NATIVE DISPLAY UNIT FALLIDAYS_Run of Network_Contextual_F25-54_1 x 1_Click and View_NV_NA,206024352,10/15/2017,462237,12397,449840,3031,446809,28316,418493,157691,260802,31347,11812,169503
TJN_HOM_013_HomeGoods FEP_Q3FY18,Discovery Digital Media,PHWLS8_TJN_HOM_013_Content_DISCOVERY NETWORKS_Full Episode Video Tablet Web_30s_FEP_Contextual_F25-54_1920 x 1080_Standard_NV_NA,201899695,9/13/2017,896,4,892,892,0,0,0,0,0,892,,
TJN_HOM_013_HomeGoods FEP_Q3FY18,Scripps Networks,PHNKCR_TJN_HOM_013_FEP_SCRIPPSNETWORKS.COM_On-site_Crossplatform_FEP_Demo_F25-54_1280 x 720_Standard_NV_NA,201888442,9/9/2017,1520,13,1507,1507,0,0,0,0,0,1507,,
TJN_HOM_013_HomeGoods FEP_Q3FY18,Discovery Digital Media,PHWLS6_TJN_HOM_013_Content_DISCOVERY NETWORKS_Full Episode Video Mobile App_30s_FEP_Contextual_F25-54_1920 x 1080_Standard_NV_NA,201891425,9/7/2017,18790,215,18575,18575,0,0,0,0,0,18575,,
TJN_HOM_030_HomeGoods 2H Digital_F18,xAd Inc.,PJQ7MG_TJN_HOM_030_Mobile_GROUND TRUTH FKA XAD_DST_SV1_MAP_DIR_DSP_TRG_RON_PXT_BTG_DVY_PROXIMITY LOYALTY - DYNAMIC DISTANCE_Run of Network_Geo_F25-54_320 x 50_Click and View_NV_NA,204626813,9/9/2017,34779,727,34052,20486,13566,3140,10426,8626,1800,23626,16683,25309
TJN_HOM_008_HomeGoods Summer Digital_FY18,Hulu,PHG79K_TJN_HOM_008_FEP_HULU_Summer TV Pre-roll_SPONSORSHIP_CROSS DEVICE_PRE-ROLL_VIDEO_1920X1080_VAST_N/A_N/A_N/A_3RD PARTY_N/A_Roadblock_Demo_F25-54_1920 x 1080_Standard_NV_NA,201466499,8/17/2017,489954,4176,485778,485778,0,0,0,0,0,485778,432484,432484
TJN_HOM_030_HomeGoods 2H Digital_F18,xAd Inc.,PJQ7MG_TJN_HOM_030_Mobile_GROUND TRUTH FKA XAD_DST_SV1_MAP_DIR_DSP_TRG_RON_PXT_BTG_DVY_PROXIMITY LOYALTY - DYNAMIC DISTANCE_Run of Network_Geo_F25-54_320 x 50_Click and View_NV_NA,204626813,10/21/2017,56455,928,55527,51997,3530,161,3369,3197,172,52158,44705,47902
TJN_HOM_030_HomeGoods 2H Digital_F18,NinthDecimal,PJQ7NH_TJN_HOM_030_Mobile_NINTHDECIMAL_DST_SV1_MAP_DIR_RCH_TRG_RON_BTG_DMA_DVY_CONSUMER JOURNEY: PET SUPPLY SHOPPERS_Run of Network_Behavioral_F25-54_320 x 50_Click and View_NV_NA,204647914,10/26/2017,6196,98,6098,285,5813,58,5755,5553,202,343,331,5884
TJN_HOM_008_HomeGoods Summer Digital_FY18,xAd Inc.,PHHXGZ_TJN_HOM_008_Mobile_XAD INC_CHILD_LOYALTY_MOBILE APP_CUSTOM_RICH MEDIA_300X250_GEO-FENCING_Run of Network_Geo_F25-54_300 x 250_Click and View_NV_NA,200577158,7/30/2017,7654,120,7534,7251,283,20,263,249,14,7271,6884,7133
TJN_HOM_008_HomeGoods Summer Digital_FY18,xAd Inc.,PHHXGY_TJN_HOM_008_Mobile_XAD INC_CHILD_LOYALTY_MOBILE APP_CUSTOM_RICH MEDIA_320X50_GEO-FENCING_Run of Network_Geo_F25-54_320 x 50_Click and View_NV_NA,200584630,8/18/2017,26415,215,26200,20392,5808,139,5669,5559,110,20531,20133,25692
TJN_HOM_030_HomeGoods 2H Digital_F18,xAd Inc.,PJQ7MJ_TJN_HOM_030_Mobile_GROUND TRUTH FKA XAD_DST_SV1_MAP_DIR_DSP_TRG_RON_PXT_BTG_DVY_PROXIMITY LOYALTY - STORE LOCATOR UNIT_Run of Network_Geo_F25-54_320 x 50_Click and View_NV_NA,204649939,10/15/2017,14942,392,14550,10012,4538,62,4476,4194,282,10074,9439,13633
TJN_HOM_013_HomeGoods FEP_Q3FY18,Scripps Networks,PHNKCT_TJN_HOM_013_FEP_SCRIPPSNETWORKS.COM_TVE_Crossplatform_FEP_Demo_F25-54_1 x 1_Click and View_NV_NA,201878832,9/21/2017,3450,14,3436,3436,0,0,0,0,0,3436,,
TJN_HOM_030_HomeGoods 2H Digital_F18,NinthDecimal,PJQ7N9_TJN_HOM_030_Mobile_NINTHDECIMAL_DST_SV1_MAP_DIR_RCH_TRG_RON_BTG_PXT_DVY_LOCATION GRAPH: TJX FAMILY LOYALISTS_Run of Network_Behavioral_F25-54_320 x 50_Click and View_NV_NA,204647917,10/4/2017,12717,222,12495,6438,6057,48,6009,5826,183,6486,6288,12114
TJN_HOM_030_HomeGoods 2H Digital_F18,NinthDecimal,PJQ7N5_TJN_HOM_030_Mobile_NINTHDECIMAL_DST_SV1_MAP_DIR_RCH_TRG_RON_PXT_DMA_DVY_GEOFENCE: 2-MILE RADIUS AROUND URBAN STORES_Run of Network_Geo_F25-54_320 x 50_Click and View_NV_NA,204649945,10/21/2017,7197,277,6920,3331,3589,48,3541,3410,131,3379,3254,6664
TJN_HOM_025_HomeGoods Digital Video_Q4FY18,Tremor Video Inc.,PK6DYV_TJN_HOM_025_OLV_TREMOR NETWORK_AWR_BS1_MAP_DIR_VID_TRG_RON_PXT_CTG_DVY_ALL SCREEN PREROLL + PROXIMITYPLUS DWELL TIME TARGETING TO HOMEGOODS VISITORS MOB/TAB APP_Run of Network_Behavioral_F25-54_1280 x 720_Standard_NV_NA,205859075,10/29/2017,693510,756,692754,689603,3151,117,3034,1134,1900,689720,257793,258927
TJN_HOM_025_HomeGoods Digital Video_Q4FY18,Tremor Video Inc.,PK1FYM_TJN_HOM_025_OLV_TREMOR NETWORK_AWR_BS1_DSK_DIR_VID_TRG_RON_BTG_CTG_DVY_ALL SCREEN PREROLL + SOCIAL AFFINITY TARGETING TO W25-54 HOME ENTHUSIASTS DESKTOP_Run of Network_Behavioral_F25-54_1280 x 720_Standard_NV_NA,205941870,10/26/2017,1600,0,1600,1401,199,4,195,153,42,1405,1102,1255
TJN_HOM_030_HomeGoods 2H Digital_F18,xAd Inc.,PJQ7MQ_TJN_HOM_030_Mobile_GROUND TRUTH FKA XAD_DST_SV1_MAP_DIR_DSP_TRG_RON_MKT_DMA_DVY_LOCATION - COMPETITOR SHOPPERS - DYNAMIC DISTANCE_Run of Network_Geo_F25-54_320 x 50_Click and View_NV_NA,204617210,10/26/2017,8185,136,8049,7438,611,35,576,273,303,7473,1556,1829
TJN_HOM_030_HomeGoods 2H Digital_F18,NinthDecimal,PJQ7N5_TJN_HOM_030_Mobile_NINTHDECIMAL_DST_SV1_MAP_DIR_RCH_TRG_RON_PXT_DMA_DVY_GEOFENCE: 2-MILE RADIUS AROUND URBAN STORES_Run of Network_Geo_F25-54_320 x 50_Click and View_NV_NA,204649945,9/9/2017,5912,142,5770,3064,2706,21,2685,2588,97,3085,2974,5562
TJN_HOM_030_HomeGoods 2H Digital_F18,NinthDecimal,PJQ7NC_TJN_HOM_030_Mobile_NINTHDECIMAL_DST_SV1_MAP_DIR_RCH_TRG_RON_BTG_DMA_DVY_CONSUMER JOURNEY: DIYERS_Run of Network_Behavioral_F25-54_320 x 50_Click and View_NV_NA,204675009,10/28/2017,16630,227,16403,754,15649,60,15589,15136,453,814,790,15926
TJN_HOM_030_HomeGoods 2H Digital_F18,xAd Inc.,PJQ7MK_TJN_HOM_030_Mobile_GROUND TRUTH FKA XAD_DST_SV1_MAP_DIR_DSP_TRG_RON_PXT_BTG_DVY_PROXIMITY LOYALTY - STORE LOCATOR UNIT_Run of Network_Geo_F25-54_300 x 250_Click and View_NV_NA,204625442,9/21/2017,3613,63,3550,1509,2041,34,2007,1537,470,1543,1182,2719
TJN_HOM_008_HomeGoods Summer Digital_FY18,xAd Inc.,PHHXGY_TJN_HOM_008_Mobile_XAD INC_CHILD_LOYALTY_MOBILE APP_CUSTOM_RICH MEDIA_320X50_GEO-FENCING_Run of Network_Geo_F25-54_320 x 50_Click and View_NV_NA,200584630,8/5/2017,27599,233,27366,24213,3153,60,3093,2896,197,24273,22727,25623
TJN_HOM_008_HomeGoods Summer Digital_FY18,NinthDecimal,PHHXGP_TJN_HOM_008_Mobile_NINTHDECIMAL_CHILD_PET OWNERS PROSPECTING_MOBILE APP_CUSTOM_DISPLAY_320X50_Run of Network_Behavioral_F25-54_320 x 50_Click and View_NV_NA,200586375,9/6/2017,6,0,6,4,2,2,0,0,0,6,6,6
TJN_HOM_013_HomeGoods FEP_Q3FY18,Discovery Digital Media,PHWLS8_TJN_HOM_013_Content_DISCOVERY NETWORKS_Full Episode Video Tablet Web_30s_FEP_Contextual_F25-54_1920 x 1080_Standard_NV_NA,201899695,9/19/2017,861,29,832,832,0,0,0,0,0,832,,
TJN_HOM_013_HomeGoods FEP_Q3FY18,Discovery Digital Media,PHWLS7_TJN_HOM_013_Content_DISCOVERY NETWORKS_Full Episode Video Mobile Web_30s_FEP_Contextual_F25-54_1920 x 1080_Standard_NV_NA,201895019,9/3/2017,907,20,887,887,0,0,0,0,0,887,,
TJN_HOM_008_HomeGoods Summer Digital_FY18,Hulu,PHG79N_TJN_HOM_008_FEP_HULU_Masthead_SPONSORSHIP_CROSS DEVICE_CUSTOM_VIDEO_1X1_1X1_N/A_N/A_N/A_SITE_N/A_Roadblock_Demo_F25-54_1 x 1_Click and View_NV_NA,201462657,8/13/2017,136,0,136,136,0,0,0,0,0,136,122,122
TJN_HOM_030_HomeGoods 2H Digital_F18,NinthDecimal,PJQ7N7_TJN_HOM_030_Mobile_NINTHDECIMAL_DST_SV1_MAP_DIR_RCH_TRG_RON_PXT_DMA_DVY_GEOFENCE: 15-20-MILE RADIUS AROUND RURAL STORES_Run of Network_Geo_F25-54_320 x 50_Click and View_NV_NA,204674556,9/11/2017,17876,381,17495,8331,9164,39,9125,8839,286,8370,8108,16947
TJN_HOM_030_HomeGoods 2H Digital_F18,NinthDecimal,PJQ7N8_TJN_HOM_030_Mobile_NINTHDECIMAL_DST_SV1_MAP_DIR_RCH_TRG_RON_BTG_PXT_DVY_LOCATION GRAPH: HOMEGOODS LOYALISTS_Run of Network_Behavioral_F25-54_320 x 50_Click and View_NV_NA,204675012,10/17/2017,13851,189,13662,4260,9402,50,9352,9011,341,4310,4153,13164
TJN_HOM_030_HomeGoods 2H Digital_F18,xAd Inc.,PJQ7MH_TJN_HOM_030_Mobile_GROUND TRUTH FKA XAD_DST_SV1_MAP_DIR_DSP_TRG_RON_PXT_BTG_DVY_PROXIMITY LOYALTY - DYNAMIC DISTANCE_Run of Network_Geo_F25-54_300 x 250_Click and View_NV_NA,204675003,9/12/2017,25908,1522,24386,24321,65,0,65,40,25,24321,14966,15006
TJN_HOM_025_HomeGoods Digital Video_Q4FY18,Tremor Video Inc.,PK6DY1_TJN_HOM_025_OLV_TREMOR NETWORK_AWR_BS1_CTV_DIR_VID_TRG_RON_BTG_CTG_DVY_ALL SCREEN PREROLL + SOCIAL AFFINITY TARGETING TO W25-54 HOME ENTHUSIASTS CTV_Run of Network_Behavioral_F25-54_1280 x 720_Standard_NV_NA,205941318,10/26/2017,13838,0,13838,13838,0,0,0,0,0,13838,7241,7241
TJN_HOM_025_HomeGoods Digital Video_Q4FY18,Tremor Video Inc.,PK6DYV_TJN_HOM_025_OLV_TREMOR NETWORK_AWR_BS1_MAP_DIR_VID_TRG_RON_PXT_CTG_DVY_ALL SCREEN PREROLL + PROXIMITYPLUS DWELL TIME TARGETING TO HOMEGOODS VISITORS MOB/TAB APP_Run of Network_Behavioral_F25-54_1280 x 720_Standard_NV_NA,205859075,10/8/2017,1414,5,1409,1228,181,0,181,174,7,1228,1181,1355
TJN_HOM_008_HomeGoods Summer Digital_FY18,xAd Inc.,PHHXGW_TJN_HOM_008_Mobile_XAD INC_CHILD_LOCATION AUDIENCE-HOMEGOODS SHOPPERS_MOBILE APP_STANDARD_DISPLAY_320X50_Run of Network_Behavioral_F25-54_320 x 50_Click and View_NV_NA,200585089,9/1/2017,23061,361,22700,8014,14686,204,14482,13353,1129,8218,7572,20925
TJN_HOM_008_HomeGoods Summer Digital_FY18,NinthDecimal,PHHXGQ_TJN_HOM_008_Mobile_NINTHDECIMAL_CHILD_PET OWNERS RETENTION_MOBILE APP_CUSTOM_DISPLAY_320X50_Run of Network_Behavioral_F25-54_320 x 50_Click and View_NV_NA,200578886,8/7/2017,2381,12,2369,163,2206,13,2193,2081,112,176,167,2248
TJN_HOM_030_HomeGoods 2H Digital_F18,NinthDecimal,PJQ7NC_TJN_HOM_030_Mobile_NINTHDECIMAL_DST_SV1_MAP_DIR_RCH_TRG_RON_BTG_DMA_DVY_CONSUMER JOURNEY: DIYERS_Run of Network_Behavioral_F25-54_320 x 50_Click and View_NV_NA,204675009,9/8/2017,7734,155,7579,2761,4818,14,4804,4719,85,2775,2726,7445
TJN_HOM_030_HomeGoods 2H Digital_F18,xAd Inc.,PJQ7MM_TJN_HOM_030_Mobile_GROUND TRUTH FKA XAD_DST_SV1_MAP_DIR_DSP_TRG_RON_BTG_DMA_DVY_BEHAVIORAL - HOME SHOPPER- DYNAMIC DISTANCE_Run of Network_Behavioral_F25-54_300 x 250_Click and View_NV_NA,204626171,10/23/2017,7229,255,6974,6974,0,0,0,0,0,6974,5752,5752
TJN_HOM_008_HomeGoods Summer Digital_FY18,xAd Inc.,PHHXGV_TJN_HOM_008_Mobile_XAD INC_CHILD_CONQUESTING_MOBILE APP_STANDARD_DISPLAY_300X250_GEO-FENCING_Run of Network_Geo_F25-54_300 x 250_Click and View_NV_NA,200573063,9/2/2017,49508,4540,44968,528,44440,44418,22,22,0,44946,44944,44966
TJN_HOM_030_HomeGoods 2H Digital_F18,Nativo Inc.,PJQDHJ_TJN_HOM_030_Content_NATIVO FKA POST RLSE_DSI_BS2_MWB_DIR_NAD_ROT_RON_CTG_BTG_DVY_NATIVE DISPLAY UNIT FALLIDAYS_Run of Network_Contextual_F25-54_1 x 1_Click and View_NV_NA,206024352,10/31/2017,488314,21645,466669,3771,462898,34109,428789,155490,273299,37880,13736,169226
TJN_HOM_030_HomeGoods 2H Digital_F18,NinthDecimal,PJQ7N8_TJN_HOM_030_Mobile_NINTHDECIMAL_DST_SV1_MAP_DIR_RCH_TRG_RON_BTG_PXT_DVY_LOCATION GRAPH: HOMEGOODS LOYALISTS_Run of Network_Behavioral_F25-54_320 x 50_Click and View_NV_NA,204675012,10/24/2017,14352,180,14172,1837,12335,327,12008,11688,320,2164,2106,13794
TJN_HOM_025_HomeGoods Digital Video_Q4FY18,Tremor Video Inc.,PK6DWD_TJN_HOM_025_OLV_TREMOR NETWORK_AWR_BS1_MAP_DIR_VID_TRG_RON_BTG_CTG_DVY_ALL SCREEN PREROLL + SOCIAL AFFINITY TARGETING TO W25-54 HOME ENTHUSIASTS MOB/TAB APP_Run of Network_Behavioral_F25-54_1280 x 720_Standard_NV_NA,205941321,10/13/2017,210983,2655,208328,208031,297,195,102,62,40,208226,126569,126631
TJN_HOM_030_HomeGoods 2H Digital_F18,xAd Inc.,PJQ7MM_TJN_HOM_030_Mobile_GROUND TRUTH FKA XAD_DST_SV1_MAP_DIR_DSP_TRG_RON_BTG_DMA_DVY_BEHAVIORAL - HOME SHOPPER- DYNAMIC DISTANCE_Run of Network_Behavioral_F25-54_300 x 250_Click and View_NV_NA,204626171,9/22/2017,5697,238,5459,5445,14,6,8,6,2,5451,4088,4094
TJN_HOM_008_HomeGoods Summer Digital_FY18,xAd Inc.,PHHXGR_TJN_HOM_008_Mobile_XAD INC_CHILD_LOYALTY_MOBILE APP_STANDARD_DISPLAY_320X50_GEO-FENCING_Run of Network_Geo_F25-54_320 x 50_Click and View_NV_NA,200587518,7/20/2017,38634,450,38184,33320,4864,42,4822,3202,1620,33362,22154,25356
TJN_HOM_025_HomeGoods Digital Video_Q4FY18,Tremor Video Inc.,PK6DWD_TJN_HOM_025_OLV_TREMOR NETWORK_AWR_BS1_MAP_DIR_VID_TRG_RON_BTG_CTG_DVY_ALL SCREEN PREROLL + SOCIAL AFFINITY TARGETING TO W25-54 HOME ENTHUSIASTS MOB/TAB APP_Run of Network_Behavioral_F25-54_1280 x 720_Standard_NV_NA,205941321,11/13/2017,3,0,3,3,0,0,0,0,0,3,3,3
TJN_HOM_030_HomeGoods 2H Digital_F18,NinthDecimal,PJQ7N7_TJN_HOM_030_Mobile_NINTHDECIMAL_DST_SV1_MAP_DIR_RCH_TRG_RON_PXT_DMA_DVY_GEOFENCE: 15-20-MILE RADIUS AROUND RURAL STORES_Run of Network_Geo_F25-54_320 x 50_Click and View_NV_NA,204674556,10/19/2017,8271,123,8148,5678,2470,53,2417,2377,40,5731,5636,8013
TJN_HOM_013_HomeGoods FEP_Q3FY18,Discovery Digital Media,PHWLS5_TJN_HOM_013_Content_DISCOVERY NETWORKS_Full Episode Video Desktop_30s_FEP_Contextual_F25-54_1920 x 1080_Standard_NV_NA,201895013,8/19/2017,2539,52,2487,2487,0,0,0,0,0,2487,,
TJN_HOM_030_HomeGoods 2H Digital_F18,NinthDecimal,PJQ7ND_TJN_HOM_030_Mobile_NINTHDECIMAL_DST_SV1_MAP_DIR_RCH_TRG_RON_BTG_DMA_DVY_CONSUMER JOURNEY: HOUSEHOLD CEO_Run of Network_Behavioral_F25-54_320 x 50_Click and View_NV_NA,204626294,11/9/2017,7233,103,7130,1251,5879,29,5850,5670,180,1280,1241,6911
TJN_HOM_008_HomeGoods Summer Digital_FY18,Hulu,PHG79G_TJN_HOM_008_FEP_HULU_ROS Pre-roll_CROSS DEVICE_PRE-ROLL_VIDEO_1920X1080_VAST_AUDIENCE_N/A_N/A_3RD PARTY_N/A_Run of Site_Demo_F25-54_1920 x 1080_Standard_NV_NA,201466946,9/20/2017,8355,50,8305,8305,0,0,0,0,0,8305,7406,7406
TJN_HOM_008_HomeGoods Summer Digital_FY18,NinthDecimal,PHHXGQ_TJN_HOM_008_Mobile_NINTHDECIMAL_CHILD_PET OWNERS RETENTION_MOBILE APP_CUSTOM_DISPLAY_320X50_Run of Network_Behavioral_F25-54_320 x 50_Click and View_NV_NA,200578886,8/3/2017,1974,10,1964,277,1687,9,1678,1573,105,286,268,1841
TJN_HOM_008_HomeGoods Summer Digital_FY18,xAd Inc.,PHHXGW_TJN_HOM_008_Mobile_XAD INC_CHILD_LOCATION AUDIENCE-HOMEGOODS SHOPPERS_MOBILE APP_STANDARD_DISPLAY_320X50_Run of Network_Behavioral_F25-54_320 x 50_Click and View_NV_NA,200585089,7/28/2017,25250,683,24567,3433,21134,416,20718,15157,5561,3849,2816,17973
TJN_HOM_008_HomeGoods Summer Digital_FY18,xAd Inc.,PHHXGT_TJN_HOM_008_Mobile_XAD INC_CHILD_CONQUESTING_MOBILE APP_STANDARD_DISPLAY_320X50_GEO-FENCING_Run of Network_Geo_F25-54_320 x 50_Click and View_NV_NA,200573066,8/1/2017,120927,1342,119585,75182,44403,288,44115,42583,1532,75470,70738,113321
TJN_HOM_030_HomeGoods 2H Digital_F18,NinthDecimal,PJQ7N8_TJN_HOM_030_Mobile_NINTHDECIMAL_DST_SV1_MAP_DIR_RCH_TRG_RON_BTG_PXT_DVY_LOCATION GRAPH: HOMEGOODS LOYALISTS_Run of Network_Behavioral_F25-54_320 x 50_Click and View_NV_NA,204675012,10/5/2017,11642,116,11526,4582,6944,29,6915,6609,306,4611,4407,11016
TJN_HOM_030_HomeGoods 2H Digital_F18,Nativo Inc.,PK87W8_TJN_HOM_030_Content_NATIVO FKA POST RLSE_DSI_BS2_MWB_DIR_NAD_ROT_RON_CTG_BTG_DVY_NATIVE DISPLAY UNIT FALL TRENDS_Run of Network_Contextual_F25-54_1 x 1_Click and View_NV_NA,206137761,10/14/2017,249608,5298,244310,3418,240892,18096,222796,70449,152347,21514,6803,77252
TJN_HOM_013_HomeGoods FEP_Q3FY18,Discovery Digital Media,PHWLS8_TJN_HOM_013_Content_DISCOVERY NETWORKS_Full Episode Video Tablet Web_30s_FEP_Contextual_F25-54_1920 x 1080_Standard_NV_NA,201899695,9/16/2017,870,19,851,851,0,0,0,0,0,851,,
TJN_HOM_030_HomeGoods 2H Digital_F18,NinthDecimal,"PJQ7NK_TJN_HOM_030_Mobile_NINTHDECIMAL_DST_SV1_MAP_DIR_RCH_TRG_RON_BTG_DMA_DVY_TV TARGETING: HGTV, DIY NETWORK, BRAVO, TLC, FOOD NETWORK_Run of Network_Behavioral_F25-54_320 x 50_Click and View_NV_NA",204674553,11/9/2017,5465,98,5367,703,4664,15,4649,4512,137,718,697,5209
TJN_HOM_008_HomeGoods Summer Digital_FY18,Hulu,PHG79P_TJN_HOM_008_FEP_HULU_PageBrand_SPONSORSHIP_CROSS DEVICE_CUSTOM_VIDEO_1X1_1X1_N/A_N/A_N/A_SITE_N/A_Roadblock_Demo_F25-54_1 x 1_Click and View_NV_NA,201464250,7/26/2017,18,0,18,18,0,0,0,0,0,18,16,16
TJN_HOM_008_HomeGoods Summer Digital_FY18,xAd Inc.,PHHXGV_TJN_HOM_008_Mobile_XAD INC_CHILD_CONQUESTING_MOBILE APP_STANDARD_DISPLAY_300X250_GEO-FENCING_Run of Network_Geo_F25-54_300 x 250_Click and View_NV_NA,200573063,8/26/2017,23618,2884,20734,191,20543,20543,0,0,0,20734,19687,19687
TJN_HOM_008_HomeGoods Summer Digital_FY18,Hulu,PHG79N_TJN_HOM_008_FEP_HULU_Masthead_SPONSORSHIP_CROSS DEVICE_CUSTOM_VIDEO_1X1_1X1_N/A_N/A_N/A_SITE_N/A_Roadblock_Demo_F25-54_1 x 1_Click and View_NV_NA,201462657,8/15/2017,114348,984,113364,113364,0,0,0,0,0,113364,101977,101977
TJN_HOM_030_HomeGoods 2H Digital_F18,NinthDecimal,PJQ7N8_TJN_HOM_030_Mobile_NINTHDECIMAL_DST_SV1_MAP_DIR_RCH_TRG_RON_BTG_PXT_DVY_LOCATION GRAPH: HOMEGOODS LOYALISTS_Run of Network_Behavioral_F25-54_320 x 50_Click and View_NV_NA,204675012,11/10/2017,8087,114,7973,315,7658,29,7629,7431,198,344,335,7766
TJN_HOM_030_HomeGoods 2H Digital_F18,xAd Inc.,PJQ7MM_TJN_HOM_030_Mobile_GROUND TRUTH FKA XAD_DST_SV1_MAP_DIR_DSP_TRG_RON_BTG_DMA_DVY_BEHAVIORAL - HOME SHOPPER- DYNAMIC DISTANCE_Run of Network_Behavioral_F25-54_300 x 250_Click and View_NV_NA,204626171,9/24/2017,4662,216,4446,4344,102,2,100,89,11,4346,3849,3938
TJN_HOM_008_HomeGoods Summer Digital_FY18,Hulu,Rolled-up Placements,N/A,7/11/2017,542497,8705,533792,533792,0,0,0,0,0,533792,502281,502281
TJN_HOM_030_HomeGoods 2H Digital_F18,NinthDecimal,PJQ7NC_TJN_HOM_030_Mobile_NINTHDECIMAL_DST_SV1_MAP_DIR_RCH_TRG_RON_BTG_DMA_DVY_CONSUMER JOURNEY: DIYERS_Run of Network_Behavioral_F25-54_320 x 50_Click and View_NV_NA,204675009,10/7/2017,11775,231,11544,7342,4202,31,4171,3992,179,7373,7057,11049
TJN_HOM_008_HomeGoods Summer Digital_FY18,xAd Inc.,PHHXGT_TJN_HOM_008_Mobile_XAD INC_CHILD_CONQUESTING_MOBILE APP_STANDARD_DISPLAY_320X50_GEO-FENCING_Run of Network_Geo_F25-54_320 x 50_Click and View_NV_NA,200573066,7/29/2017,35006,397,34609,19818,14791,148,14643,10008,4635,19966,13646,23654
TJN_HOM_025_HomeGoods Digital Video_Q4FY18,Tremor Video Inc.,PK6F30_TJN_HOM_025_OLV_TREMOR NETWORK_AWR_BS1_CTV_DIR_VID_TRG_RON_PXT_CTG_DVY_ALL SCREEN PREROLL + PROXIMITYPLUS DWELL TIME TARGETING TO HOMEGOODS VISITORS CTV_Run of Network_Behavioral_F25-54_1280 x 720_Standard_NV_NA,205942131,10/21/2017,18304,0,18304,18304,0,0,0,0,0,18304,0,0
TJN_HOM_030_HomeGoods 2H Digital_F18,Nativo Inc.,PJQDHJ_TJN_HOM_030_Content_NATIVO FKA POST RLSE_DSI_BS2_MWB_DIR_NAD_ROT_RON_CTG_BTG_DVY_NATIVE DISPLAY UNIT FALLIDAYS_Run of Network_Contextual_F25-54_1 x 1_Click and View_NV_NA,206024352,10/16/2017,496511,27226,469285,2218,467067,25404,441663,180918,260745,27622,11315,192233
TJN_HOM_030_HomeGoods 2H Digital_F18,NinthDecimal,PJQ7N7_TJN_HOM_030_Mobile_NINTHDECIMAL_DST_SV1_MAP_DIR_RCH_TRG_RON_PXT_DMA_DVY_GEOFENCE: 15-20-MILE RADIUS AROUND RURAL STORES_Run of Network_Geo_F25-54_320 x 50_Click and View_NV_NA,204674556,10/9/2017,9634,128,9506,6870,2636,26,2610,2549,61,6896,6735,9284
TJN_HOM_013_HomeGoods FEP_Q3FY18,Scripps Networks,PHNKCT_TJN_HOM_013_FEP_SCRIPPSNETWORKS.COM_TVE_Crossplatform_FEP_Demo_F25-54_1 x 1_Click and View_NV_NA,201878832,8/6/2017,1342,5,1337,1337,0,0,0,0,0,1337,,
TJN_HOM_030_HomeGoods 2H Digital_F18,xAd Inc.,PJQ7ML_TJN_HOM_030_Mobile_GROUND TRUTH FKA XAD_DST_SV1_MAP_DIR_DSP_TRG_RON_BTG_DMA_DVY_BEHAVIORAL - HOME SHOPPER - DYNAMIC DISTANCE_Run of Network_Behavioral_F25-54_320 x 50_Click and View_NV_NA,204626174,9/15/2017,16294,233,16061,11682,4379,2791,1588,1467,121,14473,12343,13810
TJN_HOM_008_HomeGoods Summer Digital_FY18,xAd Inc.,PHHXGT_TJN_HOM_008_Mobile_XAD INC_CHILD_CONQUESTING_MOBILE APP_STANDARD_DISPLAY_320X50_GEO-FENCING_Run of Network_Geo_F25-54_320 x 50_Click and View_NV_NA,200573066,8/13/2017,161292,2082,159210,102308,56902,970,55932,48005,7927,103278,88641,136646
TJN_HOM_008_HomeGoods Summer Digital_FY18,NinthDecimal,PHHXGK_TJN_HOM_008_Mobile_NINTHDECIMAL_CHILD_PROSPECTING_MOBILE APP_CUSTOM_DISPLAY_320X50_Run of Network_Behavioral_F25-54_320 x 50_Click and View_NV_NA,200587954,8/10/2017,37034,671,36363,13927,22436,146,22290,21048,1242,14073,13289,34337
TJN_HOM_008_HomeGoods Summer Digital_FY18,xAd Inc.,PHHXGZ_TJN_HOM_008_Mobile_XAD INC_CHILD_LOYALTY_MOBILE APP_CUSTOM_RICH MEDIA_300X250_GEO-FENCING_Run of Network_Geo_F25-54_300 x 250_Click and View_NV_NA,200577158,7/25/2017,6790,121,6669,6260,409,21,388,337,51,6281,5455,5792
TJN_HOM_008_HomeGoods Summer Digital_FY18,NinthDecimal,PHHXGN_TJN_HOM_008_Mobile_NINTHDECIMAL_CHILD_LUXURY SHOPPERS RETENTION_MOBILE APP_CUSTOM_DISPLAY_320X50_Run of Network_Behavioral_F25-54_320 x 50_Click and View_NV_NA,200582901,8/6/2017,2882,29,2853,396,2457,11,2446,2218,228,407,369,2587
TJN_HOM_008_HomeGoods Summer Digital_FY18,xAd Inc.,PHHXGW_TJN_HOM_008_Mobile_XAD INC_CHILD_LOCATION AUDIENCE-HOMEGOODS SHOPPERS_MOBILE APP_STANDARD_DISPLAY_320X50_Run of Network_Behavioral_F25-54_320 x 50_Click and View_NV_NA,200585089,8/31/2017,45518,646,44872,18119,26753,111,26642,26563,79,18230,18176,44739
TJN_HOM_030_HomeGoods 2H Digital_F18,NinthDecimal,PJQ7NC_TJN_HOM_030_Mobile_NINTHDECIMAL_DST_SV1_MAP_DIR_RCH_TRG_RON_BTG_DMA_DVY_CONSUMER JOURNEY: DIYERS_Run of Network_Behavioral_F25-54_320 x 50_Click and View_NV_NA,204675009,11/8/2017,5312,64,5248,507,4741,25,4716,4561,155,532,515,5076
TJN_HOM_008_HomeGoods Summer Digital_FY18,Hulu,PHG79N_TJN_HOM_008_FEP_HULU_Masthead_SPONSORSHIP_CROSS DEVICE_CUSTOM_VIDEO_1X1_1X1_N/A_N/A_N/A_SITE_N/A_Roadblock_Demo_F25-54_1 x 1_Click and View_NV_NA,201462657,10/2/2017,2,0,2,2,0,0,0,0,0,2,2,2
TJN_HOM_030_HomeGoods 2H Digital_F18,NinthDecimal,PJQ7NB_TJN_HOM_030_Mobile_NINTHDECIMAL_DST_SV1_MAP_DIR_RCH_TRG_RON_BTG_PXT_DVY_LOCATION GRAPH: COMPETITIVE CONQUESTING_Run of Network_Behavioral_F25-54_320 x 50_Click and View_NV_NA,204649942,9/24/2017,5322,63,5259,2209,3050,15,3035,2937,98,2224,2152,5089
TJN_HOM_030_HomeGoods 2H Digital_F18,NinthDecimal,PJQ7N7_TJN_HOM_030_Mobile_NINTHDECIMAL_DST_SV1_MAP_DIR_RCH_TRG_RON_PXT_DMA_DVY_GEOFENCE: 15-20-MILE RADIUS AROUND RURAL STORES_Run of Network_Geo_F25-54_320 x 50_Click and View_NV_NA,204674556,11/12/2017,54268,1090,53178,4615,48563,181,48382,47327,1055,4796,4691,52018
TJN_HOM_030_HomeGoods 2H Digital_F18,NinthDecimal,PJQ7NB_TJN_HOM_030_Mobile_NINTHDECIMAL_DST_SV1_MAP_DIR_RCH_TRG_RON_BTG_PXT_DVY_LOCATION GRAPH: COMPETITIVE CONQUESTING_Run of Network_Behavioral_F25-54_320 x 50_Click and View_NV_NA,204649942,10/23/2017,8836,134,8702,4456,4246,47,4199,4056,143,4503,4350,8406
TJN_HOM_030_HomeGoods 2H Digital_F18,NinthDecimal,PJQ7N6_TJN_HOM_030_Mobile_NINTHDECIMAL_DST_SV1_MAP_DIR_RCH_TRG_RON_PXT_DMA_DVY_GEOFENCE: 5-10-MILE RADIUS AROUND SUBURBAN STORES_Run of Network_Geo_F25-54_320 x 50_Click and View_NV_NA,204646507,9/27/2017,13474,371,13103,6020,7083,24,7059,6916,143,6044,5922,12838
TJN_HOM_030_HomeGoods 2H Digital_F18,NinthDecimal,PJQ7N9_TJN_HOM_030_Mobile_NINTHDECIMAL_DST_SV1_MAP_DIR_RCH_TRG_RON_BTG_PXT_DVY_LOCATION GRAPH: TJX FAMILY LOYALISTS_Run of Network_Behavioral_F25-54_320 x 50_Click and View_NV_NA,204647917,10/21/2017,13361,197,13164,6032,7132,61,7071,6851,220,6093,5903,12754
TJN_HOM_008_HomeGoods Summer Digital_FY18,xAd Inc.,PHHXH0_TJN_HOM_008_Mobile_XAD INC_STANDALONE_RON_MOBILE APP_STANDARD_DISPLAY_320X50_GEO-FENCING_Run of Network_Behavioral_F25-54_320 x 50_Click and View_NV_NA,200587948,8/6/2017,10,0,10,0,10,7,3,2,1,7,5,7
TJN_HOM_030_HomeGoods 2H Digital_F18,NinthDecimal,PJQ7NG_TJN_HOM_030_Mobile_NINTHDECIMAL_DST_SV1_MAP_DIR_RCH_TRG_RON_BTG_DMA_DVY_CONSUMER JOURNEY: NEW HOME BUYERS & MOVERS_Run of Network_Behavioral_F25-54_320 x 50_Click and View_NV_NA,204625835,10/18/2017,8980,136,8844,4227,4617,23,4594,4448,146,4250,4115,8563
TJN_HOM_030_HomeGoods 2H Digital_F18,NinthDecimal,PJQ7N5_TJN_HOM_030_Mobile_NINTHDECIMAL_DST_SV1_MAP_DIR_RCH_TRG_RON_PXT_DMA_DVY_GEOFENCE: 2-MILE RADIUS AROUND URBAN STORES_Run of Network_Geo_F25-54_320 x 50_Click and View_NV_NA,204649945,10/4/2017,7548,249,7299,4558,2741,30,2711,2559,152,4588,4331,6890
TJN_HOM_030_HomeGoods 2H Digital_F18,xAd Inc.,PJQ7MR_TJN_HOM_030_Mobile_GROUND TRUTH FKA XAD_DST_SV1_MAP_DIR_DSP_TRG_RON_MKT_DMA_DVY_LOCATION - COMPETITOR SHOPPERS - DYNAMIC DISTANCE_Run of Network_Geo_F25-54_300 x 250_Click and View_NV_NA,204647890,9/20/2017,5116,351,4765,4765,0,0,0,0,0,4765,1787,1787
TJN_HOM_030_HomeGoods 2H Digital_F18,NinthDecimal,PJQ7N9_TJN_HOM_030_Mobile_NINTHDECIMAL_DST_SV1_MAP_DIR_RCH_TRG_RON_BTG_PXT_DVY_LOCATION GRAPH: TJX FAMILY LOYALISTS_Run of Network_Behavioral_F25-54_320 x 50_Click and View_NV_NA,204647917,9/9/2017,2046,31,2015,1090,925,8,917,866,51,1098,1037,1903
TJN_HOM_008_HomeGoods Summer Digital_FY18,xAd Inc.,PHHXGY_TJN_HOM_008_Mobile_XAD INC_CHILD_LOYALTY_MOBILE APP_CUSTOM_RICH MEDIA_320X50_GEO-FENCING_Run of Network_Geo_F25-54_320 x 50_Click and View_NV_NA,200584630,8/28/2017,34226,366,33860,11474,22386,54,22332,22293,39,11528,11508,33801
TJN_HOM_008_HomeGoods Summer Digital_FY18,xAd Inc.,PHHXGZ_TJN_HOM_008_Mobile_XAD INC_CHILD_LOYALTY_MOBILE APP_CUSTOM_RICH MEDIA_300X250_GEO-FENCING_Run of Network_Geo_F25-54_300 x 250_Click and View_NV_NA,200577158,8/25/2017,1839,21,1818,1609,209,2,207,186,21,1611,1448,1634
TJN_HOM_030_HomeGoods 2H Digital_F18,xAd Inc.,PJQ7MG_TJN_HOM_030_Mobile_GROUND TRUTH FKA XAD_DST_SV1_MAP_DIR_DSP_TRG_RON_PXT_BTG_DVY_PROXIMITY LOYALTY - DYNAMIC DISTANCE_Run of Network_Geo_F25-54_320 x 50_Click and View_NV_NA,204626813,10/4/2017,2,0,2,1,1,0,1,1,0,1,1,2
TJN_HOM_008_HomeGoods Summer Digital_FY18,xAd Inc.,PHHXGR_TJN_HOM_008_Mobile_XAD INC_CHILD_LOYALTY_MOBILE APP_STANDARD_DISPLAY_320X50_GEO-FENCING_Run of Network_Geo_F25-54_320 x 50_Click and View_NV_NA,200587518,9/3/2017,49453,811,48642,32009,16633,66,16567,16412,155,32075,31775,48187
TJN_HOM_030_HomeGoods 2H Digital_F18,xAd Inc.,PJQ7MR_TJN_HOM_030_Mobile_GROUND TRUTH FKA XAD_DST_SV1_MAP_DIR_DSP_TRG_RON_MKT_DMA_DVY_LOCATION - COMPETITOR SHOPPERS - DYNAMIC DISTANCE_Run of Network_Geo_F25-54_300 x 250_Click and View_NV_NA,204647890,10/30/2017,8325,246,8079,8079,0,0,0,0,0,8079,7235,7235
TJN_HOM_008_HomeGoods Summer Digital_FY18,Hulu,PHG79G_TJN_HOM_008_FEP_HULU_ROS Pre-roll_CROSS DEVICE_PRE-ROLL_VIDEO_1920X1080_VAST_AUDIENCE_N/A_N/A_3RD PARTY_N/A_Run of Site_Demo_F25-54_1920 x 1080_Standard_NV_NA,201466946,8/2/2017,33879,303,33576,33576,0,0,0,0,0,33576,29519,29519
TJN_HOM_013_HomeGoods FEP_Q3FY18,Discovery Digital Media,PHWLS6_TJN_HOM_013_Content_DISCOVERY NETWORKS_Full Episode Video Mobile App_30s_FEP_Contextual_F25-54_1920 x 1080_Standard_NV_NA,201891425,8/23/2017,23420,231,23189,23189,0,0,0,0,0,23189,,
TJN_HOM_030_HomeGoods 2H Digital_F18,NinthDecimal,PJQ7NB_TJN_HOM_030_Mobile_NINTHDECIMAL_DST_SV1_MAP_DIR_RCH_TRG_RON_BTG_PXT_DVY_LOCATION GRAPH: COMPETITIVE CONQUESTING_Run of Network_Behavioral_F25-54_320 x 50_Click and View_NV_NA,204649942,9/22/2017,5736,124,5612,2793,2819,17,2802,2721,81,2810,2729,5450
TJN_HOM_030_HomeGoods 2H Digital_F18,NinthDecimal,PJQ7N7_TJN_HOM_030_Mobile_NINTHDECIMAL_DST_SV1_MAP_DIR_RCH_TRG_RON_PXT_DMA_DVY_GEOFENCE: 15-20-MILE RADIUS AROUND RURAL STORES_Run of Network_Geo_F25-54_320 x 50_Click and View_NV_NA,204674556,9/26/2017,13259,258,13001,4246,8755,27,8728,8555,173,4273,4188,12743
TJN_HOM_013_HomeGoods FEP_Q3FY18,Discovery Digital Media,PHWLS5_TJN_HOM_013_Content_DISCOVERY NETWORKS_Full Episode Video Desktop_30s_FEP_Contextual_F25-54_1920 x 1080_Standard_NV_NA,201895013,8/8/2017,4615,121,4494,4494,0,0,0,0,0,4494,,
TJN_HOM_013_HomeGoods FEP_Q3FY18,Discovery Digital Media,PHWLS7_TJN_HOM_013_Content_DISCOVERY NETWORKS_Full Episode Video Mobile Web_30s_FEP_Contextual_F25-54_1920 x 1080_Standard_NV_NA,201895019,7/20/2017,1215,5,1210,1210,0,0,0,0,0,1210,,
TJN_HOM_008_HomeGoods Summer Digital_FY18,Hulu,PHG79G_TJN_HOM_008_FEP_HULU_ROS Pre-roll_CROSS DEVICE_PRE-ROLL_VIDEO_1920X1080_VAST_AUDIENCE_N/A_N/A_3RD PARTY_N/A_Run of Site_Demo_F25-54_1920 x 1080_Standard_NV_NA,201466946,7/18/2017,10976,94,10882,10882,0,0,0,0,0,10882,10347,10347
TJN_HOM_008_HomeGoods Summer Digital_FY18,Hulu,PHG79N_TJN_HOM_008_FEP_HULU_Masthead_SPONSORSHIP_CROSS DEVICE_CUSTOM_VIDEO_1X1_1X1_N/A_N/A_N/A_SITE_N/A_Roadblock_Demo_F25-54_1 x 1_Click and View_NV_NA,201462657,8/1/2017,326874,2113,324761,324761,0,0,0,0,0,324761,309648,309648
TJN_HOM_025_HomeGoods Digital Video_Q4FY18,Tremor Video Inc.,PK6DY1_TJN_HOM_025_OLV_TREMOR NETWORK_AWR_BS1_CTV_DIR_VID_TRG_RON_BTG_CTG_DVY_ALL SCREEN PREROLL + SOCIAL AFFINITY TARGETING TO W25-54 HOME ENTHUSIASTS CTV_Run of Network_Behavioral_F25-54_1280 x 720_Standard_NV_NA,205941318,11/6/2017,1,0,1,1,0,0,0,0,0,1,0,0
TJN_HOM_025_HomeGoods Digital Video_Q4FY18,Tremor Video Inc.,PK6F30_TJN_HOM_025_OLV_TREMOR NETWORK_AWR_BS1_CTV_DIR_VID_TRG_RON_PXT_CTG_DVY_ALL SCREEN PREROLL + PROXIMITYPLUS DWELL TIME TARGETING TO HOMEGOODS VISITORS CTV_Run of Network_Behavioral_F25-54_1280 x 720_Standard_NV_NA,205942131,10/4/2017,7198,16,7182,7182,0,0,0,0,0,7182,0,0
TJN_HOM_030_HomeGoods 2H Digital_F18,xAd Inc.,PJQ7ML_TJN_HOM_030_Mobile_GROUND TRUTH FKA XAD_DST_SV1_MAP_DIR_DSP_TRG_RON_BTG_DMA_DVY_BEHAVIORAL - HOME SHOPPER - DYNAMIC DISTANCE_Run of Network_Behavioral_F25-54_320 x 50_Click and View_NV_NA,204626174,11/11/2017,61150,465,60685,27964,32721,20585,12136,8563,3573,48549,34256,42819
TJN_HOM_030_HomeGoods 2H Digital_F18,xAd Inc.,PJQ7MS_TJN_HOM_030_Mobile_GROUND TRUTH FKA XAD_DST_SV1_MAP_DIR_DSP_TRG_RON_DMA_PXT_DVY_AV DMA TARGETING_Run of Network_Geo_F25-54_300 x 250_Click and View_NV_NA,204646501,11/9/2017,26366,460,25906,21368,4538,1036,3502,2467,1035,22404,15760,18227
TJN_HOM_013_HomeGoods FEP_Q3FY18,Discovery Digital Media,PHWLS6_TJN_HOM_013_Content_DISCOVERY NETWORKS_Full Episode Video Mobile App_30s_FEP_Contextual_F25-54_1920 x 1080_Standard_NV_NA,201891425,7/22/2017,21212,186,21026,21026,0,0,0,0,0,21026,,
TJN_HOM_008_HomeGoods Summer Digital_FY18,Hulu,PHG79K_TJN_HOM_008_FEP_HULU_Summer TV Pre-roll_SPONSORSHIP_CROSS DEVICE_PRE-ROLL_VIDEO_1920X1080_VAST_N/A_N/A_N/A_3RD PARTY_N/A_Roadblock_Demo_F25-54_1920 x 1080_Standard_NV_NA,201466499,8/16/2017,979795,7507,972288,972288,0,0,0,0,0,972288,867618,867618
TJN_HOM_008_HomeGoods Summer Digital_FY18,NinthDecimal,PHHXGQ_TJN_HOM_008_Mobile_NINTHDECIMAL_CHILD_PET OWNERS RETENTION_MOBILE APP_CUSTOM_DISPLAY_320X50_Run of Network_Behavioral_F25-54_320 x 50_Click and View_NV_NA,200578886,8/29/2017,5721,55,5666,743,4923,25,4898,4645,253,768,728,5373
TJN_HOM_030_HomeGoods 2H Digital_F18,xAd Inc.,PJQ7MK_TJN_HOM_030_Mobile_GROUND TRUTH FKA XAD_DST_SV1_MAP_DIR_DSP_TRG_RON_PXT_BTG_DVY_PROXIMITY LOYALTY - STORE LOCATOR UNIT_Run of Network_Geo_F25-54_300 x 250_Click and View_NV_NA,204625442,10/6/2017,8483,112,8371,972,7399,102,7297,5518,1779,1074,812,6330
TJN_HOM_008_HomeGoods Summer Digital_FY18,xAd Inc.,PHHXGT_TJN_HOM_008_Mobile_XAD INC_CHILD_CONQUESTING_MOBILE APP_STANDARD_DISPLAY_320X50_GEO-FENCING_Run of Network_Geo_F25-54_320 x 50_Click and View_NV_NA,200573066,8/15/2017,126505,1534,124971,88356,36615,402,36213,31352,4861,88758,76844,108196
TJN_HOM_008_HomeGoods Summer Digital_FY18,Hulu,PHG79N_TJN_HOM_008_FEP_HULU_Masthead_SPONSORSHIP_CROSS DEVICE_CUSTOM_VIDEO_1X1_1X1_N/A_N/A_N/A_SITE_N/A_Roadblock_Demo_F25-54_1 x 1_Click and View_NV_NA,201462657,7/29/2017,16790,150,16640,16640,0,0,0,0,0,16640,14852,14852
TJN_HOM_025_HomeGoods Digital Video_Q4FY18,Tremor Video Inc.,PK1FYM_TJN_HOM_025_OLV_TREMOR NETWORK_AWR_BS1_DSK_DIR_VID_TRG_RON_BTG_CTG_DVY_ALL SCREEN PREROLL + SOCIAL AFFINITY TARGETING TO W25-54 HOME ENTHUSIASTS DESKTOP_Run of Network_Behavioral_F25-54_1280 x 720_Standard_NV_NA,205941870,11/6/2017,50216,108,50108,8108,42000,661,41339,14572,26767,8769,3091,17663
TJN_HOM_025_HomeGoods Digital Video_Q4FY18,Tremor Video Inc.,PK1FYM_TJN_HOM_025_OLV_TREMOR NETWORK_AWR_BS1_DSK_DIR_VID_TRG_RON_BTG_CTG_DVY_ALL SCREEN PREROLL + SOCIAL AFFINITY TARGETING TO W25-54 HOME ENTHUSIASTS DESKTOP_Run of Network_Behavioral_F25-54_1280 x 720_Standard_NV_NA,205941870,11/4/2017,9047,2,9045,895,8150,146,8004,2438,5566,1041,317,2755
TJN_HOM_030_HomeGoods 2H Digital_F18,xAd Inc.,PJQ7MQ_TJN_HOM_030_Mobile_GROUND TRUTH FKA XAD_DST_SV1_MAP_DIR_DSP_TRG_RON_MKT_DMA_DVY_LOCATION - COMPETITOR SHOPPERS - DYNAMIC DISTANCE_Run of Network_Geo_F25-54_320 x 50_Click and View_NV_NA,204617210,11/4/2017,2,1,1,1,0,0,0,0,0,1,0,0
TJN_HOM_030_HomeGoods 2H Digital_F18,xAd Inc.,PJQ7MK_TJN_HOM_030_Mobile_GROUND TRUTH FKA XAD_DST_SV1_MAP_DIR_DSP_TRG_RON_PXT_BTG_DVY_PROXIMITY LOYALTY - STORE LOCATOR UNIT_Run of Network_Geo_F25-54_300 x 250_Click and View_NV_NA,204625442,10/11/2017,3975,26,3949,85,3864,64,3800,3364,436,149,132,3496
TJN_HOM_030_HomeGoods 2H Digital_F18,xAd Inc.,PJQ7MQ_TJN_HOM_030_Mobile_GROUND TRUTH FKA XAD_DST_SV1_MAP_DIR_DSP_TRG_RON_MKT_DMA_DVY_LOCATION - COMPETITOR SHOPPERS - DYNAMIC DISTANCE_Run of Network_Geo_F25-54_320 x 50_Click and View_NV_NA,204617210,11/6/2017,2,2,0,0,0,0,0,0,0,0,0,0
TJN_HOM_030_HomeGoods 2H Digital_F18,xAd Inc.,PJQ7MQ_TJN_HOM_030_Mobile_GROUND TRUTH FKA XAD_DST_SV1_MAP_DIR_DSP_TRG_RON_MKT_DMA_DVY_LOCATION - COMPETITOR SHOPPERS - DYNAMIC DISTANCE_Run of Network_Geo_F25-54_320 x 50_Click and View_NV_NA,204617210,9/25/2017,179142,3548,175594,113183,62411,3421,58990,50258,8732,116604,90921,141179
TJN_HOM_030_HomeGoods 2H Digital_F18,NinthDecimal,PJQ7NH_TJN_HOM_030_Mobile_NINTHDECIMAL_DST_SV1_MAP_DIR_RCH_TRG_RON_BTG_DMA_DVY_CONSUMER JOURNEY: PET SUPPLY SHOPPERS_Run of Network_Behavioral_F25-54_320 x 50_Click and View_NV_NA,204647914,11/4/2017,3705,71,3634,191,3443,8,3435,3304,131,199,191,3495
TJN_HOM_030_HomeGoods 2H Digital_F18,NinthDecimal,PJQ7NH_TJN_HOM_030_Mobile_NINTHDECIMAL_DST_SV1_MAP_DIR_RCH_TRG_RON_BTG_DMA_DVY_CONSUMER JOURNEY: PET SUPPLY SHOPPERS_Run of Network_Behavioral_F25-54_320 x 50_Click and View_NV_NA,204647914,11/6/2017,4276,53,4223,224,3999,22,3977,3832,145,246,237,4069
TJN_HOM_008_HomeGoods Summer Digital_FY18,NinthDecimal,PHHXGK_TJN_HOM_008_Mobile_NINTHDECIMAL_CHILD_PROSPECTING_MOBILE APP_CUSTOM_DISPLAY_320X50_Run of Network_Behavioral_F25-54_320 x 50_Click and View_NV_NA,200587954,7/21/2017,95206,1114,94092,30476,63616,288,63328,60425,2903,30764,29354,89779
TJN_HOM_008_HomeGoods Summer Digital_FY18,Hulu,PHG79M_TJN_HOM_008_FEP_HULU_Premium Slate_CROSS DEVICE_PRE-ROLL_CUSTOM_VECTOR LOGO_1X1_N/A_N/A_N/A_SITE_N/A_Roadblock_Demo_F25-54_1 x 1_Click and View_NV_NA,201466502,8/14/2017,262626,1983,260643,260643,0,0,0,0,0,260643,238643,238643
TJN_HOM_013_HomeGoods FEP_Q3FY18,Discovery Digital Media,PHWLS6_TJN_HOM_013_Content_DISCOVERY NETWORKS_Full Episode Video Mobile App_30s_FEP_Contextual_F25-54_1920 x 1080_Standard_NV_NA,201891425,7/23/2017,21555,136,21419,21419,0,0,0,0,0,21419,,
TJN_HOM_030_HomeGoods 2H Digital_F18,NinthDecimal,PJQ7NH_TJN_HOM_030_Mobile_NINTHDECIMAL_DST_SV1_MAP_DIR_RCH_TRG_RON_BTG_DMA_DVY_CONSUMER JOURNEY: PET SUPPLY SHOPPERS_Run of Network_Behavioral_F25-54_320 x 50_Click and View_NV_NA,204647914,9/25/2017,8159,139,8020,2813,5207,34,5173,5024,149,2847,2765,7789
TJN_HOM_030_HomeGoods 2H Digital_F18,NinthDecimal,PJQ7NJ_TJN_HOM_030_Mobile_NINTHDECIMAL_DST_SV1_MAP_DIR_RCH_TRG_RON_BTG_DMA_DVY_CONSUMER JOURNEY: BARGAIN HUNTERS_Run of Network_Behavioral_F25-54_320 x 50_Click and View_NV_NA,204644353,11/9/2017,5031,81,4950,616,4334,24,4310,4184,126,640,621,4805
TJN_HOM_030_HomeGoods 2H Digital_F18,NinthDecimal,PJQ7N6_TJN_HOM_030_Mobile_NINTHDECIMAL_DST_SV1_MAP_DIR_RCH_TRG_RON_PXT_DMA_DVY_GEOFENCE: 5-10-MILE RADIUS AROUND SUBURBAN STORES_Run of Network_Geo_F25-54_320 x 50_Click and View_NV_NA,204646507,9/21/2017,12563,330,12233,5552,6681,35,6646,6489,157,5587,5455,11944
TJN_HOM_030_HomeGoods 2H Digital_F18,NinthDecimal,PJQ7N7_TJN_HOM_030_Mobile_NINTHDECIMAL_DST_SV1_MAP_DIR_RCH_TRG_RON_PXT_DMA_DVY_GEOFENCE: 15-20-MILE RADIUS AROUND RURAL STORES_Run of Network_Geo_F25-54_320 x 50_Click and View_NV_NA,204674556,10/3/2017,3231,79,3152,2366,786,16,770,744,26,2382,2302,3046
TJN_HOM_030_HomeGoods 2H Digital_F18,NinthDecimal,PJQ7N5_TJN_HOM_030_Mobile_NINTHDECIMAL_DST_SV1_MAP_DIR_RCH_TRG_RON_PXT_DMA_DVY_GEOFENCE: 2-MILE RADIUS AROUND URBAN STORES_Run of Network_Geo_F25-54_320 x 50_Click and View_NV_NA,204649945,9/7/2017,6273,193,6080,3458,2622,38,2584,2509,75,3496,3395,5904
TJN_HOM_025_HomeGoods Digital Video_Q4FY18,Tremor Video Inc.,PK6DYV_TJN_HOM_025_OLV_TREMOR NETWORK_AWR_BS1_MAP_DIR_VID_TRG_RON_PXT_CTG_DVY_ALL SCREEN PREROLL + PROXIMITYPLUS DWELL TIME TARGETING TO HOMEGOODS VISITORS MOB/TAB APP_Run of Network_Behavioral_F25-54_1280 x 720_Standard_NV_NA,205859075,10/7/2017,193,0,193,158,35,0,35,34,1,158,153,187
TJN_HOM_013_HomeGoods FEP_Q3FY18,Scripps Networks,PHNKCR_TJN_HOM_013_FEP_SCRIPPSNETWORKS.COM_On-site_Crossplatform_FEP_Demo_F25-54_1280 x 720_Standard_NV_NA,201888442,9/7/2017,1146,3,1143,1143,0,0,0,0,0,1143,,
TJN_HOM_025_HomeGoods Digital Video_Q4FY18,Tremor Video Inc.,PK6DY1_TJN_HOM_025_OLV_TREMOR NETWORK_AWR_BS1_CTV_DIR_VID_TRG_RON_BTG_CTG_DVY_ALL SCREEN PREROLL + SOCIAL AFFINITY TARGETING TO W25-54 HOME ENTHUSIASTS CTV_Run of Network_Behavioral_F25-54_1280 x 720_Standard_NV_NA,205941318,10/15/2017,49458,0,49458,49458,0,0,0,0,0,49458,43437,43437
TJN_HOM_030_HomeGoods 2H Digital_F18,NinthDecimal,PJQ7N8_TJN_HOM_030_Mobile_NINTHDECIMAL_DST_SV1_MAP_DIR_RCH_TRG_RON_BTG_PXT_DVY_LOCATION GRAPH: HOMEGOODS LOYALISTS_Run of Network_Behavioral_F25-54_320 x 50_Click and View_NV_NA,204675012,9/10/2017,11617,82,11535,2692,8843,16,8827,8560,267,2708,2626,11186
TJN_HOM_030_HomeGoods 2H Digital_F18,NinthDecimal,PJQ7NB_TJN_HOM_030_Mobile_NINTHDECIMAL_DST_SV1_MAP_DIR_RCH_TRG_RON_BTG_PXT_DVY_LOCATION GRAPH: COMPETITIVE CONQUESTING_Run of Network_Behavioral_F25-54_320 x 50_Click and View_NV_NA,204649942,10/16/2017,8724,136,8588,5479,3109,27,3082,3000,82,5506,5360,8360
TJN_HOM_008_HomeGoods Summer Digital_FY18,xAd Inc.,PHHXGV_TJN_HOM_008_Mobile_XAD INC_CHILD_CONQUESTING_MOBILE APP_STANDARD_DISPLAY_300X250_GEO-FENCING_Run of Network_Geo_F25-54_300 x 250_Click and View_NV_NA,200573063,8/28/2017,13154,2090,11064,79,10985,10985,0,0,0,11064,10000,10000
TJN_HOM_030_HomeGoods 2H Digital_F18,xAd Inc.,PJQ7MG_TJN_HOM_030_Mobile_GROUND TRUTH FKA XAD_DST_SV1_MAP_DIR_DSP_TRG_RON_PXT_BTG_DVY_PROXIMITY LOYALTY - DYNAMIC DISTANCE_Run of Network_Geo_F25-54_320 x 50_Click and View_NV_NA,204626813,9/7/2017,46817,1190,45627,29270,16357,2586,13771,11052,2719,31856,25971,37023
TJN_HOM_013_HomeGoods FEP_Q3FY18,Discovery Digital Media,PHWLS6_TJN_HOM_013_Content_DISCOVERY NETWORKS_Full Episode Video Mobile App_30s_FEP_Contextual_F25-54_1920 x 1080_Standard_NV_NA,201891425,9/9/2017,11885,88,11797,11797,0,0,0,0,0,11797,,
TJN_HOM_030_HomeGoods 2H Digital_F18,Nativo Inc.,PK87W8_TJN_HOM_030_Content_NATIVO FKA POST RLSE_DSI_BS2_MWB_DIR_NAD_ROT_RON_CTG_BTG_DVY_NATIVE DISPLAY UNIT FALL TRENDS_Run of Network_Contextual_F25-54_1 x 1_Click and View_NV_NA,206137761,11/2/2017,6,0,6,0,6,3,3,1,2,3,1,2
TJN_HOM_013_HomeGoods FEP_Q3FY18,Discovery Digital Media,PHWLS9_TJN_HOM_013_Content_DISCOVERY NETWORKS_Full Episode Video OTT/CTV_30s_FEP_Contextual_F25-54_1920 x 1080_Standard_NV_NA,201891428,7/24/2017,11521,29,11492,11492,0,0,0,0,0,11492,,
TJN_HOM_008_HomeGoods Summer Digital_FY18,NinthDecimal,Rolled-up Placements,N/A,7/2/2017,33288,288,33000,10533,22467,79,22388,21226,1162,10612,10154,31380
TJN_HOM_008_HomeGoods Summer Digital_FY18,NinthDecimal,PHHXGL_TJN_HOM_008_Mobile_NINTHDECIMAL_CHILD_RETENTION_MOBILE APP_CUSTOM_DISPLAY_320X50_Run of Network_Behavioral_F25-54_320 x 50_Click and View_NV_NA,200585092,8/1/2017,11133,276,10857,2242,8615,47,8568,8134,434,2289,2173,10307
TJN_HOM_008_HomeGoods Summer Digital_FY18,NinthDecimal,PHHXGQ_TJN_HOM_008_Mobile_NINTHDECIMAL_CHILD_PET OWNERS RETENTION_MOBILE APP_CUSTOM_DISPLAY_320X50_Run of Network_Behavioral_F25-54_320 x 50_Click and View_NV_NA,200578886,9/1/2017,5721,29,5692,640,5052,18,5034,4763,271,658,623,5386
TJN_HOM_030_HomeGoods 2H Digital_F18,xAd Inc.,PJQ7MJ_TJN_HOM_030_Mobile_GROUND TRUTH FKA XAD_DST_SV1_MAP_DIR_DSP_TRG_RON_PXT_BTG_DVY_PROXIMITY LOYALTY - STORE LOCATOR UNIT_Run of Network_Geo_F25-54_320 x 50_Click and View_NV_NA,204649939,10/26/2017,11610,271,11339,4763,6576,116,6460,6338,122,4879,4787,11125
TJN_HOM_008_HomeGoods Summer Digital_FY18,xAd Inc.,PHHXGZ_TJN_HOM_008_Mobile_XAD INC_CHILD_LOYALTY_MOBILE APP_CUSTOM_RICH MEDIA_300X250_GEO-FENCING_Run of Network_Geo_F25-54_300 x 250_Click and View_NV_NA,200577158,7/21/2017,8176,155,8021,7705,316,10,306,291,15,7715,7337,7628
TJN_HOM_030_HomeGoods 2H Digital_F18,NinthDecimal,PJQ7N5_TJN_HOM_030_Mobile_NINTHDECIMAL_DST_SV1_MAP_DIR_RCH_TRG_RON_PXT_DMA_DVY_GEOFENCE: 2-MILE RADIUS AROUND URBAN STORES_Run of Network_Geo_F25-54_320 x 50_Click and View_NV_NA,204649945,10/27/2017,10299,100,10199,388,9811,25,9786,9496,290,413,401,9897
TJN_HOM_030_HomeGoods 2H Digital_F18,NinthDecimal,PJQ7NH_TJN_HOM_030_Mobile_NINTHDECIMAL_DST_SV1_MAP_DIR_RCH_TRG_RON_BTG_DMA_DVY_CONSUMER JOURNEY: PET SUPPLY SHOPPERS_Run of Network_Behavioral_F25-54_320 x 50_Click and View_NV_NA,204647914,10/15/2017,9437,166,9271,4883,4388,29,4359,4204,155,4912,4737,8941
TJN_HOM_030_HomeGoods 2H Digital_F18,NinthDecimal,PJQ7N7_TJN_HOM_030_Mobile_NINTHDECIMAL_DST_SV1_MAP_DIR_RCH_TRG_RON_PXT_DMA_DVY_GEOFENCE: 15-20-MILE RADIUS AROUND RURAL STORES_Run of Network_Geo_F25-54_320 x 50_Click and View_NV_NA,204674556,10/25/2017,12257,212,12045,5930,6115,193,5922,5529,393,6123,5717,11246
TJN_HOM_008_HomeGoods Summer Digital_FY18,Hulu,PHG79J_TJN_HOM_008_FEP_HULU_Branded Slate_ROS_CROSS DEVICE_PRE-ROLL_CUSTOM_VECTOR LOGO_1X1_AUDIENCE_N/A_N/A_SITE_N/A_Run of Site_Demo_F25-54_1 x 1_Click and View_NV_NA,201467345,9/18/2017,1627,12,1615,1615,0,0,0,0,0,1615,1440,1440
TJN_HOM_030_HomeGoods 2H Digital_F18,Nativo Inc.,PJQDHJ_TJN_HOM_030_Content_NATIVO FKA POST RLSE_DSI_BS2_MWB_DIR_NAD_ROT_RON_CTG_BTG_DVY_NATIVE DISPLAY UNIT FALLIDAYS_Run of Network_Contextual_F25-54_1 x 1_Click and View_NV_NA,206024352,10/23/2017,483959,21723,462236,5651,456585,39858,416727,160600,256127,45509,17538,178138
TJN_HOM_008_HomeGoods Summer Digital_FY18,NinthDecimal,PHHXGL_TJN_HOM_008_Mobile_NINTHDECIMAL_CHILD_RETENTION_MOBILE APP_CUSTOM_DISPLAY_320X50_Run of Network_Behavioral_F25-54_320 x 50_Click and View_NV_NA,200585092,7/29/2017,10500,197,10303,2441,7862,22,7840,7493,347,2463,2354,9847
TJN_HOM_030_HomeGoods 2H Digital_F18,xAd Inc.,PJQ7MG_TJN_HOM_030_Mobile_GROUND TRUTH FKA XAD_DST_SV1_MAP_DIR_DSP_TRG_RON_PXT_BTG_DVY_PROXIMITY LOYALTY - DYNAMIC DISTANCE_Run of Network_Geo_F25-54_320 x 50_Click and View_NV_NA,204626813,10/27/2017,51199,808,50391,45086,5305,1145,4160,3941,219,46231,40761,44702
TJN_HOM_030_HomeGoods 2H Digital_F18,xAd Inc.,PJQ7MM_TJN_HOM_030_Mobile_GROUND TRUTH FKA XAD_DST_SV1_MAP_DIR_DSP_TRG_RON_BTG_DMA_DVY_BEHAVIORAL - HOME SHOPPER- DYNAMIC DISTANCE_Run of Network_Behavioral_F25-54_300 x 250_Click and View_NV_NA,204626171,10/31/2017,8955,318,8637,8637,0,0,0,0,0,8637,7124,7124
TJN_HOM_030_HomeGoods 2H Digital_F18,xAd Inc.,PJQ7MQ_TJN_HOM_030_Mobile_GROUND TRUTH FKA XAD_DST_SV1_MAP_DIR_DSP_TRG_RON_MKT_DMA_DVY_LOCATION - COMPETITOR SHOPPERS - DYNAMIC DISTANCE_Run of Network_Geo_F25-54_320 x 50_Click and View_NV_NA,204617210,10/15/2017,6825,105,6720,4590,2130,274,1856,1690,166,4864,4283,5973
TJN_HOM_025_HomeGoods Digital Video_Q4FY18,Tremor Video Inc.,PK1FYM_TJN_HOM_025_OLV_TREMOR NETWORK_AWR_BS1_DSK_DIR_VID_TRG_RON_BTG_CTG_DVY_ALL SCREEN PREROLL + SOCIAL AFFINITY TARGETING TO W25-54 HOME ENTHUSIASTS DESKTOP_Run of Network_Behavioral_F25-54_1280 x 720_Standard_NV_NA,205941870,10/15/2017,84663,56,84607,28946,55661,1525,54136,47532,6604,30471,26754,74286
TJN_HOM_025_HomeGoods Digital Video_Q4FY18,Tremor Video Inc.,PK6F30_TJN_HOM_025_OLV_TREMOR NETWORK_AWR_BS1_CTV_DIR_VID_TRG_RON_PXT_CTG_DVY_ALL SCREEN PREROLL + PROXIMITYPLUS DWELL TIME TARGETING TO HOMEGOODS VISITORS CTV_Run of Network_Behavioral_F25-54_1280 x 720_Standard_NV_NA,205942131,10/27/2017,66423,3,66420,66420,0,0,0,0,0,66420,0,0
TJN_HOM_030_HomeGoods 2H Digital_F18,NinthDecimal,PJQ7N9_TJN_HOM_030_Mobile_NINTHDECIMAL_DST_SV1_MAP_DIR_RCH_TRG_RON_BTG_PXT_DVY_LOCATION GRAPH: TJX FAMILY LOYALISTS_Run of Network_Behavioral_F25-54_320 x 50_Click and View_NV_NA,204647917,11/5/2017,6922,77,6845,342,6503,26,6477,6303,174,368,358,6661
TJN_HOM_030_HomeGoods 2H Digital_F18,NinthDecimal,PJQ7N8_TJN_HOM_030_Mobile_NINTHDECIMAL_DST_SV1_MAP_DIR_RCH_TRG_RON_BTG_PXT_DVY_LOCATION GRAPH: HOMEGOODS LOYALISTS_Run of Network_Behavioral_F25-54_320 x 50_Click and View_NV_NA,204675012,9/29/2017,4168,131,4037,2817,1220,23,1197,1090,107,2840,2586,3676
TJN_HOM_008_HomeGoods Summer Digital_FY18,Hulu,PHG79J_TJN_HOM_008_FEP_HULU_Branded Slate_ROS_CROSS DEVICE_PRE-ROLL_CUSTOM_VECTOR LOGO_1X1_AUDIENCE_N/A_N/A_SITE_N/A_Run of Site_Demo_F25-54_1 x 1_Click and View_NV_NA,201467345,7/24/2017,1990,13,1977,1977,0,0,0,0,0,1977,1802,1802
TJN_HOM_008_HomeGoods Summer Digital_FY18,NinthDecimal,PHHXGN_TJN_HOM_008_Mobile_NINTHDECIMAL_CHILD_LUXURY SHOPPERS RETENTION_MOBILE APP_CUSTOM_DISPLAY_320X50_Run of Network_Behavioral_F25-54_320 x 50_Click and View_NV_NA,200582901,7/19/2017,256,0,256,34,222,2,220,204,16,36,33,237
TJN_HOM_030_HomeGoods 2H Digital_F18,NinthDecimal,PJQ7NC_TJN_HOM_030_Mobile_NINTHDECIMAL_DST_SV1_MAP_DIR_RCH_TRG_RON_BTG_DMA_DVY_CONSUMER JOURNEY: DIYERS_Run of Network_Behavioral_F25-54_320 x 50_Click and View_NV_NA,204675009,10/8/2017,10254,189,10065,6251,3814,20,3794,3696,98,6271,6109,9805
TJN_HOM_030_HomeGoods 2H Digital_F18,xAd Inc.,PJQ7MN_TJN_HOM_030_Mobile_GROUND TRUTH FKA XAD_DST_SV1_MAP_DIR_DSP_TRG_RON_MKT_DMA_DVY_LOCATION - HOMEGOODS SHOPPERS - DYNAMIC DISTANCE_Run of Network_Geo_F25-54_320 x 50_Click and View_NV_NA,204651439,11/9/2017,30780,315,30465,22155,8310,135,8175,6857,1318,22290,18614,25471
TJN_HOM_030_HomeGoods 2H Digital_F18,NinthDecimal,PJQ7NF_TJN_HOM_030_Mobile_NINTHDECIMAL_DST_SV1_MAP_DIR_RCH_TRG_RON_BTG_DMA_DVY_CONSUMER JOURNEY: HOME FURNISHINGS SHOPPERS_Run of Network_Behavioral_F25-54_320 x 50_Click and View_NV_NA,204626291,9/12/2017,14684,316,14368,4307,10061,61,10000,9799,201,4368,4280,14079
TJN_HOM_008_HomeGoods Summer Digital_FY18,xAd Inc.,PHHXGZ_TJN_HOM_008_Mobile_XAD INC_CHILD_LOYALTY_MOBILE APP_CUSTOM_RICH MEDIA_300X250_GEO-FENCING_Run of Network_Geo_F25-54_300 x 250_Click and View_NV_NA,200577158,8/10/2017,1634,42,1592,863,729,8,721,657,64,871,794,1451
TJN_HOM_008_HomeGoods Summer Digital_FY18,NinthDecimal,PHHXGK_TJN_HOM_008_Mobile_NINTHDECIMAL_CHILD_PROSPECTING_MOBILE APP_CUSTOM_DISPLAY_320X50_Run of Network_Behavioral_F25-54_320 x 50_Click and View_NV_NA,200587954,7/25/2017,91382,980,90402,31409,58993,224,58769,56408,2361,31633,30362,86770
TJN_HOM_030_HomeGoods 2H Digital_F18,Nativo Inc.,PK87W8_TJN_HOM_030_Content_NATIVO FKA POST RLSE_DSI_BS2_MWB_DIR_NAD_ROT_RON_CTG_BTG_DVY_NATIVE DISPLAY UNIT FALL TRENDS_Run of Network_Contextual_F25-54_1 x 1_Click and View_NV_NA,206137761,10/20/2017,271984,10315,261669,5385,256284,26841,229443,83875,145568,32226,11781,95656
TJN_HOM_025_HomeGoods Digital Video_Q4FY18,Tremor Video Inc.,PK6DYV_TJN_HOM_025_OLV_TREMOR NETWORK_AWR_BS1_MAP_DIR_VID_TRG_RON_PXT_CTG_DVY_ALL SCREEN PREROLL + PROXIMITYPLUS DWELL TIME TARGETING TO HOMEGOODS VISITORS MOB/TAB APP_Run of Network_Behavioral_F25-54_1280 x 720_Standard_NV_NA,205859075,10/28/2017,637759,886,636873,635772,1101,24,1077,430,647,635796,253846,254276
TJN_HOM_013_HomeGoods FEP_Q3FY18,Discovery Digital Media,PHWLS5_TJN_HOM_013_Content_DISCOVERY NETWORKS_Full Episode Video Desktop_30s_FEP_Contextual_F25-54_1920 x 1080_Standard_NV_NA,201895013,9/20/2017,3456,83,3373,3373,0,0,0,0,0,3373,,
TJN_HOM_013_HomeGoods FEP_Q3FY18,Scripps Networks,PHNKCT_TJN_HOM_013_FEP_SCRIPPSNETWORKS.COM_TVE_Crossplatform_FEP_Demo_F25-54_1 x 1_Click and View_NV_NA,201878832,7/19/2017,2317,2,2315,2315,0,0,0,0,0,2315,,
TJN_HOM_008_HomeGoods Summer Digital_FY18,xAd Inc.,PHHXGW_TJN_HOM_008_Mobile_XAD INC_CHILD_LOCATION AUDIENCE-HOMEGOODS SHOPPERS_MOBILE APP_STANDARD_DISPLAY_320X50_Run of Network_Behavioral_F25-54_320 x 50_Click and View_NV_NA,200585089,8/7/2017,56685,1253,55432,6480,48952,963,47989,35290,12699,7443,5473,40763
TJN_HOM_013_HomeGoods FEP_Q3FY18,Discovery Digital Media,PHWLS9_TJN_HOM_013_Content_DISCOVERY NETWORKS_Full Episode Video OTT/CTV_30s_FEP_Contextual_F25-54_1920 x 1080_Standard_NV_NA,201891428,9/18/2017,10231,30,10201,10201,0,0,0,0,0,10201,,
TJN_HOM_008_HomeGoods Summer Digital_FY18,NinthDecimal,PHHXGK_TJN_HOM_008_Mobile_NINTHDECIMAL_CHILD_PROSPECTING_MOBILE APP_CUSTOM_DISPLAY_320X50_Run of Network_Behavioral_F25-54_320 x 50_Click and View_NV_NA,200587954,8/25/2017,154280,3603,150677,49340,101337,477,100860,96400,4460,49817,47614,144014
TJN_HOM_008_HomeGoods Summer Digital_FY18,Hulu,PHG79G_TJN_HOM_008_FEP_HULU_ROS Pre-roll_CROSS DEVICE_PRE-ROLL_VIDEO_1920X1080_VAST_AUDIENCE_N/A_N/A_3RD PARTY_N/A_Run of Site_Demo_F25-54_1920 x 1080_Standard_NV_NA,201466946,8/19/2017,19240,110,19130,19130,0,0,0,0,0,19130,14228,14228
TJN_HOM_008_HomeGoods Summer Digital_FY18,Hulu,PHG79N_TJN_HOM_008_FEP_HULU_Masthead_SPONSORSHIP_CROSS DEVICE_CUSTOM_VIDEO_1X1_1X1_N/A_N/A_N/A_SITE_N/A_Roadblock_Demo_F25-54_1 x 1_Click and View_NV_NA,201462657,9/11/2017,4,0,4,4,0,0,0,0,0,4,4,4
TJN_HOM_008_HomeGoods Summer Digital_FY18,xAd Inc.,PHHXGX_TJN_HOM_008_Mobile_XAD INC_CHILD_LOCATION AUDIENCE-HOMEGOODS SHOPPERS_MOBILE APP_STANDARD_DISPLAY_300X250_Run of Network_Behavioral_F25-54_300 x 250_Click and View_NV_NA,200587524,9/3/2017,22213,515,21698,1,21697,21697,0,0,0,21698,21698,21698
TJN_HOM_030_HomeGoods 2H Digital_F18,NinthDecimal,PJQ7NC_TJN_HOM_030_Mobile_NINTHDECIMAL_DST_SV1_MAP_DIR_RCH_TRG_RON_BTG_DMA_DVY_CONSUMER JOURNEY: DIYERS_Run of Network_Behavioral_F25-54_320 x 50_Click and View_NV_NA,204675009,10/29/2017,6000,46,5954,431,5523,24,5499,5382,117,455,445,5827
TJN_HOM_013_HomeGoods FEP_Q3FY18,Discovery Digital Media,PHWLS7_TJN_HOM_013_Content_DISCOVERY NETWORKS_Full Episode Video Mobile Web_30s_FEP_Contextual_F25-54_1920 x 1080_Standard_NV_NA,201895019,9/6/2017,890,39,851,851,0,0,0,0,0,851,,
TJN_HOM_008_HomeGoods Summer Digital_FY18,NinthDecimal,PHHXGM_TJN_HOM_008_Mobile_NINTHDECIMAL_CHILD_LUXURY SHOPPERS PROSPECTING_MOBILE APP_CUSTOM_DISPLAY_320X50_Run of Network_Behavioral_F25-54_320 x 50_Click and View_NV_NA,200581998,8/11/2017,50411,1162,49249,13319,35930,266,35664,31753,3911,13585,12095,43848
TJN_HOM_013_HomeGoods FEP_Q3FY18,Scripps Networks,Rolled-up Placements,N/A,7/16/2017,2736,15,2721,2721,0,0,0,0,0,2721,,
TJN_HOM_030_HomeGoods 2H Digital_F18,xAd Inc.,PJQ7ML_TJN_HOM_030_Mobile_GROUND TRUTH FKA XAD_DST_SV1_MAP_DIR_DSP_TRG_RON_BTG_DMA_DVY_BEHAVIORAL - HOME SHOPPER - DYNAMIC DISTANCE_Run of Network_Behavioral_F25-54_320 x 50_Click and View_NV_NA,204626174,9/1/2017,31,0,31,0,31,2,29,29,0,2,2,31
TJN_HOM_008_HomeGoods Summer Digital_FY18,NinthDecimal,PHHXGP_TJN_HOM_008_Mobile_NINTHDECIMAL_CHILD_PET OWNERS PROSPECTING_MOBILE APP_CUSTOM_DISPLAY_320X50_Run of Network_Behavioral_F25-54_320 x 50_Click and View_NV_NA,200586375,9/3/2017,65261,713,64548,13473,51075,250,50825,48421,2404,13723,13074,61495
TJN_HOM_008_HomeGoods Summer Digital_FY18,xAd Inc.,PHHXGW_TJN_HOM_008_Mobile_XAD INC_CHILD_LOCATION AUDIENCE-HOMEGOODS SHOPPERS_MOBILE APP_STANDARD_DISPLAY_320X50_Run of Network_Behavioral_F25-54_320 x 50_Click and View_NV_NA,200585089,8/3/2017,30212,673,29539,4771,24768,419,24349,17776,6573,5190,3789,21565
TJN_HOM_008_HomeGoods Summer Digital_FY18,NinthDecimal,PHHXGQ_TJN_HOM_008_Mobile_NINTHDECIMAL_CHILD_PET OWNERS RETENTION_MOBILE APP_CUSTOM_DISPLAY_320X50_Run of Network_Behavioral_F25-54_320 x 50_Click and View_NV_NA,200578886,7/28/2017,8270,45,8225,938,7287,22,7265,6263,1002,960,828,7091
TJN_HOM_008_HomeGoods Summer Digital_FY18,xAd Inc.,PHHXH0_TJN_HOM_008_Mobile_XAD INC_STANDALONE_RON_MOBILE APP_STANDARD_DISPLAY_320X50_GEO-FENCING_Run of Network_Behavioral_F25-54_320 x 50_Click and View_NV_NA,200587948,7/19/2017,12,0,12,1,11,3,8,2,6,4,1,3
TJN_HOM_030_HomeGoods 2H Digital_F18,xAd Inc.,PJQ7MK_TJN_HOM_030_Mobile_GROUND TRUTH FKA XAD_DST_SV1_MAP_DIR_DSP_TRG_RON_PXT_BTG_DVY_PROXIMITY LOYALTY - STORE LOCATOR UNIT_Run of Network_Geo_F25-54_300 x 250_Click and View_NV_NA,204625442,9/27/2017,38316,626,37690,22433,15257,233,15024,12077,2947,22666,18220,30297
TJN_HOM_008_HomeGoods Summer Digital_FY18,xAd Inc.,PHHXGV_TJN_HOM_008_Mobile_XAD INC_CHILD_CONQUESTING_MOBILE APP_STANDARD_DISPLAY_300X250_GEO-FENCING_Run of Network_Geo_F25-54_300 x 250_Click and View_NV_NA,200573063,8/5/2017,2090,6,2084,1815,269,49,220,220,0,1864,1864,2084
TJN_HOM_008_HomeGoods Summer Digital_FY18,xAd Inc.,PHHXGX_TJN_HOM_008_Mobile_XAD INC_CHILD_LOCATION AUDIENCE-HOMEGOODS SHOPPERS_MOBILE APP_STANDARD_DISPLAY_300X250_Run of Network_Behavioral_F25-54_300 x 250_Click and View_NV_NA,200587524,7/20/2017,15737,2728,13009,12,12997,12989,8,8,0,13001,13001,13009
TJN_HOM_013_HomeGoods FEP_Q3FY18,Discovery Digital Media,PHWLS5_TJN_HOM_013_Content_DISCOVERY NETWORKS_Full Episode Video Desktop_30s_FEP_Contextual_F25-54_1920 x 1080_Standard_NV_NA,201895013,8/2/2017,4075,103,3972,3972,0,0,0,0,0,3972,,
TJN_HOM_025_HomeGoods Digital Video_Q4FY18,Tremor Video Inc.,PK1FYN_TJN_HOM_025_OLV_TREMOR NETWORK_AWR_BS1_DSK_DIR_VID_TRG_RON_PXT_CTG_DVY_ALL SCREEN PREROLL + PROXIMITYPLUS DWELL TIME TARGETING TO HOMEGOODS VISITORS DESKTOP_Run of Network_Behavioral_F25-54_1280 x 720_Standard_NV_NA,205941312,10/11/2017,243137,182,242955,99032,143923,2343,141580,33121,108459,101375,23716,56837
TJN_HOM_008_HomeGoods Summer Digital_FY18,Hulu,PHG79N_TJN_HOM_008_FEP_HULU_Masthead_SPONSORSHIP_CROSS DEVICE_CUSTOM_VIDEO_1X1_1X1_N/A_N/A_N/A_SITE_N/A_Roadblock_Demo_F25-54_1 x 1_Click and View_NV_NA,201462657,9/26/2017,1,0,1,1,0,0,0,0,0,1,1,1
TJN_HOM_013_HomeGoods FEP_Q3FY18,Discovery Digital Media,PHWLS9_TJN_HOM_013_Content_DISCOVERY NETWORKS_Full Episode Video OTT/CTV_30s_FEP_Contextual_F25-54_1920 x 1080_Standard_NV_NA,201891428,8/21/2017,11934,16,11918,11918,0,0,0,0,0,11918,,
TJN_HOM_008_HomeGoods Summer Digital_FY18,NinthDecimal,Rolled-up Placements,N/A,6/23/2017,99709,1004,98705,37692,61013,307,60706,58801,1905,37999,36806,95607
TJN_HOM_008_HomeGoods Summer Digital_FY18,NinthDecimal,PHHXGQ_TJN_HOM_008_Mobile_NINTHDECIMAL_CHILD_PET OWNERS RETENTION_MOBILE APP_CUSTOM_DISPLAY_320X50_Run of Network_Behavioral_F25-54_320 x 50_Click and View_NV_NA,200578886,8/31/2017,3576,26,3550,508,3042,13,3029,2842,187,521,489,3331
TJN_HOM_008_HomeGoods Summer Digital_FY18,NinthDecimal,PHHXGL_TJN_HOM_008_Mobile_NINTHDECIMAL_CHILD_RETENTION_MOBILE APP_CUSTOM_DISPLAY_320X50_Run of Network_Behavioral_F25-54_320 x 50_Click and View_NV_NA,200585092,8/15/2017,18186,225,17961,2367,15594,105,15489,14612,877,2472,2332,16944
TJN_HOM_008_HomeGoods Summer Digital_FY18,NinthDecimal,PHHXGP_TJN_HOM_008_Mobile_NINTHDECIMAL_CHILD_PET OWNERS PROSPECTING_MOBILE APP_CUSTOM_DISPLAY_320X50_Run of Network_Behavioral_F25-54_320 x 50_Click and View_NV_NA,200586375,7/20/2017,25897,402,25495,6242,19253,64,19189,18280,909,6306,6007,24287
TJN_HOM_008_HomeGoods Summer Digital_FY18,NinthDecimal,PHHXGM_TJN_HOM_008_Mobile_NINTHDECIMAL_CHILD_LUXURY SHOPPERS PROSPECTING_MOBILE APP_CUSTOM_DISPLAY_320X50_Run of Network_Behavioral_F25-54_320 x 50_Click and View_NV_NA,200581998,8/20/2017,38570,1454,37116,9206,27910,165,27745,26043,1702,9371,8796,34839
TJN_HOM_030_HomeGoods 2H Digital_F18,NinthDecimal,PJQ7N9_TJN_HOM_030_Mobile_NINTHDECIMAL_DST_SV1_MAP_DIR_RCH_TRG_RON_BTG_PXT_DVY_LOCATION GRAPH: TJX FAMILY LOYALISTS_Run of Network_Behavioral_F25-54_320 x 50_Click and View_NV_NA,204647917,10/27/2017,19452,330,19122,525,18597,60,18537,18143,394,585,573,18716
TJN_HOM_008_HomeGoods Summer Digital_FY18,Hulu,PHG79P_TJN_HOM_008_FEP_HULU_PageBrand_SPONSORSHIP_CROSS DEVICE_CUSTOM_VIDEO_1X1_1X1_N/A_N/A_N/A_SITE_N/A_Roadblock_Demo_F25-54_1 x 1_Click and View_NV_NA,201464250,7/31/2017,24,1,23,23,0,0,0,0,0,23,21,21
TJN_HOM_030_HomeGoods 2H Digital_F18,Nativo Inc.,PK87W8_TJN_HOM_030_Content_NATIVO FKA POST RLSE_DSI_BS2_MWB_DIR_NAD_ROT_RON_CTG_BTG_DVY_NATIVE DISPLAY UNIT FALL TRENDS_Run of Network_Contextual_F25-54_1 x 1_Click and View_NV_NA,206137761,11/3/2017,47,0,47,0,47,2,45,36,9,2,2,38
TJN_HOM_008_HomeGoods Summer Digital_FY18,xAd Inc.,PHHXGV_TJN_HOM_008_Mobile_XAD INC_CHILD_CONQUESTING_MOBILE APP_STANDARD_DISPLAY_300X250_GEO-FENCING_Run of Network_Geo_F25-54_300 x 250_Click and View_NV_NA,200573063,8/18/2017,15252,1119,14133,129,14004,13974,30,27,3,14103,12693,12720
TJN_HOM_013_HomeGoods FEP_Q3FY18,Scripps Networks,PHNKCT_TJN_HOM_013_FEP_SCRIPPSNETWORKS.COM_TVE_Crossplatform_FEP_Demo_F25-54_1 x 1_Click and View_NV_NA,201878832,9/27/2017,1866,2,1864,1864,0,0,0,0,0,1864,,
TJN_HOM_025_HomeGoods Digital Video_Q4FY18,Tremor Video Inc.,PK1FYN_TJN_HOM_025_OLV_TREMOR NETWORK_AWR_BS1_DSK_DIR_VID_TRG_RON_PXT_CTG_DVY_ALL SCREEN PREROLL + PROXIMITYPLUS DWELL TIME TARGETING TO HOMEGOODS VISITORS DESKTOP_Run of Network_Behavioral_F25-54_1280 x 720_Standard_NV_NA,205941312,10/6/2017,262671,199,262472,69660,192812,3258,189554,34675,154879,72918,13339,48014
TJN_HOM_008_HomeGoods Summer Digital_FY18,NinthDecimal,Rolled-up Placements,N/A,7/16/2017,142041,1555,140486,39236,101250,416,100834,95713,5121,39652,37630,133343
TJN_HOM_030_HomeGoods 2H Digital_F18,xAd Inc.,PJQ7MP_TJN_HOM_030_Mobile_GROUND TRUTH FKA XAD_DST_SV1_MAP_DIR_DSP_TRG_RON_MKT_DMA_DVY_LOCATION - HOMEGOODS SHOPPERS - DYNAMIC DISTANCE_Run of Network_Geo_F25-54_300 x 250_Click and View_NV_NA,204647878,9/18/2017,3342,143,3199,3198,1,0,1,1,0,3198,3198,3199
TJN_HOM_030_HomeGoods 2H Digital_F18,NinthDecimal,PJQ7N9_TJN_HOM_030_Mobile_NINTHDECIMAL_DST_SV1_MAP_DIR_RCH_TRG_RON_BTG_PXT_DVY_LOCATION GRAPH: TJX FAMILY LOYALISTS_Run of Network_Behavioral_F25-54_320 x 50_Click and View_NV_NA,204647917,9/7/2017,2355,46,2309,1153,1156,10,1146,1098,48,1163,1114,2212
TJN_HOM_008_HomeGoods Summer Digital_FY18,NinthDecimal,PHHXGM_TJN_HOM_008_Mobile_NINTHDECIMAL_CHILD_LUXURY SHOPPERS PROSPECTING_MOBILE APP_CUSTOM_DISPLAY_320X50_Run of Network_Behavioral_F25-54_320 x 50_Click and View_NV_NA,200581998,8/24/2017,49748,920,48828,12087,36741,212,36529,33899,2630,12299,11414,45313
TJN_HOM_030_HomeGoods 2H Digital_F18,NinthDecimal,PJQ7NB_TJN_HOM_030_Mobile_NINTHDECIMAL_DST_SV1_MAP_DIR_RCH_TRG_RON_BTG_PXT_DVY_LOCATION GRAPH: COMPETITIVE CONQUESTING_Run of Network_Behavioral_F25-54_320 x 50_Click and View_NV_NA,204649942,9/30/2017,21323,380,20943,12293,8650,40,8610,8322,288,12333,11920,20242
TJN_HOM_008_HomeGoods Summer Digital_FY18,NinthDecimal,PHHXGL_TJN_HOM_008_Mobile_NINTHDECIMAL_CHILD_RETENTION_MOBILE APP_CUSTOM_DISPLAY_320X50_Run of Network_Behavioral_F25-54_320 x 50_Click and View_NV_NA,200585092,8/13/2017,22367,149,22218,2861,19357,105,19252,18229,1023,2966,2808,21037
TJN_HOM_030_HomeGoods 2H Digital_F18,NinthDecimal,PJQ7N6_TJN_HOM_030_Mobile_NINTHDECIMAL_DST_SV1_MAP_DIR_RCH_TRG_RON_PXT_DMA_DVY_GEOFENCE: 5-10-MILE RADIUS AROUND SUBURBAN STORES_Run of Network_Geo_F25-54_320 x 50_Click and View_NV_NA,204646507,10/11/2017,14306,317,13989,7915,6074,35,6039,5839,200,7950,7687,13526
TJN_HOM_008_HomeGoods Summer Digital_FY18,xAd Inc.,PHHXGW_TJN_HOM_008_Mobile_XAD INC_CHILD_LOCATION AUDIENCE-HOMEGOODS SHOPPERS_MOBILE APP_STANDARD_DISPLAY_320X50_Run of Network_Behavioral_F25-54_320 x 50_Click and View_NV_NA,200585089,8/29/2017,33134,724,32410,29552,2858,18,2840,2698,142,29570,28092,30790
TJN_HOM_030_HomeGoods 2H Digital_F18,NinthDecimal,PJQ7NG_TJN_HOM_030_Mobile_NINTHDECIMAL_DST_SV1_MAP_DIR_RCH_TRG_RON_BTG_DMA_DVY_CONSUMER JOURNEY: NEW HOME BUYERS & MOVERS_Run of Network_Behavioral_F25-54_320 x 50_Click and View_NV_NA,204625835,10/30/2017,2744,30,2714,301,2413,16,2397,2289,108,317,303,2592
TJN_HOM_013_HomeGoods FEP_Q3FY18,Scripps Networks,PHNKCR_TJN_HOM_013_FEP_SCRIPPSNETWORKS.COM_On-site_Crossplatform_FEP_Demo_F25-54_1280 x 720_Standard_NV_NA,201888442,7/22/2017,6295,32,6263,6263,0,0,0,0,0,6263,,
TJN_HOM_013_HomeGoods FEP_Q3FY18,Discovery Digital Media,PHWLS7_TJN_HOM_013_Content_DISCOVERY NETWORKS_Full Episode Video Mobile Web_30s_FEP_Contextual_F25-54_1920 x 1080_Standard_NV_NA,201895019,9/17/2017,872,5,867,867,0,0,0,0,0,867,,
TJN_HOM_030_HomeGoods 2H Digital_F18,NinthDecimal,PJQ7NG_TJN_HOM_030_Mobile_NINTHDECIMAL_DST_SV1_MAP_DIR_RCH_TRG_RON_BTG_DMA_DVY_CONSUMER JOURNEY: NEW HOME BUYERS & MOVERS_Run of Network_Behavioral_F25-54_320 x 50_Click and View_NV_NA,204625835,9/20/2017,5967,144,5823,2384,3439,19,3420,3328,92,2403,2338,5666
TJN_HOM_030_HomeGoods 2H Digital_F18,xAd Inc.,PJQ7MJ_TJN_HOM_030_Mobile_GROUND TRUTH FKA XAD_DST_SV1_MAP_DIR_DSP_TRG_RON_PXT_BTG_DVY_PROXIMITY LOYALTY - STORE LOCATOR UNIT_Run of Network_Geo_F25-54_320 x 50_Click and View_NV_NA,204649939,11/6/2017,1,1,0,0,0,0,0,0,0,0,0,0
TJN_HOM_008_HomeGoods Summer Digital_FY18,xAd Inc.,PHHXGY_TJN_HOM_008_Mobile_XAD INC_CHILD_LOYALTY_MOBILE APP_CUSTOM_RICH MEDIA_320X50_GEO-FENCING_Run of Network_Geo_F25-54_320 x 50_Click and View_NV_NA,200584630,8/26/2017,28251,204,28047,12223,15824,56,15768,15737,31,12279,12255,27992
TJN_HOM_008_HomeGoods Summer Digital_FY18,NinthDecimal,PHHXGK_TJN_HOM_008_Mobile_NINTHDECIMAL_CHILD_PROSPECTING_MOBILE APP_CUSTOM_DISPLAY_320X50_Run of Network_Behavioral_F25-54_320 x 50_Click and View_NV_NA,200587954,7/30/2017,1601,41,1560,537,1023,18,1005,945,60,555,522,1467
TJN_HOM_030_HomeGoods 2H Digital_F18,NinthDecimal,PJQ7N7_TJN_HOM_030_Mobile_NINTHDECIMAL_DST_SV1_MAP_DIR_RCH_TRG_RON_PXT_DMA_DVY_GEOFENCE: 15-20-MILE RADIUS AROUND RURAL STORES_Run of Network_Geo_F25-54_320 x 50_Click and View_NV_NA,204674556,9/23/2017,15359,357,15002,7228,7774,30,7744,7566,178,7258,7091,14657
TJN_HOM_008_HomeGoods Summer Digital_FY18,Hulu,PHG79J_TJN_HOM_008_FEP_HULU_Branded Slate_ROS_CROSS DEVICE_PRE-ROLL_CUSTOM_VECTOR LOGO_1X1_AUDIENCE_N/A_N/A_SITE_N/A_Run of Site_Demo_F25-54_1 x 1_Click and View_NV_NA,201467345,8/21/2017,4824,30,4794,4794,0,0,0,0,0,4794,4432,4432
TJN_HOM_030_HomeGoods 2H Digital_F18,NinthDecimal,PJQ7N7_TJN_HOM_030_Mobile_NINTHDECIMAL_DST_SV1_MAP_DIR_RCH_TRG_RON_PXT_DMA_DVY_GEOFENCE: 15-20-MILE RADIUS AROUND RURAL STORES_Run of Network_Geo_F25-54_320 x 50_Click and View_NV_NA,204674556,10/2/2017,5339,119,5220,2571,2649,15,2634,2583,51,2586,2536,5119
TJN_HOM_030_HomeGoods 2H Digital_F18,NinthDecimal,PJQ7NB_TJN_HOM_030_Mobile_NINTHDECIMAL_DST_SV1_MAP_DIR_RCH_TRG_RON_BTG_PXT_DVY_LOCATION GRAPH: COMPETITIVE CONQUESTING_Run of Network_Behavioral_F25-54_320 x 50_Click and View_NV_NA,204649942,10/31/2017,36213,549,35664,1496,34168,136,34032,32998,1034,1632,1582,34580
TJN_HOM_030_HomeGoods 2H Digital_F18,xAd Inc.,PJQ7MR_TJN_HOM_030_Mobile_GROUND TRUTH FKA XAD_DST_SV1_MAP_DIR_DSP_TRG_RON_MKT_DMA_DVY_LOCATION - COMPETITOR SHOPPERS - DYNAMIC DISTANCE_Run of Network_Geo_F25-54_300 x 250_Click and View_NV_NA,204647890,10/18/2017,7717,360,7357,7357,0,0,0,0,0,7357,6589,6589
TJN_HOM_030_HomeGoods 2H Digital_F18,xAd Inc.,PJQ7MJ_TJN_HOM_030_Mobile_GROUND TRUTH FKA XAD_DST_SV1_MAP_DIR_DSP_TRG_RON_PXT_BTG_DVY_PROXIMITY LOYALTY - STORE LOCATOR UNIT_Run of Network_Geo_F25-54_320 x 50_Click and View_NV_NA,204649939,9/25/2017,82566,1789,80777,50454,30323,583,29740,27664,2076,51037,47474,75138
TJN_HOM_030_HomeGoods 2H Digital_F18,NinthDecimal,PJQ7N7_TJN_HOM_030_Mobile_NINTHDECIMAL_DST_SV1_MAP_DIR_RCH_TRG_RON_PXT_DMA_DVY_GEOFENCE: 15-20-MILE RADIUS AROUND RURAL STORES_Run of Network_Geo_F25-54_320 x 50_Click and View_NV_NA,204674556,10/1/2017,4467,98,4369,1456,2913,7,2906,2871,35,1463,1445,4316
TJN_HOM_025_HomeGoods Digital Video_Q4FY18,Tremor Video Inc.,PK6DYV_TJN_HOM_025_OLV_TREMOR NETWORK_AWR_BS1_MAP_DIR_VID_TRG_RON_PXT_CTG_DVY_ALL SCREEN PREROLL + PROXIMITYPLUS DWELL TIME TARGETING TO HOMEGOODS VISITORS MOB/TAB APP_Run of Network_Behavioral_F25-54_1280 x 720_Standard_NV_NA,205859075,11/8/2017,45977,8,45969,38561,7408,24,7384,5765,1619,38585,30125,35890
TJN_HOM_013_HomeGoods FEP_Q3FY18,Scripps Networks,PHNKCR_TJN_HOM_013_FEP_SCRIPPSNETWORKS.COM_On-site_Crossplatform_FEP_Demo_F25-54_1280 x 720_Standard_NV_NA,201888442,7/23/2017,2378,13,2365,2365,0,0,0,0,0,2365,,
TJN_HOM_008_HomeGoods Summer Digital_FY18,Hulu,PHG79M_TJN_HOM_008_FEP_HULU_Premium Slate_CROSS DEVICE_PRE-ROLL_CUSTOM_VECTOR LOGO_1X1_N/A_N/A_N/A_SITE_N/A_Roadblock_Demo_F25-54_1 x 1_Click and View_NV_NA,201466502,8/30/2017,68027,448,67579,67579,0,0,0,0,0,67579,64764,64764
TJN_HOM_030_HomeGoods 2H Digital_F18,xAd Inc.,PJQ7MG_TJN_HOM_030_Mobile_GROUND TRUTH FKA XAD_DST_SV1_MAP_DIR_DSP_TRG_RON_PXT_BTG_DVY_PROXIMITY LOYALTY - DYNAMIC DISTANCE_Run of Network_Geo_F25-54_320 x 50_Click and View_NV_NA,204626813,11/5/2017,2,0,2,2,0,0,0,0,0,2,2,2
TJN_HOM_008_HomeGoods Summer Digital_FY18,xAd Inc.,PHHXGY_TJN_HOM_008_Mobile_XAD INC_CHILD_LOYALTY_MOBILE APP_CUSTOM_RICH MEDIA_320X50_GEO-FENCING_Run of Network_Geo_F25-54_320 x 50_Click and View_NV_NA,200584630,9/2/2017,25867,177,25690,14149,11541,38,11503,11487,16,14187,14167,25654
TJN_HOM_008_HomeGoods Summer Digital_FY18,xAd Inc.,PHHXGS_TJN_HOM_008_Mobile_XAD INC_CHILD_LOYALTY_MOBILE APP_STANDARD_DISPLAY_300X250_GEO-FENCING_Run of Network_Geo_F25-54_300 x 250_Click and View_NV_NA,200583064,8/27/2017,12216,537,11679,25,11654,11654,0,0,0,11679,8759,8759
TJN_HOM_030_HomeGoods 2H Digital_F18,xAd Inc.,PJQ7MM_TJN_HOM_030_Mobile_GROUND TRUTH FKA XAD_DST_SV1_MAP_DIR_DSP_TRG_RON_BTG_DMA_DVY_BEHAVIORAL - HOME SHOPPER- DYNAMIC DISTANCE_Run of Network_Behavioral_F25-54_300 x 250_Click and View_NV_NA,204626171,10/16/2017,6677,131,6546,6546,0,0,0,0,0,6546,5399,5399
TJN_HOM_030_HomeGoods 2H Digital_F18,NinthDecimal,PJQ7N5_TJN_HOM_030_Mobile_NINTHDECIMAL_DST_SV1_MAP_DIR_RCH_TRG_RON_PXT_DMA_DVY_GEOFENCE: 2-MILE RADIUS AROUND URBAN STORES_Run of Network_Geo_F25-54_320 x 50_Click and View_NV_NA,204649945,11/5/2017,3478,32,3446,241,3205,18,3187,3108,79,259,253,3361
TJN_HOM_008_HomeGoods Summer Digital_FY18,xAd Inc.,PHHXGS_TJN_HOM_008_Mobile_XAD INC_CHILD_LOYALTY_MOBILE APP_STANDARD_DISPLAY_300X250_GEO-FENCING_Run of Network_Geo_F25-54_300 x 250_Click and View_NV_NA,200583064,8/9/2017,17957,15928,2029,312,1717,1535,182,164,18,1847,1664,1828
TJN_HOM_030_HomeGoods 2H Digital_F18,Nativo Inc.,PK87W8_TJN_HOM_030_Content_NATIVO FKA POST RLSE_DSI_BS2_MWB_DIR_NAD_ROT_RON_CTG_BTG_DVY_NATIVE DISPLAY UNIT FALL TRENDS_Run of Network_Contextual_F25-54_1 x 1_Click and View_NV_NA,206137761,11/7/2017,5,0,5,0,5,4,1,0,1,4,0,0
TJN_HOM_030_HomeGoods 2H Digital_F18,Nativo Inc.,PK87W8_TJN_HOM_030_Content_NATIVO FKA POST RLSE_DSI_BS2_MWB_DIR_NAD_ROT_RON_CTG_BTG_DVY_NATIVE DISPLAY UNIT FALL TRENDS_Run of Network_Contextual_F25-54_1 x 1_Click and View_NV_NA,206137761,11/1/2017,22,0,22,0,22,12,10,2,8,12,2,4
TJN_HOM_008_HomeGoods Summer Digital_FY18,Hulu,PHG79G_TJN_HOM_008_FEP_HULU_ROS Pre-roll_CROSS DEVICE_PRE-ROLL_VIDEO_1920X1080_VAST_AUDIENCE_N/A_N/A_3RD PARTY_N/A_Run of Site_Demo_F25-54_1920 x 1080_Standard_NV_NA,201466946,8/8/2017,17331,155,17176,17176,0,0,0,0,0,17176,14904,14904
TJN_HOM_030_HomeGoods 2H Digital_F18,NinthDecimal,PJQ7N6_TJN_HOM_030_Mobile_NINTHDECIMAL_DST_SV1_MAP_DIR_RCH_TRG_RON_PXT_DMA_DVY_GEOFENCE: 5-10-MILE RADIUS AROUND SUBURBAN STORES_Run of Network_Geo_F25-54_320 x 50_Click and View_NV_NA,204646507,10/6/2017,12190,430,11760,8541,3219,22,3197,3077,120,8563,8242,11319
TJN_HOM_013_HomeGoods FEP_Q3FY18,Discovery Digital Media,PHWLS5_TJN_HOM_013_Content_DISCOVERY NETWORKS_Full Episode Video Desktop_30s_FEP_Contextual_F25-54_1920 x 1080_Standard_NV_NA,201895013,7/18/2017,2828,95,2733,2733,0,0,0,0,0,2733,,
TJN_HOM_030_HomeGoods 2H Digital_F18,NinthDecimal,PJQ7N9_TJN_HOM_030_Mobile_NINTHDECIMAL_DST_SV1_MAP_DIR_RCH_TRG_RON_BTG_PXT_DVY_LOCATION GRAPH: TJX FAMILY LOYALISTS_Run of Network_Behavioral_F25-54_320 x 50_Click and View_NV_NA,204647917,9/25/2017,4729,101,4628,1507,3121,11,3110,3019,91,1518,1474,4493
TJN_HOM_008_HomeGoods Summer Digital_FY18,xAd Inc.,PHHXH0_TJN_HOM_008_Mobile_XAD INC_STANDALONE_RON_MOBILE APP_STANDARD_DISPLAY_320X50_GEO-FENCING_Run of Network_Behavioral_F25-54_320 x 50_Click and View_NV_NA,200587948,7/26/2017,800,10,790,213,577,15,562,336,226,228,136,472
TJN_HOM_030_HomeGoods 2H Digital_F18,NinthDecimal,PJQ7N9_TJN_HOM_030_Mobile_NINTHDECIMAL_DST_SV1_MAP_DIR_RCH_TRG_RON_BTG_PXT_DVY_LOCATION GRAPH: TJX FAMILY LOYALISTS_Run of Network_Behavioral_F25-54_320 x 50_Click and View_NV_NA,204647917,11/4/2017,6429,64,6365,323,6042,27,6015,5873,142,350,342,6215
TJN_HOM_030_HomeGoods 2H Digital_F18,NinthDecimal,PJQ7N9_TJN_HOM_030_Mobile_NINTHDECIMAL_DST_SV1_MAP_DIR_RCH_TRG_RON_BTG_PXT_DVY_LOCATION GRAPH: TJX FAMILY LOYALISTS_Run of Network_Behavioral_F25-54_320 x 50_Click and View_NV_NA,204647917,11/6/2017,7407,134,7273,414,6859,26,6833,6650,183,440,428,7078
TJN_HOM_030_HomeGoods 2H Digital_F18,xAd Inc.,PJQ7MS_TJN_HOM_030_Mobile_GROUND TRUTH FKA XAD_DST_SV1_MAP_DIR_DSP_TRG_RON_DMA_PXT_DVY_AV DMA TARGETING_Run of Network_Geo_F25-54_300 x 250_Click and View_NV_NA,204646501,10/14/2017,2350,45,2305,1982,323,32,291,277,14,2014,1917,2194
TJN_HOM_030_HomeGoods 2H Digital_F18,xAd Inc.,PJQ7MN_TJN_HOM_030_Mobile_GROUND TRUTH FKA XAD_DST_SV1_MAP_DIR_DSP_TRG_RON_MKT_DMA_DVY_LOCATION - HOMEGOODS SHOPPERS - DYNAMIC DISTANCE_Run of Network_Geo_F25-54_320 x 50_Click and View_NV_NA,204651439,11/7/2017,16062,123,15939,8540,7399,6576,823,783,40,15116,14379,15162
TJN_HOM_013_HomeGoods FEP_Q3FY18,Scripps Networks,PHNKCR_TJN_HOM_013_FEP_SCRIPPSNETWORKS.COM_On-site_Crossplatform_FEP_Demo_F25-54_1280 x 720_Standard_NV_NA,201888442,7/25/2017,3939,20,3919,3919,0,0,0,0,0,3919,,
TJN_HOM_030_HomeGoods 2H Digital_F18,xAd Inc.,PJQ7MN_TJN_HOM_030_Mobile_GROUND TRUTH FKA XAD_DST_SV1_MAP_DIR_DSP_TRG_RON_MKT_DMA_DVY_LOCATION - HOMEGOODS SHOPPERS - DYNAMIC DISTANCE_Run of Network_Geo_F25-54_320 x 50_Click and View_NV_NA,204651439,11/1/2017,7,0,7,6,1,0,1,0,1,6,0,0
TJN_HOM_030_HomeGoods 2H Digital_F18,xAd Inc.,PJQ7MS_TJN_HOM_030_Mobile_GROUND TRUTH FKA XAD_DST_SV1_MAP_DIR_DSP_TRG_RON_DMA_PXT_DVY_AV DMA TARGETING_Run of Network_Geo_F25-54_300 x 250_Click and View_NV_NA,204646501,9/14/2017,8795,134,8661,2514,6147,3425,2722,1407,1315,5939,3070,4477
TJN_HOM_030_HomeGoods 2H Digital_F18,NinthDecimal,PJQ7NG_TJN_HOM_030_Mobile_NINTHDECIMAL_DST_SV1_MAP_DIR_RCH_TRG_RON_BTG_DMA_DVY_CONSUMER JOURNEY: NEW HOME BUYERS & MOVERS_Run of Network_Behavioral_F25-54_320 x 50_Click and View_NV_NA,204625835,9/11/2017,16633,269,16364,6698,9666,74,9592,9327,265,6772,6585,15912
TJN_HOM_030_HomeGoods 2H Digital_F18,NinthDecimal,PJQ7NB_TJN_HOM_030_Mobile_NINTHDECIMAL_DST_SV1_MAP_DIR_RCH_TRG_RON_BTG_PXT_DVY_LOCATION GRAPH: COMPETITIVE CONQUESTING_Run of Network_Behavioral_F25-54_320 x 50_Click and View_NV_NA,204649942,9/17/2017,6883,122,6761,2673,4088,16,4072,3973,99,2689,2624,6597
TJN_HOM_013_HomeGoods FEP_Q3FY18,Scripps Networks,PHNKCT_TJN_HOM_013_FEP_SCRIPPSNETWORKS.COM_TVE_Crossplatform_FEP_Demo_F25-54_1 x 1_Click and View_NV_NA,201878832,7/26/2017,1716,6,1710,1710,0,0,0,0,0,1710,,
TJN_HOM_025_HomeGoods Digital Video_Q4FY18,Tremor Video Inc.,PK6F30_TJN_HOM_025_OLV_TREMOR NETWORK_AWR_BS1_CTV_DIR_VID_TRG_RON_PXT_CTG_DVY_ALL SCREEN PREROLL + PROXIMITYPLUS DWELL TIME TARGETING TO HOMEGOODS VISITORS CTV_Run of Network_Behavioral_F25-54_1280 x 720_Standard_NV_NA,205942131,10/26/2017,23383,1,23382,23382,0,0,0,0,0,23382,0,0
TJN_HOM_013_HomeGoods FEP_Q3FY18,Scripps Networks,PHNKCR_TJN_HOM_013_FEP_SCRIPPSNETWORKS.COM_On-site_Crossplatform_FEP_Demo_F25-54_1280 x 720_Standard_NV_NA,201888442,8/25/2017,1835,15,1820,1820,0,0,0,0,0,1820,,
TJN_HOM_008_HomeGoods Summer Digital_FY18,Hulu,PHG79G_TJN_HOM_008_FEP_HULU_ROS Pre-roll_CROSS DEVICE_PRE-ROLL_VIDEO_1920X1080_VAST_AUDIENCE_N/A_N/A_3RD PARTY_N/A_Run of Site_Demo_F25-54_1920 x 1080_Standard_NV_NA,201466946,7/29/2017,6716,57,6659,6659,0,0,0,0,0,6659,5944,5944
TJN_HOM_025_HomeGoods Digital Video_Q4FY18,Tremor Video Inc.,PK6DYV_TJN_HOM_025_OLV_TREMOR NETWORK_AWR_BS1_MAP_DIR_VID_TRG_RON_PXT_CTG_DVY_ALL SCREEN PREROLL + PROXIMITYPLUS DWELL TIME TARGETING TO HOMEGOODS VISITORS MOB/TAB APP_Run of Network_Behavioral_F25-54_1280 x 720_Standard_NV_NA,205859075,11/11/2017,758179,2323,755856,751690,4166,28,4138,3785,353,751718,687591,691376
TJN_HOM_008_HomeGoods Summer Digital_FY18,NinthDecimal,PHHXGN_TJN_HOM_008_Mobile_NINTHDECIMAL_CHILD_LUXURY SHOPPERS RETENTION_MOBILE APP_CUSTOM_DISPLAY_320X50_Run of Network_Behavioral_F25-54_320 x 50_Click and View_NV_NA,200582901,7/26/2017,3233,148,3085,479,2606,15,2591,2378,213,494,453,2831
TJN_HOM_030_HomeGoods 2H Digital_F18,NinthDecimal,PJQ7NJ_TJN_HOM_030_Mobile_NINTHDECIMAL_DST_SV1_MAP_DIR_RCH_TRG_RON_BTG_DMA_DVY_CONSUMER JOURNEY: BARGAIN HUNTERS_Run of Network_Behavioral_F25-54_320 x 50_Click and View_NV_NA,204644353,10/14/2017,8435,115,8320,3853,4467,47,4420,4263,157,3900,3761,8024
TJN_HOM_008_HomeGoods Summer Digital_FY18,Hulu,PHG79N_TJN_HOM_008_FEP_HULU_Masthead_SPONSORSHIP_CROSS DEVICE_CUSTOM_VIDEO_1X1_1X1_N/A_N/A_N/A_SITE_N/A_Roadblock_Demo_F25-54_1 x 1_Click and View_NV_NA,201462657,7/18/2017,107710,1186,106524,106524,0,0,0,0,0,106524,101287,101287
TJN_HOM_008_HomeGoods Summer Digital_FY18,NinthDecimal,PHHXGQ_TJN_HOM_008_Mobile_NINTHDECIMAL_CHILD_PET OWNERS RETENTION_MOBILE APP_CUSTOM_DISPLAY_320X50_Run of Network_Behavioral_F25-54_320 x 50_Click and View_NV_NA,200578886,7/27/2017,5785,314,5471,915,4556,25,4531,4291,240,940,890,5181
TJN_HOM_030_HomeGoods 2H Digital_F18,NinthDecimal,PJQ7NJ_TJN_HOM_030_Mobile_NINTHDECIMAL_DST_SV1_MAP_DIR_RCH_TRG_RON_BTG_DMA_DVY_CONSUMER JOURNEY: BARGAIN HUNTERS_Run of Network_Behavioral_F25-54_320 x 50_Click and View_NV_NA,204644353,9/14/2017,10801,217,10584,3793,6791,49,6742,6549,193,3842,3732,10281
TJN_HOM_008_HomeGoods Summer Digital_FY18,Hulu,PHG79G_TJN_HOM_008_FEP_HULU_ROS Pre-roll_CROSS DEVICE_PRE-ROLL_VIDEO_1920X1080_VAST_AUDIENCE_N/A_N/A_3RD PARTY_N/A_Run of Site_Demo_F25-54_1920 x 1080_Standard_NV_NA,201466946,8/1/2017,38471,300,38171,38171,0,0,0,0,0,38171,36395,36395
TJN_HOM_008_HomeGoods Summer Digital_FY18,xAd Inc.,PHHXGS_TJN_HOM_008_Mobile_XAD INC_CHILD_LOYALTY_MOBILE APP_STANDARD_DISPLAY_300X250_GEO-FENCING_Run of Network_Geo_F25-54_300 x 250_Click and View_NV_NA,200583064,8/28/2017,6256,898,5358,36,5322,5314,8,7,1,5350,4681,4688
TJN_HOM_008_HomeGoods Summer Digital_FY18,xAd Inc.,PHHXGR_TJN_HOM_008_Mobile_XAD INC_CHILD_LOYALTY_MOBILE APP_STANDARD_DISPLAY_320X50_GEO-FENCING_Run of Network_Geo_F25-54_320 x 50_Click and View_NV_NA,200587518,8/11/2017,70105,1255,68850,43754,25096,350,24746,21673,3073,44104,38627,60300
TJN_HOM_030_HomeGoods 2H Digital_F18,xAd Inc.,PJQ7MQ_TJN_HOM_030_Mobile_GROUND TRUTH FKA XAD_DST_SV1_MAP_DIR_DSP_TRG_RON_MKT_DMA_DVY_LOCATION - COMPETITOR SHOPPERS - DYNAMIC DISTANCE_Run of Network_Geo_F25-54_320 x 50_Click and View_NV_NA,204617210,9/9/2017,14397,150,14247,8518,5729,3734,1995,1794,201,12252,10586,12380
TJN_HOM_030_HomeGoods 2H Digital_F18,xAd Inc.,PJQ7MJ_TJN_HOM_030_Mobile_GROUND TRUTH FKA XAD_DST_SV1_MAP_DIR_DSP_TRG_RON_PXT_BTG_DVY_PROXIMITY LOYALTY - STORE LOCATOR UNIT_Run of Network_Geo_F25-54_320 x 50_Click and View_NV_NA,204649939,10/27/2017,13908,299,13609,6112,7497,97,7400,7249,151,6209,6082,13331
TJN_HOM_013_HomeGoods FEP_Q3FY18,Discovery Digital Media,PHWLS5_TJN_HOM_013_Content_DISCOVERY NETWORKS_Full Episode Video Desktop_30s_FEP_Contextual_F25-54_1920 x 1080_Standard_NV_NA,201895013,9/26/2017,3460,108,3352,3352,0,0,0,0,0,3352,,
TJN_HOM_030_HomeGoods 2H Digital_F18,NinthDecimal,PJQ7N5_TJN_HOM_030_Mobile_NINTHDECIMAL_DST_SV1_MAP_DIR_RCH_TRG_RON_PXT_DMA_DVY_GEOFENCE: 2-MILE RADIUS AROUND URBAN STORES_Run of Network_Geo_F25-54_320 x 50_Click and View_NV_NA,204649945,10/26/2017,4905,65,4840,223,4617,30,4587,4480,107,253,247,4727
TJN_HOM_013_HomeGoods FEP_Q3FY18,Scripps Networks,PHNKCT_TJN_HOM_013_FEP_SCRIPPSNETWORKS.COM_TVE_Crossplatform_FEP_Demo_F25-54_1 x 1_Click and View_NV_NA,201878832,9/12/2017,87,0,87,87,0,0,0,0,0,87,,
TJN_HOM_030_HomeGoods 2H Digital_F18,xAd Inc.,PJQ7MN_TJN_HOM_030_Mobile_GROUND TRUTH FKA XAD_DST_SV1_MAP_DIR_DSP_TRG_RON_MKT_DMA_DVY_LOCATION - HOMEGOODS SHOPPERS - DYNAMIC DISTANCE_Run of Network_Geo_F25-54_320 x 50_Click and View_NV_NA,204651439,11/3/2017,3,1,2,1,1,0,1,1,0,1,1,2
TJN_HOM_013_HomeGoods FEP_Q3FY18,Discovery Digital Media,PHWLS7_TJN_HOM_013_Content_DISCOVERY NETWORKS_Full Episode Video Mobile Web_30s_FEP_Contextual_F25-54_1920 x 1080_Standard_NV_NA,201895019,8/20/2017,925,17,908,908,0,0,0,0,0,908,,
TJN_HOM_025_HomeGoods Digital Video_Q4FY18,Tremor Video Inc.,PK1FYM_TJN_HOM_025_OLV_TREMOR NETWORK_AWR_BS1_DSK_DIR_VID_TRG_RON_BTG_CTG_DVY_ALL SCREEN PREROLL + SOCIAL AFFINITY TARGETING TO W25-54 HOME ENTHUSIASTS DESKTOP_Run of Network_Behavioral_F25-54_1280 x 720_Standard_NV_NA,205941870,10/21/2017,25803,19,25784,6907,18877,462,18415,16405,2010,7369,6565,22970
TJN_HOM_030_HomeGoods 2H Digital_F18,xAd Inc.,PJQ7MQ_TJN_HOM_030_Mobile_GROUND TRUTH FKA XAD_DST_SV1_MAP_DIR_DSP_TRG_RON_MKT_DMA_DVY_LOCATION - COMPETITOR SHOPPERS - DYNAMIC DISTANCE_Run of Network_Geo_F25-54_320 x 50_Click and View_NV_NA,204617210,10/21/2017,5292,51,5241,3394,1847,103,1744,798,946,3497,1595,2393
TJN_HOM_008_HomeGoods Summer Digital_FY18,Hulu,PHG79N_TJN_HOM_008_FEP_HULU_Masthead_SPONSORSHIP_CROSS DEVICE_CUSTOM_VIDEO_1X1_1X1_N/A_N/A_N/A_SITE_N/A_Roadblock_Demo_F25-54_1 x 1_Click and View_NV_NA,201462657,8/2/2017,105691,839,104852,104852,0,0,0,0,0,104852,92183,92183
TJN_HOM_030_HomeGoods 2H Digital_F18,NinthDecimal,PJQ7NH_TJN_HOM_030_Mobile_NINTHDECIMAL_DST_SV1_MAP_DIR_RCH_TRG_RON_BTG_DMA_DVY_CONSUMER JOURNEY: PET SUPPLY SHOPPERS_Run of Network_Behavioral_F25-54_320 x 50_Click and View_NV_NA,204647914,9/9/2017,19821,209,19612,4867,14745,101,14644,14204,440,4968,4819,19023
TJN_HOM_030_HomeGoods 2H Digital_F18,NinthDecimal,PJQ7NG_TJN_HOM_030_Mobile_NINTHDECIMAL_DST_SV1_MAP_DIR_RCH_TRG_RON_BTG_DMA_DVY_CONSUMER JOURNEY: NEW HOME BUYERS & MOVERS_Run of Network_Behavioral_F25-54_320 x 50_Click and View_NV_NA,204625835,10/19/2017,9074,130,8944,4135,4809,43,4766,4620,146,4178,4050,8670
TJN_HOM_008_HomeGoods Summer Digital_FY18,Hulu,PHG79K_TJN_HOM_008_FEP_HULU_Summer TV Pre-roll_SPONSORSHIP_CROSS DEVICE_PRE-ROLL_VIDEO_1920X1080_VAST_N/A_N/A_N/A_3RD PARTY_N/A_Roadblock_Demo_F25-54_1920 x 1080_Standard_NV_NA,201466499,8/21/2017,241993,2020,239973,239973,0,0,0,0,0,239973,221834,221834
TJN_HOM_030_HomeGoods 2H Digital_F18,xAd Inc.,PJQ7MS_TJN_HOM_030_Mobile_GROUND TRUTH FKA XAD_DST_SV1_MAP_DIR_DSP_TRG_RON_DMA_PXT_DVY_AV DMA TARGETING_Run of Network_Geo_F25-54_300 x 250_Click and View_NV_NA,204646501,9/28/2017,55487,1458,54029,42027,12002,1801,10201,8663,1538,43828,34131,42794
TJN_HOM_008_HomeGoods Summer Digital_FY18,Hulu,PHG79G_TJN_HOM_008_FEP_HULU_ROS Pre-roll_CROSS DEVICE_PRE-ROLL_VIDEO_1920X1080_VAST_AUDIENCE_N/A_N/A_3RD PARTY_N/A_Run of Site_Demo_F25-54_1920 x 1080_Standard_NV_NA,201466946,10/1/2017,7,0,7,7,0,0,0,0,0,7,6,6
TJN_HOM_030_HomeGoods 2H Digital_F18,xAd Inc.,PJQ7MG_TJN_HOM_030_Mobile_GROUND TRUTH FKA XAD_DST_SV1_MAP_DIR_DSP_TRG_RON_PXT_BTG_DVY_PROXIMITY LOYALTY - DYNAMIC DISTANCE_Run of Network_Geo_F25-54_320 x 50_Click and View_NV_NA,204626813,10/26/2017,71531,1075,70456,67663,2793,800,1993,1779,214,68463,34192,35971
TJN_HOM_030_HomeGoods 2H Digital_F18,NinthDecimal,PJQ7NH_TJN_HOM_030_Mobile_NINTHDECIMAL_DST_SV1_MAP_DIR_RCH_TRG_RON_BTG_DMA_DVY_CONSUMER JOURNEY: PET SUPPLY SHOPPERS_Run of Network_Behavioral_F25-54_320 x 50_Click and View_NV_NA,204647914,10/21/2017,9435,164,9271,4404,4867,46,4821,4649,172,4450,4291,8940
TJN_HOM_008_HomeGoods Summer Digital_FY18,NinthDecimal,PHHXGK_TJN_HOM_008_Mobile_NINTHDECIMAL_CHILD_PROSPECTING_MOBILE APP_CUSTOM_DISPLAY_320X50_Run of Network_Behavioral_F25-54_320 x 50_Click and View_NV_NA,200587954,9/7/2017,4,0,4,2,2,2,0,0,0,4,4,4
TJN_HOM_030_HomeGoods 2H Digital_F18,xAd Inc.,PJQ7MR_TJN_HOM_030_Mobile_GROUND TRUTH FKA XAD_DST_SV1_MAP_DIR_DSP_TRG_RON_MKT_DMA_DVY_LOCATION - COMPETITOR SHOPPERS - DYNAMIC DISTANCE_Run of Network_Geo_F25-54_300 x 250_Click and View_NV_NA,204647890,10/25/2017,8938,330,8608,8608,0,0,0,0,0,8608,7709,7709
TJN_HOM_025_HomeGoods Digital Video_Q4FY18,Tremor Video Inc.,PK6DY1_TJN_HOM_025_OLV_TREMOR NETWORK_AWR_BS1_CTV_DIR_VID_TRG_RON_BTG_CTG_DVY_ALL SCREEN PREROLL + SOCIAL AFFINITY TARGETING TO W25-54 HOME ENTHUSIASTS CTV_Run of Network_Behavioral_F25-54_1280 x 720_Standard_NV_NA,205941318,10/21/2017,17424,0,17424,17424,0,0,0,0,0,17424,13641,13641
TJN_HOM_030_HomeGoods 2H Digital_F18,xAd Inc.,PJQ7MJ_TJN_HOM_030_Mobile_GROUND TRUTH FKA XAD_DST_SV1_MAP_DIR_DSP_TRG_RON_PXT_BTG_DVY_PROXIMITY LOYALTY - STORE LOCATOR UNIT_Run of Network_Geo_F25-54_320 x 50_Click and View_NV_NA,204649939,9/7/2017,23821,512,23309,17923,5386,114,5272,4942,330,18037,16908,21850
TJN_HOM_030_HomeGoods 2H Digital_F18,NinthDecimal,"PJQ7NK_TJN_HOM_030_Mobile_NINTHDECIMAL_DST_SV1_MAP_DIR_RCH_TRG_RON_BTG_DMA_DVY_TV TARGETING: HGTV, DIY NETWORK, BRAVO, TLC, FOOD NETWORK_Run of Network_Behavioral_F25-54_320 x 50_Click and View_NV_NA",204674553,9/5/2017,3238,68,3170,1804,1366,19,1347,1323,24,1823,1791,3114
TJN_HOM_008_HomeGoods Summer Digital_FY18,Hulu,PHG79G_TJN_HOM_008_FEP_HULU_ROS Pre-roll_CROSS DEVICE_PRE-ROLL_VIDEO_1920X1080_VAST_AUDIENCE_N/A_N/A_3RD PARTY_N/A_Run of Site_Demo_F25-54_1920 x 1080_Standard_NV_NA,201466946,10/2/2017,1,0,1,1,0,0,0,0,0,1,1,1
TJN_HOM_008_HomeGoods Summer Digital_FY18,Hulu,PHG79G_TJN_HOM_008_FEP_HULU_ROS Pre-roll_CROSS DEVICE_PRE-ROLL_VIDEO_1920X1080_VAST_AUDIENCE_N/A_N/A_3RD PARTY_N/A_Run of Site_Demo_F25-54_1920 x 1080_Standard_NV_NA,201466946,9/23/2017,10119,36,10083,10083,0,0,0,0,0,10083,8991,8991
TJN_HOM_013_HomeGoods FEP_Q3FY18,Discovery Digital Media,PHWLS7_TJN_HOM_013_Content_DISCOVERY NETWORKS_Full Episode Video Mobile Web_30s_FEP_Contextual_F25-54_1920 x 1080_Standard_NV_NA,201895019,8/24/2017,916,7,909,909,0,0,0,0,0,909,,
TJN_HOM_030_HomeGoods 2H Digital_F18,NinthDecimal,PJQ7ND_TJN_HOM_030_Mobile_NINTHDECIMAL_DST_SV1_MAP_DIR_RCH_TRG_RON_BTG_DMA_DVY_CONSUMER JOURNEY: HOUSEHOLD CEO_Run of Network_Behavioral_F25-54_320 x 50_Click and View_NV_NA,204626294,9/5/2017,3,2,1,1,0,0,0,0,0,1,1,1
TJN_HOM_030_HomeGoods 2H Digital_F18,xAd Inc.,PJQ7MK_TJN_HOM_030_Mobile_GROUND TRUTH FKA XAD_DST_SV1_MAP_DIR_DSP_TRG_RON_PXT_BTG_DVY_PROXIMITY LOYALTY - STORE LOCATOR UNIT_Run of Network_Geo_F25-54_300 x 250_Click and View_NV_NA,204625442,9/12/2017,560,15,545,121,424,18,406,386,20,139,132,518
TJN_HOM_030_HomeGoods 2H Digital_F18,xAd Inc.,PJQ7MH_TJN_HOM_030_Mobile_GROUND TRUTH FKA XAD_DST_SV1_MAP_DIR_DSP_TRG_RON_PXT_BTG_DVY_PROXIMITY LOYALTY - DYNAMIC DISTANCE_Run of Network_Geo_F25-54_300 x 250_Click and View_NV_NA,204675003,9/21/2017,14021,486,13535,13529,6,1,5,4,1,13530,10821,10825
TJN_HOM_030_HomeGoods 2H Digital_F18,NinthDecimal,PJQ7NJ_TJN_HOM_030_Mobile_NINTHDECIMAL_DST_SV1_MAP_DIR_RCH_TRG_RON_BTG_DMA_DVY_CONSUMER JOURNEY: BARGAIN HUNTERS_Run of Network_Behavioral_F25-54_320 x 50_Click and View_NV_NA,204644353,9/28/2017,6702,97,6605,2328,4277,24,4253,4163,90,2352,2302,6465
TJN_HOM_008_HomeGoods Summer Digital_FY18,NinthDecimal,PHHXGL_TJN_HOM_008_Mobile_NINTHDECIMAL_CHILD_RETENTION_MOBILE APP_CUSTOM_DISPLAY_320X50_Run of Network_Behavioral_F25-54_320 x 50_Click and View_NV_NA,200585092,8/19/2017,13011,97,12914,1699,11215,55,11160,10595,565,1754,1665,12260
TJN_HOM_030_HomeGoods 2H Digital_F18,xAd Inc.,PJQ7MM_TJN_HOM_030_Mobile_GROUND TRUTH FKA XAD_DST_SV1_MAP_DIR_DSP_TRG_RON_BTG_DMA_DVY_BEHAVIORAL - HOME SHOPPER- DYNAMIC DISTANCE_Run of Network_Behavioral_F25-54_300 x 250_Click and View_NV_NA,204626171,9/6/2017,5669,54,5615,5613,2,0,2,0,2,5613,0,0
TJN_HOM_008_HomeGoods Summer Digital_FY18,NinthDecimal,PHHXGK_TJN_HOM_008_Mobile_NINTHDECIMAL_CHILD_PROSPECTING_MOBILE APP_CUSTOM_DISPLAY_320X50_Run of Network_Behavioral_F25-54_320 x 50_Click and View_NV_NA,200587954,7/22/2017,88196,1336,86860,27382,59478,331,59147,56212,2935,27713,26338,82550
TJN_HOM_030_HomeGoods 2H Digital_F18,xAd Inc.,PJQ7MH_TJN_HOM_030_Mobile_GROUND TRUTH FKA XAD_DST_SV1_MAP_DIR_DSP_TRG_RON_PXT_BTG_DVY_PROXIMITY LOYALTY - DYNAMIC DISTANCE_Run of Network_Geo_F25-54_300 x 250_Click and View_NV_NA,204675003,10/6/2017,40402,1240,39162,39052,110,34,76,1,75,39086,514,515
TJN_HOM_008_HomeGoods Summer Digital_FY18,xAd Inc.,PHHXGS_TJN_HOM_008_Mobile_XAD INC_CHILD_LOYALTY_MOBILE APP_STANDARD_DISPLAY_300X250_GEO-FENCING_Run of Network_Geo_F25-54_300 x 250_Click and View_NV_NA,200583064,8/18/2017,18264,3999,14265,41,14224,14208,16,16,0,14249,14249,14265
TJN_HOM_008_HomeGoods Summer Digital_FY18,Hulu,PHG79G_TJN_HOM_008_FEP_HULU_ROS Pre-roll_CROSS DEVICE_PRE-ROLL_VIDEO_1920X1080_VAST_AUDIENCE_N/A_N/A_3RD PARTY_N/A_Run of Site_Demo_F25-54_1920 x 1080_Standard_NV_NA,201466946,8/15/2017,19020,158,18862,18862,0,0,0,0,0,18862,16967,16967
TJN_HOM_030_HomeGoods 2H Digital_F18,NinthDecimal,PJQ7NG_TJN_HOM_030_Mobile_NINTHDECIMAL_DST_SV1_MAP_DIR_RCH_TRG_RON_BTG_DMA_DVY_CONSUMER JOURNEY: NEW HOME BUYERS & MOVERS_Run of Network_Behavioral_F25-54_320 x 50_Click and View_NV_NA,204625835,10/9/2017,9026,102,8924,4649,4275,33,4242,4108,134,4682,4534,8642
TJN_HOM_008_HomeGoods Summer Digital_FY18,xAd Inc.,PHHXGT_TJN_HOM_008_Mobile_XAD INC_CHILD_CONQUESTING_MOBILE APP_STANDARD_DISPLAY_320X50_GEO-FENCING_Run of Network_Geo_F25-54_320 x 50_Click and View_NV_NA,200573066,7/18/2017,20903,101,20802,18822,1980,30,1950,1259,691,18852,12172,13431
TJN_HOM_008_HomeGoods Summer Digital_FY18,NinthDecimal,PHHXGQ_TJN_HOM_008_Mobile_NINTHDECIMAL_CHILD_PET OWNERS RETENTION_MOBILE APP_CUSTOM_DISPLAY_320X50_Run of Network_Behavioral_F25-54_320 x 50_Click and View_NV_NA,200578886,8/22/2017,4769,35,4734,659,4075,22,4053,3712,341,681,624,4336
TJN_HOM_030_HomeGoods 2H Digital_F18,xAd Inc.,PJQ7MP_TJN_HOM_030_Mobile_GROUND TRUTH FKA XAD_DST_SV1_MAP_DIR_DSP_TRG_RON_MKT_DMA_DVY_LOCATION - HOMEGOODS SHOPPERS - DYNAMIC DISTANCE_Run of Network_Geo_F25-54_300 x 250_Click and View_NV_NA,204647878,10/24/2017,5741,156,5585,5585,0,0,0,0,0,5585,5007,5007
TJN_HOM_030_HomeGoods 2H Digital_F18,NinthDecimal,PJQ7NB_TJN_HOM_030_Mobile_NINTHDECIMAL_DST_SV1_MAP_DIR_RCH_TRG_RON_BTG_PXT_DVY_LOCATION GRAPH: COMPETITIVE CONQUESTING_Run of Network_Behavioral_F25-54_320 x 50_Click and View_NV_NA,204649942,9/6/2017,5369,117,5252,2977,2275,16,2259,2168,91,2993,2872,5040
TJN_HOM_013_HomeGoods FEP_Q3FY18,Scripps Networks,PHNKCR_TJN_HOM_013_FEP_SCRIPPSNETWORKS.COM_On-site_Crossplatform_FEP_Demo_F25-54_1280 x 720_Standard_NV_NA,201888442,7/30/2017,2331,7,2324,2324,0,0,0,0,0,2324,,
TJN_HOM_008_HomeGoods Summer Digital_FY18,NinthDecimal,PHHXGM_TJN_HOM_008_Mobile_NINTHDECIMAL_CHILD_LUXURY SHOPPERS PROSPECTING_MOBILE APP_CUSTOM_DISPLAY_320X50_Run of Network_Behavioral_F25-54_320 x 50_Click and View_NV_NA,200581998,9/6/2017,6,0,6,4,2,2,0,0,0,6,6,6
TJN_HOM_013_HomeGoods FEP_Q3FY18,Discovery Digital Media,PHWLS8_TJN_HOM_013_Content_DISCOVERY NETWORKS_Full Episode Video Tablet Web_30s_FEP_Contextual_F25-54_1920 x 1080_Standard_NV_NA,201899695,9/4/2017,884,20,864,864,0,0,0,0,0,864,,
TJN_HOM_013_HomeGoods FEP_Q3FY18,Discovery Digital Media,PHWLS7_TJN_HOM_013_Content_DISCOVERY NETWORKS_Full Episode Video Mobile Web_30s_FEP_Contextual_F25-54_1920 x 1080_Standard_NV_NA,201895019,8/11/2017,946,26,920,920,0,0,0,0,0,920,,
TJN_HOM_030_HomeGoods 2H Digital_F18,xAd Inc.,PJQ7MG_TJN_HOM_030_Mobile_GROUND TRUTH FKA XAD_DST_SV1_MAP_DIR_DSP_TRG_RON_PXT_BTG_DVY_PROXIMITY LOYALTY - DYNAMIC DISTANCE_Run of Network_Geo_F25-54_320 x 50_Click and View_NV_NA,204626813,11/4/2017,3,3,0,0,0,0,0,0,0,0,0,0
TJN_HOM_030_HomeGoods 2H Digital_F18,Nativo Inc.,PK87W8_TJN_HOM_030_Content_NATIVO FKA POST RLSE_DSI_BS2_MWB_DIR_NAD_ROT_RON_CTG_BTG_DVY_NATIVE DISPLAY UNIT FALL TRENDS_Run of Network_Contextual_F25-54_1 x 1_Click and View_NV_NA,206137761,11/9/2017,2,0,2,0,2,1,1,0,1,1,0,0
TJN_HOM_030_HomeGoods 2H Digital_F18,NinthDecimal,PJQ7NF_TJN_HOM_030_Mobile_NINTHDECIMAL_DST_SV1_MAP_DIR_RCH_TRG_RON_BTG_DMA_DVY_CONSUMER JOURNEY: HOME FURNISHINGS SHOPPERS_Run of Network_Behavioral_F25-54_320 x 50_Click and View_NV_NA,204626291,9/27/2017,9336,239,9097,2131,6966,24,6942,6800,142,2155,2111,8911
TJN_HOM_030_HomeGoods 2H Digital_F18,xAd Inc.,PJQ7MR_TJN_HOM_030_Mobile_GROUND TRUTH FKA XAD_DST_SV1_MAP_DIR_DSP_TRG_RON_MKT_DMA_DVY_LOCATION - COMPETITOR SHOPPERS - DYNAMIC DISTANCE_Run of Network_Geo_F25-54_300 x 250_Click and View_NV_NA,204647890,9/23/2017,5013,155,4858,4819,39,1,38,32,6,4820,4034,4066
TJN_HOM_008_HomeGoods Summer Digital_FY18,NinthDecimal,PHHXGK_TJN_HOM_008_Mobile_NINTHDECIMAL_CHILD_PROSPECTING_MOBILE APP_CUSTOM_DISPLAY_320X50_Run of Network_Behavioral_F25-54_320 x 50_Click and View_NV_NA,200587954,7/23/2017,82172,820,81352,24759,56593,278,56315,53533,2782,25037,23800,77333
TJN_HOM_030_HomeGoods 2H Digital_F18,NinthDecimal,PJQ7ND_TJN_HOM_030_Mobile_NINTHDECIMAL_DST_SV1_MAP_DIR_RCH_TRG_RON_BTG_DMA_DVY_CONSUMER JOURNEY: HOUSEHOLD CEO_Run of Network_Behavioral_F25-54_320 x 50_Click and View_NV_NA,204626294,9/14/2017,12290,261,12029,4267,7762,45,7717,7523,194,4312,4204,11727
TJN_HOM_008_HomeGoods Summer Digital_FY18,xAd Inc.,PHHXGS_TJN_HOM_008_Mobile_XAD INC_CHILD_LOYALTY_MOBILE APP_STANDARD_DISPLAY_300X250_GEO-FENCING_Run of Network_Geo_F25-54_300 x 250_Click and View_NV_NA,200583064,8/5/2017,3744,428,3316,2920,396,87,309,309,0,3007,3007,3316
TJN_HOM_013_HomeGoods FEP_Q3FY18,Discovery Digital Media,PHWLS6_TJN_HOM_013_Content_DISCOVERY NETWORKS_Full Episode Video Mobile App_30s_FEP_Contextual_F25-54_1920 x 1080_Standard_NV_NA,201891425,7/21/2017,16304,118,16186,16186,0,0,0,0,0,16186,,
TJN_HOM_030_HomeGoods 2H Digital_F18,NinthDecimal,PJQ7NG_TJN_HOM_030_Mobile_NINTHDECIMAL_DST_SV1_MAP_DIR_RCH_TRG_RON_BTG_DMA_DVY_CONSUMER JOURNEY: NEW HOME BUYERS & MOVERS_Run of Network_Behavioral_F25-54_320 x 50_Click and View_NV_NA,204625835,11/12/2017,9290,110,9180,698,8482,41,8441,8219,222,739,720,8939
TJN_HOM_030_HomeGoods 2H Digital_F18,xAd Inc.,PJQ7MG_TJN_HOM_030_Mobile_GROUND TRUTH FKA XAD_DST_SV1_MAP_DIR_DSP_TRG_RON_PXT_BTG_DVY_PROXIMITY LOYALTY - DYNAMIC DISTANCE_Run of Network_Geo_F25-54_320 x 50_Click and View_NV_NA,204626813,9/25/2017,66253,1388,64865,54511,10354,1183,9171,8107,1064,55694,44168,52275
TJN_HOM_013_HomeGoods FEP_Q3FY18,Discovery Digital Media,PHWLS5_TJN_HOM_013_Content_DISCOVERY NETWORKS_Full Episode Video Desktop_30s_FEP_Contextual_F25-54_1920 x 1080_Standard_NV_NA,201895013,9/11/2017,5398,176,5222,5222,0,0,0,0,0,5222,,
TJN_HOM_030_HomeGoods 2H Digital_F18,NinthDecimal,PJQ7N7_TJN_HOM_030_Mobile_NINTHDECIMAL_DST_SV1_MAP_DIR_RCH_TRG_RON_PXT_DMA_DVY_GEOFENCE: 15-20-MILE RADIUS AROUND RURAL STORES_Run of Network_Geo_F25-54_320 x 50_Click and View_NV_NA,204674556,10/18/2017,8405,162,8243,5286,2957,61,2896,2821,75,5347,5209,8030
TJN_HOM_013_HomeGoods FEP_Q3FY18,Scripps Networks,PHNKCR_TJN_HOM_013_FEP_SCRIPPSNETWORKS.COM_On-site_Crossplatform_FEP_Demo_F25-54_1280 x 720_Standard_NV_NA,201888442,9/25/2017,889,2,887,887,0,0,0,0,0,887,,
TJN_HOM_030_HomeGoods 2H Digital_F18,xAd Inc.,PJQ7MP_TJN_HOM_030_Mobile_GROUND TRUTH FKA XAD_DST_SV1_MAP_DIR_DSP_TRG_RON_MKT_DMA_DVY_LOCATION - HOMEGOODS SHOPPERS - DYNAMIC DISTANCE_Run of Network_Geo_F25-54_300 x 250_Click and View_NV_NA,204647878,11/10/2017,8382,366,8016,8016,0,0,0,0,0,8016,8016,8016
TJN_HOM_030_HomeGoods 2H Digital_F18,NinthDecimal,PJQ7ND_TJN_HOM_030_Mobile_NINTHDECIMAL_DST_SV1_MAP_DIR_RCH_TRG_RON_BTG_DMA_DVY_CONSUMER JOURNEY: HOUSEHOLD CEO_Run of Network_Behavioral_F25-54_320 x 50_Click and View_NV_NA,204626294,10/14/2017,9034,152,8882,4522,4360,31,4329,4201,128,4553,4418,8619
TJN_HOM_025_HomeGoods Digital Video_Q4FY18,Tremor Video Inc.,PK6DWD_TJN_HOM_025_OLV_TREMOR NETWORK_AWR_BS1_MAP_DIR_VID_TRG_RON_BTG_CTG_DVY_ALL SCREEN PREROLL + SOCIAL AFFINITY TARGETING TO W25-54 HOME ENTHUSIASTS MOB/TAB APP_Run of Network_Behavioral_F25-54_1280 x 720_Standard_NV_NA,205941321,10/12/2017,220280,1058,219222,219077,145,99,46,43,3,219176,204882,204925
TJN_HOM_030_HomeGoods 2H Digital_F18,NinthDecimal,"PJQ7NK_TJN_HOM_030_Mobile_NINTHDECIMAL_DST_SV1_MAP_DIR_RCH_TRG_RON_BTG_DMA_DVY_TV TARGETING: HGTV, DIY NETWORK, BRAVO, TLC, FOOD NETWORK_Run of Network_Behavioral_F25-54_320 x 50_Click and View_NV_NA",204674553,9/14/2017,7187,143,7044,1985,5059,36,5023,4861,162,2021,1956,6817
TJN_HOM_030_HomeGoods 2H Digital_F18,NinthDecimal,PJQ7N5_TJN_HOM_030_Mobile_NINTHDECIMAL_DST_SV1_MAP_DIR_RCH_TRG_RON_PXT_DMA_DVY_GEOFENCE: 2-MILE RADIUS AROUND URBAN STORES_Run of Network_Geo_F25-54_320 x 50_Click and View_NV_NA,204649945,9/25/2017,10310,267,10043,4581,5462,32,5430,5292,138,4613,4496,9788
TJN_HOM_008_HomeGoods Summer Digital_FY18,Hulu,PHG79G_TJN_HOM_008_FEP_HULU_ROS Pre-roll_CROSS DEVICE_PRE-ROLL_VIDEO_1920X1080_VAST_AUDIENCE_N/A_N/A_3RD PARTY_N/A_Run of Site_Demo_F25-54_1920 x 1080_Standard_NV_NA,201466946,10/3/2017,1,0,1,1,0,0,0,0,0,1,1,1
TJN_HOM_013_HomeGoods FEP_Q3FY18,Discovery Digital Media,PHWLS8_TJN_HOM_013_Content_DISCOVERY NETWORKS_Full Episode Video Tablet Web_30s_FEP_Contextual_F25-54_1920 x 1080_Standard_NV_NA,201899695,8/14/2017,923,13,910,910,0,0,0,0,0,910,,
TJN_HOM_030_HomeGoods 2H Digital_F18,NinthDecimal,PJQ7N5_TJN_HOM_030_Mobile_NINTHDECIMAL_DST_SV1_MAP_DIR_RCH_TRG_RON_PXT_DMA_DVY_GEOFENCE: 2-MILE RADIUS AROUND URBAN STORES_Run of Network_Geo_F25-54_320 x 50_Click and View_NV_NA,204649945,11/4/2017,3496,51,3445,290,3155,16,3139,3061,78,306,298,3359
TJN_HOM_030_HomeGoods 2H Digital_F18,NinthDecimal,PJQ7N5_TJN_HOM_030_Mobile_NINTHDECIMAL_DST_SV1_MAP_DIR_RCH_TRG_RON_PXT_DMA_DVY_GEOFENCE: 2-MILE RADIUS AROUND URBAN STORES_Run of Network_Geo_F25-54_320 x 50_Click and View_NV_NA,204649945,11/6/2017,14148,172,13976,616,13360,68,13292,12959,333,684,667,13626
TJN_HOM_030_HomeGoods 2H Digital_F18,xAd Inc.,PJQ7MH_TJN_HOM_030_Mobile_GROUND TRUTH FKA XAD_DST_SV1_MAP_DIR_DSP_TRG_RON_PXT_BTG_DVY_PROXIMITY LOYALTY - DYNAMIC DISTANCE_Run of Network_Geo_F25-54_300 x 250_Click and View_NV_NA,204675003,10/11/2017,27572,1008,26564,26564,0,0,0,0,0,26564,402,402
TJN_HOM_030_HomeGoods 2H Digital_F18,NinthDecimal,"PJQ7NK_TJN_HOM_030_Mobile_NINTHDECIMAL_DST_SV1_MAP_DIR_RCH_TRG_RON_BTG_DMA_DVY_TV TARGETING: HGTV, DIY NETWORK, BRAVO, TLC, FOOD NETWORK_Run of Network_Behavioral_F25-54_320 x 50_Click and View_NV_NA",204674553,10/14/2017,8707,87,8620,4621,3999,57,3942,3766,176,4678,4469,8235
TJN_HOM_030_HomeGoods 2H Digital_F18,xAd Inc.,PJQ7MN_TJN_HOM_030_Mobile_GROUND TRUTH FKA XAD_DST_SV1_MAP_DIR_DSP_TRG_RON_MKT_DMA_DVY_LOCATION - HOMEGOODS SHOPPERS - DYNAMIC DISTANCE_Run of Network_Geo_F25-54_320 x 50_Click and View_NV_NA,204651439,10/20/2017,4388,58,4330,3644,686,39,647,561,86,3683,2790,3351
TJN_HOM_030_HomeGoods 2H Digital_F18,xAd Inc.,PJQ7ML_TJN_HOM_030_Mobile_GROUND TRUTH FKA XAD_DST_SV1_MAP_DIR_DSP_TRG_RON_BTG_DMA_DVY_BEHAVIORAL - HOME SHOPPER - DYNAMIC DISTANCE_Run of Network_Behavioral_F25-54_320 x 50_Click and View_NV_NA,204626174,10/8/2017,7123,132,6991,5170,1821,152,1669,1117,552,5322,3545,4662
TJN_HOM_030_HomeGoods 2H Digital_F18,xAd Inc.,PJQ7MM_TJN_HOM_030_Mobile_GROUND TRUTH FKA XAD_DST_SV1_MAP_DIR_DSP_TRG_RON_BTG_DMA_DVY_BEHAVIORAL - HOME SHOPPER- DYNAMIC DISTANCE_Run of Network_Behavioral_F25-54_300 x 250_Click and View_NV_NA,204626171,9/17/2017,5591,306,5285,5284,1,0,1,0,1,5284,0,0
TJN_HOM_008_HomeGoods Summer Digital_FY18,Hulu,PHG79K_TJN_HOM_008_FEP_HULU_Summer TV Pre-roll_SPONSORSHIP_CROSS DEVICE_PRE-ROLL_VIDEO_1920X1080_VAST_N/A_N/A_N/A_3RD PARTY_N/A_Roadblock_Demo_F25-54_1920 x 1080_Standard_NV_NA,201466499,7/24/2017,133654,1273,132381,132381,0,0,0,0,0,132381,120687,120687
TJN_HOM_030_HomeGoods 2H Digital_F18,NinthDecimal,PJQ7NG_TJN_HOM_030_Mobile_NINTHDECIMAL_DST_SV1_MAP_DIR_RCH_TRG_RON_BTG_DMA_DVY_CONSUMER JOURNEY: NEW HOME BUYERS & MOVERS_Run of Network_Behavioral_F25-54_320 x 50_Click and View_NV_NA,204625835,9/26/2017,8033,194,7839,2500,5339,33,5306,5113,193,2533,2441,7554
TJN_HOM_030_HomeGoods 2H Digital_F18,xAd Inc.,PJQ7MS_TJN_HOM_030_Mobile_GROUND TRUTH FKA XAD_DST_SV1_MAP_DIR_DSP_TRG_RON_DMA_PXT_DVY_AV DMA TARGETING_Run of Network_Geo_F25-54_300 x 250_Click and View_NV_NA,204646501,9/5/2017,3754,24,3730,407,3323,3049,274,229,45,3456,2888,3117
TJN_HOM_025_HomeGoods Digital Video_Q4FY18,Tremor Video Inc.,PK6DY1_TJN_HOM_025_OLV_TREMOR NETWORK_AWR_BS1_CTV_DIR_VID_TRG_RON_BTG_CTG_DVY_ALL SCREEN PREROLL + SOCIAL AFFINITY TARGETING TO W25-54 HOME ENTHUSIASTS CTV_Run of Network_Behavioral_F25-54_1280 x 720_Standard_NV_NA,205941318,10/4/2017,4628,1,4627,4627,0,0,0,0,0,4627,960,960
TJN_HOM_008_HomeGoods Summer Digital_FY18,Hulu,PHG79P_TJN_HOM_008_FEP_HULU_PageBrand_SPONSORSHIP_CROSS DEVICE_CUSTOM_VIDEO_1X1_1X1_N/A_N/A_N/A_SITE_N/A_Roadblock_Demo_F25-54_1 x 1_Click and View_NV_NA,201464250,8/6/2017,23,0,23,23,0,0,0,0,0,23,19,19
TJN_HOM_008_HomeGoods Summer Digital_FY18,xAd Inc.,PHHXGR_TJN_HOM_008_Mobile_XAD INC_CHILD_LOYALTY_MOBILE APP_STANDARD_DISPLAY_320X50_GEO-FENCING_Run of Network_Geo_F25-54_320 x 50_Click and View_NV_NA,200587518,8/20/2017,84053,1245,82808,51195,31613,1045,30568,25307,5261,52240,43249,68556
TJN_HOM_013_HomeGoods FEP_Q3FY18,Discovery Digital Media,PHWLS6_TJN_HOM_013_Content_DISCOVERY NETWORKS_Full Episode Video Mobile App_30s_FEP_Contextual_F25-54_1920 x 1080_Standard_NV_NA,201891425,8/10/2017,14022,95,13927,13927,0,0,0,0,0,13927,,
TJN_HOM_008_HomeGoods Summer Digital_FY18,Hulu,PHG79G_TJN_HOM_008_FEP_HULU_ROS Pre-roll_CROSS DEVICE_PRE-ROLL_VIDEO_1920X1080_VAST_AUDIENCE_N/A_N/A_3RD PARTY_N/A_Run of Site_Demo_F25-54_1920 x 1080_Standard_NV_NA,201466946,8/13/2017,15437,89,15348,15348,0,0,0,0,0,15348,13814,13814
TJN_HOM_008_HomeGoods Summer Digital_FY18,xAd Inc.,PHHXGV_TJN_HOM_008_Mobile_XAD INC_CHILD_CONQUESTING_MOBILE APP_STANDARD_DISPLAY_300X250_GEO-FENCING_Run of Network_Geo_F25-54_300 x 250_Click and View_NV_NA,200573063,8/27/2017,25630,1672,23958,126,23832,23832,0,0,0,23958,21989,21989
TJN_HOM_008_HomeGoods Summer Digital_FY18,xAd Inc.,PHHXGV_TJN_HOM_008_Mobile_XAD INC_CHILD_CONQUESTING_MOBILE APP_STANDARD_DISPLAY_300X250_GEO-FENCING_Run of Network_Geo_F25-54_300 x 250_Click and View_NV_NA,200573063,8/9/2017,14112,12881,1231,195,1036,965,71,64,7,1160,1046,1110
TJN_HOM_008_HomeGoods Summer Digital_FY18,NinthDecimal,PHHXGL_TJN_HOM_008_Mobile_NINTHDECIMAL_CHILD_RETENTION_MOBILE APP_CUSTOM_DISPLAY_320X50_Run of Network_Behavioral_F25-54_320 x 50_Click and View_NV_NA,200585092,8/8/2017,14133,97,14036,2036,12000,57,11943,11278,665,2093,1976,13254
TJN_HOM_030_HomeGoods 2H Digital_F18,NinthDecimal,PJQ7ND_TJN_HOM_030_Mobile_NINTHDECIMAL_DST_SV1_MAP_DIR_RCH_TRG_RON_BTG_DMA_DVY_CONSUMER JOURNEY: HOUSEHOLD CEO_Run of Network_Behavioral_F25-54_320 x 50_Click and View_NV_NA,204626294,9/28/2017,7468,177,7291,2173,5118,13,5105,5005,100,2186,2143,7148
TJN_HOM_030_HomeGoods 2H Digital_F18,xAd Inc.,PJQ7ML_TJN_HOM_030_Mobile_GROUND TRUTH FKA XAD_DST_SV1_MAP_DIR_DSP_TRG_RON_BTG_DMA_DVY_BEHAVIORAL - HOME SHOPPER - DYNAMIC DISTANCE_Run of Network_Behavioral_F25-54_320 x 50_Click and View_NV_NA,204626174,10/29/2017,8606,113,8493,6898,1595,263,1332,410,922,7161,2201,2611
TJN_HOM_008_HomeGoods Summer Digital_FY18,NinthDecimal,PHHXGQ_TJN_HOM_008_Mobile_NINTHDECIMAL_CHILD_PET OWNERS RETENTION_MOBILE APP_CUSTOM_DISPLAY_320X50_Run of Network_Behavioral_F25-54_320 x 50_Click and View_NV_NA,200578886,7/17/2017,1271,12,1259,222,1037,2,1035,954,81,224,206,1160
TJN_HOM_008_HomeGoods Summer Digital_FY18,NinthDecimal,PHHXGK_TJN_HOM_008_Mobile_NINTHDECIMAL_CHILD_PROSPECTING_MOBILE APP_CUSTOM_DISPLAY_320X50_Run of Network_Behavioral_F25-54_320 x 50_Click and View_NV_NA,200587954,8/23/2017,155140,3032,152108,52383,99725,478,99247,93437,5810,52861,49766,143203
TJN_HOM_008_HomeGoods Summer Digital_FY18,xAd Inc.,PHHXGT_TJN_HOM_008_Mobile_XAD INC_CHILD_CONQUESTING_MOBILE APP_STANDARD_DISPLAY_320X50_GEO-FENCING_Run of Network_Geo_F25-54_320 x 50_Click and View_NV_NA,200573066,8/2/2017,36148,539,35609,20188,15421,230,15191,12867,2324,20418,17189,30056
TJN_HOM_030_HomeGoods 2H Digital_F18,NinthDecimal,PJQ7NJ_TJN_HOM_030_Mobile_NINTHDECIMAL_DST_SV1_MAP_DIR_RCH_TRG_RON_BTG_DMA_DVY_CONSUMER JOURNEY: BARGAIN HUNTERS_Run of Network_Behavioral_F25-54_320 x 50_Click and View_NV_NA,204644353,9/5/2017,6661,126,6535,3467,3068,27,3041,2941,100,3494,3379,6320
TJN_HOM_030_HomeGoods 2H Digital_F18,NinthDecimal,PJQ7NH_TJN_HOM_030_Mobile_NINTHDECIMAL_DST_SV1_MAP_DIR_RCH_TRG_RON_BTG_DMA_DVY_CONSUMER JOURNEY: PET SUPPLY SHOPPERS_Run of Network_Behavioral_F25-54_320 x 50_Click and View_NV_NA,204647914,10/4/2017,7004,96,6908,3098,3810,31,3779,3600,179,3129,2981,6581
TJN_HOM_008_HomeGoods Summer Digital_FY18,xAd Inc.,PHHXGR_TJN_HOM_008_Mobile_XAD INC_CHILD_LOYALTY_MOBILE APP_STANDARD_DISPLAY_320X50_GEO-FENCING_Run of Network_Geo_F25-54_320 x 50_Click and View_NV_NA,200587518,8/24/2017,100505,1680,98825,54064,44761,165,44596,44270,326,54229,53833,98103
TJN_HOM_030_HomeGoods 2H Digital_F18,NinthDecimal,PJQ7N9_TJN_HOM_030_Mobile_NINTHDECIMAL_DST_SV1_MAP_DIR_RCH_TRG_RON_BTG_PXT_DVY_LOCATION GRAPH: TJX FAMILY LOYALISTS_Run of Network_Behavioral_F25-54_320 x 50_Click and View_NV_NA,204647917,10/26/2017,9757,155,9602,317,9285,66,9219,8987,232,383,373,9360
TJN_HOM_030_HomeGoods 2H Digital_F18,NinthDecimal,"PJQ7NK_TJN_HOM_030_Mobile_NINTHDECIMAL_DST_SV1_MAP_DIR_RCH_TRG_RON_BTG_DMA_DVY_TV TARGETING: HGTV, DIY NETWORK, BRAVO, TLC, FOOD NETWORK_Run of Network_Behavioral_F25-54_320 x 50_Click and View_NV_NA",204674553,9/28/2017,3815,42,3773,1186,2587,10,2577,2514,63,1196,1167,3681
TJN_HOM_030_HomeGoods 2H Digital_F18,xAd Inc.,PJQ7MP_TJN_HOM_030_Mobile_GROUND TRUTH FKA XAD_DST_SV1_MAP_DIR_DSP_TRG_RON_MKT_DMA_DVY_LOCATION - HOMEGOODS SHOPPERS - DYNAMIC DISTANCE_Run of Network_Geo_F25-54_300 x 250_Click and View_NV_NA,204647878,10/17/2017,7500,295,7205,7205,0,0,0,0,0,7205,6671,6671
TJN_HOM_008_HomeGoods Summer Digital_FY18,Hulu,Rolled-up Placements,N/A,7/8/2017,620323,9163,611160,611160,0,0,0,0,0,611160,574090,574090
TJN_HOM_008_HomeGoods Summer Digital_FY18,xAd Inc.,PHHXGW_TJN_HOM_008_Mobile_XAD INC_CHILD_LOCATION AUDIENCE-HOMEGOODS SHOPPERS_MOBILE APP_STANDARD_DISPLAY_320X50_Run of Network_Behavioral_F25-54_320 x 50_Click and View_NV_NA,200585089,8/4/2017,45764,1091,44673,4779,39894,729,39165,28135,11030,5508,3957,32092
TJN_HOM_025_HomeGoods Digital Video_Q4FY18,Tremor Video Inc.,PK1FYM_TJN_HOM_025_OLV_TREMOR NETWORK_AWR_BS1_DSK_DIR_VID_TRG_RON_BTG_CTG_DVY_ALL SCREEN PREROLL + SOCIAL AFFINITY TARGETING TO W25-54 HOME ENTHUSIASTS DESKTOP_Run of Network_Behavioral_F25-54_1280 x 720_Standard_NV_NA,205941870,10/4/2017,217486,161,217325,67673,149652,1747,147905,20522,127383,69420,9632,30154
TJN_HOM_030_HomeGoods 2H Digital_F18,xAd Inc.,PJQ7MQ_TJN_HOM_030_Mobile_GROUND TRUTH FKA XAD_DST_SV1_MAP_DIR_DSP_TRG_RON_MKT_DMA_DVY_LOCATION - COMPETITOR SHOPPERS - DYNAMIC DISTANCE_Run of Network_Geo_F25-54_320 x 50_Click and View_NV_NA,204617210,10/4/2017,2,0,2,1,1,0,1,1,0,1,1,2
TJN_HOM_030_HomeGoods 2H Digital_F18,NinthDecimal,PJQ7NC_TJN_HOM_030_Mobile_NINTHDECIMAL_DST_SV1_MAP_DIR_RCH_TRG_RON_BTG_DMA_DVY_CONSUMER JOURNEY: DIYERS_Run of Network_Behavioral_F25-54_320 x 50_Click and View_NV_NA,204675009,9/1/2017,3,1,2,1,1,1,0,0,0,2,2,2
TJN_HOM_013_HomeGoods FEP_Q3FY18,Discovery Digital Media,PHWLS5_TJN_HOM_013_Content_DISCOVERY NETWORKS_Full Episode Video Desktop_30s_FEP_Contextual_F25-54_1920 x 1080_Standard_NV_NA,201895013,8/1/2017,5364,149,5215,5215,0,0,0,0,0,5215,,
TJN_HOM_013_HomeGoods FEP_Q3FY18,Discovery Digital Media,PHWLS9_TJN_HOM_013_Content_DISCOVERY NETWORKS_Full Episode Video OTT/CTV_30s_FEP_Contextual_F25-54_1920 x 1080_Standard_NV_NA,201891428,8/16/2017,5680,7,5673,5673,0,0,0,0,0,5673,,
TJN_HOM_030_HomeGoods 2H Digital_F18,NinthDecimal,PJQ7NF_TJN_HOM_030_Mobile_NINTHDECIMAL_DST_SV1_MAP_DIR_RCH_TRG_RON_BTG_DMA_DVY_CONSUMER JOURNEY: HOME FURNISHINGS SHOPPERS_Run of Network_Behavioral_F25-54_320 x 50_Click and View_NV_NA,204626291,9/21/2017,9148,253,8895,2713,6182,26,6156,6010,146,2739,2674,8684
TJN_HOM_030_HomeGoods 2H Digital_F18,NinthDecimal,PJQ7NC_TJN_HOM_030_Mobile_NINTHDECIMAL_DST_SV1_MAP_DIR_RCH_TRG_RON_BTG_DMA_DVY_CONSUMER JOURNEY: DIYERS_Run of Network_Behavioral_F25-54_320 x 50_Click and View_NV_NA,204675009,9/15/2017,10544,225,10319,3665,6654,44,6610,6416,194,3709,3600,10016
TJN_HOM_008_HomeGoods Summer Digital_FY18,Hulu,PHG79N_TJN_HOM_008_FEP_HULU_Masthead_SPONSORSHIP_CROSS DEVICE_CUSTOM_VIDEO_1X1_1X1_N/A_N/A_N/A_SITE_N/A_Roadblock_Demo_F25-54_1 x 1_Click and View_NV_NA,201462657,8/8/2017,524771,3210,521561,521561,0,0,0,0,0,521561,452578,452578
TJN_HOM_008_HomeGoods Summer Digital_FY18,xAd Inc.,PHHXGX_TJN_HOM_008_Mobile_XAD INC_CHILD_LOCATION AUDIENCE-HOMEGOODS SHOPPERS_MOBILE APP_STANDARD_DISPLAY_300X250_Run of Network_Behavioral_F25-54_300 x 250_Click and View_NV_NA,200587524,8/20/2017,7205,673,6532,40,6492,6485,7,7,0,6525,6525,6532
TJN_HOM_030_HomeGoods 2H Digital_F18,NinthDecimal,PJQ7NG_TJN_HOM_030_Mobile_NINTHDECIMAL_DST_SV1_MAP_DIR_RCH_TRG_RON_BTG_DMA_DVY_CONSUMER JOURNEY: NEW HOME BUYERS & MOVERS_Run of Network_Behavioral_F25-54_320 x 50_Click and View_NV_NA,204625835,10/3/2017,3345,69,3276,2333,943,27,916,877,39,2360,2260,3137
TJN_HOM_008_HomeGoods Summer Digital_FY18,Hulu,PHG79P_TJN_HOM_008_FEP_HULU_PageBrand_SPONSORSHIP_CROSS DEVICE_CUSTOM_VIDEO_1X1_1X1_N/A_N/A_N/A_SITE_N/A_Roadblock_Demo_F25-54_1 x 1_Click and View_NV_NA,201464250,7/19/2017,13688,427,13261,13261,0,0,0,0,0,13261,12686,12686
TJN_HOM_025_HomeGoods Digital Video_Q4FY18,Tremor Video Inc.,PK6F30_TJN_HOM_025_OLV_TREMOR NETWORK_AWR_BS1_CTV_DIR_VID_TRG_RON_PXT_CTG_DVY_ALL SCREEN PREROLL + PROXIMITYPLUS DWELL TIME TARGETING TO HOMEGOODS VISITORS CTV_Run of Network_Behavioral_F25-54_1280 x 720_Standard_NV_NA,205942131,10/15/2017,52719,0,52719,52719,0,0,0,0,0,52719,0,0
TJN_HOM_013_HomeGoods FEP_Q3FY18,Discovery Digital Media,PHWLS8_TJN_HOM_013_Content_DISCOVERY NETWORKS_Full Episode Video Tablet Web_30s_FEP_Contextual_F25-54_1920 x 1080_Standard_NV_NA,201899695,8/12/2017,894,15,879,879,0,0,0,0,0,879,,
TJN_HOM_030_HomeGoods 2H Digital_F18,NinthDecimal,PJQ7NJ_TJN_HOM_030_Mobile_NINTHDECIMAL_DST_SV1_MAP_DIR_RCH_TRG_RON_BTG_DMA_DVY_CONSUMER JOURNEY: BARGAIN HUNTERS_Run of Network_Behavioral_F25-54_320 x 50_Click and View_NV_NA,204644353,10/20/2017,8820,113,8707,4166,4541,37,4504,4351,153,4203,4060,8411
TJN_HOM_013_HomeGoods FEP_Q3FY18,Discovery Digital Media,PHWLS6_TJN_HOM_013_Content_DISCOVERY NETWORKS_Full Episode Video Mobile App_30s_FEP_Contextual_F25-54_1920 x 1080_Standard_NV_NA,201891425,7/25/2017,21122,177,20945,20945,0,0,0,0,0,20945,,
TJN_HOM_008_HomeGoods Summer Digital_FY18,Hulu,PHG79J_TJN_HOM_008_FEP_HULU_Branded Slate_ROS_CROSS DEVICE_PRE-ROLL_CUSTOM_VECTOR LOGO_1X1_AUDIENCE_N/A_N/A_SITE_N/A_Run of Site_Demo_F25-54_1 x 1_Click and View_NV_NA,201467345,9/29/2017,4656,25,4631,4631,0,0,0,0,0,4631,4130,4130
TJN_HOM_013_HomeGoods FEP_Q3FY18,Discovery Digital Media,PHWLS9_TJN_HOM_013_Content_DISCOVERY NETWORKS_Full Episode Video OTT/CTV_30s_FEP_Contextual_F25-54_1920 x 1080_Standard_NV_NA,201891428,9/10/2017,10572,23,10549,10549,0,0,0,0,0,10549,,
TJN_HOM_013_HomeGoods FEP_Q3FY18,Discovery Digital Media,PHWLS5_TJN_HOM_013_Content_DISCOVERY NETWORKS_Full Episode Video Desktop_30s_FEP_Contextual_F25-54_1920 x 1080_Standard_NV_NA,201895013,7/29/2017,2310,40,2270,2270,0,0,0,0,0,2270,,
TJN_HOM_008_HomeGoods Summer Digital_FY18,NinthDecimal,PHHXGM_TJN_HOM_008_Mobile_NINTHDECIMAL_CHILD_LUXURY SHOPPERS PROSPECTING_MOBILE APP_CUSTOM_DISPLAY_320X50_Run of Network_Behavioral_F25-54_320 x 50_Click and View_NV_NA,200581998,7/20/2017,32325,475,31850,10452,21398,87,21311,19766,1545,10539,9775,29541
TJN_HOM_008_HomeGoods Summer Digital_FY18,NinthDecimal,PHHXGP_TJN_HOM_008_Mobile_NINTHDECIMAL_CHILD_PET OWNERS PROSPECTING_MOBILE APP_CUSTOM_DISPLAY_320X50_Run of Network_Behavioral_F25-54_320 x 50_Click and View_NV_NA,200586375,8/20/2017,28051,528,27523,4531,22992,75,22917,21855,1062,4606,4393,26248
TJN_HOM_030_HomeGoods 2H Digital_F18,xAd Inc.,PJQ7ML_TJN_HOM_030_Mobile_GROUND TRUTH FKA XAD_DST_SV1_MAP_DIR_DSP_TRG_RON_BTG_DMA_DVY_BEHAVIORAL - HOME SHOPPER - DYNAMIC DISTANCE_Run of Network_Behavioral_F25-54_320 x 50_Click and View_NV_NA,204626174,11/8/2017,21296,293,21003,17060,3943,142,3801,3114,687,17202,14010,17124
TJN_HOM_030_HomeGoods 2H Digital_F18,NinthDecimal,PJQ7NJ_TJN_HOM_030_Mobile_NINTHDECIMAL_DST_SV1_MAP_DIR_RCH_TRG_RON_BTG_DMA_DVY_CONSUMER JOURNEY: BARGAIN HUNTERS_Run of Network_Behavioral_F25-54_320 x 50_Click and View_NV_NA,204644353,9/2/2017,3,0,3,1,2,2,0,0,0,3,3,3
TJN_HOM_030_HomeGoods 2H Digital_F18,NinthDecimal,"PJQ7NK_TJN_HOM_030_Mobile_NINTHDECIMAL_DST_SV1_MAP_DIR_RCH_TRG_RON_BTG_DMA_DVY_TV TARGETING: HGTV, DIY NETWORK, BRAVO, TLC, FOOD NETWORK_Run of Network_Behavioral_F25-54_320 x 50_Click and View_NV_NA",204674553,11/7/2017,5136,76,5060,925,4135,24,4111,3995,116,949,922,4917
TJN_HOM_030_HomeGoods 2H Digital_F18,NinthDecimal,"PJQ7NK_TJN_HOM_030_Mobile_NINTHDECIMAL_DST_SV1_MAP_DIR_RCH_TRG_RON_BTG_DMA_DVY_TV TARGETING: HGTV, DIY NETWORK, BRAVO, TLC, FOOD NETWORK_Run of Network_Behavioral_F25-54_320 x 50_Click and View_NV_NA",204674553,11/1/2017,10756,185,10571,1411,9160,33,9127,8885,242,1444,1406,10291
TJN_HOM_030_HomeGoods 2H Digital_F18,NinthDecimal,PJQ7NG_TJN_HOM_030_Mobile_NINTHDECIMAL_DST_SV1_MAP_DIR_RCH_TRG_RON_BTG_DMA_DVY_CONSUMER JOURNEY: NEW HOME BUYERS & MOVERS_Run of Network_Behavioral_F25-54_320 x 50_Click and View_NV_NA,204625835,10/25/2017,8189,137,8052,2107,5945,209,5736,5552,184,2316,2242,7794
TJN_HOM_008_HomeGoods Summer Digital_FY18,xAd Inc.,PHHXGW_TJN_HOM_008_Mobile_XAD INC_CHILD_LOCATION AUDIENCE-HOMEGOODS SHOPPERS_MOBILE APP_STANDARD_DISPLAY_320X50_Run of Network_Behavioral_F25-54_320 x 50_Click and View_NV_NA,200585089,7/27/2017,45609,627,44982,40268,4714,71,4643,3453,1190,40339,30000,33453
TJN_HOM_030_HomeGoods 2H Digital_F18,xAd Inc.,PJQ7MR_TJN_HOM_030_Mobile_GROUND TRUTH FKA XAD_DST_SV1_MAP_DIR_DSP_TRG_RON_MKT_DMA_DVY_LOCATION - COMPETITOR SHOPPERS - DYNAMIC DISTANCE_Run of Network_Geo_F25-54_300 x 250_Click and View_NV_NA,204647890,10/19/2017,7773,472,7301,7301,0,0,0,0,0,7301,6539,6539
TJN_HOM_030_HomeGoods 2H Digital_F18,xAd Inc.,PJQ7MS_TJN_HOM_030_Mobile_GROUND TRUTH FKA XAD_DST_SV1_MAP_DIR_DSP_TRG_RON_DMA_PXT_DVY_AV DMA TARGETING_Run of Network_Geo_F25-54_300 x 250_Click and View_NV_NA,204646501,10/20/2017,2815,66,2749,980,1769,37,1732,451,1281,1017,265,716
TJN_HOM_008_HomeGoods Summer Digital_FY18,xAd Inc.,PHHXGX_TJN_HOM_008_Mobile_XAD INC_CHILD_LOCATION AUDIENCE-HOMEGOODS SHOPPERS_MOBILE APP_STANDARD_DISPLAY_300X250_Run of Network_Behavioral_F25-54_300 x 250_Click and View_NV_NA,200587524,8/24/2017,7523,1676,5847,191,5656,5656,0,0,0,5847,5847,5847
TJN_HOM_030_HomeGoods 2H Digital_F18,NinthDecimal,PJQ7ND_TJN_HOM_030_Mobile_NINTHDECIMAL_DST_SV1_MAP_DIR_RCH_TRG_RON_BTG_DMA_DVY_CONSUMER JOURNEY: HOUSEHOLD CEO_Run of Network_Behavioral_F25-54_320 x 50_Click and View_NV_NA,204626294,11/1/2017,12528,164,12364,2171,10193,36,10157,9878,279,2207,2146,12024
TJN_HOM_008_HomeGoods Summer Digital_FY18,xAd Inc.,PHHXGT_TJN_HOM_008_Mobile_XAD INC_CHILD_CONQUESTING_MOBILE APP_STANDARD_DISPLAY_320X50_GEO-FENCING_Run of Network_Geo_F25-54_320 x 50_Click and View_NV_NA,200573066,8/19/2017,196901,2515,194386,142657,51729,614,51115,47183,3932,143271,132250,179433
TJN_HOM_030_HomeGoods 2H Digital_F18,NinthDecimal,PJQ7ND_TJN_HOM_030_Mobile_NINTHDECIMAL_DST_SV1_MAP_DIR_RCH_TRG_RON_BTG_DMA_DVY_CONSUMER JOURNEY: HOUSEHOLD CEO_Run of Network_Behavioral_F25-54_320 x 50_Click and View_NV_NA,204626294,11/7/2017,6565,104,6461,1579,4882,26,4856,4696,160,1605,1552,6248
TJN_HOM_013_HomeGoods FEP_Q3FY18,Discovery Digital Media,PHWLS6_TJN_HOM_013_Content_DISCOVERY NETWORKS_Full Episode Video Mobile App_30s_FEP_Contextual_F25-54_1920 x 1080_Standard_NV_NA,201891425,8/25/2017,16937,130,16807,16807,0,0,0,0,0,16807,,
TJN_HOM_008_HomeGoods Summer Digital_FY18,NinthDecimal,PHHXGP_TJN_HOM_008_Mobile_NINTHDECIMAL_CHILD_PET OWNERS PROSPECTING_MOBILE APP_CUSTOM_DISPLAY_320X50_Run of Network_Behavioral_F25-54_320 x 50_Click and View_NV_NA,200586375,8/24/2017,54995,716,54279,12002,42277,210,42067,39771,2296,12212,11545,51316
TJN_HOM_008_HomeGoods Summer Digital_FY18,xAd Inc.,PHHXGZ_TJN_HOM_008_Mobile_XAD INC_CHILD_LOYALTY_MOBILE APP_CUSTOM_RICH MEDIA_300X250_GEO-FENCING_Run of Network_Geo_F25-54_300 x 250_Click and View_NV_NA,200577158,8/23/2017,2180,44,2136,2055,81,1,80,74,6,2056,1902,1976
TJN_HOM_008_HomeGoods Summer Digital_FY18,Hulu,PHG79J_TJN_HOM_008_FEP_HULU_Branded Slate_ROS_CROSS DEVICE_PRE-ROLL_CUSTOM_VECTOR LOGO_1X1_AUDIENCE_N/A_N/A_SITE_N/A_Run of Site_Demo_F25-54_1 x 1_Click and View_NV_NA,201467345,9/10/2017,3679,17,3662,3662,0,0,0,0,0,3662,3529,3529
TJN_HOM_030_HomeGoods 2H Digital_F18,NinthDecimal,PJQ7NH_TJN_HOM_030_Mobile_NINTHDECIMAL_DST_SV1_MAP_DIR_RCH_TRG_RON_BTG_DMA_DVY_CONSUMER JOURNEY: PET SUPPLY SHOPPERS_Run of Network_Behavioral_F25-54_320 x 50_Click and View_NV_NA,204647914,9/7/2017,3497,45,3452,1543,1909,13,1896,1848,48,1556,1517,3365
TJN_HOM_013_HomeGoods FEP_Q3FY18,Discovery Digital Media,PHWLS9_TJN_HOM_013_Content_DISCOVERY NETWORKS_Full Episode Video OTT/CTV_30s_FEP_Contextual_F25-54_1920 x 1080_Standard_NV_NA,201891428,9/29/2017,5990,14,5976,5976,0,0,0,0,0,5976,,
TJN_HOM_008_HomeGoods Summer Digital_FY18,xAd Inc.,Rolled-up Placements,N/A,6/19/2017,132056,11875,120181,71453,48728,24170,24558,17785,6773,95623,78152,95937
TJN_HOM_008_HomeGoods Summer Digital_FY18,xAd Inc.,Rolled-up Placements,N/A,6/26/2017,187316,26269,161047,129584,31463,10098,21365,16108,5257,139682,107413,123521
TJN_HOM_030_HomeGoods 2H Digital_F18,NinthDecimal,PJQ7NJ_TJN_HOM_030_Mobile_NINTHDECIMAL_DST_SV1_MAP_DIR_RCH_TRG_RON_BTG_DMA_DVY_CONSUMER JOURNEY: BARGAIN HUNTERS_Run of Network_Behavioral_F25-54_320 x 50_Click and View_NV_NA,204644353,11/2/2017,2672,56,2616,616,2000,12,1988,1937,51,628,612,2549
TJN_HOM_030_HomeGoods 2H Digital_F18,xAd Inc.,PJQ7MQ_TJN_HOM_030_Mobile_GROUND TRUTH FKA XAD_DST_SV1_MAP_DIR_DSP_TRG_RON_MKT_DMA_DVY_LOCATION - COMPETITOR SHOPPERS - DYNAMIC DISTANCE_Run of Network_Geo_F25-54_320 x 50_Click and View_NV_NA,204617210,9/7/2017,15484,258,15226,11570,3656,1064,2592,1943,649,12634,9052,10995
TJN_HOM_013_HomeGoods FEP_Q3FY18,Discovery Digital Media,PHWLS7_TJN_HOM_013_Content_DISCOVERY NETWORKS_Full Episode Video Mobile Web_30s_FEP_Contextual_F25-54_1920 x 1080_Standard_NV_NA,201895019,9/22/2017,868,14,854,854,0,0,0,0,0,854,,
TJN_HOM_008_HomeGoods Summer Digital_FY18,Hulu,PHG79J_TJN_HOM_008_FEP_HULU_Branded Slate_ROS_CROSS DEVICE_PRE-ROLL_CUSTOM_VECTOR LOGO_1X1_AUDIENCE_N/A_N/A_SITE_N/A_Run of Site_Demo_F25-54_1 x 1_Click and View_NV_NA,201467345,8/16/2017,3630,33,3597,3597,0,0,0,0,0,3597,3210,3210
TJN_HOM_030_HomeGoods 2H Digital_F18,NinthDecimal,PJQ7N6_TJN_HOM_030_Mobile_NINTHDECIMAL_DST_SV1_MAP_DIR_RCH_TRG_RON_PXT_DMA_DVY_GEOFENCE: 5-10-MILE RADIUS AROUND SUBURBAN STORES_Run of Network_Geo_F25-54_320 x 50_Click and View_NV_NA,204646507,9/12/2017,14462,531,13931,6603,7328,40,7288,7139,149,6643,6507,13646
TJN_HOM_013_HomeGoods FEP_Q3FY18,Discovery Digital Media,PHWLS5_TJN_HOM_013_Content_DISCOVERY NETWORKS_Full Episode Video Desktop_30s_FEP_Contextual_F25-54_1920 x 1080_Standard_NV_NA,201895013,9/23/2017,3440,48,3392,3392,0,0,0,0,0,3392,,
TJN_HOM_030_HomeGoods 2H Digital_F18,NinthDecimal,PJQ7NC_TJN_HOM_030_Mobile_NINTHDECIMAL_DST_SV1_MAP_DIR_RCH_TRG_RON_BTG_DMA_DVY_CONSUMER JOURNEY: DIYERS_Run of Network_Behavioral_F25-54_320 x 50_Click and View_NV_NA,204675009,11/11/2017,5322,86,5236,494,4742,19,4723,4593,130,513,499,5092
TJN_HOM_008_HomeGoods Summer Digital_FY18,xAd Inc.,PHHXGZ_TJN_HOM_008_Mobile_XAD INC_CHILD_LOYALTY_MOBILE APP_CUSTOM_RICH MEDIA_300X250_GEO-FENCING_Run of Network_Geo_F25-54_300 x 250_Click and View_NV_NA,200577158,7/22/2017,8607,175,8432,7967,465,13,452,428,24,7980,7556,7984
TJN_HOM_008_HomeGoods Summer Digital_FY18,xAd Inc.,PHHXGS_TJN_HOM_008_Mobile_XAD INC_CHILD_LOYALTY_MOBILE APP_STANDARD_DISPLAY_300X250_GEO-FENCING_Run of Network_Geo_F25-54_300 x 250_Click and View_NV_NA,200583064,8/26/2017,13528,1963,11565,7,11558,11558,0,0,0,11565,9786,9786
TJN_HOM_025_HomeGoods Digital Video_Q4FY18,Tremor Video Inc.,PK6DWD_TJN_HOM_025_OLV_TREMOR NETWORK_AWR_BS1_MAP_DIR_VID_TRG_RON_BTG_CTG_DVY_ALL SCREEN PREROLL + SOCIAL AFFINITY TARGETING TO W25-54 HOME ENTHUSIASTS MOB/TAB APP_Run of Network_Behavioral_F25-54_1280 x 720_Standard_NV_NA,205941321,10/22/2017,147127,1961,145166,144729,437,128,309,189,120,144857,88602,88791
TJN_HOM_030_HomeGoods 2H Digital_F18,xAd Inc.,PJQ7MN_TJN_HOM_030_Mobile_GROUND TRUTH FKA XAD_DST_SV1_MAP_DIR_DSP_TRG_RON_MKT_DMA_DVY_LOCATION - HOMEGOODS SHOPPERS - DYNAMIC DISTANCE_Run of Network_Geo_F25-54_320 x 50_Click and View_NV_NA,204651439,9/5/2017,10232,245,9987,8732,1255,570,685,636,49,9302,8384,9020
TJN_HOM_030_HomeGoods 2H Digital_F18,xAd Inc.,PJQ7MR_TJN_HOM_030_Mobile_GROUND TRUTH FKA XAD_DST_SV1_MAP_DIR_DSP_TRG_RON_MKT_DMA_DVY_LOCATION - COMPETITOR SHOPPERS - DYNAMIC DISTANCE_Run of Network_Geo_F25-54_300 x 250_Click and View_NV_NA,204647890,9/11/2017,4498,87,4411,4411,0,0,0,0,0,4411,3781,3781
TJN_HOM_025_HomeGoods Digital Video_Q4FY18,Tremor Video Inc.,PK6DY1_TJN_HOM_025_OLV_TREMOR NETWORK_AWR_BS1_CTV_DIR_VID_TRG_RON_BTG_CTG_DVY_ALL SCREEN PREROLL + SOCIAL AFFINITY TARGETING TO W25-54 HOME ENTHUSIASTS CTV_Run of Network_Behavioral_F25-54_1280 x 720_Standard_NV_NA,205941318,10/27/2017,31873,3,31870,31870,0,0,0,0,0,31870,4173,4173
TJN_HOM_030_HomeGoods 2H Digital_F18,NinthDecimal,PJQ7NH_TJN_HOM_030_Mobile_NINTHDECIMAL_DST_SV1_MAP_DIR_RCH_TRG_RON_BTG_DMA_DVY_CONSUMER JOURNEY: PET SUPPLY SHOPPERS_Run of Network_Behavioral_F25-54_320 x 50_Click and View_NV_NA,204647914,10/27/2017,11711,133,11578,462,11116,41,11075,10720,355,503,487,11207
TJN_HOM_030_HomeGoods 2H Digital_F18,xAd Inc.,PJQ7MS_TJN_HOM_030_Mobile_GROUND TRUTH FKA XAD_DST_SV1_MAP_DIR_DSP_TRG_RON_DMA_PXT_DVY_AV DMA TARGETING_Run of Network_Geo_F25-54_300 x 250_Click and View_NV_NA,204646501,11/2/2017,2534,61,2473,2119,354,3,351,302,49,2122,1826,2128
TJN_HOM_030_HomeGoods 2H Digital_F18,NinthDecimal,PJQ7N8_TJN_HOM_030_Mobile_NINTHDECIMAL_DST_SV1_MAP_DIR_RCH_TRG_RON_BTG_PXT_DVY_LOCATION GRAPH: HOMEGOODS LOYALISTS_Run of Network_Behavioral_F25-54_320 x 50_Click and View_NV_NA,204675012,9/18/2017,4632,29,4603,1040,3563,18,3545,3429,116,1058,1023,4452
TJN_HOM_030_HomeGoods 2H Digital_F18,NinthDecimal,PJQ7N5_TJN_HOM_030_Mobile_NINTHDECIMAL_DST_SV1_MAP_DIR_RCH_TRG_RON_PXT_DMA_DVY_GEOFENCE: 2-MILE RADIUS AROUND URBAN STORES_Run of Network_Geo_F25-54_320 x 50_Click and View_NV_NA,204649945,10/15/2017,7800,207,7593,4240,3353,40,3313,3170,143,4280,4095,7265
TJN_HOM_008_HomeGoods Summer Digital_FY18,xAd Inc.,PHHXGS_TJN_HOM_008_Mobile_XAD INC_CHILD_LOYALTY_MOBILE APP_STANDARD_DISPLAY_300X250_GEO-FENCING_Run of Network_Geo_F25-54_300 x 250_Click and View_NV_NA,200583064,9/2/2017,35957,4851,31106,41,31065,31060,5,5,0,31101,31101,31106
TJN_HOM_025_HomeGoods Digital Video_Q4FY18,Tremor Video Inc.,PK6DWD_TJN_HOM_025_OLV_TREMOR NETWORK_AWR_BS1_MAP_DIR_VID_TRG_RON_BTG_CTG_DVY_ALL SCREEN PREROLL + SOCIAL AFFINITY TARGETING TO W25-54 HOME ENTHUSIASTS MOB/TAB APP_Run of Network_Behavioral_F25-54_1280 x 720_Standard_NV_NA,205941321,10/10/2017,1700,2,1698,1393,305,0,305,280,25,1393,1279,1559
TJN_HOM_030_HomeGoods 2H Digital_F18,NinthDecimal,PJQ7ND_TJN_HOM_030_Mobile_NINTHDECIMAL_DST_SV1_MAP_DIR_RCH_TRG_RON_BTG_DMA_DVY_CONSUMER JOURNEY: HOUSEHOLD CEO_Run of Network_Behavioral_F25-54_320 x 50_Click and View_NV_NA,204626294,11/3/2017,4843,73,4770,1345,3425,13,3412,3316,96,1358,1320,4636
TJN_HOM_030_HomeGoods 2H Digital_F18,xAd Inc.,PJQ7MQ_TJN_HOM_030_Mobile_GROUND TRUTH FKA XAD_DST_SV1_MAP_DIR_DSP_TRG_RON_MKT_DMA_DVY_LOCATION - COMPETITOR SHOPPERS - DYNAMIC DISTANCE_Run of Network_Geo_F25-54_320 x 50_Click and View_NV_NA,204617210,10/27/2017,8025,70,7955,6998,957,40,917,541,376,7038,4116,4657
TJN_HOM_030_HomeGoods 2H Digital_F18,xAd Inc.,PJQ7MJ_TJN_HOM_030_Mobile_GROUND TRUTH FKA XAD_DST_SV1_MAP_DIR_DSP_TRG_RON_PXT_BTG_DVY_PROXIMITY LOYALTY - STORE LOCATOR UNIT_Run of Network_Geo_F25-54_320 x 50_Click and View_NV_NA,204649939,9/9/2017,15093,409,14684,9489,5195,66,5129,4885,244,9555,9100,13985
TJN_HOM_030_HomeGoods 2H Digital_F18,NinthDecimal,"PJQ7NK_TJN_HOM_030_Mobile_NINTHDECIMAL_DST_SV1_MAP_DIR_RCH_TRG_RON_BTG_DMA_DVY_TV TARGETING: HGTV, DIY NETWORK, BRAVO, TLC, FOOD NETWORK_Run of Network_Behavioral_F25-54_320 x 50_Click and View_NV_NA",204674553,11/3/2017,3147,45,3102,803,2299,7,2292,2239,53,810,791,3030
TJN_HOM_025_HomeGoods Digital Video_Q4FY18,Tremor Video Inc.,PK1FYM_TJN_HOM_025_OLV_TREMOR NETWORK_AWR_BS1_DSK_DIR_VID_TRG_RON_BTG_CTG_DVY_ALL SCREEN PREROLL + SOCIAL AFFINITY TARGETING TO W25-54 HOME ENTHUSIASTS DESKTOP_Run of Network_Behavioral_F25-54_1280 x 720_Standard_NV_NA,205941870,10/27/2017,19568,41,19527,15993,3534,47,3487,1757,1730,16040,8082,9839
TJN_HOM_013_HomeGoods FEP_Q3FY18,Discovery Digital Media,PHWLS7_TJN_HOM_013_Content_DISCOVERY NETWORKS_Full Episode Video Mobile Web_30s_FEP_Contextual_F25-54_1920 x 1080_Standard_NV_NA,201895019,9/24/2017,849,29,820,820,0,0,0,0,0,820,,
TJN_HOM_008_HomeGoods Summer Digital_FY18,xAd Inc.,PHHXGY_TJN_HOM_008_Mobile_XAD INC_CHILD_LOYALTY_MOBILE APP_CUSTOM_RICH MEDIA_320X50_GEO-FENCING_Run of Network_Geo_F25-54_320 x 50_Click and View_NV_NA,200584630,8/9/2017,23166,283,22883,20282,2601,98,2503,2422,81,20380,19720,22142
TJN_HOM_008_HomeGoods Summer Digital_FY18,Hulu,PHG79G_TJN_HOM_008_FEP_HULU_ROS Pre-roll_CROSS DEVICE_PRE-ROLL_VIDEO_1920X1080_VAST_AUDIENCE_N/A_N/A_3RD PARTY_N/A_Run of Site_Demo_F25-54_1920 x 1080_Standard_NV_NA,201466946,9/26/2017,8821,46,8775,8775,0,0,0,0,0,8775,7825,7825
TJN_HOM_030_HomeGoods 2H Digital_F18,xAd Inc.,PJQ7MG_TJN_HOM_030_Mobile_GROUND TRUTH FKA XAD_DST_SV1_MAP_DIR_DSP_TRG_RON_PXT_BTG_DVY_PROXIMITY LOYALTY - DYNAMIC DISTANCE_Run of Network_Geo_F25-54_320 x 50_Click and View_NV_NA,204626813,10/15/2017,63323,1476,61847,55691,6156,1268,4888,4287,601,56959,45773,50060
TJN_HOM_008_HomeGoods Summer Digital_FY18,xAd Inc.,PHHXGY_TJN_HOM_008_Mobile_XAD INC_CHILD_LOYALTY_MOBILE APP_CUSTOM_RICH MEDIA_320X50_GEO-FENCING_Run of Network_Geo_F25-54_320 x 50_Click and View_NV_NA,200584630,8/27/2017,31434,232,31202,12430,18772,50,18722,18696,26,12480,12463,31159
TJN_HOM_008_HomeGoods Summer Digital_FY18,xAd Inc.,PHHXGZ_TJN_HOM_008_Mobile_XAD INC_CHILD_LOYALTY_MOBILE APP_CUSTOM_RICH MEDIA_300X250_GEO-FENCING_Run of Network_Geo_F25-54_300 x 250_Click and View_NV_NA,200577158,7/23/2017,8292,128,8164,7778,386,5,381,352,29,7783,7191,7543
TJN_HOM_030_HomeGoods 2H Digital_F18,xAd Inc.,PJQ7MJ_TJN_HOM_030_Mobile_GROUND TRUTH FKA XAD_DST_SV1_MAP_DIR_DSP_TRG_RON_PXT_BTG_DVY_PROXIMITY LOYALTY - STORE LOCATOR UNIT_Run of Network_Geo_F25-54_320 x 50_Click and View_NV_NA,204649939,10/21/2017,6306,154,6152,2509,3643,45,3598,3467,131,2554,2461,5928
TJN_HOM_030_HomeGoods 2H Digital_F18,xAd Inc.,PJQ7MN_TJN_HOM_030_Mobile_GROUND TRUTH FKA XAD_DST_SV1_MAP_DIR_DSP_TRG_RON_MKT_DMA_DVY_LOCATION - HOMEGOODS SHOPPERS - DYNAMIC DISTANCE_Run of Network_Geo_F25-54_320 x 50_Click and View_NV_NA,204651439,10/14/2017,5423,36,5387,3722,1665,403,1262,1143,119,4125,3678,4821
TJN_HOM_030_HomeGoods 2H Digital_F18,NinthDecimal,PJQ7ND_TJN_HOM_030_Mobile_NINTHDECIMAL_DST_SV1_MAP_DIR_RCH_TRG_RON_BTG_DMA_DVY_CONSUMER JOURNEY: HOUSEHOLD CEO_Run of Network_Behavioral_F25-54_320 x 50_Click and View_NV_NA,204626294,9/2/2017,3,1,2,1,1,1,0,0,0,2,2,2
TJN_HOM_008_HomeGoods Summer Digital_FY18,NinthDecimal,Rolled-up Placements,N/A,7/5/2017,35190,462,34728,12166,22562,130,22432,21083,1349,12296,11665,32748
TJN_HOM_030_HomeGoods 2H Digital_F18,NinthDecimal,"PJQ7NK_TJN_HOM_030_Mobile_NINTHDECIMAL_DST_SV1_MAP_DIR_RCH_TRG_RON_BTG_DMA_DVY_TV TARGETING: HGTV, DIY NETWORK, BRAVO, TLC, FOOD NETWORK_Run of Network_Behavioral_F25-54_320 x 50_Click and View_NV_NA",204674553,10/20/2017,8611,124,8487,4074,4413,34,4379,4236,143,4108,3974,8210
TJN_HOM_008_HomeGoods Summer Digital_FY18,Hulu,PHG79J_TJN_HOM_008_FEP_HULU_Branded Slate_ROS_CROSS DEVICE_PRE-ROLL_CUSTOM_VECTOR LOGO_1X1_AUDIENCE_N/A_N/A_SITE_N/A_Run of Site_Demo_F25-54_1 x 1_Click and View_NV_NA,201467345,8/17/2017,2043,7,2036,2036,0,0,0,0,0,2036,1813,1813
TJN_HOM_030_HomeGoods 2H Digital_F18,xAd Inc.,PJQ7MS_TJN_HOM_030_Mobile_GROUND TRUTH FKA XAD_DST_SV1_MAP_DIR_DSP_TRG_RON_DMA_PXT_DVY_AV DMA TARGETING_Run of Network_Geo_F25-54_300 x 250_Click and View_NV_NA,204646501,11/1/2017,1546,33,1513,1131,382,2,380,353,27,1133,1052,1405
TJN_HOM_030_HomeGoods 2H Digital_F18,xAd Inc.,PJQ7MN_TJN_HOM_030_Mobile_GROUND TRUTH FKA XAD_DST_SV1_MAP_DIR_DSP_TRG_RON_MKT_DMA_DVY_LOCATION - HOMEGOODS SHOPPERS - DYNAMIC DISTANCE_Run of Network_Geo_F25-54_320 x 50_Click and View_NV_NA,204651439,9/14/2017,10950,155,10795,8964,1831,417,1414,1338,76,9381,6891,8229
TJN_HOM_008_HomeGoods Summer Digital_FY18,xAd Inc.,PHHXGW_TJN_HOM_008_Mobile_XAD INC_CHILD_LOCATION AUDIENCE-HOMEGOODS SHOPPERS_MOBILE APP_STANDARD_DISPLAY_320X50_Run of Network_Behavioral_F25-54_320 x 50_Click and View_NV_NA,200585089,8/22/2017,27048,329,26719,15554,11165,156,11009,10744,265,15710,15332,26076
TJN_HOM_013_HomeGoods FEP_Q3FY18,Discovery Digital Media,PHWLS6_TJN_HOM_013_Content_DISCOVERY NETWORKS_Full Episode Video Mobile App_30s_FEP_Contextual_F25-54_1920 x 1080_Standard_NV_NA,201891425,7/30/2017,19132,130,19002,19002,0,0,0,0,0,19002,,
TJN_HOM_030_HomeGoods 2H Digital_F18,xAd Inc.,PJQ7MS_TJN_HOM_030_Mobile_GROUND TRUTH FKA XAD_DST_SV1_MAP_DIR_DSP_TRG_RON_DMA_PXT_DVY_AV DMA TARGETING_Run of Network_Geo_F25-54_300 x 250_Click and View_NV_NA,204646501,11/7/2017,2732,16,2716,2503,213,0,213,212,1,2503,2491,2703
TJN_HOM_030_HomeGoods 2H Digital_F18,xAd Inc.,PJQ7MP_TJN_HOM_030_Mobile_GROUND TRUTH FKA XAD_DST_SV1_MAP_DIR_DSP_TRG_RON_MKT_DMA_DVY_LOCATION - HOMEGOODS SHOPPERS - DYNAMIC DISTANCE_Run of Network_Geo_F25-54_300 x 250_Click and View_NV_NA,204647878,9/29/2017,21526,7609,13917,13908,9,0,9,6,3,13908,9269,9275
TJN_HOM_030_HomeGoods 2H Digital_F18,NinthDecimal,PJQ7ND_TJN_HOM_030_Mobile_NINTHDECIMAL_DST_SV1_MAP_DIR_RCH_TRG_RON_BTG_DMA_DVY_CONSUMER JOURNEY: HOUSEHOLD CEO_Run of Network_Behavioral_F25-54_320 x 50_Click and View_NV_NA,204626294,10/20/2017,8933,127,8806,4725,4081,29,4052,3931,121,4754,4612,8543
TJN_HOM_030_HomeGoods 2H Digital_F18,NinthDecimal,"PJQ7NK_TJN_HOM_030_Mobile_NINTHDECIMAL_DST_SV1_MAP_DIR_RCH_TRG_RON_BTG_DMA_DVY_TV TARGETING: HGTV, DIY NETWORK, BRAVO, TLC, FOOD NETWORK_Run of Network_Behavioral_F25-54_320 x 50_Click and View_NV_NA",204674553,9/2/2017,3,1,2,1,1,1,0,0,0,2,2,2
TJN_HOM_008_HomeGoods Summer Digital_FY18,Hulu,PHG79N_TJN_HOM_008_FEP_HULU_Masthead_SPONSORSHIP_CROSS DEVICE_CUSTOM_VIDEO_1X1_1X1_N/A_N/A_N/A_SITE_N/A_Roadblock_Demo_F25-54_1 x 1_Click and View_NV_NA,201462657,8/19/2017,130176,1008,129168,129168,0,0,0,0,0,129168,96068,96068
TJN_HOM_008_HomeGoods Summer Digital_FY18,Hulu,PHG79G_TJN_HOM_008_FEP_HULU_ROS Pre-roll_CROSS DEVICE_PRE-ROLL_VIDEO_1920X1080_VAST_AUDIENCE_N/A_N/A_3RD PARTY_N/A_Run of Site_Demo_F25-54_1920 x 1080_Standard_NV_NA,201466946,9/11/2017,20849,170,20679,20679,0,0,0,0,0,20679,19946,19946
TJN_HOM_013_HomeGoods FEP_Q3FY18,Discovery Digital Media,PHWLS8_TJN_HOM_013_Content_DISCOVERY NETWORKS_Full Episode Video Tablet Web_30s_FEP_Contextual_F25-54_1920 x 1080_Standard_NV_NA,201899695,8/30/2017,929,6,923,923,0,0,0,0,0,923,,
TJN_HOM_008_HomeGoods Summer Digital_FY18,NinthDecimal,PHHXGL_TJN_HOM_008_Mobile_NINTHDECIMAL_CHILD_RETENTION_MOBILE APP_CUSTOM_DISPLAY_320X50_Run of Network_Behavioral_F25-54_320 x 50_Click and View_NV_NA,200585092,8/2/2017,9507,52,9455,2035,7420,31,7389,6905,484,2066,1931,8836
TJN_HOM_030_HomeGoods 2H Digital_F18,NinthDecimal,PJQ7NJ_TJN_HOM_030_Mobile_NINTHDECIMAL_DST_SV1_MAP_DIR_RCH_TRG_RON_BTG_DMA_DVY_CONSUMER JOURNEY: BARGAIN HUNTERS_Run of Network_Behavioral_F25-54_320 x 50_Click and View_NV_NA,204644353,11/7/2017,4924,163,4761,773,3988,13,3975,3843,132,786,760,4603
TJN_HOM_008_HomeGoods Summer Digital_FY18,xAd Inc.,PHHXGT_TJN_HOM_008_Mobile_XAD INC_CHILD_CONQUESTING_MOBILE APP_STANDARD_DISPLAY_320X50_GEO-FENCING_Run of Network_Geo_F25-54_320 x 50_Click and View_NV_NA,200573066,8/8/2017,132047,1705,130342,96052,34290,522,33768,26841,6927,96574,76763,103604
TJN_HOM_025_HomeGoods Digital Video_Q4FY18,Tremor Video Inc.,PK1FYM_TJN_HOM_025_OLV_TREMOR NETWORK_AWR_BS1_DSK_DIR_VID_TRG_RON_BTG_CTG_DVY_ALL SCREEN PREROLL + SOCIAL AFFINITY TARGETING TO W25-54 HOME ENTHUSIASTS DESKTOP_Run of Network_Behavioral_F25-54_1280 x 720_Standard_NV_NA,205941870,11/5/2017,7365,4,7361,702,6659,88,6571,2302,4269,790,277,2579
TJN_HOM_030_HomeGoods 2H Digital_F18,xAd Inc.,PJQ7ML_TJN_HOM_030_Mobile_GROUND TRUTH FKA XAD_DST_SV1_MAP_DIR_DSP_TRG_RON_BTG_DMA_DVY_BEHAVIORAL - HOME SHOPPER - DYNAMIC DISTANCE_Run of Network_Behavioral_F25-54_320 x 50_Click and View_NV_NA,204626174,10/28/2017,8669,88,8581,7122,1459,198,1261,395,866,7320,2282,2677
TJN_HOM_030_HomeGoods 2H Digital_F18,NinthDecimal,PJQ7NJ_TJN_HOM_030_Mobile_NINTHDECIMAL_DST_SV1_MAP_DIR_RCH_TRG_RON_BTG_DMA_DVY_CONSUMER JOURNEY: BARGAIN HUNTERS_Run of Network_Behavioral_F25-54_320 x 50_Click and View_NV_NA,204644353,11/1/2017,10804,150,10654,1331,9323,48,9275,9060,215,1379,1347,10407
TJN_HOM_013_HomeGoods FEP_Q3FY18,Discovery Digital Media,PHWLS5_TJN_HOM_013_Content_DISCOVERY NETWORKS_Full Episode Video Desktop_30s_FEP_Contextual_F25-54_1920 x 1080_Standard_NV_NA,201895013,8/15/2017,3952,84,3868,3868,0,0,0,0,0,3868,,
TJN_HOM_030_HomeGoods 2H Digital_F18,xAd Inc.,PJQ7MR_TJN_HOM_030_Mobile_GROUND TRUTH FKA XAD_DST_SV1_MAP_DIR_DSP_TRG_RON_MKT_DMA_DVY_LOCATION - COMPETITOR SHOPPERS - DYNAMIC DISTANCE_Run of Network_Geo_F25-54_300 x 250_Click and View_NV_NA,204647890,9/26/2017,24535,6678,17857,17705,152,10,142,137,5,17715,17070,17207
TJN_HOM_030_HomeGoods 2H Digital_F18,NinthDecimal,PJQ7NH_TJN_HOM_030_Mobile_NINTHDECIMAL_DST_SV1_MAP_DIR_RCH_TRG_RON_BTG_DMA_DVY_CONSUMER JOURNEY: PET SUPPLY SHOPPERS_Run of Network_Behavioral_F25-54_320 x 50_Click and View_NV_NA,204647914,11/5/2017,3915,75,3840,246,3594,18,3576,3455,121,264,255,3710
TJN_HOM_013_HomeGoods FEP_Q3FY18,Discovery Digital Media,PHWLS6_TJN_HOM_013_Content_DISCOVERY NETWORKS_Full Episode Video Mobile App_30s_FEP_Contextual_F25-54_1920 x 1080_Standard_NV_NA,201891425,9/25/2017,18247,234,18013,18013,0,0,0,0,0,18013,,
TJN_HOM_013_HomeGoods FEP_Q3FY18,Scripps Networks,PHNKCR_TJN_HOM_013_FEP_SCRIPPSNETWORKS.COM_On-site_Crossplatform_FEP_Demo_F25-54_1280 x 720_Standard_NV_NA,201888442,7/21/2017,2731,24,2707,2707,0,0,0,0,0,2707,,
TJN_HOM_030_HomeGoods 2H Digital_F18,xAd Inc.,PJQ7MP_TJN_HOM_030_Mobile_GROUND TRUTH FKA XAD_DST_SV1_MAP_DIR_DSP_TRG_RON_MKT_DMA_DVY_LOCATION - HOMEGOODS SHOPPERS - DYNAMIC DISTANCE_Run of Network_Geo_F25-54_300 x 250_Click and View_NV_NA,204647878,9/10/2017,3686,36,3650,3650,0,0,0,0,0,3650,3318,3318
TJN_HOM_013_HomeGoods FEP_Q3FY18,Scripps Networks,PHNKCR_TJN_HOM_013_FEP_SCRIPPSNETWORKS.COM_On-site_Crossplatform_FEP_Demo_F25-54_1280 x 720_Standard_NV_NA,201888442,8/10/2017,5505,24,5481,5481,0,0,0,0,0,5481,,
TJN_HOM_030_HomeGoods 2H Digital_F18,NinthDecimal,PJQ7NF_TJN_HOM_030_Mobile_NINTHDECIMAL_DST_SV1_MAP_DIR_RCH_TRG_RON_BTG_DMA_DVY_CONSUMER JOURNEY: HOME FURNISHINGS SHOPPERS_Run of Network_Behavioral_F25-54_320 x 50_Click and View_NV_NA,204626291,10/11/2017,14907,270,14637,7636,7001,38,6963,6708,255,7674,7393,14101
TJN_HOM_030_HomeGoods 2H Digital_F18,NinthDecimal,"PJQ7NK_TJN_HOM_030_Mobile_NINTHDECIMAL_DST_SV1_MAP_DIR_RCH_TRG_RON_BTG_DMA_DVY_TV TARGETING: HGTV, DIY NETWORK, BRAVO, TLC, FOOD NETWORK_Run of Network_Behavioral_F25-54_320 x 50_Click and View_NV_NA",204674553,11/2/2017,3746,47,3699,760,2939,12,2927,2852,75,772,752,3604
TJN_HOM_030_HomeGoods 2H Digital_F18,xAd Inc.,PJQ7MN_TJN_HOM_030_Mobile_GROUND TRUTH FKA XAD_DST_SV1_MAP_DIR_DSP_TRG_RON_MKT_DMA_DVY_LOCATION - HOMEGOODS SHOPPERS - DYNAMIC DISTANCE_Run of Network_Geo_F25-54_320 x 50_Click and View_NV_NA,204651439,9/28/2017,67761,1405,66356,46150,20206,1420,18786,15912,2874,47570,37486,53398
TJN_HOM_030_HomeGoods 2H Digital_F18,xAd Inc.,PJQ7MJ_TJN_HOM_030_Mobile_GROUND TRUTH FKA XAD_DST_SV1_MAP_DIR_DSP_TRG_RON_PXT_BTG_DVY_PROXIMITY LOYALTY - STORE LOCATOR UNIT_Run of Network_Geo_F25-54_320 x 50_Click and View_NV_NA,204649939,10/4/2017,3,1,2,0,2,2,0,0,0,2,2,2
TJN_HOM_013_HomeGoods FEP_Q3FY18,Scripps Networks,PHNKCT_TJN_HOM_013_FEP_SCRIPPSNETWORKS.COM_TVE_Crossplatform_FEP_Demo_F25-54_1 x 1_Click and View_NV_NA,201878832,7/31/2017,251,0,251,251,0,0,0,0,0,251,,
TJN_HOM_030_HomeGoods 2H Digital_F18,NinthDecimal,PJQ7N7_TJN_HOM_030_Mobile_NINTHDECIMAL_DST_SV1_MAP_DIR_RCH_TRG_RON_PXT_DMA_DVY_GEOFENCE: 15-20-MILE RADIUS AROUND RURAL STORES_Run of Network_Geo_F25-54_320 x 50_Click and View_NV_NA,204674556,10/30/2017,5037,72,4965,943,4022,12,4010,3905,105,955,930,4835
TJN_HOM_030_HomeGoods 2H Digital_F18,xAd Inc.,PJQ7ML_TJN_HOM_030_Mobile_GROUND TRUTH FKA XAD_DST_SV1_MAP_DIR_DSP_TRG_RON_BTG_DMA_DVY_BEHAVIORAL - HOME SHOPPER - DYNAMIC DISTANCE_Run of Network_Behavioral_F25-54_320 x 50_Click and View_NV_NA,204626174,9/8/2017,34870,548,34322,22990,11332,7304,4028,3273,755,30294,24180,27453
TJN_HOM_030_HomeGoods 2H Digital_F18,xAd Inc.,PJQ7MR_TJN_HOM_030_Mobile_GROUND TRUTH FKA XAD_DST_SV1_MAP_DIR_DSP_TRG_RON_MKT_DMA_DVY_LOCATION - COMPETITOR SHOPPERS - DYNAMIC DISTANCE_Run of Network_Geo_F25-54_300 x 250_Click and View_NV_NA,204647890,11/12/2017,22737,1263,21474,21471,3,0,3,3,0,21471,21471,21474
TJN_HOM_030_HomeGoods 2H Digital_F18,NinthDecimal,PJQ7N9_TJN_HOM_030_Mobile_NINTHDECIMAL_DST_SV1_MAP_DIR_RCH_TRG_RON_BTG_PXT_DVY_LOCATION GRAPH: TJX FAMILY LOYALISTS_Run of Network_Behavioral_F25-54_320 x 50_Click and View_NV_NA,204647917,10/15/2017,13906,226,13680,6467,7213,50,7163,6928,235,6517,6303,13231
TJN_HOM_013_HomeGoods FEP_Q3FY18,Discovery Digital Media,PHWLS9_TJN_HOM_013_Content_DISCOVERY NETWORKS_Full Episode Video OTT/CTV_30s_FEP_Contextual_F25-54_1920 x 1080_Standard_NV_NA,201891428,8/17/2017,11419,15,11404,11404,0,0,0,0,0,11404,,
TJN_HOM_030_HomeGoods 2H Digital_F18,NinthDecimal,PJQ7NG_TJN_HOM_030_Mobile_NINTHDECIMAL_DST_SV1_MAP_DIR_RCH_TRG_RON_BTG_DMA_DVY_CONSUMER JOURNEY: NEW HOME BUYERS & MOVERS_Run of Network_Behavioral_F25-54_320 x 50_Click and View_NV_NA,204625835,10/2/2017,6813,122,6691,3107,3584,26,3558,3459,99,3133,3046,6505
TJN_HOM_030_HomeGoods 2H Digital_F18,NinthDecimal,PJQ7ND_TJN_HOM_030_Mobile_NINTHDECIMAL_DST_SV1_MAP_DIR_RCH_TRG_RON_BTG_DMA_DVY_CONSUMER JOURNEY: HOUSEHOLD CEO_Run of Network_Behavioral_F25-54_320 x 50_Click and View_NV_NA,204626294,11/2/2017,5027,62,4965,1352,3613,14,3599,3507,92,1366,1331,4838
TJN_HOM_030_HomeGoods 2H Digital_F18,NinthDecimal,PJQ7N7_TJN_HOM_030_Mobile_NINTHDECIMAL_DST_SV1_MAP_DIR_RCH_TRG_RON_PXT_DMA_DVY_GEOFENCE: 15-20-MILE RADIUS AROUND RURAL STORES_Run of Network_Geo_F25-54_320 x 50_Click and View_NV_NA,204674556,9/20/2017,15869,365,15504,6814,8690,34,8656,8398,258,6848,6644,15042
TJN_HOM_030_HomeGoods 2H Digital_F18,xAd Inc.,PJQ7MH_TJN_HOM_030_Mobile_GROUND TRUTH FKA XAD_DST_SV1_MAP_DIR_DSP_TRG_RON_PXT_BTG_DVY_PROXIMITY LOYALTY - DYNAMIC DISTANCE_Run of Network_Geo_F25-54_300 x 250_Click and View_NV_NA,204675003,9/27/2017,41700,19835,21865,21842,23,0,23,22,1,21842,20890,20912
TJN_HOM_008_HomeGoods Summer Digital_FY18,NinthDecimal,PHHXGN_TJN_HOM_008_Mobile_NINTHDECIMAL_CHILD_LUXURY SHOPPERS RETENTION_MOBILE APP_CUSTOM_DISPLAY_320X50_Run of Network_Behavioral_F25-54_320 x 50_Click and View_NV_NA,200582901,7/31/2017,741,5,736,52,684,3,681,609,72,55,49,658
TJN_HOM_008_HomeGoods Summer Digital_FY18,NinthDecimal,PHHXGL_TJN_HOM_008_Mobile_NINTHDECIMAL_CHILD_RETENTION_MOBILE APP_CUSTOM_DISPLAY_320X50_Run of Network_Behavioral_F25-54_320 x 50_Click and View_NV_NA,200585092,7/18/2017,5631,41,5590,1395,4195,16,4179,3948,231,1411,1333,5281
TJN_HOM_030_HomeGoods 2H Digital_F18,NinthDecimal,PJQ7NG_TJN_HOM_030_Mobile_NINTHDECIMAL_DST_SV1_MAP_DIR_RCH_TRG_RON_BTG_DMA_DVY_CONSUMER JOURNEY: NEW HOME BUYERS & MOVERS_Run of Network_Behavioral_F25-54_320 x 50_Click and View_NV_NA,204625835,9/23/2017,7372,129,7243,2651,4592,27,4565,4439,126,2678,2604,7043
TJN_HOM_030_HomeGoods 2H Digital_F18,xAd Inc.,PJQ7MS_TJN_HOM_030_Mobile_GROUND TRUTH FKA XAD_DST_SV1_MAP_DIR_DSP_TRG_RON_DMA_PXT_DVY_AV DMA TARGETING_Run of Network_Geo_F25-54_300 x 250_Click and View_NV_NA,204646501,11/3/2017,1114,9,1105,1077,28,0,28,27,1,1077,1039,1066
TJN_HOM_008_HomeGoods Summer Digital_FY18,NinthDecimal,PHHXGQ_TJN_HOM_008_Mobile_NINTHDECIMAL_CHILD_PET OWNERS RETENTION_MOBILE APP_CUSTOM_DISPLAY_320X50_Run of Network_Behavioral_F25-54_320 x 50_Click and View_NV_NA,200578886,8/4/2017,1978,9,1969,212,1757,16,1741,1597,144,228,209,1806
TJN_HOM_008_HomeGoods Summer Digital_FY18,xAd Inc.,PHHXGX_TJN_HOM_008_Mobile_XAD INC_CHILD_LOCATION AUDIENCE-HOMEGOODS SHOPPERS_MOBILE APP_STANDARD_DISPLAY_300X250_Run of Network_Behavioral_F25-54_300 x 250_Click and View_NV_NA,200587524,8/11/2017,6158,1378,4780,694,4086,4006,80,75,5,4700,4406,4481
TJN_HOM_013_HomeGoods FEP_Q3FY18,Discovery Digital Media,PHWLS5_TJN_HOM_013_Content_DISCOVERY NETWORKS_Full Episode Video Desktop_30s_FEP_Contextual_F25-54_1920 x 1080_Standard_NV_NA,201895013,8/13/2017,3942,64,3878,3878,0,0,0,0,0,3878,,
TJN_HOM_030_HomeGoods 2H Digital_F18,NinthDecimal,PJQ7NG_TJN_HOM_030_Mobile_NINTHDECIMAL_DST_SV1_MAP_DIR_RCH_TRG_RON_BTG_DMA_DVY_CONSUMER JOURNEY: NEW HOME BUYERS & MOVERS_Run of Network_Behavioral_F25-54_320 x 50_Click and View_NV_NA,204625835,10/1/2017,6349,78,6271,2683,3588,12,3576,3457,119,2695,2605,6062
TJN_HOM_008_HomeGoods Summer Digital_FY18,xAd Inc.,PHHXH0_TJN_HOM_008_Mobile_XAD INC_STANDALONE_RON_MOBILE APP_STANDARD_DISPLAY_320X50_GEO-FENCING_Run of Network_Behavioral_F25-54_320 x 50_Click and View_NV_NA,200587948,7/31/2017,30154,478,29676,22666,7010,73,6937,4622,2315,22739,15151,19773
TJN_HOM_008_HomeGoods Summer Digital_FY18,NinthDecimal,PHHXGP_TJN_HOM_008_Mobile_NINTHDECIMAL_CHILD_PET OWNERS PROSPECTING_MOBILE APP_CUSTOM_DISPLAY_320X50_Run of Network_Behavioral_F25-54_320 x 50_Click and View_NV_NA,200586375,8/11/2017,37744,344,37400,6417,30983,147,30836,28877,1959,6564,6147,35024
TJN_HOM_030_HomeGoods 2H Digital_F18,xAd Inc.,PJQ7ML_TJN_HOM_030_Mobile_GROUND TRUTH FKA XAD_DST_SV1_MAP_DIR_DSP_TRG_RON_BTG_DMA_DVY_BEHAVIORAL - HOME SHOPPER - DYNAMIC DISTANCE_Run of Network_Behavioral_F25-54_320 x 50_Click and View_NV_NA,204626174,10/7/2017,6602,90,6512,5339,1173,271,902,718,184,5610,4411,5129
TJN_HOM_030_HomeGoods 2H Digital_F18,xAd Inc.,PJQ7MR_TJN_HOM_030_Mobile_GROUND TRUTH FKA XAD_DST_SV1_MAP_DIR_DSP_TRG_RON_MKT_DMA_DVY_LOCATION - COMPETITOR SHOPPERS - DYNAMIC DISTANCE_Run of Network_Geo_F25-54_300 x 250_Click and View_NV_NA,204647890,10/9/2017,7720,388,7332,7332,0,0,0,0,0,7332,0,0
TJN_HOM_008_HomeGoods Summer Digital_FY18,NinthDecimal,PHHXGM_TJN_HOM_008_Mobile_NINTHDECIMAL_CHILD_LUXURY SHOPPERS PROSPECTING_MOBILE APP_CUSTOM_DISPLAY_320X50_Run of Network_Behavioral_F25-54_320 x 50_Click and View_NV_NA,200581998,9/3/2017,52858,746,52112,9899,42213,219,41994,39411,2583,10118,9496,48907
TJN_HOM_030_HomeGoods 2H Digital_F18,NinthDecimal,PJQ7NJ_TJN_HOM_030_Mobile_NINTHDECIMAL_DST_SV1_MAP_DIR_RCH_TRG_RON_BTG_DMA_DVY_CONSUMER JOURNEY: BARGAIN HUNTERS_Run of Network_Behavioral_F25-54_320 x 50_Click and View_NV_NA,204644353,11/3/2017,2674,32,2642,657,1985,8,1977,1934,43,665,651,2585
TJN_HOM_030_HomeGoods 2H Digital_F18,NinthDecimal,PJQ7NF_TJN_HOM_030_Mobile_NINTHDECIMAL_DST_SV1_MAP_DIR_RCH_TRG_RON_BTG_DMA_DVY_CONSUMER JOURNEY: HOME FURNISHINGS SHOPPERS_Run of Network_Behavioral_F25-54_320 x 50_Click and View_NV_NA,204626291,10/6/2017,14916,329,14587,10797,3790,37,3753,3610,143,10834,10421,14031
TJN_HOM_008_HomeGoods Summer Digital_FY18,xAd Inc.,PHHXGW_TJN_HOM_008_Mobile_XAD INC_CHILD_LOCATION AUDIENCE-HOMEGOODS SHOPPERS_MOBILE APP_STANDARD_DISPLAY_320X50_Run of Network_Behavioral_F25-54_320 x 50_Click and View_NV_NA,200585089,7/17/2017,30904,246,30658,28539,2119,24,2095,1439,656,28563,19619,21058
TJN_HOM_013_HomeGoods FEP_Q3FY18,Discovery Digital Media,PHWLS6_TJN_HOM_013_Content_DISCOVERY NETWORKS_Full Episode Video Mobile App_30s_FEP_Contextual_F25-54_1920 x 1080_Standard_NV_NA,201891425,9/4/2017,22365,176,22189,22189,0,0,0,0,0,22189,,
TJN_HOM_030_HomeGoods 2H Digital_F18,NinthDecimal,PJQ7N7_TJN_HOM_030_Mobile_NINTHDECIMAL_DST_SV1_MAP_DIR_RCH_TRG_RON_PXT_DMA_DVY_GEOFENCE: 15-20-MILE RADIUS AROUND RURAL STORES_Run of Network_Geo_F25-54_320 x 50_Click and View_NV_NA,204674556,11/9/2017,27819,485,27334,1859,25475,86,25389,24810,579,1945,1901,26711
TJN_HOM_013_HomeGoods FEP_Q3FY18,Discovery Digital Media,PHWLS5_TJN_HOM_013_Content_DISCOVERY NETWORKS_Full Episode Video Desktop_30s_FEP_Contextual_F25-54_1920 x 1080_Standard_NV_NA,201895013,9/28/2017,3295,84,3211,3211,0,0,0,0,0,3211,,
TJN_HOM_013_HomeGoods FEP_Q3FY18,Discovery Digital Media,PHWLS8_TJN_HOM_013_Content_DISCOVERY NETWORKS_Full Episode Video Tablet Web_30s_FEP_Contextual_F25-54_1920 x 1080_Standard_NV_NA,201899695,7/21/2017,878,10,868,868,0,0,0,0,0,868,,
TJN_HOM_030_HomeGoods 2H Digital_F18,Nativo Inc.,PK87W8_TJN_HOM_030_Content_NATIVO FKA POST RLSE_DSI_BS2_MWB_DIR_NAD_ROT_RON_CTG_BTG_DVY_NATIVE DISPLAY UNIT FALL TRENDS_Run of Network_Contextual_F25-54_1 x 1_Click and View_NV_NA,206137761,10/18/2017,239438,10438,229000,2298,226702,15617,211085,76315,134770,17915,6477,82792
TJN_HOM_008_HomeGoods Summer Digital_FY18,xAd Inc.,PHHXGW_TJN_HOM_008_Mobile_XAD INC_CHILD_LOCATION AUDIENCE-HOMEGOODS SHOPPERS_MOBILE APP_STANDARD_DISPLAY_320X50_Run of Network_Behavioral_F25-54_320 x 50_Click and View_NV_NA,200585089,7/31/2017,184810,2563,182247,54619,127628,1283,126345,114883,11462,55902,50735,165618
TJN_HOM_008_HomeGoods Summer Digital_FY18,Hulu,PHG79M_TJN_HOM_008_FEP_HULU_Premium Slate_CROSS DEVICE_PRE-ROLL_CUSTOM_VECTOR LOGO_1X1_N/A_N/A_N/A_SITE_N/A_Roadblock_Demo_F25-54_1 x 1_Click and View_NV_NA,201466502,7/23/2017,87214,730,86484,86484,0,0,0,0,0,86484,78236,78236
TJN_HOM_013_HomeGoods FEP_Q3FY18,Scripps Networks,PHNKCR_TJN_HOM_013_FEP_SCRIPPSNETWORKS.COM_On-site_Crossplatform_FEP_Demo_F25-54_1280 x 720_Standard_NV_NA,201888442,8/30/2017,1358,11,1347,1347,0,0,0,0,0,1347,,
TJN_HOM_013_HomeGoods FEP_Q3FY18,Discovery Digital Media,PHWLS6_TJN_HOM_013_Content_DISCOVERY NETWORKS_Full Episode Video Mobile App_30s_FEP_Contextual_F25-54_1920 x 1080_Standard_NV_NA,201891425,8/14/2017,20710,177,20533,20533,0,0,0,0,0,20533,,
TJN_HOM_008_HomeGoods Summer Digital_FY18,xAd Inc.,PHHXH0_TJN_HOM_008_Mobile_XAD INC_STANDALONE_RON_MOBILE APP_STANDARD_DISPLAY_320X50_GEO-FENCING_Run of Network_Behavioral_F25-54_320 x 50_Click and View_NV_NA,200587948,7/17/2017,6,0,6,0,6,2,4,1,3,2,1,2
TJN_HOM_030_HomeGoods 2H Digital_F18,NinthDecimal,PJQ7N9_TJN_HOM_030_Mobile_NINTHDECIMAL_DST_SV1_MAP_DIR_RCH_TRG_RON_BTG_PXT_DVY_LOCATION GRAPH: TJX FAMILY LOYALISTS_Run of Network_Behavioral_F25-54_320 x 50_Click and View_NV_NA,204647917,10/22/2017,13393,222,13171,5818,7353,78,7275,7055,220,5896,5718,12773
TJN_HOM_030_HomeGoods 2H Digital_F18,xAd Inc.,PJQ7MS_TJN_HOM_030_Mobile_GROUND TRUTH FKA XAD_DST_SV1_MAP_DIR_DSP_TRG_RON_DMA_PXT_DVY_AV DMA TARGETING_Run of Network_Geo_F25-54_300 x 250_Click and View_NV_NA,204646501,9/26/2017,50488,985,49503,36834,12669,2076,10593,8949,1644,38910,30078,39027
TJN_HOM_030_HomeGoods 2H Digital_F18,NinthDecimal,PJQ7NG_TJN_HOM_030_Mobile_NINTHDECIMAL_DST_SV1_MAP_DIR_RCH_TRG_RON_BTG_DMA_DVY_CONSUMER JOURNEY: NEW HOME BUYERS & MOVERS_Run of Network_Behavioral_F25-54_320 x 50_Click and View_NV_NA,204625835,9/5/2017,6905,107,6798,3588,3210,19,3191,3078,113,3607,3479,6557
TJN_HOM_030_HomeGoods 2H Digital_F18,xAd Inc.,PJQ7MR_TJN_HOM_030_Mobile_GROUND TRUTH FKA XAD_DST_SV1_MAP_DIR_DSP_TRG_RON_MKT_DMA_DVY_LOCATION - COMPETITOR SHOPPERS - DYNAMIC DISTANCE_Run of Network_Geo_F25-54_300 x 250_Click and View_NV_NA,204647890,11/7/2017,11514,233,11281,11281,0,0,0,0,0,11281,10103,10103
TJN_HOM_030_HomeGoods 2H Digital_F18,NinthDecimal,PJQ7NB_TJN_HOM_030_Mobile_NINTHDECIMAL_DST_SV1_MAP_DIR_RCH_TRG_RON_BTG_PXT_DVY_LOCATION GRAPH: COMPETITIVE CONQUESTING_Run of Network_Behavioral_F25-54_320 x 50_Click and View_NV_NA,204649942,10/17/2017,8621,136,8485,5092,3393,25,3368,3290,78,5117,4998,8288
TJN_HOM_030_HomeGoods 2H Digital_F18,NinthDecimal,PJQ7N9_TJN_HOM_030_Mobile_NINTHDECIMAL_DST_SV1_MAP_DIR_RCH_TRG_RON_BTG_PXT_DVY_LOCATION GRAPH: TJX FAMILY LOYALISTS_Run of Network_Behavioral_F25-54_320 x 50_Click and View_NV_NA,204647917,10/10/2017,12801,103,12698,6733,5965,48,5917,5694,223,6781,6525,12219
TJN_HOM_025_HomeGoods Digital Video_Q4FY18,Tremor Video Inc.,PK1FYN_TJN_HOM_025_OLV_TREMOR NETWORK_AWR_BS1_DSK_DIR_VID_TRG_RON_PXT_CTG_DVY_ALL SCREEN PREROLL + PROXIMITYPLUS DWELL TIME TARGETING TO HOMEGOODS VISITORS DESKTOP_Run of Network_Behavioral_F25-54_1280 x 720_Standard_NV_NA,205941312,10/7/2017,257560,136,257424,102926,154498,2045,152453,28748,123705,104971,19794,48542
TJN_HOM_030_HomeGoods 2H Digital_F18,NinthDecimal,"PJQ7NK_TJN_HOM_030_Mobile_NINTHDECIMAL_DST_SV1_MAP_DIR_RCH_TRG_RON_BTG_DMA_DVY_TV TARGETING: HGTV, DIY NETWORK, BRAVO, TLC, FOOD NETWORK_Run of Network_Behavioral_F25-54_320 x 50_Click and View_NV_NA",204674553,10/19/2017,8870,151,8719,4065,4654,67,4587,4435,152,4132,3995,8430
TJN_HOM_008_HomeGoods Summer Digital_FY18,NinthDecimal,PHHXGN_TJN_HOM_008_Mobile_NINTHDECIMAL_CHILD_LUXURY SHOPPERS RETENTION_MOBILE APP_CUSTOM_DISPLAY_320X50_Run of Network_Behavioral_F25-54_320 x 50_Click and View_NV_NA,200582901,7/17/2017,2156,21,2135,269,1866,14,1852,1635,217,283,250,1885
TJN_HOM_013_HomeGoods FEP_Q3FY18,Discovery Digital Media,PHWLS9_TJN_HOM_013_Content_DISCOVERY NETWORKS_Full Episode Video OTT/CTV_30s_FEP_Contextual_F25-54_1920 x 1080_Standard_NV_NA,201891428,9/17/2017,8379,22,8357,8357,0,0,0,0,0,8357,,
TJN_HOM_030_HomeGoods 2H Digital_F18,xAd Inc.,PJQ7MH_TJN_HOM_030_Mobile_GROUND TRUTH FKA XAD_DST_SV1_MAP_DIR_DSP_TRG_RON_PXT_BTG_DVY_PROXIMITY LOYALTY - DYNAMIC DISTANCE_Run of Network_Geo_F25-54_300 x 250_Click and View_NV_NA,204675003,11/11/2017,31979,3960,28019,28017,2,1,1,1,0,28018,28018,28019
TJN_HOM_030_HomeGoods 2H Digital_F18,NinthDecimal,PJQ7N6_TJN_HOM_030_Mobile_NINTHDECIMAL_DST_SV1_MAP_DIR_RCH_TRG_RON_PXT_DMA_DVY_GEOFENCE: 5-10-MILE RADIUS AROUND SUBURBAN STORES_Run of Network_Geo_F25-54_320 x 50_Click and View_NV_NA,204646507,10/28/2017,14655,292,14363,859,13504,42,13462,13140,322,901,879,14019
TJN_HOM_008_HomeGoods Summer Digital_FY18,Hulu,PHG79M_TJN_HOM_008_FEP_HULU_Premium Slate_CROSS DEVICE_PRE-ROLL_CUSTOM_VECTOR LOGO_1X1_N/A_N/A_N/A_SITE_N/A_Roadblock_Demo_F25-54_1 x 1_Click and View_NV_NA,201466502,7/22/2017,82528,704,81824,81824,0,0,0,0,0,81824,73794,73794
TJN_HOM_030_HomeGoods 2H Digital_F18,NinthDecimal,PJQ7NJ_TJN_HOM_030_Mobile_NINTHDECIMAL_DST_SV1_MAP_DIR_RCH_TRG_RON_BTG_DMA_DVY_CONSUMER JOURNEY: BARGAIN HUNTERS_Run of Network_Behavioral_F25-54_320 x 50_Click and View_NV_NA,204644353,9/26/2017,9228,230,8998,3030,5968,41,5927,5756,171,3071,2982,8738
TJN_HOM_008_HomeGoods Summer Digital_FY18,Hulu,PHG79N_TJN_HOM_008_FEP_HULU_Masthead_SPONSORSHIP_CROSS DEVICE_CUSTOM_VIDEO_1X1_1X1_N/A_N/A_N/A_SITE_N/A_Roadblock_Demo_F25-54_1 x 1_Click and View_NV_NA,201462657,8/27/2017,119295,925,118370,118370,0,0,0,0,0,118370,115401,115401
TJN_HOM_008_HomeGoods Summer Digital_FY18,Hulu,PHG79N_TJN_HOM_008_FEP_HULU_Masthead_SPONSORSHIP_CROSS DEVICE_CUSTOM_VIDEO_1X1_1X1_N/A_N/A_N/A_SITE_N/A_Roadblock_Demo_F25-54_1 x 1_Click and View_NV_NA,201462657,8/9/2017,868220,7548,860672,860672,0,0,0,0,0,860672,749471,749471
TJN_HOM_013_HomeGoods FEP_Q3FY18,Discovery Digital Media,PHWLS5_TJN_HOM_013_Content_DISCOVERY NETWORKS_Full Episode Video Desktop_30s_FEP_Contextual_F25-54_1920 x 1080_Standard_NV_NA,201895013,8/28/2017,4712,124,4588,4588,0,0,0,0,0,4588,,
TJN_HOM_013_HomeGoods FEP_Q3FY18,Scripps Networks,PHNKCT_TJN_HOM_013_FEP_SCRIPPSNETWORKS.COM_TVE_Crossplatform_FEP_Demo_F25-54_1 x 1_Click and View_NV_NA,201878832,7/17/2017,5068,17,5051,5051,0,0,0,0,0,5051,,
TJN_HOM_030_HomeGoods 2H Digital_F18,NinthDecimal,PJQ7ND_TJN_HOM_030_Mobile_NINTHDECIMAL_DST_SV1_MAP_DIR_RCH_TRG_RON_BTG_DMA_DVY_CONSUMER JOURNEY: HOUSEHOLD CEO_Run of Network_Behavioral_F25-54_320 x 50_Click and View_NV_NA,204626294,10/19/2017,8842,156,8686,4853,3833,20,3813,3716,97,4873,4749,8465
TJN_HOM_013_HomeGoods FEP_Q3FY18,Discovery Digital Media,PHWLS5_TJN_HOM_013_Content_DISCOVERY NETWORKS_Full Episode Video Desktop_30s_FEP_Contextual_F25-54_1920 x 1080_Standard_NV_NA,201895013,9/14/2017,3515,114,3401,3401,0,0,0,0,0,3401,,
TJN_HOM_030_HomeGoods 2H Digital_F18,xAd Inc.,PJQ7MP_TJN_HOM_030_Mobile_GROUND TRUTH FKA XAD_DST_SV1_MAP_DIR_DSP_TRG_RON_MKT_DMA_DVY_LOCATION - HOMEGOODS SHOPPERS - DYNAMIC DISTANCE_Run of Network_Geo_F25-54_300 x 250_Click and View_NV_NA,204647878,9/6/2017,5018,61,4957,4957,0,0,0,0,0,4957,4665,4665
TJN_HOM_030_HomeGoods 2H Digital_F18,NinthDecimal,PJQ7NB_TJN_HOM_030_Mobile_NINTHDECIMAL_DST_SV1_MAP_DIR_RCH_TRG_RON_BTG_PXT_DVY_LOCATION GRAPH: COMPETITIVE CONQUESTING_Run of Network_Behavioral_F25-54_320 x 50_Click and View_NV_NA,204649942,10/24/2017,8069,128,7941,2910,5031,138,4893,4774,119,3048,2974,7748
TJN_HOM_030_HomeGoods 2H Digital_F18,NinthDecimal,PJQ7ND_TJN_HOM_030_Mobile_NINTHDECIMAL_DST_SV1_MAP_DIR_RCH_TRG_RON_BTG_DMA_DVY_CONSUMER JOURNEY: HOUSEHOLD CEO_Run of Network_Behavioral_F25-54_320 x 50_Click and View_NV_NA,204626294,9/11/2017,16427,246,16181,7095,9086,61,9025,8758,267,7156,6944,15702
TJN_HOM_008_HomeGoods Summer Digital_FY18,xAd Inc.,PHHXGY_TJN_HOM_008_Mobile_XAD INC_CHILD_LOYALTY_MOBILE APP_CUSTOM_RICH MEDIA_320X50_GEO-FENCING_Run of Network_Geo_F25-54_320 x 50_Click and View_NV_NA,200584630,8/8/2017,26514,351,26163,23776,2387,71,2316,2178,138,23847,22426,24604
TJN_HOM_030_HomeGoods 2H Digital_F18,NinthDecimal,PJQ7N6_TJN_HOM_030_Mobile_NINTHDECIMAL_DST_SV1_MAP_DIR_RCH_TRG_RON_PXT_DMA_DVY_GEOFENCE: 5-10-MILE RADIUS AROUND SUBURBAN STORES_Run of Network_Geo_F25-54_320 x 50_Click and View_NV_NA,204646507,9/8/2017,6660,230,6430,2956,3474,9,3465,3400,65,2965,2909,6309
TJN_HOM_008_HomeGoods Summer Digital_FY18,Hulu,PHG79M_TJN_HOM_008_FEP_HULU_Premium Slate_CROSS DEVICE_PRE-ROLL_CUSTOM_VECTOR LOGO_1X1_N/A_N/A_N/A_SITE_N/A_Roadblock_Demo_F25-54_1 x 1_Click and View_NV_NA,201466502,8/23/2017,71958,540,71418,71418,0,0,0,0,0,71418,69035,69035
TJN_HOM_008_HomeGoods Summer Digital_FY18,Hulu,PHG79K_TJN_HOM_008_FEP_HULU_Summer TV Pre-roll_SPONSORSHIP_CROSS DEVICE_PRE-ROLL_VIDEO_1920X1080_VAST_N/A_N/A_N/A_3RD PARTY_N/A_Roadblock_Demo_F25-54_1920 x 1080_Standard_NV_NA,201466499,8/24/2017,119523,1092,118431,118431,0,0,0,0,0,118431,114770,114770
TJN_HOM_008_HomeGoods Summer Digital_FY18,Hulu,PHG79P_TJN_HOM_008_FEP_HULU_PageBrand_SPONSORSHIP_CROSS DEVICE_CUSTOM_VIDEO_1X1_1X1_N/A_N/A_N/A_SITE_N/A_Roadblock_Demo_F25-54_1 x 1_Click and View_NV_NA,201464250,8/29/2017,133,1,132,132,0,0,0,0,0,132,127,127
TJN_HOM_030_HomeGoods 2H Digital_F18,NinthDecimal,PJQ7NJ_TJN_HOM_030_Mobile_NINTHDECIMAL_DST_SV1_MAP_DIR_RCH_TRG_RON_BTG_DMA_DVY_CONSUMER JOURNEY: BARGAIN HUNTERS_Run of Network_Behavioral_F25-54_320 x 50_Click and View_NV_NA,204644353,11/12/2017,8294,108,8186,864,7322,28,7294,7090,204,892,867,7957
TJN_HOM_030_HomeGoods 2H Digital_F18,NinthDecimal,"PJQ7NK_TJN_HOM_030_Mobile_NINTHDECIMAL_DST_SV1_MAP_DIR_RCH_TRG_RON_BTG_DMA_DVY_TV TARGETING: HGTV, DIY NETWORK, BRAVO, TLC, FOOD NETWORK_Run of Network_Behavioral_F25-54_320 x 50_Click and View_NV_NA",204674553,9/11/2017,6400,106,6294,4463,1831,25,1806,1727,79,4488,4292,6019
TJN_HOM_030_HomeGoods 2H Digital_F18,xAd Inc.,PJQ7MK_TJN_HOM_030_Mobile_GROUND TRUTH FKA XAD_DST_SV1_MAP_DIR_DSP_TRG_RON_PXT_BTG_DVY_PROXIMITY LOYALTY - STORE LOCATOR UNIT_Run of Network_Geo_F25-54_300 x 250_Click and View_NV_NA,204625442,10/29/2017,3874,63,3811,837,2974,16,2958,2777,181,853,801,3578
TJN_HOM_008_HomeGoods Summer Digital_FY18,Hulu,PHG79G_TJN_HOM_008_FEP_HULU_ROS Pre-roll_CROSS DEVICE_PRE-ROLL_VIDEO_1920X1080_VAST_AUDIENCE_N/A_N/A_3RD PARTY_N/A_Run of Site_Demo_F25-54_1920 x 1080_Standard_NV_NA,201466946,9/2/2017,23440,139,23301,23301,0,0,0,0,0,23301,22184,22184
TJN_HOM_008_HomeGoods Summer Digital_FY18,NinthDecimal,PHHXGN_TJN_HOM_008_Mobile_NINTHDECIMAL_CHILD_LUXURY SHOPPERS RETENTION_MOBILE APP_CUSTOM_DISPLAY_320X50_Run of Network_Behavioral_F25-54_320 x 50_Click and View_NV_NA,200582901,8/22/2017,2571,15,2556,418,2138,8,2130,1931,199,426,386,2317
TJN_HOM_030_HomeGoods 2H Digital_F18,xAd Inc.,PJQ7MH_TJN_HOM_030_Mobile_GROUND TRUTH FKA XAD_DST_SV1_MAP_DIR_DSP_TRG_RON_PXT_BTG_DVY_PROXIMITY LOYALTY - DYNAMIC DISTANCE_Run of Network_Geo_F25-54_300 x 250_Click and View_NV_NA,204675003,9/15/2017,14498,676,13822,13813,9,3,6,5,1,13816,11510,11515
TJN_HOM_008_HomeGoods Summer Digital_FY18,Hulu,PHG79G_TJN_HOM_008_FEP_HULU_ROS Pre-roll_CROSS DEVICE_PRE-ROLL_VIDEO_1920X1080_VAST_AUDIENCE_N/A_N/A_3RD PARTY_N/A_Run of Site_Demo_F25-54_1920 x 1080_Standard_NV_NA,201466946,8/26/2017,11326,64,11262,11262,0,0,0,0,0,11262,10969,10969
TJN_HOM_030_HomeGoods 2H Digital_F18,NinthDecimal,PJQ7NB_TJN_HOM_030_Mobile_NINTHDECIMAL_DST_SV1_MAP_DIR_RCH_TRG_RON_BTG_PXT_DVY_LOCATION GRAPH: COMPETITIVE CONQUESTING_Run of Network_Behavioral_F25-54_320 x 50_Click and View_NV_NA,204649942,10/5/2017,7046,144,6902,4347,2555,65,2490,2390,100,4412,4235,6625
TJN_HOM_008_HomeGoods Summer Digital_FY18,xAd Inc.,PHHXGR_TJN_HOM_008_Mobile_XAD INC_CHILD_LOYALTY_MOBILE APP_STANDARD_DISPLAY_320X50_GEO-FENCING_Run of Network_Geo_F25-54_320 x 50_Click and View_NV_NA,200587518,7/24/2017,37319,620,36699,26584,10115,106,10009,6504,3505,26690,17344,23848
TJN_HOM_030_HomeGoods 2H Digital_F18,xAd Inc.,PJQ7MN_TJN_HOM_030_Mobile_GROUND TRUTH FKA XAD_DST_SV1_MAP_DIR_DSP_TRG_RON_MKT_DMA_DVY_LOCATION - HOMEGOODS SHOPPERS - DYNAMIC DISTANCE_Run of Network_Geo_F25-54_320 x 50_Click and View_NV_NA,204651439,10/25/2017,7248,84,7164,7006,158,7,151,119,32,7013,2034,2153
TJN_HOM_008_HomeGoods Summer Digital_FY18,xAd Inc.,PHHXH0_TJN_HOM_008_Mobile_XAD INC_STANDALONE_RON_MOBILE APP_STANDARD_DISPLAY_320X50_GEO-FENCING_Run of Network_Behavioral_F25-54_320 x 50_Click and View_NV_NA,200587948,8/22/2017,164177,2064,162113,94143,67970,1222,66748,64979,1769,95365,92838,157817
TJN_HOM_030_HomeGoods 2H Digital_F18,NinthDecimal,PJQ7N6_TJN_HOM_030_Mobile_NINTHDECIMAL_DST_SV1_MAP_DIR_RCH_TRG_RON_PXT_DMA_DVY_GEOFENCE: 5-10-MILE RADIUS AROUND SUBURBAN STORES_Run of Network_Geo_F25-54_320 x 50_Click and View_NV_NA,204646507,10/7/2017,10609,333,10276,7665,2611,31,2580,2510,70,7696,7487,9997
TJN_HOM_013_HomeGoods FEP_Q3FY18,Discovery Digital Media,PHWLS7_TJN_HOM_013_Content_DISCOVERY NETWORKS_Full Episode Video Mobile Web_30s_FEP_Contextual_F25-54_1920 x 1080_Standard_NV_NA,201895019,8/21/2017,907,21,886,886,0,0,0,0,0,886,,
TJN_HOM_030_HomeGoods 2H Digital_F18,NinthDecimal,PJQ7NB_TJN_HOM_030_Mobile_NINTHDECIMAL_DST_SV1_MAP_DIR_RCH_TRG_RON_BTG_PXT_DVY_LOCATION GRAPH: COMPETITIVE CONQUESTING_Run of Network_Behavioral_F25-54_320 x 50_Click and View_NV_NA,204649942,11/10/2017,4000,61,3939,309,3630,12,3618,3512,106,321,312,3824
TJN_HOM_008_HomeGoods Summer Digital_FY18,Hulu,PHG79K_TJN_HOM_008_FEP_HULU_Summer TV Pre-roll_SPONSORSHIP_CROSS DEVICE_PRE-ROLL_VIDEO_1920X1080_VAST_N/A_N/A_N/A_3RD PARTY_N/A_Roadblock_Demo_F25-54_1920 x 1080_Standard_NV_NA,201466499,8/20/2017,243309,1689,241620,241620,0,0,0,0,0,241620,194858,194858
TJN_HOM_013_HomeGoods FEP_Q3FY18,Discovery Digital Media,PHWLS8_TJN_HOM_013_Content_DISCOVERY NETWORKS_Full Episode Video Tablet Web_30s_FEP_Contextual_F25-54_1920 x 1080_Standard_NV_NA,201899695,8/10/2017,938,8,930,930,0,0,0,0,0,930,,
TJN_HOM_008_HomeGoods Summer Digital_FY18,Hulu,PHG79J_TJN_HOM_008_FEP_HULU_Branded Slate_ROS_CROSS DEVICE_PRE-ROLL_CUSTOM_VECTOR LOGO_1X1_AUDIENCE_N/A_N/A_SITE_N/A_Run of Site_Demo_F25-54_1 x 1_Click and View_NV_NA,201467345,9/17/2017,1489,13,1476,1476,0,0,0,0,0,1476,1316,1316
TJN_HOM_025_HomeGoods Digital Video_Q4FY18,Tremor Video Inc.,PK1FYN_TJN_HOM_025_OLV_TREMOR NETWORK_AWR_BS1_DSK_DIR_VID_TRG_RON_PXT_CTG_DVY_ALL SCREEN PREROLL + PROXIMITYPLUS DWELL TIME TARGETING TO HOMEGOODS VISITORS DESKTOP_Run of Network_Behavioral_F25-54_1280 x 720_Standard_NV_NA,205941312,10/28/2017,39125,39,39086,33593,5493,84,5409,2642,2767,33677,16449,19091
TJN_HOM_030_HomeGoods 2H Digital_F18,xAd Inc.,PJQ7MS_TJN_HOM_030_Mobile_GROUND TRUTH FKA XAD_DST_SV1_MAP_DIR_DSP_TRG_RON_DMA_PXT_DVY_AV DMA TARGETING_Run of Network_Geo_F25-54_300 x 250_Click and View_NV_NA,204646501,11/12/2017,21362,381,20981,11847,9134,622,8512,3921,4591,12469,5742,9663
TJN_HOM_030_HomeGoods 2H Digital_F18,NinthDecimal,PJQ7NJ_TJN_HOM_030_Mobile_NINTHDECIMAL_DST_SV1_MAP_DIR_RCH_TRG_RON_BTG_DMA_DVY_CONSUMER JOURNEY: BARGAIN HUNTERS_Run of Network_Behavioral_F25-54_320 x 50_Click and View_NV_NA,204644353,10/9/2017,8718,135,8583,4540,4043,26,4017,3874,143,4566,4403,8277
TJN_HOM_030_HomeGoods 2H Digital_F18,xAd Inc.,PJQ7MK_TJN_HOM_030_Mobile_GROUND TRUTH FKA XAD_DST_SV1_MAP_DIR_DSP_TRG_RON_PXT_BTG_DVY_PROXIMITY LOYALTY - STORE LOCATOR UNIT_Run of Network_Geo_F25-54_300 x 250_Click and View_NV_NA,204625442,10/8/2017,2666,45,2621,39,2582,29,2553,2145,408,68,57,2202
TJN_HOM_013_HomeGoods FEP_Q3FY18,Discovery Digital Media,PHWLS7_TJN_HOM_013_Content_DISCOVERY NETWORKS_Full Episode Video Mobile Web_30s_FEP_Contextual_F25-54_1920 x 1080_Standard_NV_NA,201895019,9/18/2017,916,4,912,912,0,0,0,0,0,912,,
TJN_HOM_030_HomeGoods 2H Digital_F18,NinthDecimal,PJQ7N6_TJN_HOM_030_Mobile_NINTHDECIMAL_DST_SV1_MAP_DIR_RCH_TRG_RON_PXT_DMA_DVY_GEOFENCE: 5-10-MILE RADIUS AROUND SUBURBAN STORES_Run of Network_Geo_F25-54_320 x 50_Click and View_NV_NA,204646507,11/8/2017,48797,725,48072,2525,45547,219,45328,44064,1264,2744,2667,46731
TJN_HOM_013_HomeGoods FEP_Q3FY18,Discovery Digital Media,PHWLS5_TJN_HOM_013_Content_DISCOVERY NETWORKS_Full Episode Video Desktop_30s_FEP_Contextual_F25-54_1920 x 1080_Standard_NV_NA,201895013,8/18/2017,3102,45,3057,3057,0,0,0,0,0,3057,,
TJN_HOM_030_HomeGoods 2H Digital_F18,xAd Inc.,PJQ7MR_TJN_HOM_030_Mobile_GROUND TRUTH FKA XAD_DST_SV1_MAP_DIR_DSP_TRG_RON_MKT_DMA_DVY_LOCATION - COMPETITOR SHOPPERS - DYNAMIC DISTANCE_Run of Network_Geo_F25-54_300 x 250_Click and View_NV_NA,204647890,10/20/2017,7746,383,7363,7363,0,0,0,0,0,7363,6594,6594
TJN_HOM_030_HomeGoods 2H Digital_F18,xAd Inc.,PJQ7MS_TJN_HOM_030_Mobile_GROUND TRUTH FKA XAD_DST_SV1_MAP_DIR_DSP_TRG_RON_DMA_PXT_DVY_AV DMA TARGETING_Run of Network_Geo_F25-54_300 x 250_Click and View_NV_NA,204646501,10/19/2017,2267,32,2235,1857,378,8,370,290,80,1865,1462,1752
TJN_HOM_008_HomeGoods Summer Digital_FY18,NinthDecimal,Rolled-up Placements,N/A,7/7/2017,161144,1832,159312,64365,94947,439,94508,90099,4409,64804,61960,152059
TJN_HOM_030_HomeGoods 2H Digital_F18,xAd Inc.,PJQ7MG_TJN_HOM_030_Mobile_GROUND TRUTH FKA XAD_DST_SV1_MAP_DIR_DSP_TRG_RON_PXT_BTG_DVY_PROXIMITY LOYALTY - DYNAMIC DISTANCE_Run of Network_Geo_F25-54_320 x 50_Click and View_NV_NA,204626813,10/10/2017,59982,858,59124,54472,4652,882,3770,3278,492,55354,46704,49982
TJN_HOM_030_HomeGoods 2H Digital_F18,NinthDecimal,PJQ7NG_TJN_HOM_030_Mobile_NINTHDECIMAL_DST_SV1_MAP_DIR_RCH_TRG_RON_BTG_DMA_DVY_CONSUMER JOURNEY: NEW HOME BUYERS & MOVERS_Run of Network_Behavioral_F25-54_320 x 50_Click and View_NV_NA,204625835,9/28/2017,5383,165,5218,1655,3563,17,3546,3449,97,1672,1626,5075
TJN_HOM_030_HomeGoods 2H Digital_F18,NinthDecimal,PJQ7N5_TJN_HOM_030_Mobile_NINTHDECIMAL_DST_SV1_MAP_DIR_RCH_TRG_RON_PXT_DMA_DVY_GEOFENCE: 2-MILE RADIUS AROUND URBAN STORES_Run of Network_Geo_F25-54_320 x 50_Click and View_NV_NA,204649945,10/10/2017,7396,132,7264,4417,2847,31,2816,2724,92,4448,4303,7027
TJN_HOM_025_HomeGoods Digital Video_Q4FY18,Tremor Video Inc.,PK6DWD_TJN_HOM_025_OLV_TREMOR NETWORK_AWR_BS1_MAP_DIR_VID_TRG_RON_BTG_CTG_DVY_ALL SCREEN PREROLL + SOCIAL AFFINITY TARGETING TO W25-54 HOME ENTHUSIASTS MOB/TAB APP_Run of Network_Behavioral_F25-54_1280 x 720_Standard_NV_NA,205941321,10/15/2017,98822,434,98388,98159,229,1,228,225,3,98160,96868,97093
TJN_HOM_013_HomeGoods FEP_Q3FY18,Discovery Digital Media,PHWLS9_TJN_HOM_013_Content_DISCOVERY NETWORKS_Full Episode Video OTT/CTV_30s_FEP_Contextual_F25-54_1920 x 1080_Standard_NV_NA,201891428,9/6/2017,11783,27,11756,11756,0,0,0,0,0,11756,,
TJN_HOM_030_HomeGoods 2H Digital_F18,NinthDecimal,PJQ7N8_TJN_HOM_030_Mobile_NINTHDECIMAL_DST_SV1_MAP_DIR_RCH_TRG_RON_BTG_PXT_DVY_LOCATION GRAPH: HOMEGOODS LOYALISTS_Run of Network_Behavioral_F25-54_320 x 50_Click and View_NV_NA,204675012,9/24/2017,4897,68,4829,1378,3451,12,3439,3345,94,1390,1352,4697
TJN_HOM_030_HomeGoods 2H Digital_F18,xAd Inc.,PJQ7MM_TJN_HOM_030_Mobile_GROUND TRUTH FKA XAD_DST_SV1_MAP_DIR_DSP_TRG_RON_BTG_DMA_DVY_BEHAVIORAL - HOME SHOPPER- DYNAMIC DISTANCE_Run of Network_Behavioral_F25-54_300 x 250_Click and View_NV_NA,204626171,11/10/2017,9279,297,8982,8982,0,0,0,0,0,8982,8982,8982
TJN_HOM_030_HomeGoods 2H Digital_F18,xAd Inc.,PJQ7MN_TJN_HOM_030_Mobile_GROUND TRUTH FKA XAD_DST_SV1_MAP_DIR_DSP_TRG_RON_MKT_DMA_DVY_LOCATION - HOMEGOODS SHOPPERS - DYNAMIC DISTANCE_Run of Network_Geo_F25-54_320 x 50_Click and View_NV_NA,204651439,10/2/2017,3,1,2,0,2,1,1,1,0,1,1,2
TJN_HOM_013_HomeGoods FEP_Q3FY18,Discovery Digital Media,PHWLS5_TJN_HOM_013_Content_DISCOVERY NETWORKS_Full Episode Video Desktop_30s_FEP_Contextual_F25-54_1920 x 1080_Standard_NV_NA,201895013,9/5/2017,3297,92,3205,3205,0,0,0,0,0,3205,,
TJN_HOM_008_HomeGoods Summer Digital_FY18,xAd Inc.,PHHXGT_TJN_HOM_008_Mobile_XAD INC_CHILD_CONQUESTING_MOBILE APP_STANDARD_DISPLAY_320X50_GEO-FENCING_Run of Network_Geo_F25-54_320 x 50_Click and View_NV_NA,200573066,8/9/2017,125485,2077,123408,87124,36284,517,35767,28736,7031,87641,70413,99149
TJN_HOM_008_HomeGoods Summer Digital_FY18,Hulu,PHG79K_TJN_HOM_008_FEP_HULU_Summer TV Pre-roll_SPONSORSHIP_CROSS DEVICE_PRE-ROLL_VIDEO_1920X1080_VAST_N/A_N/A_N/A_3RD PARTY_N/A_Roadblock_Demo_F25-54_1920 x 1080_Standard_NV_NA,201466499,8/11/2017,15,0,15,15,0,0,0,0,0,15,13,13
TJN_HOM_008_HomeGoods Summer Digital_FY18,xAd Inc.,PHHXGT_TJN_HOM_008_Mobile_XAD INC_CHILD_CONQUESTING_MOBILE APP_STANDARD_DISPLAY_320X50_GEO-FENCING_Run of Network_Geo_F25-54_320 x 50_Click and View_NV_NA,200573066,8/27/2017,99707,1418,98289,58627,39662,116,39546,39397,149,58743,58522,97919
TJN_HOM_030_HomeGoods 2H Digital_F18,xAd Inc.,PJQ7MN_TJN_HOM_030_Mobile_GROUND TRUTH FKA XAD_DST_SV1_MAP_DIR_DSP_TRG_RON_MKT_DMA_DVY_LOCATION - HOMEGOODS SHOPPERS - DYNAMIC DISTANCE_Run of Network_Geo_F25-54_320 x 50_Click and View_NV_NA,204651439,9/23/2017,10141,169,9972,8366,1606,287,1319,1218,101,8653,7302,8520
TJN_HOM_025_HomeGoods Digital Video_Q4FY18,Tremor Video Inc.,PK6DYV_TJN_HOM_025_OLV_TREMOR NETWORK_AWR_BS1_MAP_DIR_VID_TRG_RON_PXT_CTG_DVY_ALL SCREEN PREROLL + PROXIMITYPLUS DWELL TIME TARGETING TO HOMEGOODS VISITORS MOB/TAB APP_Run of Network_Behavioral_F25-54_1280 x 720_Standard_NV_NA,205859075,10/6/2017,718,1,717,699,18,0,18,17,1,699,660,677
TJN_HOM_030_HomeGoods 2H Digital_F18,NinthDecimal,PJQ7NJ_TJN_HOM_030_Mobile_NINTHDECIMAL_DST_SV1_MAP_DIR_RCH_TRG_RON_BTG_DMA_DVY_CONSUMER JOURNEY: BARGAIN HUNTERS_Run of Network_Behavioral_F25-54_320 x 50_Click and View_NV_NA,204644353,10/19/2017,9086,142,8944,4252,4692,46,4646,4502,144,4298,4165,8667
TJN_HOM_030_HomeGoods 2H Digital_F18,xAd Inc.,PJQ7MM_TJN_HOM_030_Mobile_GROUND TRUTH FKA XAD_DST_SV1_MAP_DIR_DSP_TRG_RON_BTG_DMA_DVY_BEHAVIORAL - HOME SHOPPER- DYNAMIC DISTANCE_Run of Network_Behavioral_F25-54_300 x 250_Click and View_NV_NA,204626171,10/24/2017,7592,331,7261,7261,0,0,0,0,0,7261,5989,5989
TJN_HOM_025_HomeGoods Digital Video_Q4FY18,Tremor Video Inc.,PK6DYV_TJN_HOM_025_OLV_TREMOR NETWORK_AWR_BS1_MAP_DIR_VID_TRG_RON_PXT_CTG_DVY_ALL SCREEN PREROLL + PROXIMITYPLUS DWELL TIME TARGETING TO HOMEGOODS VISITORS MOB/TAB APP_Run of Network_Behavioral_F25-54_1280 x 720_Standard_NV_NA,205859075,10/11/2017,768,0,768,573,195,0,195,166,29,573,488,654
TJN_HOM_030_HomeGoods 2H Digital_F18,NinthDecimal,PJQ7ND_TJN_HOM_030_Mobile_NINTHDECIMAL_DST_SV1_MAP_DIR_RCH_TRG_RON_BTG_DMA_DVY_CONSUMER JOURNEY: HOUSEHOLD CEO_Run of Network_Behavioral_F25-54_320 x 50_Click and View_NV_NA,204626294,9/26/2017,9124,205,8919,2227,6692,33,6659,6511,148,2260,2210,8721
TJN_HOM_030_HomeGoods 2H Digital_F18,NinthDecimal,PJQ7N8_TJN_HOM_030_Mobile_NINTHDECIMAL_DST_SV1_MAP_DIR_RCH_TRG_RON_BTG_PXT_DVY_LOCATION GRAPH: HOMEGOODS LOYALISTS_Run of Network_Behavioral_F25-54_320 x 50_Click and View_NV_NA,204675012,10/23/2017,13292,189,13103,3512,9591,99,9492,9179,313,3611,3492,12671
TJN_HOM_013_HomeGoods FEP_Q3FY18,Discovery Digital Media,PHWLS5_TJN_HOM_013_Content_DISCOVERY NETWORKS_Full Episode Video Desktop_30s_FEP_Contextual_F25-54_1920 x 1080_Standard_NV_NA,201895013,8/5/2017,3826,67,3759,3759,0,0,0,0,0,3759,,
TJN_HOM_030_HomeGoods 2H Digital_F18,NinthDecimal,PJQ7N5_TJN_HOM_030_Mobile_NINTHDECIMAL_DST_SV1_MAP_DIR_RCH_TRG_RON_PXT_DMA_DVY_GEOFENCE: 2-MILE RADIUS AROUND URBAN STORES_Run of Network_Geo_F25-54_320 x 50_Click and View_NV_NA,204649945,10/22/2017,7208,233,6975,3646,3329,58,3271,3170,101,3704,3590,6760
TJN_HOM_030_HomeGoods 2H Digital_F18,NinthDecimal,PJQ7NC_TJN_HOM_030_Mobile_NINTHDECIMAL_DST_SV1_MAP_DIR_RCH_TRG_RON_BTG_DMA_DVY_CONSUMER JOURNEY: DIYERS_Run of Network_Behavioral_F25-54_320 x 50_Click and View_NV_NA,204675009,9/27/2017,9376,191,9185,3436,5749,20,5729,5595,134,3456,3375,8970
TJN_HOM_030_HomeGoods 2H Digital_F18,NinthDecimal,"PJQ7NK_TJN_HOM_030_Mobile_NINTHDECIMAL_DST_SV1_MAP_DIR_RCH_TRG_RON_BTG_DMA_DVY_TV TARGETING: HGTV, DIY NETWORK, BRAVO, TLC, FOOD NETWORK_Run of Network_Behavioral_F25-54_320 x 50_Click and View_NV_NA",204674553,9/26/2017,5735,122,5613,1864,3749,25,3724,3592,132,1889,1822,5414
TJN_HOM_030_HomeGoods 2H Digital_F18,xAd Inc.,PJQ7MJ_TJN_HOM_030_Mobile_GROUND TRUTH FKA XAD_DST_SV1_MAP_DIR_DSP_TRG_RON_PXT_BTG_DVY_PROXIMITY LOYALTY - STORE LOCATOR UNIT_Run of Network_Geo_F25-54_320 x 50_Click and View_NV_NA,204649939,9/16/2017,18919,391,18528,10265,8263,4987,3276,3007,269,15252,14000,17007
TJN_HOM_030_HomeGoods 2H Digital_F18,NinthDecimal,PJQ7N8_TJN_HOM_030_Mobile_NINTHDECIMAL_DST_SV1_MAP_DIR_RCH_TRG_RON_BTG_PXT_DVY_LOCATION GRAPH: HOMEGOODS LOYALISTS_Run of Network_Behavioral_F25-54_320 x 50_Click and View_NV_NA,204675012,9/22/2017,7716,74,7642,1960,5682,22,5660,5531,129,1982,1937,7468
TJN_HOM_030_HomeGoods 2H Digital_F18,xAd Inc.,PJQ7MG_TJN_HOM_030_Mobile_GROUND TRUTH FKA XAD_DST_SV1_MAP_DIR_DSP_TRG_RON_PXT_BTG_DVY_PROXIMITY LOYALTY - DYNAMIC DISTANCE_Run of Network_Geo_F25-54_320 x 50_Click and View_NV_NA,204626813,10/22/2017,59082,1067,58015,55176,2839,322,2517,2301,216,55498,48146,50447
TJN_HOM_013_HomeGoods FEP_Q3FY18,Scripps Networks,PHNKCR_TJN_HOM_013_FEP_SCRIPPSNETWORKS.COM_On-site_Crossplatform_FEP_Demo_F25-54_1280 x 720_Standard_NV_NA,201888442,8/12/2017,8959,32,8927,8927,0,0,0,0,0,8927,,
TJN_HOM_025_HomeGoods Digital Video_Q4FY18,Tremor Video Inc.,PK6F30_TJN_HOM_025_OLV_TREMOR NETWORK_AWR_BS1_CTV_DIR_VID_TRG_RON_PXT_CTG_DVY_ALL SCREEN PREROLL + PROXIMITYPLUS DWELL TIME TARGETING TO HOMEGOODS VISITORS CTV_Run of Network_Behavioral_F25-54_1280 x 720_Standard_NV_NA,205942131,10/22/2017,46850,0,46850,46850,0,0,0,0,0,46850,0,0
TJN_HOM_030_HomeGoods 2H Digital_F18,xAd Inc.,PJQ7MM_TJN_HOM_030_Mobile_GROUND TRUTH FKA XAD_DST_SV1_MAP_DIR_DSP_TRG_RON_BTG_DMA_DVY_BEHAVIORAL - HOME SHOPPER- DYNAMIC DISTANCE_Run of Network_Behavioral_F25-54_300 x 250_Click and View_NV_NA,204626171,10/17/2017,7824,473,7351,7351,0,0,0,0,0,7351,6063,6063
TJN_HOM_030_HomeGoods 2H Digital_F18,NinthDecimal,PJQ7NG_TJN_HOM_030_Mobile_NINTHDECIMAL_DST_SV1_MAP_DIR_RCH_TRG_RON_BTG_DMA_DVY_CONSUMER JOURNEY: NEW HOME BUYERS & MOVERS_Run of Network_Behavioral_F25-54_320 x 50_Click and View_NV_NA,204625835,10/14/2017,9680,104,9576,4988,4588,33,4555,4399,156,5021,4849,9248
TJN_HOM_030_HomeGoods 2H Digital_F18,xAd Inc.,PJQ7MJ_TJN_HOM_030_Mobile_GROUND TRUTH FKA XAD_DST_SV1_MAP_DIR_DSP_TRG_RON_PXT_BTG_DVY_PROXIMITY LOYALTY - STORE LOCATOR UNIT_Run of Network_Geo_F25-54_320 x 50_Click and View_NV_NA,204649939,11/13/2017,2,0,2,2,0,0,0,0,0,2,2,2
TJN_HOM_030_HomeGoods 2H Digital_F18,xAd Inc.,PJQ7MJ_TJN_HOM_030_Mobile_GROUND TRUTH FKA XAD_DST_SV1_MAP_DIR_DSP_TRG_RON_PXT_BTG_DVY_PROXIMITY LOYALTY - STORE LOCATOR UNIT_Run of Network_Geo_F25-54_320 x 50_Click and View_NV_NA,204649939,9/13/2017,37532,1057,36475,24345,12130,148,11982,10913,1069,24493,22308,33221
TJN_HOM_030_HomeGoods 2H Digital_F18,NinthDecimal,PJQ7ND_TJN_HOM_030_Mobile_NINTHDECIMAL_DST_SV1_MAP_DIR_RCH_TRG_RON_BTG_DMA_DVY_CONSUMER JOURNEY: HOUSEHOLD CEO_Run of Network_Behavioral_F25-54_320 x 50_Click and View_NV_NA,204626294,11/12/2017,11154,138,11016,1534,9482,59,9423,9146,277,1593,1546,10692
TJN_HOM_008_HomeGoods Summer Digital_FY18,Hulu,PHG79J_TJN_HOM_008_FEP_HULU_Branded Slate_ROS_CROSS DEVICE_PRE-ROLL_CUSTOM_VECTOR LOGO_1X1_AUDIENCE_N/A_N/A_SITE_N/A_Run of Site_Demo_F25-54_1 x 1_Click and View_NV_NA,201467345,9/6/2017,14980,110,14870,14870,0,0,0,0,0,14870,14272,14272
TJN_HOM_025_HomeGoods Digital Video_Q4FY18,Tremor Video Inc.,PK1FYN_TJN_HOM_025_OLV_TREMOR NETWORK_AWR_BS1_DSK_DIR_VID_TRG_RON_PXT_CTG_DVY_ALL SCREEN PREROLL + PROXIMITYPLUS DWELL TIME TARGETING TO HOMEGOODS VISITORS DESKTOP_Run of Network_Behavioral_F25-54_1280 x 720_Standard_NV_NA,205941312,11/8/2017,14,14,0,0,0,0,0,0,0,0,0,0
TJN_HOM_030_HomeGoods 2H Digital_F18,NinthDecimal,PJQ7NG_TJN_HOM_030_Mobile_NINTHDECIMAL_DST_SV1_MAP_DIR_RCH_TRG_RON_BTG_DMA_DVY_CONSUMER JOURNEY: NEW HOME BUYERS & MOVERS_Run of Network_Behavioral_F25-54_320 x 50_Click and View_NV_NA,204625835,9/14/2017,9310,170,9140,3131,6009,36,5973,5813,160,3167,3082,8895
TJN_HOM_030_HomeGoods 2H Digital_F18,xAd Inc.,PJQ7ML_TJN_HOM_030_Mobile_GROUND TRUTH FKA XAD_DST_SV1_MAP_DIR_DSP_TRG_RON_BTG_DMA_DVY_BEHAVIORAL - HOME SHOPPER - DYNAMIC DISTANCE_Run of Network_Behavioral_F25-54_320 x 50_Click and View_NV_NA,204626174,9/12/2017,19172,248,18924,11280,7644,1808,5836,5084,752,13088,8414,13498
TJN_HOM_030_HomeGoods 2H Digital_F18,xAd Inc.,PJQ7MJ_TJN_HOM_030_Mobile_GROUND TRUTH FKA XAD_DST_SV1_MAP_DIR_DSP_TRG_RON_PXT_BTG_DVY_PROXIMITY LOYALTY - STORE LOCATOR UNIT_Run of Network_Geo_F25-54_320 x 50_Click and View_NV_NA,204649939,10/13/2017,17188,492,16696,7116,9580,113,9467,8700,767,7229,6643,15343
TJN_HOM_008_HomeGoods Summer Digital_FY18,xAd Inc.,PHHXH0_TJN_HOM_008_Mobile_XAD INC_STANDALONE_RON_MOBILE APP_STANDARD_DISPLAY_320X50_GEO-FENCING_Run of Network_Behavioral_F25-54_320 x 50_Click and View_NV_NA,200587948,7/27/2017,1008,10,998,260,738,16,722,468,254,276,179,647
TJN_HOM_008_HomeGoods Summer Digital_FY18,Hulu,PHG79P_TJN_HOM_008_FEP_HULU_PageBrand_SPONSORSHIP_CROSS DEVICE_CUSTOM_VIDEO_1X1_1X1_N/A_N/A_N/A_SITE_N/A_Roadblock_Demo_F25-54_1 x 1_Click and View_NV_NA,201464250,8/7/2017,21,0,21,21,0,0,0,0,0,21,16,16
TJN_HOM_008_HomeGoods Summer Digital_FY18,xAd Inc.,PHHXGV_TJN_HOM_008_Mobile_XAD INC_CHILD_CONQUESTING_MOBILE APP_STANDARD_DISPLAY_300X250_GEO-FENCING_Run of Network_Geo_F25-54_300 x 250_Click and View_NV_NA,200573063,7/18/2017,14137,120,14017,12652,1365,135,1230,1210,20,12787,12579,13789
TJN_HOM_030_HomeGoods 2H Digital_F18,NinthDecimal,"PJQ7NK_TJN_HOM_030_Mobile_NINTHDECIMAL_DST_SV1_MAP_DIR_RCH_TRG_RON_BTG_DMA_DVY_TV TARGETING: HGTV, DIY NETWORK, BRAVO, TLC, FOOD NETWORK_Run of Network_Behavioral_F25-54_320 x 50_Click and View_NV_NA",204674553,11/12/2017,9797,88,9709,1305,8404,36,8368,8156,212,1341,1307,9463
TJN_HOM_008_HomeGoods Summer Digital_FY18,xAd Inc.,PHHXGY_TJN_HOM_008_Mobile_XAD INC_CHILD_LOYALTY_MOBILE APP_CUSTOM_RICH MEDIA_320X50_GEO-FENCING_Run of Network_Geo_F25-54_320 x 50_Click and View_NV_NA,200584630,8/19/2017,98213,1078,97135,68010,29125,312,28813,28236,577,68322,66954,95190
TJN_HOM_030_HomeGoods 2H Digital_F18,NinthDecimal,PJQ7NJ_TJN_HOM_030_Mobile_NINTHDECIMAL_DST_SV1_MAP_DIR_RCH_TRG_RON_BTG_DMA_DVY_CONSUMER JOURNEY: BARGAIN HUNTERS_Run of Network_Behavioral_F25-54_320 x 50_Click and View_NV_NA,204644353,9/11/2017,17514,344,17170,6469,10701,73,10628,10341,287,6542,6365,16706
TJN_HOM_030_HomeGoods 2H Digital_F18,NinthDecimal,PJQ7ND_TJN_HOM_030_Mobile_NINTHDECIMAL_DST_SV1_MAP_DIR_RCH_TRG_RON_BTG_DMA_DVY_CONSUMER JOURNEY: HOUSEHOLD CEO_Run of Network_Behavioral_F25-54_320 x 50_Click and View_NV_NA,204626294,10/9/2017,8961,161,8800,5529,3271,18,3253,3117,136,5547,5315,8432
TJN_HOM_030_HomeGoods 2H Digital_F18,xAd Inc.,PJQ7MJ_TJN_HOM_030_Mobile_GROUND TRUTH FKA XAD_DST_SV1_MAP_DIR_DSP_TRG_RON_PXT_BTG_DVY_PROXIMITY LOYALTY - STORE LOCATOR UNIT_Run of Network_Geo_F25-54_320 x 50_Click and View_NV_NA,204649939,9/19/2017,18817,552,18265,10874,7391,110,7281,6473,808,10984,9765,16238
TJN_HOM_030_HomeGoods 2H Digital_F18,NinthDecimal,PJQ7NF_TJN_HOM_030_Mobile_NINTHDECIMAL_DST_SV1_MAP_DIR_RCH_TRG_RON_BTG_DMA_DVY_CONSUMER JOURNEY: HOME FURNISHINGS SHOPPERS_Run of Network_Behavioral_F25-54_320 x 50_Click and View_NV_NA,204626291,9/1/2017,3,0,3,2,1,1,0,0,0,3,3,3
TJN_HOM_013_HomeGoods FEP_Q3FY18,Scripps Networks,PHNKCT_TJN_HOM_013_FEP_SCRIPPSNETWORKS.COM_TVE_Crossplatform_FEP_Demo_F25-54_1 x 1_Click and View_NV_NA,201878832,7/27/2017,929,8,921,921,0,0,0,0,0,921,,
TJN_HOM_008_HomeGoods Summer Digital_FY18,Hulu,PHG79P_TJN_HOM_008_FEP_HULU_PageBrand_SPONSORSHIP_CROSS DEVICE_CUSTOM_VIDEO_1X1_1X1_N/A_N/A_N/A_SITE_N/A_Roadblock_Demo_F25-54_1 x 1_Click and View_NV_NA,201464250,8/3/2017,22,0,22,22,0,0,0,0,0,22,18,18
TJN_HOM_030_HomeGoods 2H Digital_F18,xAd Inc.,PJQ7MS_TJN_HOM_030_Mobile_GROUND TRUTH FKA XAD_DST_SV1_MAP_DIR_DSP_TRG_RON_DMA_PXT_DVY_AV DMA TARGETING_Run of Network_Geo_F25-54_300 x 250_Click and View_NV_NA,204646501,9/11/2017,8497,165,8332,2866,5466,2356,3110,2111,999,5222,3545,5656
TJN_HOM_008_HomeGoods Summer Digital_FY18,xAd Inc.,PHHXGR_TJN_HOM_008_Mobile_XAD INC_CHILD_LOYALTY_MOBILE APP_STANDARD_DISPLAY_320X50_GEO-FENCING_Run of Network_Geo_F25-54_320 x 50_Click and View_NV_NA,200587518,8/21/2017,92560,1658,90902,45119,45783,1266,44517,37734,6783,46385,39317,77051
TJN_HOM_030_HomeGoods 2H Digital_F18,NinthDecimal,"PJQ7NK_TJN_HOM_030_Mobile_NINTHDECIMAL_DST_SV1_MAP_DIR_RCH_TRG_RON_BTG_DMA_DVY_TV TARGETING: HGTV, DIY NETWORK, BRAVO, TLC, FOOD NETWORK_Run of Network_Behavioral_F25-54_320 x 50_Click and View_NV_NA",204674553,10/9/2017,9323,97,9226,4972,4254,35,4219,4045,174,5007,4801,8846
TJN_HOM_025_HomeGoods Digital Video_Q4FY18,Tremor Video Inc.,PK6F30_TJN_HOM_025_OLV_TREMOR NETWORK_AWR_BS1_CTV_DIR_VID_TRG_RON_PXT_CTG_DVY_ALL SCREEN PREROLL + PROXIMITYPLUS DWELL TIME TARGETING TO HOMEGOODS VISITORS CTV_Run of Network_Behavioral_F25-54_1280 x 720_Standard_NV_NA,205942131,10/10/2017,711,2,709,709,0,0,0,0,0,709,0,0
TJN_HOM_008_HomeGoods Summer Digital_FY18,NinthDecimal,PHHXGQ_TJN_HOM_008_Mobile_NINTHDECIMAL_CHILD_PET OWNERS RETENTION_MOBILE APP_CUSTOM_DISPLAY_320X50_Run of Network_Behavioral_F25-54_320 x 50_Click and View_NV_NA,200578886,7/26/2017,1498,51,1447,285,1162,5,1157,1113,44,290,279,1392
TJN_HOM_030_HomeGoods 2H Digital_F18,xAd Inc.,PJQ7MP_TJN_HOM_030_Mobile_GROUND TRUTH FKA XAD_DST_SV1_MAP_DIR_DSP_TRG_RON_MKT_DMA_DVY_LOCATION - HOMEGOODS SHOPPERS - DYNAMIC DISTANCE_Run of Network_Geo_F25-54_300 x 250_Click and View_NV_NA,204647878,9/17/2017,3709,366,3343,3343,0,0,0,0,0,3343,3009,3009
TJN_HOM_013_HomeGoods FEP_Q3FY18,Discovery Digital Media,PHWLS7_TJN_HOM_013_Content_DISCOVERY NETWORKS_Full Episode Video Mobile Web_30s_FEP_Contextual_F25-54_1920 x 1080_Standard_NV_NA,201895019,7/24/2017,975,13,962,962,0,0,0,0,0,962,,
TJN_HOM_008_HomeGoods Summer Digital_FY18,NinthDecimal,PHHXGN_TJN_HOM_008_Mobile_NINTHDECIMAL_CHILD_LUXURY SHOPPERS RETENTION_MOBILE APP_CUSTOM_DISPLAY_320X50_Run of Network_Behavioral_F25-54_320 x 50_Click and View_NV_NA,200582901,7/27/2017,3126,86,3040,324,2716,20,2696,2389,307,344,305,2694
TJN_HOM_008_HomeGoods Summer Digital_FY18,Hulu,PHG79G_TJN_HOM_008_FEP_HULU_ROS Pre-roll_CROSS DEVICE_PRE-ROLL_VIDEO_1920X1080_VAST_AUDIENCE_N/A_N/A_3RD PARTY_N/A_Run of Site_Demo_F25-54_1920 x 1080_Standard_NV_NA,201466946,8/28/2017,20132,143,19989,19989,0,0,0,0,0,19989,19414,19414
TJN_HOM_030_HomeGoods 2H Digital_F18,xAd Inc.,PJQ7MS_TJN_HOM_030_Mobile_GROUND TRUTH FKA XAD_DST_SV1_MAP_DIR_DSP_TRG_RON_DMA_PXT_DVY_AV DMA TARGETING_Run of Network_Geo_F25-54_300 x 250_Click and View_NV_NA,204646501,10/2/2017,3,0,3,2,1,1,0,0,0,3,3,3
TJN_HOM_008_HomeGoods Summer Digital_FY18,Hulu,PHG79P_TJN_HOM_008_FEP_HULU_PageBrand_SPONSORSHIP_CROSS DEVICE_CUSTOM_VIDEO_1X1_1X1_N/A_N/A_N/A_SITE_N/A_Roadblock_Demo_F25-54_1 x 1_Click and View_NV_NA,201464250,8/31/2017,214,6,208,208,0,0,0,0,0,208,200,200
TJN_HOM_008_HomeGoods Summer Digital_FY18,xAd Inc.,PHHXGS_TJN_HOM_008_Mobile_XAD INC_CHILD_LOYALTY_MOBILE APP_STANDARD_DISPLAY_300X250_GEO-FENCING_Run of Network_Geo_F25-54_300 x 250_Click and View_NV_NA,200583064,8/1/2017,17713,510,17203,644,16559,15290,1269,1212,57,15934,15218,16430
TJN_HOM_013_HomeGoods FEP_Q3FY18,Discovery Digital Media,PHWLS6_TJN_HOM_013_Content_DISCOVERY NETWORKS_Full Episode Video Mobile App_30s_FEP_Contextual_F25-54_1920 x 1080_Standard_NV_NA,201891425,8/30/2017,23889,287,23602,23602,0,0,0,0,0,23602,,
TJN_HOM_030_HomeGoods 2H Digital_F18,NinthDecimal,PJQ7NG_TJN_HOM_030_Mobile_NINTHDECIMAL_DST_SV1_MAP_DIR_RCH_TRG_RON_BTG_DMA_DVY_CONSUMER JOURNEY: NEW HOME BUYERS & MOVERS_Run of Network_Behavioral_F25-54_320 x 50_Click and View_NV_NA,204625835,11/3/2017,2294,36,2258,373,1885,12,1873,1804,69,385,371,2175
TJN_HOM_030_HomeGoods 2H Digital_F18,xAd Inc.,PJQ7MS_TJN_HOM_030_Mobile_GROUND TRUTH FKA XAD_DST_SV1_MAP_DIR_DSP_TRG_RON_DMA_PXT_DVY_AV DMA TARGETING_Run of Network_Geo_F25-54_300 x 250_Click and View_NV_NA,204646501,9/23/2017,7833,126,7707,5057,2650,1195,1455,1086,369,6252,4665,5751
TJN_HOM_008_HomeGoods Summer Digital_FY18,xAd Inc.,PHHXGY_TJN_HOM_008_Mobile_XAD INC_CHILD_LOYALTY_MOBILE APP_CUSTOM_RICH MEDIA_320X50_GEO-FENCING_Run of Network_Geo_F25-54_320 x 50_Click and View_NV_NA,200584630,8/2/2017,20149,213,19936,12688,7248,53,7195,7057,138,12741,12497,19554
TJN_HOM_013_HomeGoods FEP_Q3FY18,Scripps Networks,PHNKCR_TJN_HOM_013_FEP_SCRIPPSNETWORKS.COM_On-site_Crossplatform_FEP_Demo_F25-54_1280 x 720_Standard_NV_NA,201888442,8/14/2017,79,0,79,79,0,0,0,0,0,79,,
TJN_HOM_030_HomeGoods 2H Digital_F18,xAd Inc.,PJQ7MN_TJN_HOM_030_Mobile_GROUND TRUTH FKA XAD_DST_SV1_MAP_DIR_DSP_TRG_RON_MKT_DMA_DVY_LOCATION - HOMEGOODS SHOPPERS - DYNAMIC DISTANCE_Run of Network_Geo_F25-54_320 x 50_Click and View_NV_NA,204651439,10/19/2017,5267,51,5216,4814,402,14,388,309,79,4828,3560,3869
TJN_HOM_030_HomeGoods 2H Digital_F18,xAd Inc.,PJQ7MK_TJN_HOM_030_Mobile_GROUND TRUTH FKA XAD_DST_SV1_MAP_DIR_DSP_TRG_RON_PXT_BTG_DVY_PROXIMITY LOYALTY - STORE LOCATOR UNIT_Run of Network_Geo_F25-54_300 x 250_Click and View_NV_NA,204625442,10/28/2017,4622,38,4584,961,3623,9,3614,3422,192,970,918,4340
TJN_HOM_008_HomeGoods Summer Digital_FY18,NinthDecimal,PHHXGQ_TJN_HOM_008_Mobile_NINTHDECIMAL_CHILD_PET OWNERS RETENTION_MOBILE APP_CUSTOM_DISPLAY_320X50_Run of Network_Behavioral_F25-54_320 x 50_Click and View_NV_NA,200578886,7/31/2017,2876,135,2741,414,2327,5,2322,2173,149,419,392,2565
TJN_HOM_030_HomeGoods 2H Digital_F18,xAd Inc.,PJQ7MG_TJN_HOM_030_Mobile_GROUND TRUTH FKA XAD_DST_SV1_MAP_DIR_DSP_TRG_RON_PXT_BTG_DVY_PROXIMITY LOYALTY - DYNAMIC DISTANCE_Run of Network_Geo_F25-54_320 x 50_Click and View_NV_NA,204626813,9/4/2017,1,0,1,0,1,0,1,1,0,0,0,1
TJN_HOM_030_HomeGoods 2H Digital_F18,NinthDecimal,PJQ7NC_TJN_HOM_030_Mobile_NINTHDECIMAL_DST_SV1_MAP_DIR_RCH_TRG_RON_BTG_DMA_DVY_CONSUMER JOURNEY: DIYERS_Run of Network_Behavioral_F25-54_320 x 50_Click and View_NV_NA,204675009,9/21/2017,8578,204,8374,3021,5353,23,5330,5194,136,3044,2966,8160
TJN_HOM_013_HomeGoods FEP_Q3FY18,Scripps Networks,PHNKCR_TJN_HOM_013_FEP_SCRIPPSNETWORKS.COM_On-site_Crossplatform_FEP_Demo_F25-54_1280 x 720_Standard_NV_NA,201888442,9/4/2017,5756,10,5746,5746,0,0,0,0,0,5746,,
TJN_HOM_008_HomeGoods Summer Digital_FY18,xAd Inc.,PHHXGS_TJN_HOM_008_Mobile_XAD INC_CHILD_LOYALTY_MOBILE APP_STANDARD_DISPLAY_300X250_GEO-FENCING_Run of Network_Geo_F25-54_300 x 250_Click and View_NV_NA,200583064,7/29/2017,21517,16274,5243,2137,3106,1014,2092,2048,44,3151,3085,5133
TJN_HOM_025_HomeGoods Digital Video_Q4FY18,Tremor Video Inc.,PK1FYN_TJN_HOM_025_OLV_TREMOR NETWORK_AWR_BS1_DSK_DIR_VID_TRG_RON_PXT_CTG_DVY_ALL SCREEN PREROLL + PROXIMITYPLUS DWELL TIME TARGETING TO HOMEGOODS VISITORS DESKTOP_Run of Network_Behavioral_F25-54_1280 x 720_Standard_NV_NA,205941312,10/8/2017,251109,145,250964,45856,205108,3681,201427,56452,144975,49537,13883,70335
TJN_HOM_008_HomeGoods Summer Digital_FY18,xAd Inc.,PHHXH0_TJN_HOM_008_Mobile_XAD INC_STANDALONE_RON_MOBILE APP_STANDARD_DISPLAY_320X50_GEO-FENCING_Run of Network_Behavioral_F25-54_320 x 50_Click and View_NV_NA,200587948,8/4/2017,13,0,13,0,13,6,7,1,6,6,1,2
TJN_HOM_013_HomeGoods FEP_Q3FY18,Discovery Digital Media,PHWLS8_TJN_HOM_013_Content_DISCOVERY NETWORKS_Full Episode Video Tablet Web_30s_FEP_Contextual_F25-54_1920 x 1080_Standard_NV_NA,201899695,9/25/2017,833,25,808,808,0,0,0,0,0,808,,
TJN_HOM_030_HomeGoods 2H Digital_F18,NinthDecimal,PJQ7NJ_TJN_HOM_030_Mobile_NINTHDECIMAL_DST_SV1_MAP_DIR_RCH_TRG_RON_BTG_DMA_DVY_CONSUMER JOURNEY: BARGAIN HUNTERS_Run of Network_Behavioral_F25-54_320 x 50_Click and View_NV_NA,204644353,10/1/2017,7626,128,7498,3372,4126,17,4109,4000,109,3389,3299,7299
TJN_HOM_030_HomeGoods 2H Digital_F18,NinthDecimal,PJQ7NB_TJN_HOM_030_Mobile_NINTHDECIMAL_DST_SV1_MAP_DIR_RCH_TRG_RON_BTG_PXT_DVY_LOCATION GRAPH: COMPETITIVE CONQUESTING_Run of Network_Behavioral_F25-54_320 x 50_Click and View_NV_NA,204649942,9/10/2017,3136,55,3081,1669,1412,13,1399,1356,43,1682,1630,2986
TJN_HOM_030_HomeGoods 2H Digital_F18,NinthDecimal,PJQ7N8_TJN_HOM_030_Mobile_NINTHDECIMAL_DST_SV1_MAP_DIR_RCH_TRG_RON_BTG_PXT_DVY_LOCATION GRAPH: HOMEGOODS LOYALISTS_Run of Network_Behavioral_F25-54_320 x 50_Click and View_NV_NA,204675012,10/16/2017,14459,187,14272,4561,9711,62,9649,9294,355,4623,4453,13747
TJN_HOM_030_HomeGoods 2H Digital_F18,NinthDecimal,PJQ7NF_TJN_HOM_030_Mobile_NINTHDECIMAL_DST_SV1_MAP_DIR_RCH_TRG_RON_BTG_DMA_DVY_CONSUMER JOURNEY: HOME FURNISHINGS SHOPPERS_Run of Network_Behavioral_F25-54_320 x 50_Click and View_NV_NA,204626291,9/15/2017,10793,249,10544,3186,7358,46,7312,7169,143,3232,3169,10338
TJN_HOM_030_HomeGoods 2H Digital_F18,NinthDecimal,PJQ7NJ_TJN_HOM_030_Mobile_NINTHDECIMAL_DST_SV1_MAP_DIR_RCH_TRG_RON_BTG_DMA_DVY_CONSUMER JOURNEY: BARGAIN HUNTERS_Run of Network_Behavioral_F25-54_320 x 50_Click and View_NV_NA,204644353,10/2/2017,7311,154,7157,3600,3557,24,3533,3432,101,3624,3520,6952
TJN_HOM_013_HomeGoods FEP_Q3FY18,Discovery Digital Media,PHWLS9_TJN_HOM_013_Content_DISCOVERY NETWORKS_Full Episode Video OTT/CTV_30s_FEP_Contextual_F25-54_1920 x 1080_Standard_NV_NA,201891428,7/20/2017,14685,43,14642,14642,0,0,0,0,0,14642,,
TJN_HOM_013_HomeGoods FEP_Q3FY18,Discovery Digital Media,PHWLS8_TJN_HOM_013_Content_DISCOVERY NETWORKS_Full Episode Video Tablet Web_30s_FEP_Contextual_F25-54_1920 x 1080_Standard_NV_NA,201899695,7/30/2017,428,6,422,422,0,0,0,0,0,422,,
TJN_HOM_008_HomeGoods Summer Digital_FY18,NinthDecimal,PHHXGN_TJN_HOM_008_Mobile_NINTHDECIMAL_CHILD_LUXURY SHOPPERS RETENTION_MOBILE APP_CUSTOM_DISPLAY_320X50_Run of Network_Behavioral_F25-54_320 x 50_Click and View_NV_NA,200582901,8/4/2017,3003,28,2975,292,2683,22,2661,2290,371,314,270,2560
TJN_HOM_025_HomeGoods Digital Video_Q4FY18,Tremor Video Inc.,PK6F30_TJN_HOM_025_OLV_TREMOR NETWORK_AWR_BS1_CTV_DIR_VID_TRG_RON_PXT_CTG_DVY_ALL SCREEN PREROLL + PROXIMITYPLUS DWELL TIME TARGETING TO HOMEGOODS VISITORS CTV_Run of Network_Behavioral_F25-54_1280 x 720_Standard_NV_NA,205942131,10/12/2017,21542,0,21542,21542,0,0,0,0,0,21542,0,0
TJN_HOM_030_HomeGoods 2H Digital_F18,NinthDecimal,PJQ7NJ_TJN_HOM_030_Mobile_NINTHDECIMAL_DST_SV1_MAP_DIR_RCH_TRG_RON_BTG_DMA_DVY_CONSUMER JOURNEY: BARGAIN HUNTERS_Run of Network_Behavioral_F25-54_320 x 50_Click and View_NV_NA,204644353,9/23/2017,8964,176,8788,3030,5758,22,5736,5609,127,3052,2984,8593
TJN_HOM_008_HomeGoods Summer Digital_FY18,xAd Inc.,PHHXGX_TJN_HOM_008_Mobile_XAD INC_CHILD_LOCATION AUDIENCE-HOMEGOODS SHOPPERS_MOBILE APP_STANDARD_DISPLAY_300X250_Run of Network_Behavioral_F25-54_300 x 250_Click and View_NV_NA,200587524,8/21/2017,8266,2119,6147,111,6036,6032,4,4,0,6143,6143,6147
TJN_HOM_008_HomeGoods Summer Digital_FY18,NinthDecimal,PHHXGM_TJN_HOM_008_Mobile_NINTHDECIMAL_CHILD_LUXURY SHOPPERS PROSPECTING_MOBILE APP_CUSTOM_DISPLAY_320X50_Run of Network_Behavioral_F25-54_320 x 50_Click and View_NV_NA,200581998,8/16/2017,34901,834,34067,9647,24420,204,24216,23411,805,9851,9524,32935
TJN_HOM_008_HomeGoods Summer Digital_FY18,Hulu,Rolled-up Placements,N/A,7/12/2017,377759,5131,372628,372628,0,0,0,0,0,372628,358383,358383
TJN_HOM_025_HomeGoods Digital Video_Q4FY18,Tremor Video Inc.,PK1FYN_TJN_HOM_025_OLV_TREMOR NETWORK_AWR_BS1_DSK_DIR_VID_TRG_RON_PXT_CTG_DVY_ALL SCREEN PREROLL + PROXIMITYPLUS DWELL TIME TARGETING TO HOMEGOODS VISITORS DESKTOP_Run of Network_Behavioral_F25-54_1280 x 720_Standard_NV_NA,205941312,10/29/2017,19887,30,19857,17903,1954,50,1904,843,1061,17953,7949,8792
TJN_HOM_008_HomeGoods Summer Digital_FY18,NinthDecimal,PHHXGP_TJN_HOM_008_Mobile_NINTHDECIMAL_CHILD_PET OWNERS PROSPECTING_MOBILE APP_CUSTOM_DISPLAY_320X50_Run of Network_Behavioral_F25-54_320 x 50_Click and View_NV_NA,200586375,8/21/2017,29725,322,29403,5225,24178,118,24060,22510,1550,5343,4999,27509
TJN_HOM_030_HomeGoods 2H Digital_F18,xAd Inc.,PJQ7MS_TJN_HOM_030_Mobile_GROUND TRUTH FKA XAD_DST_SV1_MAP_DIR_DSP_TRG_RON_DMA_PXT_DVY_AV DMA TARGETING_Run of Network_Geo_F25-54_300 x 250_Click and View_NV_NA,204646501,10/1/2017,3,0,3,2,1,1,0,0,0,3,3,3
TJN_HOM_008_HomeGoods Summer Digital_FY18,Hulu,PHG79G_TJN_HOM_008_FEP_HULU_ROS Pre-roll_CROSS DEVICE_PRE-ROLL_VIDEO_1920X1080_VAST_AUDIENCE_N/A_N/A_3RD PARTY_N/A_Run of Site_Demo_F25-54_1920 x 1080_Standard_NV_NA,201466946,9/28/2017,9360,58,9302,9302,0,0,0,0,0,9302,8295,8295
TJN_HOM_013_HomeGoods FEP_Q3FY18,Scripps Networks,PHNKCT_TJN_HOM_013_FEP_SCRIPPSNETWORKS.COM_TVE_Crossplatform_FEP_Demo_F25-54_1 x 1_Click and View_NV_NA,201878832,8/4/2017,2282,7,2275,2275,0,0,0,0,0,2275,,
TJN_HOM_030_HomeGoods 2H Digital_F18,NinthDecimal,PJQ7N5_TJN_HOM_030_Mobile_NINTHDECIMAL_DST_SV1_MAP_DIR_RCH_TRG_RON_PXT_DMA_DVY_GEOFENCE: 2-MILE RADIUS AROUND URBAN STORES_Run of Network_Geo_F25-54_320 x 50_Click and View_NV_NA,204649945,10/12/2017,8197,233,7964,4303,3661,28,3633,3515,118,4331,4190,7705
TJN_HOM_030_HomeGoods 2H Digital_F18,NinthDecimal,PJQ7ND_TJN_HOM_030_Mobile_NINTHDECIMAL_DST_SV1_MAP_DIR_RCH_TRG_RON_BTG_DMA_DVY_CONSUMER JOURNEY: HOUSEHOLD CEO_Run of Network_Behavioral_F25-54_320 x 50_Click and View_NV_NA,204626294,10/25/2017,8007,131,7876,1584,6292,192,6100,5944,156,1776,1731,7675
TJN_HOM_030_HomeGoods 2H Digital_F18,NinthDecimal,PJQ7NB_TJN_HOM_030_Mobile_NINTHDECIMAL_DST_SV1_MAP_DIR_RCH_TRG_RON_BTG_PXT_DVY_LOCATION GRAPH: COMPETITIVE CONQUESTING_Run of Network_Behavioral_F25-54_320 x 50_Click and View_NV_NA,204649942,9/29/2017,1022,15,1007,379,628,4,624,615,9,383,377,992
TJN_HOM_025_HomeGoods Digital Video_Q4FY18,Tremor Video Inc.,PK6DWD_TJN_HOM_025_OLV_TREMOR NETWORK_AWR_BS1_MAP_DIR_VID_TRG_RON_BTG_CTG_DVY_ALL SCREEN PREROLL + SOCIAL AFFINITY TARGETING TO W25-54 HOME ENTHUSIASTS MOB/TAB APP_Run of Network_Behavioral_F25-54_1280 x 720_Standard_NV_NA,205941321,11/4/2017,240939,283,240656,240655,1,0,1,1,0,240655,240655,240656
TJN_HOM_025_HomeGoods Digital Video_Q4FY18,Tremor Video Inc.,PK6DWD_TJN_HOM_025_OLV_TREMOR NETWORK_AWR_BS1_MAP_DIR_VID_TRG_RON_BTG_CTG_DVY_ALL SCREEN PREROLL + SOCIAL AFFINITY TARGETING TO W25-54 HOME ENTHUSIASTS MOB/TAB APP_Run of Network_Behavioral_F25-54_1280 x 720_Standard_NV_NA,205941321,11/6/2017,146427,80,146347,146347,0,0,0,0,0,146347,52555,52555
TJN_HOM_030_HomeGoods 2H Digital_F18,NinthDecimal,PJQ7NF_TJN_HOM_030_Mobile_NINTHDECIMAL_DST_SV1_MAP_DIR_RCH_TRG_RON_BTG_DMA_DVY_CONSUMER JOURNEY: HOME FURNISHINGS SHOPPERS_Run of Network_Behavioral_F25-54_320 x 50_Click and View_NV_NA,204626291,11/11/2017,8243,151,8092,1304,6788,31,6757,6573,184,1335,1299,7872
TJN_HOM_030_HomeGoods 2H Digital_F18,xAd Inc.,PJQ7MK_TJN_HOM_030_Mobile_GROUND TRUTH FKA XAD_DST_SV1_MAP_DIR_DSP_TRG_RON_PXT_BTG_DVY_PROXIMITY LOYALTY - STORE LOCATOR UNIT_Run of Network_Geo_F25-54_300 x 250_Click and View_NV_NA,204625442,10/7/2017,1903,12,1891,54,1837,8,1829,1637,192,62,55,1692
TJN_HOM_013_HomeGoods FEP_Q3FY18,Discovery Digital Media,PHWLS5_TJN_HOM_013_Content_DISCOVERY NETWORKS_Full Episode Video Desktop_30s_FEP_Contextual_F25-54_1920 x 1080_Standard_NV_NA,201895013,8/26/2017,4049,66,3983,3983,0,0,0,0,0,3983,,
TJN_HOM_030_HomeGoods 2H Digital_F18,xAd Inc.,PJQ7MG_TJN_HOM_030_Mobile_GROUND TRUTH FKA XAD_DST_SV1_MAP_DIR_DSP_TRG_RON_PXT_BTG_DVY_PROXIMITY LOYALTY - DYNAMIC DISTANCE_Run of Network_Geo_F25-54_320 x 50_Click and View_NV_NA,204626813,10/12/2017,67429,2164,65265,57725,7540,1001,6539,5362,1177,58726,46774,52136
TJN_HOM_030_HomeGoods 2H Digital_F18,NinthDecimal,PJQ7NG_TJN_HOM_030_Mobile_NINTHDECIMAL_DST_SV1_MAP_DIR_RCH_TRG_RON_BTG_DMA_DVY_CONSUMER JOURNEY: NEW HOME BUYERS & MOVERS_Run of Network_Behavioral_F25-54_320 x 50_Click and View_NV_NA,204625835,11/7/2017,4711,90,4621,425,4196,16,4180,3995,185,441,421,4416
TJN_HOM_030_HomeGoods 2H Digital_F18,NinthDecimal,PJQ7NG_TJN_HOM_030_Mobile_NINTHDECIMAL_DST_SV1_MAP_DIR_RCH_TRG_RON_BTG_DMA_DVY_CONSUMER JOURNEY: NEW HOME BUYERS & MOVERS_Run of Network_Behavioral_F25-54_320 x 50_Click and View_NV_NA,204625835,11/1/2017,10208,155,10053,894,9159,45,9114,8879,235,939,915,9794
TJN_HOM_030_HomeGoods 2H Digital_F18,NinthDecimal,PJQ7N6_TJN_HOM_030_Mobile_NINTHDECIMAL_DST_SV1_MAP_DIR_RCH_TRG_RON_PXT_DMA_DVY_GEOFENCE: 5-10-MILE RADIUS AROUND SUBURBAN STORES_Run of Network_Geo_F25-54_320 x 50_Click and View_NV_NA,204646507,10/8/2017,9123,259,8864,5988,2876,22,2854,2783,71,6010,5860,8643
TJN_HOM_030_HomeGoods 2H Digital_F18,NinthDecimal,"PJQ7NK_TJN_HOM_030_Mobile_NINTHDECIMAL_DST_SV1_MAP_DIR_RCH_TRG_RON_BTG_DMA_DVY_TV TARGETING: HGTV, DIY NETWORK, BRAVO, TLC, FOOD NETWORK_Run of Network_Behavioral_F25-54_320 x 50_Click and View_NV_NA",204674553,10/25/2017,7874,105,7769,1973,5796,158,5638,5399,239,2131,2041,7440
TJN_HOM_013_HomeGoods FEP_Q3FY18,Discovery Digital Media,PHWLS5_TJN_HOM_013_Content_DISCOVERY NETWORKS_Full Episode Video Desktop_30s_FEP_Contextual_F25-54_1920 x 1080_Standard_NV_NA,201895013,9/2/2017,3894,124,3770,3770,0,0,0,0,0,3770,,
TJN_HOM_030_HomeGoods 2H Digital_F18,xAd Inc.,PJQ7MR_TJN_HOM_030_Mobile_GROUND TRUTH FKA XAD_DST_SV1_MAP_DIR_DSP_TRG_RON_MKT_DMA_DVY_LOCATION - COMPETITOR SHOPPERS - DYNAMIC DISTANCE_Run of Network_Geo_F25-54_300 x 250_Click and View_NV_NA,204647890,9/5/2017,3399,82,3317,3312,5,0,5,4,1,3312,2650,2654
TJN_HOM_030_HomeGoods 2H Digital_F18,xAd Inc.,PJQ7MN_TJN_HOM_030_Mobile_GROUND TRUTH FKA XAD_DST_SV1_MAP_DIR_DSP_TRG_RON_MKT_DMA_DVY_LOCATION - HOMEGOODS SHOPPERS - DYNAMIC DISTANCE_Run of Network_Geo_F25-54_320 x 50_Click and View_NV_NA,204651439,9/11/2017,8251,145,8106,6748,1358,223,1135,1049,86,6971,5305,6354
TJN_HOM_030_HomeGoods 2H Digital_F18,NinthDecimal,PJQ7ND_TJN_HOM_030_Mobile_NINTHDECIMAL_DST_SV1_MAP_DIR_RCH_TRG_RON_BTG_DMA_DVY_CONSUMER JOURNEY: HOUSEHOLD CEO_Run of Network_Behavioral_F25-54_320 x 50_Click and View_NV_NA,204626294,10/3/2017,3325,74,3251,2353,898,14,884,861,23,2367,2305,3166
TJN_HOM_030_HomeGoods 2H Digital_F18,Nativo Inc.,PK87W8_TJN_HOM_030_Content_NATIVO FKA POST RLSE_DSI_BS2_MWB_DIR_NAD_ROT_RON_CTG_BTG_DVY_NATIVE DISPLAY UNIT FALL TRENDS_Run of Network_Contextual_F25-54_1 x 1_Click and View_NV_NA,206137761,10/30/2017,804051,35088,768963,10883,758080,65879,692201,255948,436253,76762,28383,284331
TJN_HOM_030_HomeGoods 2H Digital_F18,xAd Inc.,PJQ7MK_TJN_HOM_030_Mobile_GROUND TRUTH FKA XAD_DST_SV1_MAP_DIR_DSP_TRG_RON_PXT_BTG_DVY_PROXIMITY LOYALTY - STORE LOCATOR UNIT_Run of Network_Geo_F25-54_300 x 250_Click and View_NV_NA,204625442,9/8/2017,1371,40,1331,12,1319,8,1311,1267,44,20,19,1286
TJN_HOM_008_HomeGoods Summer Digital_FY18,xAd Inc.,PHHXGV_TJN_HOM_008_Mobile_XAD INC_CHILD_CONQUESTING_MOBILE APP_STANDARD_DISPLAY_300X250_GEO-FENCING_Run of Network_Geo_F25-54_300 x 250_Click and View_NV_NA,200573063,8/19/2017,48583,1688,46895,1144,45751,45626,125,121,4,46770,45273,45394
TJN_HOM_030_HomeGoods 2H Digital_F18,NinthDecimal,"PJQ7NK_TJN_HOM_030_Mobile_NINTHDECIMAL_DST_SV1_MAP_DIR_RCH_TRG_RON_BTG_DMA_DVY_TV TARGETING: HGTV, DIY NETWORK, BRAVO, TLC, FOOD NETWORK_Run of Network_Behavioral_F25-54_320 x 50_Click and View_NV_NA",204674553,10/3/2017,3089,42,3047,2333,714,24,690,672,18,2357,2296,2968
TJN_HOM_008_HomeGoods Summer Digital_FY18,Hulu,PHG79J_TJN_HOM_008_FEP_HULU_Branded Slate_ROS_CROSS DEVICE_PRE-ROLL_CUSTOM_VECTOR LOGO_1X1_AUDIENCE_N/A_N/A_SITE_N/A_Run of Site_Demo_F25-54_1 x 1_Click and View_NV_NA,201467345,7/20/2017,1809,13,1796,1796,0,0,0,0,0,1796,1671,1671
TJN_HOM_008_HomeGoods Summer Digital_FY18,xAd Inc.,PHHXGY_TJN_HOM_008_Mobile_XAD INC_CHILD_LOYALTY_MOBILE APP_CUSTOM_RICH MEDIA_320X50_GEO-FENCING_Run of Network_Geo_F25-54_320 x 50_Click and View_NV_NA,200584630,7/18/2017,22191,147,22044,21447,597,54,543,498,45,21501,19719,20217
TJN_HOM_008_HomeGoods Summer Digital_FY18,Hulu,PHG79G_TJN_HOM_008_FEP_HULU_ROS Pre-roll_CROSS DEVICE_PRE-ROLL_VIDEO_1920X1080_VAST_AUDIENCE_N/A_N/A_3RD PARTY_N/A_Run of Site_Demo_F25-54_1920 x 1080_Standard_NV_NA,201466946,9/14/2017,14846,127,14719,14719,0,0,0,0,0,14719,13125,13125
TJN_HOM_030_HomeGoods 2H Digital_F18,NinthDecimal,PJQ7N6_TJN_HOM_030_Mobile_NINTHDECIMAL_DST_SV1_MAP_DIR_RCH_TRG_RON_PXT_DMA_DVY_GEOFENCE: 5-10-MILE RADIUS AROUND SUBURBAN STORES_Run of Network_Geo_F25-54_320 x 50_Click and View_NV_NA,204646507,10/29/2017,5163,136,5027,535,4492,7,4485,4419,66,542,534,4953
TJN_HOM_030_HomeGoods 2H Digital_F18,xAd Inc.,PJQ7MQ_TJN_HOM_030_Mobile_GROUND TRUTH FKA XAD_DST_SV1_MAP_DIR_DSP_TRG_RON_MKT_DMA_DVY_LOCATION - COMPETITOR SHOPPERS - DYNAMIC DISTANCE_Run of Network_Geo_F25-54_320 x 50_Click and View_NV_NA,204617210,9/16/2017,14151,160,13991,9954,4037,2575,1462,1355,107,12529,10751,12106
TJN_HOM_030_HomeGoods 2H Digital_F18,NinthDecimal,PJQ7ND_TJN_HOM_030_Mobile_NINTHDECIMAL_DST_SV1_MAP_DIR_RCH_TRG_RON_BTG_DMA_DVY_CONSUMER JOURNEY: HOUSEHOLD CEO_Run of Network_Behavioral_F25-54_320 x 50_Click and View_NV_NA,204626294,10/1/2017,10229,201,10028,4203,5825,17,5808,5686,122,4220,4131,9817
TJN_HOM_030_HomeGoods 2H Digital_F18,xAd Inc.,PJQ7MN_TJN_HOM_030_Mobile_GROUND TRUTH FKA XAD_DST_SV1_MAP_DIR_DSP_TRG_RON_MKT_DMA_DVY_LOCATION - HOMEGOODS SHOPPERS - DYNAMIC DISTANCE_Run of Network_Geo_F25-54_320 x 50_Click and View_NV_NA,204651439,9/26/2017,76448,1364,75084,41423,33661,1556,32105,23715,8390,42979,29078,52793
TJN_HOM_008_HomeGoods Summer Digital_FY18,Hulu,PHG79J_TJN_HOM_008_FEP_HULU_Branded Slate_ROS_CROSS DEVICE_PRE-ROLL_CUSTOM_VECTOR LOGO_1X1_AUDIENCE_N/A_N/A_SITE_N/A_Run of Site_Demo_F25-54_1 x 1_Click and View_NV_NA,201467345,9/3/2017,7672,42,7630,7630,0,0,0,0,0,7630,7341,7341
TJN_HOM_030_HomeGoods 2H Digital_F18,NinthDecimal,"PJQ7NK_TJN_HOM_030_Mobile_NINTHDECIMAL_DST_SV1_MAP_DIR_RCH_TRG_RON_BTG_DMA_DVY_TV TARGETING: HGTV, DIY NETWORK, BRAVO, TLC, FOOD NETWORK_Run of Network_Behavioral_F25-54_320 x 50_Click and View_NV_NA",204674553,10/1/2017,4437,64,4373,1842,2531,13,2518,2428,90,1855,1789,4217
TJN_HOM_008_HomeGoods Summer Digital_FY18,Hulu,PHG79G_TJN_HOM_008_FEP_HULU_ROS Pre-roll_CROSS DEVICE_PRE-ROLL_VIDEO_1920X1080_VAST_AUDIENCE_N/A_N/A_3RD PARTY_N/A_Run of Site_Demo_F25-54_1920 x 1080_Standard_NV_NA,201466946,8/5/2017,17848,170,17678,17678,0,0,0,0,0,17678,14947,14947
TJN_HOM_030_HomeGoods 2H Digital_F18,NinthDecimal,PJQ7NH_TJN_HOM_030_Mobile_NINTHDECIMAL_DST_SV1_MAP_DIR_RCH_TRG_RON_BTG_DMA_DVY_CONSUMER JOURNEY: PET SUPPLY SHOPPERS_Run of Network_Behavioral_F25-54_320 x 50_Click and View_NV_NA,204647914,9/16/2017,8551,144,8407,2632,5775,33,5742,5527,215,2665,2565,8092
TJN_HOM_030_HomeGoods 2H Digital_F18,xAd Inc.,PJQ7MH_TJN_HOM_030_Mobile_GROUND TRUTH FKA XAD_DST_SV1_MAP_DIR_DSP_TRG_RON_PXT_BTG_DVY_PROXIMITY LOYALTY - DYNAMIC DISTANCE_Run of Network_Geo_F25-54_300 x 250_Click and View_NV_NA,204675003,9/1/2017,25,0,25,0,25,1,24,24,0,1,1,25
TJN_HOM_013_HomeGoods FEP_Q3FY18,Discovery Digital Media,PHWLS8_TJN_HOM_013_Content_DISCOVERY NETWORKS_Full Episode Video Tablet Web_30s_FEP_Contextual_F25-54_1920 x 1080_Standard_NV_NA,201899695,8/25/2017,822,6,816,816,0,0,0,0,0,816,,
TJN_HOM_030_HomeGoods 2H Digital_F18,xAd Inc.,PJQ7MK_TJN_HOM_030_Mobile_GROUND TRUTH FKA XAD_DST_SV1_MAP_DIR_DSP_TRG_RON_PXT_BTG_DVY_PROXIMITY LOYALTY - STORE LOCATOR UNIT_Run of Network_Geo_F25-54_300 x 250_Click and View_NV_NA,204625442,11/8/2017,10936,126,10810,1058,9752,28,9724,9106,618,1086,1017,10123
TJN_HOM_030_HomeGoods 2H Digital_F18,NinthDecimal,"PJQ7NK_TJN_HOM_030_Mobile_NINTHDECIMAL_DST_SV1_MAP_DIR_RCH_TRG_RON_BTG_DMA_DVY_TV TARGETING: HGTV, DIY NETWORK, BRAVO, TLC, FOOD NETWORK_Run of Network_Behavioral_F25-54_320 x 50_Click and View_NV_NA",204674553,9/23/2017,5980,113,5867,2093,3774,22,3752,3639,113,2115,2051,5690
TJN_HOM_030_HomeGoods 2H Digital_F18,xAd Inc.,PJQ7MM_TJN_HOM_030_Mobile_GROUND TRUTH FKA XAD_DST_SV1_MAP_DIR_DSP_TRG_RON_BTG_DMA_DVY_BEHAVIORAL - HOME SHOPPER- DYNAMIC DISTANCE_Run of Network_Behavioral_F25-54_300 x 250_Click and View_NV_NA,204626171,9/29/2017,18762,1108,17654,17630,24,5,19,14,5,17635,12967,12981
TJN_HOM_008_HomeGoods Summer Digital_FY18,Hulu,PHG79G_TJN_HOM_008_FEP_HULU_ROS Pre-roll_CROSS DEVICE_PRE-ROLL_VIDEO_1920X1080_VAST_AUDIENCE_N/A_N/A_3RD PARTY_N/A_Run of Site_Demo_F25-54_1920 x 1080_Standard_NV_NA,201466946,9/5/2017,84,0,84,84,0,0,0,0,0,84,81,81
TJN_HOM_013_HomeGoods FEP_Q3FY18,Discovery Digital Media,PHWLS8_TJN_HOM_013_Content_DISCOVERY NETWORKS_Full Episode Video Tablet Web_30s_FEP_Contextual_F25-54_1920 x 1080_Standard_NV_NA,201899695,7/25/2017,1181,6,1175,1175,0,0,0,0,0,1175,,
TJN_HOM_030_HomeGoods 2H Digital_F18,NinthDecimal,"PJQ7NK_TJN_HOM_030_Mobile_NINTHDECIMAL_DST_SV1_MAP_DIR_RCH_TRG_RON_BTG_DMA_DVY_TV TARGETING: HGTV, DIY NETWORK, BRAVO, TLC, FOOD NETWORK_Run of Network_Behavioral_F25-54_320 x 50_Click and View_NV_NA",204674553,10/2/2017,5296,105,5191,2337,2854,29,2825,2737,88,2366,2292,5029
TJN_HOM_013_HomeGoods FEP_Q3FY18,Discovery Digital Media,PHWLS6_TJN_HOM_013_Content_DISCOVERY NETWORKS_Full Episode Video Mobile App_30s_FEP_Contextual_F25-54_1920 x 1080_Standard_NV_NA,201891425,8/12/2017,21804,219,21585,21585,0,0,0,0,0,21585,,
TJN_HOM_008_HomeGoods Summer Digital_FY18,Hulu,PHG79P_TJN_HOM_008_FEP_HULU_PageBrand_SPONSORSHIP_CROSS DEVICE_CUSTOM_VIDEO_1X1_1X1_N/A_N/A_N/A_SITE_N/A_Roadblock_Demo_F25-54_1 x 1_Click and View_NV_NA,201464250,9/1/2017,1,0,1,1,0,0,0,0,0,1,1,1
TJN_HOM_008_HomeGoods Summer Digital_FY18,NinthDecimal,PHHXGP_TJN_HOM_008_Mobile_NINTHDECIMAL_CHILD_PET OWNERS PROSPECTING_MOBILE APP_CUSTOM_DISPLAY_320X50_Run of Network_Behavioral_F25-54_320 x 50_Click and View_NV_NA,200586375,7/24/2017,35627,426,35201,10972,24229,94,24135,23343,792,11066,10703,34046
TJN_HOM_030_HomeGoods 2H Digital_F18,Nativo Inc.,PJQDHJ_TJN_HOM_030_Content_NATIVO FKA POST RLSE_DSI_BS2_MWB_DIR_NAD_ROT_RON_CTG_BTG_DVY_NATIVE DISPLAY UNIT FALLIDAYS_Run of Network_Contextual_F25-54_1 x 1_Click and View_NV_NA,206024352,10/17/2017,580170,31216,548954,1516,547438,29571,517867,201675,316192,31087,12106,213781
TJN_HOM_008_HomeGoods Summer Digital_FY18,xAd Inc.,PHHXGS_TJN_HOM_008_Mobile_XAD INC_CHILD_LOYALTY_MOBILE APP_STANDARD_DISPLAY_300X250_GEO-FENCING_Run of Network_Geo_F25-54_300 x 250_Click and View_NV_NA,200583064,8/15/2017,19052,2879,16173,7,16166,16161,5,5,0,16168,16168,16173
TJN_HOM_030_HomeGoods 2H Digital_F18,xAd Inc.,PJQ7MR_TJN_HOM_030_Mobile_GROUND TRUTH FKA XAD_DST_SV1_MAP_DIR_DSP_TRG_RON_MKT_DMA_DVY_LOCATION - COMPETITOR SHOPPERS - DYNAMIC DISTANCE_Run of Network_Geo_F25-54_300 x 250_Click and View_NV_NA,204647890,9/14/2017,4933,157,4776,4776,0,0,0,0,0,4776,4378,4378
TJN_HOM_030_HomeGoods 2H Digital_F18,NinthDecimal,PJQ7ND_TJN_HOM_030_Mobile_NINTHDECIMAL_DST_SV1_MAP_DIR_RCH_TRG_RON_BTG_DMA_DVY_CONSUMER JOURNEY: HOUSEHOLD CEO_Run of Network_Behavioral_F25-54_320 x 50_Click and View_NV_NA,204626294,9/23/2017,9620,190,9430,2678,6752,26,6726,6541,185,2704,2630,9171
TJN_HOM_030_HomeGoods 2H Digital_F18,NinthDecimal,PJQ7NG_TJN_HOM_030_Mobile_NINTHDECIMAL_DST_SV1_MAP_DIR_RCH_TRG_RON_BTG_DMA_DVY_CONSUMER JOURNEY: NEW HOME BUYERS & MOVERS_Run of Network_Behavioral_F25-54_320 x 50_Click and View_NV_NA,204625835,11/2/2017,1927,40,1887,322,1565,7,1558,1514,44,329,320,1834
TJN_HOM_025_HomeGoods Digital Video_Q4FY18,Tremor Video Inc.,PK6DWD_TJN_HOM_025_OLV_TREMOR NETWORK_AWR_BS1_MAP_DIR_VID_TRG_RON_BTG_CTG_DVY_ALL SCREEN PREROLL + SOCIAL AFFINITY TARGETING TO W25-54 HOME ENTHUSIASTS MOB/TAB APP_Run of Network_Behavioral_F25-54_1280 x 720_Standard_NV_NA,205941321,10/26/2017,174646,31,174615,174599,16,1,15,0,15,174600,0,0
TJN_HOM_030_HomeGoods 2H Digital_F18,NinthDecimal,PJQ7ND_TJN_HOM_030_Mobile_NINTHDECIMAL_DST_SV1_MAP_DIR_RCH_TRG_RON_BTG_DMA_DVY_CONSUMER JOURNEY: HOUSEHOLD CEO_Run of Network_Behavioral_F25-54_320 x 50_Click and View_NV_NA,204626294,10/2/2017,8687,224,8463,3829,4634,23,4611,4505,106,3852,3763,8268
TJN_HOM_030_HomeGoods 2H Digital_F18,xAd Inc.,PJQ7MR_TJN_HOM_030_Mobile_GROUND TRUTH FKA XAD_DST_SV1_MAP_DIR_DSP_TRG_RON_MKT_DMA_DVY_LOCATION - COMPETITOR SHOPPERS - DYNAMIC DISTANCE_Run of Network_Geo_F25-54_300 x 250_Click and View_NV_NA,204647890,10/14/2017,7037,443,6594,6594,0,0,0,0,0,6594,0,0
TJN_HOM_008_HomeGoods Summer Digital_FY18,xAd Inc.,PHHXGX_TJN_HOM_008_Mobile_XAD INC_CHILD_LOCATION AUDIENCE-HOMEGOODS SHOPPERS_MOBILE APP_STANDARD_DISPLAY_300X250_Run of Network_Behavioral_F25-54_300 x 250_Click and View_NV_NA,200587524,7/24/2017,14408,2257,12151,415,11736,11732,4,3,1,12147,9110,9113
TJN_HOM_008_HomeGoods Summer Digital_FY18,Hulu,PHG79G_TJN_HOM_008_FEP_HULU_ROS Pre-roll_CROSS DEVICE_PRE-ROLL_VIDEO_1920X1080_VAST_AUDIENCE_N/A_N/A_3RD PARTY_N/A_Run of Site_Demo_F25-54_1920 x 1080_Standard_NV_NA,201466946,8/18/2017,17205,118,17087,17087,0,0,0,0,0,17087,15066,15066
TJN_HOM_030_HomeGoods 2H Digital_F18,NinthDecimal,PJQ7NH_TJN_HOM_030_Mobile_NINTHDECIMAL_DST_SV1_MAP_DIR_RCH_TRG_RON_BTG_DMA_DVY_CONSUMER JOURNEY: PET SUPPLY SHOPPERS_Run of Network_Behavioral_F25-54_320 x 50_Click and View_NV_NA,204647914,9/19/2017,6446,104,6342,2043,4299,33,4266,4126,140,2076,2008,6134
TJN_HOM_013_HomeGoods FEP_Q3FY18,Discovery Digital Media,PHWLS9_TJN_HOM_013_Content_DISCOVERY NETWORKS_Full Episode Video OTT/CTV_30s_FEP_Contextual_F25-54_1920 x 1080_Standard_NV_NA,201891428,9/3/2017,6968,11,6957,6957,0,0,0,0,0,6957,,
TJN_HOM_030_HomeGoods 2H Digital_F18,NinthDecimal,PJQ7N8_TJN_HOM_030_Mobile_NINTHDECIMAL_DST_SV1_MAP_DIR_RCH_TRG_RON_BTG_PXT_DVY_LOCATION GRAPH: HOMEGOODS LOYALISTS_Run of Network_Behavioral_F25-54_320 x 50_Click and View_NV_NA,204675012,9/30/2017,9700,111,9589,2047,7542,24,7518,7187,331,2071,1980,9167
TJN_HOM_008_HomeGoods Summer Digital_FY18,Hulu,Rolled-up Placements,N/A,7/15/2017,350714,3761,346953,346953,0,0,0,0,0,346953,327575,327575
TJN_HOM_030_HomeGoods 2H Digital_F18,xAd Inc.,PJQ7MN_TJN_HOM_030_Mobile_GROUND TRUTH FKA XAD_DST_SV1_MAP_DIR_DSP_TRG_RON_MKT_DMA_DVY_LOCATION - HOMEGOODS SHOPPERS - DYNAMIC DISTANCE_Run of Network_Geo_F25-54_320 x 50_Click and View_NV_NA,204651439,10/9/2017,5996,54,5942,4955,987,38,949,838,111,4993,4355,5193
TJN_HOM_008_HomeGoods Summer Digital_FY18,NinthDecimal,PHHXGL_TJN_HOM_008_Mobile_NINTHDECIMAL_CHILD_RETENTION_MOBILE APP_CUSTOM_DISPLAY_320X50_Run of Network_Behavioral_F25-54_320 x 50_Click and View_NV_NA,200585092,8/9/2017,20211,237,19974,2810,17164,81,17083,16147,936,2891,2733,18880
TJN_HOM_008_HomeGoods Summer Digital_FY18,NinthDecimal,PHHXGL_TJN_HOM_008_Mobile_NINTHDECIMAL_CHILD_RETENTION_MOBILE APP_CUSTOM_DISPLAY_320X50_Run of Network_Behavioral_F25-54_320 x 50_Click and View_NV_NA,200585092,8/27/2017,12090,102,11988,1167,10821,50,10771,10267,504,1217,1160,11427
TJN_HOM_030_HomeGoods 2H Digital_F18,NinthDecimal,PJQ7NC_TJN_HOM_030_Mobile_NINTHDECIMAL_DST_SV1_MAP_DIR_RCH_TRG_RON_BTG_DMA_DVY_CONSUMER JOURNEY: DIYERS_Run of Network_Behavioral_F25-54_320 x 50_Click and View_NV_NA,204675009,10/11/2017,14495,249,14246,6328,7918,31,7887,7592,295,6359,6121,13713
TJN_HOM_030_HomeGoods 2H Digital_F18,xAd Inc.,PJQ7MQ_TJN_HOM_030_Mobile_GROUND TRUTH FKA XAD_DST_SV1_MAP_DIR_DSP_TRG_RON_MKT_DMA_DVY_LOCATION - COMPETITOR SHOPPERS - DYNAMIC DISTANCE_Run of Network_Geo_F25-54_320 x 50_Click and View_NV_NA,204617210,9/19/2017,16060,245,15815,12168,3647,1272,2375,2157,218,13440,11159,13316
TJN_HOM_030_HomeGoods 2H Digital_F18,Nativo Inc.,PJQDHJ_TJN_HOM_030_Content_NATIVO FKA POST RLSE_DSI_BS2_MWB_DIR_NAD_ROT_RON_CTG_BTG_DVY_NATIVE DISPLAY UNIT FALLIDAYS_Run of Network_Contextual_F25-54_1 x 1_Click and View_NV_NA,206024352,10/24/2017,503349,23152,480197,5170,475027,39207,435820,164602,271218,44377,16760,181362
TJN_HOM_030_HomeGoods 2H Digital_F18,NinthDecimal,PJQ7NJ_TJN_HOM_030_Mobile_NINTHDECIMAL_DST_SV1_MAP_DIR_RCH_TRG_RON_BTG_DMA_DVY_CONSUMER JOURNEY: BARGAIN HUNTERS_Run of Network_Behavioral_F25-54_320 x 50_Click and View_NV_NA,204644353,10/25/2017,8752,138,8614,2470,6144,211,5933,5745,188,2681,2596,8341
TJN_HOM_030_HomeGoods 2H Digital_F18,NinthDecimal,PJQ7N8_TJN_HOM_030_Mobile_NINTHDECIMAL_DST_SV1_MAP_DIR_RCH_TRG_RON_BTG_PXT_DVY_LOCATION GRAPH: HOMEGOODS LOYALISTS_Run of Network_Behavioral_F25-54_320 x 50_Click and View_NV_NA,204675012,10/31/2017,6327,94,6233,166,6067,34,6033,5814,219,200,193,6007
TJN_HOM_025_HomeGoods Digital Video_Q4FY18,Tremor Video Inc.,PK6DY1_TJN_HOM_025_OLV_TREMOR NETWORK_AWR_BS1_CTV_DIR_VID_TRG_RON_BTG_CTG_DVY_ALL SCREEN PREROLL + SOCIAL AFFINITY TARGETING TO W25-54 HOME ENTHUSIASTS CTV_Run of Network_Behavioral_F25-54_1280 x 720_Standard_NV_NA,205941318,10/13/2017,28321,0,28321,28321,0,0,0,0,0,28321,17460,17460
TJN_HOM_030_HomeGoods 2H Digital_F18,xAd Inc.,PJQ7MS_TJN_HOM_030_Mobile_GROUND TRUTH FKA XAD_DST_SV1_MAP_DIR_DSP_TRG_RON_DMA_PXT_DVY_AV DMA TARGETING_Run of Network_Geo_F25-54_300 x 250_Click and View_NV_NA,204646501,10/3/2017,3,0,3,2,1,1,0,0,0,3,2,2
TJN_HOM_008_HomeGoods Summer Digital_FY18,NinthDecimal,PHHXGM_TJN_HOM_008_Mobile_NINTHDECIMAL_CHILD_LUXURY SHOPPERS PROSPECTING_MOBILE APP_CUSTOM_DISPLAY_320X50_Run of Network_Behavioral_F25-54_320 x 50_Click and View_NV_NA,200581998,8/17/2017,36598,1097,35501,9230,26271,203,26068,24122,1946,9433,8729,32851
TJN_HOM_008_HomeGoods Summer Digital_FY18,xAd Inc.,PHHXGS_TJN_HOM_008_Mobile_XAD INC_CHILD_LOYALTY_MOBILE APP_STANDARD_DISPLAY_300X250_GEO-FENCING_Run of Network_Geo_F25-54_300 x 250_Click and View_NV_NA,200583064,8/13/2017,18567,2898,15669,354,15315,15199,116,108,8,15553,14480,14588
TJN_HOM_008_HomeGoods Summer Digital_FY18,xAd Inc.,PHHXGW_TJN_HOM_008_Mobile_XAD INC_CHILD_LOCATION AUDIENCE-HOMEGOODS SHOPPERS_MOBILE APP_STANDARD_DISPLAY_320X50_Run of Network_Behavioral_F25-54_320 x 50_Click and View_NV_NA,200585089,7/26/2017,40165,450,39715,38239,1476,25,1451,996,455,38264,26265,27261
TJN_HOM_030_HomeGoods 2H Digital_F18,Nativo Inc.,PJQDHJ_TJN_HOM_030_Content_NATIVO FKA POST RLSE_DSI_BS2_MWB_DIR_NAD_ROT_RON_CTG_BTG_DVY_NATIVE DISPLAY UNIT FALLIDAYS_Run of Network_Contextual_F25-54_1 x 1_Click and View_NV_NA,206024352,11/10/2017,1,1,0,0,0,0,0,0,0,0,0,0
TJN_HOM_030_HomeGoods 2H Digital_F18,NinthDecimal,PJQ7NH_TJN_HOM_030_Mobile_NINTHDECIMAL_DST_SV1_MAP_DIR_RCH_TRG_RON_BTG_DMA_DVY_CONSUMER JOURNEY: PET SUPPLY SHOPPERS_Run of Network_Behavioral_F25-54_320 x 50_Click and View_NV_NA,204647914,9/13/2017,11141,183,10958,2201,8757,73,8684,8460,224,2274,2215,10675
TJN_HOM_030_HomeGoods 2H Digital_F18,NinthDecimal,PJQ7NH_TJN_HOM_030_Mobile_NINTHDECIMAL_DST_SV1_MAP_DIR_RCH_TRG_RON_BTG_DMA_DVY_CONSUMER JOURNEY: PET SUPPLY SHOPPERS_Run of Network_Behavioral_F25-54_320 x 50_Click and View_NV_NA,204647914,10/13/2017,9339,159,9180,4842,4338,27,4311,4134,177,4869,4669,8803
TJN_HOM_030_HomeGoods 2H Digital_F18,NinthDecimal,PJQ7NC_TJN_HOM_030_Mobile_NINTHDECIMAL_DST_SV1_MAP_DIR_RCH_TRG_RON_BTG_DMA_DVY_CONSUMER JOURNEY: DIYERS_Run of Network_Behavioral_F25-54_320 x 50_Click and View_NV_NA,204675009,10/6/2017,12170,271,11899,7191,4708,33,4675,4473,202,7224,6912,11385
TJN_HOM_030_HomeGoods 2H Digital_F18,xAd Inc.,PJQ7MN_TJN_HOM_030_Mobile_GROUND TRUTH FKA XAD_DST_SV1_MAP_DIR_DSP_TRG_RON_MKT_DMA_DVY_LOCATION - HOMEGOODS SHOPPERS - DYNAMIC DISTANCE_Run of Network_Geo_F25-54_320 x 50_Click and View_NV_NA,204651439,11/12/2017,25363,279,25084,20443,4641,167,4474,3556,918,20610,16247,19803
TJN_HOM_030_HomeGoods 2H Digital_F18,NinthDecimal,PJQ7NG_TJN_HOM_030_Mobile_NINTHDECIMAL_DST_SV1_MAP_DIR_RCH_TRG_RON_BTG_DMA_DVY_CONSUMER JOURNEY: NEW HOME BUYERS & MOVERS_Run of Network_Behavioral_F25-54_320 x 50_Click and View_NV_NA,204625835,9/2/2017,3,0,3,1,2,2,0,0,0,3,3,3
TJN_HOM_008_HomeGoods Summer Digital_FY18,xAd Inc.,PHHXGV_TJN_HOM_008_Mobile_XAD INC_CHILD_CONQUESTING_MOBILE APP_STANDARD_DISPLAY_300X250_GEO-FENCING_Run of Network_Geo_F25-54_300 x 250_Click and View_NV_NA,200573063,8/8/2017,10135,4625,5510,4519,991,421,570,565,5,4940,4897,5462
TJN_HOM_008_HomeGoods Summer Digital_FY18,NinthDecimal,Rolled-up Placements,N/A,6/18/2017,18,2,16,8,8,8,0,0,0,16,16,16
TJN_HOM_030_HomeGoods 2H Digital_F18,NinthDecimal,PJQ7N9_TJN_HOM_030_Mobile_NINTHDECIMAL_DST_SV1_MAP_DIR_RCH_TRG_RON_BTG_PXT_DVY_LOCATION GRAPH: TJX FAMILY LOYALISTS_Run of Network_Behavioral_F25-54_320 x 50_Click and View_NV_NA,204647917,10/12/2017,15424,258,15166,6796,8370,59,8311,8009,302,6855,6606,14615
TJN_HOM_030_HomeGoods 2H Digital_F18,xAd Inc.,PJQ7MS_TJN_HOM_030_Mobile_GROUND TRUTH FKA XAD_DST_SV1_MAP_DIR_DSP_TRG_RON_DMA_PXT_DVY_AV DMA TARGETING_Run of Network_Geo_F25-54_300 x 250_Click and View_NV_NA,204646501,10/25/2017,2300,31,2269,1612,657,5,652,451,201,1617,1119,1570
TJN_HOM_008_HomeGoods Summer Digital_FY18,Hulu,PHG79P_TJN_HOM_008_FEP_HULU_PageBrand_SPONSORSHIP_CROSS DEVICE_CUSTOM_VIDEO_1X1_1X1_N/A_N/A_N/A_SITE_N/A_Roadblock_Demo_F25-54_1 x 1_Click and View_NV_NA,201464250,7/28/2017,17,0,17,17,0,0,0,0,0,17,16,16
TJN_HOM_030_HomeGoods 2H Digital_F18,Nativo Inc.,PJQDHJ_TJN_HOM_030_Content_NATIVO FKA POST RLSE_DSI_BS2_MWB_DIR_NAD_ROT_RON_CTG_BTG_DVY_NATIVE DISPLAY UNIT FALLIDAYS_Run of Network_Contextual_F25-54_1 x 1_Click and View_NV_NA,206024352,10/5/2017,507596,26011,481585,3656,477929,36315,441614,151852,289762,39971,13744,165596
TJN_HOM_030_HomeGoods 2H Digital_F18,xAd Inc.,PJQ7MQ_TJN_HOM_030_Mobile_GROUND TRUTH FKA XAD_DST_SV1_MAP_DIR_DSP_TRG_RON_MKT_DMA_DVY_LOCATION - COMPETITOR SHOPPERS - DYNAMIC DISTANCE_Run of Network_Geo_F25-54_320 x 50_Click and View_NV_NA,204617210,9/13/2017,15325,181,15144,11880,3264,400,2864,2649,215,12280,8011,10660
TJN_HOM_030_HomeGoods 2H Digital_F18,xAd Inc.,PJQ7MQ_TJN_HOM_030_Mobile_GROUND TRUTH FKA XAD_DST_SV1_MAP_DIR_DSP_TRG_RON_MKT_DMA_DVY_LOCATION - COMPETITOR SHOPPERS - DYNAMIC DISTANCE_Run of Network_Geo_F25-54_320 x 50_Click and View_NV_NA,204617210,11/13/2017,5,2,3,3,0,0,0,0,0,3,2,2
TJN_HOM_030_HomeGoods 2H Digital_F18,xAd Inc.,PJQ7MR_TJN_HOM_030_Mobile_GROUND TRUTH FKA XAD_DST_SV1_MAP_DIR_DSP_TRG_RON_MKT_DMA_DVY_LOCATION - COMPETITOR SHOPPERS - DYNAMIC DISTANCE_Run of Network_Geo_F25-54_300 x 250_Click and View_NV_NA,204647890,9/28/2017,81152,32793,48359,48258,101,1,100,90,10,48259,43382,43472
TJN_HOM_030_HomeGoods 2H Digital_F18,xAd Inc.,PJQ7MM_TJN_HOM_030_Mobile_GROUND TRUTH FKA XAD_DST_SV1_MAP_DIR_DSP_TRG_RON_BTG_DMA_DVY_BEHAVIORAL - HOME SHOPPER- DYNAMIC DISTANCE_Run of Network_Behavioral_F25-54_300 x 250_Click and View_NV_NA,204626171,9/10/2017,5659,91,5568,5567,1,0,1,1,0,5567,5567,5568
TJN_HOM_030_HomeGoods 2H Digital_F18,NinthDecimal,PJQ7NJ_TJN_HOM_030_Mobile_NINTHDECIMAL_DST_SV1_MAP_DIR_RCH_TRG_RON_BTG_DMA_DVY_CONSUMER JOURNEY: BARGAIN HUNTERS_Run of Network_Behavioral_F25-54_320 x 50_Click and View_NV_NA,204644353,10/3/2017,3416,86,3330,2493,837,18,819,802,17,2511,2459,3261
TJN_HOM_030_HomeGoods 2H Digital_F18,xAd Inc.,PJQ7MQ_TJN_HOM_030_Mobile_GROUND TRUTH FKA XAD_DST_SV1_MAP_DIR_DSP_TRG_RON_MKT_DMA_DVY_LOCATION - COMPETITOR SHOPPERS - DYNAMIC DISTANCE_Run of Network_Geo_F25-54_320 x 50_Click and View_NV_NA,204617210,10/13/2017,8265,110,8155,5270,2885,394,2491,2044,447,5664,4470,6514
TJN_HOM_025_HomeGoods Digital Video_Q4FY18,Tremor Video Inc.,PK1FYM_TJN_HOM_025_OLV_TREMOR NETWORK_AWR_BS1_DSK_DIR_VID_TRG_RON_BTG_CTG_DVY_ALL SCREEN PREROLL + SOCIAL AFFINITY TARGETING TO W25-54 HOME ENTHUSIASTS DESKTOP_Run of Network_Behavioral_F25-54_1280 x 720_Standard_NV_NA,205941870,10/13/2017,98,0,98,96,2,0,2,2,0,96,96,98
TJN_HOM_030_HomeGoods 2H Digital_F18,NinthDecimal,PJQ7NG_TJN_HOM_030_Mobile_NINTHDECIMAL_DST_SV1_MAP_DIR_RCH_TRG_RON_BTG_DMA_DVY_CONSUMER JOURNEY: NEW HOME BUYERS & MOVERS_Run of Network_Behavioral_F25-54_320 x 50_Click and View_NV_NA,204625835,10/20/2017,9181,117,9064,4387,4677,25,4652,4526,126,4412,4293,8819
TJN_HOM_030_HomeGoods 2H Digital_F18,Nativo Inc.,PK87W8_TJN_HOM_030_Content_NATIVO FKA POST RLSE_DSI_BS2_MWB_DIR_NAD_ROT_RON_CTG_BTG_DVY_NATIVE DISPLAY UNIT FALL TRENDS_Run of Network_Contextual_F25-54_1 x 1_Click and View_NV_NA,206137761,11/12/2017,1,0,1,0,1,0,1,0,1,0,0,0
TJN_HOM_025_HomeGoods Digital Video_Q4FY18,Tremor Video Inc.,PK6DWD_TJN_HOM_025_OLV_TREMOR NETWORK_AWR_BS1_MAP_DIR_VID_TRG_RON_BTG_CTG_DVY_ALL SCREEN PREROLL + SOCIAL AFFINITY TARGETING TO W25-54 HOME ENTHUSIASTS MOB/TAB APP_Run of Network_Behavioral_F25-54_1280 x 720_Standard_NV_NA,205941321,11/5/2017,234587,39,234548,234546,2,0,2,2,0,234546,234546,234548
TJN_HOM_013_HomeGoods FEP_Q3FY18,Scripps Networks,PHNKCT_TJN_HOM_013_FEP_SCRIPPSNETWORKS.COM_TVE_Crossplatform_FEP_Demo_F25-54_1 x 1_Click and View_NV_NA,201878832,8/29/2017,776,3,773,773,0,0,0,0,0,773,,
TJN_HOM_030_HomeGoods 2H Digital_F18,xAd Inc.,PJQ7MH_TJN_HOM_030_Mobile_GROUND TRUTH FKA XAD_DST_SV1_MAP_DIR_DSP_TRG_RON_PXT_BTG_DVY_PROXIMITY LOYALTY - DYNAMIC DISTANCE_Run of Network_Geo_F25-54_300 x 250_Click and View_NV_NA,204675003,10/29/2017,25255,498,24757,24757,0,0,0,0,0,24757,18755,18755
TJN_HOM_013_HomeGoods FEP_Q3FY18,Scripps Networks,PHNKCT_TJN_HOM_013_FEP_SCRIPPSNETWORKS.COM_TVE_Crossplatform_FEP_Demo_F25-54_1 x 1_Click and View_NV_NA,201878832,9/15/2017,118,0,118,118,0,0,0,0,0,118,,
TJN_HOM_030_HomeGoods 2H Digital_F18,NinthDecimal,PJQ7NG_TJN_HOM_030_Mobile_NINTHDECIMAL_DST_SV1_MAP_DIR_RCH_TRG_RON_BTG_DMA_DVY_CONSUMER JOURNEY: NEW HOME BUYERS & MOVERS_Run of Network_Behavioral_F25-54_320 x 50_Click and View_NV_NA,204625835,11/9/2017,4820,82,4738,418,4320,21,4299,4148,151,439,424,4572
TJN_HOM_008_HomeGoods Summer Digital_FY18,xAd Inc.,PHHXGT_TJN_HOM_008_Mobile_XAD INC_CHILD_CONQUESTING_MOBILE APP_STANDARD_DISPLAY_320X50_GEO-FENCING_Run of Network_Geo_F25-54_320 x 50_Click and View_NV_NA,200573066,9/2/2017,62996,789,62207,38347,23860,95,23765,23559,206,38442,38109,61668
TJN_HOM_008_HomeGoods Summer Digital_FY18,NinthDecimal,PHHXGN_TJN_HOM_008_Mobile_NINTHDECIMAL_CHILD_LUXURY SHOPPERS RETENTION_MOBILE APP_CUSTOM_DISPLAY_320X50_Run of Network_Behavioral_F25-54_320 x 50_Click and View_NV_NA,200582901,8/29/2017,806,11,795,92,703,1,702,644,58,93,85,729
TJN_HOM_008_HomeGoods Summer Digital_FY18,NinthDecimal,Rolled-up Placements,N/A,6/20/2017,49010,517,48493,16761,31732,172,31560,30506,1054,16933,16335,46841
TJN_HOM_030_HomeGoods 2H Digital_F18,NinthDecimal,PJQ7N7_TJN_HOM_030_Mobile_NINTHDECIMAL_DST_SV1_MAP_DIR_RCH_TRG_RON_PXT_DMA_DVY_GEOFENCE: 15-20-MILE RADIUS AROUND RURAL STORES_Run of Network_Geo_F25-54_320 x 50_Click and View_NV_NA,204674556,9/5/2017,7366,156,7210,4389,2821,12,2809,2746,63,4401,4302,7048
TJN_HOM_008_HomeGoods Summer Digital_FY18,Hulu,PHG79P_TJN_HOM_008_FEP_HULU_PageBrand_SPONSORSHIP_CROSS DEVICE_CUSTOM_VIDEO_1X1_1X1_N/A_N/A_N/A_SITE_N/A_Roadblock_Demo_F25-54_1 x 1_Click and View_NV_NA,201464250,8/22/2017,195,2,193,193,0,0,0,0,0,193,184,184
TJN_HOM_008_HomeGoods Summer Digital_FY18,NinthDecimal,PHHXGL_TJN_HOM_008_Mobile_NINTHDECIMAL_CHILD_RETENTION_MOBILE APP_CUSTOM_DISPLAY_320X50_Run of Network_Behavioral_F25-54_320 x 50_Click and View_NV_NA,200585092,8/28/2017,9802,88,9714,1221,8493,31,8462,8054,408,1252,1192,9246
TJN_HOM_013_HomeGoods FEP_Q3FY18,Discovery Digital Media,PHWLS8_TJN_HOM_013_Content_DISCOVERY NETWORKS_Full Episode Video Tablet Web_30s_FEP_Contextual_F25-54_1920 x 1080_Standard_NV_NA,201899695,8/23/2017,901,9,892,892,0,0,0,0,0,892,,
TJN_HOM_008_HomeGoods Summer Digital_FY18,Hulu,PHG79K_TJN_HOM_008_FEP_HULU_Summer TV Pre-roll_SPONSORSHIP_CROSS DEVICE_PRE-ROLL_VIDEO_1920X1080_VAST_N/A_N/A_N/A_3RD PARTY_N/A_Roadblock_Demo_F25-54_1920 x 1080_Standard_NV_NA,201466499,9/3/2017,1,0,1,1,0,0,0,0,0,1,1,1
TJN_HOM_008_HomeGoods Summer Digital_FY18,xAd Inc.,PHHXH0_TJN_HOM_008_Mobile_XAD INC_STANDALONE_RON_MOBILE APP_STANDARD_DISPLAY_320X50_GEO-FENCING_Run of Network_Behavioral_F25-54_320 x 50_Click and View_NV_NA,200587948,8/29/2017,172136,2654,169482,67116,102366,1308,101058,99534,1524,68424,67392,166926
TJN_HOM_030_HomeGoods 2H Digital_F18,Nativo Inc.,PK87W8_TJN_HOM_030_Content_NATIVO FKA POST RLSE_DSI_BS2_MWB_DIR_NAD_ROT_RON_CTG_BTG_DVY_NATIVE DISPLAY UNIT FALL TRENDS_Run of Network_Contextual_F25-54_1 x 1_Click and View_NV_NA,206137761,10/9/2017,249568,7619,241949,1640,240309,18417,221892,62196,159696,20057,5622,67818
TJN_HOM_030_HomeGoods 2H Digital_F18,xAd Inc.,PJQ7MH_TJN_HOM_030_Mobile_GROUND TRUTH FKA XAD_DST_SV1_MAP_DIR_DSP_TRG_RON_PXT_BTG_DVY_PROXIMITY LOYALTY - DYNAMIC DISTANCE_Run of Network_Geo_F25-54_300 x 250_Click and View_NV_NA,204675003,10/8/2017,26643,894,25749,25714,35,13,22,0,22,25727,0,0
TJN_HOM_030_HomeGoods 2H Digital_F18,xAd Inc.,PJQ7MJ_TJN_HOM_030_Mobile_GROUND TRUTH FKA XAD_DST_SV1_MAP_DIR_DSP_TRG_RON_PXT_BTG_DVY_PROXIMITY LOYALTY - STORE LOCATOR UNIT_Run of Network_Geo_F25-54_320 x 50_Click and View_NV_NA,204649939,10/12/2017,19056,696,18360,10218,8142,93,8049,7488,561,10311,9592,17080
TJN_HOM_008_HomeGoods Summer Digital_FY18,xAd Inc.,PHHXGZ_TJN_HOM_008_Mobile_XAD INC_CHILD_LOYALTY_MOBILE APP_CUSTOM_RICH MEDIA_300X250_GEO-FENCING_Run of Network_Geo_F25-54_300 x 250_Click and View_NV_NA,200577158,8/12/2017,1444,20,1424,700,724,6,718,673,45,706,662,1335
TJN_HOM_030_HomeGoods 2H Digital_F18,NinthDecimal,PJQ7N8_TJN_HOM_030_Mobile_NINTHDECIMAL_DST_SV1_MAP_DIR_RCH_TRG_RON_BTG_PXT_DVY_LOCATION GRAPH: HOMEGOODS LOYALISTS_Run of Network_Behavioral_F25-54_320 x 50_Click and View_NV_NA,204675012,9/17/2017,4179,37,4142,1229,2913,17,2896,2771,125,1246,1192,3963
TJN_HOM_008_HomeGoods Summer Digital_FY18,xAd Inc.,PHHXGV_TJN_HOM_008_Mobile_XAD INC_CHILD_CONQUESTING_MOBILE APP_STANDARD_DISPLAY_300X250_GEO-FENCING_Run of Network_Geo_F25-54_300 x 250_Click and View_NV_NA,200573063,8/1/2017,25650,727,24923,912,24011,21805,2206,2122,84,22717,21852,23974
TJN_HOM_008_HomeGoods Summer Digital_FY18,xAd Inc.,PHHXGT_TJN_HOM_008_Mobile_XAD INC_CHILD_CONQUESTING_MOBILE APP_STANDARD_DISPLAY_320X50_GEO-FENCING_Run of Network_Geo_F25-54_320 x 50_Click and View_NV_NA,200573066,8/26/2017,102672,1208,101464,67391,34073,188,33885,33495,390,67579,66801,100296
TJN_HOM_013_HomeGoods FEP_Q3FY18,Discovery Digital Media,PHWLS7_TJN_HOM_013_Content_DISCOVERY NETWORKS_Full Episode Video Mobile Web_30s_FEP_Contextual_F25-54_1920 x 1080_Standard_NV_NA,201895019,8/17/2017,935,8,927,927,0,0,0,0,0,927,,
TJN_HOM_030_HomeGoods 2H Digital_F18,NinthDecimal,PJQ7NF_TJN_HOM_030_Mobile_NINTHDECIMAL_DST_SV1_MAP_DIR_RCH_TRG_RON_BTG_DMA_DVY_CONSUMER JOURNEY: HOME FURNISHINGS SHOPPERS_Run of Network_Behavioral_F25-54_320 x 50_Click and View_NV_NA,204626291,10/28/2017,15023,161,14862,495,14367,58,14309,13893,416,553,537,14430
TJN_HOM_008_HomeGoods Summer Digital_FY18,xAd Inc.,PHHXGV_TJN_HOM_008_Mobile_XAD INC_CHILD_CONQUESTING_MOBILE APP_STANDARD_DISPLAY_300X250_GEO-FENCING_Run of Network_Geo_F25-54_300 x 250_Click and View_NV_NA,200573063,7/29/2017,17177,8025,9152,6025,3127,409,2718,2667,51,6434,6313,8980
TJN_HOM_008_HomeGoods Summer Digital_FY18,Hulu,PHG79M_TJN_HOM_008_FEP_HULU_Premium Slate_CROSS DEVICE_PRE-ROLL_CUSTOM_VECTOR LOGO_1X1_N/A_N/A_N/A_SITE_N/A_Roadblock_Demo_F25-54_1 x 1_Click and View_NV_NA,201466502,8/10/2017,55400,428,54972,54972,0,0,0,0,0,54972,47206,47206
TJN_HOM_030_HomeGoods 2H Digital_F18,xAd Inc.,PJQ7MK_TJN_HOM_030_Mobile_GROUND TRUTH FKA XAD_DST_SV1_MAP_DIR_DSP_TRG_RON_PXT_BTG_DVY_PROXIMITY LOYALTY - STORE LOCATOR UNIT_Run of Network_Geo_F25-54_300 x 250_Click and View_NV_NA,204625442,9/15/2017,2424,33,2391,324,2067,488,1579,1373,206,812,706,2079
TJN_HOM_030_HomeGoods 2H Digital_F18,xAd Inc.,PJQ7MP_TJN_HOM_030_Mobile_GROUND TRUTH FKA XAD_DST_SV1_MAP_DIR_DSP_TRG_RON_MKT_DMA_DVY_LOCATION - HOMEGOODS SHOPPERS - DYNAMIC DISTANCE_Run of Network_Geo_F25-54_300 x 250_Click and View_NV_NA,204647878,9/24/2017,3526,47,3479,3432,47,2,45,43,2,3434,3280,3323
TJN_HOM_008_HomeGoods Summer Digital_FY18,NinthDecimal,PHHXGK_TJN_HOM_008_Mobile_NINTHDECIMAL_CHILD_PROSPECTING_MOBILE APP_CUSTOM_DISPLAY_320X50_Run of Network_Behavioral_F25-54_320 x 50_Click and View_NV_NA,200587954,8/14/2017,134602,2169,132433,37614,94819,577,94242,89354,4888,38191,36210,125564
TJN_HOM_008_HomeGoods Summer Digital_FY18,Hulu,PHG79M_TJN_HOM_008_FEP_HULU_Premium Slate_CROSS DEVICE_PRE-ROLL_CUSTOM_VECTOR LOGO_1X1_N/A_N/A_N/A_SITE_N/A_Roadblock_Demo_F25-54_1 x 1_Click and View_NV_NA,201466502,7/21/2017,88222,786,87436,87436,0,0,0,0,0,87436,79546,79546
TJN_HOM_030_HomeGoods 2H Digital_F18,NinthDecimal,PJQ7NF_TJN_HOM_030_Mobile_NINTHDECIMAL_DST_SV1_MAP_DIR_RCH_TRG_RON_BTG_DMA_DVY_CONSUMER JOURNEY: HOME FURNISHINGS SHOPPERS_Run of Network_Behavioral_F25-54_320 x 50_Click and View_NV_NA,204626291,9/8/2017,3945,123,3822,825,2997,15,2982,2948,34,840,830,3778
TJN_HOM_030_HomeGoods 2H Digital_F18,NinthDecimal,PJQ7NJ_TJN_HOM_030_Mobile_NINTHDECIMAL_DST_SV1_MAP_DIR_RCH_TRG_RON_BTG_DMA_DVY_CONSUMER JOURNEY: BARGAIN HUNTERS_Run of Network_Behavioral_F25-54_320 x 50_Click and View_NV_NA,204644353,10/18/2017,8353,137,8216,3815,4401,45,4356,4236,120,3860,3754,7990
TJN_HOM_008_HomeGoods Summer Digital_FY18,NinthDecimal,PHHXGQ_TJN_HOM_008_Mobile_NINTHDECIMAL_CHILD_PET OWNERS RETENTION_MOBILE APP_CUSTOM_DISPLAY_320X50_Run of Network_Behavioral_F25-54_320 x 50_Click and View_NV_NA,200578886,8/6/2017,1928,9,1919,203,1716,8,1708,1606,102,211,198,1804
TJN_HOM_008_HomeGoods Summer Digital_FY18,NinthDecimal,PHHXGK_TJN_HOM_008_Mobile_NINTHDECIMAL_CHILD_PROSPECTING_MOBILE APP_CUSTOM_DISPLAY_320X50_Run of Network_Behavioral_F25-54_320 x 50_Click and View_NV_NA,200587954,9/4/2017,604346,10241,594105,268643,325462,1684,323778,312346,11432,270327,260782,573128
TJN_HOM_030_HomeGoods 2H Digital_F18,xAd Inc.,PJQ7ML_TJN_HOM_030_Mobile_GROUND TRUTH FKA XAD_DST_SV1_MAP_DIR_DSP_TRG_RON_BTG_DMA_DVY_BEHAVIORAL - HOME SHOPPER - DYNAMIC DISTANCE_Run of Network_Behavioral_F25-54_320 x 50_Click and View_NV_NA,204626174,10/11/2017,8163,146,8017,5846,2171,261,1910,1536,374,6107,4860,6396
TJN_HOM_013_HomeGoods FEP_Q3FY18,Discovery Digital Media,PHWLS8_TJN_HOM_013_Content_DISCOVERY NETWORKS_Full Episode Video Tablet Web_30s_FEP_Contextual_F25-54_1920 x 1080_Standard_NV_NA,201899695,7/23/2017,969,4,965,965,0,0,0,0,0,965,,
TJN_HOM_008_HomeGoods Summer Digital_FY18,xAd Inc.,PHHXGS_TJN_HOM_008_Mobile_XAD INC_CHILD_LOYALTY_MOBILE APP_STANDARD_DISPLAY_300X250_GEO-FENCING_Run of Network_Geo_F25-54_300 x 250_Click and View_NV_NA,200583064,8/19/2017,44387,1109,43278,141,43137,43128,9,8,1,43269,38461,38469
TJN_HOM_030_HomeGoods 2H Digital_F18,xAd Inc.,PJQ7MP_TJN_HOM_030_Mobile_GROUND TRUTH FKA XAD_DST_SV1_MAP_DIR_DSP_TRG_RON_MKT_DMA_DVY_LOCATION - HOMEGOODS SHOPPERS - DYNAMIC DISTANCE_Run of Network_Geo_F25-54_300 x 250_Click and View_NV_NA,204647878,9/22/2017,3682,87,3595,3546,49,4,45,41,4,3550,3230,3271
TJN_HOM_030_HomeGoods 2H Digital_F18,xAd Inc.,PJQ7ML_TJN_HOM_030_Mobile_GROUND TRUTH FKA XAD_DST_SV1_MAP_DIR_DSP_TRG_RON_BTG_DMA_DVY_BEHAVIORAL - HOME SHOPPER - DYNAMIC DISTANCE_Run of Network_Behavioral_F25-54_320 x 50_Click and View_NV_NA,204626174,10/6/2017,13831,197,13634,11991,1643,133,1510,1125,385,12124,8538,9663
TJN_HOM_030_HomeGoods 2H Digital_F18,xAd Inc.,PJQ7MK_TJN_HOM_030_Mobile_GROUND TRUTH FKA XAD_DST_SV1_MAP_DIR_DSP_TRG_RON_PXT_BTG_DVY_PROXIMITY LOYALTY - STORE LOCATOR UNIT_Run of Network_Geo_F25-54_300 x 250_Click and View_NV_NA,204625442,11/11/2017,10055,152,9903,183,9720,40,9680,9095,585,223,210,9305
TJN_HOM_030_HomeGoods 2H Digital_F18,NinthDecimal,PJQ7NF_TJN_HOM_030_Mobile_NINTHDECIMAL_DST_SV1_MAP_DIR_RCH_TRG_RON_BTG_DMA_DVY_CONSUMER JOURNEY: HOME FURNISHINGS SHOPPERS_Run of Network_Behavioral_F25-54_320 x 50_Click and View_NV_NA,204626291,10/7/2017,10397,284,10113,7224,2889,23,2866,2773,93,7247,7012,9785
TJN_HOM_008_HomeGoods Summer Digital_FY18,Hulu,PHG79P_TJN_HOM_008_FEP_HULU_PageBrand_SPONSORSHIP_CROSS DEVICE_CUSTOM_VIDEO_1X1_1X1_N/A_N/A_N/A_SITE_N/A_Roadblock_Demo_F25-54_1 x 1_Click and View_NV_NA,201464250,7/17/2017,31346,755,30591,30591,0,0,0,0,0,30591,28472,28472
TJN_HOM_030_HomeGoods 2H Digital_F18,xAd Inc.,PJQ7MS_TJN_HOM_030_Mobile_GROUND TRUTH FKA XAD_DST_SV1_MAP_DIR_DSP_TRG_RON_DMA_PXT_DVY_AV DMA TARGETING_Run of Network_Geo_F25-54_300 x 250_Click and View_NV_NA,204646501,10/18/2017,2390,26,2364,2143,221,1,220,212,8,2144,2066,2278
TJN_HOM_013_HomeGoods FEP_Q3FY18,Discovery Digital Media,PHWLS8_TJN_HOM_013_Content_DISCOVERY NETWORKS_Full Episode Video Tablet Web_30s_FEP_Contextual_F25-54_1920 x 1080_Standard_NV_NA,201899695,7/22/2017,776,8,768,768,0,0,0,0,0,768,,
TJN_HOM_030_HomeGoods 2H Digital_F18,xAd Inc.,PJQ7MP_TJN_HOM_030_Mobile_GROUND TRUTH FKA XAD_DST_SV1_MAP_DIR_DSP_TRG_RON_MKT_DMA_DVY_LOCATION - HOMEGOODS SHOPPERS - DYNAMIC DISTANCE_Run of Network_Geo_F25-54_300 x 250_Click and View_NV_NA,204647878,10/23/2017,8793,151,8642,8642,0,0,0,0,0,8642,7747,7747
TJN_HOM_008_HomeGoods Summer Digital_FY18,xAd Inc.,PHHXGR_TJN_HOM_008_Mobile_XAD INC_CHILD_LOYALTY_MOBILE APP_STANDARD_DISPLAY_320X50_GEO-FENCING_Run of Network_Geo_F25-54_320 x 50_Click and View_NV_NA,200587518,8/16/2017,80582,1219,79363,59831,19532,195,19337,16810,2527,60026,52182,68992
TJN_HOM_030_HomeGoods 2H Digital_F18,NinthDecimal,PJQ7NF_TJN_HOM_030_Mobile_NINTHDECIMAL_DST_SV1_MAP_DIR_RCH_TRG_RON_BTG_DMA_DVY_CONSUMER JOURNEY: HOME FURNISHINGS SHOPPERS_Run of Network_Behavioral_F25-54_320 x 50_Click and View_NV_NA,204626291,11/8/2017,8568,155,8413,1706,6707,36,6671,6470,201,1742,1690,8160
TJN_HOM_030_HomeGoods 2H Digital_F18,NinthDecimal,PJQ7N7_TJN_HOM_030_Mobile_NINTHDECIMAL_DST_SV1_MAP_DIR_RCH_TRG_RON_PXT_DMA_DVY_GEOFENCE: 15-20-MILE RADIUS AROUND RURAL STORES_Run of Network_Geo_F25-54_320 x 50_Click and View_NV_NA,204674556,9/28/2017,18200,523,17677,9471,8206,31,8175,7978,197,9502,9273,17251
TJN_HOM_008_HomeGoods Summer Digital_FY18,xAd Inc.,PHHXGZ_TJN_HOM_008_Mobile_XAD INC_CHILD_LOYALTY_MOBILE APP_CUSTOM_RICH MEDIA_300X250_GEO-FENCING_Run of Network_Geo_F25-54_300 x 250_Click and View_NV_NA,200577158,8/30/2017,6102,154,5948,5587,361,2,359,330,29,5589,5138,5468
TJN_HOM_013_HomeGoods FEP_Q3FY18,Discovery Digital Media,PHWLS6_TJN_HOM_013_Content_DISCOVERY NETWORKS_Full Episode Video Mobile App_30s_FEP_Contextual_F25-54_1920 x 1080_Standard_NV_NA,201891425,9/19/2017,18932,243,18689,18689,0,0,0,0,0,18689,,
TJN_HOM_030_HomeGoods 2H Digital_F18,xAd Inc.,PJQ7MN_TJN_HOM_030_Mobile_GROUND TRUTH FKA XAD_DST_SV1_MAP_DIR_DSP_TRG_RON_MKT_DMA_DVY_LOCATION - HOMEGOODS SHOPPERS - DYNAMIC DISTANCE_Run of Network_Geo_F25-54_320 x 50_Click and View_NV_NA,204651439,10/30/2017,6702,78,6624,6197,427,49,378,274,104,6246,3554,3828
TJN_HOM_008_HomeGoods Summer Digital_FY18,NinthDecimal,PHHXGN_TJN_HOM_008_Mobile_NINTHDECIMAL_CHILD_LUXURY SHOPPERS RETENTION_MOBILE APP_CUSTOM_DISPLAY_320X50_Run of Network_Behavioral_F25-54_320 x 50_Click and View_NV_NA,200582901,8/7/2017,3401,25,3376,359,3017,24,2993,2627,366,383,336,2963
TJN_HOM_008_HomeGoods Summer Digital_FY18,NinthDecimal,PHHXGL_TJN_HOM_008_Mobile_NINTHDECIMAL_CHILD_RETENTION_MOBILE APP_CUSTOM_DISPLAY_320X50_Run of Network_Behavioral_F25-54_320 x 50_Click and View_NV_NA,200585092,8/5/2017,11861,61,11800,1839,9961,40,9921,9291,630,1879,1760,11051
TJN_HOM_030_HomeGoods 2H Digital_F18,NinthDecimal,PJQ7N8_TJN_HOM_030_Mobile_NINTHDECIMAL_DST_SV1_MAP_DIR_RCH_TRG_RON_BTG_PXT_DVY_LOCATION GRAPH: HOMEGOODS LOYALISTS_Run of Network_Behavioral_F25-54_320 x 50_Click and View_NV_NA,204675012,9/6/2017,194,0,194,104,90,3,87,81,6,107,100,181
TJN_HOM_030_HomeGoods 2H Digital_F18,xAd Inc.,PJQ7MN_TJN_HOM_030_Mobile_GROUND TRUTH FKA XAD_DST_SV1_MAP_DIR_DSP_TRG_RON_MKT_DMA_DVY_LOCATION - HOMEGOODS SHOPPERS - DYNAMIC DISTANCE_Run of Network_Geo_F25-54_320 x 50_Click and View_NV_NA,204651439,9/20/2017,9944,190,9754,7289,2465,1189,1276,1201,75,8478,7027,8228
TJN_HOM_008_HomeGoods Summer Digital_FY18,Hulu,PHG79N_TJN_HOM_008_FEP_HULU_Masthead_SPONSORSHIP_CROSS DEVICE_CUSTOM_VIDEO_1X1_1X1_N/A_N/A_N/A_SITE_N/A_Roadblock_Demo_F25-54_1 x 1_Click and View_NV_NA,201462657,8/26/2017,135895,996,134899,134899,0,0,0,0,0,134899,131393,131393
TJN_HOM_013_HomeGoods FEP_Q3FY18,Discovery Digital Media,PHWLS9_TJN_HOM_013_Content_DISCOVERY NETWORKS_Full Episode Video OTT/CTV_30s_FEP_Contextual_F25-54_1920 x 1080_Standard_NV_NA,201891428,9/24/2017,9641,4,9637,9637,0,0,0,0,0,9637,,
TJN_HOM_008_HomeGoods Summer Digital_FY18,xAd Inc.,PHHXGW_TJN_HOM_008_Mobile_XAD INC_CHILD_LOCATION AUDIENCE-HOMEGOODS SHOPPERS_MOBILE APP_STANDARD_DISPLAY_320X50_Run of Network_Behavioral_F25-54_320 x 50_Click and View_NV_NA,200585089,7/19/2017,46801,516,46285,44018,2267,22,2245,1560,685,44040,30602,32162
TJN_HOM_008_HomeGoods Summer Digital_FY18,xAd Inc.,PHHXH0_TJN_HOM_008_Mobile_XAD INC_STANDALONE_RON_MOBILE APP_STANDARD_DISPLAY_320X50_GEO-FENCING_Run of Network_Behavioral_F25-54_320 x 50_Click and View_NV_NA,200587948,8/3/2017,37,0,37,0,37,17,20,9,11,17,8,17
TJN_HOM_008_HomeGoods Summer Digital_FY18,xAd Inc.,PHHXGV_TJN_HOM_008_Mobile_XAD INC_CHILD_CONQUESTING_MOBILE APP_STANDARD_DISPLAY_300X250_GEO-FENCING_Run of Network_Geo_F25-54_300 x 250_Click and View_NV_NA,200573063,8/15/2017,13485,1999,11486,118,11368,11358,10,9,1,11476,10328,10337
TJN_HOM_013_HomeGoods FEP_Q3FY18,Scripps Networks,PHNKCT_TJN_HOM_013_FEP_SCRIPPSNETWORKS.COM_TVE_Crossplatform_FEP_Demo_F25-54_1 x 1_Click and View_NV_NA,201878832,8/7/2017,2493,11,2482,2482,0,0,0,0,0,2482,,
TJN_HOM_030_HomeGoods 2H Digital_F18,xAd Inc.,PJQ7ML_TJN_HOM_030_Mobile_GROUND TRUTH FKA XAD_DST_SV1_MAP_DIR_DSP_TRG_RON_BTG_DMA_DVY_BEHAVIORAL - HOME SHOPPER - DYNAMIC DISTANCE_Run of Network_Behavioral_F25-54_320 x 50_Click and View_NV_NA,204626174,9/21/2017,16701,260,16441,12507,3934,1644,2290,2104,186,14151,11482,13586
TJN_HOM_013_HomeGoods FEP_Q3FY18,Discovery Digital Media,PHWLS6_TJN_HOM_013_Content_DISCOVERY NETWORKS_Full Episode Video Mobile App_30s_FEP_Contextual_F25-54_1920 x 1080_Standard_NV_NA,201891425,9/13/2017,20066,202,19864,19864,0,0,0,0,0,19864,,
TJN_HOM_013_HomeGoods FEP_Q3FY18,Discovery Digital Media,PHWLS8_TJN_HOM_013_Content_DISCOVERY NETWORKS_Full Episode Video Tablet Web_30s_FEP_Contextual_F25-54_1920 x 1080_Standard_NV_NA,201899695,9/7/2017,906,9,897,897,0,0,0,0,0,897,,
TJN_HOM_013_HomeGoods FEP_Q3FY18,Discovery Digital Media,PHWLS7_TJN_HOM_013_Content_DISCOVERY NETWORKS_Full Episode Video Mobile Web_30s_FEP_Contextual_F25-54_1920 x 1080_Standard_NV_NA,201895019,9/29/2017,41,1,40,40,0,0,0,0,0,40,,
TJN_HOM_008_HomeGoods Summer Digital_FY18,NinthDecimal,PHHXGL_TJN_HOM_008_Mobile_NINTHDECIMAL_CHILD_RETENTION_MOBILE APP_CUSTOM_DISPLAY_320X50_Run of Network_Behavioral_F25-54_320 x 50_Click and View_NV_NA,200585092,8/18/2017,12620,115,12505,1786,10719,46,10673,9704,969,1832,1666,11370
TJN_HOM_008_HomeGoods Summer Digital_FY18,Hulu,PHG79N_TJN_HOM_008_FEP_HULU_Masthead_SPONSORSHIP_CROSS DEVICE_CUSTOM_VIDEO_1X1_1X1_N/A_N/A_N/A_SITE_N/A_Roadblock_Demo_F25-54_1 x 1_Click and View_NV_NA,201462657,9/2/2017,111,5,106,106,0,0,0,0,0,106,101,101
TJN_HOM_008_HomeGoods Summer Digital_FY18,NinthDecimal,PHHXGN_TJN_HOM_008_Mobile_NINTHDECIMAL_CHILD_LUXURY SHOPPERS RETENTION_MOBILE APP_CUSTOM_DISPLAY_320X50_Run of Network_Behavioral_F25-54_320 x 50_Click and View_NV_NA,200582901,8/3/2017,3049,26,3023,344,2679,26,2653,2359,294,370,329,2688
TJN_HOM_008_HomeGoods Summer Digital_FY18,xAd Inc.,PHHXGR_TJN_HOM_008_Mobile_XAD INC_CHILD_LOYALTY_MOBILE APP_STANDARD_DISPLAY_320X50_GEO-FENCING_Run of Network_Geo_F25-54_320 x 50_Click and View_NV_NA,200587518,8/17/2017,91257,1506,89751,58925,30826,459,30367,27772,2595,59384,54309,82081
TJN_HOM_008_HomeGoods Summer Digital_FY18,NinthDecimal,PHHXGL_TJN_HOM_008_Mobile_NINTHDECIMAL_CHILD_RETENTION_MOBILE APP_CUSTOM_DISPLAY_320X50_Run of Network_Behavioral_F25-54_320 x 50_Click and View_NV_NA,200585092,9/5/2017,9,0,9,2,7,1,6,5,1,3,2,7
TJN_HOM_013_HomeGoods FEP_Q3FY18,Discovery Digital Media,PHWLS9_TJN_HOM_013_Content_DISCOVERY NETWORKS_Full Episode Video OTT/CTV_30s_FEP_Contextual_F25-54_1920 x 1080_Standard_NV_NA,201891428,9/22/2017,10054,19,10035,10035,0,0,0,0,0,10035,,
TJN_HOM_008_HomeGoods Summer Digital_FY18,xAd Inc.,PHHXH0_TJN_HOM_008_Mobile_XAD INC_STANDALONE_RON_MOBILE APP_STANDARD_DISPLAY_320X50_GEO-FENCING_Run of Network_Behavioral_F25-54_320 x 50_Click and View_NV_NA,200587948,8/7/2017,11,0,11,0,11,8,3,2,1,8,5,7
TJN_HOM_008_HomeGoods Summer Digital_FY18,Hulu,PHG79P_TJN_HOM_008_FEP_HULU_PageBrand_SPONSORSHIP_CROSS DEVICE_CUSTOM_VIDEO_1X1_1X1_N/A_N/A_N/A_SITE_N/A_Roadblock_Demo_F25-54_1 x 1_Click and View_NV_NA,201464250,7/27/2017,21,1,20,20,0,0,0,0,0,20,18,18
TJN_HOM_013_HomeGoods FEP_Q3FY18,Scripps Networks,PHNKCT_TJN_HOM_013_FEP_SCRIPPSNETWORKS.COM_TVE_Crossplatform_FEP_Demo_F25-54_1 x 1_Click and View_NV_NA,201878832,8/3/2017,797,5,792,792,0,0,0,0,0,792,,
TJN_HOM_008_HomeGoods Summer Digital_FY18,Hulu,PHG79J_TJN_HOM_008_FEP_HULU_Branded Slate_ROS_CROSS DEVICE_PRE-ROLL_CUSTOM_VECTOR LOGO_1X1_AUDIENCE_N/A_N/A_SITE_N/A_Run of Site_Demo_F25-54_1 x 1_Click and View_NV_NA,201467345,9/24/2017,1589,7,1582,1582,0,0,0,0,0,1582,1411,1411
TJN_HOM_008_HomeGoods Summer Digital_FY18,xAd Inc.,PHHXGS_TJN_HOM_008_Mobile_XAD INC_CHILD_LOYALTY_MOBILE APP_STANDARD_DISPLAY_300X250_GEO-FENCING_Run of Network_Geo_F25-54_300 x 250_Click and View_NV_NA,200583064,8/8/2017,24408,18205,6203,4561,1642,1068,574,569,5,5629,5580,6149
TJN_HOM_030_HomeGoods 2H Digital_F18,NinthDecimal,PJQ7N7_TJN_HOM_030_Mobile_NINTHDECIMAL_DST_SV1_MAP_DIR_RCH_TRG_RON_PXT_DMA_DVY_GEOFENCE: 15-20-MILE RADIUS AROUND RURAL STORES_Run of Network_Geo_F25-54_320 x 50_Click and View_NV_NA,204674556,9/14/2017,10835,225,10610,4076,6534,36,6498,6374,124,4112,4034,10408
TJN_HOM_030_HomeGoods 2H Digital_F18,NinthDecimal,PJQ7ND_TJN_HOM_030_Mobile_NINTHDECIMAL_DST_SV1_MAP_DIR_RCH_TRG_RON_BTG_DMA_DVY_CONSUMER JOURNEY: HOUSEHOLD CEO_Run of Network_Behavioral_F25-54_320 x 50_Click and View_NV_NA,204626294,10/18/2017,9823,171,9652,4974,4678,31,4647,4515,132,5005,4863,9378
TJN_HOM_008_HomeGoods Summer Digital_FY18,Hulu,PHG79G_TJN_HOM_008_FEP_HULU_ROS Pre-roll_CROSS DEVICE_PRE-ROLL_VIDEO_1920X1080_VAST_AUDIENCE_N/A_N/A_3RD PARTY_N/A_Run of Site_Demo_F25-54_1920 x 1080_Standard_NV_NA,201466946,8/9/2017,18351,120,18231,18231,0,0,0,0,0,18231,15876,15876
TJN_HOM_030_HomeGoods 2H Digital_F18,xAd Inc.,PJQ7MQ_TJN_HOM_030_Mobile_GROUND TRUTH FKA XAD_DST_SV1_MAP_DIR_DSP_TRG_RON_MKT_DMA_DVY_LOCATION - COMPETITOR SHOPPERS - DYNAMIC DISTANCE_Run of Network_Geo_F25-54_320 x 50_Click and View_NV_NA,204617210,10/10/2017,6744,36,6708,4453,2255,40,2215,1838,377,4493,3703,5541
TJN_HOM_025_HomeGoods Digital Video_Q4FY18,Tremor Video Inc.,PK1FYM_TJN_HOM_025_OLV_TREMOR NETWORK_AWR_BS1_DSK_DIR_VID_TRG_RON_BTG_CTG_DVY_ALL SCREEN PREROLL + SOCIAL AFFINITY TARGETING TO W25-54 HOME ENTHUSIASTS DESKTOP_Run of Network_Behavioral_F25-54_1280 x 720_Standard_NV_NA,205941870,10/10/2017,244662,210,244452,46034,198418,2183,196235,13888,182347,48217,3412,17300
TJN_HOM_030_HomeGoods 2H Digital_F18,NinthDecimal,PJQ7N7_TJN_HOM_030_Mobile_NINTHDECIMAL_DST_SV1_MAP_DIR_RCH_TRG_RON_PXT_DMA_DVY_GEOFENCE: 15-20-MILE RADIUS AROUND RURAL STORES_Run of Network_Geo_F25-54_320 x 50_Click and View_NV_NA,204674556,10/14/2017,8743,144,8599,5449,3150,277,2873,2793,80,5726,5567,8360
TJN_HOM_008_HomeGoods Summer Digital_FY18,Hulu,PHG79G_TJN_HOM_008_FEP_HULU_ROS Pre-roll_CROSS DEVICE_PRE-ROLL_VIDEO_1920X1080_VAST_AUDIENCE_N/A_N/A_3RD PARTY_N/A_Run of Site_Demo_F25-54_1920 x 1080_Standard_NV_NA,201466946,8/27/2017,11027,73,10954,10954,0,0,0,0,0,10954,10679,10679
TJN_HOM_008_HomeGoods Summer Digital_FY18,xAd Inc.,PHHXGV_TJN_HOM_008_Mobile_XAD INC_CHILD_CONQUESTING_MOBILE APP_STANDARD_DISPLAY_300X250_GEO-FENCING_Run of Network_Geo_F25-54_300 x 250_Click and View_NV_NA,200573063,8/13/2017,14734,7565,7169,1138,6031,5648,383,354,29,6786,6272,6626
TJN_HOM_013_HomeGoods FEP_Q3FY18,Discovery Digital Media,PHWLS6_TJN_HOM_013_Content_DISCOVERY NETWORKS_Full Episode Video Mobile App_30s_FEP_Contextual_F25-54_1920 x 1080_Standard_NV_NA,201891425,9/16/2017,16843,153,16690,16690,0,0,0,0,0,16690,,
TJN_HOM_030_HomeGoods 2H Digital_F18,NinthDecimal,PJQ7NH_TJN_HOM_030_Mobile_NINTHDECIMAL_DST_SV1_MAP_DIR_RCH_TRG_RON_BTG_DMA_DVY_CONSUMER JOURNEY: PET SUPPLY SHOPPERS_Run of Network_Behavioral_F25-54_320 x 50_Click and View_NV_NA,204647914,10/10/2017,8123,61,8062,4489,3573,21,3552,3397,155,4510,4313,7710
TJN_HOM_025_HomeGoods Digital Video_Q4FY18,Tremor Video Inc.,PK6DWD_TJN_HOM_025_OLV_TREMOR NETWORK_AWR_BS1_MAP_DIR_VID_TRG_RON_BTG_CTG_DVY_ALL SCREEN PREROLL + SOCIAL AFFINITY TARGETING TO W25-54 HOME ENTHUSIASTS MOB/TAB APP_Run of Network_Behavioral_F25-54_1280 x 720_Standard_NV_NA,205941321,10/27/2017,126262,741,125521,115750,9771,51,9720,4,9716,115801,48,52
TJN_HOM_030_HomeGoods 2H Digital_F18,NinthDecimal,"PJQ7NK_TJN_HOM_030_Mobile_NINTHDECIMAL_DST_SV1_MAP_DIR_RCH_TRG_RON_BTG_DMA_DVY_TV TARGETING: HGTV, DIY NETWORK, BRAVO, TLC, FOOD NETWORK_Run of Network_Behavioral_F25-54_320 x 50_Click and View_NV_NA",204674553,10/18/2017,9130,145,8985,4310,4675,48,4627,4461,166,4358,4202,8663
TJN_HOM_025_HomeGoods Digital Video_Q4FY18,Tremor Video Inc.,PK6DY1_TJN_HOM_025_OLV_TREMOR NETWORK_AWR_BS1_CTV_DIR_VID_TRG_RON_BTG_CTG_DVY_ALL SCREEN PREROLL + SOCIAL AFFINITY TARGETING TO W25-54 HOME ENTHUSIASTS CTV_Run of Network_Behavioral_F25-54_1280 x 720_Standard_NV_NA,205941318,10/22/2017,40776,0,40776,40776,0,0,0,0,0,40776,35842,35842
TJN_HOM_013_HomeGoods FEP_Q3FY18,Discovery Digital Media,PHWLS7_TJN_HOM_013_Content_DISCOVERY NETWORKS_Full Episode Video Mobile Web_30s_FEP_Contextual_F25-54_1920 x 1080_Standard_NV_NA,201895019,8/16/2017,929,15,914,914,0,0,0,0,0,914,,
TJN_HOM_030_HomeGoods 2H Digital_F18,NinthDecimal,PJQ7NH_TJN_HOM_030_Mobile_NINTHDECIMAL_DST_SV1_MAP_DIR_RCH_TRG_RON_BTG_DMA_DVY_CONSUMER JOURNEY: PET SUPPLY SHOPPERS_Run of Network_Behavioral_F25-54_320 x 50_Click and View_NV_NA,204647914,10/22/2017,8932,132,8800,4350,4450,38,4412,4211,201,4388,4188,8399
TJN_HOM_008_HomeGoods Summer Digital_FY18,Hulu,PHG79J_TJN_HOM_008_FEP_HULU_Branded Slate_ROS_CROSS DEVICE_PRE-ROLL_CUSTOM_VECTOR LOGO_1X1_AUDIENCE_N/A_N/A_SITE_N/A_Run of Site_Demo_F25-54_1 x 1_Click and View_NV_NA,201467345,9/22/2017,1779,10,1769,1769,0,0,0,0,0,1769,1577,1577
TJN_HOM_025_HomeGoods Digital Video_Q4FY18,Tremor Video Inc.,PK6DY1_TJN_HOM_025_OLV_TREMOR NETWORK_AWR_BS1_CTV_DIR_VID_TRG_RON_BTG_CTG_DVY_ALL SCREEN PREROLL + SOCIAL AFFINITY TARGETING TO W25-54 HOME ENTHUSIASTS CTV_Run of Network_Behavioral_F25-54_1280 x 720_Standard_NV_NA,205941318,10/10/2017,4292,3,4289,4289,0,0,0,0,0,4289,421,421
TJN_HOM_030_HomeGoods 2H Digital_F18,NinthDecimal,PJQ7N6_TJN_HOM_030_Mobile_NINTHDECIMAL_DST_SV1_MAP_DIR_RCH_TRG_RON_PXT_DMA_DVY_GEOFENCE: 5-10-MILE RADIUS AROUND SUBURBAN STORES_Run of Network_Geo_F25-54_320 x 50_Click and View_NV_NA,204646507,9/1/2017,3,0,3,1,2,2,0,0,0,3,3,3
TJN_HOM_030_HomeGoods 2H Digital_F18,xAd Inc.,PJQ7MQ_TJN_HOM_030_Mobile_GROUND TRUTH FKA XAD_DST_SV1_MAP_DIR_DSP_TRG_RON_MKT_DMA_DVY_LOCATION - COMPETITOR SHOPPERS - DYNAMIC DISTANCE_Run of Network_Geo_F25-54_320 x 50_Click and View_NV_NA,204617210,10/22/2017,7931,121,7810,5248,2562,222,2340,1178,1162,5470,2690,3868
TJN_HOM_025_HomeGoods Digital Video_Q4FY18,Tremor Video Inc.,PK1FYM_TJN_HOM_025_OLV_TREMOR NETWORK_AWR_BS1_DSK_DIR_VID_TRG_RON_BTG_CTG_DVY_ALL SCREEN PREROLL + SOCIAL AFFINITY TARGETING TO W25-54 HOME ENTHUSIASTS DESKTOP_Run of Network_Behavioral_F25-54_1280 x 720_Standard_NV_NA,205941870,10/22/2017,21113,1,21112,5221,15891,386,15505,13781,1724,5607,4984,18765
TJN_HOM_013_HomeGoods FEP_Q3FY18,Discovery Digital Media,PHWLS7_TJN_HOM_013_Content_DISCOVERY NETWORKS_Full Episode Video Mobile Web_30s_FEP_Contextual_F25-54_1920 x 1080_Standard_NV_NA,201895019,9/10/2017,868,12,856,856,0,0,0,0,0,856,,
TJN_HOM_030_HomeGoods 2H Digital_F18,Nativo Inc.,PK87W8_TJN_HOM_030_Content_NATIVO FKA POST RLSE_DSI_BS2_MWB_DIR_NAD_ROT_RON_CTG_BTG_DVY_NATIVE DISPLAY UNIT FALL TRENDS_Run of Network_Contextual_F25-54_1 x 1_Click and View_NV_NA,206137761,10/19/2017,264640,11281,253359,4965,248394,25829,222565,81625,140940,30794,11294,92919
TJN_HOM_008_HomeGoods Summer Digital_FY18,NinthDecimal,Rolled-up Placements,N/A,6/29/2017,321035,3248,317787,92259,225528,1178,224350,213968,10382,93437,89156,303124
TJN_HOM_008_HomeGoods Summer Digital_FY18,Hulu,PHG79K_TJN_HOM_008_FEP_HULU_Summer TV Pre-roll_SPONSORSHIP_CROSS DEVICE_PRE-ROLL_VIDEO_1920X1080_VAST_N/A_N/A_N/A_3RD PARTY_N/A_Roadblock_Demo_F25-54_1920 x 1080_Standard_NV_NA,201466499,7/20/2017,159323,1720,157603,157603,0,0,0,0,0,157603,146612,146612
TJN_HOM_030_HomeGoods 2H Digital_F18,xAd Inc.,PJQ7MP_TJN_HOM_030_Mobile_GROUND TRUTH FKA XAD_DST_SV1_MAP_DIR_DSP_TRG_RON_MKT_DMA_DVY_LOCATION - HOMEGOODS SHOPPERS - DYNAMIC DISTANCE_Run of Network_Geo_F25-54_300 x 250_Click and View_NV_NA,204647878,10/31/2017,8492,179,8313,8313,0,0,0,0,0,8313,7452,7452
TJN_HOM_025_HomeGoods Digital Video_Q4FY18,Tremor Video Inc.,PK1FYN_TJN_HOM_025_OLV_TREMOR NETWORK_AWR_BS1_DSK_DIR_VID_TRG_RON_PXT_CTG_DVY_ALL SCREEN PREROLL + PROXIMITYPLUS DWELL TIME TARGETING TO HOMEGOODS VISITORS DESKTOP_Run of Network_Behavioral_F25-54_1280 x 720_Standard_NV_NA,205941312,11/11/2017,25,21,4,0,4,4,0,0,0,4,1,1
TJN_HOM_030_HomeGoods 2H Digital_F18,NinthDecimal,PJQ7N7_TJN_HOM_030_Mobile_NINTHDECIMAL_DST_SV1_MAP_DIR_RCH_TRG_RON_PXT_DMA_DVY_GEOFENCE: 15-20-MILE RADIUS AROUND RURAL STORES_Run of Network_Geo_F25-54_320 x 50_Click and View_NV_NA,204674556,11/3/2017,4645,48,4597,1183,3414,16,3398,3311,87,1199,1168,4479
TJN_HOM_030_HomeGoods 2H Digital_F18,xAd Inc.,PJQ7MS_TJN_HOM_030_Mobile_GROUND TRUTH FKA XAD_DST_SV1_MAP_DIR_DSP_TRG_RON_DMA_PXT_DVY_AV DMA TARGETING_Run of Network_Geo_F25-54_300 x 250_Click and View_NV_NA,204646501,9/20/2017,7697,133,7564,2673,4891,3513,1378,1175,203,6186,5275,6450
TJN_HOM_030_HomeGoods 2H Digital_F18,NinthDecimal,PJQ7NH_TJN_HOM_030_Mobile_NINTHDECIMAL_DST_SV1_MAP_DIR_RCH_TRG_RON_BTG_DMA_DVY_CONSUMER JOURNEY: PET SUPPLY SHOPPERS_Run of Network_Behavioral_F25-54_320 x 50_Click and View_NV_NA,204647914,10/12/2017,9901,190,9711,4727,4984,29,4955,4740,215,4756,4550,9290
TJN_HOM_008_HomeGoods Summer Digital_FY18,Hulu,PHG79P_TJN_HOM_008_FEP_HULU_PageBrand_SPONSORSHIP_CROSS DEVICE_CUSTOM_VIDEO_1X1_1X1_N/A_N/A_N/A_SITE_N/A_Roadblock_Demo_F25-54_1 x 1_Click and View_NV_NA,201464250,9/8/2017,1,0,1,1,0,0,0,0,0,1,1,1
TJN_HOM_030_HomeGoods 2H Digital_F18,xAd Inc.,PJQ7MS_TJN_HOM_030_Mobile_GROUND TRUTH FKA XAD_DST_SV1_MAP_DIR_DSP_TRG_RON_DMA_PXT_DVY_AV DMA TARGETING_Run of Network_Geo_F25-54_300 x 250_Click and View_NV_NA,204646501,10/30/2017,2713,42,2671,2042,629,9,620,483,137,2051,1598,2081
TJN_HOM_030_HomeGoods 2H Digital_F18,NinthDecimal,PJQ7N9_TJN_HOM_030_Mobile_NINTHDECIMAL_DST_SV1_MAP_DIR_RCH_TRG_RON_BTG_PXT_DVY_LOCATION GRAPH: TJX FAMILY LOYALISTS_Run of Network_Behavioral_F25-54_320 x 50_Click and View_NV_NA,204647917,10/13/2017,14080,248,13832,6494,7338,47,7291,7088,203,6541,6359,13447
TJN_HOM_008_HomeGoods Summer Digital_FY18,Hulu,PHG79J_TJN_HOM_008_FEP_HULU_Branded Slate_ROS_CROSS DEVICE_PRE-ROLL_CUSTOM_VECTOR LOGO_1X1_AUDIENCE_N/A_N/A_SITE_N/A_Run of Site_Demo_F25-54_1 x 1_Click and View_NV_NA,201467345,8/11/2017,4279,22,4257,4257,0,0,0,0,0,4257,3724,3724
TJN_HOM_030_HomeGoods 2H Digital_F18,xAd Inc.,PJQ7MH_TJN_HOM_030_Mobile_GROUND TRUTH FKA XAD_DST_SV1_MAP_DIR_DSP_TRG_RON_PXT_BTG_DVY_PROXIMITY LOYALTY - DYNAMIC DISTANCE_Run of Network_Geo_F25-54_300 x 250_Click and View_NV_NA,204675003,10/7/2017,37054,1484,35570,35532,38,4,34,1,33,35536,1045,1046
TJN_HOM_030_HomeGoods 2H Digital_F18,NinthDecimal,PJQ7N6_TJN_HOM_030_Mobile_NINTHDECIMAL_DST_SV1_MAP_DIR_RCH_TRG_RON_PXT_DMA_DVY_GEOFENCE: 5-10-MILE RADIUS AROUND SUBURBAN STORES_Run of Network_Geo_F25-54_320 x 50_Click and View_NV_NA,204646507,9/15/2017,10521,296,10225,4155,6070,22,6048,5910,138,4177,4082,9992
TJN_HOM_030_HomeGoods 2H Digital_F18,NinthDecimal,PJQ7N9_TJN_HOM_030_Mobile_NINTHDECIMAL_DST_SV1_MAP_DIR_RCH_TRG_RON_BTG_PXT_DVY_LOCATION GRAPH: TJX FAMILY LOYALISTS_Run of Network_Behavioral_F25-54_320 x 50_Click and View_NV_NA,204647917,9/13/2017,7915,97,7818,1656,6162,27,6135,5942,193,1683,1630,7572
TJN_HOM_030_HomeGoods 2H Digital_F18,NinthDecimal,PJQ7N9_TJN_HOM_030_Mobile_NINTHDECIMAL_DST_SV1_MAP_DIR_RCH_TRG_RON_BTG_PXT_DVY_LOCATION GRAPH: TJX FAMILY LOYALISTS_Run of Network_Behavioral_F25-54_320 x 50_Click and View_NV_NA,204647917,11/13/2017,2,0,2,2,0,0,0,0,0,2,2,2
TJN_HOM_030_HomeGoods 2H Digital_F18,xAd Inc.,PJQ7MQ_TJN_HOM_030_Mobile_GROUND TRUTH FKA XAD_DST_SV1_MAP_DIR_DSP_TRG_RON_MKT_DMA_DVY_LOCATION - COMPETITOR SHOPPERS - DYNAMIC DISTANCE_Run of Network_Geo_F25-54_320 x 50_Click and View_NV_NA,204617210,10/12/2017,9106,114,8992,5356,3636,386,3250,2770,480,5742,4795,7565
TJN_HOM_025_HomeGoods Digital Video_Q4FY18,Tremor Video Inc.,PK1FYM_TJN_HOM_025_OLV_TREMOR NETWORK_AWR_BS1_DSK_DIR_VID_TRG_RON_BTG_CTG_DVY_ALL SCREEN PREROLL + SOCIAL AFFINITY TARGETING TO W25-54 HOME ENTHUSIASTS DESKTOP_Run of Network_Behavioral_F25-54_1280 x 720_Standard_NV_NA,205941870,10/12/2017,278,0,278,273,5,0,5,5,0,273,273,278
TJN_HOM_030_HomeGoods 2H Digital_F18,NinthDecimal,PJQ7NJ_TJN_HOM_030_Mobile_NINTHDECIMAL_DST_SV1_MAP_DIR_RCH_TRG_RON_BTG_DMA_DVY_CONSUMER JOURNEY: BARGAIN HUNTERS_Run of Network_Behavioral_F25-54_320 x 50_Click and View_NV_NA,204644353,9/20/2017,7323,161,7162,2785,4377,29,4348,4224,124,2814,2734,6958
TJN_HOM_030_HomeGoods 2H Digital_F18,xAd Inc.,PJQ7MH_TJN_HOM_030_Mobile_GROUND TRUTH FKA XAD_DST_SV1_MAP_DIR_DSP_TRG_RON_PXT_BTG_DVY_PROXIMITY LOYALTY - DYNAMIC DISTANCE_Run of Network_Geo_F25-54_300 x 250_Click and View_NV_NA,204675003,9/8/2017,19980,321,19659,19616,43,1,42,37,5,19617,17282,17319
TJN_HOM_008_HomeGoods Summer Digital_FY18,NinthDecimal,PHHXGM_TJN_HOM_008_Mobile_NINTHDECIMAL_CHILD_LUXURY SHOPPERS PROSPECTING_MOBILE APP_CUSTOM_DISPLAY_320X50_Run of Network_Behavioral_F25-54_320 x 50_Click and View_NV_NA,200581998,7/24/2017,32119,1010,31109,9714,21395,113,21282,19712,1570,9827,9102,28814
TJN_HOM_025_HomeGoods Digital Video_Q4FY18,Tremor Video Inc.,PK6DY1_TJN_HOM_025_OLV_TREMOR NETWORK_AWR_BS1_CTV_DIR_VID_TRG_RON_BTG_CTG_DVY_ALL SCREEN PREROLL + SOCIAL AFFINITY TARGETING TO W25-54 HOME ENTHUSIASTS CTV_Run of Network_Behavioral_F25-54_1280 x 720_Standard_NV_NA,205941318,10/12/2017,21209,0,21209,21209,0,0,0,0,0,21209,19391,19391
TJN_HOM_030_HomeGoods 2H Digital_F18,NinthDecimal,PJQ7NJ_TJN_HOM_030_Mobile_NINTHDECIMAL_DST_SV1_MAP_DIR_RCH_TRG_RON_BTG_DMA_DVY_CONSUMER JOURNEY: BARGAIN HUNTERS_Run of Network_Behavioral_F25-54_320 x 50_Click and View_NV_NA,204644353,10/30/2017,2992,34,2958,374,2584,14,2570,2488,82,388,376,2864
TJN_HOM_008_HomeGoods Summer Digital_FY18,xAd Inc.,PHHXGY_TJN_HOM_008_Mobile_XAD INC_CHILD_LOYALTY_MOBILE APP_CUSTOM_RICH MEDIA_320X50_GEO-FENCING_Run of Network_Geo_F25-54_320 x 50_Click and View_NV_NA,200584630,8/15/2017,22426,268,22158,17393,4765,260,4505,4285,220,17653,16791,21076
TJN_HOM_030_HomeGoods 2H Digital_F18,xAd Inc.,PJQ7ML_TJN_HOM_030_Mobile_GROUND TRUTH FKA XAD_DST_SV1_MAP_DIR_DSP_TRG_RON_BTG_DMA_DVY_BEHAVIORAL - HOME SHOPPER - DYNAMIC DISTANCE_Run of Network_Behavioral_F25-54_320 x 50_Click and View_NV_NA,204626174,9/27/2017,103942,2496,101446,67802,33644,2160,31484,23845,7639,69962,50423,74268
TJN_HOM_030_HomeGoods 2H Digital_F18,NinthDecimal,PJQ7N9_TJN_HOM_030_Mobile_NINTHDECIMAL_DST_SV1_MAP_DIR_RCH_TRG_RON_BTG_PXT_DVY_LOCATION GRAPH: TJX FAMILY LOYALISTS_Run of Network_Behavioral_F25-54_320 x 50_Click and View_NV_NA,204647917,9/19/2017,3382,79,3303,975,2328,12,2316,2234,82,987,952,3186
TJN_HOM_013_HomeGoods FEP_Q3FY18,Discovery Digital Media,PHWLS9_TJN_HOM_013_Content_DISCOVERY NETWORKS_Full Episode Video OTT/CTV_30s_FEP_Contextual_F25-54_1920 x 1080_Standard_NV_NA,201891428,8/11/2017,11099,22,11077,11077,0,0,0,0,0,11077,,
TJN_HOM_030_HomeGoods 2H Digital_F18,Nativo Inc.,PK87W8_TJN_HOM_030_Content_NATIVO FKA POST RLSE_DSI_BS2_MWB_DIR_NAD_ROT_RON_CTG_BTG_DVY_NATIVE DISPLAY UNIT FALL TRENDS_Run of Network_Contextual_F25-54_1 x 1_Click and View_NV_NA,206137761,10/1/2017,553761,27198,526563,2,526561,14973,511588,223632,287956,14975,6546,230178
TJN_HOM_008_HomeGoods Summer Digital_FY18,NinthDecimal,PHHXGL_TJN_HOM_008_Mobile_NINTHDECIMAL_CHILD_RETENTION_MOBILE APP_CUSTOM_DISPLAY_320X50_Run of Network_Behavioral_F25-54_320 x 50_Click and View_NV_NA,200585092,9/2/2017,9047,99,8948,992,7956,35,7921,7445,476,1027,965,8410
TJN_HOM_008_HomeGoods Summer Digital_FY18,NinthDecimal,PHHXGN_TJN_HOM_008_Mobile_NINTHDECIMAL_CHILD_LUXURY SHOPPERS RETENTION_MOBILE APP_CUSTOM_DISPLAY_320X50_Run of Network_Behavioral_F25-54_320 x 50_Click and View_NV_NA,200582901,8/31/2017,3879,29,3850,226,3624,31,3593,3276,317,257,234,3510
TJN_HOM_030_HomeGoods 2H Digital_F18,NinthDecimal,PJQ7NC_TJN_HOM_030_Mobile_NINTHDECIMAL_DST_SV1_MAP_DIR_RCH_TRG_RON_BTG_DMA_DVY_CONSUMER JOURNEY: DIYERS_Run of Network_Behavioral_F25-54_320 x 50_Click and View_NV_NA,204675009,9/12/2017,14620,268,14352,5727,8625,57,8568,8295,273,5784,5600,13895
TJN_HOM_008_HomeGoods Summer Digital_FY18,xAd Inc.,PHHXGW_TJN_HOM_008_Mobile_XAD INC_CHILD_LOCATION AUDIENCE-HOMEGOODS SHOPPERS_MOBILE APP_STANDARD_DISPLAY_320X50_Run of Network_Behavioral_F25-54_320 x 50_Click and View_NV_NA,200585089,8/6/2017,34137,784,33353,4168,29185,696,28489,20464,8025,4864,3494,23958
TJN_HOM_030_HomeGoods 2H Digital_F18,NinthDecimal,PJQ7N6_TJN_HOM_030_Mobile_NINTHDECIMAL_DST_SV1_MAP_DIR_RCH_TRG_RON_PXT_DMA_DVY_GEOFENCE: 5-10-MILE RADIUS AROUND SUBURBAN STORES_Run of Network_Geo_F25-54_320 x 50_Click and View_NV_NA,204646507,11/11/2017,24411,369,24042,1401,22641,73,22568,22059,509,1474,1441,23500
TJN_HOM_030_HomeGoods 2H Digital_F18,xAd Inc.,PJQ7MH_TJN_HOM_030_Mobile_GROUND TRUTH FKA XAD_DST_SV1_MAP_DIR_DSP_TRG_RON_PXT_BTG_DVY_PROXIMITY LOYALTY - DYNAMIC DISTANCE_Run of Network_Geo_F25-54_300 x 250_Click and View_NV_NA,204675003,10/28/2017,28055,532,27523,27523,0,0,0,0,0,27523,21729,21729
TJN_HOM_008_HomeGoods Summer Digital_FY18,Hulu,PHG79N_TJN_HOM_008_FEP_HULU_Masthead_SPONSORSHIP_CROSS DEVICE_CUSTOM_VIDEO_1X1_1X1_N/A_N/A_N/A_SITE_N/A_Roadblock_Demo_F25-54_1 x 1_Click and View_NV_NA,201462657,8/18/2017,80853,669,80184,80184,0,0,0,0,0,80184,70699,70699
TJN_HOM_013_HomeGoods FEP_Q3FY18,Scripps Networks,PHNKCT_TJN_HOM_013_FEP_SCRIPPSNETWORKS.COM_TVE_Crossplatform_FEP_Demo_F25-54_1 x 1_Click and View_NV_NA,201878832,8/31/2017,349,2,347,347,0,0,0,0,0,347,,
TJN_HOM_008_HomeGoods Summer Digital_FY18,xAd Inc.,PHHXGT_TJN_HOM_008_Mobile_XAD INC_CHILD_CONQUESTING_MOBILE APP_STANDARD_DISPLAY_320X50_GEO-FENCING_Run of Network_Geo_F25-54_320 x 50_Click and View_NV_NA,200573066,8/28/2017,48588,593,47995,22529,25466,325,25141,24762,379,22854,22509,47271
TJN_HOM_030_HomeGoods 2H Digital_F18,NinthDecimal,PJQ7N7_TJN_HOM_030_Mobile_NINTHDECIMAL_DST_SV1_MAP_DIR_RCH_TRG_RON_PXT_DMA_DVY_GEOFENCE: 15-20-MILE RADIUS AROUND RURAL STORES_Run of Network_Geo_F25-54_320 x 50_Click and View_NV_NA,204674556,11/7/2017,26637,609,26028,2218,23810,105,23705,23035,670,2323,2257,25292
TJN_HOM_025_HomeGoods Digital Video_Q4FY18,Tremor Video Inc.,PK6DWD_TJN_HOM_025_OLV_TREMOR NETWORK_AWR_BS1_MAP_DIR_VID_TRG_RON_BTG_CTG_DVY_ALL SCREEN PREROLL + SOCIAL AFFINITY TARGETING TO W25-54 HOME ENTHUSIASTS MOB/TAB APP_Run of Network_Behavioral_F25-54_1280 x 720_Standard_NV_NA,205941321,10/4/2017,35686,388,35298,35266,32,18,14,6,8,35284,15122,15128
TJN_HOM_030_HomeGoods 2H Digital_F18,xAd Inc.,PJQ7MQ_TJN_HOM_030_Mobile_GROUND TRUTH FKA XAD_DST_SV1_MAP_DIR_DSP_TRG_RON_MKT_DMA_DVY_LOCATION - COMPETITOR SHOPPERS - DYNAMIC DISTANCE_Run of Network_Geo_F25-54_320 x 50_Click and View_NV_NA,204617210,9/4/2017,4,0,4,0,4,0,4,4,0,0,0,4
TJN_HOM_030_HomeGoods 2H Digital_F18,NinthDecimal,PJQ7N7_TJN_HOM_030_Mobile_NINTHDECIMAL_DST_SV1_MAP_DIR_RCH_TRG_RON_PXT_DMA_DVY_GEOFENCE: 15-20-MILE RADIUS AROUND RURAL STORES_Run of Network_Geo_F25-54_320 x 50_Click and View_NV_NA,204674556,11/1/2017,10957,213,10744,1945,8799,48,8751,8553,198,1993,1948,10501
TJN_HOM_030_HomeGoods 2H Digital_F18,NinthDecimal,PJQ7NF_TJN_HOM_030_Mobile_NINTHDECIMAL_DST_SV1_MAP_DIR_RCH_TRG_RON_BTG_DMA_DVY_CONSUMER JOURNEY: HOME FURNISHINGS SHOPPERS_Run of Network_Behavioral_F25-54_320 x 50_Click and View_NV_NA,204626291,10/8/2017,8745,177,8568,5286,3282,19,3263,3137,126,5305,5100,8237
TJN_HOM_008_HomeGoods Summer Digital_FY18,NinthDecimal,PHHXGK_TJN_HOM_008_Mobile_NINTHDECIMAL_CHILD_PROSPECTING_MOBILE APP_CUSTOM_DISPLAY_320X50_Run of Network_Behavioral_F25-54_320 x 50_Click and View_NV_NA,200587954,8/30/2017,210630,5031,205599,71803,133796,1028,132768,127176,5592,72831,69763,196939
TJN_HOM_008_HomeGoods Summer Digital_FY18,Hulu,PHG79N_TJN_HOM_008_FEP_HULU_Masthead_SPONSORSHIP_CROSS DEVICE_CUSTOM_VIDEO_1X1_1X1_N/A_N/A_N/A_SITE_N/A_Roadblock_Demo_F25-54_1 x 1_Click and View_NV_NA,201462657,9/5/2017,49,0,49,49,0,0,0,0,0,49,47,47
TJN_HOM_008_HomeGoods Summer Digital_FY18,Hulu,PHG79N_TJN_HOM_008_FEP_HULU_Masthead_SPONSORSHIP_CROSS DEVICE_CUSTOM_VIDEO_1X1_1X1_N/A_N/A_N/A_SITE_N/A_Roadblock_Demo_F25-54_1 x 1_Click and View_NV_NA,201462657,8/5/2017,86826,782,86044,86044,0,0,0,0,0,86044,72750,72750
TJN_HOM_008_HomeGoods Summer Digital_FY18,NinthDecimal,PHHXGP_TJN_HOM_008_Mobile_NINTHDECIMAL_CHILD_PET OWNERS PROSPECTING_MOBILE APP_CUSTOM_DISPLAY_320X50_Run of Network_Behavioral_F25-54_320 x 50_Click and View_NV_NA,200586375,8/17/2017,30163,248,29915,5793,24122,116,24006,22781,1225,5909,5607,28388
TJN_HOM_008_HomeGoods Summer Digital_FY18,Hulu,PHG79M_TJN_HOM_008_FEP_HULU_Premium Slate_CROSS DEVICE_PRE-ROLL_CUSTOM_VECTOR LOGO_1X1_N/A_N/A_N/A_SITE_N/A_Roadblock_Demo_F25-54_1 x 1_Click and View_NV_NA,201466502,7/30/2017,83525,680,82845,82845,0,0,0,0,0,82845,72813,72813
TJN_HOM_030_HomeGoods 2H Digital_F18,NinthDecimal,PJQ7N9_TJN_HOM_030_Mobile_NINTHDECIMAL_DST_SV1_MAP_DIR_RCH_TRG_RON_BTG_PXT_DVY_LOCATION GRAPH: TJX FAMILY LOYALISTS_Run of Network_Behavioral_F25-54_320 x 50_Click and View_NV_NA,204647917,9/16/2017,4780,81,4699,1343,3356,20,3336,3217,119,1363,1314,4531
TJN_HOM_008_HomeGoods Summer Digital_FY18,xAd Inc.,PHHXGY_TJN_HOM_008_Mobile_XAD INC_CHILD_LOYALTY_MOBILE APP_CUSTOM_RICH MEDIA_320X50_GEO-FENCING_Run of Network_Geo_F25-54_320 x 50_Click and View_NV_NA,200584630,8/13/2017,24734,219,24515,15664,8851,214,8637,8374,263,15878,15395,23769
TJN_HOM_030_HomeGoods 2H Digital_F18,NinthDecimal,PJQ7NB_TJN_HOM_030_Mobile_NINTHDECIMAL_DST_SV1_MAP_DIR_RCH_TRG_RON_BTG_PXT_DVY_LOCATION GRAPH: COMPETITIVE CONQUESTING_Run of Network_Behavioral_F25-54_320 x 50_Click and View_NV_NA,204649942,9/18/2017,6715,143,6572,2425,4147,22,4125,4003,122,2447,2375,6378
TJN_HOM_008_HomeGoods Summer Digital_FY18,Hulu,PHG79P_TJN_HOM_008_FEP_HULU_PageBrand_SPONSORSHIP_CROSS DEVICE_CUSTOM_VIDEO_1X1_1X1_N/A_N/A_N/A_SITE_N/A_Roadblock_Demo_F25-54_1 x 1_Click and View_NV_NA,201464250,8/4/2017,18,0,18,18,0,0,0,0,0,18,15,15
TJN_HOM_008_HomeGoods Summer Digital_FY18,xAd Inc.,PHHXGX_TJN_HOM_008_Mobile_XAD INC_CHILD_LOCATION AUDIENCE-HOMEGOODS SHOPPERS_MOBILE APP_STANDARD_DISPLAY_300X250_Run of Network_Behavioral_F25-54_300 x 250_Click and View_NV_NA,200587524,8/17/2017,6365,142,6223,1,6222,6221,1,1,0,6222,6222,6223
TJN_HOM_030_HomeGoods 2H Digital_F18,xAd Inc.,PJQ7MR_TJN_HOM_030_Mobile_GROUND TRUTH FKA XAD_DST_SV1_MAP_DIR_DSP_TRG_RON_MKT_DMA_DVY_LOCATION - COMPETITOR SHOPPERS - DYNAMIC DISTANCE_Run of Network_Geo_F25-54_300 x 250_Click and View_NV_NA,204647890,11/9/2017,22387,1233,21154,21152,2,0,2,2,0,21152,21152,21154
TJN_HOM_008_HomeGoods Summer Digital_FY18,xAd Inc.,PHHXH0_TJN_HOM_008_Mobile_XAD INC_STANDALONE_RON_MOBILE APP_STANDARD_DISPLAY_320X50_GEO-FENCING_Run of Network_Behavioral_F25-54_320 x 50_Click and View_NV_NA,200587948,8/31/2017,292513,3546,288967,154866,134101,2163,131938,126888,5050,157029,151019,277907
TJN_HOM_030_HomeGoods 2H Digital_F18,NinthDecimal,PJQ7NF_TJN_HOM_030_Mobile_NINTHDECIMAL_DST_SV1_MAP_DIR_RCH_TRG_RON_BTG_DMA_DVY_CONSUMER JOURNEY: HOME FURNISHINGS SHOPPERS_Run of Network_Behavioral_F25-54_320 x 50_Click and View_NV_NA,204626291,10/29/2017,4710,28,4682,217,4465,8,4457,4339,118,225,219,4558
TJN_HOM_008_HomeGoods Summer Digital_FY18,NinthDecimal,PHHXGL_TJN_HOM_008_Mobile_NINTHDECIMAL_CHILD_RETENTION_MOBILE APP_CUSTOM_DISPLAY_320X50_Run of Network_Behavioral_F25-54_320 x 50_Click and View_NV_NA,200585092,8/26/2017,12477,37,12440,1702,10738,37,10701,10231,470,1739,1663,11894
TJN_HOM_030_HomeGoods 2H Digital_F18,Nativo Inc.,PK87W8_TJN_HOM_030_Content_NATIVO FKA POST RLSE_DSI_BS2_MWB_DIR_NAD_ROT_RON_CTG_BTG_DVY_NATIVE DISPLAY UNIT FALL TRENDS_Run of Network_Contextual_F25-54_1 x 1_Click and View_NV_NA,206137761,10/2/2017,609922,52525,557397,0,557397,14803,542594,242355,300239,14803,6612,248967
TJN_HOM_008_HomeGoods Summer Digital_FY18,xAd Inc.,PHHXGZ_TJN_HOM_008_Mobile_XAD INC_CHILD_LOYALTY_MOBILE APP_CUSTOM_RICH MEDIA_300X250_GEO-FENCING_Run of Network_Geo_F25-54_300 x 250_Click and View_NV_NA,200577158,9/4/2017,9789,124,9665,9295,370,25,345,319,26,9320,8605,8924
TJN_HOM_008_HomeGoods Summer Digital_FY18,xAd Inc.,PHHXH0_TJN_HOM_008_Mobile_XAD INC_STANDALONE_RON_MOBILE APP_STANDARD_DISPLAY_320X50_GEO-FENCING_Run of Network_Behavioral_F25-54_320 x 50_Click and View_NV_NA,200587948,7/28/2017,11944,135,11809,6953,4856,73,4783,3246,1537,7026,4768,8014
TJN_HOM_008_HomeGoods Summer Digital_FY18,NinthDecimal,PHHXGQ_TJN_HOM_008_Mobile_NINTHDECIMAL_CHILD_PET OWNERS RETENTION_MOBILE APP_CUSTOM_DISPLAY_320X50_Run of Network_Behavioral_F25-54_320 x 50_Click and View_NV_NA,200578886,7/19/2017,1675,15,1660,434,1226,4,1222,1172,50,438,420,1592
TJN_HOM_008_HomeGoods Summer Digital_FY18,xAd Inc.,PHHXGS_TJN_HOM_008_Mobile_XAD INC_CHILD_LOYALTY_MOBILE APP_STANDARD_DISPLAY_300X250_GEO-FENCING_Run of Network_Geo_F25-54_300 x 250_Click and View_NV_NA,200583064,8/2/2017,6476,109,6367,3301,3066,2716,350,344,6,6017,5914,6258
TJN_HOM_008_HomeGoods Summer Digital_FY18,xAd Inc.,PHHXGY_TJN_HOM_008_Mobile_XAD INC_CHILD_LOYALTY_MOBILE APP_CUSTOM_RICH MEDIA_320X50_GEO-FENCING_Run of Network_Geo_F25-54_320 x 50_Click and View_NV_NA,200584630,8/1/2017,34319,419,33900,14803,19097,133,18964,18672,292,14936,14706,33378
TJN_HOM_008_HomeGoods Summer Digital_FY18,Hulu,PHG79N_TJN_HOM_008_FEP_HULU_Masthead_SPONSORSHIP_CROSS DEVICE_CUSTOM_VIDEO_1X1_1X1_N/A_N/A_N/A_SITE_N/A_Roadblock_Demo_F25-54_1 x 1_Click and View_NV_NA,201462657,9/14/2017,2,0,2,2,0,0,0,0,0,2,2,2
TJN_HOM_030_HomeGoods 2H Digital_F18,NinthDecimal,PJQ7N5_TJN_HOM_030_Mobile_NINTHDECIMAL_DST_SV1_MAP_DIR_RCH_TRG_RON_PXT_DMA_DVY_GEOFENCE: 2-MILE RADIUS AROUND URBAN STORES_Run of Network_Geo_F25-54_320 x 50_Click and View_NV_NA,204649945,9/19/2017,10388,197,10191,4786,5405,34,5371,5178,193,4820,4647,9825
TJN_HOM_013_HomeGoods FEP_Q3FY18,Discovery Digital Media,PHWLS9_TJN_HOM_013_Content_DISCOVERY NETWORKS_Full Episode Video OTT/CTV_30s_FEP_Contextual_F25-54_1920 x 1080_Standard_NV_NA,201891428,8/24/2017,13000,6,12994,12994,0,0,0,0,0,12994,,
TJN_HOM_030_HomeGoods 2H Digital_F18,xAd Inc.,PJQ7MM_TJN_HOM_030_Mobile_GROUND TRUTH FKA XAD_DST_SV1_MAP_DIR_DSP_TRG_RON_BTG_DMA_DVY_BEHAVIORAL - HOME SHOPPER- DYNAMIC DISTANCE_Run of Network_Behavioral_F25-54_300 x 250_Click and View_NV_NA,204626171,9/18/2017,5568,250,5318,5314,4,0,4,1,3,5314,1329,1330
TJN_HOM_030_HomeGoods 2H Digital_F18,Nativo Inc.,PK87W8_TJN_HOM_030_Content_NATIVO FKA POST RLSE_DSI_BS2_MWB_DIR_NAD_ROT_RON_CTG_BTG_DVY_NATIVE DISPLAY UNIT FALL TRENDS_Run of Network_Contextual_F25-54_1 x 1_Click and View_NV_NA,206137761,10/25/2017,617572,28420,589152,13129,576023,53075,522948,193341,329607,66204,24477,217818
TJN_HOM_013_HomeGoods FEP_Q3FY18,Scripps Networks,PHNKCR_TJN_HOM_013_FEP_SCRIPPSNETWORKS.COM_On-site_Crossplatform_FEP_Demo_F25-54_1280 x 720_Standard_NV_NA,201888442,9/19/2017,2530,13,2517,2517,0,0,0,0,0,2517,,
TJN_HOM_030_HomeGoods 2H Digital_F18,xAd Inc.,PJQ7MG_TJN_HOM_030_Mobile_GROUND TRUTH FKA XAD_DST_SV1_MAP_DIR_DSP_TRG_RON_PXT_BTG_DVY_PROXIMITY LOYALTY - DYNAMIC DISTANCE_Run of Network_Geo_F25-54_320 x 50_Click and View_NV_NA,204626813,9/19/2017,37768,1000,36768,21355,15413,4257,11156,9302,1854,25612,17556,26858
TJN_HOM_008_HomeGoods Summer Digital_FY18,xAd Inc.,PHHXGZ_TJN_HOM_008_Mobile_XAD INC_CHILD_LOYALTY_MOBILE APP_CUSTOM_RICH MEDIA_300X250_GEO-FENCING_Run of Network_Geo_F25-54_300 x 250_Click and View_NV_NA,200577158,8/14/2017,1756,32,1724,1289,435,1,434,406,28,1290,1207,1613
TJN_HOM_008_HomeGoods Summer Digital_FY18,Hulu,PHG79J_TJN_HOM_008_FEP_HULU_Branded Slate_ROS_CROSS DEVICE_PRE-ROLL_CUSTOM_VECTOR LOGO_1X1_AUDIENCE_N/A_N/A_SITE_N/A_Run of Site_Demo_F25-54_1 x 1_Click and View_NV_NA,201467345,9/30/2017,5883,35,5848,5848,0,0,0,0,0,5848,5215,5215
TJN_HOM_008_HomeGoods Summer Digital_FY18,xAd Inc.,PHHXGY_TJN_HOM_008_Mobile_XAD INC_CHILD_LOYALTY_MOBILE APP_CUSTOM_RICH MEDIA_320X50_GEO-FENCING_Run of Network_Geo_F25-54_320 x 50_Click and View_NV_NA,200584630,7/29/2017,21829,191,21638,20560,1078,87,991,903,88,20647,18814,19717
TJN_HOM_030_HomeGoods 2H Digital_F18,NinthDecimal,PJQ7N5_TJN_HOM_030_Mobile_NINTHDECIMAL_DST_SV1_MAP_DIR_RCH_TRG_RON_PXT_DMA_DVY_GEOFENCE: 2-MILE RADIUS AROUND URBAN STORES_Run of Network_Geo_F25-54_320 x 50_Click and View_NV_NA,204649945,10/13/2017,7884,236,7648,4292,3356,31,3325,3173,152,4323,4125,7298
TJN_HOM_008_HomeGoods Summer Digital_FY18,xAd Inc.,PHHXGX_TJN_HOM_008_Mobile_XAD INC_CHILD_LOCATION AUDIENCE-HOMEGOODS SHOPPERS_MOBILE APP_STANDARD_DISPLAY_300X250_Run of Network_Behavioral_F25-54_300 x 250_Click and View_NV_NA,200587524,8/16/2017,6263,976,5287,70,5217,5165,52,48,4,5235,4832,4880
TJN_HOM_030_HomeGoods 2H Digital_F18,Nativo Inc.,PK87W8_TJN_HOM_030_Content_NATIVO FKA POST RLSE_DSI_BS2_MWB_DIR_NAD_ROT_RON_CTG_BTG_DVY_NATIVE DISPLAY UNIT FALL TRENDS_Run of Network_Contextual_F25-54_1 x 1_Click and View_NV_NA,206137761,10/3/2017,238588,18414,220174,206,219968,8235,211733,87338,124395,8441,3482,90820
TJN_HOM_013_HomeGoods FEP_Q3FY18,Scripps Networks,PHNKCT_TJN_HOM_013_FEP_SCRIPPSNETWORKS.COM_TVE_Crossplatform_FEP_Demo_F25-54_1 x 1_Click and View_NV_NA,201878832,7/28/2017,746,6,740,740,0,0,0,0,0,740,,
TJN_HOM_013_HomeGoods FEP_Q3FY18,Discovery Digital Media,PHWLS9_TJN_HOM_013_Content_DISCOVERY NETWORKS_Full Episode Video OTT/CTV_30s_FEP_Contextual_F25-54_1920 x 1080_Standard_NV_NA,201891428,8/20/2017,12099,24,12075,12075,0,0,0,0,0,12075,,
TJN_HOM_030_HomeGoods 2H Digital_F18,NinthDecimal,"PJQ7NK_TJN_HOM_030_Mobile_NINTHDECIMAL_DST_SV1_MAP_DIR_RCH_TRG_RON_BTG_DMA_DVY_TV TARGETING: HGTV, DIY NETWORK, BRAVO, TLC, FOOD NETWORK_Run of Network_Behavioral_F25-54_320 x 50_Click and View_NV_NA",204674553,9/20/2017,4718,94,4624,1534,3090,22,3068,2969,99,1556,1506,4475
TJN_HOM_030_HomeGoods 2H Digital_F18,NinthDecimal,PJQ7ND_TJN_HOM_030_Mobile_NINTHDECIMAL_DST_SV1_MAP_DIR_RCH_TRG_RON_BTG_DMA_DVY_CONSUMER JOURNEY: HOUSEHOLD CEO_Run of Network_Behavioral_F25-54_320 x 50_Click and View_NV_NA,204626294,10/30/2017,3549,36,3513,487,3026,12,3014,2916,98,499,483,3399
TJN_HOM_008_HomeGoods Summer Digital_FY18,NinthDecimal,Rolled-up Placements,N/A,7/6/2017,101646,1572,100074,39832,60242,306,59936,56982,2954,40138,38273,95255
TJN_HOM_008_HomeGoods Summer Digital_FY18,xAd Inc.,Rolled-up Placements,N/A,7/3/2017,173075,23452,149623,122046,27577,12973,14604,10741,3863,135019,98164,108905
TJN_HOM_030_HomeGoods 2H Digital_F18,NinthDecimal,PJQ7N5_TJN_HOM_030_Mobile_NINTHDECIMAL_DST_SV1_MAP_DIR_RCH_TRG_RON_PXT_DMA_DVY_GEOFENCE: 2-MILE RADIUS AROUND URBAN STORES_Run of Network_Geo_F25-54_320 x 50_Click and View_NV_NA,204649945,9/13/2017,7295,208,7087,3029,4058,19,4039,3908,131,3048,2949,6857
TJN_HOM_030_HomeGoods 2H Digital_F18,NinthDecimal,PJQ7N5_TJN_HOM_030_Mobile_NINTHDECIMAL_DST_SV1_MAP_DIR_RCH_TRG_RON_PXT_DMA_DVY_GEOFENCE: 2-MILE RADIUS AROUND URBAN STORES_Run of Network_Geo_F25-54_320 x 50_Click and View_NV_NA,204649945,11/13/2017,18,0,18,4,14,0,14,14,0,4,4,18
TJN_HOM_030_HomeGoods 2H Digital_F18,xAd Inc.,PJQ7MG_TJN_HOM_030_Mobile_GROUND TRUTH FKA XAD_DST_SV1_MAP_DIR_DSP_TRG_RON_PXT_BTG_DVY_PROXIMITY LOYALTY - DYNAMIC DISTANCE_Run of Network_Geo_F25-54_320 x 50_Click and View_NV_NA,204626813,9/13/2017,39395,808,38587,29412,9175,834,8341,7109,1232,30246,13143,20252
TJN_HOM_008_HomeGoods Summer Digital_FY18,NinthDecimal,PHHXGN_TJN_HOM_008_Mobile_NINTHDECIMAL_CHILD_LUXURY SHOPPERS RETENTION_MOBILE APP_CUSTOM_DISPLAY_320X50_Run of Network_Behavioral_F25-54_320 x 50_Click and View_NV_NA,200582901,7/28/2017,2731,25,2706,482,2224,19,2205,1900,305,501,432,2332
TJN_HOM_008_HomeGoods Summer Digital_FY18,NinthDecimal,PHHXGP_TJN_HOM_008_Mobile_NINTHDECIMAL_CHILD_PET OWNERS PROSPECTING_MOBILE APP_CUSTOM_DISPLAY_320X50_Run of Network_Behavioral_F25-54_320 x 50_Click and View_NV_NA,200586375,8/16/2017,32278,336,31942,4583,27359,117,27242,26648,594,4700,4598,31246
TJN_HOM_013_HomeGoods FEP_Q3FY18,Discovery Digital Media,PHWLS8_TJN_HOM_013_Content_DISCOVERY NETWORKS_Full Episode Video Tablet Web_30s_FEP_Contextual_F25-54_1920 x 1080_Standard_NV_NA,201899695,9/9/2017,871,12,859,859,0,0,0,0,0,859,,
TJN_HOM_013_HomeGoods FEP_Q3FY18,Scripps Networks,PHNKCR_TJN_HOM_013_FEP_SCRIPPSNETWORKS.COM_On-site_Crossplatform_FEP_Demo_F25-54_1280 x 720_Standard_NV_NA,201888442,9/13/2017,2003,20,1983,1983,0,0,0,0,0,1983,,
TJN_HOM_030_HomeGoods 2H Digital_F18,NinthDecimal,"PJQ7NK_TJN_HOM_030_Mobile_NINTHDECIMAL_DST_SV1_MAP_DIR_RCH_TRG_RON_BTG_DMA_DVY_TV TARGETING: HGTV, DIY NETWORK, BRAVO, TLC, FOOD NETWORK_Run of Network_Behavioral_F25-54_320 x 50_Click and View_NV_NA",204674553,10/30/2017,13678,189,13489,1115,12374,57,12317,12025,292,1172,1144,13169
TJN_HOM_030_HomeGoods 2H Digital_F18,NinthDecimal,PJQ7N7_TJN_HOM_030_Mobile_NINTHDECIMAL_DST_SV1_MAP_DIR_RCH_TRG_RON_PXT_DMA_DVY_GEOFENCE: 15-20-MILE RADIUS AROUND RURAL STORES_Run of Network_Geo_F25-54_320 x 50_Click and View_NV_NA,204674556,11/2/2017,4986,83,4903,1171,3732,19,3713,3625,88,1190,1162,4787
TJN_HOM_030_HomeGoods 2H Digital_F18,NinthDecimal,PJQ7ND_TJN_HOM_030_Mobile_NINTHDECIMAL_DST_SV1_MAP_DIR_RCH_TRG_RON_BTG_DMA_DVY_CONSUMER JOURNEY: HOUSEHOLD CEO_Run of Network_Behavioral_F25-54_320 x 50_Click and View_NV_NA,204626294,9/20/2017,7703,180,7523,2631,4892,14,4878,4783,95,2645,2593,7376
TJN_HOM_008_HomeGoods Summer Digital_FY18,NinthDecimal,PHHXGM_TJN_HOM_008_Mobile_NINTHDECIMAL_CHILD_LUXURY SHOPPERS PROSPECTING_MOBILE APP_CUSTOM_DISPLAY_320X50_Run of Network_Behavioral_F25-54_320 x 50_Click and View_NV_NA,200581998,8/21/2017,41394,1598,39796,10212,29584,199,29385,27554,1831,10411,9762,37316
TJN_HOM_030_HomeGoods 2H Digital_F18,xAd Inc.,PJQ7MG_TJN_HOM_030_Mobile_GROUND TRUTH FKA XAD_DST_SV1_MAP_DIR_DSP_TRG_RON_PXT_BTG_DVY_PROXIMITY LOYALTY - DYNAMIC DISTANCE_Run of Network_Geo_F25-54_320 x 50_Click and View_NV_NA,204626813,10/13/2017,68938,2462,66476,60825,5651,1710,3941,3409,532,62535,52273,55682
TJN_HOM_030_HomeGoods 2H Digital_F18,xAd Inc.,PJQ7MJ_TJN_HOM_030_Mobile_GROUND TRUTH FKA XAD_DST_SV1_MAP_DIR_DSP_TRG_RON_PXT_BTG_DVY_PROXIMITY LOYALTY - STORE LOCATOR UNIT_Run of Network_Geo_F25-54_320 x 50_Click and View_NV_NA,204649939,10/22/2017,8097,191,7906,2740,5166,65,5101,4985,116,2805,2741,7726
TJN_HOM_008_HomeGoods Summer Digital_FY18,xAd Inc.,PHHXGT_TJN_HOM_008_Mobile_XAD INC_CHILD_CONQUESTING_MOBILE APP_STANDARD_DISPLAY_320X50_GEO-FENCING_Run of Network_Geo_F25-54_320 x 50_Click and View_NV_NA,200573066,8/5/2017,44910,507,44403,32353,12050,145,11905,9382,2523,32498,25611,34993
TJN_HOM_030_HomeGoods 2H Digital_F18,xAd Inc.,PJQ7MG_TJN_HOM_030_Mobile_GROUND TRUTH FKA XAD_DST_SV1_MAP_DIR_DSP_TRG_RON_PXT_BTG_DVY_PROXIMITY LOYALTY - DYNAMIC DISTANCE_Run of Network_Geo_F25-54_320 x 50_Click and View_NV_NA,204626813,9/16/2017,34468,692,33776,23929,9847,4604,5243,4260,983,28533,18565,22825
TJN_HOM_013_HomeGoods FEP_Q3FY18,Scripps Networks,PHNKCR_TJN_HOM_013_FEP_SCRIPPSNETWORKS.COM_On-site_Crossplatform_FEP_Demo_F25-54_1280 x 720_Standard_NV_NA,201888442,9/16/2017,3556,9,3547,3547,0,0,0,0,0,3547,,
TJN_HOM_025_HomeGoods Digital Video_Q4FY18,Tremor Video Inc.,PK6F30_TJN_HOM_025_OLV_TREMOR NETWORK_AWR_BS1_CTV_DIR_VID_TRG_RON_PXT_CTG_DVY_ALL SCREEN PREROLL + PROXIMITYPLUS DWELL TIME TARGETING TO HOMEGOODS VISITORS CTV_Run of Network_Behavioral_F25-54_1280 x 720_Standard_NV_NA,205942131,10/13/2017,32493,0,32493,32493,0,0,0,0,0,32493,0,0
TJN_HOM_013_HomeGoods FEP_Q3FY18,Discovery Digital Media,PHWLS9_TJN_HOM_013_Content_DISCOVERY NETWORKS_Full Episode Video OTT/CTV_30s_FEP_Contextual_F25-54_1920 x 1080_Standard_NV_NA,201891428,9/30/2017,3,0,3,3,0,0,0,0,0,3,,
TJN_HOM_030_HomeGoods 2H Digital_F18,xAd Inc.,PJQ7MP_TJN_HOM_030_Mobile_GROUND TRUTH FKA XAD_DST_SV1_MAP_DIR_DSP_TRG_RON_MKT_DMA_DVY_LOCATION - HOMEGOODS SHOPPERS - DYNAMIC DISTANCE_Run of Network_Geo_F25-54_300 x 250_Click and View_NV_NA,204647878,10/16/2017,7016,100,6916,6916,0,0,0,0,0,6916,6404,6404
TJN_HOM_008_HomeGoods Summer Digital_FY18,xAd Inc.,Rolled-up Placements,N/A,6/22/2017,140587,17411,123176,86410,36766,17295,19471,14858,4613,103705,83337,98195
TJN_HOM_008_HomeGoods Summer Digital_FY18,Hulu,PHG79M_TJN_HOM_008_FEP_HULU_Premium Slate_CROSS DEVICE_PRE-ROLL_CUSTOM_VECTOR LOGO_1X1_N/A_N/A_N/A_SITE_N/A_Roadblock_Demo_F25-54_1 x 1_Click and View_NV_NA,201466502,8/25/2017,66578,481,66097,66097,0,0,0,0,0,66097,63878,63878
TJN_HOM_008_HomeGoods Summer Digital_FY18,xAd Inc.,PHHXH0_TJN_HOM_008_Mobile_XAD INC_STANDALONE_RON_MOBILE APP_STANDARD_DISPLAY_320X50_GEO-FENCING_Run of Network_Behavioral_F25-54_320 x 50_Click and View_NV_NA,200587948,9/1/2017,130509,1739,128770,62215,66555,573,65982,64899,1083,62788,61757,126656
TJN_HOM_008_HomeGoods Summer Digital_FY18,Hulu,PHG79J_TJN_HOM_008_FEP_HULU_Branded Slate_ROS_CROSS DEVICE_PRE-ROLL_CUSTOM_VECTOR LOGO_1X1_AUDIENCE_N/A_N/A_SITE_N/A_Run of Site_Demo_F25-54_1 x 1_Click and View_NV_NA,201467345,8/24/2017,3582,29,3553,3553,0,0,0,0,0,3553,3443,3443
TJN_HOM_030_HomeGoods 2H Digital_F18,NinthDecimal,PJQ7N5_TJN_HOM_030_Mobile_NINTHDECIMAL_DST_SV1_MAP_DIR_RCH_TRG_RON_PXT_DMA_DVY_GEOFENCE: 2-MILE RADIUS AROUND URBAN STORES_Run of Network_Geo_F25-54_320 x 50_Click and View_NV_NA,204649945,9/16/2017,5542,122,5420,2386,3034,27,3007,2906,101,2413,2332,5238
TJN_HOM_025_HomeGoods Digital Video_Q4FY18,Tremor Video Inc.,PK6DWD_TJN_HOM_025_OLV_TREMOR NETWORK_AWR_BS1_MAP_DIR_VID_TRG_RON_BTG_CTG_DVY_ALL SCREEN PREROLL + SOCIAL AFFINITY TARGETING TO W25-54 HOME ENTHUSIASTS MOB/TAB APP_Run of Network_Behavioral_F25-54_1280 x 720_Standard_NV_NA,205941321,10/21/2017,171691,3190,168501,163915,4586,257,4329,58,4271,164172,2200,2258
TJN_HOM_008_HomeGoods Summer Digital_FY18,Hulu,PHG79M_TJN_HOM_008_FEP_HULU_Premium Slate_CROSS DEVICE_PRE-ROLL_CUSTOM_VECTOR LOGO_1X1_N/A_N/A_N/A_SITE_N/A_Roadblock_Demo_F25-54_1 x 1_Click and View_NV_NA,201466502,7/25/2017,75289,648,74641,74641,0,0,0,0,0,74641,67753,67753
TJN_HOM_030_HomeGoods 2H Digital_F18,NinthDecimal,PJQ7N7_TJN_HOM_030_Mobile_NINTHDECIMAL_DST_SV1_MAP_DIR_RCH_TRG_RON_PXT_DMA_DVY_GEOFENCE: 15-20-MILE RADIUS AROUND RURAL STORES_Run of Network_Geo_F25-54_320 x 50_Click and View_NV_NA,204674556,9/2/2017,3,0,3,1,2,2,0,0,0,3,3,3
TJN_HOM_008_HomeGoods Summer Digital_FY18,NinthDecimal,Rolled-up Placements,N/A,6/30/2017,103136,1104,102032,30365,71667,382,71285,66931,4354,30747,28932,95863
TJN_HOM_030_HomeGoods 2H Digital_F18,xAd Inc.,PJQ7MN_TJN_HOM_030_Mobile_GROUND TRUTH FKA XAD_DST_SV1_MAP_DIR_DSP_TRG_RON_MKT_DMA_DVY_LOCATION - HOMEGOODS SHOPPERS - DYNAMIC DISTANCE_Run of Network_Geo_F25-54_320 x 50_Click and View_NV_NA,204651439,10/18/2017,6024,37,5987,5393,594,13,581,456,125,5406,3774,4230
TJN_HOM_008_HomeGoods Summer Digital_FY18,NinthDecimal,PHHXGN_TJN_HOM_008_Mobile_NINTHDECIMAL_CHILD_LUXURY SHOPPERS RETENTION_MOBILE APP_CUSTOM_DISPLAY_320X50_Run of Network_Behavioral_F25-54_320 x 50_Click and View_NV_NA,200582901,9/1/2017,2714,46,2668,248,2420,11,2409,2208,201,259,237,2445
TJN_HOM_008_HomeGoods Summer Digital_FY18,xAd Inc.,PHHXGT_TJN_HOM_008_Mobile_XAD INC_CHILD_CONQUESTING_MOBILE APP_STANDARD_DISPLAY_320X50_GEO-FENCING_Run of Network_Geo_F25-54_320 x 50_Click and View_NV_NA,200573066,8/18/2017,108265,1546,106719,55773,50946,1200,49746,43098,6648,56973,49359,92457
TJN_HOM_013_HomeGoods FEP_Q3FY18,Discovery Digital Media,PHWLS5_TJN_HOM_013_Content_DISCOVERY NETWORKS_Full Episode Video Desktop_30s_FEP_Contextual_F25-54_1920 x 1080_Standard_NV_NA,201895013,8/27/2017,4280,73,4207,4207,0,0,0,0,0,4207,,
TJN_HOM_008_HomeGoods Summer Digital_FY18,Hulu,PHG79N_TJN_HOM_008_FEP_HULU_Masthead_SPONSORSHIP_CROSS DEVICE_CUSTOM_VIDEO_1X1_1X1_N/A_N/A_N/A_SITE_N/A_Roadblock_Demo_F25-54_1 x 1_Click and View_NV_NA,201462657,8/28/2017,142377,1231,141146,141146,0,0,0,0,0,141146,137086,137086
TJN_HOM_013_HomeGoods FEP_Q3FY18,Discovery Digital Media,PHWLS5_TJN_HOM_013_Content_DISCOVERY NETWORKS_Full Episode Video Desktop_30s_FEP_Contextual_F25-54_1920 x 1080_Standard_NV_NA,201895013,8/9/2017,4120,109,4011,4011,0,0,0,0,0,4011,,
TJN_HOM_008_HomeGoods Summer Digital_FY18,NinthDecimal,PHHXGK_TJN_HOM_008_Mobile_NINTHDECIMAL_CHILD_PROSPECTING_MOBILE APP_CUSTOM_DISPLAY_320X50_Run of Network_Behavioral_F25-54_320 x 50_Click and View_NV_NA,200587954,8/12/2017,181306,2355,178951,49058,129893,807,129086,121839,7247,49865,47066,168905
TJN_HOM_030_HomeGoods 2H Digital_F18,NinthDecimal,PJQ7N7_TJN_HOM_030_Mobile_NINTHDECIMAL_DST_SV1_MAP_DIR_RCH_TRG_RON_PXT_DMA_DVY_GEOFENCE: 15-20-MILE RADIUS AROUND RURAL STORES_Run of Network_Geo_F25-54_320 x 50_Click and View_NV_NA,204674556,10/20/2017,7691,141,7550,4430,3120,98,3022,2960,62,4528,4435,7395
TJN_HOM_030_HomeGoods 2H Digital_F18,xAd Inc.,PJQ7MH_TJN_HOM_030_Mobile_GROUND TRUTH FKA XAD_DST_SV1_MAP_DIR_DSP_TRG_RON_PXT_BTG_DVY_PROXIMITY LOYALTY - DYNAMIC DISTANCE_Run of Network_Geo_F25-54_300 x 250_Click and View_NV_NA,204675003,11/8/2017,39434,495,38939,38939,0,0,0,0,0,38939,22057,22057
TJN_HOM_030_HomeGoods 2H Digital_F18,xAd Inc.,PJQ7MJ_TJN_HOM_030_Mobile_GROUND TRUTH FKA XAD_DST_SV1_MAP_DIR_DSP_TRG_RON_PXT_BTG_DVY_PROXIMITY LOYALTY - STORE LOCATOR UNIT_Run of Network_Geo_F25-54_320 x 50_Click and View_NV_NA,204649939,10/10/2017,14282,409,13873,5471,8402,57,8345,7851,494,5528,5201,13052
TJN_HOM_008_HomeGoods Summer Digital_FY18,xAd Inc.,Rolled-up Placements,N/A,7/9/2017,168415,15502,152913,125514,27399,21883,5516,4541,975,147397,117161,121702
TJN_HOM_008_HomeGoods Summer Digital_FY18,xAd Inc.,PHHXGS_TJN_HOM_008_Mobile_XAD INC_CHILD_LOYALTY_MOBILE APP_STANDARD_DISPLAY_300X250_GEO-FENCING_Run of Network_Geo_F25-54_300 x 250_Click and View_NV_NA,200583064,7/18/2017,19627,10563,9064,7478,1586,234,1352,1305,47,7712,7444,8749
TJN_HOM_008_HomeGoods Summer Digital_FY18,Hulu,PHG79J_TJN_HOM_008_FEP_HULU_Branded Slate_ROS_CROSS DEVICE_PRE-ROLL_CUSTOM_VECTOR LOGO_1X1_AUDIENCE_N/A_N/A_SITE_N/A_Run of Site_Demo_F25-54_1 x 1_Click and View_NV_NA,201467345,8/20/2017,2646,19,2627,2627,0,0,0,0,0,2627,2119,2119
TJN_HOM_013_HomeGoods FEP_Q3FY18,Scripps Networks,PHNKCT_TJN_HOM_013_FEP_SCRIPPSNETWORKS.COM_TVE_Crossplatform_FEP_Demo_F25-54_1 x 1_Click and View_NV_NA,201878832,9/1/2017,117,0,117,117,0,0,0,0,0,117,,
TJN_HOM_013_HomeGoods FEP_Q3FY18,Scripps Networks,PHNKCT_TJN_HOM_013_FEP_SCRIPPSNETWORKS.COM_TVE_Crossplatform_FEP_Demo_F25-54_1 x 1_Click and View_NV_NA,201878832,9/2/2017,1537,5,1532,1532,0,0,0,0,0,1532,,
TJN_HOM_008_HomeGoods Summer Digital_FY18,xAd Inc.,PHHXGZ_TJN_HOM_008_Mobile_XAD INC_CHILD_LOYALTY_MOBILE APP_CUSTOM_RICH MEDIA_300X250_GEO-FENCING_Run of Network_Geo_F25-54_300 x 250_Click and View_NV_NA,200577158,8/21/2017,1672,18,1654,1198,456,8,448,430,18,1206,1158,1588
TJN_HOM_013_HomeGoods FEP_Q3FY18,Scripps Networks,PHNKCR_TJN_HOM_013_FEP_SCRIPPSNETWORKS.COM_On-site_Crossplatform_FEP_Demo_F25-54_1280 x 720_Standard_NV_NA,201888442,9/10/2017,2599,20,2579,2579,0,0,0,0,0,2579,,
TJN_HOM_008_HomeGoods Summer Digital_FY18,xAd Inc.,PHHXGT_TJN_HOM_008_Mobile_XAD INC_CHILD_CONQUESTING_MOBILE APP_STANDARD_DISPLAY_320X50_GEO-FENCING_Run of Network_Geo_F25-54_320 x 50_Click and View_NV_NA,200573066,8/29/2017,2,0,2,1,1,0,1,1,0,1,1,2
TJN_HOM_030_HomeGoods 2H Digital_F18,Nativo Inc.,PJQDHJ_TJN_HOM_030_Content_NATIVO FKA POST RLSE_DSI_BS2_MWB_DIR_NAD_ROT_RON_CTG_BTG_DVY_NATIVE DISPLAY UNIT FALLIDAYS_Run of Network_Contextual_F25-54_1 x 1_Click and View_NV_NA,206024352,10/10/2017,562607,23019,539588,2487,537101,33518,503583,178458,325125,36005,12759,191217
TJN_HOM_008_HomeGoods Summer Digital_FY18,NinthDecimal,PHHXGQ_TJN_HOM_008_Mobile_NINTHDECIMAL_CHILD_PET OWNERS RETENTION_MOBILE APP_CUSTOM_DISPLAY_320X50_Run of Network_Behavioral_F25-54_320 x 50_Click and View_NV_NA,200578886,8/15/2017,3435,30,3405,610,2795,17,2778,2417,361,627,546,2963
TJN_HOM_030_HomeGoods 2H Digital_F18,NinthDecimal,PJQ7N8_TJN_HOM_030_Mobile_NINTHDECIMAL_DST_SV1_MAP_DIR_RCH_TRG_RON_BTG_PXT_DVY_LOCATION GRAPH: HOMEGOODS LOYALISTS_Run of Network_Behavioral_F25-54_320 x 50_Click and View_NV_NA,204675012,9/7/2017,202,4,198,111,87,2,85,80,5,113,106,186
TJN_HOM_030_HomeGoods 2H Digital_F18,xAd Inc.,PJQ7MG_TJN_HOM_030_Mobile_GROUND TRUTH FKA XAD_DST_SV1_MAP_DIR_DSP_TRG_RON_PXT_BTG_DVY_PROXIMITY LOYALTY - DYNAMIC DISTANCE_Run of Network_Geo_F25-54_320 x 50_Click and View_NV_NA,204626813,9/10/2017,39068,694,38374,27345,11029,1814,9215,7911,1304,29159,20613,28524
TJN_HOM_030_HomeGoods 2H Digital_F18,NinthDecimal,PJQ7N5_TJN_HOM_030_Mobile_NINTHDECIMAL_DST_SV1_MAP_DIR_RCH_TRG_RON_PXT_DMA_DVY_GEOFENCE: 2-MILE RADIUS AROUND URBAN STORES_Run of Network_Geo_F25-54_320 x 50_Click and View_NV_NA,204649945,9/10/2017,6318,166,6152,3191,2961,51,2910,2810,100,3242,3131,5941
TJN_HOM_013_HomeGoods FEP_Q3FY18,Scripps Networks,Rolled-up Placements,N/A,7/14/2017,17402,64,17338,17338,0,0,0,0,0,17338,,
TJN_HOM_008_HomeGoods Summer Digital_FY18,NinthDecimal,PHHXGN_TJN_HOM_008_Mobile_NINTHDECIMAL_CHILD_LUXURY SHOPPERS RETENTION_MOBILE APP_CUSTOM_DISPLAY_320X50_Run of Network_Behavioral_F25-54_320 x 50_Click and View_NV_NA,200582901,9/2/2017,2987,27,2960,172,2788,17,2771,2592,179,189,177,2769
TJN_HOM_008_HomeGoods Summer Digital_FY18,Hulu,PHG79G_TJN_HOM_008_FEP_HULU_ROS Pre-roll_CROSS DEVICE_PRE-ROLL_VIDEO_1920X1080_VAST_AUDIENCE_N/A_N/A_3RD PARTY_N/A_Run of Site_Demo_F25-54_1920 x 1080_Standard_NV_NA,201466946,8/22/2017,19147,141,19006,19006,0,0,0,0,0,19006,18159,18159
TJN_HOM_008_HomeGoods Summer Digital_FY18,NinthDecimal,PHHXGL_TJN_HOM_008_Mobile_NINTHDECIMAL_CHILD_RETENTION_MOBILE APP_CUSTOM_DISPLAY_320X50_Run of Network_Behavioral_F25-54_320 x 50_Click and View_NV_NA,200585092,8/31/2017,9204,104,9100,1267,7833,30,7803,7279,524,1297,1210,8489
TJN_HOM_008_HomeGoods Summer Digital_FY18,Hulu,PHG79N_TJN_HOM_008_FEP_HULU_Masthead_SPONSORSHIP_CROSS DEVICE_CUSTOM_VIDEO_1X1_1X1_N/A_N/A_N/A_SITE_N/A_Roadblock_Demo_F25-54_1 x 1_Click and View_NV_NA,201462657,8/3/2017,85085,772,84313,84313,0,0,0,0,0,84313,70145,70145
TJN_HOM_008_HomeGoods Summer Digital_FY18,xAd Inc.,PHHXH0_TJN_HOM_008_Mobile_XAD INC_STANDALONE_RON_MOBILE APP_STANDARD_DISPLAY_320X50_GEO-FENCING_Run of Network_Behavioral_F25-54_320 x 50_Click and View_NV_NA,200587948,8/26/2017,244759,2289,242470,146743,95727,284,95443,95030,413,147027,146391,241421
TJN_HOM_030_HomeGoods 2H Digital_F18,NinthDecimal,PJQ7N7_TJN_HOM_030_Mobile_NINTHDECIMAL_DST_SV1_MAP_DIR_RCH_TRG_RON_PXT_DMA_DVY_GEOFENCE: 15-20-MILE RADIUS AROUND RURAL STORES_Run of Network_Geo_F25-54_320 x 50_Click and View_NV_NA,204674556,9/1/2017,3,0,3,1,2,2,0,0,0,3,3,3
TJN_HOM_013_HomeGoods FEP_Q3FY18,Scripps Networks,PHNKCR_TJN_HOM_013_FEP_SCRIPPSNETWORKS.COM_On-site_Crossplatform_FEP_Demo_F25-54_1280 x 720_Standard_NV_NA,201888442,8/16/2017,14108,62,14046,14046,0,0,0,0,0,14046,,
TJN_HOM_008_HomeGoods Summer Digital_FY18,NinthDecimal,PHHXGM_TJN_HOM_008_Mobile_NINTHDECIMAL_CHILD_LUXURY SHOPPERS PROSPECTING_MOBILE APP_CUSTOM_DISPLAY_320X50_Run of Network_Behavioral_F25-54_320 x 50_Click and View_NV_NA,200581998,8/14/2017,55430,1699,53731,11980,41751,301,41450,38175,3275,12281,11311,49486
TJN_HOM_030_HomeGoods 2H Digital_F18,xAd Inc.,PJQ7MK_TJN_HOM_030_Mobile_GROUND TRUTH FKA XAD_DST_SV1_MAP_DIR_DSP_TRG_RON_PXT_BTG_DVY_PROXIMITY LOYALTY - STORE LOCATOR UNIT_Run of Network_Geo_F25-54_300 x 250_Click and View_NV_NA,204625442,10/20/2017,5090,76,5014,55,4959,6,4953,4740,213,61,58,4798
TJN_HOM_013_HomeGoods FEP_Q3FY18,Discovery Digital Media,PHWLS5_TJN_HOM_013_Content_DISCOVERY NETWORKS_Full Episode Video Desktop_30s_FEP_Contextual_F25-54_1920 x 1080_Standard_NV_NA,201895013,9/8/2017,2642,55,2587,2587,0,0,0,0,0,2587,,
TJN_HOM_008_HomeGoods Summer Digital_FY18,xAd Inc.,PHHXH0_TJN_HOM_008_Mobile_XAD INC_STANDALONE_RON_MOBILE APP_STANDARD_DISPLAY_320X50_GEO-FENCING_Run of Network_Behavioral_F25-54_320 x 50_Click and View_NV_NA,200587948,9/2/2017,143459,1629,141830,78453,63377,517,62860,61793,1067,78970,77630,139423
TJN_HOM_025_HomeGoods Digital Video_Q4FY18,Tremor Video Inc.,PK6F30_TJN_HOM_025_OLV_TREMOR NETWORK_AWR_BS1_CTV_DIR_VID_TRG_RON_PXT_CTG_DVY_ALL SCREEN PREROLL + PROXIMITYPLUS DWELL TIME TARGETING TO HOMEGOODS VISITORS CTV_Run of Network_Behavioral_F25-54_1280 x 720_Standard_NV_NA,205942131,9/29/2017,1,0,1,1,0,0,0,0,0,1,1,1
TJN_HOM_008_HomeGoods Summer Digital_FY18,NinthDecimal,PHHXGN_TJN_HOM_008_Mobile_NINTHDECIMAL_CHILD_LUXURY SHOPPERS RETENTION_MOBILE APP_CUSTOM_DISPLAY_320X50_Run of Network_Behavioral_F25-54_320 x 50_Click and View_NV_NA,200582901,8/26/2017,1526,14,1512,144,1368,7,1361,1235,126,151,137,1372
TJN_HOM_030_HomeGoods 2H Digital_F18,NinthDecimal,PJQ7N8_TJN_HOM_030_Mobile_NINTHDECIMAL_DST_SV1_MAP_DIR_RCH_TRG_RON_BTG_PXT_DVY_LOCATION GRAPH: HOMEGOODS LOYALISTS_Run of Network_Behavioral_F25-54_320 x 50_Click and View_NV_NA,204675012,10/27/2017,16667,195,16472,474,15998,49,15949,15542,407,523,510,16052
TJN_HOM_030_HomeGoods 2H Digital_F18,NinthDecimal,PJQ7NH_TJN_HOM_030_Mobile_NINTHDECIMAL_DST_SV1_MAP_DIR_RCH_TRG_RON_BTG_DMA_DVY_CONSUMER JOURNEY: PET SUPPLY SHOPPERS_Run of Network_Behavioral_F25-54_320 x 50_Click and View_NV_NA,204647914,9/18/2017,9107,190,8917,2851,6066,40,6026,5845,181,2891,2804,8649
TJN_HOM_030_HomeGoods 2H Digital_F18,Nativo Inc.,PJQDHJ_TJN_HOM_030_Content_NATIVO FKA POST RLSE_DSI_BS2_MWB_DIR_NAD_ROT_RON_CTG_BTG_DVY_NATIVE DISPLAY UNIT FALLIDAYS_Run of Network_Contextual_F25-54_1 x 1_Click and View_NV_NA,206024352,10/22/2017,498105,13075,485030,6873,478157,46689,431468,156849,274619,53562,19471,176320
TJN_HOM_008_HomeGoods Summer Digital_FY18,Hulu,PHG79N_TJN_HOM_008_FEP_HULU_Masthead_SPONSORSHIP_CROSS DEVICE_CUSTOM_VIDEO_1X1_1X1_N/A_N/A_N/A_SITE_N/A_Roadblock_Demo_F25-54_1 x 1_Click and View_NV_NA,201462657,8/7/2017,121106,1028,120078,120078,0,0,0,0,0,120078,92453,92453
TJN_HOM_030_HomeGoods 2H Digital_F18,NinthDecimal,PJQ7N6_TJN_HOM_030_Mobile_NINTHDECIMAL_DST_SV1_MAP_DIR_RCH_TRG_RON_PXT_DMA_DVY_GEOFENCE: 5-10-MILE RADIUS AROUND SUBURBAN STORES_Run of Network_Geo_F25-54_320 x 50_Click and View_NV_NA,204646507,9/14/2017,11126,302,10824,3965,6859,41,6818,6661,157,4006,3914,10575
TJN_HOM_013_HomeGoods FEP_Q3FY18,Discovery Digital Media,PHWLS8_TJN_HOM_013_Content_DISCOVERY NETWORKS_Full Episode Video Tablet Web_30s_FEP_Contextual_F25-54_1920 x 1080_Standard_NV_NA,201899695,9/6/2017,889,4,885,885,0,0,0,0,0,885,,
TJN_HOM_025_HomeGoods Digital Video_Q4FY18,Tremor Video Inc.,PK1FYN_TJN_HOM_025_OLV_TREMOR NETWORK_AWR_BS1_DSK_DIR_VID_TRG_RON_PXT_CTG_DVY_ALL SCREEN PREROLL + PROXIMITYPLUS DWELL TIME TARGETING TO HOMEGOODS VISITORS DESKTOP_Run of Network_Behavioral_F25-54_1280 x 720_Standard_NV_NA,205941312,9/28/2017,1,0,1,1,0,0,0,0,0,1,1,1
TJN_HOM_008_HomeGoods Summer Digital_FY18,NinthDecimal,PHHXGM_TJN_HOM_008_Mobile_NINTHDECIMAL_CHILD_LUXURY SHOPPERS PROSPECTING_MOBILE APP_CUSTOM_DISPLAY_320X50_Run of Network_Behavioral_F25-54_320 x 50_Click and View_NV_NA,200581998,9/4/2017,75233,1335,73898,11501,62397,262,62135,59749,2386,11763,11311,71060
TJN_HOM_030_HomeGoods 2H Digital_F18,xAd Inc.,PJQ7MQ_TJN_HOM_030_Mobile_GROUND TRUTH FKA XAD_DST_SV1_MAP_DIR_DSP_TRG_RON_MKT_DMA_DVY_LOCATION - COMPETITOR SHOPPERS - DYNAMIC DISTANCE_Run of Network_Geo_F25-54_320 x 50_Click and View_NV_NA,204617210,9/18/2017,12502,184,12318,8911,3407,1111,2296,2104,192,10022,8592,10696
TJN_HOM_030_HomeGoods 2H Digital_F18,NinthDecimal,PJQ7N6_TJN_HOM_030_Mobile_NINTHDECIMAL_DST_SV1_MAP_DIR_RCH_TRG_RON_PXT_DMA_DVY_GEOFENCE: 5-10-MILE RADIUS AROUND SUBURBAN STORES_Run of Network_Geo_F25-54_320 x 50_Click and View_NV_NA,204646507,10/14/2017,8603,173,8430,5502,2928,31,2897,2810,87,5533,5367,8177
TJN_HOM_030_HomeGoods 2H Digital_F18,NinthDecimal,PJQ7N5_TJN_HOM_030_Mobile_NINTHDECIMAL_DST_SV1_MAP_DIR_RCH_TRG_RON_PXT_DMA_DVY_GEOFENCE: 2-MILE RADIUS AROUND URBAN STORES_Run of Network_Geo_F25-54_320 x 50_Click and View_NV_NA,204649945,9/29/2017,23495,529,22966,9466,13500,69,13431,13019,412,9535,9243,22262
TJN_HOM_030_HomeGoods 2H Digital_F18,xAd Inc.,PJQ7ML_TJN_HOM_030_Mobile_GROUND TRUTH FKA XAD_DST_SV1_MAP_DIR_DSP_TRG_RON_BTG_DMA_DVY_BEHAVIORAL - HOME SHOPPER - DYNAMIC DISTANCE_Run of Network_Behavioral_F25-54_320 x 50_Click and View_NV_NA,204626174,10/25/2017,8528,104,8424,7409,1015,68,947,546,401,7477,3465,4011
TJN_HOM_030_HomeGoods 2H Digital_F18,NinthDecimal,PJQ7NB_TJN_HOM_030_Mobile_NINTHDECIMAL_DST_SV1_MAP_DIR_RCH_TRG_RON_BTG_PXT_DVY_LOCATION GRAPH: COMPETITIVE CONQUESTING_Run of Network_Behavioral_F25-54_320 x 50_Click and View_NV_NA,204649942,10/12/2017,9237,120,9117,5265,3852,22,3830,3733,97,5287,5153,8886
TJN_HOM_030_HomeGoods 2H Digital_F18,NinthDecimal,PJQ7NC_TJN_HOM_030_Mobile_NINTHDECIMAL_DST_SV1_MAP_DIR_RCH_TRG_RON_BTG_DMA_DVY_CONSUMER JOURNEY: DIYERS_Run of Network_Behavioral_F25-54_320 x 50_Click and View_NV_NA,204675009,10/18/2017,9142,149,8993,4986,4007,18,3989,3878,111,5004,4865,8743
TJN_HOM_008_HomeGoods Summer Digital_FY18,NinthDecimal,PHHXGQ_TJN_HOM_008_Mobile_NINTHDECIMAL_CHILD_PET OWNERS RETENTION_MOBILE APP_CUSTOM_DISPLAY_320X50_Run of Network_Behavioral_F25-54_320 x 50_Click and View_NV_NA,200578886,8/13/2017,3502,48,3454,487,2967,32,2935,2651,284,519,469,3120
TJN_HOM_013_HomeGoods FEP_Q3FY18,Scripps Networks,PHNKCR_TJN_HOM_013_FEP_SCRIPPSNETWORKS.COM_On-site_Crossplatform_FEP_Demo_F25-54_1280 x 720_Standard_NV_NA,201888442,9/29/2017,1068,9,1059,1059,0,0,0,0,0,1059,,
TJN_HOM_013_HomeGoods FEP_Q3FY18,Discovery Digital Media,PHWLS5_TJN_HOM_013_Content_DISCOVERY NETWORKS_Full Episode Video Desktop_30s_FEP_Contextual_F25-54_1920 x 1080_Standard_NV_NA,201895013,8/4/2017,4385,128,4257,4257,0,0,0,0,0,4257,,
TJN_HOM_030_HomeGoods 2H Digital_F18,xAd Inc.,PJQ7MG_TJN_HOM_030_Mobile_GROUND TRUTH FKA XAD_DST_SV1_MAP_DIR_DSP_TRG_RON_PXT_BTG_DVY_PROXIMITY LOYALTY - DYNAMIC DISTANCE_Run of Network_Geo_F25-54_320 x 50_Click and View_NV_NA,204626813,9/29/2017,22238,746,21492,17846,3646,182,3464,2613,851,18028,12628,15241
TJN_HOM_025_HomeGoods Digital Video_Q4FY18,Tremor Video Inc.,PK6DYV_TJN_HOM_025_OLV_TREMOR NETWORK_AWR_BS1_MAP_DIR_VID_TRG_RON_PXT_CTG_DVY_ALL SCREEN PREROLL + PROXIMITYPLUS DWELL TIME TARGETING TO HOMEGOODS VISITORS MOB/TAB APP_Run of Network_Behavioral_F25-54_1280 x 720_Standard_NV_NA,205859075,10/30/2017,629113,395,628718,623462,5256,793,4463,810,3653,624255,113297,114107
TJN_HOM_008_HomeGoods Summer Digital_FY18,Hulu,PHG79G_TJN_HOM_008_FEP_HULU_ROS Pre-roll_CROSS DEVICE_PRE-ROLL_VIDEO_1920X1080_VAST_AUDIENCE_N/A_N/A_3RD PARTY_N/A_Run of Site_Demo_F25-54_1920 x 1080_Standard_NV_NA,201466946,7/17/2017,10805,144,10661,10661,0,0,0,0,0,10661,9923,9923
TJN_HOM_030_HomeGoods 2H Digital_F18,xAd Inc.,PJQ7MK_TJN_HOM_030_Mobile_GROUND TRUTH FKA XAD_DST_SV1_MAP_DIR_DSP_TRG_RON_PXT_BTG_DVY_PROXIMITY LOYALTY - STORE LOCATOR UNIT_Run of Network_Geo_F25-54_300 x 250_Click and View_NV_NA,204625442,11/2/2017,4,1,3,0,3,2,1,1,0,2,2,3
TJN_HOM_030_HomeGoods 2H Digital_F18,xAd Inc.,PJQ7ML_TJN_HOM_030_Mobile_GROUND TRUTH FKA XAD_DST_SV1_MAP_DIR_DSP_TRG_RON_BTG_DMA_DVY_BEHAVIORAL - HOME SHOPPER - DYNAMIC DISTANCE_Run of Network_Behavioral_F25-54_320 x 50_Click and View_NV_NA,204626174,10/3/2017,4,1,3,2,1,1,0,0,0,3,2,2
TJN_HOM_030_HomeGoods 2H Digital_F18,NinthDecimal,PJQ7N6_TJN_HOM_030_Mobile_NINTHDECIMAL_DST_SV1_MAP_DIR_RCH_TRG_RON_PXT_DMA_DVY_GEOFENCE: 5-10-MILE RADIUS AROUND SUBURBAN STORES_Run of Network_Geo_F25-54_320 x 50_Click and View_NV_NA,204646507,9/28/2017,17815,527,17288,9394,7894,38,7856,7657,199,9432,9193,16850
TJN_HOM_025_HomeGoods Digital Video_Q4FY18,Tremor Video Inc.,PK1FYN_TJN_HOM_025_OLV_TREMOR NETWORK_AWR_BS1_DSK_DIR_VID_TRG_RON_PXT_CTG_DVY_ALL SCREEN PREROLL + PROXIMITYPLUS DWELL TIME TARGETING TO HOMEGOODS VISITORS DESKTOP_Run of Network_Behavioral_F25-54_1280 x 720_Standard_NV_NA,205941312,10/14/2017,105375,177,105198,24259,80939,2636,78303,48800,29503,26895,16762,65562
TJN_HOM_030_HomeGoods 2H Digital_F18,NinthDecimal,PJQ7NG_TJN_HOM_030_Mobile_NINTHDECIMAL_DST_SV1_MAP_DIR_RCH_TRG_RON_BTG_DMA_DVY_CONSUMER JOURNEY: NEW HOME BUYERS & MOVERS_Run of Network_Behavioral_F25-54_320 x 50_Click and View_NV_NA,204625835,11/8/2017,5162,80,5082,414,4668,18,4650,4455,195,432,414,4869
TJN_HOM_013_HomeGoods FEP_Q3FY18,Discovery Digital Media,PHWLS8_TJN_HOM_013_Content_DISCOVERY NETWORKS_Full Episode Video Tablet Web_30s_FEP_Contextual_F25-54_1920 x 1080_Standard_NV_NA,201899695,9/17/2017,875,22,853,853,0,0,0,0,0,853,,
TJN_HOM_030_HomeGoods 2H Digital_F18,xAd Inc.,PJQ7MK_TJN_HOM_030_Mobile_GROUND TRUTH FKA XAD_DST_SV1_MAP_DIR_DSP_TRG_RON_PXT_BTG_DVY_PROXIMITY LOYALTY - STORE LOCATOR UNIT_Run of Network_Geo_F25-54_300 x 250_Click and View_NV_NA,204625442,11/7/2017,8917,222,8695,2992,5703,47,5656,5347,309,3039,2873,8220
TJN_HOM_008_HomeGoods Summer Digital_FY18,Hulu,PHG79J_TJN_HOM_008_FEP_HULU_Branded Slate_ROS_CROSS DEVICE_PRE-ROLL_CUSTOM_VECTOR LOGO_1X1_AUDIENCE_N/A_N/A_SITE_N/A_Run of Site_Demo_F25-54_1 x 1_Click and View_NV_NA,201467345,8/10/2017,4745,41,4704,4704,0,0,0,0,0,4704,4039,4039
TJN_HOM_030_HomeGoods 2H Digital_F18,xAd Inc.,PJQ7ML_TJN_HOM_030_Mobile_GROUND TRUTH FKA XAD_DST_SV1_MAP_DIR_DSP_TRG_RON_BTG_DMA_DVY_BEHAVIORAL - HOME SHOPPER - DYNAMIC DISTANCE_Run of Network_Behavioral_F25-54_320 x 50_Click and View_NV_NA,204626174,10/1/2017,3,0,3,2,1,1,0,0,0,3,2,2
TJN_HOM_008_HomeGoods Summer Digital_FY18,xAd Inc.,PHHXGT_TJN_HOM_008_Mobile_XAD INC_CHILD_CONQUESTING_MOBILE APP_STANDARD_DISPLAY_320X50_GEO-FENCING_Run of Network_Geo_F25-54_320 x 50_Click and View_NV_NA,200573066,8/7/2017,517004,9887,507117,137646,369471,7922,361549,271840,89709,145568,109449,381289
TJN_HOM_030_HomeGoods 2H Digital_F18,NinthDecimal,PJQ7NG_TJN_HOM_030_Mobile_NINTHDECIMAL_DST_SV1_MAP_DIR_RCH_TRG_RON_BTG_DMA_DVY_CONSUMER JOURNEY: NEW HOME BUYERS & MOVERS_Run of Network_Behavioral_F25-54_320 x 50_Click and View_NV_NA,204625835,10/7/2017,10654,184,10470,6479,3991,43,3948,3823,125,6522,6316,10139
TJN_HOM_008_HomeGoods Summer Digital_FY18,xAd Inc.,PHHXGZ_TJN_HOM_008_Mobile_XAD INC_CHILD_LOYALTY_MOBILE APP_CUSTOM_RICH MEDIA_300X250_GEO-FENCING_Run of Network_Geo_F25-54_300 x 250_Click and View_NV_NA,200577158,7/24/2017,8322,143,8179,7899,280,4,276,275,1,7903,7874,8149
TJN_HOM_013_HomeGoods FEP_Q3FY18,Discovery Digital Media,PHWLS9_TJN_HOM_013_Content_DISCOVERY NETWORKS_Full Episode Video OTT/CTV_30s_FEP_Contextual_F25-54_1920 x 1080_Standard_NV_NA,201891428,7/21/2017,8756,24,8732,8732,0,0,0,0,0,8732,,
TJN_HOM_030_HomeGoods 2H Digital_F18,NinthDecimal,PJQ7N9_TJN_HOM_030_Mobile_NINTHDECIMAL_DST_SV1_MAP_DIR_RCH_TRG_RON_BTG_PXT_DVY_LOCATION GRAPH: TJX FAMILY LOYALISTS_Run of Network_Behavioral_F25-54_320 x 50_Click and View_NV_NA,204647917,9/10/2017,2035,21,2014,1029,985,3,982,949,33,1032,997,1946
TJN_HOM_008_HomeGoods Summer Digital_FY18,xAd Inc.,PHHXGS_TJN_HOM_008_Mobile_XAD INC_CHILD_LOYALTY_MOBILE APP_STANDARD_DISPLAY_300X250_GEO-FENCING_Run of Network_Geo_F25-54_300 x 250_Click and View_NV_NA,200583064,7/31/2017,483390,14881,468509,28651,439858,425109,14749,14058,691,453760,432558,446616
TJN_HOM_008_HomeGoods Summer Digital_FY18,Hulu,PHG79N_TJN_HOM_008_FEP_HULU_Masthead_SPONSORSHIP_CROSS DEVICE_CUSTOM_VIDEO_1X1_1X1_N/A_N/A_N/A_SITE_N/A_Roadblock_Demo_F25-54_1 x 1_Click and View_NV_NA,201462657,8/29/2017,302123,2522,299601,299601,0,0,0,0,0,299601,288510,288510
TJN_HOM_030_HomeGoods 2H Digital_F18,NinthDecimal,PJQ7NG_TJN_HOM_030_Mobile_NINTHDECIMAL_DST_SV1_MAP_DIR_RCH_TRG_RON_BTG_DMA_DVY_CONSUMER JOURNEY: NEW HOME BUYERS & MOVERS_Run of Network_Behavioral_F25-54_320 x 50_Click and View_NV_NA,204625835,9/8/2017,6783,135,6648,3217,3431,24,3407,3306,101,3241,3145,6451
TJN_HOM_030_HomeGoods 2H Digital_F18,xAd Inc.,PJQ7MM_TJN_HOM_030_Mobile_GROUND TRUTH FKA XAD_DST_SV1_MAP_DIR_DSP_TRG_RON_BTG_DMA_DVY_BEHAVIORAL - HOME SHOPPER- DYNAMIC DISTANCE_Run of Network_Behavioral_F25-54_300 x 250_Click and View_NV_NA,204626171,10/12/2017,7545,587,6958,6958,0,0,0,0,0,6958,0,0
TJN_HOM_008_HomeGoods Summer Digital_FY18,NinthDecimal,PHHXGQ_TJN_HOM_008_Mobile_NINTHDECIMAL_CHILD_PET OWNERS RETENTION_MOBILE APP_CUSTOM_DISPLAY_320X50_Run of Network_Behavioral_F25-54_320 x 50_Click and View_NV_NA,200578886,7/29/2017,9190,71,9119,868,8251,23,8228,7906,322,891,856,8762
TJN_HOM_008_HomeGoods Summer Digital_FY18,xAd Inc.,PHHXGT_TJN_HOM_008_Mobile_XAD INC_CHILD_CONQUESTING_MOBILE APP_STANDARD_DISPLAY_320X50_GEO-FENCING_Run of Network_Geo_F25-54_320 x 50_Click and View_NV_NA,200573066,8/3/2017,32165,494,31671,23635,8036,103,7933,5852,2081,23738,17511,23363
TJN_HOM_008_HomeGoods Summer Digital_FY18,Hulu,PHG79G_TJN_HOM_008_FEP_HULU_ROS Pre-roll_CROSS DEVICE_PRE-ROLL_VIDEO_1920X1080_VAST_AUDIENCE_N/A_N/A_3RD PARTY_N/A_Run of Site_Demo_F25-54_1920 x 1080_Standard_NV_NA,201466946,7/27/2017,6098,35,6063,6063,0,0,0,0,0,6063,5598,5598
TJN_HOM_030_HomeGoods 2H Digital_F18,xAd Inc.,PJQ7MP_TJN_HOM_030_Mobile_GROUND TRUTH FKA XAD_DST_SV1_MAP_DIR_DSP_TRG_RON_MKT_DMA_DVY_LOCATION - HOMEGOODS SHOPPERS - DYNAMIC DISTANCE_Run of Network_Geo_F25-54_300 x 250_Click and View_NV_NA,204647878,10/15/2017,7663,167,7496,7472,24,0,24,24,0,7472,7451,7475
TJN_HOM_030_HomeGoods 2H Digital_F18,xAd Inc.,PJQ7ML_TJN_HOM_030_Mobile_GROUND TRUTH FKA XAD_DST_SV1_MAP_DIR_DSP_TRG_RON_BTG_DMA_DVY_BEHAVIORAL - HOME SHOPPER - DYNAMIC DISTANCE_Run of Network_Behavioral_F25-54_320 x 50_Click and View_NV_NA,204626174,10/2/2017,6,1,5,3,2,1,1,1,0,4,4,5
TJN_HOM_008_HomeGoods Summer Digital_FY18,xAd Inc.,PHHXGY_TJN_HOM_008_Mobile_XAD INC_CHILD_LOYALTY_MOBILE APP_CUSTOM_RICH MEDIA_320X50_GEO-FENCING_Run of Network_Geo_F25-54_320 x 50_Click and View_NV_NA,200584630,7/19/2017,22453,209,22244,22204,40,6,34,32,2,22210,20904,20936
TJN_HOM_008_HomeGoods Summer Digital_FY18,NinthDecimal,PHHXGQ_TJN_HOM_008_Mobile_NINTHDECIMAL_CHILD_PET OWNERS RETENTION_MOBILE APP_CUSTOM_DISPLAY_320X50_Run of Network_Behavioral_F25-54_320 x 50_Click and View_NV_NA,200578886,8/1/2017,3373,132,3241,559,2682,11,2671,2565,106,570,547,3112
TJN_HOM_008_HomeGoods Summer Digital_FY18,NinthDecimal,PHHXGL_TJN_HOM_008_Mobile_NINTHDECIMAL_CHILD_RETENTION_MOBILE APP_CUSTOM_DISPLAY_320X50_Run of Network_Behavioral_F25-54_320 x 50_Click and View_NV_NA,200585092,9/1/2017,7816,41,7775,914,6861,40,6821,6328,493,954,885,7213
TJN_HOM_030_HomeGoods 2H Digital_F18,xAd Inc.,PJQ7ML_TJN_HOM_030_Mobile_GROUND TRUTH FKA XAD_DST_SV1_MAP_DIR_DSP_TRG_RON_BTG_DMA_DVY_BEHAVIORAL - HOME SHOPPER - DYNAMIC DISTANCE_Run of Network_Behavioral_F25-54_320 x 50_Click and View_NV_NA,204626174,9/23/2017,14253,274,13979,12136,1843,532,1311,1189,122,12668,10530,11719
TJN_HOM_008_HomeGoods Summer Digital_FY18,Hulu,PHG79P_TJN_HOM_008_FEP_HULU_PageBrand_SPONSORSHIP_CROSS DEVICE_CUSTOM_VIDEO_1X1_1X1_N/A_N/A_N/A_SITE_N/A_Roadblock_Demo_F25-54_1 x 1_Click and View_NV_NA,201464250,8/27/2017,188,2,186,186,0,0,0,0,0,186,181,181
TJN_HOM_008_HomeGoods Summer Digital_FY18,Hulu,PHG79P_TJN_HOM_008_FEP_HULU_PageBrand_SPONSORSHIP_CROSS DEVICE_CUSTOM_VIDEO_1X1_1X1_N/A_N/A_N/A_SITE_N/A_Roadblock_Demo_F25-54_1 x 1_Click and View_NV_NA,201464250,8/9/2017,166,4,162,162,0,0,0,0,0,162,141,141
TJN_HOM_008_HomeGoods Summer Digital_FY18,NinthDecimal,Rolled-up Placements,N/A,7/1/2017,37211,355,36856,13139,23717,123,23594,22401,1193,13262,12635,35036
TJN_HOM_030_HomeGoods 2H Digital_F18,NinthDecimal,PJQ7NG_TJN_HOM_030_Mobile_NINTHDECIMAL_DST_SV1_MAP_DIR_RCH_TRG_RON_BTG_DMA_DVY_CONSUMER JOURNEY: NEW HOME BUYERS & MOVERS_Run of Network_Behavioral_F25-54_320 x 50_Click and View_NV_NA,204625835,10/28/2017,16357,214,16143,599,15544,60,15484,14949,535,659,636,15585
TJN_HOM_008_HomeGoods Summer Digital_FY18,xAd Inc.,PHHXGV_TJN_HOM_008_Mobile_XAD INC_CHILD_CONQUESTING_MOBILE APP_STANDARD_DISPLAY_300X250_GEO-FENCING_Run of Network_Geo_F25-54_300 x 250_Click and View_NV_NA,200573063,8/6/2017,9197,3662,5535,4688,847,308,539,537,2,4996,4977,5514
TJN_HOM_013_HomeGoods FEP_Q3FY18,Scripps Networks,PHNKCR_TJN_HOM_013_FEP_SCRIPPSNETWORKS.COM_On-site_Crossplatform_FEP_Demo_F25-54_1280 x 720_Standard_NV_NA,201888442,8/17/2017,171,0,171,171,0,0,0,0,0,171,,
TJN_HOM_008_HomeGoods Summer Digital_FY18,NinthDecimal,Rolled-up Placements,N/A,7/14/2017,195139,2020,193119,56701,136418,550,135868,129199,6669,57251,54449,183648
TJN_HOM_008_HomeGoods Summer Digital_FY18,NinthDecimal,Rolled-up Placements,N/A,7/4/2017,35108,452,34656,11157,23499,115,23384,22424,960,11272,10816,33240
TJN_HOM_030_HomeGoods 2H Digital_F18,xAd Inc.,PJQ7MK_TJN_HOM_030_Mobile_GROUND TRUTH FKA XAD_DST_SV1_MAP_DIR_DSP_TRG_RON_PXT_BTG_DVY_PROXIMITY LOYALTY - STORE LOCATOR UNIT_Run of Network_Geo_F25-54_300 x 250_Click and View_NV_NA,204625442,11/3/2017,1,1,0,0,0,0,0,0,0,0,0,0
TJN_HOM_030_HomeGoods 2H Digital_F18,xAd Inc.,PJQ7MR_TJN_HOM_030_Mobile_GROUND TRUTH FKA XAD_DST_SV1_MAP_DIR_DSP_TRG_RON_MKT_DMA_DVY_LOCATION - COMPETITOR SHOPPERS - DYNAMIC DISTANCE_Run of Network_Geo_F25-54_300 x 250_Click and View_NV_NA,204647890,10/8/2017,7855,321,7534,7533,1,0,1,0,1,7533,0,0
TJN_HOM_013_HomeGoods FEP_Q3FY18,Discovery Digital Media,PHWLS9_TJN_HOM_013_Content_DISCOVERY NETWORKS_Full Episode Video OTT/CTV_30s_FEP_Contextual_F25-54_1920 x 1080_Standard_NV_NA,201891428,8/10/2017,4926,5,4921,4921,0,0,0,0,0,4921,,
TJN_HOM_030_HomeGoods 2H Digital_F18,NinthDecimal,PJQ7N6_TJN_HOM_030_Mobile_NINTHDECIMAL_DST_SV1_MAP_DIR_RCH_TRG_RON_PXT_DMA_DVY_GEOFENCE: 5-10-MILE RADIUS AROUND SUBURBAN STORES_Run of Network_Geo_F25-54_320 x 50_Click and View_NV_NA,204646507,9/5/2017,7304,263,7041,3948,3093,23,3070,3011,59,3971,3895,6906
TJN_HOM_008_HomeGoods Summer Digital_FY18,NinthDecimal,PHHXGL_TJN_HOM_008_Mobile_NINTHDECIMAL_CHILD_RETENTION_MOBILE APP_CUSTOM_DISPLAY_320X50_Run of Network_Behavioral_F25-54_320 x 50_Click and View_NV_NA,200585092,7/28/2017,10230,64,10166,2115,8051,26,8025,7651,374,2141,2041,9692
TJN_HOM_030_HomeGoods 2H Digital_F18,xAd Inc.,PJQ7MM_TJN_HOM_030_Mobile_GROUND TRUTH FKA XAD_DST_SV1_MAP_DIR_DSP_TRG_RON_BTG_DMA_DVY_BEHAVIORAL - HOME SHOPPER- DYNAMIC DISTANCE_Run of Network_Behavioral_F25-54_300 x 250_Click and View_NV_NA,204626171,9/4/2017,5,0,5,0,5,0,5,5,0,0,0,5
TJN_HOM_030_HomeGoods 2H Digital_F18,xAd Inc.,PJQ7MN_TJN_HOM_030_Mobile_GROUND TRUTH FKA XAD_DST_SV1_MAP_DIR_DSP_TRG_RON_MKT_DMA_DVY_LOCATION - HOMEGOODS SHOPPERS - DYNAMIC DISTANCE_Run of Network_Geo_F25-54_320 x 50_Click and View_NV_NA,204651439,9/12/2017,9739,148,9591,8092,1499,228,1271,1169,102,8320,5794,6963
TJN_HOM_030_HomeGoods 2H Digital_F18,NinthDecimal,PJQ7N8_TJN_HOM_030_Mobile_NINTHDECIMAL_DST_SV1_MAP_DIR_RCH_TRG_RON_BTG_PXT_DVY_LOCATION GRAPH: HOMEGOODS LOYALISTS_Run of Network_Behavioral_F25-54_320 x 50_Click and View_NV_NA,204675012,11/5/2017,8078,63,8015,416,7599,19,7580,7362,218,435,422,7784
TJN_HOM_008_HomeGoods Summer Digital_FY18,Hulu,PHG79J_TJN_HOM_008_FEP_HULU_Branded Slate_ROS_CROSS DEVICE_PRE-ROLL_CUSTOM_VECTOR LOGO_1X1_AUDIENCE_N/A_N/A_SITE_N/A_Run of Site_Demo_F25-54_1 x 1_Click and View_NV_NA,201467345,7/21/2017,2188,23,2165,2165,0,0,0,0,0,2165,1970,1970
TJN_HOM_030_HomeGoods 2H Digital_F18,NinthDecimal,PJQ7N9_TJN_HOM_030_Mobile_NINTHDECIMAL_DST_SV1_MAP_DIR_RCH_TRG_RON_BTG_PXT_DVY_LOCATION GRAPH: TJX FAMILY LOYALISTS_Run of Network_Behavioral_F25-54_320 x 50_Click and View_NV_NA,204647917,9/29/2017,5814,169,5645,3929,1716,19,1697,1540,157,3948,3583,5123
TJN_HOM_030_HomeGoods 2H Digital_F18,NinthDecimal,PJQ7NF_TJN_HOM_030_Mobile_NINTHDECIMAL_DST_SV1_MAP_DIR_RCH_TRG_RON_BTG_DMA_DVY_CONSUMER JOURNEY: HOME FURNISHINGS SHOPPERS_Run of Network_Behavioral_F25-54_320 x 50_Click and View_NV_NA,204626291,11/9/2017,8574,146,8428,1476,6952,26,6926,6744,182,1502,1463,8207
TJN_HOM_030_HomeGoods 2H Digital_F18,xAd Inc.,PJQ7MR_TJN_HOM_030_Mobile_GROUND TRUTH FKA XAD_DST_SV1_MAP_DIR_DSP_TRG_RON_MKT_DMA_DVY_LOCATION - COMPETITOR SHOPPERS - DYNAMIC DISTANCE_Run of Network_Geo_F25-54_300 x 250_Click and View_NV_NA,204647890,10/29/2017,7766,168,7598,7598,0,0,0,0,0,7598,6805,6805
TJN_HOM_030_HomeGoods 2H Digital_F18,NinthDecimal,PJQ7N6_TJN_HOM_030_Mobile_NINTHDECIMAL_DST_SV1_MAP_DIR_RCH_TRG_RON_PXT_DMA_DVY_GEOFENCE: 5-10-MILE RADIUS AROUND SUBURBAN STORES_Run of Network_Geo_F25-54_320 x 50_Click and View_NV_NA,204646507,10/20/2017,8202,218,7984,5141,2843,16,2827,2758,69,5157,5031,7789
TJN_HOM_025_HomeGoods Digital Video_Q4FY18,Tremor Video Inc.,PK1FYN_TJN_HOM_025_OLV_TREMOR NETWORK_AWR_BS1_DSK_DIR_VID_TRG_RON_PXT_CTG_DVY_ALL SCREEN PREROLL + PROXIMITYPLUS DWELL TIME TARGETING TO HOMEGOODS VISITORS DESKTOP_Run of Network_Behavioral_F25-54_1280 x 720_Standard_NV_NA,205941312,11/2/2017,7142,7,7135,4115,3020,53,2967,1524,1443,4168,2141,3665
TJN_HOM_030_HomeGoods 2H Digital_F18,xAd Inc.,PJQ7MR_TJN_HOM_030_Mobile_GROUND TRUTH FKA XAD_DST_SV1_MAP_DIR_DSP_TRG_RON_MKT_DMA_DVY_LOCATION - COMPETITOR SHOPPERS - DYNAMIC DISTANCE_Run of Network_Geo_F25-54_300 x 250_Click and View_NV_NA,204647890,11/8/2017,13760,351,13409,13408,1,0,1,1,0,13408,13408,13409
TJN_HOM_013_HomeGoods FEP_Q3FY18,Discovery Digital Media,PHWLS9_TJN_HOM_013_Content_DISCOVERY NETWORKS_Full Episode Video OTT/CTV_30s_FEP_Contextual_F25-54_1920 x 1080_Standard_NV_NA,201891428,7/25/2017,11635,12,11623,11623,0,0,0,0,0,11623,,
TJN_HOM_025_HomeGoods Digital Video_Q4FY18,Tremor Video Inc.,PK6F30_TJN_HOM_025_OLV_TREMOR NETWORK_AWR_BS1_CTV_DIR_VID_TRG_RON_PXT_CTG_DVY_ALL SCREEN PREROLL + PROXIMITYPLUS DWELL TIME TARGETING TO HOMEGOODS VISITORS CTV_Run of Network_Behavioral_F25-54_1280 x 720_Standard_NV_NA,205942131,10/5/2017,6156,12,6144,6144,0,0,0,0,0,6144,0,0
TJN_HOM_008_HomeGoods Summer Digital_FY18,Hulu,PHG79N_TJN_HOM_008_FEP_HULU_Masthead_SPONSORSHIP_CROSS DEVICE_CUSTOM_VIDEO_1X1_1X1_N/A_N/A_N/A_SITE_N/A_Roadblock_Demo_F25-54_1 x 1_Click and View_NV_NA,201462657,7/28/2017,98169,889,97280,97280,0,0,0,0,0,97280,88778,88778
TJN_HOM_008_HomeGoods Summer Digital_FY18,Hulu,PHG79K_TJN_HOM_008_FEP_HULU_Summer TV Pre-roll_SPONSORSHIP_CROSS DEVICE_PRE-ROLL_VIDEO_1920X1080_VAST_N/A_N/A_N/A_3RD PARTY_N/A_Roadblock_Demo_F25-54_1920 x 1080_Standard_NV_NA,201466499,7/22/2017,139424,1193,138231,138231,0,0,0,0,0,138231,124666,124666
TJN_HOM_013_HomeGoods FEP_Q3FY18,Discovery Digital Media,PHWLS6_TJN_HOM_013_Content_DISCOVERY NETWORKS_Full Episode Video Mobile App_30s_FEP_Contextual_F25-54_1920 x 1080_Standard_NV_NA,201891425,8/16/2017,17272,142,17130,17130,0,0,0,0,0,17130,,
TJN_HOM_030_HomeGoods 2H Digital_F18,xAd Inc.,PJQ7MJ_TJN_HOM_030_Mobile_GROUND TRUTH FKA XAD_DST_SV1_MAP_DIR_DSP_TRG_RON_PXT_BTG_DVY_PROXIMITY LOYALTY - STORE LOCATOR UNIT_Run of Network_Geo_F25-54_320 x 50_Click and View_NV_NA,204649939,9/18/2017,18696,463,18233,10319,7914,107,7807,7321,486,10426,9777,17098
TJN_HOM_030_HomeGoods 2H Digital_F18,NinthDecimal,PJQ7N6_TJN_HOM_030_Mobile_NINTHDECIMAL_DST_SV1_MAP_DIR_RCH_TRG_RON_PXT_DMA_DVY_GEOFENCE: 5-10-MILE RADIUS AROUND SUBURBAN STORES_Run of Network_Geo_F25-54_320 x 50_Click and View_NV_NA,204646507,9/2/2017,3,1,2,1,1,1,0,0,0,2,2,2
TJN_HOM_030_HomeGoods 2H Digital_F18,NinthDecimal,PJQ7N8_TJN_HOM_030_Mobile_NINTHDECIMAL_DST_SV1_MAP_DIR_RCH_TRG_RON_BTG_PXT_DVY_LOCATION GRAPH: HOMEGOODS LOYALISTS_Run of Network_Behavioral_F25-54_320 x 50_Click and View_NV_NA,204675012,10/21/2017,12697,201,12496,4013,8483,54,8429,8137,292,4067,3926,12063
TJN_HOM_008_HomeGoods Summer Digital_FY18,xAd Inc.,PHHXGV_TJN_HOM_008_Mobile_XAD INC_CHILD_CONQUESTING_MOBILE APP_STANDARD_DISPLAY_300X250_GEO-FENCING_Run of Network_Geo_F25-54_300 x 250_Click and View_NV_NA,200573063,7/19/2017,14367,99,14268,12230,2038,202,1836,1776,60,12432,12026,13802
TJN_HOM_008_HomeGoods Summer Digital_FY18,xAd Inc.,PHHXGW_TJN_HOM_008_Mobile_XAD INC_CHILD_LOCATION AUDIENCE-HOMEGOODS SHOPPERS_MOBILE APP_STANDARD_DISPLAY_320X50_Run of Network_Behavioral_F25-54_320 x 50_Click and View_NV_NA,200585089,8/15/2017,37819,799,37020,6002,31018,617,30401,24174,6227,6619,5263,29437
TJN_HOM_030_HomeGoods 2H Digital_F18,xAd Inc.,PJQ7MK_TJN_HOM_030_Mobile_GROUND TRUTH FKA XAD_DST_SV1_MAP_DIR_DSP_TRG_RON_PXT_BTG_DVY_PROXIMITY LOYALTY - STORE LOCATOR UNIT_Run of Network_Geo_F25-54_300 x 250_Click and View_NV_NA,204625442,9/14/2017,2604,50,2554,1070,1484,174,1310,1178,132,1244,1119,2297
TJN_HOM_008_HomeGoods Summer Digital_FY18,xAd Inc.,Rolled-up Placements,N/A,6/25/2017,192095,24683,167412,136796,30616,4475,26141,21373,4768,141271,110040,131413
TJN_HOM_013_HomeGoods FEP_Q3FY18,Discovery Digital Media,PHWLS6_TJN_HOM_013_Content_DISCOVERY NETWORKS_Full Episode Video Mobile App_30s_FEP_Contextual_F25-54_1920 x 1080_Standard_NV_NA,201891425,9/10/2017,19281,130,19151,19151,0,0,0,0,0,19151,,
TJN_HOM_030_HomeGoods 2H Digital_F18,NinthDecimal,PJQ7N8_TJN_HOM_030_Mobile_NINTHDECIMAL_DST_SV1_MAP_DIR_RCH_TRG_RON_BTG_PXT_DVY_LOCATION GRAPH: HOMEGOODS LOYALISTS_Run of Network_Behavioral_F25-54_320 x 50_Click and View_NV_NA,204675012,9/9/2017,4214,57,4157,1014,3143,8,3135,3038,97,1022,990,4028
TJN_HOM_030_HomeGoods 2H Digital_F18,xAd Inc.,PJQ7MK_TJN_HOM_030_Mobile_GROUND TRUTH FKA XAD_DST_SV1_MAP_DIR_DSP_TRG_RON_PXT_BTG_DVY_PROXIMITY LOYALTY - STORE LOCATOR UNIT_Run of Network_Geo_F25-54_300 x 250_Click and View_NV_NA,204625442,10/14/2017,3350,34,3316,91,3225,13,3212,2954,258,104,96,3050
TJN_HOM_008_HomeGoods Summer Digital_FY18,Hulu,PHG79G_TJN_HOM_008_FEP_HULU_ROS Pre-roll_CROSS DEVICE_PRE-ROLL_VIDEO_1920X1080_VAST_AUDIENCE_N/A_N/A_3RD PARTY_N/A_Run of Site_Demo_F25-54_1920 x 1080_Standard_NV_NA,201466946,9/8/2017,36672,234,36438,36438,0,0,0,0,0,36438,34977,34977
TJN_HOM_025_HomeGoods Digital Video_Q4FY18,Tremor Video Inc.,PK6F30_TJN_HOM_025_OLV_TREMOR NETWORK_AWR_BS1_CTV_DIR_VID_TRG_RON_PXT_CTG_DVY_ALL SCREEN PREROLL + PROXIMITYPLUS DWELL TIME TARGETING TO HOMEGOODS VISITORS CTV_Run of Network_Behavioral_F25-54_1280 x 720_Standard_NV_NA,205942131,10/24/2017,7495,0,7495,7495,0,0,0,0,0,7495,0,0
TJN_HOM_030_HomeGoods 2H Digital_F18,NinthDecimal,PJQ7NC_TJN_HOM_030_Mobile_NINTHDECIMAL_DST_SV1_MAP_DIR_RCH_TRG_RON_BTG_DMA_DVY_CONSUMER JOURNEY: DIYERS_Run of Network_Behavioral_F25-54_320 x 50_Click and View_NV_NA,204675009,10/30/2017,3186,39,3147,447,2700,23,2677,2586,91,470,454,3040
TJN_HOM_030_HomeGoods 2H Digital_F18,NinthDecimal,PJQ7N5_TJN_HOM_030_Mobile_NINTHDECIMAL_DST_SV1_MAP_DIR_RCH_TRG_RON_PXT_DMA_DVY_GEOFENCE: 2-MILE RADIUS AROUND URBAN STORES_Run of Network_Geo_F25-54_320 x 50_Click and View_NV_NA,204649945,10/17/2017,8054,264,7790,4031,3759,31,3728,3598,130,4062,3920,7518
TJN_HOM_013_HomeGoods FEP_Q3FY18,Discovery Digital Media,PHWLS5_TJN_HOM_013_Content_DISCOVERY NETWORKS_Full Episode Video Desktop_30s_FEP_Contextual_F25-54_1920 x 1080_Standard_NV_NA,201895013,8/22/2017,3426,72,3354,3354,0,0,0,0,0,3354,,
TJN_HOM_008_HomeGoods Summer Digital_FY18,Hulu,PHG79K_TJN_HOM_008_FEP_HULU_Summer TV Pre-roll_SPONSORSHIP_CROSS DEVICE_PRE-ROLL_VIDEO_1920X1080_VAST_N/A_N/A_N/A_3RD PARTY_N/A_Roadblock_Demo_F25-54_1920 x 1080_Standard_NV_NA,201466499,7/23/2017,146479,1321,145158,145158,0,0,0,0,0,145158,131314,131314
TJN_HOM_013_HomeGoods FEP_Q3FY18,Discovery Digital Media,PHWLS9_TJN_HOM_013_Content_DISCOVERY NETWORKS_Full Episode Video OTT/CTV_30s_FEP_Contextual_F25-54_1920 x 1080_Standard_NV_NA,201891428,8/25/2017,12570,31,12539,12539,0,0,0,0,0,12539,,
TJN_HOM_030_HomeGoods 2H Digital_F18,xAd Inc.,PJQ7ML_TJN_HOM_030_Mobile_GROUND TRUTH FKA XAD_DST_SV1_MAP_DIR_DSP_TRG_RON_BTG_DMA_DVY_BEHAVIORAL - HOME SHOPPER - DYNAMIC DISTANCE_Run of Network_Behavioral_F25-54_320 x 50_Click and View_NV_NA,204626174,10/19/2017,8135,68,8067,7021,1046,7,1039,910,129,7028,5464,6374
TJN_HOM_030_HomeGoods 2H Digital_F18,xAd Inc.,PJQ7MG_TJN_HOM_030_Mobile_GROUND TRUTH FKA XAD_DST_SV1_MAP_DIR_DSP_TRG_RON_PXT_BTG_DVY_PROXIMITY LOYALTY - DYNAMIC DISTANCE_Run of Network_Geo_F25-54_320 x 50_Click and View_NV_NA,204626813,10/17/2017,59218,1206,58012,53500,4512,355,4157,3469,688,53855,43770,47239
TJN_HOM_013_HomeGoods FEP_Q3FY18,Discovery Digital Media,PHWLS7_TJN_HOM_013_Content_DISCOVERY NETWORKS_Full Episode Video Mobile Web_30s_FEP_Contextual_F25-54_1920 x 1080_Standard_NV_NA,201895019,9/16/2017,868,20,848,848,0,0,0,0,0,848,,
TJN_HOM_030_HomeGoods 2H Digital_F18,NinthDecimal,PJQ7NC_TJN_HOM_030_Mobile_NINTHDECIMAL_DST_SV1_MAP_DIR_RCH_TRG_RON_BTG_DMA_DVY_CONSUMER JOURNEY: DIYERS_Run of Network_Behavioral_F25-54_320 x 50_Click and View_NV_NA,204675009,9/20/2017,8150,147,8003,3387,4616,31,4585,4449,136,3418,3317,7766
TJN_HOM_008_HomeGoods Summer Digital_FY18,NinthDecimal,PHHXGM_TJN_HOM_008_Mobile_NINTHDECIMAL_CHILD_LUXURY SHOPPERS PROSPECTING_MOBILE APP_CUSTOM_DISPLAY_320X50_Run of Network_Behavioral_F25-54_320 x 50_Click and View_NV_NA,200581998,8/30/2017,52267,1184,51083,11408,39675,248,39427,36918,2509,11656,10914,47832
TJN_HOM_025_HomeGoods Digital Video_Q4FY18,Tremor Video Inc.,PK6DYV_TJN_HOM_025_OLV_TREMOR NETWORK_AWR_BS1_MAP_DIR_VID_TRG_RON_PXT_CTG_DVY_ALL SCREEN PREROLL + PROXIMITYPLUS DWELL TIME TARGETING TO HOMEGOODS VISITORS MOB/TAB APP_Run of Network_Behavioral_F25-54_1280 x 720_Standard_NV_NA,205859075,10/18/2017,96337,891,95446,95152,294,241,53,52,1,95393,93593,93645
TJN_HOM_030_HomeGoods 2H Digital_F18,xAd Inc.,PJQ7MM_TJN_HOM_030_Mobile_GROUND TRUTH FKA XAD_DST_SV1_MAP_DIR_DSP_TRG_RON_BTG_DMA_DVY_BEHAVIORAL - HOME SHOPPER- DYNAMIC DISTANCE_Run of Network_Behavioral_F25-54_300 x 250_Click and View_NV_NA,204626171,10/22/2017,8034,176,7858,7858,0,0,0,0,0,7858,6482,6482
TJN_HOM_025_HomeGoods Digital Video_Q4FY18,Tremor Video Inc.,PK6F30_TJN_HOM_025_OLV_TREMOR NETWORK_AWR_BS1_CTV_DIR_VID_TRG_RON_PXT_CTG_DVY_ALL SCREEN PREROLL + PROXIMITYPLUS DWELL TIME TARGETING TO HOMEGOODS VISITORS CTV_Run of Network_Behavioral_F25-54_1280 x 720_Standard_NV_NA,205942131,10/17/2017,37406,0,37406,37406,0,0,0,0,0,37406,0,0
TJN_HOM_008_HomeGoods Summer Digital_FY18,NinthDecimal,PHHXGL_TJN_HOM_008_Mobile_NINTHDECIMAL_CHILD_RETENTION_MOBILE APP_CUSTOM_DISPLAY_320X50_Run of Network_Behavioral_F25-54_320 x 50_Click and View_NV_NA,200585092,8/29/2017,9009,114,8895,1272,7623,40,7583,7130,453,1312,1234,8364
TJN_HOM_008_HomeGoods Summer Digital_FY18,xAd Inc.,PHHXGS_TJN_HOM_008_Mobile_XAD INC_CHILD_LOYALTY_MOBILE APP_STANDARD_DISPLAY_300X250_GEO-FENCING_Run of Network_Geo_F25-54_300 x 250_Click and View_NV_NA,200583064,7/26/2017,22726,10940,11786,2157,9629,8177,1452,1416,36,10334,10078,11494
TJN_HOM_008_HomeGoods Summer Digital_FY18,xAd Inc.,PHHXGW_TJN_HOM_008_Mobile_XAD INC_CHILD_LOCATION AUDIENCE-HOMEGOODS SHOPPERS_MOBILE APP_STANDARD_DISPLAY_320X50_Run of Network_Behavioral_F25-54_320 x 50_Click and View_NV_NA,200585089,8/13/2017,34163,624,33539,5875,27664,578,27086,21616,5470,6453,5150,26766
TJN_HOM_030_HomeGoods 2H Digital_F18,xAd Inc.,PJQ7ML_TJN_HOM_030_Mobile_GROUND TRUTH FKA XAD_DST_SV1_MAP_DIR_DSP_TRG_RON_BTG_DMA_DVY_BEHAVIORAL - HOME SHOPPER - DYNAMIC DISTANCE_Run of Network_Behavioral_F25-54_320 x 50_Click and View_NV_NA,204626174,9/11/2017,16871,199,16672,9447,7225,2380,4845,3772,1073,11827,8330,12102
TJN_HOM_030_HomeGoods 2H Digital_F18,NinthDecimal,PJQ7N6_TJN_HOM_030_Mobile_NINTHDECIMAL_DST_SV1_MAP_DIR_RCH_TRG_RON_PXT_DMA_DVY_GEOFENCE: 5-10-MILE RADIUS AROUND SUBURBAN STORES_Run of Network_Geo_F25-54_320 x 50_Click and View_NV_NA,204646507,11/2/2017,3627,65,3562,823,2739,10,2729,2665,64,833,813,3478
TJN_HOM_008_HomeGoods Summer Digital_FY18,NinthDecimal,PHHXGN_TJN_HOM_008_Mobile_NINTHDECIMAL_CHILD_LUXURY SHOPPERS RETENTION_MOBILE APP_CUSTOM_DISPLAY_320X50_Run of Network_Behavioral_F25-54_320 x 50_Click and View_NV_NA,200582901,8/28/2017,1494,48,1446,155,1291,11,1280,1185,95,166,154,1339
TJN_HOM_025_HomeGoods Digital Video_Q4FY18,Tremor Video Inc.,PK1FYN_TJN_HOM_025_OLV_TREMOR NETWORK_AWR_BS1_DSK_DIR_VID_TRG_RON_PXT_CTG_DVY_ALL SCREEN PREROLL + PROXIMITYPLUS DWELL TIME TARGETING TO HOMEGOODS VISITORS DESKTOP_Run of Network_Behavioral_F25-54_1280 x 720_Standard_NV_NA,205941312,10/20/2017,12688,230,12458,3397,9061,121,8940,7728,1212,3518,3041,10769
TJN_HOM_013_HomeGoods FEP_Q3FY18,Discovery Digital Media,PHWLS7_TJN_HOM_013_Content_DISCOVERY NETWORKS_Full Episode Video Mobile Web_30s_FEP_Contextual_F25-54_1920 x 1080_Standard_NV_NA,201895019,9/13/2017,895,11,884,884,0,0,0,0,0,884,,
TJN_HOM_030_HomeGoods 2H Digital_F18,NinthDecimal,PJQ7N5_TJN_HOM_030_Mobile_NINTHDECIMAL_DST_SV1_MAP_DIR_RCH_TRG_RON_PXT_DMA_DVY_GEOFENCE: 2-MILE RADIUS AROUND URBAN STORES_Run of Network_Geo_F25-54_320 x 50_Click and View_NV_NA,204649945,10/24/2017,6505,140,6365,1744,4621,126,4495,4377,118,1870,1821,6198
TJN_HOM_008_HomeGoods Summer Digital_FY18,NinthDecimal,PHHXGK_TJN_HOM_008_Mobile_NINTHDECIMAL_CHILD_PROSPECTING_MOBILE APP_CUSTOM_DISPLAY_320X50_Run of Network_Behavioral_F25-54_320 x 50_Click and View_NV_NA,200587954,7/24/2017,106964,1130,105834,37264,68570,287,68283,65066,3217,37551,35782,100848
TJN_HOM_008_HomeGoods Summer Digital_FY18,Hulu,PHG79M_TJN_HOM_008_FEP_HULU_Premium Slate_CROSS DEVICE_PRE-ROLL_CUSTOM_VECTOR LOGO_1X1_N/A_N/A_N/A_SITE_N/A_Roadblock_Demo_F25-54_1 x 1_Click and View_NV_NA,201466502,8/20/2017,150142,930,149212,149212,0,0,0,0,0,149212,120334,120334
TJN_HOM_013_HomeGoods FEP_Q3FY18,Discovery Digital Media,PHWLS6_TJN_HOM_013_Content_DISCOVERY NETWORKS_Full Episode Video Mobile App_30s_FEP_Contextual_F25-54_1920 x 1080_Standard_NV_NA,201891425,9/29/2017,10923,164,10759,10759,0,0,0,0,0,10759,,
TJN_HOM_008_HomeGoods Summer Digital_FY18,xAd Inc.,Rolled-up Placements,N/A,7/15/2017,183144,20901,162243,141756,20487,12612,7875,6185,1690,154368,114822,121007
TJN_HOM_008_HomeGoods Summer Digital_FY18,Hulu,PHG79J_TJN_HOM_008_FEP_HULU_Branded Slate_ROS_CROSS DEVICE_PRE-ROLL_CUSTOM_VECTOR LOGO_1X1_AUDIENCE_N/A_N/A_SITE_N/A_Run of Site_Demo_F25-54_1 x 1_Click and View_NV_NA,201467345,7/25/2017,1813,12,1801,1801,0,0,0,0,0,1801,1635,1635
TJN_HOM_030_HomeGoods 2H Digital_F18,xAd Inc.,PJQ7MK_TJN_HOM_030_Mobile_GROUND TRUTH FKA XAD_DST_SV1_MAP_DIR_DSP_TRG_RON_PXT_BTG_DVY_PROXIMITY LOYALTY - STORE LOCATOR UNIT_Run of Network_Geo_F25-54_300 x 250_Click and View_NV_NA,204625442,9/28/2017,37414,550,36864,18322,18542,283,18259,14843,3416,18605,15124,29967
TJN_HOM_008_HomeGoods Summer Digital_FY18,Hulu,PHG79N_TJN_HOM_008_FEP_HULU_Masthead_SPONSORSHIP_CROSS DEVICE_CUSTOM_VIDEO_1X1_1X1_N/A_N/A_N/A_SITE_N/A_Roadblock_Demo_F25-54_1 x 1_Click and View_NV_NA,201462657,9/1/2017,500,0,500,500,0,0,0,0,0,500,478,478
TJN_HOM_030_HomeGoods 2H Digital_F18,xAd Inc.,PJQ7MG_TJN_HOM_030_Mobile_GROUND TRUTH FKA XAD_DST_SV1_MAP_DIR_DSP_TRG_RON_PXT_BTG_DVY_PROXIMITY LOYALTY - DYNAMIC DISTANCE_Run of Network_Geo_F25-54_320 x 50_Click and View_NV_NA,204626813,10/24/2017,42800,844,41956,38944,3012,1199,1813,1647,166,40143,34979,36626
TJN_HOM_030_HomeGoods 2H Digital_F18,NinthDecimal,PJQ7NJ_TJN_HOM_030_Mobile_NINTHDECIMAL_DST_SV1_MAP_DIR_RCH_TRG_RON_BTG_DMA_DVY_CONSUMER JOURNEY: BARGAIN HUNTERS_Run of Network_Behavioral_F25-54_320 x 50_Click and View_NV_NA,204644353,9/12/2017,15847,270,15577,7600,7977,48,7929,7728,201,7648,7454,15182
TJN_HOM_013_HomeGoods FEP_Q3FY18,Discovery Digital Media,PHWLS5_TJN_HOM_013_Content_DISCOVERY NETWORKS_Full Episode Video Desktop_30s_FEP_Contextual_F25-54_1920 x 1080_Standard_NV_NA,201895013,7/17/2017,3060,74,2986,2986,0,0,0,0,0,2986,,
TJN_HOM_008_HomeGoods Summer Digital_FY18,xAd Inc.,PHHXGT_TJN_HOM_008_Mobile_XAD INC_CHILD_CONQUESTING_MOBILE APP_STANDARD_DISPLAY_320X50_GEO-FENCING_Run of Network_Geo_F25-54_320 x 50_Click and View_NV_NA,200573066,8/31/2017,62836,1105,61731,22382,39349,468,38881,38425,456,22850,22582,61007
TJN_HOM_013_HomeGoods FEP_Q3FY18,Scripps Networks,PHNKCT_TJN_HOM_013_FEP_SCRIPPSNETWORKS.COM_TVE_Crossplatform_FEP_Demo_F25-54_1 x 1_Click and View_NV_NA,201878832,8/28/2017,2124,12,2112,2112,0,0,0,0,0,2112,,
TJN_HOM_008_HomeGoods Summer Digital_FY18,Hulu,PHG79G_TJN_HOM_008_FEP_HULU_ROS Pre-roll_CROSS DEVICE_PRE-ROLL_VIDEO_1920X1080_VAST_AUDIENCE_N/A_N/A_3RD PARTY_N/A_Run of Site_Demo_F25-54_1920 x 1080_Standard_NV_NA,201466946,8/4/2017,18803,159,18644,18644,0,0,0,0,0,18644,15108,15108
TJN_HOM_030_HomeGoods 2H Digital_F18,xAd Inc.,PJQ7MG_TJN_HOM_030_Mobile_GROUND TRUTH FKA XAD_DST_SV1_MAP_DIR_DSP_TRG_RON_PXT_BTG_DVY_PROXIMITY LOYALTY - DYNAMIC DISTANCE_Run of Network_Geo_F25-54_320 x 50_Click and View_NV_NA,204626813,11/10/2017,44200,680,43520,35057,8463,463,8000,6844,1156,35520,30116,36960
TJN_HOM_013_HomeGoods FEP_Q3FY18,Scripps Networks,PHNKCT_TJN_HOM_013_FEP_SCRIPPSNETWORKS.COM_TVE_Crossplatform_FEP_Demo_F25-54_1 x 1_Click and View_NV_NA,201878832,9/28/2017,1607,10,1597,1597,0,0,0,0,0,1597,,
TJN_HOM_008_HomeGoods Summer Digital_FY18,Hulu,PHG79J_TJN_HOM_008_FEP_HULU_Branded Slate_ROS_CROSS DEVICE_PRE-ROLL_CUSTOM_VECTOR LOGO_1X1_AUDIENCE_N/A_N/A_SITE_N/A_Run of Site_Demo_F25-54_1 x 1_Click and View_NV_NA,201467345,8/25/2017,3630,24,3606,3606,0,0,0,0,0,3606,3485,3485
TJN_HOM_030_HomeGoods 2H Digital_F18,xAd Inc.,PJQ7MP_TJN_HOM_030_Mobile_GROUND TRUTH FKA XAD_DST_SV1_MAP_DIR_DSP_TRG_RON_MKT_DMA_DVY_LOCATION - HOMEGOODS SHOPPERS - DYNAMIC DISTANCE_Run of Network_Geo_F25-54_300 x 250_Click and View_NV_NA,204647878,9/25/2017,3657,387,3270,3258,12,1,11,10,1,3259,2961,2971
TJN_HOM_008_HomeGoods Summer Digital_FY18,Hulu,PHG79M_TJN_HOM_008_FEP_HULU_Premium Slate_CROSS DEVICE_PRE-ROLL_CUSTOM_VECTOR LOGO_1X1_N/A_N/A_N/A_SITE_N/A_Roadblock_Demo_F25-54_1 x 1_Click and View_NV_NA,201466502,8/24/2017,70565,489,70076,70076,0,0,0,0,0,70076,67910,67910
TJN_HOM_008_HomeGoods Summer Digital_FY18,xAd Inc.,PHHXGY_TJN_HOM_008_Mobile_XAD INC_CHILD_LOYALTY_MOBILE APP_CUSTOM_RICH MEDIA_320X50_GEO-FENCING_Run of Network_Geo_F25-54_320 x 50_Click and View_NV_NA,200584630,8/6/2017,27230,274,26956,24475,2481,58,2423,2254,169,24533,22822,25076
TJN_HOM_008_HomeGoods Summer Digital_FY18,Hulu,PHG79K_TJN_HOM_008_FEP_HULU_Summer TV Pre-roll_SPONSORSHIP_CROSS DEVICE_PRE-ROLL_VIDEO_1920X1080_VAST_N/A_N/A_N/A_3RD PARTY_N/A_Roadblock_Demo_F25-54_1920 x 1080_Standard_NV_NA,201466499,8/23/2017,122325,1018,121307,121307,0,0,0,0,0,121307,117259,117259
TJN_HOM_013_HomeGoods FEP_Q3FY18,Discovery Digital Media,PHWLS7_TJN_HOM_013_Content_DISCOVERY NETWORKS_Full Episode Video Mobile Web_30s_FEP_Contextual_F25-54_1920 x 1080_Standard_NV_NA,201895019,9/19/2017,853,14,839,839,0,0,0,0,0,839,,
TJN_HOM_013_HomeGoods FEP_Q3FY18,Discovery Digital Media,PHWLS8_TJN_HOM_013_Content_DISCOVERY NETWORKS_Full Episode Video Tablet Web_30s_FEP_Contextual_F25-54_1920 x 1080_Standard_NV_NA,201899695,9/3/2017,899,22,877,877,0,0,0,0,0,877,,
TJN_HOM_030_HomeGoods 2H Digital_F18,NinthDecimal,PJQ7N5_TJN_HOM_030_Mobile_NINTHDECIMAL_DST_SV1_MAP_DIR_RCH_TRG_RON_PXT_DMA_DVY_GEOFENCE: 2-MILE RADIUS AROUND URBAN STORES_Run of Network_Geo_F25-54_320 x 50_Click and View_NV_NA,204649945,10/5/2017,7527,201,7326,4536,2790,16,2774,2668,106,4552,4378,7046
TJN_HOM_030_HomeGoods 2H Digital_F18,xAd Inc.,PJQ7MG_TJN_HOM_030_Mobile_GROUND TRUTH FKA XAD_DST_SV1_MAP_DIR_DSP_TRG_RON_PXT_BTG_DVY_PROXIMITY LOYALTY - DYNAMIC DISTANCE_Run of Network_Geo_F25-54_320 x 50_Click and View_NV_NA,204626813,10/5/2017,1,1,0,0,0,0,0,0,0,0,0,0
TJN_HOM_030_HomeGoods 2H Digital_F18,xAd Inc.,PJQ7MM_TJN_HOM_030_Mobile_GROUND TRUTH FKA XAD_DST_SV1_MAP_DIR_DSP_TRG_RON_BTG_DMA_DVY_BEHAVIORAL - HOME SHOPPER- DYNAMIC DISTANCE_Run of Network_Behavioral_F25-54_300 x 250_Click and View_NV_NA,204626171,10/10/2017,7123,434,6689,6689,0,0,0,0,0,6689,0,0
TJN_HOM_008_HomeGoods Summer Digital_FY18,xAd Inc.,PHHXH0_TJN_HOM_008_Mobile_XAD INC_STANDALONE_RON_MOBILE APP_STANDARD_DISPLAY_320X50_GEO-FENCING_Run of Network_Behavioral_F25-54_320 x 50_Click and View_NV_NA,200587948,8/28/2017,268917,3580,265337,118298,147039,1692,145347,143351,1996,119990,118342,261693
TJN_HOM_030_HomeGoods 2H Digital_F18,NinthDecimal,PJQ7N5_TJN_HOM_030_Mobile_NINTHDECIMAL_DST_SV1_MAP_DIR_RCH_TRG_RON_PXT_DMA_DVY_GEOFENCE: 2-MILE RADIUS AROUND URBAN STORES_Run of Network_Geo_F25-54_320 x 50_Click and View_NV_NA,204649945,11/10/2017,8520,122,8398,463,7935,32,7903,7718,185,495,483,8201
TJN_HOM_030_HomeGoods 2H Digital_F18,xAd Inc.,PJQ7MS_TJN_HOM_030_Mobile_GROUND TRUTH FKA XAD_DST_SV1_MAP_DIR_DSP_TRG_RON_DMA_PXT_DVY_AV DMA TARGETING_Run of Network_Geo_F25-54_300 x 250_Click and View_NV_NA,204646501,9/12/2017,8899,232,8667,2340,6327,1898,4429,4071,358,4238,3895,7966
TJN_HOM_013_HomeGoods FEP_Q3FY18,Discovery Digital Media,PHWLS9_TJN_HOM_013_Content_DISCOVERY NETWORKS_Full Episode Video OTT/CTV_30s_FEP_Contextual_F25-54_1920 x 1080_Standard_NV_NA,201891428,7/30/2017,10726,19,10707,10707,0,0,0,0,0,10707,,
TJN_HOM_030_HomeGoods 2H Digital_F18,NinthDecimal,PJQ7NG_TJN_HOM_030_Mobile_NINTHDECIMAL_DST_SV1_MAP_DIR_RCH_TRG_RON_BTG_DMA_DVY_CONSUMER JOURNEY: NEW HOME BUYERS & MOVERS_Run of Network_Behavioral_F25-54_320 x 50_Click and View_NV_NA,204625835,10/29/2017,5294,75,5219,385,4834,10,4824,4710,114,395,386,5096
TJN_HOM_030_HomeGoods 2H Digital_F18,xAd Inc.,PJQ7MH_TJN_HOM_030_Mobile_GROUND TRUTH FKA XAD_DST_SV1_MAP_DIR_DSP_TRG_RON_PXT_BTG_DVY_PROXIMITY LOYALTY - DYNAMIC DISTANCE_Run of Network_Geo_F25-54_300 x 250_Click and View_NV_NA,204675003,11/9/2017,66432,2753,63679,63679,0,0,0,0,0,63679,36071,36071
TJN_HOM_013_HomeGoods FEP_Q3FY18,Discovery Digital Media,PHWLS8_TJN_HOM_013_Content_DISCOVERY NETWORKS_Full Episode Video Tablet Web_30s_FEP_Contextual_F25-54_1920 x 1080_Standard_NV_NA,201899695,7/20/2017,954,4,950,950,0,0,0,0,0,950,,
TJN_HOM_013_HomeGoods FEP_Q3FY18,Discovery Digital Media,PHWLS5_TJN_HOM_013_Content_DISCOVERY NETWORKS_Full Episode Video Desktop_30s_FEP_Contextual_F25-54_1920 x 1080_Standard_NV_NA,201895013,7/27/2017,4028,112,3916,3916,0,0,0,0,0,3916,,
TJN_HOM_030_HomeGoods 2H Digital_F18,xAd Inc.,PJQ7MP_TJN_HOM_030_Mobile_GROUND TRUTH FKA XAD_DST_SV1_MAP_DIR_DSP_TRG_RON_MKT_DMA_DVY_LOCATION - HOMEGOODS SHOPPERS - DYNAMIC DISTANCE_Run of Network_Geo_F25-54_300 x 250_Click and View_NV_NA,204647878,10/26/2017,5828,159,5669,5669,0,0,0,0,0,5669,5082,5082
TJN_HOM_008_HomeGoods Summer Digital_FY18,NinthDecimal,PHHXGM_TJN_HOM_008_Mobile_NINTHDECIMAL_CHILD_LUXURY SHOPPERS PROSPECTING_MOBILE APP_CUSTOM_DISPLAY_320X50_Run of Network_Behavioral_F25-54_320 x 50_Click and View_NV_NA,200581998,8/12/2017,49224,1068,48156,12013,36143,316,35827,32339,3488,12329,11129,43468
TJN_HOM_030_HomeGoods 2H Digital_F18,Nativo Inc.,PK87W8_TJN_HOM_030_Content_NATIVO FKA POST RLSE_DSI_BS2_MWB_DIR_NAD_ROT_RON_CTG_BTG_DVY_NATIVE DISPLAY UNIT FALL TRENDS_Run of Network_Contextual_F25-54_1 x 1_Click and View_NV_NA,206137761,10/11/2017,200991,7911,193080,1268,191812,12500,179312,57198,122114,13768,4392,61590
TJN_HOM_030_HomeGoods 2H Digital_F18,NinthDecimal,PJQ7N9_TJN_HOM_030_Mobile_NINTHDECIMAL_DST_SV1_MAP_DIR_RCH_TRG_RON_BTG_PXT_DVY_LOCATION GRAPH: TJX FAMILY LOYALISTS_Run of Network_Behavioral_F25-54_320 x 50_Click and View_NV_NA,204647917,10/17/2017,14153,233,13920,6164,7756,49,7707,7496,211,6213,6043,13539
TJN_HOM_030_HomeGoods 2H Digital_F18,NinthDecimal,PJQ7NB_TJN_HOM_030_Mobile_NINTHDECIMAL_DST_SV1_MAP_DIR_RCH_TRG_RON_BTG_PXT_DVY_LOCATION GRAPH: COMPETITIVE CONQUESTING_Run of Network_Behavioral_F25-54_320 x 50_Click and View_NV_NA,204649942,10/10/2017,8191,47,8144,4876,3268,23,3245,3165,80,4899,4778,7943
TJN_HOM_030_HomeGoods 2H Digital_F18,NinthDecimal,PJQ7N6_TJN_HOM_030_Mobile_NINTHDECIMAL_DST_SV1_MAP_DIR_RCH_TRG_RON_PXT_DMA_DVY_GEOFENCE: 5-10-MILE RADIUS AROUND SUBURBAN STORES_Run of Network_Geo_F25-54_320 x 50_Click and View_NV_NA,204646507,11/1/2017,10525,205,10320,1437,8883,30,8853,8625,228,1467,1429,10054
TJN_HOM_030_HomeGoods 2H Digital_F18,NinthDecimal,PJQ7N8_TJN_HOM_030_Mobile_NINTHDECIMAL_DST_SV1_MAP_DIR_RCH_TRG_RON_BTG_PXT_DVY_LOCATION GRAPH: HOMEGOODS LOYALISTS_Run of Network_Behavioral_F25-54_320 x 50_Click and View_NV_NA,204675012,10/4/2017,12011,116,11895,4382,7513,37,7476,7197,279,4419,4254,11451
TJN_HOM_030_HomeGoods 2H Digital_F18,NinthDecimal,PJQ7NG_TJN_HOM_030_Mobile_NINTHDECIMAL_DST_SV1_MAP_DIR_RCH_TRG_RON_BTG_DMA_DVY_CONSUMER JOURNEY: NEW HOME BUYERS & MOVERS_Run of Network_Behavioral_F25-54_320 x 50_Click and View_NV_NA,204625835,10/8/2017,9801,137,9664,5540,4124,40,4084,3954,130,5580,5402,9356
TJN_HOM_030_HomeGoods 2H Digital_F18,NinthDecimal,PJQ7NB_TJN_HOM_030_Mobile_NINTHDECIMAL_DST_SV1_MAP_DIR_RCH_TRG_RON_BTG_PXT_DVY_LOCATION GRAPH: COMPETITIVE CONQUESTING_Run of Network_Behavioral_F25-54_320 x 50_Click and View_NV_NA,204649942,10/22/2017,8204,110,8094,5086,3008,29,2979,2907,72,5115,4991,7898
TJN_HOM_008_HomeGoods Summer Digital_FY18,xAd Inc.,PHHXGW_TJN_HOM_008_Mobile_XAD INC_CHILD_LOCATION AUDIENCE-HOMEGOODS SHOPPERS_MOBILE APP_STANDARD_DISPLAY_320X50_Run of Network_Behavioral_F25-54_320 x 50_Click and View_NV_NA,200585089,8/1/2017,31165,372,30793,20206,10587,50,10537,10324,213,20256,19823,30147
TJN_HOM_008_HomeGoods Summer Digital_FY18,Hulu,PHG79M_TJN_HOM_008_FEP_HULU_Premium Slate_CROSS DEVICE_PRE-ROLL_CUSTOM_VECTOR LOGO_1X1_N/A_N/A_N/A_SITE_N/A_Roadblock_Demo_F25-54_1 x 1_Click and View_NV_NA,201466502,8/11/2017,11,1,10,10,0,0,0,0,0,10,9,9
TJN_HOM_030_HomeGoods 2H Digital_F18,NinthDecimal,PJQ7N6_TJN_HOM_030_Mobile_NINTHDECIMAL_DST_SV1_MAP_DIR_RCH_TRG_RON_PXT_DMA_DVY_GEOFENCE: 5-10-MILE RADIUS AROUND SUBURBAN STORES_Run of Network_Geo_F25-54_320 x 50_Click and View_NV_NA,204646507,11/7/2017,33430,579,32851,2069,30782,138,30644,29764,880,2207,2144,31908
TJN_HOM_008_HomeGoods Summer Digital_FY18,xAd Inc.,PHHXGT_TJN_HOM_008_Mobile_XAD INC_CHILD_CONQUESTING_MOBILE APP_STANDARD_DISPLAY_320X50_GEO-FENCING_Run of Network_Geo_F25-54_320 x 50_Click and View_NV_NA,200573066,7/28/2017,39285,651,38634,21924,16710,187,16523,11111,5412,22111,14869,25980
TJN_HOM_030_HomeGoods 2H Digital_F18,xAd Inc.,PJQ7ML_TJN_HOM_030_Mobile_GROUND TRUTH FKA XAD_DST_SV1_MAP_DIR_DSP_TRG_RON_BTG_DMA_DVY_BEHAVIORAL - HOME SHOPPER - DYNAMIC DISTANCE_Run of Network_Behavioral_F25-54_320 x 50_Click and View_NV_NA,204626174,9/26/2017,109710,2721,106989,55328,51661,2381,49280,36697,12583,57709,40502,77199
TJN_HOM_030_HomeGoods 2H Digital_F18,Nativo Inc.,PK87W8_TJN_HOM_030_Content_NATIVO FKA POST RLSE_DSI_BS2_MWB_DIR_NAD_ROT_RON_CTG_BTG_DVY_NATIVE DISPLAY UNIT FALL TRENDS_Run of Network_Contextual_F25-54_1 x 1_Click and View_NV_NA,206137761,10/6/2017,252442,9590,242852,2211,240641,21368,219273,59563,159710,23579,6405,65968
TJN_HOM_013_HomeGoods FEP_Q3FY18,Discovery Digital Media,PHWLS9_TJN_HOM_013_Content_DISCOVERY NETWORKS_Full Episode Video OTT/CTV_30s_FEP_Contextual_F25-54_1920 x 1080_Standard_NV_NA,201891428,9/25/2017,9802,12,9790,9790,0,0,0,0,0,9790,,
TJN_HOM_008_HomeGoods Summer Digital_FY18,xAd Inc.,PHHXGW_TJN_HOM_008_Mobile_XAD INC_CHILD_LOCATION AUDIENCE-HOMEGOODS SHOPPERS_MOBILE APP_STANDARD_DISPLAY_320X50_Run of Network_Behavioral_F25-54_320 x 50_Click and View_NV_NA,200585089,7/29/2017,29774,703,29071,4794,24277,563,23714,17195,6519,5357,3884,21079
TJN_HOM_030_HomeGoods 2H Digital_F18,xAd Inc.,PJQ7MR_TJN_HOM_030_Mobile_GROUND TRUTH FKA XAD_DST_SV1_MAP_DIR_DSP_TRG_RON_MKT_DMA_DVY_LOCATION - COMPETITOR SHOPPERS - DYNAMIC DISTANCE_Run of Network_Geo_F25-54_300 x 250_Click and View_NV_NA,204647890,10/28/2017,7826,230,7596,7596,0,0,0,0,0,7596,6803,6803
TJN_HOM_008_HomeGoods Summer Digital_FY18,xAd Inc.,Rolled-up Placements,N/A,7/12/2017,163427,15228,148199,118991,29208,19882,9326,7225,2101,138873,107033,114258
TJN_HOM_025_HomeGoods Digital Video_Q4FY18,Tremor Video Inc.,PK1FYN_TJN_HOM_025_OLV_TREMOR NETWORK_AWR_BS1_DSK_DIR_VID_TRG_RON_PXT_CTG_DVY_ALL SCREEN PREROLL + PROXIMITYPLUS DWELL TIME TARGETING TO HOMEGOODS VISITORS DESKTOP_Run of Network_Behavioral_F25-54_1280 x 720_Standard_NV_NA,205941312,11/3/2017,5917,5,5912,3283,2629,47,2582,841,1741,3330,1085,1926
TJN_HOM_030_HomeGoods 2H Digital_F18,NinthDecimal,PJQ7N7_TJN_HOM_030_Mobile_NINTHDECIMAL_DST_SV1_MAP_DIR_RCH_TRG_RON_PXT_DMA_DVY_GEOFENCE: 15-20-MILE RADIUS AROUND RURAL STORES_Run of Network_Geo_F25-54_320 x 50_Click and View_NV_NA,204674556,11/11/2017,24625,428,24197,2020,22177,89,22088,21583,505,2109,2061,23644
TJN_HOM_030_HomeGoods 2H Digital_F18,xAd Inc.,PJQ7MK_TJN_HOM_030_Mobile_GROUND TRUTH FKA XAD_DST_SV1_MAP_DIR_DSP_TRG_RON_PXT_BTG_DVY_PROXIMITY LOYALTY - STORE LOCATOR UNIT_Run of Network_Geo_F25-54_300 x 250_Click and View_NV_NA,204625442,9/5/2017,44,0,44,0,44,0,44,38,6,0,0,38
TJN_HOM_008_HomeGoods Summer Digital_FY18,xAd Inc.,PHHXH0_TJN_HOM_008_Mobile_XAD INC_STANDALONE_RON_MOBILE APP_STANDARD_DISPLAY_320X50_GEO-FENCING_Run of Network_Behavioral_F25-54_320 x 50_Click and View_NV_NA,200587948,8/18/2017,14023,268,13755,8202,5553,98,5455,4236,1219,8300,6445,10681
TJN_HOM_030_HomeGoods 2H Digital_F18,NinthDecimal,PJQ7ND_TJN_HOM_030_Mobile_NINTHDECIMAL_DST_SV1_MAP_DIR_RCH_TRG_RON_BTG_DMA_DVY_CONSUMER JOURNEY: HOUSEHOLD CEO_Run of Network_Behavioral_F25-54_320 x 50_Click and View_NV_NA,204626294,9/12/2017,14788,306,14482,4673,9809,50,9759,9546,213,4723,4620,14166
TJN_HOM_030_HomeGoods 2H Digital_F18,xAd Inc.,PJQ7ML_TJN_HOM_030_Mobile_GROUND TRUTH FKA XAD_DST_SV1_MAP_DIR_DSP_TRG_RON_BTG_DMA_DVY_BEHAVIORAL - HOME SHOPPER - DYNAMIC DISTANCE_Run of Network_Behavioral_F25-54_320 x 50_Click and View_NV_NA,204626174,11/12/2017,36545,379,36166,28179,7987,207,7780,5591,2189,28386,20353,25944
TJN_HOM_030_HomeGoods 2H Digital_F18,NinthDecimal,PJQ7N9_TJN_HOM_030_Mobile_NINTHDECIMAL_DST_SV1_MAP_DIR_RCH_TRG_RON_BTG_PXT_DVY_LOCATION GRAPH: TJX FAMILY LOYALISTS_Run of Network_Behavioral_F25-54_320 x 50_Click and View_NV_NA,204647917,11/10/2017,7499,144,7355,394,6961,29,6932,6767,165,423,413,7180
TJN_HOM_013_HomeGoods FEP_Q3FY18,Scripps Networks,PHNKCT_TJN_HOM_013_FEP_SCRIPPSNETWORKS.COM_TVE_Crossplatform_FEP_Demo_F25-54_1 x 1_Click and View_NV_NA,201878832,8/5/2017,369,2,367,367,0,0,0,0,0,367,,
TJN_HOM_030_HomeGoods 2H Digital_F18,NinthDecimal,"PJQ7NK_TJN_HOM_030_Mobile_NINTHDECIMAL_DST_SV1_MAP_DIR_RCH_TRG_RON_BTG_DMA_DVY_TV TARGETING: HGTV, DIY NETWORK, BRAVO, TLC, FOOD NETWORK_Run of Network_Behavioral_F25-54_320 x 50_Click and View_NV_NA",204674553,9/12/2017,44945,671,44274,17085,27189,186,27003,26042,961,17271,16656,42698
TJN_HOM_030_HomeGoods 2H Digital_F18,xAd Inc.,PJQ7MR_TJN_HOM_030_Mobile_GROUND TRUTH FKA XAD_DST_SV1_MAP_DIR_DSP_TRG_RON_MKT_DMA_DVY_LOCATION - COMPETITOR SHOPPERS - DYNAMIC DISTANCE_Run of Network_Geo_F25-54_300 x 250_Click and View_NV_NA,204647890,9/8/2017,9759,147,9612,9612,0,0,0,0,0,9612,8811,8811
TJN_HOM_008_HomeGoods Summer Digital_FY18,xAd Inc.,PHHXH0_TJN_HOM_008_Mobile_XAD INC_STANDALONE_RON_MOBILE APP_STANDARD_DISPLAY_320X50_GEO-FENCING_Run of Network_Behavioral_F25-54_320 x 50_Click and View_NV_NA,200587948,9/5/2017,2,0,2,2,0,0,0,0,0,2,2,2
TJN_HOM_008_HomeGoods Summer Digital_FY18,Hulu,PHG79J_TJN_HOM_008_FEP_HULU_Branded Slate_ROS_CROSS DEVICE_PRE-ROLL_CUSTOM_VECTOR LOGO_1X1_AUDIENCE_N/A_N/A_SITE_N/A_Run of Site_Demo_F25-54_1 x 1_Click and View_NV_NA,201467345,7/30/2017,944,4,940,940,0,0,0,0,0,940,826,826
TJN_HOM_008_HomeGoods Summer Digital_FY18,NinthDecimal,PHHXGL_TJN_HOM_008_Mobile_NINTHDECIMAL_CHILD_RETENTION_MOBILE APP_CUSTOM_DISPLAY_320X50_Run of Network_Behavioral_F25-54_320 x 50_Click and View_NV_NA,200585092,8/7/2017,12723,114,12609,1898,10711,45,10666,10010,656,1943,1823,11833
TJN_HOM_013_HomeGoods FEP_Q3FY18,Discovery Digital Media,PHWLS6_TJN_HOM_013_Content_DISCOVERY NETWORKS_Full Episode Video Mobile App_30s_FEP_Contextual_F25-54_1920 x 1080_Standard_NV_NA,201891425,8/17/2017,21318,225,21093,21093,0,0,0,0,0,21093,,
TJN_HOM_008_HomeGoods Summer Digital_FY18,NinthDecimal,PHHXGN_TJN_HOM_008_Mobile_NINTHDECIMAL_CHILD_LUXURY SHOPPERS RETENTION_MOBILE APP_CUSTOM_DISPLAY_320X50_Run of Network_Behavioral_F25-54_320 x 50_Click and View_NV_NA,200582901,8/5/2017,2749,42,2707,281,2426,24,2402,2108,294,305,268,2376
TJN_HOM_030_HomeGoods 2H Digital_F18,NinthDecimal,PJQ7N9_TJN_HOM_030_Mobile_NINTHDECIMAL_DST_SV1_MAP_DIR_RCH_TRG_RON_BTG_PXT_DVY_LOCATION GRAPH: TJX FAMILY LOYALISTS_Run of Network_Behavioral_F25-54_320 x 50_Click and View_NV_NA,204647917,10/5/2017,12221,275,11946,6345,5601,33,5568,5376,192,6378,6158,11534
TJN_HOM_030_HomeGoods 2H Digital_F18,Nativo Inc.,PJQDHJ_TJN_HOM_030_Content_NATIVO FKA POST RLSE_DSI_BS2_MWB_DIR_NAD_ROT_RON_CTG_BTG_DVY_NATIVE DISPLAY UNIT FALLIDAYS_Run of Network_Contextual_F25-54_1 x 1_Click and View_NV_NA,206024352,10/12/2017,593224,30584,562640,2436,560204,32377,527827,203407,324420,34813,13416,216823
TJN_HOM_008_HomeGoods Summer Digital_FY18,NinthDecimal,PHHXGK_TJN_HOM_008_Mobile_NINTHDECIMAL_CHILD_PROSPECTING_MOBILE APP_CUSTOM_DISPLAY_320X50_Run of Network_Behavioral_F25-54_320 x 50_Click and View_NV_NA,200587954,8/21/2017,144793,2716,142077,51578,90499,510,89989,85554,4435,52088,49521,135075
TJN_HOM_008_HomeGoods Summer Digital_FY18,NinthDecimal,PHHXGN_TJN_HOM_008_Mobile_NINTHDECIMAL_CHILD_LUXURY SHOPPERS RETENTION_MOBILE APP_CUSTOM_DISPLAY_320X50_Run of Network_Behavioral_F25-54_320 x 50_Click and View_NV_NA,200582901,9/5/2017,4,0,4,2,2,1,1,1,0,3,3,4
TJN_HOM_008_HomeGoods Summer Digital_FY18,Hulu,PHG79J_TJN_HOM_008_FEP_HULU_Branded Slate_ROS_CROSS DEVICE_PRE-ROLL_CUSTOM_VECTOR LOGO_1X1_AUDIENCE_N/A_N/A_SITE_N/A_Run of Site_Demo_F25-54_1 x 1_Click and View_NV_NA,201467345,9/25/2017,509,2,507,507,0,0,0,0,0,507,452,452
TJN_HOM_030_HomeGoods 2H Digital_F18,xAd Inc.,PJQ7MR_TJN_HOM_030_Mobile_GROUND TRUTH FKA XAD_DST_SV1_MAP_DIR_DSP_TRG_RON_MKT_DMA_DVY_LOCATION - COMPETITOR SHOPPERS - DYNAMIC DISTANCE_Run of Network_Geo_F25-54_300 x 250_Click and View_NV_NA,204647890,10/7/2017,7519,209,7310,7309,1,0,1,0,1,7309,0,0
TJN_HOM_025_HomeGoods Digital Video_Q4FY18,Tremor Video Inc.,PK1FYN_TJN_HOM_025_OLV_TREMOR NETWORK_AWR_BS1_DSK_DIR_VID_TRG_RON_PXT_CTG_DVY_ALL SCREEN PREROLL + PROXIMITYPLUS DWELL TIME TARGETING TO HOMEGOODS VISITORS DESKTOP_Run of Network_Behavioral_F25-54_1280 x 720_Standard_NV_NA,205941312,11/1/2017,7574,7,7567,3730,3837,58,3779,1965,1814,3788,1970,3935
TJN_HOM_008_HomeGoods Summer Digital_FY18,xAd Inc.,PHHXH0_TJN_HOM_008_Mobile_XAD INC_STANDALONE_RON_MOBILE APP_STANDARD_DISPLAY_320X50_GEO-FENCING_Run of Network_Behavioral_F25-54_320 x 50_Click and View_NV_NA,200587948,8/5/2017,23,0,23,0,23,10,13,10,3,10,8,18
TJN_HOM_025_HomeGoods Digital Video_Q4FY18,Tremor Video Inc.,PK1FYN_TJN_HOM_025_OLV_TREMOR NETWORK_AWR_BS1_DSK_DIR_VID_TRG_RON_PXT_CTG_DVY_ALL SCREEN PREROLL + PROXIMITYPLUS DWELL TIME TARGETING TO HOMEGOODS VISITORS DESKTOP_Run of Network_Behavioral_F25-54_1280 x 720_Standard_NV_NA,205941312,11/7/2017,31655,125,31530,5320,26210,350,25860,9211,16649,5670,2020,11231
TJN_HOM_030_HomeGoods 2H Digital_F18,NinthDecimal,PJQ7N7_TJN_HOM_030_Mobile_NINTHDECIMAL_DST_SV1_MAP_DIR_RCH_TRG_RON_PXT_DMA_DVY_GEOFENCE: 15-20-MILE RADIUS AROUND RURAL STORES_Run of Network_Geo_F25-54_320 x 50_Click and View_NV_NA,204674556,9/15/2017,9846,224,9622,3641,5981,35,5946,5837,109,3676,3609,9446
TJN_HOM_030_HomeGoods 2H Digital_F18,xAd Inc.,PJQ7ML_TJN_HOM_030_Mobile_GROUND TRUTH FKA XAD_DST_SV1_MAP_DIR_DSP_TRG_RON_BTG_DMA_DVY_BEHAVIORAL - HOME SHOPPER - DYNAMIC DISTANCE_Run of Network_Behavioral_F25-54_320 x 50_Click and View_NV_NA,204626174,10/9/2017,8230,137,8093,5792,2301,144,2157,1385,772,5936,3775,5160
TJN_HOM_008_HomeGoods Summer Digital_FY18,xAd Inc.,PHHXGT_TJN_HOM_008_Mobile_XAD INC_CHILD_CONQUESTING_MOBILE APP_STANDARD_DISPLAY_320X50_GEO-FENCING_Run of Network_Geo_F25-54_320 x 50_Click and View_NV_NA,200573066,9/1/2017,47724,779,46945,20887,26058,242,25816,25025,791,21129,20369,45394
TJN_HOM_013_HomeGoods FEP_Q3FY18,Scripps Networks,PHNKCT_TJN_HOM_013_FEP_SCRIPPSNETWORKS.COM_TVE_Crossplatform_FEP_Demo_F25-54_1 x 1_Click and View_NV_NA,201878832,9/5/2017,1842,10,1832,1832,0,0,0,0,0,1832,,
TJN_HOM_030_HomeGoods 2H Digital_F18,NinthDecimal,PJQ7N6_TJN_HOM_030_Mobile_NINTHDECIMAL_DST_SV1_MAP_DIR_RCH_TRG_RON_PXT_DMA_DVY_GEOFENCE: 5-10-MILE RADIUS AROUND SUBURBAN STORES_Run of Network_Geo_F25-54_320 x 50_Click and View_NV_NA,204646507,11/3/2017,3515,59,3456,873,2583,18,2565,2494,71,891,866,3360
TJN_HOM_008_HomeGoods Summer Digital_FY18,NinthDecimal,PHHXGN_TJN_HOM_008_Mobile_NINTHDECIMAL_CHILD_LUXURY SHOPPERS RETENTION_MOBILE APP_CUSTOM_DISPLAY_320X50_Run of Network_Behavioral_F25-54_320 x 50_Click and View_NV_NA,200582901,8/18/2017,3263,108,3155,447,2708,12,2696,2354,342,459,401,2755
TJN_HOM_008_HomeGoods Summer Digital_FY18,NinthDecimal,PHHXGL_TJN_HOM_008_Mobile_NINTHDECIMAL_CHILD_RETENTION_MOBILE APP_CUSTOM_DISPLAY_320X50_Run of Network_Behavioral_F25-54_320 x 50_Click and View_NV_NA,200585092,8/3/2017,11526,71,11455,2315,9140,55,9085,8457,628,2370,2206,10663
TJN_HOM_008_HomeGoods Summer Digital_FY18,Hulu,PHG79N_TJN_HOM_008_FEP_HULU_Masthead_SPONSORSHIP_CROSS DEVICE_CUSTOM_VIDEO_1X1_1X1_N/A_N/A_N/A_SITE_N/A_Roadblock_Demo_F25-54_1 x 1_Click and View_NV_NA,201462657,8/31/2017,103211,949,102262,102262,0,0,0,0,0,102262,98229,98229
TJN_HOM_030_HomeGoods 2H Digital_F18,NinthDecimal,PJQ7N9_TJN_HOM_030_Mobile_NINTHDECIMAL_DST_SV1_MAP_DIR_RCH_TRG_RON_BTG_PXT_DVY_LOCATION GRAPH: TJX FAMILY LOYALISTS_Run of Network_Behavioral_F25-54_320 x 50_Click and View_NV_NA,204647917,10/24/2017,13044,287,12757,2857,9900,258,9642,9338,304,3115,3017,12355
TJN_HOM_013_HomeGoods FEP_Q3FY18,Scripps Networks,PHNKCR_TJN_HOM_013_FEP_SCRIPPSNETWORKS.COM_On-site_Crossplatform_FEP_Demo_F25-54_1280 x 720_Standard_NV_NA,201888442,7/24/2017,1554,9,1545,1545,0,0,0,0,0,1545,,
TJN_HOM_030_HomeGoods 2H Digital_F18,xAd Inc.,PJQ7MJ_TJN_HOM_030_Mobile_GROUND TRUTH FKA XAD_DST_SV1_MAP_DIR_DSP_TRG_RON_PXT_BTG_DVY_PROXIMITY LOYALTY - STORE LOCATOR UNIT_Run of Network_Geo_F25-54_320 x 50_Click and View_NV_NA,204649939,10/5/2017,3,0,3,2,1,1,0,0,0,3,3,3
TJN_HOM_030_HomeGoods 2H Digital_F18,NinthDecimal,PJQ7NH_TJN_HOM_030_Mobile_NINTHDECIMAL_DST_SV1_MAP_DIR_RCH_TRG_RON_BTG_DMA_DVY_CONSUMER JOURNEY: PET SUPPLY SHOPPERS_Run of Network_Behavioral_F25-54_320 x 50_Click and View_NV_NA,204647914,9/29/2017,2059,58,2001,839,1162,5,1157,1128,29,844,823,1951
TJN_HOM_013_HomeGoods FEP_Q3FY18,Discovery Digital Media,PHWLS9_TJN_HOM_013_Content_DISCOVERY NETWORKS_Full Episode Video OTT/CTV_30s_FEP_Contextual_F25-54_1920 x 1080_Standard_NV_NA,201891428,9/7/2017,10755,21,10734,10734,0,0,0,0,0,10734,,
TJN_HOM_030_HomeGoods 2H Digital_F18,NinthDecimal,PJQ7NG_TJN_HOM_030_Mobile_NINTHDECIMAL_DST_SV1_MAP_DIR_RCH_TRG_RON_BTG_DMA_DVY_CONSUMER JOURNEY: NEW HOME BUYERS & MOVERS_Run of Network_Behavioral_F25-54_320 x 50_Click and View_NV_NA,204625835,9/1/2017,3,1,2,1,1,1,0,0,0,2,2,2
TJN_HOM_030_HomeGoods 2H Digital_F18,xAd Inc.,PJQ7MJ_TJN_HOM_030_Mobile_GROUND TRUTH FKA XAD_DST_SV1_MAP_DIR_DSP_TRG_RON_PXT_BTG_DVY_PROXIMITY LOYALTY - STORE LOCATOR UNIT_Run of Network_Geo_F25-54_320 x 50_Click and View_NV_NA,204649939,11/10/2017,24977,480,24497,16686,7811,476,7335,6851,484,17162,16030,22881
TJN_HOM_030_HomeGoods 2H Digital_F18,xAd Inc.,PJQ7MQ_TJN_HOM_030_Mobile_GROUND TRUTH FKA XAD_DST_SV1_MAP_DIR_DSP_TRG_RON_MKT_DMA_DVY_LOCATION - COMPETITOR SHOPPERS - DYNAMIC DISTANCE_Run of Network_Geo_F25-54_320 x 50_Click and View_NV_NA,204617210,9/29/2017,68174,1423,66751,49491,17260,696,16564,11911,4653,50187,34831,46742
TJN_HOM_013_HomeGoods FEP_Q3FY18,Discovery Digital Media,PHWLS8_TJN_HOM_013_Content_DISCOVERY NETWORKS_Full Episode Video Tablet Web_30s_FEP_Contextual_F25-54_1920 x 1080_Standard_NV_NA,201899695,9/22/2017,833,5,828,828,0,0,0,0,0,828,,
TJN_HOM_030_HomeGoods 2H Digital_F18,xAd Inc.,PJQ7MJ_TJN_HOM_030_Mobile_GROUND TRUTH FKA XAD_DST_SV1_MAP_DIR_DSP_TRG_RON_PXT_BTG_DVY_PROXIMITY LOYALTY - STORE LOCATOR UNIT_Run of Network_Geo_F25-54_320 x 50_Click and View_NV_NA,204649939,10/24/2017,10493,221,10272,3830,6442,97,6345,6246,99,3927,3866,10112
TJN_HOM_008_HomeGoods Summer Digital_FY18,xAd Inc.,Rolled-up Placements,N/A,6/24/2017,177269,24798,152471,120939,31532,11829,19703,14973,4730,132768,104964,119937
TJN_HOM_008_HomeGoods Summer Digital_FY18,xAd Inc.,PHHXGY_TJN_HOM_008_Mobile_XAD INC_CHILD_LOYALTY_MOBILE APP_CUSTOM_RICH MEDIA_320X50_GEO-FENCING_Run of Network_Geo_F25-54_320 x 50_Click and View_NV_NA,200584630,7/31/2017,365431,4686,360745,114815,245930,1923,244007,239669,4338,116738,114663,354332
TJN_HOM_030_HomeGoods 2H Digital_F18,NinthDecimal,"PJQ7NK_TJN_HOM_030_Mobile_NINTHDECIMAL_DST_SV1_MAP_DIR_RCH_TRG_RON_BTG_DMA_DVY_TV TARGETING: HGTV, DIY NETWORK, BRAVO, TLC, FOOD NETWORK_Run of Network_Behavioral_F25-54_320 x 50_Click and View_NV_NA",204674553,9/27/2017,6052,124,5928,2164,3764,16,3748,3617,131,2180,2104,5721
TJN_HOM_030_HomeGoods 2H Digital_F18,NinthDecimal,PJQ7NC_TJN_HOM_030_Mobile_NINTHDECIMAL_DST_SV1_MAP_DIR_RCH_TRG_RON_BTG_DMA_DVY_CONSUMER JOURNEY: DIYERS_Run of Network_Behavioral_F25-54_320 x 50_Click and View_NV_NA,204675009,9/26/2017,9458,197,9261,3394,5867,25,5842,5682,160,3419,3325,9007
TJN_HOM_030_HomeGoods 2H Digital_F18,NinthDecimal,PJQ7ND_TJN_HOM_030_Mobile_NINTHDECIMAL_DST_SV1_MAP_DIR_RCH_TRG_RON_BTG_DMA_DVY_CONSUMER JOURNEY: HOUSEHOLD CEO_Run of Network_Behavioral_F25-54_320 x 50_Click and View_NV_NA,204626294,9/27/2017,9689,209,9480,2640,6840,32,6808,6646,162,2672,2608,9254
TJN_HOM_030_HomeGoods 2H Digital_F18,NinthDecimal,PJQ7NF_TJN_HOM_030_Mobile_NINTHDECIMAL_DST_SV1_MAP_DIR_RCH_TRG_RON_BTG_DMA_DVY_CONSUMER JOURNEY: HOME FURNISHINGS SHOPPERS_Run of Network_Behavioral_F25-54_320 x 50_Click and View_NV_NA,204626291,9/14/2017,10727,270,10457,3550,6907,40,6867,6715,152,3590,3511,10226
TJN_HOM_008_HomeGoods Summer Digital_FY18,xAd Inc.,PHHXGT_TJN_HOM_008_Mobile_XAD INC_CHILD_CONQUESTING_MOBILE APP_STANDARD_DISPLAY_320X50_GEO-FENCING_Run of Network_Geo_F25-54_320 x 50_Click and View_NV_NA,200573066,7/17/2017,26668,182,26486,23461,3025,31,2994,1982,1012,23492,15551,17533
TJN_HOM_013_HomeGoods FEP_Q3FY18,Discovery Digital Media,PHWLS5_TJN_HOM_013_Content_DISCOVERY NETWORKS_Full Episode Video Desktop_30s_FEP_Contextual_F25-54_1920 x 1080_Standard_NV_NA,201895013,8/31/2017,3688,66,3622,3622,0,0,0,0,0,3622,,
TJN_HOM_030_HomeGoods 2H Digital_F18,xAd Inc.,PJQ7MM_TJN_HOM_030_Mobile_GROUND TRUTH FKA XAD_DST_SV1_MAP_DIR_DSP_TRG_RON_BTG_DMA_DVY_BEHAVIORAL - HOME SHOPPER- DYNAMIC DISTANCE_Run of Network_Behavioral_F25-54_300 x 250_Click and View_NV_NA,204626171,9/16/2017,5718,413,5305,5303,2,0,2,0,2,5303,0,0
TJN_HOM_025_HomeGoods Digital Video_Q4FY18,Tremor Video Inc.,PK6DY1_TJN_HOM_025_OLV_TREMOR NETWORK_AWR_BS1_CTV_DIR_VID_TRG_RON_BTG_CTG_DVY_ALL SCREEN PREROLL + SOCIAL AFFINITY TARGETING TO W25-54 HOME ENTHUSIASTS CTV_Run of Network_Behavioral_F25-54_1280 x 720_Standard_NV_NA,205941318,9/29/2017,1,0,1,1,0,0,0,0,0,1,1,1
TJN_HOM_030_HomeGoods 2H Digital_F18,NinthDecimal,PJQ7NF_TJN_HOM_030_Mobile_NINTHDECIMAL_DST_SV1_MAP_DIR_RCH_TRG_RON_BTG_DMA_DVY_CONSUMER JOURNEY: HOME FURNISHINGS SHOPPERS_Run of Network_Behavioral_F25-54_320 x 50_Click and View_NV_NA,204626291,10/14/2017,9530,134,9396,6061,3335,21,3314,3212,102,6082,5895,9107
TJN_HOM_008_HomeGoods Summer Digital_FY18,NinthDecimal,PHHXGQ_TJN_HOM_008_Mobile_NINTHDECIMAL_CHILD_PET OWNERS RETENTION_MOBILE APP_CUSTOM_DISPLAY_320X50_Run of Network_Behavioral_F25-54_320 x 50_Click and View_NV_NA,200578886,8/2/2017,2691,9,2682,509,2173,13,2160,1984,176,522,479,2463
TJN_HOM_013_HomeGoods FEP_Q3FY18,Discovery Digital Media,PHWLS8_TJN_HOM_013_Content_DISCOVERY NETWORKS_Full Episode Video Tablet Web_30s_FEP_Contextual_F25-54_1920 x 1080_Standard_NV_NA,201899695,9/24/2017,861,35,826,826,0,0,0,0,0,826,,
TJN_HOM_008_HomeGoods Summer Digital_FY18,xAd Inc.,PHHXGS_TJN_HOM_008_Mobile_XAD INC_CHILD_LOYALTY_MOBILE APP_STANDARD_DISPLAY_300X250_GEO-FENCING_Run of Network_Geo_F25-54_300 x 250_Click and View_NV_NA,200583064,7/19/2017,20313,12629,7684,5776,1908,289,1619,1563,56,6065,5855,7418
TJN_HOM_030_HomeGoods 2H Digital_F18,xAd Inc.,PJQ7MJ_TJN_HOM_030_Mobile_GROUND TRUTH FKA XAD_DST_SV1_MAP_DIR_DSP_TRG_RON_PXT_BTG_DVY_PROXIMITY LOYALTY - STORE LOCATOR UNIT_Run of Network_Geo_F25-54_320 x 50_Click and View_NV_NA,204649939,10/17/2017,10234,452,9782,2597,7185,64,7121,6691,430,2661,2500,9191
TJN_HOM_013_HomeGoods FEP_Q3FY18,Discovery Digital Media,PHWLS7_TJN_HOM_013_Content_DISCOVERY NETWORKS_Full Episode Video Mobile Web_30s_FEP_Contextual_F25-54_1920 x 1080_Standard_NV_NA,201895019,8/12/2017,915,8,907,907,0,0,0,0,0,907,,
TJN_HOM_030_HomeGoods 2H Digital_F18,NinthDecimal,PJQ7NC_TJN_HOM_030_Mobile_NINTHDECIMAL_DST_SV1_MAP_DIR_RCH_TRG_RON_BTG_DMA_DVY_CONSUMER JOURNEY: DIYERS_Run of Network_Behavioral_F25-54_320 x 50_Click and View_NV_NA,204675009,11/12/2017,9698,115,9583,809,8774,53,8721,8468,253,862,837,9305
TJN_HOM_030_HomeGoods 2H Digital_F18,xAd Inc.,PJQ7MN_TJN_HOM_030_Mobile_GROUND TRUTH FKA XAD_DST_SV1_MAP_DIR_DSP_TRG_RON_MKT_DMA_DVY_LOCATION - HOMEGOODS SHOPPERS - DYNAMIC DISTANCE_Run of Network_Geo_F25-54_320 x 50_Click and View_NV_NA,204651439,10/6/2017,11246,126,11120,7365,3755,178,3577,3191,386,7543,6265,9456
TJN_HOM_008_HomeGoods Summer Digital_FY18,NinthDecimal,PHHXGQ_TJN_HOM_008_Mobile_NINTHDECIMAL_CHILD_PET OWNERS RETENTION_MOBILE APP_CUSTOM_DISPLAY_320X50_Run of Network_Behavioral_F25-54_320 x 50_Click and View_NV_NA,200578886,7/18/2017,1057,14,1043,261,782,3,779,750,29,264,254,1004
TJN_HOM_008_HomeGoods Summer Digital_FY18,xAd Inc.,PHHXGT_TJN_HOM_008_Mobile_XAD INC_CHILD_CONQUESTING_MOBILE APP_STANDARD_DISPLAY_320X50_GEO-FENCING_Run of Network_Geo_F25-54_320 x 50_Click and View_NV_NA,200573066,8/22/2017,85346,1078,84268,45724,38544,573,37971,37130,841,46297,45272,82402
TJN_HOM_008_HomeGoods Summer Digital_FY18,Hulu,PHG79N_TJN_HOM_008_FEP_HULU_Masthead_SPONSORSHIP_CROSS DEVICE_CUSTOM_VIDEO_1X1_1X1_N/A_N/A_N/A_SITE_N/A_Roadblock_Demo_F25-54_1 x 1_Click and View_NV_NA,201462657,7/27/2017,96207,694,95513,95513,0,0,0,0,0,95513,88182,88182
TJN_HOM_030_HomeGoods 2H Digital_F18,xAd Inc.,PJQ7MM_TJN_HOM_030_Mobile_GROUND TRUTH FKA XAD_DST_SV1_MAP_DIR_DSP_TRG_RON_BTG_DMA_DVY_BEHAVIORAL - HOME SHOPPER- DYNAMIC DISTANCE_Run of Network_Behavioral_F25-54_300 x 250_Click and View_NV_NA,204626171,9/13/2017,5545,217,5328,5328,0,0,0,0,0,5328,444,444
TJN_HOM_030_HomeGoods 2H Digital_F18,xAd Inc.,PJQ7MM_TJN_HOM_030_Mobile_GROUND TRUTH FKA XAD_DST_SV1_MAP_DIR_DSP_TRG_RON_BTG_DMA_DVY_BEHAVIORAL - HOME SHOPPER- DYNAMIC DISTANCE_Run of Network_Behavioral_F25-54_300 x 250_Click and View_NV_NA,204626171,10/13/2017,8925,627,8298,8298,0,0,0,0,0,8298,0,0
TJN_HOM_030_HomeGoods 2H Digital_F18,xAd Inc.,PJQ7MQ_TJN_HOM_030_Mobile_GROUND TRUTH FKA XAD_DST_SV1_MAP_DIR_DSP_TRG_RON_MKT_DMA_DVY_LOCATION - COMPETITOR SHOPPERS - DYNAMIC DISTANCE_Run of Network_Geo_F25-54_320 x 50_Click and View_NV_NA,204617210,9/10/2017,14875,175,14700,10815,3885,765,3120,2887,233,11580,10314,13201
TJN_HOM_025_HomeGoods Digital Video_Q4FY18,Tremor Video Inc.,PK6DYV_TJN_HOM_025_OLV_TREMOR NETWORK_AWR_BS1_MAP_DIR_VID_TRG_RON_PXT_CTG_DVY_ALL SCREEN PREROLL + PROXIMITYPLUS DWELL TIME TARGETING TO HOMEGOODS VISITORS MOB/TAB APP_Run of Network_Behavioral_F25-54_1280 x 720_Standard_NV_NA,205859075,10/2/2017,33876,344,33532,33517,15,4,11,6,5,33521,18284,18290
TJN_HOM_008_HomeGoods Summer Digital_FY18,Hulu,PHG79G_TJN_HOM_008_FEP_HULU_ROS Pre-roll_CROSS DEVICE_PRE-ROLL_VIDEO_1920X1080_VAST_AUDIENCE_N/A_N/A_3RD PARTY_N/A_Run of Site_Demo_F25-54_1920 x 1080_Standard_NV_NA,201466946,9/15/2017,9839,55,9784,9784,0,0,0,0,0,9784,8725,8725
TJN_HOM_030_HomeGoods 2H Digital_F18,NinthDecimal,PJQ7NH_TJN_HOM_030_Mobile_NINTHDECIMAL_DST_SV1_MAP_DIR_RCH_TRG_RON_BTG_DMA_DVY_CONSUMER JOURNEY: PET SUPPLY SHOPPERS_Run of Network_Behavioral_F25-54_320 x 50_Click and View_NV_NA,204647914,9/10/2017,6205,114,6091,2217,3874,13,3861,3765,96,2230,2175,5940
TJN_HOM_008_HomeGoods Summer Digital_FY18,Hulu,PHG79J_TJN_HOM_008_FEP_HULU_Branded Slate_ROS_CROSS DEVICE_PRE-ROLL_CUSTOM_VECTOR LOGO_1X1_AUDIENCE_N/A_N/A_SITE_N/A_Run of Site_Demo_F25-54_1 x 1_Click and View_NV_NA,201467345,9/7/2017,8402,43,8359,8359,0,0,0,0,0,8359,8025,8025
TJN_HOM_025_HomeGoods Digital Video_Q4FY18,Tremor Video Inc.,PK6DWD_TJN_HOM_025_OLV_TREMOR NETWORK_AWR_BS1_MAP_DIR_VID_TRG_RON_BTG_CTG_DVY_ALL SCREEN PREROLL + SOCIAL AFFINITY TARGETING TO W25-54 HOME ENTHUSIASTS MOB/TAB APP_Run of Network_Behavioral_F25-54_1280 x 720_Standard_NV_NA,205941321,10/23/2017,122462,2112,120350,119908,442,250,192,89,103,120158,55698,55787
TJN_HOM_008_HomeGoods Summer Digital_FY18,Hulu,PHG79G_TJN_HOM_008_FEP_HULU_ROS Pre-roll_CROSS DEVICE_PRE-ROLL_VIDEO_1920X1080_VAST_AUDIENCE_N/A_N/A_3RD PARTY_N/A_Run of Site_Demo_F25-54_1920 x 1080_Standard_NV_NA,201466946,8/29/2017,7660,57,7603,7603,0,0,0,0,0,7603,7322,7322
TJN_HOM_008_HomeGoods Summer Digital_FY18,Hulu,PHG79K_TJN_HOM_008_FEP_HULU_Summer TV Pre-roll_SPONSORSHIP_CROSS DEVICE_PRE-ROLL_VIDEO_1920X1080_VAST_N/A_N/A_N/A_3RD PARTY_N/A_Roadblock_Demo_F25-54_1920 x 1080_Standard_NV_NA,201466499,7/30/2017,148576,1349,147227,147227,0,0,0,0,0,147227,129400,129400
TJN_HOM_008_HomeGoods Summer Digital_FY18,xAd Inc.,PHHXGZ_TJN_HOM_008_Mobile_XAD INC_CHILD_LOYALTY_MOBILE APP_CUSTOM_RICH MEDIA_300X250_GEO-FENCING_Run of Network_Geo_F25-54_300 x 250_Click and View_NV_NA,200577158,8/17/2017,1388,29,1359,609,750,6,744,673,71,615,556,1229
TJN_HOM_030_HomeGoods 2H Digital_F18,NinthDecimal,PJQ7NC_TJN_HOM_030_Mobile_NINTHDECIMAL_DST_SV1_MAP_DIR_RCH_TRG_RON_BTG_DMA_DVY_CONSUMER JOURNEY: DIYERS_Run of Network_Behavioral_F25-54_320 x 50_Click and View_NV_NA,204675009,10/9/2017,9965,129,9836,5936,3900,14,3886,3767,119,5950,5768,9535
TJN_HOM_030_HomeGoods 2H Digital_F18,NinthDecimal,PJQ7N8_TJN_HOM_030_Mobile_NINTHDECIMAL_DST_SV1_MAP_DIR_RCH_TRG_RON_BTG_PXT_DVY_LOCATION GRAPH: HOMEGOODS LOYALISTS_Run of Network_Behavioral_F25-54_320 x 50_Click and View_NV_NA,204675012,10/15/2017,14568,216,14352,4742,9610,71,9539,9121,418,4813,4602,13723
TJN_HOM_030_HomeGoods 2H Digital_F18,xAd Inc.,PJQ7MM_TJN_HOM_030_Mobile_GROUND TRUTH FKA XAD_DST_SV1_MAP_DIR_DSP_TRG_RON_BTG_DMA_DVY_BEHAVIORAL - HOME SHOPPER- DYNAMIC DISTANCE_Run of Network_Behavioral_F25-54_300 x 250_Click and View_NV_NA,204626171,9/19/2017,5628,213,5415,5405,10,0,10,0,10,5405,0,0
TJN_HOM_030_HomeGoods 2H Digital_F18,NinthDecimal,PJQ7N5_TJN_HOM_030_Mobile_NINTHDECIMAL_DST_SV1_MAP_DIR_RCH_TRG_RON_PXT_DMA_DVY_GEOFENCE: 2-MILE RADIUS AROUND URBAN STORES_Run of Network_Geo_F25-54_320 x 50_Click and View_NV_NA,204649945,9/18/2017,5881,155,5726,2506,3220,16,3204,3072,132,2522,2418,5490
TJN_HOM_008_HomeGoods Summer Digital_FY18,xAd Inc.,PHHXGW_TJN_HOM_008_Mobile_XAD INC_CHILD_LOCATION AUDIENCE-HOMEGOODS SHOPPERS_MOBILE APP_STANDARD_DISPLAY_320X50_Run of Network_Behavioral_F25-54_320 x 50_Click and View_NV_NA,200585089,8/8/2017,48280,947,47333,16416,30917,554,30363,23107,7256,16970,12915,36022
TJN_HOM_008_HomeGoods Summer Digital_FY18,xAd Inc.,PHHXGV_TJN_HOM_008_Mobile_XAD INC_CHILD_CONQUESTING_MOBILE APP_STANDARD_DISPLAY_300X250_GEO-FENCING_Run of Network_Geo_F25-54_300 x 250_Click and View_NV_NA,200573063,7/26/2017,5939,116,5823,4487,1336,205,1131,1119,12,4692,4642,5761
TJN_HOM_008_HomeGoods Summer Digital_FY18,Hulu,PHG79P_TJN_HOM_008_FEP_HULU_PageBrand_SPONSORSHIP_CROSS DEVICE_CUSTOM_VIDEO_1X1_1X1_N/A_N/A_N/A_SITE_N/A_Roadblock_Demo_F25-54_1 x 1_Click and View_NV_NA,201464250,8/26/2017,173,2,171,171,0,0,0,0,0,171,167,167
TJN_HOM_025_HomeGoods Digital Video_Q4FY18,Tremor Video Inc.,PK6DYV_TJN_HOM_025_OLV_TREMOR NETWORK_AWR_BS1_MAP_DIR_VID_TRG_RON_PXT_CTG_DVY_ALL SCREEN PREROLL + PROXIMITYPLUS DWELL TIME TARGETING TO HOMEGOODS VISITORS MOB/TAB APP_Run of Network_Behavioral_F25-54_1280 x 720_Standard_NV_NA,205859075,10/1/2017,34791,205,34586,34571,15,3,12,4,8,34574,11525,11529
TJN_HOM_030_HomeGoods 2H Digital_F18,NinthDecimal,PJQ7NF_TJN_HOM_030_Mobile_NINTHDECIMAL_DST_SV1_MAP_DIR_RCH_TRG_RON_BTG_DMA_DVY_CONSUMER JOURNEY: HOME FURNISHINGS SHOPPERS_Run of Network_Behavioral_F25-54_320 x 50_Click and View_NV_NA,204626291,9/28/2017,7168,156,7012,2019,4993,18,4975,4899,76,2037,2006,6905
TJN_HOM_030_HomeGoods 2H Digital_F18,NinthDecimal,PJQ7N7_TJN_HOM_030_Mobile_NINTHDECIMAL_DST_SV1_MAP_DIR_RCH_TRG_RON_PXT_DMA_DVY_GEOFENCE: 15-20-MILE RADIUS AROUND RURAL STORES_Run of Network_Geo_F25-54_320 x 50_Click and View_NV_NA,204674556,11/8/2017,49158,794,48364,3328,45036,219,44817,43588,1229,3547,3450,47038
TJN_HOM_008_HomeGoods Summer Digital_FY18,NinthDecimal,PHHXGL_TJN_HOM_008_Mobile_NINTHDECIMAL_CHILD_RETENTION_MOBILE APP_CUSTOM_DISPLAY_320X50_Run of Network_Behavioral_F25-54_320 x 50_Click and View_NV_NA,200585092,8/4/2017,11478,111,11367,2442,8925,40,8885,8107,778,2482,2265,10372
TJN_HOM_030_HomeGoods 2H Digital_F18,xAd Inc.,PJQ7MH_TJN_HOM_030_Mobile_GROUND TRUTH FKA XAD_DST_SV1_MAP_DIR_DSP_TRG_RON_PXT_BTG_DVY_PROXIMITY LOYALTY - DYNAMIC DISTANCE_Run of Network_Geo_F25-54_300 x 250_Click and View_NV_NA,204675003,10/20/2017,24244,551,23693,23693,0,0,0,0,0,23693,11847,11847
TJN_HOM_030_HomeGoods 2H Digital_F18,xAd Inc.,PJQ7MG_TJN_HOM_030_Mobile_GROUND TRUTH FKA XAD_DST_SV1_MAP_DIR_DSP_TRG_RON_PXT_BTG_DVY_PROXIMITY LOYALTY - DYNAMIC DISTANCE_Run of Network_Geo_F25-54_320 x 50_Click and View_NV_NA,204626813,9/18/2017,32895,638,32257,20560,11697,3616,8081,7014,1067,24176,21514,28528
TJN_HOM_030_HomeGoods 2H Digital_F18,xAd Inc.,PJQ7MN_TJN_HOM_030_Mobile_GROUND TRUTH FKA XAD_DST_SV1_MAP_DIR_DSP_TRG_RON_MKT_DMA_DVY_LOCATION - HOMEGOODS SHOPPERS - DYNAMIC DISTANCE_Run of Network_Geo_F25-54_320 x 50_Click and View_NV_NA,204651439,10/11/2017,6074,82,5992,4748,1244,89,1155,1065,90,4837,4384,5449
TJN_HOM_013_HomeGoods FEP_Q3FY18,Scripps Networks,PHNKCR_TJN_HOM_013_FEP_SCRIPPSNETWORKS.COM_On-site_Crossplatform_FEP_Demo_F25-54_1280 x 720_Standard_NV_NA,201888442,9/18/2017,4094,33,4061,4061,0,0,0,0,0,4061,,
TJN_HOM_008_HomeGoods Summer Digital_FY18,NinthDecimal,PHHXGN_TJN_HOM_008_Mobile_NINTHDECIMAL_CHILD_LUXURY SHOPPERS RETENTION_MOBILE APP_CUSTOM_DISPLAY_320X50_Run of Network_Behavioral_F25-54_320 x 50_Click and View_NV_NA,200582901,8/9/2017,3041,46,2995,479,2516,22,2494,2178,316,501,438,2616
TJN_HOM_008_HomeGoods Summer Digital_FY18,NinthDecimal,PHHXGN_TJN_HOM_008_Mobile_NINTHDECIMAL_CHILD_LUXURY SHOPPERS RETENTION_MOBILE APP_CUSTOM_DISPLAY_320X50_Run of Network_Behavioral_F25-54_320 x 50_Click and View_NV_NA,200582901,8/27/2017,1503,23,1480,136,1344,7,1337,1211,126,143,130,1341
TJN_HOM_008_HomeGoods Summer Digital_FY18,Hulu,PHG79J_TJN_HOM_008_FEP_HULU_Branded Slate_ROS_CROSS DEVICE_PRE-ROLL_CUSTOM_VECTOR LOGO_1X1_AUDIENCE_N/A_N/A_SITE_N/A_Run of Site_Demo_F25-54_1 x 1_Click and View_NV_NA,201467345,7/22/2017,2072,16,2056,2056,0,0,0,0,0,2056,1854,1854
TJN_HOM_030_HomeGoods 2H Digital_F18,NinthDecimal,PJQ7NB_TJN_HOM_030_Mobile_NINTHDECIMAL_DST_SV1_MAP_DIR_RCH_TRG_RON_BTG_PXT_DVY_LOCATION GRAPH: COMPETITIVE CONQUESTING_Run of Network_Behavioral_F25-54_320 x 50_Click and View_NV_NA,204649942,9/19/2017,4916,87,4829,2093,2736,19,2717,2651,66,2112,2061,4712
TJN_HOM_030_HomeGoods 2H Digital_F18,xAd Inc.,PJQ7MS_TJN_HOM_030_Mobile_GROUND TRUTH FKA XAD_DST_SV1_MAP_DIR_DSP_TRG_RON_DMA_PXT_DVY_AV DMA TARGETING_Run of Network_Geo_F25-54_300 x 250_Click and View_NV_NA,204646501,9/27/2017,58583,1481,57102,42560,14542,2573,11969,9800,2169,45133,33840,43640
TJN_HOM_008_HomeGoods Summer Digital_FY18,xAd Inc.,PHHXGZ_TJN_HOM_008_Mobile_XAD INC_CHILD_LOYALTY_MOBILE APP_CUSTOM_RICH MEDIA_300X250_GEO-FENCING_Run of Network_Geo_F25-54_300 x 250_Click and View_NV_NA,200577158,8/16/2017,1409,24,1385,812,573,6,567,507,60,818,731,1238
TJN_HOM_008_HomeGoods Summer Digital_FY18,Hulu,PHG79N_TJN_HOM_008_FEP_HULU_Masthead_SPONSORSHIP_CROSS DEVICE_CUSTOM_VIDEO_1X1_1X1_N/A_N/A_N/A_SITE_N/A_Roadblock_Demo_F25-54_1 x 1_Click and View_NV_NA,201462657,7/17/2017,142242,1788,140454,140454,0,0,0,0,0,140454,130726,130726
TJN_HOM_025_HomeGoods Digital Video_Q4FY18,Tremor Video Inc.,PK6DYV_TJN_HOM_025_OLV_TREMOR NETWORK_AWR_BS1_MAP_DIR_VID_TRG_RON_PXT_CTG_DVY_ALL SCREEN PREROLL + PROXIMITYPLUS DWELL TIME TARGETING TO HOMEGOODS VISITORS MOB/TAB APP_Run of Network_Behavioral_F25-54_1280 x 720_Standard_NV_NA,205859075,10/3/2017,42473,497,41976,41957,19,2,17,16,1,41959,39491,39507
TJN_HOM_013_HomeGoods FEP_Q3FY18,Scripps Networks,PHNKCT_TJN_HOM_013_FEP_SCRIPPSNETWORKS.COM_TVE_Crossplatform_FEP_Demo_F25-54_1 x 1_Click and View_NV_NA,201878832,8/9/2017,338,5,333,333,0,0,0,0,0,333,,
TJN_HOM_013_HomeGoods FEP_Q3FY18,Discovery Digital Media,PHWLS5_TJN_HOM_013_Content_DISCOVERY NETWORKS_Full Episode Video Desktop_30s_FEP_Contextual_F25-54_1920 x 1080_Standard_NV_NA,201895013,9/1/2017,4375,95,4280,4280,0,0,0,0,0,4280,,
TJN_HOM_030_HomeGoods 2H Digital_F18,NinthDecimal,PJQ7N7_TJN_HOM_030_Mobile_NINTHDECIMAL_DST_SV1_MAP_DIR_RCH_TRG_RON_PXT_DMA_DVY_GEOFENCE: 15-20-MILE RADIUS AROUND RURAL STORES_Run of Network_Geo_F25-54_320 x 50_Click and View_NV_NA,204674556,10/7/2017,10357,221,10136,7603,2533,18,2515,2449,66,7621,7421,9870
TJN_HOM_030_HomeGoods 2H Digital_F18,xAd Inc.,PJQ7MR_TJN_HOM_030_Mobile_GROUND TRUTH FKA XAD_DST_SV1_MAP_DIR_DSP_TRG_RON_MKT_DMA_DVY_LOCATION - COMPETITOR SHOPPERS - DYNAMIC DISTANCE_Run of Network_Geo_F25-54_300 x 250_Click and View_NV_NA,204647890,9/15/2017,4916,199,4717,4717,0,0,0,0,0,4717,3706,3706
TJN_HOM_008_HomeGoods Summer Digital_FY18,Hulu,PHG79J_TJN_HOM_008_FEP_HULU_Branded Slate_ROS_CROSS DEVICE_PRE-ROLL_CUSTOM_VECTOR LOGO_1X1_AUDIENCE_N/A_N/A_SITE_N/A_Run of Site_Demo_F25-54_1 x 1_Click and View_NV_NA,201467345,7/23/2017,1987,13,1974,1974,0,0,0,0,0,1974,1786,1786
TJN_HOM_030_HomeGoods 2H Digital_F18,NinthDecimal,PJQ7NB_TJN_HOM_030_Mobile_NINTHDECIMAL_DST_SV1_MAP_DIR_RCH_TRG_RON_BTG_PXT_DVY_LOCATION GRAPH: COMPETITIVE CONQUESTING_Run of Network_Behavioral_F25-54_320 x 50_Click and View_NV_NA,204649942,11/13/2017,1,0,1,0,1,0,1,1,0,0,0,1
TJN_HOM_030_HomeGoods 2H Digital_F18,NinthDecimal,PJQ7NB_TJN_HOM_030_Mobile_NINTHDECIMAL_DST_SV1_MAP_DIR_RCH_TRG_RON_BTG_PXT_DVY_LOCATION GRAPH: COMPETITIVE CONQUESTING_Run of Network_Behavioral_F25-54_320 x 50_Click and View_NV_NA,204649942,9/13/2017,10230,201,10029,2894,7135,46,7089,6909,180,2940,2865,9774
TJN_HOM_008_HomeGoods Summer Digital_FY18,NinthDecimal,PHHXGP_TJN_HOM_008_Mobile_NINTHDECIMAL_CHILD_PET OWNERS PROSPECTING_MOBILE APP_CUSTOM_DISPLAY_320X50_Run of Network_Behavioral_F25-54_320 x 50_Click and View_NV_NA,200586375,8/14/2017,40089,391,39698,7144,32554,177,32377,30885,1492,7321,6984,37869
TJN_HOM_030_HomeGoods 2H Digital_F18,xAd Inc.,PJQ7ML_TJN_HOM_030_Mobile_GROUND TRUTH FKA XAD_DST_SV1_MAP_DIR_DSP_TRG_RON_BTG_DMA_DVY_BEHAVIORAL - HOME SHOPPER - DYNAMIC DISTANCE_Run of Network_Behavioral_F25-54_320 x 50_Click and View_NV_NA,204626174,10/30/2017,10233,168,10065,8795,1270,66,1204,521,683,8861,3785,4306
TJN_HOM_030_HomeGoods 2H Digital_F18,NinthDecimal,PJQ7N7_TJN_HOM_030_Mobile_NINTHDECIMAL_DST_SV1_MAP_DIR_RCH_TRG_RON_PXT_DMA_DVY_GEOFENCE: 15-20-MILE RADIUS AROUND RURAL STORES_Run of Network_Geo_F25-54_320 x 50_Click and View_NV_NA,204674556,9/8/2017,6677,141,6536,3022,3514,15,3499,3446,53,3037,2991,6437
TJN_HOM_008_HomeGoods Summer Digital_FY18,xAd Inc.,PHHXGX_TJN_HOM_008_Mobile_XAD INC_CHILD_LOCATION AUDIENCE-HOMEGOODS SHOPPERS_MOBILE APP_STANDARD_DISPLAY_300X250_Run of Network_Behavioral_F25-54_300 x 250_Click and View_NV_NA,200587524,9/4/2017,21854,431,21423,1,21422,21422,0,0,0,21423,21423,21423
TJN_HOM_030_HomeGoods 2H Digital_F18,NinthDecimal,PJQ7NB_TJN_HOM_030_Mobile_NINTHDECIMAL_DST_SV1_MAP_DIR_RCH_TRG_RON_BTG_PXT_DVY_LOCATION GRAPH: COMPETITIVE CONQUESTING_Run of Network_Behavioral_F25-54_320 x 50_Click and View_NV_NA,204649942,10/13/2017,8323,116,8207,4946,3261,36,3225,3148,77,4982,4863,8011
TJN_HOM_030_HomeGoods 2H Digital_F18,NinthDecimal,PJQ7NJ_TJN_HOM_030_Mobile_NINTHDECIMAL_DST_SV1_MAP_DIR_RCH_TRG_RON_BTG_DMA_DVY_CONSUMER JOURNEY: BARGAIN HUNTERS_Run of Network_Behavioral_F25-54_320 x 50_Click and View_NV_NA,204644353,9/27/2017,9177,168,9009,3593,5416,25,5391,5221,170,3618,3504,8725
TJN_HOM_008_HomeGoods Summer Digital_FY18,xAd Inc.,PHHXGX_TJN_HOM_008_Mobile_XAD INC_CHILD_LOCATION AUDIENCE-HOMEGOODS SHOPPERS_MOBILE APP_STANDARD_DISPLAY_300X250_Run of Network_Behavioral_F25-54_300 x 250_Click and View_NV_NA,200587524,8/14/2017,7487,397,7090,170,6920,6899,21,19,2,7069,6396,6415
TJN_HOM_030_HomeGoods 2H Digital_F18,xAd Inc.,PJQ7ML_TJN_HOM_030_Mobile_GROUND TRUTH FKA XAD_DST_SV1_MAP_DIR_DSP_TRG_RON_BTG_DMA_DVY_BEHAVIORAL - HOME SHOPPER - DYNAMIC DISTANCE_Run of Network_Behavioral_F25-54_320 x 50_Click and View_NV_NA,204626174,9/20/2017,17464,281,17183,11721,5462,2965,2497,2238,259,14686,12027,14265
TJN_HOM_008_HomeGoods Summer Digital_FY18,xAd Inc.,PHHXH0_TJN_HOM_008_Mobile_XAD INC_STANDALONE_RON_MOBILE APP_STANDARD_DISPLAY_320X50_GEO-FENCING_Run of Network_Behavioral_F25-54_320 x 50_Click and View_NV_NA,200587948,8/9/2017,15024,304,14720,10096,4624,51,4573,3144,1429,10147,6976,10120
TJN_HOM_008_HomeGoods Summer Digital_FY18,xAd Inc.,PHHXH0_TJN_HOM_008_Mobile_XAD INC_STANDALONE_RON_MOBILE APP_STANDARD_DISPLAY_320X50_GEO-FENCING_Run of Network_Behavioral_F25-54_320 x 50_Click and View_NV_NA,200587948,8/27/2017,173860,1548,172312,108947,63365,235,63130,62915,215,109182,108810,171725
TJN_HOM_013_HomeGoods FEP_Q3FY18,Discovery Digital Media,PHWLS9_TJN_HOM_013_Content_DISCOVERY NETWORKS_Full Episode Video OTT/CTV_30s_FEP_Contextual_F25-54_1920 x 1080_Standard_NV_NA,201891428,8/23/2017,12446,21,12425,12425,0,0,0,0,0,12425,,
TJN_HOM_008_HomeGoods Summer Digital_FY18,NinthDecimal,PHHXGP_TJN_HOM_008_Mobile_NINTHDECIMAL_CHILD_PET OWNERS PROSPECTING_MOBILE APP_CUSTOM_DISPLAY_320X50_Run of Network_Behavioral_F25-54_320 x 50_Click and View_NV_NA,200586375,9/4/2017,86583,802,85781,15628,70153,301,69852,67529,2323,15929,15399,82928
TJN_HOM_025_HomeGoods Digital Video_Q4FY18,Tremor Video Inc.,PK6DYV_TJN_HOM_025_OLV_TREMOR NETWORK_AWR_BS1_MAP_DIR_VID_TRG_RON_PXT_CTG_DVY_ALL SCREEN PREROLL + PROXIMITYPLUS DWELL TIME TARGETING TO HOMEGOODS VISITORS MOB/TAB APP_Run of Network_Behavioral_F25-54_1280 x 720_Standard_NV_NA,205859075,10/25/2017,192974,132,192842,192469,373,190,183,62,121,192659,65272,65334
TJN_HOM_030_HomeGoods 2H Digital_F18,xAd Inc.,PJQ7MN_TJN_HOM_030_Mobile_GROUND TRUTH FKA XAD_DST_SV1_MAP_DIR_DSP_TRG_RON_MKT_DMA_DVY_LOCATION - HOMEGOODS SHOPPERS - DYNAMIC DISTANCE_Run of Network_Geo_F25-54_320 x 50_Click and View_NV_NA,204651439,9/21/2017,9616,142,9474,8103,1371,430,941,852,89,8533,6645,7497
TJN_HOM_030_HomeGoods 2H Digital_F18,NinthDecimal,PJQ7NC_TJN_HOM_030_Mobile_NINTHDECIMAL_DST_SV1_MAP_DIR_RCH_TRG_RON_BTG_DMA_DVY_CONSUMER JOURNEY: DIYERS_Run of Network_Behavioral_F25-54_320 x 50_Click and View_NV_NA,204675009,10/19/2017,9180,183,8997,4623,4374,38,4336,4215,121,4661,4531,8746
TJN_HOM_013_HomeGoods FEP_Q3FY18,Discovery Digital Media,PHWLS5_TJN_HOM_013_Content_DISCOVERY NETWORKS_Full Episode Video Desktop_30s_FEP_Contextual_F25-54_1920 x 1080_Standard_NV_NA,201895013,7/28/2017,3217,93,3124,3124,0,0,0,0,0,3124,,
TJN_HOM_008_HomeGoods Summer Digital_FY18,Hulu,PHG79G_TJN_HOM_008_FEP_HULU_ROS Pre-roll_CROSS DEVICE_PRE-ROLL_VIDEO_1920X1080_VAST_AUDIENCE_N/A_N/A_3RD PARTY_N/A_Run of Site_Demo_F25-54_1920 x 1080_Standard_NV_NA,201466946,8/7/2017,19342,166,19176,19176,0,0,0,0,0,19176,14764,14764
TJN_HOM_030_HomeGoods 2H Digital_F18,NinthDecimal,PJQ7N7_TJN_HOM_030_Mobile_NINTHDECIMAL_DST_SV1_MAP_DIR_RCH_TRG_RON_PXT_DMA_DVY_GEOFENCE: 15-20-MILE RADIUS AROUND RURAL STORES_Run of Network_Geo_F25-54_320 x 50_Click and View_NV_NA,204674556,10/28/2017,14395,276,14119,1113,13006,47,12959,12677,282,1160,1135,13812
TJN_HOM_030_HomeGoods 2H Digital_F18,NinthDecimal,PJQ7NC_TJN_HOM_030_Mobile_NINTHDECIMAL_DST_SV1_MAP_DIR_RCH_TRG_RON_BTG_DMA_DVY_CONSUMER JOURNEY: DIYERS_Run of Network_Behavioral_F25-54_320 x 50_Click and View_NV_NA,204675009,9/11/2017,23665,418,23247,9831,13416,79,13337,12965,372,9910,9634,22599
TJN_HOM_030_HomeGoods 2H Digital_F18,xAd Inc.,PJQ7MR_TJN_HOM_030_Mobile_GROUND TRUTH FKA XAD_DST_SV1_MAP_DIR_DSP_TRG_RON_MKT_DMA_DVY_LOCATION - COMPETITOR SHOPPERS - DYNAMIC DISTANCE_Run of Network_Geo_F25-54_300 x 250_Click and View_NV_NA,204647890,11/11/2017,10666,498,10168,10168,0,0,0,0,0,10168,10168,10168
TJN_HOM_013_HomeGoods FEP_Q3FY18,Discovery Digital Media,PHWLS9_TJN_HOM_013_Content_DISCOVERY NETWORKS_Full Episode Video OTT/CTV_30s_FEP_Contextual_F25-54_1920 x 1080_Standard_NV_NA,201891428,7/22/2017,11406,7,11399,11399,0,0,0,0,0,11399,,
TJN_HOM_030_HomeGoods 2H Digital_F18,NinthDecimal,PJQ7NB_TJN_HOM_030_Mobile_NINTHDECIMAL_DST_SV1_MAP_DIR_RCH_TRG_RON_BTG_PXT_DVY_LOCATION GRAPH: COMPETITIVE CONQUESTING_Run of Network_Behavioral_F25-54_320 x 50_Click and View_NV_NA,204649942,9/16/2017,6531,132,6399,2550,3849,18,3831,3722,109,2568,2495,6217
TJN_HOM_030_HomeGoods 2H Digital_F18,NinthDecimal,PJQ7N9_TJN_HOM_030_Mobile_NINTHDECIMAL_DST_SV1_MAP_DIR_RCH_TRG_RON_BTG_PXT_DVY_LOCATION GRAPH: TJX FAMILY LOYALISTS_Run of Network_Behavioral_F25-54_320 x 50_Click and View_NV_NA,204647917,9/18/2017,5189,85,5104,1407,3697,28,3669,3529,140,1435,1380,4909
TJN_HOM_030_HomeGoods 2H Digital_F18,xAd Inc.,PJQ7MP_TJN_HOM_030_Mobile_GROUND TRUTH FKA XAD_DST_SV1_MAP_DIR_DSP_TRG_RON_MKT_DMA_DVY_LOCATION - HOMEGOODS SHOPPERS - DYNAMIC DISTANCE_Run of Network_Geo_F25-54_300 x 250_Click and View_NV_NA,204647878,9/7/2017,3726,58,3668,3668,0,0,0,0,0,3668,3452,3452
TJN_HOM_030_HomeGoods 2H Digital_F18,xAd Inc.,PJQ7MH_TJN_HOM_030_Mobile_GROUND TRUTH FKA XAD_DST_SV1_MAP_DIR_DSP_TRG_RON_PXT_BTG_DVY_PROXIMITY LOYALTY - DYNAMIC DISTANCE_Run of Network_Geo_F25-54_300 x 250_Click and View_NV_NA,204675003,11/1/2017,152,5,147,147,0,0,0,0,0,147,147,147
TJN_HOM_008_HomeGoods Summer Digital_FY18,xAd Inc.,PHHXGR_TJN_HOM_008_Mobile_XAD INC_CHILD_LOYALTY_MOBILE APP_STANDARD_DISPLAY_320X50_GEO-FENCING_Run of Network_Geo_F25-54_320 x 50_Click and View_NV_NA,200587518,8/12/2017,80049,1203,78846,59843,19003,191,18812,17195,1617,60034,54874,72069
TJN_HOM_008_HomeGoods Summer Digital_FY18,Hulu,PHG79K_TJN_HOM_008_FEP_HULU_Summer TV Pre-roll_SPONSORSHIP_CROSS DEVICE_PRE-ROLL_VIDEO_1920X1080_VAST_N/A_N/A_N/A_3RD PARTY_N/A_Roadblock_Demo_F25-54_1920 x 1080_Standard_NV_NA,201466499,7/25/2017,190601,1931,188670,188670,0,0,0,0,0,188670,171258,171258
TJN_HOM_030_HomeGoods 2H Digital_F18,xAd Inc.,PJQ7MH_TJN_HOM_030_Mobile_GROUND TRUTH FKA XAD_DST_SV1_MAP_DIR_DSP_TRG_RON_PXT_BTG_DVY_PROXIMITY LOYALTY - DYNAMIC DISTANCE_Run of Network_Geo_F25-54_300 x 250_Click and View_NV_NA,204675003,11/7/2017,37771,570,37201,37201,0,0,0,0,0,37201,37201,37201
TJN_HOM_008_HomeGoods Summer Digital_FY18,Hulu,PHG79J_TJN_HOM_008_FEP_HULU_Branded Slate_ROS_CROSS DEVICE_PRE-ROLL_CUSTOM_VECTOR LOGO_1X1_AUDIENCE_N/A_N/A_SITE_N/A_Run of Site_Demo_F25-54_1 x 1_Click and View_NV_NA,201467345,8/23/2017,3615,16,3599,3599,0,0,0,0,0,3599,3479,3479
TJN_HOM_008_HomeGoods Summer Digital_FY18,xAd Inc.,PHHXGT_TJN_HOM_008_Mobile_XAD INC_CHILD_CONQUESTING_MOBILE APP_STANDARD_DISPLAY_320X50_GEO-FENCING_Run of Network_Geo_F25-54_320 x 50_Click and View_NV_NA,200573066,7/27/2017,28671,289,28382,15560,12822,129,12693,8383,4310,15689,10362,18745
TJN_HOM_008_HomeGoods Summer Digital_FY18,Hulu,PHG79N_TJN_HOM_008_FEP_HULU_Masthead_SPONSORSHIP_CROSS DEVICE_CUSTOM_VIDEO_1X1_1X1_N/A_N/A_N/A_SITE_N/A_Roadblock_Demo_F25-54_1 x 1_Click and View_NV_NA,201462657,8/22/2017,210436,1660,208776,208776,0,0,0,0,0,208776,199471,199471
TJN_HOM_008_HomeGoods Summer Digital_FY18,Hulu,PHG79G_TJN_HOM_008_FEP_HULU_ROS Pre-roll_CROSS DEVICE_PRE-ROLL_VIDEO_1920X1080_VAST_AUDIENCE_N/A_N/A_3RD PARTY_N/A_Run of Site_Demo_F25-54_1920 x 1080_Standard_NV_NA,201466946,8/3/2017,34509,309,34200,34200,0,0,0,0,0,34200,28453,28453
TJN_HOM_030_HomeGoods 2H Digital_F18,NinthDecimal,PJQ7NF_TJN_HOM_030_Mobile_NINTHDECIMAL_DST_SV1_MAP_DIR_RCH_TRG_RON_BTG_DMA_DVY_CONSUMER JOURNEY: HOME FURNISHINGS SHOPPERS_Run of Network_Behavioral_F25-54_320 x 50_Click and View_NV_NA,204626291,9/5/2017,3544,87,3457,1566,1891,18,1873,1846,27,1584,1561,3407
TJN_HOM_008_HomeGoods Summer Digital_FY18,Hulu,PHG79K_TJN_HOM_008_FEP_HULU_Summer TV Pre-roll_SPONSORSHIP_CROSS DEVICE_PRE-ROLL_VIDEO_1920X1080_VAST_N/A_N/A_N/A_3RD PARTY_N/A_Roadblock_Demo_F25-54_1920 x 1080_Standard_NV_NA,201466499,8/25/2017,117100,1178,115922,115922,0,0,0,0,0,115922,112031,112031
TJN_HOM_013_HomeGoods FEP_Q3FY18,Discovery Digital Media,PHWLS7_TJN_HOM_013_Content_DISCOVERY NETWORKS_Full Episode Video Mobile Web_30s_FEP_Contextual_F25-54_1920 x 1080_Standard_NV_NA,201895019,8/30/2017,893,22,871,871,0,0,0,0,0,871,,
TJN_HOM_030_HomeGoods 2H Digital_F18,NinthDecimal,PJQ7N6_TJN_HOM_030_Mobile_NINTHDECIMAL_DST_SV1_MAP_DIR_RCH_TRG_RON_PXT_DMA_DVY_GEOFENCE: 5-10-MILE RADIUS AROUND SUBURBAN STORES_Run of Network_Geo_F25-54_320 x 50_Click and View_NV_NA,204646507,11/9/2017,28851,530,28321,1468,26853,119,26734,26068,666,1587,1547,27615
TJN_HOM_013_HomeGoods FEP_Q3FY18,Discovery Digital Media,PHWLS9_TJN_HOM_013_Content_DISCOVERY NETWORKS_Full Episode Video OTT/CTV_30s_FEP_Contextual_F25-54_1920 x 1080_Standard_NV_NA,201891428,7/23/2017,11628,26,11602,11602,0,0,0,0,0,11602,,
TJN_HOM_030_HomeGoods 2H Digital_F18,xAd Inc.,PJQ7MP_TJN_HOM_030_Mobile_GROUND TRUTH FKA XAD_DST_SV1_MAP_DIR_DSP_TRG_RON_MKT_DMA_DVY_LOCATION - HOMEGOODS SHOPPERS - DYNAMIC DISTANCE_Run of Network_Geo_F25-54_300 x 250_Click and View_NV_NA,204647878,10/27/2017,8624,157,8467,8467,0,0,0,0,0,8467,7590,7590
TJN_HOM_008_HomeGoods Summer Digital_FY18,xAd Inc.,PHHXGW_TJN_HOM_008_Mobile_XAD INC_CHILD_LOCATION AUDIENCE-HOMEGOODS SHOPPERS_MOBILE APP_STANDARD_DISPLAY_320X50_Run of Network_Behavioral_F25-54_320 x 50_Click and View_NV_NA,200585089,8/19/2017,95118,1307,93811,46319,47492,1019,46473,39719,6754,47338,40458,80177
TJN_HOM_013_HomeGoods FEP_Q3FY18,Discovery Digital Media,PHWLS8_TJN_HOM_013_Content_DISCOVERY NETWORKS_Full Episode Video Tablet Web_30s_FEP_Contextual_F25-54_1920 x 1080_Standard_NV_NA,201899695,8/20/2017,863,3,860,860,0,0,0,0,0,860,,
TJN_HOM_030_HomeGoods 2H Digital_F18,NinthDecimal,PJQ7NH_TJN_HOM_030_Mobile_NINTHDECIMAL_DST_SV1_MAP_DIR_RCH_TRG_RON_BTG_DMA_DVY_CONSUMER JOURNEY: PET SUPPLY SHOPPERS_Run of Network_Behavioral_F25-54_320 x 50_Click and View_NV_NA,204647914,10/24/2017,9404,124,9280,3238,6042,171,5871,5689,182,3409,3303,8992
TJN_HOM_008_HomeGoods Summer Digital_FY18,xAd Inc.,PHHXGX_TJN_HOM_008_Mobile_XAD INC_CHILD_LOCATION AUDIENCE-HOMEGOODS SHOPPERS_MOBILE APP_STANDARD_DISPLAY_300X250_Run of Network_Behavioral_F25-54_300 x 250_Click and View_NV_NA,200587524,8/12/2017,6807,518,6289,273,6016,5994,22,22,0,6267,6267,6289
TJN_HOM_030_HomeGoods 2H Digital_F18,NinthDecimal,PJQ7NC_TJN_HOM_030_Mobile_NINTHDECIMAL_DST_SV1_MAP_DIR_RCH_TRG_RON_BTG_DMA_DVY_CONSUMER JOURNEY: DIYERS_Run of Network_Behavioral_F25-54_320 x 50_Click and View_NV_NA,204675009,10/1/2017,10193,179,10014,4442,5572,13,5559,5397,162,4455,4325,9722
TJN_HOM_030_HomeGoods 2H Digital_F18,NinthDecimal,PJQ7NF_TJN_HOM_030_Mobile_NINTHDECIMAL_DST_SV1_MAP_DIR_RCH_TRG_RON_BTG_DMA_DVY_CONSUMER JOURNEY: HOME FURNISHINGS SHOPPERS_Run of Network_Behavioral_F25-54_320 x 50_Click and View_NV_NA,204626291,10/20/2017,9222,163,9059,5562,3497,17,3480,3367,113,5579,5398,8765
TJN_HOM_008_HomeGoods Summer Digital_FY18,Hulu,PHG79K_TJN_HOM_008_FEP_HULU_Summer TV Pre-roll_SPONSORSHIP_CROSS DEVICE_PRE-ROLL_VIDEO_1920X1080_VAST_N/A_N/A_N/A_3RD PARTY_N/A_Roadblock_Demo_F25-54_1920 x 1080_Standard_NV_NA,201466499,8/10/2017,98411,985,97426,97426,0,0,0,0,0,97426,83663,83663
TJN_HOM_030_HomeGoods 2H Digital_F18,xAd Inc.,PJQ7MH_TJN_HOM_030_Mobile_GROUND TRUTH FKA XAD_DST_SV1_MAP_DIR_DSP_TRG_RON_PXT_BTG_DVY_PROXIMITY LOYALTY - DYNAMIC DISTANCE_Run of Network_Geo_F25-54_300 x 250_Click and View_NV_NA,204675003,9/28/2017,133457,44901,88556,88536,20,3,17,10,7,88539,52058,52068
TJN_HOM_030_HomeGoods 2H Digital_F18,NinthDecimal,PJQ7NJ_TJN_HOM_030_Mobile_NINTHDECIMAL_DST_SV1_MAP_DIR_RCH_TRG_RON_BTG_DMA_DVY_CONSUMER JOURNEY: BARGAIN HUNTERS_Run of Network_Behavioral_F25-54_320 x 50_Click and View_NV_NA,204644353,9/21/2017,8809,237,8572,3471,5101,42,5059,4895,164,3513,3399,8294
TJN_HOM_008_HomeGoods Summer Digital_FY18,Hulu,PHG79P_TJN_HOM_008_FEP_HULU_PageBrand_SPONSORSHIP_CROSS DEVICE_CUSTOM_VIDEO_1X1_1X1_N/A_N/A_N/A_SITE_N/A_Roadblock_Demo_F25-54_1 x 1_Click and View_NV_NA,201464250,8/28/2017,205,3,202,202,0,0,0,0,0,202,196,196
TJN_HOM_008_HomeGoods Summer Digital_FY18,Hulu,PHG79G_TJN_HOM_008_FEP_HULU_ROS Pre-roll_CROSS DEVICE_PRE-ROLL_VIDEO_1920X1080_VAST_AUDIENCE_N/A_N/A_3RD PARTY_N/A_Run of Site_Demo_F25-54_1920 x 1080_Standard_NV_NA,201466946,8/31/2017,13497,134,13363,13363,0,0,0,0,0,13363,12836,12836
TJN_HOM_008_HomeGoods Summer Digital_FY18,NinthDecimal,PHHXGL_TJN_HOM_008_Mobile_NINTHDECIMAL_CHILD_RETENTION_MOBILE APP_CUSTOM_DISPLAY_320X50_Run of Network_Behavioral_F25-54_320 x 50_Click and View_NV_NA,200585092,8/22/2017,11686,111,11575,1723,9852,56,9796,8889,907,1779,1614,10503
TJN_HOM_025_HomeGoods Digital Video_Q4FY18,Tremor Video Inc.,PK1FYM_TJN_HOM_025_OLV_TREMOR NETWORK_AWR_BS1_DSK_DIR_VID_TRG_RON_BTG_CTG_DVY_ALL SCREEN PREROLL + SOCIAL AFFINITY TARGETING TO W25-54 HOME ENTHUSIASTS DESKTOP_Run of Network_Behavioral_F25-54_1280 x 720_Standard_NV_NA,205941870,10/24/2017,33634,163,33471,33119,352,11,341,156,185,33130,15156,15312
TJN_HOM_030_HomeGoods 2H Digital_F18,xAd Inc.,PJQ7MQ_TJN_HOM_030_Mobile_GROUND TRUTH FKA XAD_DST_SV1_MAP_DIR_DSP_TRG_RON_MKT_DMA_DVY_LOCATION - COMPETITOR SHOPPERS - DYNAMIC DISTANCE_Run of Network_Geo_F25-54_320 x 50_Click and View_NV_NA,204617210,10/24/2017,6616,77,6539,5419,1120,59,1061,644,417,5478,3299,3943
TJN_HOM_013_HomeGoods FEP_Q3FY18,Discovery Digital Media,PHWLS6_TJN_HOM_013_Content_DISCOVERY NETWORKS_Full Episode Video Mobile App_30s_FEP_Contextual_F25-54_1920 x 1080_Standard_NV_NA,201891425,7/24/2017,21556,148,21408,21408,0,0,0,0,0,21408,,
TJN_HOM_025_HomeGoods Digital Video_Q4FY18,Tremor Video Inc.,PK6DYV_TJN_HOM_025_OLV_TREMOR NETWORK_AWR_BS1_MAP_DIR_VID_TRG_RON_PXT_CTG_DVY_ALL SCREEN PREROLL + PROXIMITYPLUS DWELL TIME TARGETING TO HOMEGOODS VISITORS MOB/TAB APP_Run of Network_Behavioral_F25-54_1280 x 720_Standard_NV_NA,205859075,10/9/2017,357,1,356,237,119,2,117,83,34,239,170,253
TJN_HOM_008_HomeGoods Summer Digital_FY18,NinthDecimal,PHHXGP_TJN_HOM_008_Mobile_NINTHDECIMAL_CHILD_PET OWNERS PROSPECTING_MOBILE APP_CUSTOM_DISPLAY_320X50_Run of Network_Behavioral_F25-54_320 x 50_Click and View_NV_NA,200586375,8/12/2017,37931,275,37656,6651,31005,168,30837,28967,1870,6819,6405,35372
TJN_HOM_030_HomeGoods 2H Digital_F18,NinthDecimal,PJQ7NF_TJN_HOM_030_Mobile_NINTHDECIMAL_DST_SV1_MAP_DIR_RCH_TRG_RON_BTG_DMA_DVY_CONSUMER JOURNEY: HOME FURNISHINGS SHOPPERS_Run of Network_Behavioral_F25-54_320 x 50_Click and View_NV_NA,204626291,9/2/2017,3,0,3,2,1,1,0,0,0,3,3,3
TJN_HOM_025_HomeGoods Digital Video_Q4FY18,Tremor Video Inc.,PK6DY1_TJN_HOM_025_OLV_TREMOR NETWORK_AWR_BS1_CTV_DIR_VID_TRG_RON_BTG_CTG_DVY_ALL SCREEN PREROLL + SOCIAL AFFINITY TARGETING TO W25-54 HOME ENTHUSIASTS CTV_Run of Network_Behavioral_F25-54_1280 x 720_Standard_NV_NA,205941318,10/5/2017,3039,5,3034,3034,0,0,0,0,0,3034,581,581
TJN_HOM_013_HomeGoods FEP_Q3FY18,Discovery Digital Media,PHWLS9_TJN_HOM_013_Content_DISCOVERY NETWORKS_Full Episode Video OTT/CTV_30s_FEP_Contextual_F25-54_1920 x 1080_Standard_NV_NA,201891428,9/9/2017,5457,15,5442,5442,0,0,0,0,0,5442,,
TJN_HOM_030_HomeGoods 2H Digital_F18,xAd Inc.,PJQ7MN_TJN_HOM_030_Mobile_GROUND TRUTH FKA XAD_DST_SV1_MAP_DIR_DSP_TRG_RON_MKT_DMA_DVY_LOCATION - HOMEGOODS SHOPPERS - DYNAMIC DISTANCE_Run of Network_Geo_F25-54_320 x 50_Click and View_NV_NA,204651439,9/27/2017,69137,1450,67687,48423,19264,1355,17909,15580,2329,49778,41132,56712
TJN_HOM_008_HomeGoods Summer Digital_FY18,xAd Inc.,PHHXGW_TJN_HOM_008_Mobile_XAD INC_CHILD_LOCATION AUDIENCE-HOMEGOODS SHOPPERS_MOBILE APP_STANDARD_DISPLAY_320X50_Run of Network_Behavioral_F25-54_320 x 50_Click and View_NV_NA,200585089,8/2/2017,25508,499,25009,8284,16725,231,16494,12910,3584,8515,6665,19575
TJN_HOM_030_HomeGoods 2H Digital_F18,xAd Inc.,PJQ7MQ_TJN_HOM_030_Mobile_GROUND TRUTH FKA XAD_DST_SV1_MAP_DIR_DSP_TRG_RON_MKT_DMA_DVY_LOCATION - COMPETITOR SHOPPERS - DYNAMIC DISTANCE_Run of Network_Geo_F25-54_320 x 50_Click and View_NV_NA,204617210,11/10/2017,24516,405,24111,18524,5587,159,5428,4089,1339,18683,14035,18124
TJN_HOM_025_HomeGoods Digital Video_Q4FY18,Tremor Video Inc.,PK6DWD_TJN_HOM_025_OLV_TREMOR NETWORK_AWR_BS1_MAP_DIR_VID_TRG_RON_BTG_CTG_DVY_ALL SCREEN PREROLL + SOCIAL AFFINITY TARGETING TO W25-54 HOME ENTHUSIASTS MOB/TAB APP_Run of Network_Behavioral_F25-54_1280 x 720_Standard_NV_NA,205941321,10/31/2017,1113686,581,1113105,1111309,1796,4,1792,1760,32,1111313,1091468,1093228
TJN_HOM_025_HomeGoods Digital Video_Q4FY18,Tremor Video Inc.,PK1FYM_TJN_HOM_025_OLV_TREMOR NETWORK_AWR_BS1_DSK_DIR_VID_TRG_RON_BTG_CTG_DVY_ALL SCREEN PREROLL + SOCIAL AFFINITY TARGETING TO W25-54 HOME ENTHUSIASTS DESKTOP_Run of Network_Behavioral_F25-54_1280 x 720_Standard_NV_NA,205941870,11/10/2017,1462,0,1462,1462,0,0,0,0,0,1462,510,510
TJN_HOM_030_HomeGoods 2H Digital_F18,NinthDecimal,PJQ7NH_TJN_HOM_030_Mobile_NINTHDECIMAL_DST_SV1_MAP_DIR_RCH_TRG_RON_BTG_DMA_DVY_CONSUMER JOURNEY: PET SUPPLY SHOPPERS_Run of Network_Behavioral_F25-54_320 x 50_Click and View_NV_NA,204647914,10/5/2017,7473,138,7335,3883,3452,23,3429,3268,161,3906,3723,6991
TJN_HOM_013_HomeGoods FEP_Q3FY18,Discovery Digital Media,PHWLS8_TJN_HOM_013_Content_DISCOVERY NETWORKS_Full Episode Video Tablet Web_30s_FEP_Contextual_F25-54_1920 x 1080_Standard_NV_NA,201899695,8/24/2017,874,17,857,857,0,0,0,0,0,857,,
TJN_HOM_030_HomeGoods 2H Digital_F18,xAd Inc.,PJQ7MS_TJN_HOM_030_Mobile_GROUND TRUTH FKA XAD_DST_SV1_MAP_DIR_DSP_TRG_RON_DMA_PXT_DVY_AV DMA TARGETING_Run of Network_Geo_F25-54_300 x 250_Click and View_NV_NA,204646501,9/21/2017,8568,137,8431,3868,4563,3982,581,419,162,7850,4636,5055
TJN_HOM_030_HomeGoods 2H Digital_F18,xAd Inc.,PJQ7MJ_TJN_HOM_030_Mobile_GROUND TRUTH FKA XAD_DST_SV1_MAP_DIR_DSP_TRG_RON_PXT_BTG_DVY_PROXIMITY LOYALTY - STORE LOCATOR UNIT_Run of Network_Geo_F25-54_320 x 50_Click and View_NV_NA,204649939,9/29/2017,28997,602,28395,6752,21643,407,21236,16502,4734,7159,5563,22065
TJN_HOM_008_HomeGoods Summer Digital_FY18,Hulu,Rolled-up Placements,N/A,7/3/2017,47151,745,46406,46406,0,0,0,0,0,46406,40277,40277
TJN_HOM_008_HomeGoods Summer Digital_FY18,xAd Inc.,PHHXGT_TJN_HOM_008_Mobile_XAD INC_CHILD_CONQUESTING_MOBILE APP_STANDARD_DISPLAY_320X50_GEO-FENCING_Run of Network_Geo_F25-54_320 x 50_Click and View_NV_NA,200573066,8/4/2017,49892,672,49220,35155,14065,224,13841,10448,3393,35379,26706,37154
TJN_HOM_025_HomeGoods Digital Video_Q4FY18,Tremor Video Inc.,PK6DYV_TJN_HOM_025_OLV_TREMOR NETWORK_AWR_BS1_MAP_DIR_VID_TRG_RON_PXT_CTG_DVY_ALL SCREEN PREROLL + PROXIMITYPLUS DWELL TIME TARGETING TO HOMEGOODS VISITORS MOB/TAB APP_Run of Network_Behavioral_F25-54_1280 x 720_Standard_NV_NA,205859075,11/12/2017,540526,8237,532289,531732,557,4,553,531,22,531736,510582,511113
TJN_HOM_030_HomeGoods 2H Digital_F18,NinthDecimal,PJQ7NC_TJN_HOM_030_Mobile_NINTHDECIMAL_DST_SV1_MAP_DIR_RCH_TRG_RON_BTG_DMA_DVY_CONSUMER JOURNEY: DIYERS_Run of Network_Behavioral_F25-54_320 x 50_Click and View_NV_NA,204675009,9/23/2017,9139,166,8973,3302,5671,24,5647,5500,147,3326,3239,8739
TJN_HOM_025_HomeGoods Digital Video_Q4FY18,Tremor Video Inc.,PK1FYM_TJN_HOM_025_OLV_TREMOR NETWORK_AWR_BS1_DSK_DIR_VID_TRG_RON_BTG_CTG_DVY_ALL SCREEN PREROLL + SOCIAL AFFINITY TARGETING TO W25-54 HOME ENTHUSIASTS DESKTOP_Run of Network_Behavioral_F25-54_1280 x 720_Standard_NV_NA,205941870,10/5/2017,182929,125,182804,53909,128895,1548,127347,17033,110314,55457,7418,24451
TJN_HOM_030_HomeGoods 2H Digital_F18,NinthDecimal,PJQ7NH_TJN_HOM_030_Mobile_NINTHDECIMAL_DST_SV1_MAP_DIR_RCH_TRG_RON_BTG_DMA_DVY_CONSUMER JOURNEY: PET SUPPLY SHOPPERS_Run of Network_Behavioral_F25-54_320 x 50_Click and View_NV_NA,204647914,11/10/2017,4310,67,4243,203,4040,19,4021,3893,128,222,215,4108
TJN_HOM_030_HomeGoods 2H Digital_F18,Nativo Inc.,PJQDHJ_TJN_HOM_030_Content_NATIVO FKA POST RLSE_DSI_BS2_MWB_DIR_NAD_ROT_RON_CTG_BTG_DVY_NATIVE DISPLAY UNIT FALLIDAYS_Run of Network_Contextual_F25-54_1 x 1_Click and View_NV_NA,206024352,11/13/2017,2,1,1,0,1,0,1,1,0,0,0,1
TJN_HOM_030_HomeGoods 2H Digital_F18,xAd Inc.,PJQ7MQ_TJN_HOM_030_Mobile_GROUND TRUTH FKA XAD_DST_SV1_MAP_DIR_DSP_TRG_RON_MKT_DMA_DVY_LOCATION - COMPETITOR SHOPPERS - DYNAMIC DISTANCE_Run of Network_Geo_F25-54_320 x 50_Click and View_NV_NA,204617210,10/5/2017,3,1,2,1,1,1,0,0,0,2,1,1
TJN_HOM_030_HomeGoods 2H Digital_F18,NinthDecimal,PJQ7NC_TJN_HOM_030_Mobile_NINTHDECIMAL_DST_SV1_MAP_DIR_RCH_TRG_RON_BTG_DMA_DVY_CONSUMER JOURNEY: DIYERS_Run of Network_Behavioral_F25-54_320 x 50_Click and View_NV_NA,204675009,10/2/2017,8111,158,7953,4038,3915,15,3900,3780,120,4053,3928,7708
TJN_HOM_030_HomeGoods 2H Digital_F18,Nativo Inc.,PJQDHJ_TJN_HOM_030_Content_NATIVO FKA POST RLSE_DSI_BS2_MWB_DIR_NAD_ROT_RON_CTG_BTG_DVY_NATIVE DISPLAY UNIT FALLIDAYS_Run of Network_Contextual_F25-54_1 x 1_Click and View_NV_NA,206024352,10/13/2017,541947,29312,512635,2753,509882,28402,481480,183222,298258,31155,11856,195078
TJN_HOM_025_HomeGoods Digital Video_Q4FY18,Tremor Video Inc.,PK6DY1_TJN_HOM_025_OLV_TREMOR NETWORK_AWR_BS1_CTV_DIR_VID_TRG_RON_BTG_CTG_DVY_ALL SCREEN PREROLL + SOCIAL AFFINITY TARGETING TO W25-54 HOME ENTHUSIASTS CTV_Run of Network_Behavioral_F25-54_1280 x 720_Standard_NV_NA,205941318,10/24/2017,18848,0,18848,18848,0,0,0,0,0,18848,1103,1103
TJN_HOM_030_HomeGoods 2H Digital_F18,NinthDecimal,PJQ7N8_TJN_HOM_030_Mobile_NINTHDECIMAL_DST_SV1_MAP_DIR_RCH_TRG_RON_BTG_PXT_DVY_LOCATION GRAPH: HOMEGOODS LOYALISTS_Run of Network_Behavioral_F25-54_320 x 50_Click and View_NV_NA,204675012,10/26/2017,11176,148,11028,314,10714,89,10625,10309,316,403,391,10700
TJN_HOM_030_HomeGoods 2H Digital_F18,NinthDecimal,"PJQ7NK_TJN_HOM_030_Mobile_NINTHDECIMAL_DST_SV1_MAP_DIR_RCH_TRG_RON_BTG_DMA_DVY_TV TARGETING: HGTV, DIY NETWORK, BRAVO, TLC, FOOD NETWORK_Run of Network_Behavioral_F25-54_320 x 50_Click and View_NV_NA",204674553,10/11/2017,14649,212,14437,5862,8575,79,8496,8136,360,5941,5689,13825
TJN_HOM_030_HomeGoods 2H Digital_F18,xAd Inc.,PJQ7MH_TJN_HOM_030_Mobile_GROUND TRUTH FKA XAD_DST_SV1_MAP_DIR_DSP_TRG_RON_PXT_BTG_DVY_PROXIMITY LOYALTY - DYNAMIC DISTANCE_Run of Network_Geo_F25-54_300 x 250_Click and View_NV_NA,204675003,10/14/2017,24483,853,23630,23630,0,0,0,0,0,23630,1222,1222
TJN_HOM_008_HomeGoods Summer Digital_FY18,Hulu,PHG79J_TJN_HOM_008_FEP_HULU_Branded Slate_ROS_CROSS DEVICE_PRE-ROLL_CUSTOM_VECTOR LOGO_1X1_AUDIENCE_N/A_N/A_SITE_N/A_Run of Site_Demo_F25-54_1 x 1_Click and View_NV_NA,201467345,9/9/2017,6052,33,6019,6019,0,0,0,0,0,6019,5783,5783
TJN_HOM_030_HomeGoods 2H Digital_F18,xAd Inc.,PJQ7MH_TJN_HOM_030_Mobile_GROUND TRUTH FKA XAD_DST_SV1_MAP_DIR_DSP_TRG_RON_PXT_BTG_DVY_PROXIMITY LOYALTY - DYNAMIC DISTANCE_Run of Network_Geo_F25-54_300 x 250_Click and View_NV_NA,204675003,9/14/2017,14322,415,13907,13872,35,5,30,22,8,13877,10175,10197
TJN_HOM_030_HomeGoods 2H Digital_F18,NinthDecimal,PJQ7NF_TJN_HOM_030_Mobile_NINTHDECIMAL_DST_SV1_MAP_DIR_RCH_TRG_RON_BTG_DMA_DVY_CONSUMER JOURNEY: HOME FURNISHINGS SHOPPERS_Run of Network_Behavioral_F25-54_320 x 50_Click and View_NV_NA,204626291,11/2/2017,5776,92,5684,1418,4266,19,4247,4150,97,1437,1404,5554
TJN_HOM_008_HomeGoods Summer Digital_FY18,NinthDecimal,PHHXGK_TJN_HOM_008_Mobile_NINTHDECIMAL_CHILD_PROSPECTING_MOBILE APP_CUSTOM_DISPLAY_320X50_Run of Network_Behavioral_F25-54_320 x 50_Click and View_NV_NA,200587954,8/16/2017,60713,1073,59640,22167,37473,301,37172,36277,895,22468,21927,58204
TJN_HOM_030_HomeGoods 2H Digital_F18,NinthDecimal,PJQ7ND_TJN_HOM_030_Mobile_NINTHDECIMAL_DST_SV1_MAP_DIR_RCH_TRG_RON_BTG_DMA_DVY_CONSUMER JOURNEY: HOUSEHOLD CEO_Run of Network_Behavioral_F25-54_320 x 50_Click and View_NV_NA,204626294,10/11/2017,15483,314,15169,8136,7033,45,6988,6722,266,8181,7870,14592
TJN_HOM_013_HomeGoods FEP_Q3FY18,Discovery Digital Media,Rolled-up Placements,N/A,7/11/2017,28,0,28,28,0,0,0,0,0,28,,
TJN_HOM_008_HomeGoods Summer Digital_FY18,xAd Inc.,PHHXGW_TJN_HOM_008_Mobile_XAD INC_CHILD_LOCATION AUDIENCE-HOMEGOODS SHOPPERS_MOBILE APP_STANDARD_DISPLAY_320X50_Run of Network_Behavioral_F25-54_320 x 50_Click and View_NV_NA,200585089,7/18/2017,11019,76,10943,9436,1507,4,1503,1022,481,9440,6419,7441
TJN_HOM_025_HomeGoods Digital Video_Q4FY18,Tremor Video Inc.,PK6DY1_TJN_HOM_025_OLV_TREMOR NETWORK_AWR_BS1_CTV_DIR_VID_TRG_RON_BTG_CTG_DVY_ALL SCREEN PREROLL + SOCIAL AFFINITY TARGETING TO W25-54 HOME ENTHUSIASTS CTV_Run of Network_Behavioral_F25-54_1280 x 720_Standard_NV_NA,205941318,10/17/2017,37356,2,37354,37354,0,0,0,0,0,37354,32275,32275
TJN_HOM_030_HomeGoods 2H Digital_F18,NinthDecimal,PJQ7NH_TJN_HOM_030_Mobile_NINTHDECIMAL_DST_SV1_MAP_DIR_RCH_TRG_RON_BTG_DMA_DVY_CONSUMER JOURNEY: PET SUPPLY SHOPPERS_Run of Network_Behavioral_F25-54_320 x 50_Click and View_NV_NA,204647914,10/17/2017,8971,133,8838,4440,4398,41,4357,4218,139,4481,4338,8556
TJN_HOM_013_HomeGoods FEP_Q3FY18,Discovery Digital Media,PHWLS5_TJN_HOM_013_Content_DISCOVERY NETWORKS_Full Episode Video Desktop_30s_FEP_Contextual_F25-54_1920 x 1080_Standard_NV_NA,201895013,8/29/2017,2981,60,2921,2921,0,0,0,0,0,2921,,
TJN_HOM_013_HomeGoods FEP_Q3FY18,Discovery Digital Media,PHWLS6_TJN_HOM_013_Content_DISCOVERY NETWORKS_Full Episode Video Mobile App_30s_FEP_Contextual_F25-54_1920 x 1080_Standard_NV_NA,201891425,9/18/2017,18787,209,18578,18578,0,0,0,0,0,18578,,
TJN_HOM_030_HomeGoods 2H Digital_F18,xAd Inc.,PJQ7MR_TJN_HOM_030_Mobile_GROUND TRUTH FKA XAD_DST_SV1_MAP_DIR_DSP_TRG_RON_MKT_DMA_DVY_LOCATION - COMPETITOR SHOPPERS - DYNAMIC DISTANCE_Run of Network_Geo_F25-54_300 x 250_Click and View_NV_NA,204647890,9/1/2017,5,0,5,0,5,0,5,5,0,0,0,5
TJN_HOM_030_HomeGoods 2H Digital_F18,NinthDecimal,PJQ7ND_TJN_HOM_030_Mobile_NINTHDECIMAL_DST_SV1_MAP_DIR_RCH_TRG_RON_BTG_DMA_DVY_CONSUMER JOURNEY: HOUSEHOLD CEO_Run of Network_Behavioral_F25-54_320 x 50_Click and View_NV_NA,204626294,10/6/2017,15898,373,15525,11045,4480,42,4438,4275,163,11087,10680,14955
TJN_HOM_013_HomeGoods FEP_Q3FY18,Discovery Digital Media,PHWLS5_TJN_HOM_013_Content_DISCOVERY NETWORKS_Full Episode Video Desktop_30s_FEP_Contextual_F25-54_1920 x 1080_Standard_NV_NA,201895013,9/15/2017,3472,86,3386,3386,0,0,0,0,0,3386,,
TJN_HOM_008_HomeGoods Summer Digital_FY18,xAd Inc.,PHHXGR_TJN_HOM_008_Mobile_XAD INC_CHILD_LOYALTY_MOBILE APP_STANDARD_DISPLAY_320X50_GEO-FENCING_Run of Network_Geo_F25-54_320 x 50_Click and View_NV_NA,200587518,8/14/2017,96025,1435,94590,72336,22254,349,21905,19375,2530,72685,64290,83665
TJN_HOM_030_HomeGoods 2H Digital_F18,xAd Inc.,PJQ7MQ_TJN_HOM_030_Mobile_GROUND TRUTH FKA XAD_DST_SV1_MAP_DIR_DSP_TRG_RON_MKT_DMA_DVY_LOCATION - COMPETITOR SHOPPERS - DYNAMIC DISTANCE_Run of Network_Geo_F25-54_320 x 50_Click and View_NV_NA,204617210,10/17/2017,7482,80,7402,4615,2787,95,2692,2313,379,4710,3994,6307
TJN_HOM_025_HomeGoods Digital Video_Q4FY18,Tremor Video Inc.,PK1FYM_TJN_HOM_025_OLV_TREMOR NETWORK_AWR_BS1_DSK_DIR_VID_TRG_RON_BTG_CTG_DVY_ALL SCREEN PREROLL + SOCIAL AFFINITY TARGETING TO W25-54 HOME ENTHUSIASTS DESKTOP_Run of Network_Behavioral_F25-54_1280 x 720_Standard_NV_NA,205941870,10/17/2017,71286,228,71058,28238,42820,1690,41130,35401,5729,29928,25759,61160
TJN_HOM_008_HomeGoods Summer Digital_FY18,xAd Inc.,PHHXGR_TJN_HOM_008_Mobile_XAD INC_CHILD_LOYALTY_MOBILE APP_STANDARD_DISPLAY_320X50_GEO-FENCING_Run of Network_Geo_F25-54_320 x 50_Click and View_NV_NA,200587518,9/4/2017,43598,671,42927,22616,20311,69,20242,20104,138,22685,22530,42634
TJN_HOM_008_HomeGoods Summer Digital_FY18,NinthDecimal,PHHXGQ_TJN_HOM_008_Mobile_NINTHDECIMAL_CHILD_PET OWNERS RETENTION_MOBILE APP_CUSTOM_DISPLAY_320X50_Run of Network_Behavioral_F25-54_320 x 50_Click and View_NV_NA,200578886,8/8/2017,1374,8,1366,187,1179,5,1174,1104,70,192,181,1285
TJN_HOM_030_HomeGoods 2H Digital_F18,xAd Inc.,PJQ7MJ_TJN_HOM_030_Mobile_GROUND TRUTH FKA XAD_DST_SV1_MAP_DIR_DSP_TRG_RON_PXT_BTG_DVY_PROXIMITY LOYALTY - STORE LOCATOR UNIT_Run of Network_Geo_F25-54_320 x 50_Click and View_NV_NA,204649939,9/10/2017,20431,446,19985,13591,6394,105,6289,5971,318,13696,13003,18974
TJN_HOM_008_HomeGoods Summer Digital_FY18,Hulu,PHG79K_TJN_HOM_008_FEP_HULU_Summer TV Pre-roll_SPONSORSHIP_CROSS DEVICE_PRE-ROLL_VIDEO_1920X1080_VAST_N/A_N/A_N/A_3RD PARTY_N/A_Roadblock_Demo_F25-54_1920 x 1080_Standard_NV_NA,201466499,7/21/2017,137472,1428,136044,136044,0,0,0,0,0,136044,123768,123768
TJN_HOM_008_HomeGoods Summer Digital_FY18,NinthDecimal,PHHXGL_TJN_HOM_008_Mobile_NINTHDECIMAL_CHILD_RETENTION_MOBILE APP_CUSTOM_DISPLAY_320X50_Run of Network_Behavioral_F25-54_320 x 50_Click and View_NV_NA,200585092,7/17/2017,4327,70,4257,802,3455,26,3429,3160,269,828,763,3923
TJN_HOM_008_HomeGoods Summer Digital_FY18,Hulu,Rolled-up Placements,N/A,7/9/2017,711517,9309,702208,702208,0,0,0,0,0,702208,667816,667816
TJN_HOM_030_HomeGoods 2H Digital_F18,NinthDecimal,"PJQ7NK_TJN_HOM_030_Mobile_NINTHDECIMAL_DST_SV1_MAP_DIR_RCH_TRG_RON_BTG_DMA_DVY_TV TARGETING: HGTV, DIY NETWORK, BRAVO, TLC, FOOD NETWORK_Run of Network_Behavioral_F25-54_320 x 50_Click and View_NV_NA",204674553,10/6/2017,11247,267,10980,6317,4663,76,4587,4374,213,6393,6096,10470
TJN_HOM_008_HomeGoods Summer Digital_FY18,NinthDecimal,PHHXGK_TJN_HOM_008_Mobile_NINTHDECIMAL_CHILD_PROSPECTING_MOBILE APP_CUSTOM_DISPLAY_320X50_Run of Network_Behavioral_F25-54_320 x 50_Click and View_NV_NA,200587954,8/17/2017,61233,1215,60018,22730,37288,229,37059,34952,2107,22959,21654,56606
TJN_HOM_008_HomeGoods Summer Digital_FY18,xAd Inc.,PHHXGV_TJN_HOM_008_Mobile_XAD INC_CHILD_CONQUESTING_MOBILE APP_STANDARD_DISPLAY_300X250_GEO-FENCING_Run of Network_Geo_F25-54_300 x 250_Click and View_NV_NA,200573063,7/31/2017,348989,9740,339249,28462,310787,296107,14680,14039,641,324569,310397,324436
TJN_HOM_013_HomeGoods FEP_Q3FY18,Discovery Digital Media,PHWLS6_TJN_HOM_013_Content_DISCOVERY NETWORKS_Full Episode Video Mobile App_30s_FEP_Contextual_F25-54_1920 x 1080_Standard_NV_NA,201891425,8/21/2017,21253,215,21038,21038,0,0,0,0,0,21038,,
TJN_HOM_030_HomeGoods 2H Digital_F18,NinthDecimal,"PJQ7NK_TJN_HOM_030_Mobile_NINTHDECIMAL_DST_SV1_MAP_DIR_RCH_TRG_RON_BTG_DMA_DVY_TV TARGETING: HGTV, DIY NETWORK, BRAVO, TLC, FOOD NETWORK_Run of Network_Behavioral_F25-54_320 x 50_Click and View_NV_NA",204674553,9/21/2017,5763,96,5667,1523,4144,24,4120,3977,143,1547,1493,5470
TJN_HOM_030_HomeGoods 2H Digital_F18,NinthDecimal,PJQ7N7_TJN_HOM_030_Mobile_NINTHDECIMAL_DST_SV1_MAP_DIR_RCH_TRG_RON_PXT_DMA_DVY_GEOFENCE: 15-20-MILE RADIUS AROUND RURAL STORES_Run of Network_Geo_F25-54_320 x 50_Click and View_NV_NA,204674556,10/29/2017,5615,96,5519,742,4777,14,4763,4670,93,756,741,5411
TJN_HOM_030_HomeGoods 2H Digital_F18,NinthDecimal,PJQ7ND_TJN_HOM_030_Mobile_NINTHDECIMAL_DST_SV1_MAP_DIR_RCH_TRG_RON_BTG_DMA_DVY_CONSUMER JOURNEY: HOUSEHOLD CEO_Run of Network_Behavioral_F25-54_320 x 50_Click and View_NV_NA,204626294,9/21/2017,9506,233,9273,2895,6378,32,6346,6173,173,2927,2847,9020
TJN_HOM_008_HomeGoods Summer Digital_FY18,Hulu,PHG79N_TJN_HOM_008_FEP_HULU_Masthead_SPONSORSHIP_CROSS DEVICE_CUSTOM_VIDEO_1X1_1X1_N/A_N/A_N/A_SITE_N/A_Roadblock_Demo_F25-54_1 x 1_Click and View_NV_NA,201462657,8/4/2017,79804,725,79079,79079,0,0,0,0,0,79079,64081,64081
TJN_HOM_030_HomeGoods 2H Digital_F18,xAd Inc.,PJQ7MH_TJN_HOM_030_Mobile_GROUND TRUTH FKA XAD_DST_SV1_MAP_DIR_DSP_TRG_RON_PXT_BTG_DVY_PROXIMITY LOYALTY - DYNAMIC DISTANCE_Run of Network_Geo_F25-54_300 x 250_Click and View_NV_NA,204675003,9/5/2017,4015,60,3955,3918,37,0,37,35,2,3918,3706,3741
TJN_HOM_008_HomeGoods Summer Digital_FY18,Hulu,PHG79P_TJN_HOM_008_FEP_HULU_PageBrand_SPONSORSHIP_CROSS DEVICE_CUSTOM_VIDEO_1X1_1X1_N/A_N/A_N/A_SITE_N/A_Roadblock_Demo_F25-54_1 x 1_Click and View_NV_NA,201464250,8/5/2017,21,0,21,21,0,0,0,0,0,21,18,18
TJN_HOM_030_HomeGoods 2H Digital_F18,NinthDecimal,PJQ7NF_TJN_HOM_030_Mobile_NINTHDECIMAL_DST_SV1_MAP_DIR_RCH_TRG_RON_BTG_DMA_DVY_CONSUMER JOURNEY: HOME FURNISHINGS SHOPPERS_Run of Network_Behavioral_F25-54_320 x 50_Click and View_NV_NA,204626291,11/7/2017,7763,111,7652,1915,5737,26,5711,5510,201,1941,1873,7383
TJN_HOM_008_HomeGoods Summer Digital_FY18,Hulu,PHG79G_TJN_HOM_008_FEP_HULU_ROS Pre-roll_CROSS DEVICE_PRE-ROLL_VIDEO_1920X1080_VAST_AUDIENCE_N/A_N/A_3RD PARTY_N/A_Run of Site_Demo_F25-54_1920 x 1080_Standard_NV_NA,201466946,9/1/2017,53154,316,52838,52838,0,0,0,0,0,52838,50517,50517
TJN_HOM_030_HomeGoods 2H Digital_F18,NinthDecimal,PJQ7NF_TJN_HOM_030_Mobile_NINTHDECIMAL_DST_SV1_MAP_DIR_RCH_TRG_RON_BTG_DMA_DVY_CONSUMER JOURNEY: HOME FURNISHINGS SHOPPERS_Run of Network_Behavioral_F25-54_320 x 50_Click and View_NV_NA,204626291,11/1/2017,13418,173,13245,2420,10825,44,10781,10485,296,2464,2396,12881
TJN_HOM_030_HomeGoods 2H Digital_F18,NinthDecimal,PJQ7N7_TJN_HOM_030_Mobile_NINTHDECIMAL_DST_SV1_MAP_DIR_RCH_TRG_RON_PXT_DMA_DVY_GEOFENCE: 15-20-MILE RADIUS AROUND RURAL STORES_Run of Network_Geo_F25-54_320 x 50_Click and View_NV_NA,204674556,10/8/2017,8228,118,8110,6075,2035,15,2020,1955,65,6090,5894,7849
TJN_HOM_008_HomeGoods Summer Digital_FY18,NinthDecimal,PHHXGL_TJN_HOM_008_Mobile_NINTHDECIMAL_CHILD_RETENTION_MOBILE APP_CUSTOM_DISPLAY_320X50_Run of Network_Behavioral_F25-54_320 x 50_Click and View_NV_NA,200585092,7/27/2017,10425,96,10329,2100,8229,46,8183,7707,476,2146,2021,9728
TJN_HOM_008_HomeGoods Summer Digital_FY18,xAd Inc.,PHHXGX_TJN_HOM_008_Mobile_XAD INC_CHILD_LOCATION AUDIENCE-HOMEGOODS SHOPPERS_MOBILE APP_STANDARD_DISPLAY_300X250_Run of Network_Behavioral_F25-54_300 x 250_Click and View_NV_NA,200587524,8/30/2017,7406,631,6775,295,6480,6480,0,0,0,6775,6612,6612
TJN_HOM_008_HomeGoods Summer Digital_FY18,Hulu,PHG79P_TJN_HOM_008_FEP_HULU_PageBrand_SPONSORSHIP_CROSS DEVICE_CUSTOM_VIDEO_1X1_1X1_N/A_N/A_N/A_SITE_N/A_Roadblock_Demo_F25-54_1 x 1_Click and View_NV_NA,201464250,8/18/2017,175,4,171,171,0,0,0,0,0,171,151,151
TJN_HOM_030_HomeGoods 2H Digital_F18,NinthDecimal,PJQ7N8_TJN_HOM_030_Mobile_NINTHDECIMAL_DST_SV1_MAP_DIR_RCH_TRG_RON_BTG_PXT_DVY_LOCATION GRAPH: HOMEGOODS LOYALISTS_Run of Network_Behavioral_F25-54_320 x 50_Click and View_NV_NA,204675012,9/25/2017,9456,28,9428,2815,6613,20,6593,6373,220,2835,2740,9113
TJN_HOM_030_HomeGoods 2H Digital_F18,NinthDecimal,PJQ7NG_TJN_HOM_030_Mobile_NINTHDECIMAL_DST_SV1_MAP_DIR_RCH_TRG_RON_BTG_DMA_DVY_CONSUMER JOURNEY: NEW HOME BUYERS & MOVERS_Run of Network_Behavioral_F25-54_320 x 50_Click and View_NV_NA,204625835,11/11/2017,5115,144,4971,382,4589,28,4561,4412,149,410,397,4809
TJN_HOM_030_HomeGoods 2H Digital_F18,NinthDecimal,PJQ7N8_TJN_HOM_030_Mobile_NINTHDECIMAL_DST_SV1_MAP_DIR_RCH_TRG_RON_BTG_PXT_DVY_LOCATION GRAPH: HOMEGOODS LOYALISTS_Run of Network_Behavioral_F25-54_320 x 50_Click and View_NV_NA,204675012,11/6/2017,8359,80,8279,302,7977,33,7944,7695,249,335,324,8019
TJN_HOM_030_HomeGoods 2H Digital_F18,NinthDecimal,PJQ7N8_TJN_HOM_030_Mobile_NINTHDECIMAL_DST_SV1_MAP_DIR_RCH_TRG_RON_BTG_PXT_DVY_LOCATION GRAPH: HOMEGOODS LOYALISTS_Run of Network_Behavioral_F25-54_320 x 50_Click and View_NV_NA,204675012,11/4/2017,7426,72,7354,251,7103,27,7076,6868,208,278,270,7138
TJN_HOM_008_HomeGoods Summer Digital_FY18,NinthDecimal,PHHXGP_TJN_HOM_008_Mobile_NINTHDECIMAL_CHILD_PET OWNERS PROSPECTING_MOBILE APP_CUSTOM_DISPLAY_320X50_Run of Network_Behavioral_F25-54_320 x 50_Click and View_NV_NA,200586375,8/30/2017,72076,1617,70459,14802,55657,313,55344,52585,2759,15115,14361,66946
TJN_HOM_008_HomeGoods Summer Digital_FY18,Hulu,PHG79M_TJN_HOM_008_FEP_HULU_Premium Slate_CROSS DEVICE_PRE-ROLL_CUSTOM_VECTOR LOGO_1X1_N/A_N/A_N/A_SITE_N/A_Roadblock_Demo_F25-54_1 x 1_Click and View_NV_NA,201466502,7/20/2017,86998,980,86018,86018,0,0,0,0,0,86018,80019,80019
TJN_HOM_030_HomeGoods 2H Digital_F18,xAd Inc.,PJQ7ML_TJN_HOM_030_Mobile_GROUND TRUTH FKA XAD_DST_SV1_MAP_DIR_DSP_TRG_RON_BTG_DMA_DVY_BEHAVIORAL - HOME SHOPPER - DYNAMIC DISTANCE_Run of Network_Behavioral_F25-54_320 x 50_Click and View_NV_NA,204626174,10/18/2017,10059,139,9920,8099,1821,79,1742,1361,381,8178,6389,7750
TJN_HOM_030_HomeGoods 2H Digital_F18,xAd Inc.,PJQ7MP_TJN_HOM_030_Mobile_GROUND TRUTH FKA XAD_DST_SV1_MAP_DIR_DSP_TRG_RON_MKT_DMA_DVY_LOCATION - HOMEGOODS SHOPPERS - DYNAMIC DISTANCE_Run of Network_Geo_F25-54_300 x 250_Click and View_NV_NA,204647878,10/21/2017,6725,68,6657,6657,0,0,0,0,0,6657,6391,6391
TJN_HOM_008_HomeGoods Summer Digital_FY18,xAd Inc.,PHHXGY_TJN_HOM_008_Mobile_XAD INC_CHILD_LOYALTY_MOBILE APP_CUSTOM_RICH MEDIA_320X50_GEO-FENCING_Run of Network_Geo_F25-54_320 x 50_Click and View_NV_NA,200584630,7/26/2017,29164,320,28844,27343,1501,127,1374,1207,167,27470,24131,25338
TJN_HOM_025_HomeGoods Digital Video_Q4FY18,Tremor Video Inc.,PK6DYV_TJN_HOM_025_OLV_TREMOR NETWORK_AWR_BS1_MAP_DIR_VID_TRG_RON_PXT_CTG_DVY_ALL SCREEN PREROLL + PROXIMITYPLUS DWELL TIME TARGETING TO HOMEGOODS VISITORS MOB/TAB APP_Run of Network_Behavioral_F25-54_1280 x 720_Standard_NV_NA,205859075,10/19/2017,204628,187,204441,204359,82,33,49,35,14,204392,145994,146029
TJN_HOM_030_HomeGoods 2H Digital_F18,xAd Inc.,PJQ7MP_TJN_HOM_030_Mobile_GROUND TRUTH FKA XAD_DST_SV1_MAP_DIR_DSP_TRG_RON_MKT_DMA_DVY_LOCATION - HOMEGOODS SHOPPERS - DYNAMIC DISTANCE_Run of Network_Geo_F25-54_300 x 250_Click and View_NV_NA,204647878,9/9/2017,4266,54,4212,4211,1,0,1,1,0,4211,4211,4212
TJN_HOM_030_HomeGoods 2H Digital_F18,NinthDecimal,PJQ7NC_TJN_HOM_030_Mobile_NINTHDECIMAL_DST_SV1_MAP_DIR_RCH_TRG_RON_BTG_DMA_DVY_CONSUMER JOURNEY: DIYERS_Run of Network_Behavioral_F25-54_320 x 50_Click and View_NV_NA,204675009,10/25/2017,8345,123,8222,2428,5794,225,5569,5373,196,2653,2560,7933
TJN_HOM_030_HomeGoods 2H Digital_F18,NinthDecimal,PJQ7NJ_TJN_HOM_030_Mobile_NINTHDECIMAL_DST_SV1_MAP_DIR_RCH_TRG_RON_BTG_DMA_DVY_CONSUMER JOURNEY: BARGAIN HUNTERS_Run of Network_Behavioral_F25-54_320 x 50_Click and View_NV_NA,204644353,10/11/2017,15154,235,14919,5915,9004,61,8943,8606,337,5976,5751,14357
TJN_HOM_030_HomeGoods 2H Digital_F18,xAd Inc.,PJQ7MK_TJN_HOM_030_Mobile_GROUND TRUTH FKA XAD_DST_SV1_MAP_DIR_DSP_TRG_RON_PXT_BTG_DVY_PROXIMITY LOYALTY - STORE LOCATOR UNIT_Run of Network_Geo_F25-54_300 x 250_Click and View_NV_NA,204625442,11/9/2017,27559,703,26856,904,25952,53,25899,24630,1269,957,910,25540
TJN_HOM_030_HomeGoods 2H Digital_F18,xAd Inc.,PJQ7MS_TJN_HOM_030_Mobile_GROUND TRUTH FKA XAD_DST_SV1_MAP_DIR_DSP_TRG_RON_DMA_PXT_DVY_AV DMA TARGETING_Run of Network_Geo_F25-54_300 x 250_Click and View_NV_NA,204646501,10/6/2017,3,0,3,2,1,1,0,0,0,3,2,2
TJN_HOM_013_HomeGoods FEP_Q3FY18,Discovery Digital Media,PHWLS5_TJN_HOM_013_Content_DISCOVERY NETWORKS_Full Episode Video Desktop_30s_FEP_Contextual_F25-54_1920 x 1080_Standard_NV_NA,201895013,8/3/2017,5656,176,5480,5480,0,0,0,0,0,5480,,
TJN_HOM_008_HomeGoods Summer Digital_FY18,xAd Inc.,PHHXGS_TJN_HOM_008_Mobile_XAD INC_CHILD_LOYALTY_MOBILE APP_STANDARD_DISPLAY_300X250_GEO-FENCING_Run of Network_Geo_F25-54_300 x 250_Click and View_NV_NA,200583064,8/6/2017,10272,5886,4386,3533,853,410,443,442,1,3943,3934,4376
TJN_HOM_008_HomeGoods Summer Digital_FY18,NinthDecimal,PHHXGQ_TJN_HOM_008_Mobile_NINTHDECIMAL_CHILD_PET OWNERS RETENTION_MOBILE APP_CUSTOM_DISPLAY_320X50_Run of Network_Behavioral_F25-54_320 x 50_Click and View_NV_NA,200578886,8/19/2017,2796,29,2767,397,2370,16,2354,2160,194,413,379,2539
TJN_HOM_030_HomeGoods 2H Digital_F18,NinthDecimal,PJQ7NG_TJN_HOM_030_Mobile_NINTHDECIMAL_DST_SV1_MAP_DIR_RCH_TRG_RON_BTG_DMA_DVY_CONSUMER JOURNEY: NEW HOME BUYERS & MOVERS_Run of Network_Behavioral_F25-54_320 x 50_Click and View_NV_NA,204625835,9/15/2017,8492,162,8330,2718,5612,28,5584,5395,189,2746,2653,8048
TJN_HOM_030_HomeGoods 2H Digital_F18,NinthDecimal,PJQ7NC_TJN_HOM_030_Mobile_NINTHDECIMAL_DST_SV1_MAP_DIR_RCH_TRG_RON_BTG_DMA_DVY_CONSUMER JOURNEY: DIYERS_Run of Network_Behavioral_F25-54_320 x 50_Click and View_NV_NA,204675009,10/3/2017,3527,85,3442,2496,946,15,931,907,24,2511,2446,3353
TJN_HOM_030_HomeGoods 2H Digital_F18,xAd Inc.,PJQ7MS_TJN_HOM_030_Mobile_GROUND TRUTH FKA XAD_DST_SV1_MAP_DIR_DSP_TRG_RON_DMA_PXT_DVY_AV DMA TARGETING_Run of Network_Geo_F25-54_300 x 250_Click and View_NV_NA,204646501,10/11/2017,5,4,1,0,1,0,1,1,0,0,0,1
TJN_HOM_013_HomeGoods FEP_Q3FY18,Discovery Digital Media,PHWLS7_TJN_HOM_013_Content_DISCOVERY NETWORKS_Full Episode Video Mobile Web_30s_FEP_Contextual_F25-54_1920 x 1080_Standard_NV_NA,201895019,9/4/2017,859,11,848,848,0,0,0,0,0,848,,
TJN_HOM_013_HomeGoods FEP_Q3FY18,Discovery Digital Media,PHWLS8_TJN_HOM_013_Content_DISCOVERY NETWORKS_Full Episode Video Tablet Web_30s_FEP_Contextual_F25-54_1920 x 1080_Standard_NV_NA,201899695,8/11/2017,936,27,909,909,0,0,0,0,0,909,,
TJN_HOM_008_HomeGoods Summer Digital_FY18,Hulu,PHG79N_TJN_HOM_008_FEP_HULU_Masthead_SPONSORSHIP_CROSS DEVICE_CUSTOM_VIDEO_1X1_1X1_N/A_N/A_N/A_SITE_N/A_Roadblock_Demo_F25-54_1 x 1_Click and View_NV_NA,201462657,9/8/2017,12,0,12,12,0,0,0,0,0,12,12,12
TJN_HOM_025_HomeGoods Digital Video_Q4FY18,Tremor Video Inc.,PK6DWD_TJN_HOM_025_OLV_TREMOR NETWORK_AWR_BS1_MAP_DIR_VID_TRG_RON_BTG_CTG_DVY_ALL SCREEN PREROLL + SOCIAL AFFINITY TARGETING TO W25-54 HOME ENTHUSIASTS MOB/TAB APP_Run of Network_Behavioral_F25-54_1280 x 720_Standard_NV_NA,205941321,10/16/2017,142201,382,141819,141649,170,67,103,102,1,141716,140340,140442
TJN_HOM_013_HomeGoods FEP_Q3FY18,Discovery Digital Media,PHWLS7_TJN_HOM_013_Content_DISCOVERY NETWORKS_Full Episode Video Mobile Web_30s_FEP_Contextual_F25-54_1920 x 1080_Standard_NV_NA,201895019,8/14/2017,921,6,915,915,0,0,0,0,0,915,,
TJN_HOM_030_HomeGoods 2H Digital_F18,NinthDecimal,PJQ7NF_TJN_HOM_030_Mobile_NINTHDECIMAL_DST_SV1_MAP_DIR_RCH_TRG_RON_BTG_DMA_DVY_CONSUMER JOURNEY: HOME FURNISHINGS SHOPPERS_Run of Network_Behavioral_F25-54_320 x 50_Click and View_NV_NA,204626291,11/3/2017,5315,82,5233,1452,3781,12,3769,3650,119,1464,1418,5068
TJN_HOM_008_HomeGoods Summer Digital_FY18,xAd Inc.,Rolled-up Placements,N/A,6/21/2017,139342,13715,125627,97631,27996,8957,19039,15541,3498,106588,85113,100654
TJN_HOM_030_HomeGoods 2H Digital_F18,NinthDecimal,PJQ7NJ_TJN_HOM_030_Mobile_NINTHDECIMAL_DST_SV1_MAP_DIR_RCH_TRG_RON_BTG_DMA_DVY_CONSUMER JOURNEY: BARGAIN HUNTERS_Run of Network_Behavioral_F25-54_320 x 50_Click and View_NV_NA,204644353,10/6/2017,13245,264,12981,7805,5176,68,5108,4881,227,7873,7523,12404
TJN_HOM_013_HomeGoods FEP_Q3FY18,Discovery Digital Media,PHWLS5_TJN_HOM_013_Content_DISCOVERY NETWORKS_Full Episode Video Desktop_30s_FEP_Contextual_F25-54_1920 x 1080_Standard_NV_NA,201895013,8/7/2017,5687,175,5512,5512,0,0,0,0,0,5512,,
TJN_HOM_008_HomeGoods Summer Digital_FY18,Hulu,PHG79G_TJN_HOM_008_FEP_HULU_ROS Pre-roll_CROSS DEVICE_PRE-ROLL_VIDEO_1920X1080_VAST_AUDIENCE_N/A_N/A_3RD PARTY_N/A_Run of Site_Demo_F25-54_1920 x 1080_Standard_NV_NA,201466946,7/28/2017,6787,62,6725,6725,0,0,0,0,0,6725,6137,6137
TJN_HOM_008_HomeGoods Summer Digital_FY18,xAd Inc.,PHHXGZ_TJN_HOM_008_Mobile_XAD INC_CHILD_LOYALTY_MOBILE APP_CUSTOM_RICH MEDIA_300X250_GEO-FENCING_Run of Network_Geo_F25-54_300 x 250_Click and View_NV_NA,200577158,7/27/2017,10319,270,10049,10028,21,0,21,5,16,10028,2388,2393
TJN_HOM_030_HomeGoods 2H Digital_F18,NinthDecimal,PJQ7N8_TJN_HOM_030_Mobile_NINTHDECIMAL_DST_SV1_MAP_DIR_RCH_TRG_RON_BTG_PXT_DVY_LOCATION GRAPH: HOMEGOODS LOYALISTS_Run of Network_Behavioral_F25-54_320 x 50_Click and View_NV_NA,204675012,10/9/2017,11444,134,11310,4540,6770,47,6723,6427,296,4587,4385,10812
TJN_HOM_030_HomeGoods 2H Digital_F18,NinthDecimal,PJQ7NC_TJN_HOM_030_Mobile_NINTHDECIMAL_DST_SV1_MAP_DIR_RCH_TRG_RON_BTG_DMA_DVY_CONSUMER JOURNEY: DIYERS_Run of Network_Behavioral_F25-54_320 x 50_Click and View_NV_NA,204675009,10/15/2017,9987,151,9836,5689,4147,41,4106,3972,134,5730,5543,9515
TJN_HOM_008_HomeGoods Summer Digital_FY18,xAd Inc.,PHHXGV_TJN_HOM_008_Mobile_XAD INC_CHILD_CONQUESTING_MOBILE APP_STANDARD_DISPLAY_300X250_GEO-FENCING_Run of Network_Geo_F25-54_300 x 250_Click and View_NV_NA,200573063,7/20/2017,14417,1190,13227,11573,1654,231,1423,1397,26,11804,11588,12985
TJN_HOM_008_HomeGoods Summer Digital_FY18,Hulu,PHG79J_TJN_HOM_008_FEP_HULU_Branded Slate_ROS_CROSS DEVICE_PRE-ROLL_CUSTOM_VECTOR LOGO_1X1_AUDIENCE_N/A_N/A_SITE_N/A_Run of Site_Demo_F25-54_1 x 1_Click and View_NV_NA,201467345,8/19/2017,3625,23,3602,3602,0,0,0,0,0,3602,2679,2679
TJN_HOM_008_HomeGoods Summer Digital_FY18,NinthDecimal,PHHXGK_TJN_HOM_008_Mobile_NINTHDECIMAL_CHILD_PROSPECTING_MOBILE APP_CUSTOM_DISPLAY_320X50_Run of Network_Behavioral_F25-54_320 x 50_Click and View_NV_NA,200587954,8/4/2017,14465,279,14186,5827,8359,88,8271,7709,562,5915,5513,13222
TJN_HOM_008_HomeGoods Summer Digital_FY18,xAd Inc.,PHHXGW_TJN_HOM_008_Mobile_XAD INC_CHILD_LOCATION AUDIENCE-HOMEGOODS SHOPPERS_MOBILE APP_STANDARD_DISPLAY_320X50_Run of Network_Behavioral_F25-54_320 x 50_Click and View_NV_NA,200585089,8/23/2017,32965,365,32600,20773,11827,42,11785,11683,102,20815,20635,32318
TJN_HOM_030_HomeGoods 2H Digital_F18,xAd Inc.,PJQ7MN_TJN_HOM_030_Mobile_GROUND TRUTH FKA XAD_DST_SV1_MAP_DIR_DSP_TRG_RON_MKT_DMA_DVY_LOCATION - HOMEGOODS SHOPPERS - DYNAMIC DISTANCE_Run of Network_Geo_F25-54_320 x 50_Click and View_NV_NA,204651439,10/31/2017,8370,102,8268,7775,493,72,421,280,141,7847,5107,5387
TJN_HOM_008_HomeGoods Summer Digital_FY18,Hulu,PHG79N_TJN_HOM_008_FEP_HULU_Masthead_SPONSORSHIP_CROSS DEVICE_CUSTOM_VIDEO_1X1_1X1_N/A_N/A_N/A_SITE_N/A_Roadblock_Demo_F25-54_1 x 1_Click and View_NV_NA,201462657,8/17/2017,88227,815,87412,87412,0,0,0,0,0,87412,77822,77822
TJN_HOM_008_HomeGoods Summer Digital_FY18,NinthDecimal,PHHXGP_TJN_HOM_008_Mobile_NINTHDECIMAL_CHILD_PET OWNERS PROSPECTING_MOBILE APP_CUSTOM_DISPLAY_320X50_Run of Network_Behavioral_F25-54_320 x 50_Click and View_NV_NA,200586375,8/5/2017,10409,93,10316,2765,7551,41,7510,7076,434,2806,2644,9720
TJN_HOM_008_HomeGoods Summer Digital_FY18,xAd Inc.,PHHXGR_TJN_HOM_008_Mobile_XAD INC_CHILD_LOYALTY_MOBILE APP_STANDARD_DISPLAY_320X50_GEO-FENCING_Run of Network_Geo_F25-54_320 x 50_Click and View_NV_NA,200587518,9/2/2017,43261,794,42467,28231,14236,33,14203,14116,87,28264,28091,42207
TJN_HOM_008_HomeGoods Summer Digital_FY18,NinthDecimal,PHHXGP_TJN_HOM_008_Mobile_NINTHDECIMAL_CHILD_PET OWNERS PROSPECTING_MOBILE APP_CUSTOM_DISPLAY_320X50_Run of Network_Behavioral_F25-54_320 x 50_Click and View_NV_NA,200586375,9/5/2017,70,1,69,10,59,1,58,57,1,11,11,68
TJN_HOM_008_HomeGoods Summer Digital_FY18,xAd Inc.,PHHXGR_TJN_HOM_008_Mobile_XAD INC_CHILD_LOYALTY_MOBILE APP_STANDARD_DISPLAY_320X50_GEO-FENCING_Run of Network_Geo_F25-54_320 x 50_Click and View_NV_NA,200587518,8/26/2017,95463,1246,94217,51200,43017,242,42775,42316,459,51442,50890,93206
TJN_HOM_030_HomeGoods 2H Digital_F18,xAd Inc.,PJQ7MG_TJN_HOM_030_Mobile_GROUND TRUTH FKA XAD_DST_SV1_MAP_DIR_DSP_TRG_RON_PXT_BTG_DVY_PROXIMITY LOYALTY - DYNAMIC DISTANCE_Run of Network_Geo_F25-54_320 x 50_Click and View_NV_NA,204626813,11/11/2017,123300,4957,118343,99350,18993,5695,13298,12246,1052,105045,94633,106879
TJN_HOM_008_HomeGoods Summer Digital_FY18,xAd Inc.,PHHXGX_TJN_HOM_008_Mobile_XAD INC_CHILD_LOCATION AUDIENCE-HOMEGOODS SHOPPERS_MOBILE APP_STANDARD_DISPLAY_300X250_Run of Network_Behavioral_F25-54_300 x 250_Click and View_NV_NA,200587524,8/18/2017,8061,258,7803,46,7757,7752,5,5,0,7798,7798,7803
TJN_HOM_008_HomeGoods Summer Digital_FY18,Hulu,PHG79G_TJN_HOM_008_FEP_HULU_ROS Pre-roll_CROSS DEVICE_PRE-ROLL_VIDEO_1920X1080_VAST_AUDIENCE_N/A_N/A_3RD PARTY_N/A_Run of Site_Demo_F25-54_1920 x 1080_Standard_NV_NA,201466946,7/24/2017,9565,73,9492,9492,0,0,0,0,0,9492,8654,8654
TJN_HOM_030_HomeGoods 2H Digital_F18,NinthDecimal,PJQ7N8_TJN_HOM_030_Mobile_NINTHDECIMAL_DST_SV1_MAP_DIR_RCH_TRG_RON_BTG_PXT_DVY_LOCATION GRAPH: HOMEGOODS LOYALISTS_Run of Network_Behavioral_F25-54_320 x 50_Click and View_NV_NA,204675012,11/12/2017,11781,183,11598,874,10724,43,10681,10408,273,917,894,11302
TJN_HOM_030_HomeGoods 2H Digital_F18,xAd Inc.,PJQ7MJ_TJN_HOM_030_Mobile_GROUND TRUTH FKA XAD_DST_SV1_MAP_DIR_DSP_TRG_RON_PXT_BTG_DVY_PROXIMITY LOYALTY - STORE LOCATOR UNIT_Run of Network_Geo_F25-54_320 x 50_Click and View_NV_NA,204649939,10/28/2017,14776,351,14425,6353,8072,109,7963,7851,112,6462,6371,14222
TJN_HOM_008_HomeGoods Summer Digital_FY18,NinthDecimal,PHHXGP_TJN_HOM_008_Mobile_NINTHDECIMAL_CHILD_PET OWNERS PROSPECTING_MOBILE APP_CUSTOM_DISPLAY_320X50_Run of Network_Behavioral_F25-54_320 x 50_Click and View_NV_NA,200586375,8/18/2017,27144,346,26798,5543,21255,127,21128,19906,1222,5670,5342,25248
TJN_HOM_030_HomeGoods 2H Digital_F18,NinthDecimal,PJQ7NF_TJN_HOM_030_Mobile_NINTHDECIMAL_DST_SV1_MAP_DIR_RCH_TRG_RON_BTG_DMA_DVY_CONSUMER JOURNEY: HOME FURNISHINGS SHOPPERS_Run of Network_Behavioral_F25-54_320 x 50_Click and View_NV_NA,204626291,10/12/2017,9839,191,9648,5613,4035,15,4020,3886,134,5628,5440,9326
TJN_HOM_013_HomeGoods FEP_Q3FY18,Discovery Digital Media,PHWLS6_TJN_HOM_013_Content_DISCOVERY NETWORKS_Full Episode Video Mobile App_30s_FEP_Contextual_F25-54_1920 x 1080_Standard_NV_NA,201891425,8/31/2017,22977,261,22716,22716,0,0,0,0,0,22716,,
TJN_HOM_008_HomeGoods Summer Digital_FY18,Hulu,PHG79P_TJN_HOM_008_FEP_HULU_PageBrand_SPONSORSHIP_CROSS DEVICE_CUSTOM_VIDEO_1X1_1X1_N/A_N/A_N/A_SITE_N/A_Roadblock_Demo_F25-54_1 x 1_Click and View_NV_NA,201464250,8/30/2017,247,5,242,242,0,0,0,0,0,242,232,232
TJN_HOM_030_HomeGoods 2H Digital_F18,NinthDecimal,PJQ7N5_TJN_HOM_030_Mobile_NINTHDECIMAL_DST_SV1_MAP_DIR_RCH_TRG_RON_PXT_DMA_DVY_GEOFENCE: 2-MILE RADIUS AROUND URBAN STORES_Run of Network_Geo_F25-54_320 x 50_Click and View_NV_NA,204649945,11/11/2017,8912,133,8779,453,8326,25,8301,8075,226,478,465,8540
TJN_HOM_030_HomeGoods 2H Digital_F18,NinthDecimal,"PJQ7NK_TJN_HOM_030_Mobile_NINTHDECIMAL_DST_SV1_MAP_DIR_RCH_TRG_RON_BTG_DMA_DVY_TV TARGETING: HGTV, DIY NETWORK, BRAVO, TLC, FOOD NETWORK_Run of Network_Behavioral_F25-54_320 x 50_Click and View_NV_NA",204674553,9/22/2017,6486,99,6387,2017,4370,38,4332,4212,120,2055,1998,6210
TJN_HOM_030_HomeGoods 2H Digital_F18,NinthDecimal,PJQ7NH_TJN_HOM_030_Mobile_NINTHDECIMAL_DST_SV1_MAP_DIR_RCH_TRG_RON_BTG_DMA_DVY_CONSUMER JOURNEY: PET SUPPLY SHOPPERS_Run of Network_Behavioral_F25-54_320 x 50_Click and View_NV_NA,204647914,10/29/2017,5601,44,5557,302,5255,18,5237,5116,121,320,313,5429
TJN_HOM_030_HomeGoods 2H Digital_F18,NinthDecimal,PJQ7N8_TJN_HOM_030_Mobile_NINTHDECIMAL_DST_SV1_MAP_DIR_RCH_TRG_RON_BTG_PXT_DVY_LOCATION GRAPH: HOMEGOODS LOYALISTS_Run of Network_Behavioral_F25-54_320 x 50_Click and View_NV_NA,204675012,9/26/2017,6757,34,6723,1509,5214,14,5200,5042,158,1523,1477,6519
TJN_HOM_008_HomeGoods Summer Digital_FY18,Hulu,PHG79M_TJN_HOM_008_FEP_HULU_Premium Slate_CROSS DEVICE_PRE-ROLL_CUSTOM_VECTOR LOGO_1X1_N/A_N/A_N/A_SITE_N/A_Roadblock_Demo_F25-54_1 x 1_Click and View_NV_NA,201466502,7/31/2017,82529,776,81753,81753,0,0,0,0,0,81753,73748,73748
TJN_HOM_030_HomeGoods 2H Digital_F18,NinthDecimal,PJQ7ND_TJN_HOM_030_Mobile_NINTHDECIMAL_DST_SV1_MAP_DIR_RCH_TRG_RON_BTG_DMA_DVY_CONSUMER JOURNEY: HOUSEHOLD CEO_Run of Network_Behavioral_F25-54_320 x 50_Click and View_NV_NA,204626294,10/23/2017,9721,165,9556,4459,5097,67,5030,4858,172,4526,4371,9229
TJN_HOM_030_HomeGoods 2H Digital_F18,xAd Inc.,PJQ7ML_TJN_HOM_030_Mobile_GROUND TRUTH FKA XAD_DST_SV1_MAP_DIR_DSP_TRG_RON_BTG_DMA_DVY_BEHAVIORAL - HOME SHOPPER - DYNAMIC DISTANCE_Run of Network_Behavioral_F25-54_320 x 50_Click and View_NV_NA,204626174,10/4/2017,4,2,2,2,0,0,0,0,0,2,2,2
TJN_HOM_030_HomeGoods 2H Digital_F18,xAd Inc.,PJQ7MJ_TJN_HOM_030_Mobile_GROUND TRUTH FKA XAD_DST_SV1_MAP_DIR_DSP_TRG_RON_PXT_BTG_DVY_PROXIMITY LOYALTY - STORE LOCATOR UNIT_Run of Network_Geo_F25-54_320 x 50_Click and View_NV_NA,204649939,9/8/2017,42403,986,41417,36251,5166,82,5084,4908,176,36333,35075,39983
TJN_HOM_030_HomeGoods 2H Digital_F18,xAd Inc.,PJQ7MQ_TJN_HOM_030_Mobile_GROUND TRUTH FKA XAD_DST_SV1_MAP_DIR_DSP_TRG_RON_MKT_DMA_DVY_LOCATION - COMPETITOR SHOPPERS - DYNAMIC DISTANCE_Run of Network_Geo_F25-54_320 x 50_Click and View_NV_NA,204617210,10/29/2017,9393,131,9262,7585,1677,151,1526,725,801,7736,3644,4369
TJN_HOM_025_HomeGoods Digital Video_Q4FY18,Tremor Video Inc.,PK1FYM_TJN_HOM_025_OLV_TREMOR NETWORK_AWR_BS1_DSK_DIR_VID_TRG_RON_BTG_CTG_DVY_ALL SCREEN PREROLL + SOCIAL AFFINITY TARGETING TO W25-54 HOME ENTHUSIASTS DESKTOP_Run of Network_Behavioral_F25-54_1280 x 720_Standard_NV_NA,205941870,10/29/2017,108758,152,108606,106363,2243,39,2204,375,1829,106402,18104,18479
TJN_HOM_025_HomeGoods Digital Video_Q4FY18,Tremor Video Inc.,PK6DYV_TJN_HOM_025_OLV_TREMOR NETWORK_AWR_BS1_MAP_DIR_VID_TRG_RON_PXT_CTG_DVY_ALL SCREEN PREROLL + PROXIMITYPLUS DWELL TIME TARGETING TO HOMEGOODS VISITORS MOB/TAB APP_Run of Network_Behavioral_F25-54_1280 x 720_Standard_NV_NA,205859075,10/26/2017,161523,30,161493,161445,48,12,36,12,24,161457,53819,53831
TJN_HOM_030_HomeGoods 2H Digital_F18,NinthDecimal,PJQ7ND_TJN_HOM_030_Mobile_NINTHDECIMAL_DST_SV1_MAP_DIR_RCH_TRG_RON_BTG_DMA_DVY_CONSUMER JOURNEY: HOUSEHOLD CEO_Run of Network_Behavioral_F25-54_320 x 50_Click and View_NV_NA,204626294,9/22/2017,9833,251,9582,2711,6871,30,6841,6707,134,2741,2687,9394
TJN_HOM_008_HomeGoods Summer Digital_FY18,xAd Inc.,PHHXGW_TJN_HOM_008_Mobile_XAD INC_CHILD_LOCATION AUDIENCE-HOMEGOODS SHOPPERS_MOBILE APP_STANDARD_DISPLAY_320X50_Run of Network_Behavioral_F25-54_320 x 50_Click and View_NV_NA,200585089,7/23/2017,12883,82,12801,11377,1424,8,1416,939,477,11385,7550,8489
TJN_HOM_013_HomeGoods FEP_Q3FY18,Discovery Digital Media,PHWLS9_TJN_HOM_013_Content_DISCOVERY NETWORKS_Full Episode Video OTT/CTV_30s_FEP_Contextual_F25-54_1920 x 1080_Standard_NV_NA,201891428,8/19/2017,12663,40,12623,12623,0,0,0,0,0,12623,,
TJN_HOM_008_HomeGoods Summer Digital_FY18,Hulu,PHG79G_TJN_HOM_008_FEP_HULU_ROS Pre-roll_CROSS DEVICE_PRE-ROLL_VIDEO_1920X1080_VAST_AUDIENCE_N/A_N/A_3RD PARTY_N/A_Run of Site_Demo_F25-54_1920 x 1080_Standard_NV_NA,201466946,9/18/2017,9550,47,9503,9503,0,0,0,0,0,9503,8474,8474
TJN_HOM_030_HomeGoods 2H Digital_F18,NinthDecimal,"PJQ7NK_TJN_HOM_030_Mobile_NINTHDECIMAL_DST_SV1_MAP_DIR_RCH_TRG_RON_BTG_DMA_DVY_TV TARGETING: HGTV, DIY NETWORK, BRAVO, TLC, FOOD NETWORK_Run of Network_Behavioral_F25-54_320 x 50_Click and View_NV_NA",204674553,10/23/2017,8423,83,8340,3345,4995,62,4933,4766,167,3407,3292,8058
TJN_HOM_025_HomeGoods Digital Video_Q4FY18,Tremor Video Inc.,PK6DY1_TJN_HOM_025_OLV_TREMOR NETWORK_AWR_BS1_CTV_DIR_VID_TRG_RON_BTG_CTG_DVY_ALL SCREEN PREROLL + SOCIAL AFFINITY TARGETING TO W25-54 HOME ENTHUSIASTS CTV_Run of Network_Behavioral_F25-54_1280 x 720_Standard_NV_NA,205941318,10/8/2017,5138,0,5138,5138,0,0,0,0,0,5138,1005,1005
TJN_HOM_030_HomeGoods 2H Digital_F18,NinthDecimal,PJQ7NH_TJN_HOM_030_Mobile_NINTHDECIMAL_DST_SV1_MAP_DIR_RCH_TRG_RON_BTG_DMA_DVY_CONSUMER JOURNEY: PET SUPPLY SHOPPERS_Run of Network_Behavioral_F25-54_320 x 50_Click and View_NV_NA,204647914,10/8/2017,9606,148,9458,5460,3998,30,3968,3826,142,5490,5294,9120
TJN_HOM_030_HomeGoods 2H Digital_F18,NinthDecimal,"PJQ7NK_TJN_HOM_030_Mobile_NINTHDECIMAL_DST_SV1_MAP_DIR_RCH_TRG_RON_BTG_DMA_DVY_TV TARGETING: HGTV, DIY NETWORK, BRAVO, TLC, FOOD NETWORK_Run of Network_Behavioral_F25-54_320 x 50_Click and View_NV_NA",204674553,9/24/2017,6318,107,6211,1993,4218,29,4189,4073,116,2022,1966,6039
TJN_HOM_008_HomeGoods Summer Digital_FY18,Hulu,PHG79K_TJN_HOM_008_FEP_HULU_Summer TV Pre-roll_SPONSORSHIP_CROSS DEVICE_PRE-ROLL_VIDEO_1920X1080_VAST_N/A_N/A_N/A_3RD PARTY_N/A_Roadblock_Demo_F25-54_1920 x 1080_Standard_NV_NA,201466499,8/15/2017,474115,4504,469611,469611,0,0,0,0,0,469611,422439,422439
TJN_HOM_008_HomeGoods Summer Digital_FY18,xAd Inc.,PHHXGT_TJN_HOM_008_Mobile_XAD INC_CHILD_CONQUESTING_MOBILE APP_STANDARD_DISPLAY_320X50_GEO-FENCING_Run of Network_Geo_F25-54_320 x 50_Click and View_NV_NA,200573066,8/16/2017,146361,1598,144763,111831,32932,396,32536,24940,7596,112227,86026,110966
TJN_HOM_030_HomeGoods 2H Digital_F18,NinthDecimal,PJQ7N5_TJN_HOM_030_Mobile_NINTHDECIMAL_DST_SV1_MAP_DIR_RCH_TRG_RON_PXT_DMA_DVY_GEOFENCE: 2-MILE RADIUS AROUND URBAN STORES_Run of Network_Geo_F25-54_320 x 50_Click and View_NV_NA,204649945,9/15/2017,5752,105,5647,2534,3113,21,3092,2973,119,2555,2457,5430
TJN_HOM_030_HomeGoods 2H Digital_F18,xAd Inc.,PJQ7MM_TJN_HOM_030_Mobile_GROUND TRUTH FKA XAD_DST_SV1_MAP_DIR_DSP_TRG_RON_BTG_DMA_DVY_BEHAVIORAL - HOME SHOPPER- DYNAMIC DISTANCE_Run of Network_Behavioral_F25-54_300 x 250_Click and View_NV_NA,204626171,11/9/2017,19170,571,18599,18596,3,0,3,3,0,18596,18596,18599
TJN_HOM_030_HomeGoods 2H Digital_F18,xAd Inc.,PJQ7MG_TJN_HOM_030_Mobile_GROUND TRUTH FKA XAD_DST_SV1_MAP_DIR_DSP_TRG_RON_PXT_BTG_DVY_PROXIMITY LOYALTY - DYNAMIC DISTANCE_Run of Network_Geo_F25-54_320 x 50_Click and View_NV_NA,204626813,9/15/2017,37302,834,36468,24080,12388,4806,7582,6167,1415,28886,18327,24494
TJN_HOM_030_HomeGoods 2H Digital_F18,xAd Inc.,PJQ7MQ_TJN_HOM_030_Mobile_GROUND TRUTH FKA XAD_DST_SV1_MAP_DIR_DSP_TRG_RON_MKT_DMA_DVY_LOCATION - COMPETITOR SHOPPERS - DYNAMIC DISTANCE_Run of Network_Geo_F25-54_320 x 50_Click and View_NV_NA,204617210,10/8/2017,6568,100,6468,4447,2021,131,1890,1351,539,4578,3217,4568
TJN_HOM_008_HomeGoods Summer Digital_FY18,xAd Inc.,PHHXGW_TJN_HOM_008_Mobile_XAD INC_CHILD_LOCATION AUDIENCE-HOMEGOODS SHOPPERS_MOBILE APP_STANDARD_DISPLAY_320X50_Run of Network_Behavioral_F25-54_320 x 50_Click and View_NV_NA,200585089,7/22/2017,47136,387,46749,44271,2478,32,2446,1684,762,44303,30501,32185
TJN_HOM_030_HomeGoods 2H Digital_F18,xAd Inc.,PJQ7MJ_TJN_HOM_030_Mobile_GROUND TRUTH FKA XAD_DST_SV1_MAP_DIR_DSP_TRG_RON_PXT_BTG_DVY_PROXIMITY LOYALTY - STORE LOCATOR UNIT_Run of Network_Geo_F25-54_320 x 50_Click and View_NV_NA,204649939,10/7/2017,37976,756,37220,24648,12572,107,12465,11652,813,24755,23140,34792
TJN_HOM_025_HomeGoods Digital Video_Q4FY18,Tremor Video Inc.,PK1FYM_TJN_HOM_025_OLV_TREMOR NETWORK_AWR_BS1_DSK_DIR_VID_TRG_RON_BTG_CTG_DVY_ALL SCREEN PREROLL + SOCIAL AFFINITY TARGETING TO W25-54 HOME ENTHUSIASTS DESKTOP_Run of Network_Behavioral_F25-54_1280 x 720_Standard_NV_NA,205941870,10/8/2017,249610,79,249531,43287,206244,2628,203616,22461,181155,45915,5065,27526
TJN_HOM_013_HomeGoods FEP_Q3FY18,Scripps Networks,PHNKCR_TJN_HOM_013_FEP_SCRIPPSNETWORKS.COM_On-site_Crossplatform_FEP_Demo_F25-54_1280 x 720_Standard_NV_NA,201888442,9/15/2017,1522,11,1511,1511,0,0,0,0,0,1511,,
TJN_HOM_030_HomeGoods 2H Digital_F18,NinthDecimal,PJQ7ND_TJN_HOM_030_Mobile_NINTHDECIMAL_DST_SV1_MAP_DIR_RCH_TRG_RON_BTG_DMA_DVY_CONSUMER JOURNEY: HOUSEHOLD CEO_Run of Network_Behavioral_F25-54_320 x 50_Click and View_NV_NA,204626294,9/24/2017,9433,178,9255,2763,6492,18,6474,6346,128,2781,2726,9072
TJN_HOM_013_HomeGoods FEP_Q3FY18,Discovery Digital Media,PHWLS8_TJN_HOM_013_Content_DISCOVERY NETWORKS_Full Episode Video Tablet Web_30s_FEP_Contextual_F25-54_1920 x 1080_Standard_NV_NA,201899695,9/27/2017,863,15,848,848,0,0,0,0,0,848,,
TJN_HOM_013_HomeGoods FEP_Q3FY18,Scripps Networks,PHNKCR_TJN_HOM_013_FEP_SCRIPPSNETWORKS.COM_On-site_Crossplatform_FEP_Demo_F25-54_1280 x 720_Standard_NV_NA,201888442,8/29/2017,5565,24,5541,5541,0,0,0,0,0,5541,,
TJN_HOM_025_HomeGoods Digital Video_Q4FY18,Tremor Video Inc.,PK6DY1_TJN_HOM_025_OLV_TREMOR NETWORK_AWR_BS1_CTV_DIR_VID_TRG_RON_BTG_CTG_DVY_ALL SCREEN PREROLL + SOCIAL AFFINITY TARGETING TO W25-54 HOME ENTHUSIASTS CTV_Run of Network_Behavioral_F25-54_1280 x 720_Standard_NV_NA,205941318,10/29/2017,234930,5,234925,234925,0,0,0,0,0,234925,90075,90075
TJN_HOM_013_HomeGoods FEP_Q3FY18,Discovery Digital Media,PHWLS7_TJN_HOM_013_Content_DISCOVERY NETWORKS_Full Episode Video Mobile Web_30s_FEP_Contextual_F25-54_1920 x 1080_Standard_NV_NA,201895019,9/2/2017,898,11,887,887,0,0,0,0,0,887,,
TJN_HOM_030_HomeGoods 2H Digital_F18,NinthDecimal,PJQ7N9_TJN_HOM_030_Mobile_NINTHDECIMAL_DST_SV1_MAP_DIR_RCH_TRG_RON_BTG_PXT_DVY_LOCATION GRAPH: TJX FAMILY LOYALISTS_Run of Network_Behavioral_F25-54_320 x 50_Click and View_NV_NA,204647917,11/11/2017,8244,168,8076,352,7724,37,7687,7486,201,389,379,7865
TJN_HOM_030_HomeGoods 2H Digital_F18,NinthDecimal,PJQ7NB_TJN_HOM_030_Mobile_NINTHDECIMAL_DST_SV1_MAP_DIR_RCH_TRG_RON_BTG_PXT_DVY_LOCATION GRAPH: COMPETITIVE CONQUESTING_Run of Network_Behavioral_F25-54_320 x 50_Click and View_NV_NA,204649942,11/9/2017,3870,70,3800,248,3552,12,3540,3419,121,260,251,3670
TJN_HOM_008_HomeGoods Summer Digital_FY18,NinthDecimal,PHHXGP_TJN_HOM_008_Mobile_NINTHDECIMAL_CHILD_PET OWNERS PROSPECTING_MOBILE APP_CUSTOM_DISPLAY_320X50_Run of Network_Behavioral_F25-54_320 x 50_Click and View_NV_NA,200586375,8/28/2017,84469,1037,83432,19391,64041,303,63738,60915,2823,19694,18822,79737
TJN_HOM_008_HomeGoods Summer Digital_FY18,Hulu,PHG79J_TJN_HOM_008_FEP_HULU_Branded Slate_ROS_CROSS DEVICE_PRE-ROLL_CUSTOM_VECTOR LOGO_1X1_AUDIENCE_N/A_N/A_SITE_N/A_Run of Site_Demo_F25-54_1 x 1_Click and View_NV_NA,201467345,8/8/2017,3852,24,3828,3828,0,0,0,0,0,3828,3322,3322
TJN_HOM_013_HomeGoods FEP_Q3FY18,Discovery Digital Media,PHWLS8_TJN_HOM_013_Content_DISCOVERY NETWORKS_Full Episode Video Tablet Web_30s_FEP_Contextual_F25-54_1920 x 1080_Standard_NV_NA,201899695,7/19/2017,975,3,972,972,0,0,0,0,0,972,,
TJN_HOM_013_HomeGoods FEP_Q3FY18,Discovery Digital Media,PHWLS6_TJN_HOM_013_Content_DISCOVERY NETWORKS_Full Episode Video Mobile App_30s_FEP_Contextual_F25-54_1920 x 1080_Standard_NV_NA,201891425,9/1/2017,22092,302,21790,21790,0,0,0,0,0,21790,,
TJN_HOM_030_HomeGoods 2H Digital_F18,xAd Inc.,PJQ7MR_TJN_HOM_030_Mobile_GROUND TRUTH FKA XAD_DST_SV1_MAP_DIR_DSP_TRG_RON_MKT_DMA_DVY_LOCATION - COMPETITOR SHOPPERS - DYNAMIC DISTANCE_Run of Network_Geo_F25-54_300 x 250_Click and View_NV_NA,204647890,9/18/2017,5064,304,4760,4754,6,0,6,3,3,4754,2377,2380
TJN_HOM_025_HomeGoods Digital Video_Q4FY18,Tremor Video Inc.,PK1FYN_TJN_HOM_025_OLV_TREMOR NETWORK_AWR_BS1_DSK_DIR_VID_TRG_RON_PXT_CTG_DVY_ALL SCREEN PREROLL + PROXIMITYPLUS DWELL TIME TARGETING TO HOMEGOODS VISITORS DESKTOP_Run of Network_Behavioral_F25-54_1280 x 720_Standard_NV_NA,205941312,10/13/2017,522,3,519,514,5,2,3,2,1,516,344,346
TJN_HOM_008_HomeGoods Summer Digital_FY18,xAd Inc.,PHHXGX_TJN_HOM_008_Mobile_XAD INC_CHILD_LOCATION AUDIENCE-HOMEGOODS SHOPPERS_MOBILE APP_STANDARD_DISPLAY_300X250_Run of Network_Behavioral_F25-54_300 x 250_Click and View_NV_NA,200587524,8/28/2017,6966,2823,4143,124,4019,4019,0,0,0,4143,4143,4143
TJN_HOM_030_HomeGoods 2H Digital_F18,xAd Inc.,PJQ7MJ_TJN_HOM_030_Mobile_GROUND TRUTH FKA XAD_DST_SV1_MAP_DIR_DSP_TRG_RON_PXT_BTG_DVY_PROXIMITY LOYALTY - STORE LOCATOR UNIT_Run of Network_Geo_F25-54_320 x 50_Click and View_NV_NA,204649939,11/8/2017,28947,648,28299,18472,9827,686,9141,8762,379,19158,18364,27126
TJN_HOM_030_HomeGoods 2H Digital_F18,xAd Inc.,PJQ7MH_TJN_HOM_030_Mobile_GROUND TRUTH FKA XAD_DST_SV1_MAP_DIR_DSP_TRG_RON_PXT_BTG_DVY_PROXIMITY LOYALTY - DYNAMIC DISTANCE_Run of Network_Geo_F25-54_300 x 250_Click and View_NV_NA,204675003,10/10/2017,25902,613,25289,25289,0,0,0,0,0,25289,383,383
TJN_HOM_008_HomeGoods Summer Digital_FY18,xAd Inc.,PHHXGZ_TJN_HOM_008_Mobile_XAD INC_CHILD_LOYALTY_MOBILE APP_CUSTOM_RICH MEDIA_300X250_GEO-FENCING_Run of Network_Geo_F25-54_300 x 250_Click and View_NV_NA,200577158,8/22/2017,1359,13,1346,1229,117,2,115,112,3,1231,1199,1311
TJN_HOM_025_HomeGoods Digital Video_Q4FY18,Tremor Video Inc.,PK6DYV_TJN_HOM_025_OLV_TREMOR NETWORK_AWR_BS1_MAP_DIR_VID_TRG_RON_PXT_CTG_DVY_ALL SCREEN PREROLL + PROXIMITYPLUS DWELL TIME TARGETING TO HOMEGOODS VISITORS MOB/TAB APP_Run of Network_Behavioral_F25-54_1280 x 720_Standard_NV_NA,205859075,9/25/2017,1,0,1,0,1,0,1,1,0,0,0,1
TJN_HOM_030_HomeGoods 2H Digital_F18,xAd Inc.,PJQ7MH_TJN_HOM_030_Mobile_GROUND TRUTH FKA XAD_DST_SV1_MAP_DIR_DSP_TRG_RON_PXT_BTG_DVY_PROXIMITY LOYALTY - DYNAMIC DISTANCE_Run of Network_Geo_F25-54_300 x 250_Click and View_NV_NA,204675003,10/22/2017,15888,562,15326,15324,2,0,2,1,1,15324,7661,7662
TJN_HOM_030_HomeGoods 2H Digital_F18,NinthDecimal,PJQ7N6_TJN_HOM_030_Mobile_NINTHDECIMAL_DST_SV1_MAP_DIR_RCH_TRG_RON_PXT_DMA_DVY_GEOFENCE: 5-10-MILE RADIUS AROUND SUBURBAN STORES_Run of Network_Geo_F25-54_320 x 50_Click and View_NV_NA,204646507,9/16/2017,10113,279,9834,3306,6528,24,6504,6367,137,3330,3260,9627
TJN_HOM_025_HomeGoods Digital Video_Q4FY18,Tremor Video Inc.,PK6DYV_TJN_HOM_025_OLV_TREMOR NETWORK_AWR_BS1_MAP_DIR_VID_TRG_RON_PXT_CTG_DVY_ALL SCREEN PREROLL + PROXIMITYPLUS DWELL TIME TARGETING TO HOMEGOODS VISITORS MOB/TAB APP_Run of Network_Behavioral_F25-54_1280 x 720_Standard_NV_NA,205859075,11/6/2017,89640,72,89568,89568,0,0,0,0,0,89568,19459,19459
TJN_HOM_030_HomeGoods 2H Digital_F18,NinthDecimal,PJQ7N8_TJN_HOM_030_Mobile_NINTHDECIMAL_DST_SV1_MAP_DIR_RCH_TRG_RON_BTG_PXT_DVY_LOCATION GRAPH: HOMEGOODS LOYALISTS_Run of Network_Behavioral_F25-54_320 x 50_Click and View_NV_NA,204675012,9/11/2017,9259,264,8995,2199,6796,30,6766,6577,189,2229,2167,8744
TJN_HOM_030_HomeGoods 2H Digital_F18,NinthDecimal,PJQ7N7_TJN_HOM_030_Mobile_NINTHDECIMAL_DST_SV1_MAP_DIR_RCH_TRG_RON_PXT_DMA_DVY_GEOFENCE: 15-20-MILE RADIUS AROUND RURAL STORES_Run of Network_Geo_F25-54_320 x 50_Click and View_NV_NA,204674556,10/17/2017,8734,183,8551,5184,3367,72,3295,3230,65,5256,5152,8382
TJN_HOM_025_HomeGoods Digital Video_Q4FY18,Tremor Video Inc.,PK6DYV_TJN_HOM_025_OLV_TREMOR NETWORK_AWR_BS1_MAP_DIR_VID_TRG_RON_PXT_CTG_DVY_ALL SCREEN PREROLL + PROXIMITYPLUS DWELL TIME TARGETING TO HOMEGOODS VISITORS MOB/TAB APP_Run of Network_Behavioral_F25-54_1280 x 720_Standard_NV_NA,205859075,11/4/2017,242078,311,241767,241763,4,0,4,4,0,241763,241763,241767
TJN_HOM_008_HomeGoods Summer Digital_FY18,Hulu,PHG79G_TJN_HOM_008_FEP_HULU_ROS Pre-roll_CROSS DEVICE_PRE-ROLL_VIDEO_1920X1080_VAST_AUDIENCE_N/A_N/A_3RD PARTY_N/A_Run of Site_Demo_F25-54_1920 x 1080_Standard_NV_NA,201466946,8/21/2017,16197,109,16088,16088,0,0,0,0,0,16088,14872,14872
TJN_HOM_013_HomeGoods FEP_Q3FY18,Discovery Digital Media,PHWLS7_TJN_HOM_013_Content_DISCOVERY NETWORKS_Full Episode Video Mobile Web_30s_FEP_Contextual_F25-54_1920 x 1080_Standard_NV_NA,201895019,8/26/2017,905,1,904,904,0,0,0,0,0,904,,
TJN_HOM_008_HomeGoods Summer Digital_FY18,xAd Inc.,PHHXGT_TJN_HOM_008_Mobile_XAD INC_CHILD_CONQUESTING_MOBILE APP_STANDARD_DISPLAY_320X50_GEO-FENCING_Run of Network_Geo_F25-54_320 x 50_Click and View_NV_NA,200573066,8/17/2017,104951,1439,103512,59713,43799,651,43148,38685,4463,60364,54120,92805
TJN_HOM_013_HomeGoods FEP_Q3FY18,Discovery Digital Media,PHWLS9_TJN_HOM_013_Content_DISCOVERY NETWORKS_Full Episode Video OTT/CTV_30s_FEP_Contextual_F25-54_1920 x 1080_Standard_NV_NA,201891428,8/8/2017,18341,44,18297,18297,0,0,0,0,0,18297,,
TJN_HOM_013_HomeGoods FEP_Q3FY18,Scripps Networks,PHNKCR_TJN_HOM_013_FEP_SCRIPPSNETWORKS.COM_On-site_Crossplatform_FEP_Demo_F25-54_1280 x 720_Standard_NV_NA,201888442,8/3/2017,2417,11,2406,2406,0,0,0,0,0,2406,,
TJN_HOM_008_HomeGoods Summer Digital_FY18,Hulu,PHG79K_TJN_HOM_008_FEP_HULU_Summer TV Pre-roll_SPONSORSHIP_CROSS DEVICE_PRE-ROLL_VIDEO_1920X1080_VAST_N/A_N/A_N/A_3RD PARTY_N/A_Roadblock_Demo_F25-54_1920 x 1080_Standard_NV_NA,201466499,7/29/2017,142916,1369,141547,141547,0,0,0,0,0,141547,126340,126340
TJN_HOM_030_HomeGoods 2H Digital_F18,NinthDecimal,PJQ7N7_TJN_HOM_030_Mobile_NINTHDECIMAL_DST_SV1_MAP_DIR_RCH_TRG_RON_PXT_DMA_DVY_GEOFENCE: 15-20-MILE RADIUS AROUND RURAL STORES_Run of Network_Geo_F25-54_320 x 50_Click and View_NV_NA,204674556,10/24/2017,11949,193,11756,6937,4819,201,4618,4497,121,7138,6951,11448
TJN_HOM_030_HomeGoods 2H Digital_F18,NinthDecimal,PJQ7NJ_TJN_HOM_030_Mobile_NINTHDECIMAL_DST_SV1_MAP_DIR_RCH_TRG_RON_BTG_DMA_DVY_CONSUMER JOURNEY: BARGAIN HUNTERS_Run of Network_Behavioral_F25-54_320 x 50_Click and View_NV_NA,204644353,9/22/2017,9368,213,9155,3189,5966,40,5926,5777,149,3229,3148,8925
TJN_HOM_008_HomeGoods Summer Digital_FY18,Hulu,PHG79N_TJN_HOM_008_FEP_HULU_Masthead_SPONSORSHIP_CROSS DEVICE_CUSTOM_VIDEO_1X1_1X1_N/A_N/A_N/A_SITE_N/A_Roadblock_Demo_F25-54_1 x 1_Click and View_NV_NA,201462657,8/16/2017,103294,934,102360,102360,0,0,0,0,0,102360,91341,91341
TJN_HOM_030_HomeGoods 2H Digital_F18,xAd Inc.,PJQ7MS_TJN_HOM_030_Mobile_GROUND TRUTH FKA XAD_DST_SV1_MAP_DIR_DSP_TRG_RON_DMA_PXT_DVY_AV DMA TARGETING_Run of Network_Geo_F25-54_300 x 250_Click and View_NV_NA,204646501,9/24/2017,8487,131,8356,4853,3503,1441,2062,1708,354,6294,5179,6887
TJN_HOM_013_HomeGoods FEP_Q3FY18,Discovery Digital Media,PHWLS6_TJN_HOM_013_Content_DISCOVERY NETWORKS_Full Episode Video Mobile App_30s_FEP_Contextual_F25-54_1920 x 1080_Standard_NV_NA,201891425,7/28/2017,21292,142,21150,21150,0,0,0,0,0,21150,,
TJN_HOM_030_HomeGoods 2H Digital_F18,xAd Inc.,PJQ7MN_TJN_HOM_030_Mobile_GROUND TRUTH FKA XAD_DST_SV1_MAP_DIR_DSP_TRG_RON_MKT_DMA_DVY_LOCATION - HOMEGOODS SHOPPERS - DYNAMIC DISTANCE_Run of Network_Geo_F25-54_320 x 50_Click and View_NV_NA,204651439,10/16/2017,5807,47,5760,3711,2049,65,1984,1761,223,3776,3296,5057
TJN_HOM_030_HomeGoods 2H Digital_F18,NinthDecimal,PJQ7NJ_TJN_HOM_030_Mobile_NINTHDECIMAL_DST_SV1_MAP_DIR_RCH_TRG_RON_BTG_DMA_DVY_CONSUMER JOURNEY: BARGAIN HUNTERS_Run of Network_Behavioral_F25-54_320 x 50_Click and View_NV_NA,204644353,10/23/2017,9656,149,9507,4218,5289,44,5245,5085,160,4262,4132,9217
TJN_HOM_008_HomeGoods Summer Digital_FY18,xAd Inc.,PHHXGZ_TJN_HOM_008_Mobile_XAD INC_CHILD_LOYALTY_MOBILE APP_CUSTOM_RICH MEDIA_300X250_GEO-FENCING_Run of Network_Geo_F25-54_300 x 250_Click and View_NV_NA,200577158,7/17/2017,8441,191,8250,7817,433,6,427,323,104,7823,5918,6241
TJN_HOM_030_HomeGoods 2H Digital_F18,NinthDecimal,PJQ7N6_TJN_HOM_030_Mobile_NINTHDECIMAL_DST_SV1_MAP_DIR_RCH_TRG_RON_PXT_DMA_DVY_GEOFENCE: 5-10-MILE RADIUS AROUND SUBURBAN STORES_Run of Network_Geo_F25-54_320 x 50_Click and View_NV_NA,204646507,10/13/2017,8997,205,8792,5640,3152,25,3127,3047,80,5665,5520,8567
TJN_HOM_030_HomeGoods 2H Digital_F18,NinthDecimal,PJQ7N6_TJN_HOM_030_Mobile_NINTHDECIMAL_DST_SV1_MAP_DIR_RCH_TRG_RON_PXT_DMA_DVY_GEOFENCE: 5-10-MILE RADIUS AROUND SUBURBAN STORES_Run of Network_Geo_F25-54_320 x 50_Click and View_NV_NA,204646507,9/13/2017,12295,340,11955,3058,8897,25,8872,8740,132,3083,3037,11777
TJN_HOM_030_HomeGoods 2H Digital_F18,NinthDecimal,PJQ7N6_TJN_HOM_030_Mobile_NINTHDECIMAL_DST_SV1_MAP_DIR_RCH_TRG_RON_PXT_DMA_DVY_GEOFENCE: 5-10-MILE RADIUS AROUND SUBURBAN STORES_Run of Network_Geo_F25-54_320 x 50_Click and View_NV_NA,204646507,11/13/2017,87,0,87,6,81,1,80,79,1,7,7,86
TJN_HOM_008_HomeGoods Summer Digital_FY18,Hulu,PHG79N_TJN_HOM_008_FEP_HULU_Masthead_SPONSORSHIP_CROSS DEVICE_CUSTOM_VIDEO_1X1_1X1_N/A_N/A_N/A_SITE_N/A_Roadblock_Demo_F25-54_1 x 1_Click and View_NV_NA,201462657,9/10/2017,2,0,2,2,0,0,0,0,0,2,2,2
TJN_HOM_030_HomeGoods 2H Digital_F18,NinthDecimal,PJQ7N9_TJN_HOM_030_Mobile_NINTHDECIMAL_DST_SV1_MAP_DIR_RCH_TRG_RON_BTG_PXT_DVY_LOCATION GRAPH: TJX FAMILY LOYALISTS_Run of Network_Behavioral_F25-54_320 x 50_Click and View_NV_NA,204647917,9/15/2017,4800,63,4737,1285,3452,10,3442,3323,119,1295,1250,4573
TJN_HOM_030_HomeGoods 2H Digital_F18,NinthDecimal,PJQ7N8_TJN_HOM_030_Mobile_NINTHDECIMAL_DST_SV1_MAP_DIR_RCH_TRG_RON_BTG_PXT_DVY_LOCATION GRAPH: HOMEGOODS LOYALISTS_Run of Network_Behavioral_F25-54_320 x 50_Click and View_NV_NA,204675012,10/19/2017,13412,158,13254,4110,9144,43,9101,8725,376,4153,3981,12706
TJN_HOM_008_HomeGoods Summer Digital_FY18,Hulu,PHG79K_TJN_HOM_008_FEP_HULU_Summer TV Pre-roll_SPONSORSHIP_CROSS DEVICE_PRE-ROLL_VIDEO_1920X1080_VAST_N/A_N/A_N/A_3RD PARTY_N/A_Roadblock_Demo_F25-54_1920 x 1080_Standard_NV_NA,201466499,8/1/2017,143262,1447,141815,141815,0,0,0,0,0,141815,135216,135216
TJN_HOM_013_HomeGoods FEP_Q3FY18,Scripps Networks,PHNKCR_TJN_HOM_013_FEP_SCRIPPSNETWORKS.COM_On-site_Crossplatform_FEP_Demo_F25-54_1280 x 720_Standard_NV_NA,201888442,8/7/2017,5837,21,5816,5816,0,0,0,0,0,5816,,
TJN_HOM_030_HomeGoods 2H Digital_F18,NinthDecimal,PJQ7NJ_TJN_HOM_030_Mobile_NINTHDECIMAL_DST_SV1_MAP_DIR_RCH_TRG_RON_BTG_DMA_DVY_CONSUMER JOURNEY: BARGAIN HUNTERS_Run of Network_Behavioral_F25-54_320 x 50_Click and View_NV_NA,204644353,9/24/2017,9060,150,8910,2785,6125,32,6093,5935,158,2817,2744,8679
TJN_HOM_030_HomeGoods 2H Digital_F18,xAd Inc.,PJQ7MS_TJN_HOM_030_Mobile_GROUND TRUTH FKA XAD_DST_SV1_MAP_DIR_DSP_TRG_RON_DMA_PXT_DVY_AV DMA TARGETING_Run of Network_Geo_F25-54_300 x 250_Click and View_NV_NA,204646501,9/22/2017,8478,141,8337,4523,3814,2759,1055,828,227,7282,5665,6493
TJN_HOM_030_HomeGoods 2H Digital_F18,NinthDecimal,PJQ7N7_TJN_HOM_030_Mobile_NINTHDECIMAL_DST_SV1_MAP_DIR_RCH_TRG_RON_PXT_DMA_DVY_GEOFENCE: 15-20-MILE RADIUS AROUND RURAL STORES_Run of Network_Geo_F25-54_320 x 50_Click and View_NV_NA,204674556,10/5/2017,6434,158,6276,4301,1975,15,1960,1914,46,4316,4215,6129
TJN_HOM_008_HomeGoods Summer Digital_FY18,xAd Inc.,PHHXGV_TJN_HOM_008_Mobile_XAD INC_CHILD_CONQUESTING_MOBILE APP_STANDARD_DISPLAY_300X250_GEO-FENCING_Run of Network_Geo_F25-54_300 x 250_Click and View_NV_NA,200573063,9/3/2017,44175,1761,42414,469,41945,41943,2,2,0,42412,42409,42411
TJN_HOM_030_HomeGoods 2H Digital_F18,xAd Inc.,PJQ7ML_TJN_HOM_030_Mobile_GROUND TRUTH FKA XAD_DST_SV1_MAP_DIR_DSP_TRG_RON_BTG_DMA_DVY_BEHAVIORAL - HOME SHOPPER - DYNAMIC DISTANCE_Run of Network_Behavioral_F25-54_320 x 50_Click and View_NV_NA,204626174,9/9/2017,19166,280,18886,6471,12415,8679,3736,2992,744,15150,11851,14843
TJN_HOM_030_HomeGoods 2H Digital_F18,xAd Inc.,PJQ7MS_TJN_HOM_030_Mobile_GROUND TRUTH FKA XAD_DST_SV1_MAP_DIR_DSP_TRG_RON_DMA_PXT_DVY_AV DMA TARGETING_Run of Network_Geo_F25-54_300 x 250_Click and View_NV_NA,204646501,10/23/2017,2701,96,2605,1619,986,25,961,633,328,1644,1083,1716
TJN_HOM_030_HomeGoods 2H Digital_F18,xAd Inc.,PJQ7ML_TJN_HOM_030_Mobile_GROUND TRUTH FKA XAD_DST_SV1_MAP_DIR_DSP_TRG_RON_BTG_DMA_DVY_BEHAVIORAL - HOME SHOPPER - DYNAMIC DISTANCE_Run of Network_Behavioral_F25-54_320 x 50_Click and View_NV_NA,204626174,10/21/2017,5206,86,5120,3227,1893,65,1828,857,971,3292,1543,2400
TJN_HOM_030_HomeGoods 2H Digital_F18,NinthDecimal,PJQ7N6_TJN_HOM_030_Mobile_NINTHDECIMAL_DST_SV1_MAP_DIR_RCH_TRG_RON_PXT_DMA_DVY_GEOFENCE: 5-10-MILE RADIUS AROUND SUBURBAN STORES_Run of Network_Geo_F25-54_320 x 50_Click and View_NV_NA,204646507,9/19/2017,26449,700,25749,12678,13071,94,12977,12577,400,12772,12378,24955
TJN_HOM_030_HomeGoods 2H Digital_F18,NinthDecimal,PJQ7N7_TJN_HOM_030_Mobile_NINTHDECIMAL_DST_SV1_MAP_DIR_RCH_TRG_RON_PXT_DMA_DVY_GEOFENCE: 15-20-MILE RADIUS AROUND RURAL STORES_Run of Network_Geo_F25-54_320 x 50_Click and View_NV_NA,204674556,11/10/2017,23897,464,23433,2151,21282,88,21194,20699,495,2239,2187,22886
TJN_HOM_030_HomeGoods 2H Digital_F18,xAd Inc.,PJQ7MP_TJN_HOM_030_Mobile_GROUND TRUTH FKA XAD_DST_SV1_MAP_DIR_DSP_TRG_RON_MKT_DMA_DVY_LOCATION - HOMEGOODS SHOPPERS - DYNAMIC DISTANCE_Run of Network_Geo_F25-54_300 x 250_Click and View_NV_NA,204647878,10/18/2017,7139,307,6832,6832,0,0,0,0,0,6832,6326,6326
TJN_HOM_030_HomeGoods 2H Digital_F18,xAd Inc.,PJQ7MH_TJN_HOM_030_Mobile_GROUND TRUTH FKA XAD_DST_SV1_MAP_DIR_DSP_TRG_RON_PXT_BTG_DVY_PROXIMITY LOYALTY - DYNAMIC DISTANCE_Run of Network_Geo_F25-54_300 x 250_Click and View_NV_NA,204675003,9/4/2017,1,0,1,0,1,0,1,1,0,0,0,1
TJN_HOM_008_HomeGoods Summer Digital_FY18,NinthDecimal,PHHXGQ_TJN_HOM_008_Mobile_NINTHDECIMAL_CHILD_PET OWNERS RETENTION_MOBILE APP_CUSTOM_DISPLAY_320X50_Run of Network_Behavioral_F25-54_320 x 50_Click and View_NV_NA,200578886,8/23/2017,3817,69,3748,530,3218,23,3195,2917,278,553,505,3422
TJN_HOM_008_HomeGoods Summer Digital_FY18,Hulu,PHG79J_TJN_HOM_008_FEP_HULU_Branded Slate_ROS_CROSS DEVICE_PRE-ROLL_CUSTOM_VECTOR LOGO_1X1_AUDIENCE_N/A_N/A_SITE_N/A_Run of Site_Demo_F25-54_1 x 1_Click and View_NV_NA,201467345,9/20/2017,2209,16,2193,2193,0,0,0,0,0,2193,1956,1956
TJN_HOM_008_HomeGoods Summer Digital_FY18,NinthDecimal,PHHXGK_TJN_HOM_008_Mobile_NINTHDECIMAL_CHILD_PROSPECTING_MOBILE APP_CUSTOM_DISPLAY_320X50_Run of Network_Behavioral_F25-54_320 x 50_Click and View_NV_NA,200587954,7/17/2017,107167,1310,105857,30971,74886,421,74465,70885,3580,31392,29883,100768
TJN_HOM_030_HomeGoods 2H Digital_F18,NinthDecimal,PJQ7NH_TJN_HOM_030_Mobile_NINTHDECIMAL_DST_SV1_MAP_DIR_RCH_TRG_RON_BTG_DMA_DVY_CONSUMER JOURNEY: PET SUPPLY SHOPPERS_Run of Network_Behavioral_F25-54_320 x 50_Click and View_NV_NA,204647914,10/28/2017,14975,146,14829,537,14292,57,14235,13745,490,594,574,14319
TJN_HOM_013_HomeGoods FEP_Q3FY18,Discovery Digital Media,PHWLS5_TJN_HOM_013_Content_DISCOVERY NETWORKS_Full Episode Video Desktop_30s_FEP_Contextual_F25-54_1920 x 1080_Standard_NV_NA,201895013,7/24/2017,3281,92,3189,3189,0,0,0,0,0,3189,,
TJN_HOM_030_HomeGoods 2H Digital_F18,xAd Inc.,PJQ7ML_TJN_HOM_030_Mobile_GROUND TRUTH FKA XAD_DST_SV1_MAP_DIR_DSP_TRG_RON_BTG_DMA_DVY_BEHAVIORAL - HOME SHOPPER - DYNAMIC DISTANCE_Run of Network_Behavioral_F25-54_320 x 50_Click and View_NV_NA,204626174,11/5/2017,2,1,1,1,0,0,0,0,0,1,0,0
TJN_HOM_025_HomeGoods Digital Video_Q4FY18,Tremor Video Inc.,PK1FYM_TJN_HOM_025_OLV_TREMOR NETWORK_AWR_BS1_DSK_DIR_VID_TRG_RON_BTG_CTG_DVY_ALL SCREEN PREROLL + SOCIAL AFFINITY TARGETING TO W25-54 HOME ENTHUSIASTS DESKTOP_Run of Network_Behavioral_F25-54_1280 x 720_Standard_NV_NA,205941870,10/28/2017,128189,157,128032,107578,20454,356,20098,10203,9895,107934,54794,64997
TJN_HOM_030_HomeGoods 2H Digital_F18,xAd Inc.,PJQ7MQ_TJN_HOM_030_Mobile_GROUND TRUTH FKA XAD_DST_SV1_MAP_DIR_DSP_TRG_RON_MKT_DMA_DVY_LOCATION - COMPETITOR SHOPPERS - DYNAMIC DISTANCE_Run of Network_Geo_F25-54_320 x 50_Click and View_NV_NA,204617210,10/28/2017,6826,88,6738,5494,1244,133,1111,402,709,5627,2024,2426
TJN_HOM_008_HomeGoods Summer Digital_FY18,Hulu,PHG79P_TJN_HOM_008_FEP_HULU_PageBrand_SPONSORSHIP_CROSS DEVICE_CUSTOM_VIDEO_1X1_1X1_N/A_N/A_N/A_SITE_N/A_Roadblock_Demo_F25-54_1 x 1_Click and View_NV_NA,201464250,8/14/2017,3,0,3,3,0,0,0,0,0,3,3,3
TJN_HOM_030_HomeGoods 2H Digital_F18,NinthDecimal,"PJQ7NK_TJN_HOM_030_Mobile_NINTHDECIMAL_DST_SV1_MAP_DIR_RCH_TRG_RON_BTG_DMA_DVY_TV TARGETING: HGTV, DIY NETWORK, BRAVO, TLC, FOOD NETWORK_Run of Network_Behavioral_F25-54_320 x 50_Click and View_NV_NA",204674553,10/31/2017,7285,119,7166,915,6251,18,6233,6063,170,933,908,6971
TJN_HOM_030_HomeGoods 2H Digital_F18,NinthDecimal,PJQ7NC_TJN_HOM_030_Mobile_NINTHDECIMAL_DST_SV1_MAP_DIR_RCH_TRG_RON_BTG_DMA_DVY_CONSUMER JOURNEY: DIYERS_Run of Network_Behavioral_F25-54_320 x 50_Click and View_NV_NA,204675009,10/26/2017,6749,124,6625,463,6162,73,6089,5907,182,536,520,6427
TJN_HOM_008_HomeGoods Summer Digital_FY18,NinthDecimal,PHHXGL_TJN_HOM_008_Mobile_NINTHDECIMAL_CHILD_RETENTION_MOBILE APP_CUSTOM_DISPLAY_320X50_Run of Network_Behavioral_F25-54_320 x 50_Click and View_NV_NA,200585092,8/16/2017,15958,118,15840,2180,13660,81,13579,13180,399,2261,2195,15375
TJN_HOM_030_HomeGoods 2H Digital_F18,NinthDecimal,PJQ7ND_TJN_HOM_030_Mobile_NINTHDECIMAL_DST_SV1_MAP_DIR_RCH_TRG_RON_BTG_DMA_DVY_CONSUMER JOURNEY: HOUSEHOLD CEO_Run of Network_Behavioral_F25-54_320 x 50_Click and View_NV_NA,204626294,9/30/2017,25140,300,24840,9434,15406,55,15351,14932,419,9489,9230,24162
TJN_HOM_030_HomeGoods 2H Digital_F18,NinthDecimal,PJQ7N9_TJN_HOM_030_Mobile_NINTHDECIMAL_DST_SV1_MAP_DIR_RCH_TRG_RON_BTG_PXT_DVY_LOCATION GRAPH: TJX FAMILY LOYALISTS_Run of Network_Behavioral_F25-54_320 x 50_Click and View_NV_NA,204647917,9/1/2017,3,0,3,2,1,1,0,0,0,3,3,3
TJN_HOM_013_HomeGoods FEP_Q3FY18,Scripps Networks,PHNKCR_TJN_HOM_013_FEP_SCRIPPSNETWORKS.COM_On-site_Crossplatform_FEP_Demo_F25-54_1280 x 720_Standard_NV_NA,201888442,8/31/2017,2075,19,2056,2056,0,0,0,0,0,2056,,
TJN_HOM_025_HomeGoods Digital Video_Q4FY18,Tremor Video Inc.,PK6DY1_TJN_HOM_025_OLV_TREMOR NETWORK_AWR_BS1_CTV_DIR_VID_TRG_RON_BTG_CTG_DVY_ALL SCREEN PREROLL + SOCIAL AFFINITY TARGETING TO W25-54 HOME ENTHUSIASTS CTV_Run of Network_Behavioral_F25-54_1280 x 720_Standard_NV_NA,205941318,10/28/2017,203667,1,203666,203666,0,0,0,0,0,203666,107892,107892
TJN_HOM_030_HomeGoods 2H Digital_F18,NinthDecimal,PJQ7ND_TJN_HOM_030_Mobile_NINTHDECIMAL_DST_SV1_MAP_DIR_RCH_TRG_RON_BTG_DMA_DVY_CONSUMER JOURNEY: HOUSEHOLD CEO_Run of Network_Behavioral_F25-54_320 x 50_Click and View_NV_NA,204626294,10/31/2017,3966,59,3907,1590,2317,10,2307,2254,53,1600,1563,3817
TJN_HOM_030_HomeGoods 2H Digital_F18,NinthDecimal,"PJQ7NK_TJN_HOM_030_Mobile_NINTHDECIMAL_DST_SV1_MAP_DIR_RCH_TRG_RON_BTG_DMA_DVY_TV TARGETING: HGTV, DIY NETWORK, BRAVO, TLC, FOOD NETWORK_Run of Network_Behavioral_F25-54_320 x 50_Click and View_NV_NA",204674553,9/30/2017,9471,146,9325,3100,6225,33,6192,6034,158,3133,3053,9087
TJN_HOM_030_HomeGoods 2H Digital_F18,xAd Inc.,PJQ7MQ_TJN_HOM_030_Mobile_GROUND TRUTH FKA XAD_DST_SV1_MAP_DIR_DSP_TRG_RON_MKT_DMA_DVY_LOCATION - COMPETITOR SHOPPERS - DYNAMIC DISTANCE_Run of Network_Geo_F25-54_320 x 50_Click and View_NV_NA,204617210,10/7/2017,6928,88,6840,5582,1258,97,1161,989,172,5679,4729,5718
TJN_HOM_025_HomeGoods Digital Video_Q4FY18,Tremor Video Inc.,PK6DWD_TJN_HOM_025_OLV_TREMOR NETWORK_AWR_BS1_MAP_DIR_VID_TRG_RON_BTG_CTG_DVY_ALL SCREEN PREROLL + SOCIAL AFFINITY TARGETING TO W25-54 HOME ENTHUSIASTS MOB/TAB APP_Run of Network_Behavioral_F25-54_1280 x 720_Standard_NV_NA,205941321,10/11/2017,764,2,762,569,193,0,193,166,27,569,489,655
TJN_HOM_008_HomeGoods Summer Digital_FY18,xAd Inc.,PHHXGR_TJN_HOM_008_Mobile_XAD INC_CHILD_LOYALTY_MOBILE APP_STANDARD_DISPLAY_320X50_GEO-FENCING_Run of Network_Geo_F25-54_320 x 50_Click and View_NV_NA,200587518,8/28/2017,39716,615,39101,16992,22109,158,21951,21745,206,17150,16989,38734
TJN_HOM_030_HomeGoods 2H Digital_F18,xAd Inc.,PJQ7MJ_TJN_HOM_030_Mobile_GROUND TRUTH FKA XAD_DST_SV1_MAP_DIR_DSP_TRG_RON_PXT_BTG_DVY_PROXIMITY LOYALTY - STORE LOCATOR UNIT_Run of Network_Geo_F25-54_320 x 50_Click and View_NV_NA,204649939,10/8/2017,16404,390,16014,7681,8333,89,8244,7569,675,7770,7134,14703
TJN_HOM_025_HomeGoods Digital Video_Q4FY18,Tremor Video Inc.,PK1FYM_TJN_HOM_025_OLV_TREMOR NETWORK_AWR_BS1_DSK_DIR_VID_TRG_RON_BTG_CTG_DVY_ALL SCREEN PREROLL + SOCIAL AFFINITY TARGETING TO W25-54 HOME ENTHUSIASTS DESKTOP_Run of Network_Behavioral_F25-54_1280 x 720_Standard_NV_NA,205941870,10/7/2017,253183,92,253091,80822,172269,1844,170425,23196,147229,82666,11251,34447
TJN_HOM_030_HomeGoods 2H Digital_F18,xAd Inc.,PJQ7MS_TJN_HOM_030_Mobile_GROUND TRUTH FKA XAD_DST_SV1_MAP_DIR_DSP_TRG_RON_DMA_PXT_DVY_AV DMA TARGETING_Run of Network_Geo_F25-54_300 x 250_Click and View_NV_NA,204646501,10/16/2017,2449,37,2412,1648,764,13,751,604,147,1661,1336,1940
TJN_HOM_008_HomeGoods Summer Digital_FY18,xAd Inc.,PHHXGS_TJN_HOM_008_Mobile_XAD INC_CHILD_LOYALTY_MOBILE APP_STANDARD_DISPLAY_300X250_GEO-FENCING_Run of Network_Geo_F25-54_300 x 250_Click and View_NV_NA,200583064,8/11/2017,16719,15626,1093,115,978,607,371,344,27,722,669,1013
TJN_HOM_008_HomeGoods Summer Digital_FY18,NinthDecimal,PHHXGQ_TJN_HOM_008_Mobile_NINTHDECIMAL_CHILD_PET OWNERS RETENTION_MOBILE APP_CUSTOM_DISPLAY_320X50_Run of Network_Behavioral_F25-54_320 x 50_Click and View_NV_NA,200578886,7/23/2017,1466,36,1430,248,1182,6,1176,1105,71,254,239,1344
TJN_HOM_008_HomeGoods Summer Digital_FY18,xAd Inc.,PHHXGY_TJN_HOM_008_Mobile_XAD INC_CHILD_LOYALTY_MOBILE APP_CUSTOM_RICH MEDIA_320X50_GEO-FENCING_Run of Network_Geo_F25-54_320 x 50_Click and View_NV_NA,200584630,9/3/2017,22870,121,22749,10655,12094,34,12060,12045,15,10689,10676,22721
TJN_HOM_030_HomeGoods 2H Digital_F18,xAd Inc.,PJQ7MH_TJN_HOM_030_Mobile_GROUND TRUTH FKA XAD_DST_SV1_MAP_DIR_DSP_TRG_RON_PXT_BTG_DVY_PROXIMITY LOYALTY - DYNAMIC DISTANCE_Run of Network_Geo_F25-54_300 x 250_Click and View_NV_NA,204675003,10/12/2017,27326,926,26400,26399,1,0,1,1,0,26399,26399,26400
TJN_HOM_013_HomeGoods FEP_Q3FY18,Discovery Digital Media,PHWLS7_TJN_HOM_013_Content_DISCOVERY NETWORKS_Full Episode Video Mobile Web_30s_FEP_Contextual_F25-54_1920 x 1080_Standard_NV_NA,201895019,8/5/2017,950,11,939,939,0,0,0,0,0,939,,
TJN_HOM_013_HomeGoods FEP_Q3FY18,Discovery Digital Media,PHWLS8_TJN_HOM_013_Content_DISCOVERY NETWORKS_Full Episode Video Tablet Web_30s_FEP_Contextual_F25-54_1920 x 1080_Standard_NV_NA,201899695,8/6/2017,927,33,894,894,0,0,0,0,0,894,,
TJN_HOM_030_HomeGoods 2H Digital_F18,NinthDecimal,PJQ7NH_TJN_HOM_030_Mobile_NINTHDECIMAL_DST_SV1_MAP_DIR_RCH_TRG_RON_BTG_DMA_DVY_CONSUMER JOURNEY: PET SUPPLY SHOPPERS_Run of Network_Behavioral_F25-54_320 x 50_Click and View_NV_NA,204647914,10/7/2017,9864,198,9666,5702,3964,39,3925,3797,128,5741,5554,9351
TJN_HOM_030_HomeGoods 2H Digital_F18,NinthDecimal,PJQ7N8_TJN_HOM_030_Mobile_NINTHDECIMAL_DST_SV1_MAP_DIR_RCH_TRG_RON_BTG_PXT_DVY_LOCATION GRAPH: HOMEGOODS LOYALISTS_Run of Network_Behavioral_F25-54_320 x 50_Click and View_NV_NA,204675012,9/23/2017,4790,55,4735,1237,3498,10,3488,3392,96,1247,1213,4605
TJN_HOM_030_HomeGoods 2H Digital_F18,xAd Inc.,PJQ7MN_TJN_HOM_030_Mobile_GROUND TRUTH FKA XAD_DST_SV1_MAP_DIR_DSP_TRG_RON_MKT_DMA_DVY_LOCATION - HOMEGOODS SHOPPERS - DYNAMIC DISTANCE_Run of Network_Geo_F25-54_320 x 50_Click and View_NV_NA,204651439,9/24/2017,8758,121,8637,7147,1490,297,1193,1143,50,7444,6736,7879
TJN_HOM_030_HomeGoods 2H Digital_F18,NinthDecimal,PJQ7N8_TJN_HOM_030_Mobile_NINTHDECIMAL_DST_SV1_MAP_DIR_RCH_TRG_RON_BTG_PXT_DVY_LOCATION GRAPH: HOMEGOODS LOYALISTS_Run of Network_Behavioral_F25-54_320 x 50_Click and View_NV_NA,204675012,10/2/2017,13463,145,13318,5505,7813,40,7773,7482,291,5545,5337,12819
TJN_HOM_013_HomeGoods FEP_Q3FY18,Discovery Digital Media,PHWLS9_TJN_HOM_013_Content_DISCOVERY NETWORKS_Full Episode Video OTT/CTV_30s_FEP_Contextual_F25-54_1920 x 1080_Standard_NV_NA,201891428,9/20/2017,10143,8,10135,10135,0,0,0,0,0,10135,,
TJN_HOM_030_HomeGoods 2H Digital_F18,NinthDecimal,PJQ7NJ_TJN_HOM_030_Mobile_NINTHDECIMAL_DST_SV1_MAP_DIR_RCH_TRG_RON_BTG_DMA_DVY_CONSUMER JOURNEY: BARGAIN HUNTERS_Run of Network_Behavioral_F25-54_320 x 50_Click and View_NV_NA,204644353,10/16/2017,9705,150,9555,4679,4876,42,4834,4668,166,4721,4559,9227
TJN_HOM_013_HomeGoods FEP_Q3FY18,Discovery Digital Media,PHWLS7_TJN_HOM_013_Content_DISCOVERY NETWORKS_Full Episode Video Mobile Web_30s_FEP_Contextual_F25-54_1920 x 1080_Standard_NV_NA,201895019,8/18/2017,920,3,917,917,0,0,0,0,0,917,,
TJN_HOM_013_HomeGoods FEP_Q3FY18,Discovery Digital Media,PHWLS6_TJN_HOM_013_Content_DISCOVERY NETWORKS_Full Episode Video Mobile App_30s_FEP_Contextual_F25-54_1920 x 1080_Standard_NV_NA,201891425,9/15/2017,8853,120,8733,8733,0,0,0,0,0,8733,,
TJN_HOM_030_HomeGoods 2H Digital_F18,xAd Inc.,PJQ7MJ_TJN_HOM_030_Mobile_GROUND TRUTH FKA XAD_DST_SV1_MAP_DIR_DSP_TRG_RON_PXT_BTG_DVY_PROXIMITY LOYALTY - STORE LOCATOR UNIT_Run of Network_Geo_F25-54_320 x 50_Click and View_NV_NA,204649939,10/29/2017,16785,411,16374,7675,8699,149,8550,8430,120,7824,7714,16144
TJN_HOM_030_HomeGoods 2H Digital_F18,xAd Inc.,PJQ7MN_TJN_HOM_030_Mobile_GROUND TRUTH FKA XAD_DST_SV1_MAP_DIR_DSP_TRG_RON_MKT_DMA_DVY_LOCATION - HOMEGOODS SHOPPERS - DYNAMIC DISTANCE_Run of Network_Geo_F25-54_320 x 50_Click and View_NV_NA,204651439,10/23/2017,4469,39,4430,3988,442,40,402,363,39,4028,3431,3794
TJN_HOM_013_HomeGoods FEP_Q3FY18,Discovery Digital Media,PHWLS5_TJN_HOM_013_Content_DISCOVERY NETWORKS_Full Episode Video Desktop_30s_FEP_Contextual_F25-54_1920 x 1080_Standard_NV_NA,201895013,9/18/2017,3428,110,3318,3318,0,0,0,0,0,3318,,
TJN_HOM_030_HomeGoods 2H Digital_F18,NinthDecimal,PJQ7N8_TJN_HOM_030_Mobile_NINTHDECIMAL_DST_SV1_MAP_DIR_RCH_TRG_RON_BTG_PXT_DVY_LOCATION GRAPH: HOMEGOODS LOYALISTS_Run of Network_Behavioral_F25-54_320 x 50_Click and View_NV_NA,204675012,10/1/2017,27098,317,26781,9572,17209,100,17109,16500,609,9672,9328,25828
TJN_HOM_008_HomeGoods Summer Digital_FY18,NinthDecimal,PHHXGQ_TJN_HOM_008_Mobile_NINTHDECIMAL_CHILD_PET OWNERS RETENTION_MOBILE APP_CUSTOM_DISPLAY_320X50_Run of Network_Behavioral_F25-54_320 x 50_Click and View_NV_NA,200578886,7/22/2017,1471,6,1465,251,1214,9,1205,1154,51,260,249,1403
TJN_HOM_013_HomeGoods FEP_Q3FY18,Discovery Digital Media,PHWLS6_TJN_HOM_013_Content_DISCOVERY NETWORKS_Full Episode Video Mobile App_30s_FEP_Contextual_F25-54_1920 x 1080_Standard_NV_NA,201891425,8/29/2017,21082,275,20807,20807,0,0,0,0,0,20807,,
TJN_HOM_030_HomeGoods 2H Digital_F18,NinthDecimal,PJQ7NH_TJN_HOM_030_Mobile_NINTHDECIMAL_DST_SV1_MAP_DIR_RCH_TRG_RON_BTG_DMA_DVY_CONSUMER JOURNEY: PET SUPPLY SHOPPERS_Run of Network_Behavioral_F25-54_320 x 50_Click and View_NV_NA,204647914,9/8/2017,3291,66,3225,1477,1748,12,1736,1690,46,1489,1450,3140
TJN_HOM_025_HomeGoods Digital Video_Q4FY18,Tremor Video Inc.,PK6DY1_TJN_HOM_025_OLV_TREMOR NETWORK_AWR_BS1_CTV_DIR_VID_TRG_RON_BTG_CTG_DVY_ALL SCREEN PREROLL + SOCIAL AFFINITY TARGETING TO W25-54 HOME ENTHUSIASTS CTV_Run of Network_Behavioral_F25-54_1280 x 720_Standard_NV_NA,205941318,10/7/2017,2658,0,2658,2658,0,0,0,0,0,2658,429,429
TJN_HOM_013_HomeGoods FEP_Q3FY18,Discovery Digital Media,PHWLS7_TJN_HOM_013_Content_DISCOVERY NETWORKS_Full Episode Video Mobile Web_30s_FEP_Contextual_F25-54_1920 x 1080_Standard_NV_NA,201895019,9/5/2017,889,21,868,868,0,0,0,0,0,868,,
TJN_HOM_025_HomeGoods Digital Video_Q4FY18,Tremor Video Inc.,PK6DYV_TJN_HOM_025_OLV_TREMOR NETWORK_AWR_BS1_MAP_DIR_VID_TRG_RON_PXT_CTG_DVY_ALL SCREEN PREROLL + PROXIMITYPLUS DWELL TIME TARGETING TO HOMEGOODS VISITORS MOB/TAB APP_Run of Network_Behavioral_F25-54_1280 x 720_Standard_NV_NA,205859075,10/15/2017,88226,472,87754,87471,283,22,261,254,7,87493,85146,85400
TJN_HOM_025_HomeGoods Digital Video_Q4FY18,Tremor Video Inc.,PK6DWD_TJN_HOM_025_OLV_TREMOR NETWORK_AWR_BS1_MAP_DIR_VID_TRG_RON_BTG_CTG_DVY_ALL SCREEN PREROLL + SOCIAL AFFINITY TARGETING TO W25-54 HOME ENTHUSIASTS MOB/TAB APP_Run of Network_Behavioral_F25-54_1280 x 720_Standard_NV_NA,205941321,10/6/2017,569,0,569,569,0,0,0,0,0,569,319,319
TJN_HOM_008_HomeGoods Summer Digital_FY18,NinthDecimal,PHHXGK_TJN_HOM_008_Mobile_NINTHDECIMAL_CHILD_PROSPECTING_MOBILE APP_CUSTOM_DISPLAY_320X50_Run of Network_Behavioral_F25-54_320 x 50_Click and View_NV_NA,200587954,8/22/2017,147178,2836,144342,50578,93764,515,93249,87912,5337,51093,48169,136081
TJN_HOM_030_HomeGoods 2H Digital_F18,xAd Inc.,PJQ7MN_TJN_HOM_030_Mobile_GROUND TRUTH FKA XAD_DST_SV1_MAP_DIR_DSP_TRG_RON_MKT_DMA_DVY_LOCATION - HOMEGOODS SHOPPERS - DYNAMIC DISTANCE_Run of Network_Geo_F25-54_320 x 50_Click and View_NV_NA,204651439,9/22/2017,9912,147,9765,7401,2364,472,1892,1798,94,7873,6977,8775
TJN_HOM_008_HomeGoods Summer Digital_FY18,Hulu,Rolled-up Placements,N/A,7/4/2017,47489,686,46803,46803,0,0,0,0,0,46803,41687,41687
TJN_HOM_008_HomeGoods Summer Digital_FY18,Hulu,Rolled-up Placements,N/A,7/14/2017,269753,3530,266223,266223,0,0,0,0,0,266223,248488,248488
TJN_HOM_030_HomeGoods 2H Digital_F18,xAd Inc.,PJQ7MQ_TJN_HOM_030_Mobile_GROUND TRUTH FKA XAD_DST_SV1_MAP_DIR_DSP_TRG_RON_MKT_DMA_DVY_LOCATION - COMPETITOR SHOPPERS - DYNAMIC DISTANCE_Run of Network_Geo_F25-54_320 x 50_Click and View_NV_NA,204617210,9/8/2017,28005,394,27611,20852,6759,3577,3182,2750,432,24429,20407,23157
TJN_HOM_013_HomeGoods FEP_Q3FY18,Discovery Digital Media,PHWLS9_TJN_HOM_013_Content_DISCOVERY NETWORKS_Full Episode Video OTT/CTV_30s_FEP_Contextual_F25-54_1920 x 1080_Standard_NV_NA,201891428,8/2/2017,11421,8,11413,11413,0,0,0,0,0,11413,,
TJN_HOM_013_HomeGoods FEP_Q3FY18,Scripps Networks,PHNKCR_TJN_HOM_013_FEP_SCRIPPSNETWORKS.COM_On-site_Crossplatform_FEP_Demo_F25-54_1280 x 720_Standard_NV_NA,201888442,9/1/2017,4786,16,4770,4770,0,0,0,0,0,4770,,
TJN_HOM_030_HomeGoods 2H Digital_F18,NinthDecimal,PJQ7N8_TJN_HOM_030_Mobile_NINTHDECIMAL_DST_SV1_MAP_DIR_RCH_TRG_RON_BTG_PXT_DVY_LOCATION GRAPH: HOMEGOODS LOYALISTS_Run of Network_Behavioral_F25-54_320 x 50_Click and View_NV_NA,204675012,10/3/2017,3971,72,3899,2265,1634,24,1610,1559,51,2289,2216,3775
TJN_HOM_030_HomeGoods 2H Digital_F18,xAd Inc.,PJQ7MG_TJN_HOM_030_Mobile_GROUND TRUTH FKA XAD_DST_SV1_MAP_DIR_DSP_TRG_RON_PXT_BTG_DVY_PROXIMITY LOYALTY - DYNAMIC DISTANCE_Run of Network_Geo_F25-54_320 x 50_Click and View_NV_NA,204626813,9/1/2017,23,0,23,1,22,3,19,18,1,4,4,22
TJN_HOM_030_HomeGoods 2H Digital_F18,xAd Inc.,PJQ7MP_TJN_HOM_030_Mobile_GROUND TRUTH FKA XAD_DST_SV1_MAP_DIR_DSP_TRG_RON_MKT_DMA_DVY_LOCATION - HOMEGOODS SHOPPERS - DYNAMIC DISTANCE_Run of Network_Geo_F25-54_300 x 250_Click and View_NV_NA,204647878,9/20/2017,3595,134,3461,3442,19,1,18,14,4,3443,2676,2690
TJN_HOM_030_HomeGoods 2H Digital_F18,xAd Inc.,PJQ7MK_TJN_HOM_030_Mobile_GROUND TRUTH FKA XAD_DST_SV1_MAP_DIR_DSP_TRG_RON_PXT_BTG_DVY_PROXIMITY LOYALTY - STORE LOCATOR UNIT_Run of Network_Geo_F25-54_300 x 250_Click and View_NV_NA,204625442,9/16/2017,1750,30,1720,89,1631,418,1213,1010,203,507,422,1432
TJN_HOM_013_HomeGoods FEP_Q3FY18,Discovery Digital Media,PHWLS5_TJN_HOM_013_Content_DISCOVERY NETWORKS_Full Episode Video Desktop_30s_FEP_Contextual_F25-54_1920 x 1080_Standard_NV_NA,201895013,8/21/2017,4003,69,3934,3934,0,0,0,0,0,3934,,
TJN_HOM_008_HomeGoods Summer Digital_FY18,xAd Inc.,PHHXGS_TJN_HOM_008_Mobile_XAD INC_CHILD_LOYALTY_MOBILE APP_STANDARD_DISPLAY_300X250_GEO-FENCING_Run of Network_Geo_F25-54_300 x 250_Click and View_NV_NA,200583064,8/24/2017,12934,4264,8670,14,8656,8656,0,0,0,8670,8237,8237
TJN_HOM_030_HomeGoods 2H Digital_F18,xAd Inc.,PJQ7MS_TJN_HOM_030_Mobile_GROUND TRUTH FKA XAD_DST_SV1_MAP_DIR_DSP_TRG_RON_DMA_PXT_DVY_AV DMA TARGETING_Run of Network_Geo_F25-54_300 x 250_Click and View_NV_NA,204646501,10/31/2017,3061,72,2989,1718,1271,29,1242,768,474,1747,1080,1848
TJN_HOM_030_HomeGoods 2H Digital_F18,xAd Inc.,PJQ7MS_TJN_HOM_030_Mobile_GROUND TRUTH FKA XAD_DST_SV1_MAP_DIR_DSP_TRG_RON_DMA_PXT_DVY_AV DMA TARGETING_Run of Network_Geo_F25-54_300 x 250_Click and View_NV_NA,204646501,9/30/2017,3,0,3,2,1,1,0,0,0,3,3,3
TJN_HOM_030_HomeGoods 2H Digital_F18,NinthDecimal,PJQ7N7_TJN_HOM_030_Mobile_NINTHDECIMAL_DST_SV1_MAP_DIR_RCH_TRG_RON_PXT_DMA_DVY_GEOFENCE: 15-20-MILE RADIUS AROUND RURAL STORES_Run of Network_Geo_F25-54_320 x 50_Click and View_NV_NA,204674556,9/10/2017,6732,134,6598,2362,4236,14,4222,4109,113,2376,2312,6421
TJN_HOM_030_HomeGoods 2H Digital_F18,NinthDecimal,PJQ7N5_TJN_HOM_030_Mobile_NINTHDECIMAL_DST_SV1_MAP_DIR_RCH_TRG_RON_PXT_DMA_DVY_GEOFENCE: 2-MILE RADIUS AROUND URBAN STORES_Run of Network_Geo_F25-54_320 x 50_Click and View_NV_NA,204649945,9/1/2017,2,1,1,1,0,0,0,0,0,1,1,1
TJN_HOM_030_HomeGoods 2H Digital_F18,xAd Inc.,PJQ7MP_TJN_HOM_030_Mobile_GROUND TRUTH FKA XAD_DST_SV1_MAP_DIR_DSP_TRG_RON_MKT_DMA_DVY_LOCATION - HOMEGOODS SHOPPERS - DYNAMIC DISTANCE_Run of Network_Geo_F25-54_300 x 250_Click and View_NV_NA,204647878,10/30/2017,7339,173,7166,7166,0,0,0,0,0,7166,6424,6424
TJN_HOM_008_HomeGoods Summer Digital_FY18,Hulu,PHG79M_TJN_HOM_008_FEP_HULU_Premium Slate_CROSS DEVICE_PRE-ROLL_CUSTOM_VECTOR LOGO_1X1_N/A_N/A_N/A_SITE_N/A_Roadblock_Demo_F25-54_1 x 1_Click and View_NV_NA,201466502,7/26/2017,60235,487,59748,59748,0,0,0,0,0,59748,53347,53347
TJN_HOM_013_HomeGoods FEP_Q3FY18,Discovery Digital Media,PHWLS7_TJN_HOM_013_Content_DISCOVERY NETWORKS_Full Episode Video Mobile Web_30s_FEP_Contextual_F25-54_1920 x 1080_Standard_NV_NA,201895019,9/14/2017,884,11,873,873,0,0,0,0,0,873,,
TJN_HOM_030_HomeGoods 2H Digital_F18,NinthDecimal,PJQ7NJ_TJN_HOM_030_Mobile_NINTHDECIMAL_DST_SV1_MAP_DIR_RCH_TRG_RON_BTG_DMA_DVY_CONSUMER JOURNEY: BARGAIN HUNTERS_Run of Network_Behavioral_F25-54_320 x 50_Click and View_NV_NA,204644353,10/31/2017,1612,19,1593,677,916,8,908,882,26,685,665,1547
TJN_HOM_030_HomeGoods 2H Digital_F18,NinthDecimal,PJQ7N8_TJN_HOM_030_Mobile_NINTHDECIMAL_DST_SV1_MAP_DIR_RCH_TRG_RON_BTG_PXT_DVY_LOCATION GRAPH: HOMEGOODS LOYALISTS_Run of Network_Behavioral_F25-54_320 x 50_Click and View_NV_NA,204675012,10/25/2017,12161,192,11969,789,11180,341,10839,10498,341,1130,1094,11592
TJN_HOM_008_HomeGoods Summer Digital_FY18,xAd Inc.,PHHXGY_TJN_HOM_008_Mobile_XAD INC_CHILD_LOYALTY_MOBILE APP_CUSTOM_RICH MEDIA_320X50_GEO-FENCING_Run of Network_Geo_F25-54_320 x 50_Click and View_NV_NA,200584630,7/20/2017,22557,132,22425,22390,35,6,29,23,6,22396,17762,17785
TJN_HOM_008_HomeGoods Summer Digital_FY18,xAd Inc.,Rolled-up Placements,N/A,7/7/2017,184755,14734,170021,135228,34793,25260,9533,7359,2174,160488,126831,134190
TJN_HOM_030_HomeGoods 2H Digital_F18,xAd Inc.,PJQ7MQ_TJN_HOM_030_Mobile_GROUND TRUTH FKA XAD_DST_SV1_MAP_DIR_DSP_TRG_RON_MKT_DMA_DVY_LOCATION - COMPETITOR SHOPPERS - DYNAMIC DISTANCE_Run of Network_Geo_F25-54_320 x 50_Click and View_NV_NA,204617210,11/8/2017,19162,229,18933,14640,4293,99,4194,3683,511,14739,12831,16514
TJN_HOM_008_HomeGoods Summer Digital_FY18,Hulu,PHG79J_TJN_HOM_008_FEP_HULU_Branded Slate_ROS_CROSS DEVICE_PRE-ROLL_CUSTOM_VECTOR LOGO_1X1_AUDIENCE_N/A_N/A_SITE_N/A_Run of Site_Demo_F25-54_1 x 1_Click and View_NV_NA,201467345,7/18/2017,1524,14,1510,1510,0,0,0,0,0,1510,1436,1436
TJN_HOM_025_HomeGoods Digital Video_Q4FY18,Tremor Video Inc.,PK1FYM_TJN_HOM_025_OLV_TREMOR NETWORK_AWR_BS1_DSK_DIR_VID_TRG_RON_BTG_CTG_DVY_ALL SCREEN PREROLL + SOCIAL AFFINITY TARGETING TO W25-54 HOME ENTHUSIASTS DESKTOP_Run of Network_Behavioral_F25-54_1280 x 720_Standard_NV_NA,205941870,11/8/2017,17,17,0,0,0,0,0,0,0,0,0,0
TJN_HOM_030_HomeGoods 2H Digital_F18,NinthDecimal,PJQ7NJ_TJN_HOM_030_Mobile_NINTHDECIMAL_DST_SV1_MAP_DIR_RCH_TRG_RON_BTG_DMA_DVY_CONSUMER JOURNEY: BARGAIN HUNTERS_Run of Network_Behavioral_F25-54_320 x 50_Click and View_NV_NA,204644353,9/30/2017,12311,266,12045,3899,8146,32,8114,7917,197,3931,3836,11753
TJN_HOM_030_HomeGoods 2H Digital_F18,NinthDecimal,PJQ7NH_TJN_HOM_030_Mobile_NINTHDECIMAL_DST_SV1_MAP_DIR_RCH_TRG_RON_BTG_DMA_DVY_CONSUMER JOURNEY: PET SUPPLY SHOPPERS_Run of Network_Behavioral_F25-54_320 x 50_Click and View_NV_NA,204647914,11/8/2017,4523,75,4448,169,4279,23,4256,4098,158,192,185,4283
TJN_HOM_008_HomeGoods Summer Digital_FY18,xAd Inc.,PHHXGX_TJN_HOM_008_Mobile_XAD INC_CHILD_LOCATION AUDIENCE-HOMEGOODS SHOPPERS_MOBILE APP_STANDARD_DISPLAY_300X250_Run of Network_Behavioral_F25-54_300 x 250_Click and View_NV_NA,200587524,9/2/2017,19914,1084,18830,3,18827,18827,0,0,0,18830,18830,18830
TJN_HOM_030_HomeGoods 2H Digital_F18,xAd Inc.,PJQ7ML_TJN_HOM_030_Mobile_GROUND TRUTH FKA XAD_DST_SV1_MAP_DIR_DSP_TRG_RON_BTG_DMA_DVY_BEHAVIORAL - HOME SHOPPER - DYNAMIC DISTANCE_Run of Network_Behavioral_F25-54_320 x 50_Click and View_NV_NA,204626174,10/27/2017,8269,115,8154,6867,1287,98,1189,492,697,6965,2866,3358
TJN_HOM_030_HomeGoods 2H Digital_F18,NinthDecimal,PJQ7N7_TJN_HOM_030_Mobile_NINTHDECIMAL_DST_SV1_MAP_DIR_RCH_TRG_RON_PXT_DMA_DVY_GEOFENCE: 15-20-MILE RADIUS AROUND RURAL STORES_Run of Network_Geo_F25-54_320 x 50_Click and View_NV_NA,204674556,9/29/2017,42751,950,41801,22328,19473,98,19375,18812,563,22426,21774,40586
TJN_HOM_008_HomeGoods Summer Digital_FY18,NinthDecimal,PHHXGM_TJN_HOM_008_Mobile_NINTHDECIMAL_CHILD_LUXURY SHOPPERS PROSPECTING_MOBILE APP_CUSTOM_DISPLAY_320X50_Run of Network_Behavioral_F25-54_320 x 50_Click and View_NV_NA,200581998,8/27/2017,57338,778,56560,13562,42998,215,42783,40678,2105,13777,13099,53777
TJN_HOM_008_HomeGoods Summer Digital_FY18,NinthDecimal,PHHXGM_TJN_HOM_008_Mobile_NINTHDECIMAL_CHILD_LUXURY SHOPPERS PROSPECTING_MOBILE APP_CUSTOM_DISPLAY_320X50_Run of Network_Behavioral_F25-54_320 x 50_Click and View_NV_NA,200581998,8/9/2017,47433,1193,46240,10569,35671,228,35443,32881,2562,10797,10017,42898
TJN_HOM_013_HomeGoods FEP_Q3FY18,Scripps Networks,PHNKCT_TJN_HOM_013_FEP_SCRIPPSNETWORKS.COM_TVE_Crossplatform_FEP_Demo_F25-54_1 x 1_Click and View_NV_NA,201878832,9/13/2017,71,0,71,71,0,0,0,0,0,71,,
TJN_HOM_025_HomeGoods Digital Video_Q4FY18,Hulu,PJTDFW_TJN_HOM_025_FEP_HULU_Branded Slate_ROS_CROSS DEVICE_PRE-ROLL_CUSTOM_VECTOR LOGO_1X1_AUDIENCE_N/A_N/A_SITE_N/A_Run of Site_Contextual_F25-54_1 x 1_Click and View_NV_NA,204648077,9/13/2017,63,3,60,60,0,0,0,0,0,60,,
TJN_HOM_013_HomeGoods FEP_Q3FY18,Discovery Digital Media,PHWLS6_TJN_HOM_013_Content_DISCOVERY NETWORKS_Full Episode Video Mobile App_30s_FEP_Contextual_F25-54_1920 x 1080_Standard_NV_NA,201891425,8/3/2017,20703,172,20531,20531,0,0,0,0,0,20531,,
TJN_HOM_008_HomeGoods Summer Digital_FY18,NinthDecimal,PHHXGP_TJN_HOM_008_Mobile_NINTHDECIMAL_CHILD_PET OWNERS PROSPECTING_MOBILE APP_CUSTOM_DISPLAY_320X50_Run of Network_Behavioral_F25-54_320 x 50_Click and View_NV_NA,200586375,9/2/2017,78194,1335,76859,15658,61201,306,60895,57458,3437,15964,15063,72521
TJN_HOM_008_HomeGoods Summer Digital_FY18,xAd Inc.,PHHXGR_TJN_HOM_008_Mobile_XAD INC_CHILD_LOYALTY_MOBILE APP_STANDARD_DISPLAY_320X50_GEO-FENCING_Run of Network_Geo_F25-54_320 x 50_Click and View_NV_NA,200587518,8/5/2017,34155,898,33257,22652,10605,134,10471,8493,1978,22786,18482,26975
TJN_HOM_030_HomeGoods 2H Digital_F18,NinthDecimal,PJQ7NC_TJN_HOM_030_Mobile_NINTHDECIMAL_DST_SV1_MAP_DIR_RCH_TRG_RON_BTG_DMA_DVY_CONSUMER JOURNEY: DIYERS_Run of Network_Behavioral_F25-54_320 x 50_Click and View_NV_NA,204675009,9/25/2017,10093,175,9918,3684,6234,32,6202,6050,152,3716,3625,9675
TJN_HOM_008_HomeGoods Summer Digital_FY18,Hulu,PHG79J_TJN_HOM_008_FEP_HULU_Branded Slate_ROS_CROSS DEVICE_PRE-ROLL_CUSTOM_VECTOR LOGO_1X1_AUDIENCE_N/A_N/A_SITE_N/A_Run of Site_Demo_F25-54_1 x 1_Click and View_NV_NA,201467345,8/2/2017,7013,56,6957,6957,0,0,0,0,0,6957,6116,6116
TJN_HOM_008_HomeGoods Summer Digital_FY18,xAd Inc.,PHHXGZ_TJN_HOM_008_Mobile_XAD INC_CHILD_LOYALTY_MOBILE APP_CUSTOM_RICH MEDIA_300X250_GEO-FENCING_Run of Network_Geo_F25-54_300 x 250_Click and View_NV_NA,200577158,8/4/2017,2158,76,2082,922,1160,5,1155,1048,107,927,841,1889
TJN_HOM_030_HomeGoods 2H Digital_F18,NinthDecimal,PJQ7NF_TJN_HOM_030_Mobile_NINTHDECIMAL_DST_SV1_MAP_DIR_RCH_TRG_RON_BTG_DMA_DVY_CONSUMER JOURNEY: HOME FURNISHINGS SHOPPERS_Run of Network_Behavioral_F25-54_320 x 50_Click and View_NV_NA,204626291,10/22/2017,8931,149,8782,5192,3590,62,3528,3419,109,5254,5092,8511
TJN_HOM_013_HomeGoods FEP_Q3FY18,Discovery Digital Media,PHWLS8_TJN_HOM_013_Content_DISCOVERY NETWORKS_Full Episode Video Tablet Web_30s_FEP_Contextual_F25-54_1920 x 1080_Standard_NV_NA,201899695,9/21/2017,874,22,852,852,0,0,0,0,0,852,,
TJN_HOM_008_HomeGoods Summer Digital_FY18,NinthDecimal,PHHXGK_TJN_HOM_008_Mobile_NINTHDECIMAL_CHILD_PROSPECTING_MOBILE APP_CUSTOM_DISPLAY_320X50_Run of Network_Behavioral_F25-54_320 x 50_Click and View_NV_NA,200587954,7/27/2017,214856,2716,212140,76512,135628,670,134958,130259,4699,77182,74495,204754
TJN_HOM_013_HomeGoods FEP_Q3FY18,Scripps Networks,PHNKCR_TJN_HOM_013_FEP_SCRIPPSNETWORKS.COM_On-site_Crossplatform_FEP_Demo_F25-54_1280 x 720_Standard_NV_NA,201888442,7/28/2017,2341,14,2327,2327,0,0,0,0,0,2327,,
TJN_HOM_030_HomeGoods 2H Digital_F18,NinthDecimal,PJQ7NC_TJN_HOM_030_Mobile_NINTHDECIMAL_DST_SV1_MAP_DIR_RCH_TRG_RON_BTG_DMA_DVY_CONSUMER JOURNEY: DIYERS_Run of Network_Behavioral_F25-54_320 x 50_Click and View_NV_NA,204675009,11/4/2017,4559,56,4503,521,3982,16,3966,3855,111,537,522,4377
TJN_HOM_030_HomeGoods 2H Digital_F18,NinthDecimal,PJQ7NC_TJN_HOM_030_Mobile_NINTHDECIMAL_DST_SV1_MAP_DIR_RCH_TRG_RON_BTG_DMA_DVY_CONSUMER JOURNEY: DIYERS_Run of Network_Behavioral_F25-54_320 x 50_Click and View_NV_NA,204675009,11/6/2017,5052,57,4995,570,4425,17,4408,4264,144,587,568,4832
TJN_HOM_030_HomeGoods 2H Digital_F18,xAd Inc.,PJQ7MK_TJN_HOM_030_Mobile_GROUND TRUTH FKA XAD_DST_SV1_MAP_DIR_DSP_TRG_RON_PXT_BTG_DVY_PROXIMITY LOYALTY - STORE LOCATOR UNIT_Run of Network_Geo_F25-54_300 x 250_Click and View_NV_NA,204625442,9/19/2017,2479,59,2420,211,2209,25,2184,1860,324,236,200,2060
TJN_HOM_013_HomeGoods FEP_Q3FY18,Discovery Digital Media,PHWLS7_TJN_HOM_013_Content_DISCOVERY NETWORKS_Full Episode Video Mobile Web_30s_FEP_Contextual_F25-54_1920 x 1080_Standard_NV_NA,201895019,8/28/2017,919,7,912,912,0,0,0,0,0,912,,
TJN_HOM_030_HomeGoods 2H Digital_F18,NinthDecimal,PJQ7NF_TJN_HOM_030_Mobile_NINTHDECIMAL_DST_SV1_MAP_DIR_RCH_TRG_RON_BTG_DMA_DVY_CONSUMER JOURNEY: HOME FURNISHINGS SHOPPERS_Run of Network_Behavioral_F25-54_320 x 50_Click and View_NV_NA,204626291,10/10/2017,9111,142,8969,6101,2868,19,2849,2763,86,6120,5935,8698
TJN_HOM_013_HomeGoods FEP_Q3FY18,Discovery Digital Media,PHWLS7_TJN_HOM_013_Content_DISCOVERY NETWORKS_Full Episode Video Mobile Web_30s_FEP_Contextual_F25-54_1920 x 1080_Standard_NV_NA,201895019,9/28/2017,863,30,833,833,0,0,0,0,0,833,,
TJN_HOM_030_HomeGoods 2H Digital_F18,xAd Inc.,PJQ7ML_TJN_HOM_030_Mobile_GROUND TRUTH FKA XAD_DST_SV1_MAP_DIR_DSP_TRG_RON_BTG_DMA_DVY_BEHAVIORAL - HOME SHOPPER - DYNAMIC DISTANCE_Run of Network_Behavioral_F25-54_320 x 50_Click and View_NV_NA,204626174,9/7/2017,19037,302,18735,12128,6607,1838,4769,3824,945,13966,10923,14747
TJN_HOM_030_HomeGoods 2H Digital_F18,NinthDecimal,"PJQ7NK_TJN_HOM_030_Mobile_NINTHDECIMAL_DST_SV1_MAP_DIR_RCH_TRG_RON_BTG_DMA_DVY_TV TARGETING: HGTV, DIY NETWORK, BRAVO, TLC, FOOD NETWORK_Run of Network_Behavioral_F25-54_320 x 50_Click and View_NV_NA",204674553,10/16/2017,9582,129,9453,4872,4581,80,4501,4337,164,4952,4772,9109
TJN_HOM_013_HomeGoods FEP_Q3FY18,Scripps Networks,PHNKCT_TJN_HOM_013_FEP_SCRIPPSNETWORKS.COM_TVE_Crossplatform_FEP_Demo_F25-54_1 x 1_Click and View_NV_NA,201878832,9/19/2017,3547,16,3531,3531,0,0,0,0,0,3531,,
TJN_HOM_008_HomeGoods Summer Digital_FY18,NinthDecimal,PHHXGP_TJN_HOM_008_Mobile_NINTHDECIMAL_CHILD_PET OWNERS PROSPECTING_MOBILE APP_CUSTOM_DISPLAY_320X50_Run of Network_Behavioral_F25-54_320 x 50_Click and View_NV_NA,200586375,8/26/2017,76885,947,75938,15783,60155,269,59886,57617,2269,16052,15444,73061
TJN_HOM_030_HomeGoods 2H Digital_F18,NinthDecimal,PJQ7NG_TJN_HOM_030_Mobile_NINTHDECIMAL_DST_SV1_MAP_DIR_RCH_TRG_RON_BTG_DMA_DVY_CONSUMER JOURNEY: NEW HOME BUYERS & MOVERS_Run of Network_Behavioral_F25-54_320 x 50_Click and View_NV_NA,204625835,9/18/2017,8910,171,8739,2707,6032,57,5975,5792,183,2764,2679,8471
TJN_HOM_013_HomeGoods FEP_Q3FY18,Discovery Digital Media,PHWLS6_TJN_HOM_013_Content_DISCOVERY NETWORKS_Full Episode Video Mobile App_30s_FEP_Contextual_F25-54_1920 x 1080_Standard_NV_NA,201891425,8/7/2017,20863,138,20725,20725,0,0,0,0,0,20725,,
TJN_HOM_008_HomeGoods Summer Digital_FY18,NinthDecimal,PHHXGL_TJN_HOM_008_Mobile_NINTHDECIMAL_CHILD_RETENTION_MOBILE APP_CUSTOM_DISPLAY_320X50_Run of Network_Behavioral_F25-54_320 x 50_Click and View_NV_NA,200585092,8/17/2017,15837,303,15534,2339,13195,74,13121,11741,1380,2413,2159,13900
TJN_HOM_030_HomeGoods 2H Digital_F18,xAd Inc.,PJQ7MK_TJN_HOM_030_Mobile_GROUND TRUTH FKA XAD_DST_SV1_MAP_DIR_DSP_TRG_RON_PXT_BTG_DVY_PROXIMITY LOYALTY - STORE LOCATOR UNIT_Run of Network_Geo_F25-54_300 x 250_Click and View_NV_NA,204625442,10/13/2017,5838,74,5764,104,5660,60,5600,5109,491,164,150,5259
TJN_HOM_030_HomeGoods 2H Digital_F18,xAd Inc.,PJQ7MK_TJN_HOM_030_Mobile_GROUND TRUTH FKA XAD_DST_SV1_MAP_DIR_DSP_TRG_RON_PXT_BTG_DVY_PROXIMITY LOYALTY - STORE LOCATOR UNIT_Run of Network_Geo_F25-54_300 x 250_Click and View_NV_NA,204625442,9/13/2017,6881,119,6762,3338,3424,25,3399,3254,145,3363,3220,6474
TJN_HOM_013_HomeGoods FEP_Q3FY18,Discovery Digital Media,PHWLS9_TJN_HOM_013_Content_DISCOVERY NETWORKS_Full Episode Video OTT/CTV_30s_FEP_Contextual_F25-54_1920 x 1080_Standard_NV_NA,201891428,7/18/2017,11589,27,11562,11562,0,0,0,0,0,11562,,
TJN_HOM_008_HomeGoods Summer Digital_FY18,xAd Inc.,PHHXGR_TJN_HOM_008_Mobile_XAD INC_CHILD_LOYALTY_MOBILE APP_STANDARD_DISPLAY_320X50_GEO-FENCING_Run of Network_Geo_F25-54_320 x 50_Click and View_NV_NA,200587518,8/18/2017,94822,1575,93247,54308,38939,860,38079,32300,5779,55168,46796,79096
TJN_HOM_030_HomeGoods 2H Digital_F18,NinthDecimal,PJQ7ND_TJN_HOM_030_Mobile_NINTHDECIMAL_DST_SV1_MAP_DIR_RCH_TRG_RON_BTG_DMA_DVY_CONSUMER JOURNEY: HOUSEHOLD CEO_Run of Network_Behavioral_F25-54_320 x 50_Click and View_NV_NA,204626294,10/16/2017,9698,162,9536,5113,4423,23,4400,4263,137,5136,4976,9239
TJN_HOM_008_HomeGoods Summer Digital_FY18,xAd Inc.,PHHXGX_TJN_HOM_008_Mobile_XAD INC_CHILD_LOCATION AUDIENCE-HOMEGOODS SHOPPERS_MOBILE APP_STANDARD_DISPLAY_300X250_Run of Network_Behavioral_F25-54_300 x 250_Click and View_NV_NA,200587524,8/26/2017,8231,531,7700,55,7645,7645,0,0,0,7700,7700,7700
TJN_HOM_008_HomeGoods Summer Digital_FY18,xAd Inc.,PHHXGW_TJN_HOM_008_Mobile_XAD INC_CHILD_LOCATION AUDIENCE-HOMEGOODS SHOPPERS_MOBILE APP_STANDARD_DISPLAY_320X50_Run of Network_Behavioral_F25-54_320 x 50_Click and View_NV_NA,200585089,7/21/2017,34007,247,33760,31638,2122,23,2099,1457,642,31661,21977,23434
TJN_HOM_013_HomeGoods FEP_Q3FY18,Discovery Digital Media,PHWLS8_TJN_HOM_013_Content_DISCOVERY NETWORKS_Full Episode Video Tablet Web_30s_FEP_Contextual_F25-54_1920 x 1080_Standard_NV_NA,201899695,7/31/2017,1419,14,1405,1405,0,0,0,0,0,1405,,
TJN_HOM_025_HomeGoods Digital Video_Q4FY18,Tremor Video Inc.,PK6DYV_TJN_HOM_025_OLV_TREMOR NETWORK_AWR_BS1_MAP_DIR_VID_TRG_RON_PXT_CTG_DVY_ALL SCREEN PREROLL + PROXIMITYPLUS DWELL TIME TARGETING TO HOMEGOODS VISITORS MOB/TAB APP_Run of Network_Behavioral_F25-54_1280 x 720_Standard_NV_NA,205859075,10/21/2017,146432,3085,143347,139262,4085,254,3831,75,3756,139516,2731,2806
TJN_HOM_030_HomeGoods 2H Digital_F18,xAd Inc.,PJQ7MP_TJN_HOM_030_Mobile_GROUND TRUTH FKA XAD_DST_SV1_MAP_DIR_DSP_TRG_RON_MKT_DMA_DVY_LOCATION - HOMEGOODS SHOPPERS - DYNAMIC DISTANCE_Run of Network_Geo_F25-54_300 x 250_Click and View_NV_NA,204647878,10/19/2017,7065,234,6831,6831,0,0,0,0,0,6831,6325,6325
TJN_HOM_030_HomeGoods 2H Digital_F18,NinthDecimal,PJQ7N5_TJN_HOM_030_Mobile_NINTHDECIMAL_DST_SV1_MAP_DIR_RCH_TRG_RON_PXT_DMA_DVY_GEOFENCE: 2-MILE RADIUS AROUND URBAN STORES_Run of Network_Geo_F25-54_320 x 50_Click and View_NV_NA,204649945,10/29/2017,3630,28,3602,253,3349,10,3339,3280,59,263,258,3538
TJN_HOM_030_HomeGoods 2H Digital_F18,NinthDecimal,PJQ7NB_TJN_HOM_030_Mobile_NINTHDECIMAL_DST_SV1_MAP_DIR_RCH_TRG_RON_BTG_PXT_DVY_LOCATION GRAPH: COMPETITIVE CONQUESTING_Run of Network_Behavioral_F25-54_320 x 50_Click and View_NV_NA,204649942,9/28/2017,3359,57,3302,1410,1892,9,1883,1836,47,1419,1384,3220
TJN_HOM_008_HomeGoods Summer Digital_FY18,NinthDecimal,PHHXGM_TJN_HOM_008_Mobile_NINTHDECIMAL_CHILD_LUXURY SHOPPERS PROSPECTING_MOBILE APP_CUSTOM_DISPLAY_320X50_Run of Network_Behavioral_F25-54_320 x 50_Click and View_NV_NA,200581998,8/28/2017,60097,1116,58981,13002,45979,257,45722,43270,2452,13259,12548,55818
TJN_HOM_008_HomeGoods Summer Digital_FY18,Hulu,PHG79J_TJN_HOM_008_FEP_HULU_Branded Slate_ROS_CROSS DEVICE_PRE-ROLL_CUSTOM_VECTOR LOGO_1X1_AUDIENCE_N/A_N/A_SITE_N/A_Run of Site_Demo_F25-54_1 x 1_Click and View_NV_NA,201467345,9/26/2017,3,0,3,3,0,0,0,0,0,3,3,3
TJN_HOM_013_HomeGoods FEP_Q3FY18,Discovery Digital Media,PHWLS7_TJN_HOM_013_Content_DISCOVERY NETWORKS_Full Episode Video Mobile Web_30s_FEP_Contextual_F25-54_1920 x 1080_Standard_NV_NA,201895019,8/27/2017,928,11,917,917,0,0,0,0,0,917,,
TJN_HOM_030_HomeGoods 2H Digital_F18,xAd Inc.,PJQ7MG_TJN_HOM_030_Mobile_GROUND TRUTH FKA XAD_DST_SV1_MAP_DIR_DSP_TRG_RON_PXT_BTG_DVY_PROXIMITY LOYALTY - DYNAMIC DISTANCE_Run of Network_Geo_F25-54_320 x 50_Click and View_NV_NA,204626813,10/29/2017,65414,1019,64395,55281,9114,1274,7840,7372,468,56555,52770,60142
TJN_HOM_013_HomeGoods FEP_Q3FY18,Discovery Digital Media,PHWLS7_TJN_HOM_013_Content_DISCOVERY NETWORKS_Full Episode Video Mobile Web_30s_FEP_Contextual_F25-54_1920 x 1080_Standard_NV_NA,201895019,8/9/2017,938,14,924,924,0,0,0,0,0,924,,
TJN_HOM_030_HomeGoods 2H Digital_F18,Nativo Inc.,PJQDHJ_TJN_HOM_030_Content_NATIVO FKA POST RLSE_DSI_BS2_MWB_DIR_NAD_ROT_RON_CTG_BTG_DVY_NATIVE DISPLAY UNIT FALLIDAYS_Run of Network_Contextual_F25-54_1 x 1_Click and View_NV_NA,206024352,11/3/2017,4,0,4,0,4,1,3,3,0,1,1,4
TJN_HOM_008_HomeGoods Summer Digital_FY18,Hulu,PHG79K_TJN_HOM_008_FEP_HULU_Summer TV Pre-roll_SPONSORSHIP_CROSS DEVICE_PRE-ROLL_VIDEO_1920X1080_VAST_N/A_N/A_N/A_3RD PARTY_N/A_Roadblock_Demo_F25-54_1920 x 1080_Standard_NV_NA,201466499,7/18/2017,140113,1610,138503,138503,0,0,0,0,0,138503,131694,131694
TJN_HOM_030_HomeGoods 2H Digital_F18,NinthDecimal,PJQ7NH_TJN_HOM_030_Mobile_NINTHDECIMAL_DST_SV1_MAP_DIR_RCH_TRG_RON_BTG_DMA_DVY_CONSUMER JOURNEY: PET SUPPLY SHOPPERS_Run of Network_Behavioral_F25-54_320 x 50_Click and View_NV_NA,204647914,9/15/2017,9592,211,9381,3180,6201,57,6144,5927,217,3237,3123,9050
TJN_HOM_008_HomeGoods Summer Digital_FY18,Hulu,PHG79G_TJN_HOM_008_FEP_HULU_ROS Pre-roll_CROSS DEVICE_PRE-ROLL_VIDEO_1920X1080_VAST_AUDIENCE_N/A_N/A_3RD PARTY_N/A_Run of Site_Demo_F25-54_1920 x 1080_Standard_NV_NA,201466946,9/10/2017,17251,154,17097,17097,0,0,0,0,0,17097,16475,16475
TJN_HOM_030_HomeGoods 2H Digital_F18,NinthDecimal,PJQ7N5_TJN_HOM_030_Mobile_NINTHDECIMAL_DST_SV1_MAP_DIR_RCH_TRG_RON_PXT_DMA_DVY_GEOFENCE: 2-MILE RADIUS AROUND URBAN STORES_Run of Network_Geo_F25-54_320 x 50_Click and View_NV_NA,204649945,10/8/2017,7589,189,7400,4428,2972,39,2933,2821,112,4467,4296,7117
TJN_HOM_030_HomeGoods 2H Digital_F18,NinthDecimal,PJQ7N8_TJN_HOM_030_Mobile_NINTHDECIMAL_DST_SV1_MAP_DIR_RCH_TRG_RON_BTG_PXT_DVY_LOCATION GRAPH: HOMEGOODS LOYALISTS_Run of Network_Behavioral_F25-54_320 x 50_Click and View_NV_NA,204675012,10/18/2017,13145,157,12988,4041,8947,81,8866,8577,289,4122,3988,12565
TJN_HOM_013_HomeGoods FEP_Q3FY18,Discovery Digital Media,PHWLS6_TJN_HOM_013_Content_DISCOVERY NETWORKS_Full Episode Video Mobile App_30s_FEP_Contextual_F25-54_1920 x 1080_Standard_NV_NA,201891425,9/8/2017,17586,214,17372,17372,0,0,0,0,0,17372,,
TJN_HOM_030_HomeGoods 2H Digital_F18,NinthDecimal,PJQ7N6_TJN_HOM_030_Mobile_NINTHDECIMAL_DST_SV1_MAP_DIR_RCH_TRG_RON_PXT_DMA_DVY_GEOFENCE: 5-10-MILE RADIUS AROUND SUBURBAN STORES_Run of Network_Geo_F25-54_320 x 50_Click and View_NV_NA,204646507,10/12/2017,8470,198,8272,4768,3504,20,3484,3379,105,4788,4644,8023
TJN_HOM_030_HomeGoods 2H Digital_F18,xAd Inc.,PJQ7MQ_TJN_HOM_030_Mobile_GROUND TRUTH FKA XAD_DST_SV1_MAP_DIR_DSP_TRG_RON_MKT_DMA_DVY_LOCATION - COMPETITOR SHOPPERS - DYNAMIC DISTANCE_Run of Network_Geo_F25-54_320 x 50_Click and View_NV_NA,204617210,9/15/2017,15402,231,15171,10868,4303,2388,1915,1811,104,13256,11293,13104
TJN_HOM_030_HomeGoods 2H Digital_F18,xAd Inc.,PJQ7MG_TJN_HOM_030_Mobile_GROUND TRUTH FKA XAD_DST_SV1_MAP_DIR_DSP_TRG_RON_PXT_BTG_DVY_PROXIMITY LOYALTY - DYNAMIC DISTANCE_Run of Network_Geo_F25-54_320 x 50_Click and View_NV_NA,204626813,10/8/2017,58166,1842,56324,39339,16985,1230,15755,12536,3219,40569,28373,40909
TJN_HOM_008_HomeGoods Summer Digital_FY18,Hulu,PHG79G_TJN_HOM_008_FEP_HULU_ROS Pre-roll_CROSS DEVICE_PRE-ROLL_VIDEO_1920X1080_VAST_AUDIENCE_N/A_N/A_3RD PARTY_N/A_Run of Site_Demo_F25-54_1920 x 1080_Standard_NV_NA,201466946,8/16/2017,24311,157,24154,24154,0,0,0,0,0,24154,21554,21554
TJN_HOM_008_HomeGoods Summer Digital_FY18,NinthDecimal,PHHXGQ_TJN_HOM_008_Mobile_NINTHDECIMAL_CHILD_PET OWNERS RETENTION_MOBILE APP_CUSTOM_DISPLAY_320X50_Run of Network_Behavioral_F25-54_320 x 50_Click and View_NV_NA,200578886,7/30/2017,9073,140,8933,1327,7606,26,7580,6937,643,1353,1238,8175
TJN_HOM_025_HomeGoods Digital Video_Q4FY18,Tremor Video Inc.,PK6F30_TJN_HOM_025_OLV_TREMOR NETWORK_AWR_BS1_CTV_DIR_VID_TRG_RON_PXT_CTG_DVY_ALL SCREEN PREROLL + PROXIMITYPLUS DWELL TIME TARGETING TO HOMEGOODS VISITORS CTV_Run of Network_Behavioral_F25-54_1280 x 720_Standard_NV_NA,205942131,10/8/2017,4608,0,4608,4608,0,0,0,0,0,4608,0,0
TJN_HOM_008_HomeGoods Summer Digital_FY18,Hulu,PHG79N_TJN_HOM_008_FEP_HULU_Masthead_SPONSORSHIP_CROSS DEVICE_CUSTOM_VIDEO_1X1_1X1_N/A_N/A_N/A_SITE_N/A_Roadblock_Demo_F25-54_1 x 1_Click and View_NV_NA,201462657,8/21/2017,340184,1944,338240,338240,0,0,0,0,0,338240,312673,312673
TJN_HOM_013_HomeGoods FEP_Q3FY18,Scripps Networks,PHNKCR_TJN_HOM_013_FEP_SCRIPPSNETWORKS.COM_On-site_Crossplatform_FEP_Demo_F25-54_1280 x 720_Standard_NV_NA,201888442,7/17/2017,15996,105,15891,15891,0,0,0,0,0,15891,,
TJN_HOM_013_HomeGoods FEP_Q3FY18,Discovery Digital Media,PHWLS9_TJN_HOM_013_Content_DISCOVERY NETWORKS_Full Episode Video OTT/CTV_30s_FEP_Contextual_F25-54_1920 x 1080_Standard_NV_NA,201891428,9/26/2017,10539,11,10528,10528,0,0,0,0,0,10528,,
TJN_HOM_030_HomeGoods 2H Digital_F18,NinthDecimal,PJQ7NB_TJN_HOM_030_Mobile_NINTHDECIMAL_DST_SV1_MAP_DIR_RCH_TRG_RON_BTG_PXT_DVY_LOCATION GRAPH: COMPETITIVE CONQUESTING_Run of Network_Behavioral_F25-54_320 x 50_Click and View_NV_NA,204649942,10/14/2017,8390,121,8269,5509,2760,30,2730,2635,95,5539,5346,7981
TJN_HOM_030_HomeGoods 2H Digital_F18,Nativo Inc.,PJQDHJ_TJN_HOM_030_Content_NATIVO FKA POST RLSE_DSI_BS2_MWB_DIR_NAD_ROT_RON_CTG_BTG_DVY_NATIVE DISPLAY UNIT FALLIDAYS_Run of Network_Contextual_F25-54_1 x 1_Click and View_NV_NA,206024352,11/7/2017,4,0,4,0,4,2,2,0,2,2,0,0
TJN_HOM_008_HomeGoods Summer Digital_FY18,xAd Inc.,PHHXH0_TJN_HOM_008_Mobile_XAD INC_STANDALONE_RON_MOBILE APP_STANDARD_DISPLAY_320X50_GEO-FENCING_Run of Network_Behavioral_F25-54_320 x 50_Click and View_NV_NA,200587948,8/30/2017,224136,3419,220717,96764,123953,1904,122049,118118,3931,98668,95490,213608
TJN_HOM_030_HomeGoods 2H Digital_F18,NinthDecimal,PJQ7NB_TJN_HOM_030_Mobile_NINTHDECIMAL_DST_SV1_MAP_DIR_RCH_TRG_RON_BTG_PXT_DVY_LOCATION GRAPH: COMPETITIVE CONQUESTING_Run of Network_Behavioral_F25-54_320 x 50_Click and View_NV_NA,204649942,9/14/2017,7710,168,7542,3323,4219,31,4188,4075,113,3354,3264,7339
TJN_HOM_030_HomeGoods 2H Digital_F18,NinthDecimal,PJQ7NC_TJN_HOM_030_Mobile_NINTHDECIMAL_DST_SV1_MAP_DIR_RCH_TRG_RON_BTG_DMA_DVY_CONSUMER JOURNEY: DIYERS_Run of Network_Behavioral_F25-54_320 x 50_Click and View_NV_NA,204675009,10/27/2017,12012,159,11853,578,11275,46,11229,10914,315,624,606,11520
TJN_HOM_030_HomeGoods 2H Digital_F18,Nativo Inc.,PJQDHJ_TJN_HOM_030_Content_NATIVO FKA POST RLSE_DSI_BS2_MWB_DIR_NAD_ROT_RON_CTG_BTG_DVY_NATIVE DISPLAY UNIT FALLIDAYS_Run of Network_Contextual_F25-54_1 x 1_Click and View_NV_NA,206024352,11/1/2017,20,0,20,0,20,10,10,1,9,10,1,2
TJN_HOM_030_HomeGoods 2H Digital_F18,xAd Inc.,PJQ7ML_TJN_HOM_030_Mobile_GROUND TRUTH FKA XAD_DST_SV1_MAP_DIR_DSP_TRG_RON_BTG_DMA_DVY_BEHAVIORAL - HOME SHOPPER - DYNAMIC DISTANCE_Run of Network_Behavioral_F25-54_320 x 50_Click and View_NV_NA,204626174,11/6/2017,2,0,2,2,0,0,0,0,0,2,1,1
TJN_HOM_030_HomeGoods 2H Digital_F18,xAd Inc.,PJQ7ML_TJN_HOM_030_Mobile_GROUND TRUTH FKA XAD_DST_SV1_MAP_DIR_DSP_TRG_RON_BTG_DMA_DVY_BEHAVIORAL - HOME SHOPPER - DYNAMIC DISTANCE_Run of Network_Behavioral_F25-54_320 x 50_Click and View_NV_NA,204626174,11/4/2017,4,2,2,1,1,0,1,1,0,1,1,2
TJN_HOM_008_HomeGoods Summer Digital_FY18,xAd Inc.,PHHXGZ_TJN_HOM_008_Mobile_XAD INC_CHILD_LOYALTY_MOBILE APP_CUSTOM_RICH MEDIA_300X250_GEO-FENCING_Run of Network_Geo_F25-54_300 x 250_Click and View_NV_NA,200577158,8/3/2017,1316,51,1265,184,1081,5,1076,972,104,189,171,1143
TJN_HOM_030_HomeGoods 2H Digital_F18,NinthDecimal,PJQ7NJ_TJN_HOM_030_Mobile_NINTHDECIMAL_DST_SV1_MAP_DIR_RCH_TRG_RON_BTG_DMA_DVY_CONSUMER JOURNEY: BARGAIN HUNTERS_Run of Network_Behavioral_F25-54_320 x 50_Click and View_NV_NA,204644353,9/17/2017,10297,198,10099,2780,7319,35,7284,7089,195,2815,2740,9829
TJN_HOM_013_HomeGoods FEP_Q3FY18,Discovery Digital Media,PHWLS6_TJN_HOM_013_Content_DISCOVERY NETWORKS_Full Episode Video Mobile App_30s_FEP_Contextual_F25-54_1920 x 1080_Standard_NV_NA,201891425,8/4/2017,21027,146,20881,20881,0,0,0,0,0,20881,,
TJN_HOM_008_HomeGoods Summer Digital_FY18,Hulu,PHG79K_TJN_HOM_008_FEP_HULU_Summer TV Pre-roll_SPONSORSHIP_CROSS DEVICE_PRE-ROLL_VIDEO_1920X1080_VAST_N/A_N/A_N/A_3RD PARTY_N/A_Roadblock_Demo_F25-54_1920 x 1080_Standard_NV_NA,201466499,8/2/2017,139803,1451,138352,138352,0,0,0,0,0,138352,121635,121635
TJN_HOM_030_HomeGoods 2H Digital_F18,xAd Inc.,PJQ7ML_TJN_HOM_030_Mobile_GROUND TRUTH FKA XAD_DST_SV1_MAP_DIR_DSP_TRG_RON_BTG_DMA_DVY_BEHAVIORAL - HOME SHOPPER - DYNAMIC DISTANCE_Run of Network_Behavioral_F25-54_320 x 50_Click and View_NV_NA,204626174,9/25/2017,219811,5618,214193,105879,108314,3948,104366,79894,24472,109827,77639,157533
TJN_HOM_025_HomeGoods Digital Video_Q4FY18,Tremor Video Inc.,PK6F30_TJN_HOM_025_OLV_TREMOR NETWORK_AWR_BS1_CTV_DIR_VID_TRG_RON_PXT_CTG_DVY_ALL SCREEN PREROLL + PROXIMITYPLUS DWELL TIME TARGETING TO HOMEGOODS VISITORS CTV_Run of Network_Behavioral_F25-54_1280 x 720_Standard_NV_NA,205942131,10/29/2017,18071,1,18070,18070,0,0,0,0,0,18070,0,0
TJN_HOM_008_HomeGoods Summer Digital_FY18,NinthDecimal,PHHXGK_TJN_HOM_008_Mobile_NINTHDECIMAL_CHILD_PROSPECTING_MOBILE APP_CUSTOM_DISPLAY_320X50_Run of Network_Behavioral_F25-54_320 x 50_Click and View_NV_NA,200587954,8/31/2017,180644,3898,176746,58623,118123,808,117315,111712,5603,59431,56593,168305
TJN_HOM_030_HomeGoods 2H Digital_F18,NinthDecimal,"PJQ7NK_TJN_HOM_030_Mobile_NINTHDECIMAL_DST_SV1_MAP_DIR_RCH_TRG_RON_BTG_DMA_DVY_TV TARGETING: HGTV, DIY NETWORK, BRAVO, TLC, FOOD NETWORK_Run of Network_Behavioral_F25-54_320 x 50_Click and View_NV_NA",204674553,9/6/2017,3282,70,3212,2021,1191,18,1173,1123,50,2039,1952,3075
TJN_HOM_025_HomeGoods Digital Video_Q4FY18,Tremor Video Inc.,PK1FYM_TJN_HOM_025_OLV_TREMOR NETWORK_AWR_BS1_DSK_DIR_VID_TRG_RON_BTG_CTG_DVY_ALL SCREEN PREROLL + SOCIAL AFFINITY TARGETING TO W25-54 HOME ENTHUSIASTS DESKTOP_Run of Network_Behavioral_F25-54_1280 x 720_Standard_NV_NA,205941870,11/11/2017,32,22,10,1,9,8,1,0,1,9,0,0
TJN_HOM_030_HomeGoods 2H Digital_F18,xAd Inc.,PJQ7MQ_TJN_HOM_030_Mobile_GROUND TRUTH FKA XAD_DST_SV1_MAP_DIR_DSP_TRG_RON_MKT_DMA_DVY_LOCATION - COMPETITOR SHOPPERS - DYNAMIC DISTANCE_Run of Network_Geo_F25-54_320 x 50_Click and View_NV_NA,204617210,11/11/2017,44932,694,44238,34073,10165,1570,8595,7108,1487,35643,28807,35915
TJN_HOM_008_HomeGoods Summer Digital_FY18,xAd Inc.,PHHXGV_TJN_HOM_008_Mobile_XAD INC_CHILD_CONQUESTING_MOBILE APP_STANDARD_DISPLAY_300X250_GEO-FENCING_Run of Network_Geo_F25-54_300 x 250_Click and View_NV_NA,200573063,8/11/2017,13183,12465,718,337,381,312,69,66,3,649,621,687
TJN_HOM_013_HomeGoods FEP_Q3FY18,Scripps Networks,PHNKCT_TJN_HOM_013_FEP_SCRIPPSNETWORKS.COM_TVE_Crossplatform_FEP_Demo_F25-54_1 x 1_Click and View_NV_NA,201878832,8/30/2017,1320,4,1316,1316,0,0,0,0,0,1316,,
TJN_HOM_030_HomeGoods 2H Digital_F18,NinthDecimal,PJQ7NC_TJN_HOM_030_Mobile_NINTHDECIMAL_DST_SV1_MAP_DIR_RCH_TRG_RON_BTG_DMA_DVY_CONSUMER JOURNEY: DIYERS_Run of Network_Behavioral_F25-54_320 x 50_Click and View_NV_NA,204675009,9/7/2017,6881,130,6751,2433,4318,17,4301,4227,74,2450,2408,6635
TJN_HOM_008_HomeGoods Summer Digital_FY18,xAd Inc.,PHHXGT_TJN_HOM_008_Mobile_XAD INC_CHILD_CONQUESTING_MOBILE APP_STANDARD_DISPLAY_320X50_GEO-FENCING_Run of Network_Geo_F25-54_320 x 50_Click and View_NV_NA,200573066,7/24/2017,32664,233,32431,24759,7672,69,7603,5017,2586,24828,16383,21400
TJN_HOM_008_HomeGoods Summer Digital_FY18,xAd Inc.,PHHXGZ_TJN_HOM_008_Mobile_XAD INC_CHILD_LOYALTY_MOBILE APP_CUSTOM_RICH MEDIA_300X250_GEO-FENCING_Run of Network_Geo_F25-54_300 x 250_Click and View_NV_NA,200577158,8/7/2017,2272,86,2186,508,1678,12,1666,1526,140,520,476,2002
TJN_HOM_030_HomeGoods 2H Digital_F18,xAd Inc.,PJQ7MS_TJN_HOM_030_Mobile_GROUND TRUTH FKA XAD_DST_SV1_MAP_DIR_DSP_TRG_RON_DMA_PXT_DVY_AV DMA TARGETING_Run of Network_Geo_F25-54_300 x 250_Click and View_NV_NA,204646501,9/17/2017,8587,109,8478,3261,5217,3251,1966,1524,442,6512,5048,6572
TJN_HOM_030_HomeGoods 2H Digital_F18,NinthDecimal,PJQ7NH_TJN_HOM_030_Mobile_NINTHDECIMAL_DST_SV1_MAP_DIR_RCH_TRG_RON_BTG_DMA_DVY_CONSUMER JOURNEY: PET SUPPLY SHOPPERS_Run of Network_Behavioral_F25-54_320 x 50_Click and View_NV_NA,204647914,11/11/2017,4647,66,4581,225,4356,19,4337,4204,133,244,237,4441
TJN_HOM_008_HomeGoods Summer Digital_FY18,Hulu,PHG79G_TJN_HOM_008_FEP_HULU_ROS Pre-roll_CROSS DEVICE_PRE-ROLL_VIDEO_1920X1080_VAST_AUDIENCE_N/A_N/A_3RD PARTY_N/A_Run of Site_Demo_F25-54_1920 x 1080_Standard_NV_NA,201466946,9/29/2017,8882,46,8836,8836,0,0,0,0,0,8836,7879,7879
TJN_HOM_025_HomeGoods Digital Video_Q4FY18,Tremor Video Inc.,PK1FYN_TJN_HOM_025_OLV_TREMOR NETWORK_AWR_BS1_DSK_DIR_VID_TRG_RON_PXT_CTG_DVY_ALL SCREEN PREROLL + PROXIMITYPLUS DWELL TIME TARGETING TO HOMEGOODS VISITORS DESKTOP_Run of Network_Behavioral_F25-54_1280 x 720_Standard_NV_NA,205941312,10/12/2017,265,0,265,260,5,0,5,5,0,260,260,265
TJN_HOM_008_HomeGoods Summer Digital_FY18,NinthDecimal,PHHXGN_TJN_HOM_008_Mobile_NINTHDECIMAL_CHILD_LUXURY SHOPPERS RETENTION_MOBILE APP_CUSTOM_DISPLAY_320X50_Run of Network_Behavioral_F25-54_320 x 50_Click and View_NV_NA,200582901,8/30/2017,2789,126,2663,200,2463,12,2451,2262,189,212,196,2458
TJN_HOM_008_HomeGoods Summer Digital_FY18,xAd Inc.,PHHXGW_TJN_HOM_008_Mobile_XAD INC_CHILD_LOCATION AUDIENCE-HOMEGOODS SHOPPERS_MOBILE APP_STANDARD_DISPLAY_320X50_Run of Network_Behavioral_F25-54_320 x 50_Click and View_NV_NA,200585089,8/10/2017,38836,854,37982,3669,34313,811,33502,23916,9586,4480,3198,27114
TJN_HOM_030_HomeGoods 2H Digital_F18,xAd Inc.,PJQ7MM_TJN_HOM_030_Mobile_GROUND TRUTH FKA XAD_DST_SV1_MAP_DIR_DSP_TRG_RON_BTG_DMA_DVY_BEHAVIORAL - HOME SHOPPER- DYNAMIC DISTANCE_Run of Network_Behavioral_F25-54_300 x 250_Click and View_NV_NA,204626171,9/5/2017,4685,62,4623,4611,12,0,12,6,6,4611,2306,2312
TJN_HOM_030_HomeGoods 2H Digital_F18,xAd Inc.,PJQ7MP_TJN_HOM_030_Mobile_GROUND TRUTH FKA XAD_DST_SV1_MAP_DIR_DSP_TRG_RON_MKT_DMA_DVY_LOCATION - HOMEGOODS SHOPPERS - DYNAMIC DISTANCE_Run of Network_Geo_F25-54_300 x 250_Click and View_NV_NA,204647878,9/11/2017,3365,63,3302,3302,0,0,0,0,0,3302,3002,3002
TJN_HOM_008_HomeGoods Summer Digital_FY18,xAd Inc.,PHHXGV_TJN_HOM_008_Mobile_XAD INC_CHILD_CONQUESTING_MOBILE APP_STANDARD_DISPLAY_300X250_GEO-FENCING_Run of Network_Geo_F25-54_300 x 250_Click and View_NV_NA,200573063,8/20/2017,25038,6517,18521,106,18415,18394,21,20,1,18500,17619,17639
TJN_HOM_008_HomeGoods Summer Digital_FY18,xAd Inc.,Rolled-up Placements,N/A,7/6/2017,175641,22917,152724,130205,22519,11199,11320,8627,2693,141404,108015,116642
TJN_HOM_008_HomeGoods Summer Digital_FY18,NinthDecimal,Rolled-up Placements,N/A,7/3/2017,34974,282,34692,11597,23095,116,22979,21879,1100,11713,11192,33071
TJN_HOM_008_HomeGoods Summer Digital_FY18,xAd Inc.,PHHXGR_TJN_HOM_008_Mobile_XAD INC_CHILD_LOYALTY_MOBILE APP_STANDARD_DISPLAY_320X50_GEO-FENCING_Run of Network_Geo_F25-54_320 x 50_Click and View_NV_NA,200587518,8/9/2017,73512,1894,71618,50334,21284,303,20981,17481,3500,50637,42190,59671
TJN_HOM_008_HomeGoods Summer Digital_FY18,xAd Inc.,PHHXGR_TJN_HOM_008_Mobile_XAD INC_CHILD_LOYALTY_MOBILE APP_STANDARD_DISPLAY_320X50_GEO-FENCING_Run of Network_Geo_F25-54_320 x 50_Click and View_NV_NA,200587518,8/27/2017,87875,1604,86271,45049,41222,265,40957,40655,302,45314,44980,85635
TJN_HOM_008_HomeGoods Summer Digital_FY18,NinthDecimal,PHHXGQ_TJN_HOM_008_Mobile_NINTHDECIMAL_CHILD_PET OWNERS RETENTION_MOBILE APP_CUSTOM_DISPLAY_320X50_Run of Network_Behavioral_F25-54_320 x 50_Click and View_NV_NA,200578886,8/25/2017,5126,39,5087,814,4273,28,4245,3989,256,842,791,4780
TJN_HOM_030_HomeGoods 2H Digital_F18,Nativo Inc.,PK87W8_TJN_HOM_030_Content_NATIVO FKA POST RLSE_DSI_BS2_MWB_DIR_NAD_ROT_RON_CTG_BTG_DVY_NATIVE DISPLAY UNIT FALL TRENDS_Run of Network_Contextual_F25-54_1 x 1_Click and View_NV_NA,206137761,10/23/2017,216783,8855,207928,4732,203196,21902,181294,66820,114474,26634,9817,76637
TJN_HOM_030_HomeGoods 2H Digital_F18,xAd Inc.,PJQ7MP_TJN_HOM_030_Mobile_GROUND TRUTH FKA XAD_DST_SV1_MAP_DIR_DSP_TRG_RON_MKT_DMA_DVY_LOCATION - HOMEGOODS SHOPPERS - DYNAMIC DISTANCE_Run of Network_Geo_F25-54_300 x 250_Click and View_NV_NA,204647878,9/26/2017,9032,2186,6846,6796,50,1,49,48,1,6797,6654,6702
TJN_HOM_013_HomeGoods FEP_Q3FY18,Scripps Networks,PHNKCR_TJN_HOM_013_FEP_SCRIPPSNETWORKS.COM_On-site_Crossplatform_FEP_Demo_F25-54_1280 x 720_Standard_NV_NA,201888442,7/27/2017,2353,19,2334,2334,0,0,0,0,0,2334,,
TJN_HOM_008_HomeGoods Summer Digital_FY18,NinthDecimal,PHHXGK_TJN_HOM_008_Mobile_NINTHDECIMAL_CHILD_PROSPECTING_MOBILE APP_CUSTOM_DISPLAY_320X50_Run of Network_Behavioral_F25-54_320 x 50_Click and View_NV_NA,200587954,7/28/2017,243153,3391,239762,81519,158243,674,157569,152127,5442,82193,79354,231481
TJN_HOM_030_HomeGoods 2H Digital_F18,NinthDecimal,PJQ7NC_TJN_HOM_030_Mobile_NINTHDECIMAL_DST_SV1_MAP_DIR_RCH_TRG_RON_BTG_DMA_DVY_CONSUMER JOURNEY: DIYERS_Run of Network_Behavioral_F25-54_320 x 50_Click and View_NV_NA,204675009,11/5/2017,4671,58,4613,509,4104,13,4091,3993,98,522,509,4502
TJN_HOM_030_HomeGoods 2H Digital_F18,NinthDecimal,PJQ7NB_TJN_HOM_030_Mobile_NINTHDECIMAL_DST_SV1_MAP_DIR_RCH_TRG_RON_BTG_PXT_DVY_LOCATION GRAPH: COMPETITIVE CONQUESTING_Run of Network_Behavioral_F25-54_320 x 50_Click and View_NV_NA,204649942,9/5/2017,5946,120,5826,3707,2119,12,2107,2034,73,3719,3590,5624
TJN_HOM_008_HomeGoods Summer Digital_FY18,NinthDecimal,PHHXGM_TJN_HOM_008_Mobile_NINTHDECIMAL_CHILD_LUXURY SHOPPERS PROSPECTING_MOBILE APP_CUSTOM_DISPLAY_320X50_Run of Network_Behavioral_F25-54_320 x 50_Click and View_NV_NA,200581998,8/5/2017,13520,317,13203,3790,9413,72,9341,8412,929,3862,3478,11890
TJN_HOM_030_HomeGoods 2H Digital_F18,NinthDecimal,PJQ7N9_TJN_HOM_030_Mobile_NINTHDECIMAL_DST_SV1_MAP_DIR_RCH_TRG_RON_BTG_PXT_DVY_LOCATION GRAPH: TJX FAMILY LOYALISTS_Run of Network_Behavioral_F25-54_320 x 50_Click and View_NV_NA,204647917,10/8/2017,13527,194,13333,6996,6337,38,6299,6104,195,7034,6816,12920
TJN_HOM_030_HomeGoods 2H Digital_F18,xAd Inc.,PJQ7MM_TJN_HOM_030_Mobile_GROUND TRUTH FKA XAD_DST_SV1_MAP_DIR_DSP_TRG_RON_BTG_DMA_DVY_BEHAVIORAL - HOME SHOPPER- DYNAMIC DISTANCE_Run of Network_Behavioral_F25-54_300 x 250_Click and View_NV_NA,204626171,10/14/2017,6811,596,6215,6215,0,0,0,0,0,6215,0,0
TJN_HOM_008_HomeGoods Summer Digital_FY18,NinthDecimal,PHHXGM_TJN_HOM_008_Mobile_NINTHDECIMAL_CHILD_LUXURY SHOPPERS PROSPECTING_MOBILE APP_CUSTOM_DISPLAY_320X50_Run of Network_Behavioral_F25-54_320 x 50_Click and View_NV_NA,200581998,9/5/2017,72,1,71,6,65,3,62,58,4,9,8,66
TJN_HOM_030_HomeGoods 2H Digital_F18,NinthDecimal,PJQ7NG_TJN_HOM_030_Mobile_NINTHDECIMAL_DST_SV1_MAP_DIR_RCH_TRG_RON_BTG_DMA_DVY_CONSUMER JOURNEY: NEW HOME BUYERS & MOVERS_Run of Network_Behavioral_F25-54_320 x 50_Click and View_NV_NA,204625835,10/17/2017,9452,166,9286,4466,4820,35,4785,4620,165,4501,4346,8966
TJN_HOM_008_HomeGoods Summer Digital_FY18,xAd Inc.,PHHXGV_TJN_HOM_008_Mobile_XAD INC_CHILD_CONQUESTING_MOBILE APP_STANDARD_DISPLAY_300X250_GEO-FENCING_Run of Network_Geo_F25-54_300 x 250_Click and View_NV_NA,200573063,8/24/2017,25763,6888,18875,302,18573,18572,1,1,0,18874,18874,18875
TJN_HOM_030_HomeGoods 2H Digital_F18,Nativo Inc.,PJQDHJ_TJN_HOM_030_Content_NATIVO FKA POST RLSE_DSI_BS2_MWB_DIR_NAD_ROT_RON_CTG_BTG_DVY_NATIVE DISPLAY UNIT FALLIDAYS_Run of Network_Contextual_F25-54_1 x 1_Click and View_NV_NA,206024352,11/2/2017,4,0,4,0,4,1,3,0,3,1,0,0
TJN_HOM_030_HomeGoods 2H Digital_F18,xAd Inc.,PJQ7ML_TJN_HOM_030_Mobile_GROUND TRUTH FKA XAD_DST_SV1_MAP_DIR_DSP_TRG_RON_BTG_DMA_DVY_BEHAVIORAL - HOME SHOPPER - DYNAMIC DISTANCE_Run of Network_Behavioral_F25-54_320 x 50_Click and View_NV_NA,204626174,10/26/2017,8348,147,8201,6854,1347,57,1290,588,702,6911,2448,3036
TJN_HOM_030_HomeGoods 2H Digital_F18,xAd Inc.,PJQ7MM_TJN_HOM_030_Mobile_GROUND TRUTH FKA XAD_DST_SV1_MAP_DIR_DSP_TRG_RON_BTG_DMA_DVY_BEHAVIORAL - HOME SHOPPER- DYNAMIC DISTANCE_Run of Network_Behavioral_F25-54_300 x 250_Click and View_NV_NA,204626171,9/14/2017,5737,216,5521,5520,1,1,0,0,0,5521,552,552
TJN_HOM_013_HomeGoods FEP_Q3FY18,Discovery Digital Media,PHWLS9_TJN_HOM_013_Content_DISCOVERY NETWORKS_Full Episode Video OTT/CTV_30s_FEP_Contextual_F25-54_1920 x 1080_Standard_NV_NA,201891428,9/11/2017,10342,26,10316,10316,0,0,0,0,0,10316,,
TJN_HOM_030_HomeGoods 2H Digital_F18,NinthDecimal,PJQ7NF_TJN_HOM_030_Mobile_NINTHDECIMAL_DST_SV1_MAP_DIR_RCH_TRG_RON_BTG_DMA_DVY_CONSUMER JOURNEY: HOME FURNISHINGS SHOPPERS_Run of Network_Behavioral_F25-54_320 x 50_Click and View_NV_NA,204626291,9/16/2017,10823,283,10540,2967,7573,34,7539,7374,165,3001,2935,10309
TJN_HOM_008_HomeGoods Summer Digital_FY18,NinthDecimal,PHHXGM_TJN_HOM_008_Mobile_NINTHDECIMAL_CHILD_LUXURY SHOPPERS PROSPECTING_MOBILE APP_CUSTOM_DISPLAY_320X50_Run of Network_Behavioral_F25-54_320 x 50_Click and View_NV_NA,200581998,8/18/2017,38130,833,37297,9698,27599,200,27399,24752,2647,9898,8942,33694
TJN_HOM_030_HomeGoods 2H Digital_F18,xAd Inc.,PJQ7MR_TJN_HOM_030_Mobile_GROUND TRUTH FKA XAD_DST_SV1_MAP_DIR_DSP_TRG_RON_MKT_DMA_DVY_LOCATION - COMPETITOR SHOPPERS - DYNAMIC DISTANCE_Run of Network_Geo_F25-54_300 x 250_Click and View_NV_NA,204647890,9/29/2017,52422,19204,33218,33212,6,0,6,1,5,33212,5534,5535
TJN_HOM_025_HomeGoods Digital Video_Q4FY18,Tremor Video Inc.,PK6DYV_TJN_HOM_025_OLV_TREMOR NETWORK_AWR_BS1_MAP_DIR_VID_TRG_RON_PXT_CTG_DVY_ALL SCREEN PREROLL + PROXIMITYPLUS DWELL TIME TARGETING TO HOMEGOODS VISITORS MOB/TAB APP_Run of Network_Behavioral_F25-54_1280 x 720_Standard_NV_NA,205859075,10/4/2017,56550,637,55913,55860,53,19,34,26,8,55879,42731,42757
TJN_HOM_008_HomeGoods Summer Digital_FY18,NinthDecimal,PHHXGQ_TJN_HOM_008_Mobile_NINTHDECIMAL_CHILD_PET OWNERS RETENTION_MOBILE APP_CUSTOM_DISPLAY_320X50_Run of Network_Behavioral_F25-54_320 x 50_Click and View_NV_NA,200578886,7/25/2017,1812,71,1741,303,1438,2,1436,1387,49,305,295,1682
TJN_HOM_030_HomeGoods 2H Digital_F18,NinthDecimal,PJQ7N9_TJN_HOM_030_Mobile_NINTHDECIMAL_DST_SV1_MAP_DIR_RCH_TRG_RON_BTG_PXT_DVY_LOCATION GRAPH: TJX FAMILY LOYALISTS_Run of Network_Behavioral_F25-54_320 x 50_Click and View_NV_NA,204647917,10/29/2017,8350,59,8291,257,8034,17,8017,7832,185,274,268,8100
TJN_HOM_030_HomeGoods 2H Digital_F18,NinthDecimal,PJQ7NG_TJN_HOM_030_Mobile_NINTHDECIMAL_DST_SV1_MAP_DIR_RCH_TRG_RON_BTG_DMA_DVY_CONSUMER JOURNEY: NEW HOME BUYERS & MOVERS_Run of Network_Behavioral_F25-54_320 x 50_Click and View_NV_NA,204625835,10/24/2017,9601,215,9386,3259,6127,167,5960,5793,167,3426,3330,9123
TJN_HOM_013_HomeGoods FEP_Q3FY18,Scripps Networks,PHNKCT_TJN_HOM_013_FEP_SCRIPPSNETWORKS.COM_TVE_Crossplatform_FEP_Demo_F25-54_1 x 1_Click and View_NV_NA,201878832,8/12/2017,3171,18,3153,3153,0,0,0,0,0,3153,,
TJN_HOM_030_HomeGoods 2H Digital_F18,xAd Inc.,PJQ7MK_TJN_HOM_030_Mobile_GROUND TRUTH FKA XAD_DST_SV1_MAP_DIR_DSP_TRG_RON_PXT_BTG_DVY_PROXIMITY LOYALTY - STORE LOCATOR UNIT_Run of Network_Geo_F25-54_300 x 250_Click and View_NV_NA,204625442,10/10/2017,3309,9,3300,53,3247,70,3177,2538,639,123,98,2636
TJN_HOM_030_HomeGoods 2H Digital_F18,xAd Inc.,PJQ7MS_TJN_HOM_030_Mobile_GROUND TRUTH FKA XAD_DST_SV1_MAP_DIR_DSP_TRG_RON_DMA_PXT_DVY_AV DMA TARGETING_Run of Network_Geo_F25-54_300 x 250_Click and View_NV_NA,204646501,9/6/2017,3254,57,3197,1202,1995,27,1968,1511,457,1229,944,2455
TJN_HOM_008_HomeGoods Summer Digital_FY18,xAd Inc.,Rolled-up Placements,N/A,6/30/2017,454357,11613,442744,168228,274516,64447,210069,159152,50917,232675,177939,337091
TJN_HOM_030_HomeGoods 2H Digital_F18,NinthDecimal,PJQ7ND_TJN_HOM_030_Mobile_NINTHDECIMAL_DST_SV1_MAP_DIR_RCH_TRG_RON_BTG_DMA_DVY_CONSUMER JOURNEY: HOUSEHOLD CEO_Run of Network_Behavioral_F25-54_320 x 50_Click and View_NV_NA,204626294,9/17/2017,9819,232,9587,2390,7197,30,7167,7004,163,2420,2365,9369
TJN_HOM_008_HomeGoods Summer Digital_FY18,NinthDecimal,PHHXGK_TJN_HOM_008_Mobile_NINTHDECIMAL_CHILD_PROSPECTING_MOBILE APP_CUSTOM_DISPLAY_320X50_Run of Network_Behavioral_F25-54_320 x 50_Click and View_NV_NA,200587954,9/1/2017,91108,1588,89520,25143,64377,363,64014,61288,2726,25506,24420,85708
TJN_HOM_008_HomeGoods Summer Digital_FY18,Hulu,PHG79N_TJN_HOM_008_FEP_HULU_Masthead_SPONSORSHIP_CROSS DEVICE_CUSTOM_VIDEO_1X1_1X1_N/A_N/A_N/A_SITE_N/A_Roadblock_Demo_F25-54_1 x 1_Click and View_NV_NA,201462657,7/24/2017,35292,311,34981,34981,0,0,0,0,0,34981,31891,31891
TJN_HOM_030_HomeGoods 2H Digital_F18,NinthDecimal,PJQ7NF_TJN_HOM_030_Mobile_NINTHDECIMAL_DST_SV1_MAP_DIR_RCH_TRG_RON_BTG_DMA_DVY_CONSUMER JOURNEY: HOME FURNISHINGS SHOPPERS_Run of Network_Behavioral_F25-54_320 x 50_Click and View_NV_NA,204626291,10/13/2017,9447,158,9289,5494,3795,18,3777,3658,119,5512,5338,8996
TJN_HOM_008_HomeGoods Summer Digital_FY18,NinthDecimal,PHHXGN_TJN_HOM_008_Mobile_NINTHDECIMAL_CHILD_LUXURY SHOPPERS RETENTION_MOBILE APP_CUSTOM_DISPLAY_320X50_Run of Network_Behavioral_F25-54_320 x 50_Click and View_NV_NA,200582901,8/12/2017,6123,67,6056,870,5186,60,5126,4474,652,930,812,5286
TJN_HOM_008_HomeGoods Summer Digital_FY18,NinthDecimal,Rolled-up Placements,N/A,7/9/2017,134200,1538,132662,50346,82316,359,81957,78648,3309,50705,48759,127407
TJN_HOM_030_HomeGoods 2H Digital_F18,xAd Inc.,PJQ7MP_TJN_HOM_030_Mobile_GROUND TRUTH FKA XAD_DST_SV1_MAP_DIR_DSP_TRG_RON_MKT_DMA_DVY_LOCATION - HOMEGOODS SHOPPERS - DYNAMIC DISTANCE_Run of Network_Geo_F25-54_300 x 250_Click and View_NV_NA,204647878,10/9/2017,6857,237,6620,6620,0,0,0,0,0,6620,6620,6620
TJN_HOM_030_HomeGoods 2H Digital_F18,NinthDecimal,"PJQ7NK_TJN_HOM_030_Mobile_NINTHDECIMAL_DST_SV1_MAP_DIR_RCH_TRG_RON_BTG_DMA_DVY_TV TARGETING: HGTV, DIY NETWORK, BRAVO, TLC, FOOD NETWORK_Run of Network_Behavioral_F25-54_320 x 50_Click and View_NV_NA",204674553,9/17/2017,6461,138,6323,1791,4532,28,4504,4359,145,1819,1760,6119
TJN_HOM_008_HomeGoods Summer Digital_FY18,Hulu,PHG79M_TJN_HOM_008_FEP_HULU_Premium Slate_CROSS DEVICE_PRE-ROLL_CUSTOM_VECTOR LOGO_1X1_N/A_N/A_N/A_SITE_N/A_Roadblock_Demo_F25-54_1 x 1_Click and View_NV_NA,201466502,7/19/2017,83008,892,82116,82116,0,0,0,0,0,82116,78553,78553
TJN_HOM_030_HomeGoods 2H Digital_F18,NinthDecimal,PJQ7NF_TJN_HOM_030_Mobile_NINTHDECIMAL_DST_SV1_MAP_DIR_RCH_TRG_RON_BTG_DMA_DVY_CONSUMER JOURNEY: HOME FURNISHINGS SHOPPERS_Run of Network_Behavioral_F25-54_320 x 50_Click and View_NV_NA,204626291,11/13/2017,2,0,2,1,1,0,1,1,0,1,1,2
TJN_HOM_030_HomeGoods 2H Digital_F18,NinthDecimal,PJQ7NF_TJN_HOM_030_Mobile_NINTHDECIMAL_DST_SV1_MAP_DIR_RCH_TRG_RON_BTG_DMA_DVY_CONSUMER JOURNEY: HOME FURNISHINGS SHOPPERS_Run of Network_Behavioral_F25-54_320 x 50_Click and View_NV_NA,204626291,9/13/2017,12391,246,12145,2325,9820,40,9780,9586,194,2365,2318,11904
TJN_HOM_008_HomeGoods Summer Digital_FY18,xAd Inc.,PHHXGT_TJN_HOM_008_Mobile_XAD INC_CHILD_CONQUESTING_MOBILE APP_STANDARD_DISPLAY_320X50_GEO-FENCING_Run of Network_Geo_F25-54_320 x 50_Click and View_NV_NA,200573066,8/21/2017,94984,1227,93757,53798,39959,992,38967,35626,3341,54790,50092,85718
TJN_HOM_030_HomeGoods 2H Digital_F18,xAd Inc.,PJQ7MR_TJN_HOM_030_Mobile_GROUND TRUTH FKA XAD_DST_SV1_MAP_DIR_DSP_TRG_RON_MKT_DMA_DVY_LOCATION - COMPETITOR SHOPPERS - DYNAMIC DISTANCE_Run of Network_Geo_F25-54_300 x 250_Click and View_NV_NA,204647890,9/10/2017,5091,62,5029,5029,0,0,0,0,0,5029,4311,4311
TJN_HOM_008_HomeGoods Summer Digital_FY18,xAd Inc.,PHHXH0_TJN_HOM_008_Mobile_XAD INC_STANDALONE_RON_MOBILE APP_STANDARD_DISPLAY_320X50_GEO-FENCING_Run of Network_Behavioral_F25-54_320 x 50_Click and View_NV_NA,200587948,8/12/2017,13023,153,12870,9576,3294,56,3238,2327,911,9632,6922,9249
TJN_HOM_030_HomeGoods 2H Digital_F18,NinthDecimal,PJQ7NG_TJN_HOM_030_Mobile_NINTHDECIMAL_DST_SV1_MAP_DIR_RCH_TRG_RON_BTG_DMA_DVY_CONSUMER JOURNEY: NEW HOME BUYERS & MOVERS_Run of Network_Behavioral_F25-54_320 x 50_Click and View_NV_NA,204625835,10/5/2017,7348,120,7228,3640,3588,27,3561,3397,164,3667,3498,6895
TJN_HOM_008_HomeGoods Summer Digital_FY18,NinthDecimal,Rolled-up Placements,N/A,6/22/2017,44284,384,43900,15683,28217,144,28073,27094,979,15827,15292,42386
TJN_HOM_030_HomeGoods 2H Digital_F18,Nativo Inc.,PJQDHJ_TJN_HOM_030_Content_NATIVO FKA POST RLSE_DSI_BS2_MWB_DIR_NAD_ROT_RON_CTG_BTG_DVY_NATIVE DISPLAY UNIT FALLIDAYS_Run of Network_Contextual_F25-54_1 x 1_Click and View_NV_NA,206024352,10/20/2017,480724,23001,457723,4061,453662,38941,414721,167588,247133,43002,17377,184965
TJN_HOM_030_HomeGoods 2H Digital_F18,xAd Inc.,PJQ7MM_TJN_HOM_030_Mobile_GROUND TRUTH FKA XAD_DST_SV1_MAP_DIR_DSP_TRG_RON_BTG_DMA_DVY_BEHAVIORAL - HOME SHOPPER- DYNAMIC DISTANCE_Run of Network_Behavioral_F25-54_300 x 250_Click and View_NV_NA,204626171,9/28/2017,80048,34251,45797,45683,114,4,110,94,16,45687,39007,39101
TJN_HOM_008_HomeGoods Summer Digital_FY18,xAd Inc.,PHHXGZ_TJN_HOM_008_Mobile_XAD INC_CHILD_LOYALTY_MOBILE APP_CUSTOM_RICH MEDIA_300X250_GEO-FENCING_Run of Network_Geo_F25-54_300 x 250_Click and View_NV_NA,200577158,8/29/2017,14071,216,13855,13159,696,6,690,679,11,13165,12955,13634
TJN_HOM_030_HomeGoods 2H Digital_F18,NinthDecimal,PJQ7NJ_TJN_HOM_030_Mobile_NINTHDECIMAL_DST_SV1_MAP_DIR_RCH_TRG_RON_BTG_DMA_DVY_CONSUMER JOURNEY: BARGAIN HUNTERS_Run of Network_Behavioral_F25-54_320 x 50_Click and View_NV_NA,204644353,9/6/2017,5943,125,5818,2224,3594,20,3574,3498,76,2244,2196,5694
TJN_HOM_008_HomeGoods Summer Digital_FY18,Hulu,PHG79G_TJN_HOM_008_FEP_HULU_ROS Pre-roll_CROSS DEVICE_PRE-ROLL_VIDEO_1920X1080_VAST_AUDIENCE_N/A_N/A_3RD PARTY_N/A_Run of Site_Demo_F25-54_1920 x 1080_Standard_NV_NA,201466946,8/17/2017,13056,90,12966,12966,0,0,0,0,0,12966,11544,11544
TJN_HOM_030_HomeGoods 2H Digital_F18,xAd Inc.,PJQ7MP_TJN_HOM_030_Mobile_GROUND TRUTH FKA XAD_DST_SV1_MAP_DIR_DSP_TRG_RON_MKT_DMA_DVY_LOCATION - HOMEGOODS SHOPPERS - DYNAMIC DISTANCE_Run of Network_Geo_F25-54_300 x 250_Click and View_NV_NA,204647878,11/12/2017,10072,812,9260,9260,0,0,0,0,0,9260,9260,9260
TJN_HOM_030_HomeGoods 2H Digital_F18,NinthDecimal,PJQ7NG_TJN_HOM_030_Mobile_NINTHDECIMAL_DST_SV1_MAP_DIR_RCH_TRG_RON_BTG_DMA_DVY_CONSUMER JOURNEY: NEW HOME BUYERS & MOVERS_Run of Network_Behavioral_F25-54_320 x 50_Click and View_NV_NA,204625835,11/10/2017,5102,123,4979,432,4547,22,4525,4366,159,454,438,4804
TJN_HOM_030_HomeGoods 2H Digital_F18,NinthDecimal,PJQ7NF_TJN_HOM_030_Mobile_NINTHDECIMAL_DST_SV1_MAP_DIR_RCH_TRG_RON_BTG_DMA_DVY_CONSUMER JOURNEY: HOME FURNISHINGS SHOPPERS_Run of Network_Behavioral_F25-54_320 x 50_Click and View_NV_NA,204626291,9/19/2017,9281,200,9081,2690,6391,28,6363,6210,153,2718,2653,8863
TJN_HOM_008_HomeGoods Summer Digital_FY18,Hulu,PHG79J_TJN_HOM_008_FEP_HULU_Branded Slate_ROS_CROSS DEVICE_PRE-ROLL_CUSTOM_VECTOR LOGO_1X1_AUDIENCE_N/A_N/A_SITE_N/A_Run of Site_Demo_F25-54_1 x 1_Click and View_NV_NA,201467345,9/11/2017,3447,23,3424,3424,0,0,0,0,0,3424,3303,3303
TJN_HOM_030_HomeGoods 2H Digital_F18,xAd Inc.,PJQ7MK_TJN_HOM_030_Mobile_GROUND TRUTH FKA XAD_DST_SV1_MAP_DIR_DSP_TRG_RON_PXT_BTG_DVY_PROXIMITY LOYALTY - STORE LOCATOR UNIT_Run of Network_Geo_F25-54_300 x 250_Click and View_NV_NA,204625442,10/22/2017,3947,31,3916,868,3048,18,3030,2780,250,886,813,3593
TJN_HOM_008_HomeGoods Summer Digital_FY18,xAd Inc.,PHHXGY_TJN_HOM_008_Mobile_XAD INC_CHILD_LOYALTY_MOBILE APP_CUSTOM_RICH MEDIA_320X50_GEO-FENCING_Run of Network_Geo_F25-54_320 x 50_Click and View_NV_NA,200584630,8/24/2017,32349,249,32100,16263,15837,56,15781,15746,35,16319,16283,32029
TJN_HOM_008_HomeGoods Summer Digital_FY18,Hulu,PHG79M_TJN_HOM_008_FEP_HULU_Premium Slate_CROSS DEVICE_PRE-ROLL_CUSTOM_VECTOR LOGO_1X1_N/A_N/A_N/A_SITE_N/A_Roadblock_Demo_F25-54_1 x 1_Click and View_NV_NA,201466502,8/6/2017,83740,651,83089,83089,0,0,0,0,0,83089,69983,69983
TJN_HOM_013_HomeGoods FEP_Q3FY18,Discovery Digital Media,PHWLS5_TJN_HOM_013_Content_DISCOVERY NETWORKS_Full Episode Video Desktop_30s_FEP_Contextual_F25-54_1920 x 1080_Standard_NV_NA,201895013,8/16/2017,4166,97,4069,4069,0,0,0,0,0,4069,,
TJN_HOM_013_HomeGoods FEP_Q3FY18,Discovery Digital Media,PHWLS9_TJN_HOM_013_Content_DISCOVERY NETWORKS_Full Episode Video OTT/CTV_30s_FEP_Contextual_F25-54_1920 x 1080_Standard_NV_NA,201891428,8/1/2017,11395,23,11372,11372,0,0,0,0,0,11372,,
TJN_HOM_030_HomeGoods 2H Digital_F18,xAd Inc.,PJQ7MJ_TJN_HOM_030_Mobile_GROUND TRUTH FKA XAD_DST_SV1_MAP_DIR_DSP_TRG_RON_PXT_BTG_DVY_PROXIMITY LOYALTY - STORE LOCATOR UNIT_Run of Network_Geo_F25-54_320 x 50_Click and View_NV_NA,204649939,9/15/2017,19555,568,18987,10954,8033,4440,3593,3281,312,15394,14057,17338
TJN_HOM_008_HomeGoods Summer Digital_FY18,Hulu,PHG79J_TJN_HOM_008_FEP_HULU_Branded Slate_ROS_CROSS DEVICE_PRE-ROLL_CUSTOM_VECTOR LOGO_1X1_AUDIENCE_N/A_N/A_SITE_N/A_Run of Site_Demo_F25-54_1 x 1_Click and View_NV_NA,201467345,9/23/2017,1722,7,1715,1715,0,0,0,0,0,1715,1529,1529
TJN_HOM_030_HomeGoods 2H Digital_F18,xAd Inc.,PJQ7MG_TJN_HOM_030_Mobile_GROUND TRUTH FKA XAD_DST_SV1_MAP_DIR_DSP_TRG_RON_PXT_BTG_DVY_PROXIMITY LOYALTY - DYNAMIC DISTANCE_Run of Network_Geo_F25-54_320 x 50_Click and View_NV_NA,204626813,10/7/2017,124598,3277,121321,92876,28445,3239,25206,20026,5180,96115,78710,98736
TJN_HOM_013_HomeGoods FEP_Q3FY18,Discovery Digital Media,PHWLS9_TJN_HOM_013_Content_DISCOVERY NETWORKS_Full Episode Video OTT/CTV_30s_FEP_Contextual_F25-54_1920 x 1080_Standard_NV_NA,201891428,7/29/2017,11211,14,11197,11197,0,0,0,0,0,11197,,
TJN_HOM_013_HomeGoods FEP_Q3FY18,Discovery Digital Media,PHWLS5_TJN_HOM_013_Content_DISCOVERY NETWORKS_Full Episode Video Desktop_30s_FEP_Contextual_F25-54_1920 x 1080_Standard_NV_NA,201895013,9/10/2017,3831,71,3760,3760,0,0,0,0,0,3760,,
TJN_HOM_030_HomeGoods 2H Digital_F18,xAd Inc.,PJQ7MK_TJN_HOM_030_Mobile_GROUND TRUTH FKA XAD_DST_SV1_MAP_DIR_DSP_TRG_RON_PXT_BTG_DVY_PROXIMITY LOYALTY - STORE LOCATOR UNIT_Run of Network_Geo_F25-54_300 x 250_Click and View_NV_NA,204625442,10/12/2017,3533,10,3523,60,3463,76,3387,2793,594,136,112,2905
TJN_HOM_008_HomeGoods Summer Digital_FY18,xAd Inc.,PHHXGZ_TJN_HOM_008_Mobile_XAD INC_CHILD_LOYALTY_MOBILE APP_CUSTOM_RICH MEDIA_300X250_GEO-FENCING_Run of Network_Geo_F25-54_300 x 250_Click and View_NV_NA,200577158,9/1/2017,24552,446,24106,23491,615,22,593,554,39,23513,21964,22518
TJN_HOM_030_HomeGoods 2H Digital_F18,NinthDecimal,PJQ7N5_TJN_HOM_030_Mobile_NINTHDECIMAL_DST_SV1_MAP_DIR_RCH_TRG_RON_PXT_DMA_DVY_GEOFENCE: 2-MILE RADIUS AROUND URBAN STORES_Run of Network_Geo_F25-54_320 x 50_Click and View_NV_NA,204649945,10/7/2017,8045,241,7804,4928,2876,36,2840,2758,82,4964,4821,7579
TJN_HOM_008_HomeGoods Summer Digital_FY18,NinthDecimal,PHHXGQ_TJN_HOM_008_Mobile_NINTHDECIMAL_CHILD_PET OWNERS RETENTION_MOBILE APP_CUSTOM_DISPLAY_320X50_Run of Network_Behavioral_F25-54_320 x 50_Click and View_NV_NA,200578886,7/21/2017,1297,37,1260,250,1010,6,1004,935,69,256,238,1173
TJN_HOM_008_HomeGoods Summer Digital_FY18,Hulu,PHG79K_TJN_HOM_008_FEP_HULU_Summer TV Pre-roll_SPONSORSHIP_CROSS DEVICE_PRE-ROLL_VIDEO_1920X1080_VAST_N/A_N/A_N/A_3RD PARTY_N/A_Roadblock_Demo_F25-54_1920 x 1080_Standard_NV_NA,201466499,8/8/2017,147214,1295,145919,145919,0,0,0,0,0,145919,126619,126619
TJN_HOM_008_HomeGoods Summer Digital_FY18,xAd Inc.,PHHXGS_TJN_HOM_008_Mobile_XAD INC_CHILD_LOYALTY_MOBILE APP_STANDARD_DISPLAY_300X250_GEO-FENCING_Run of Network_Geo_F25-54_300 x 250_Click and View_NV_NA,200583064,7/20/2017,20720,11838,8882,6267,2615,1229,1386,1342,44,7496,7258,8600
TJN_HOM_008_HomeGoods Summer Digital_FY18,xAd Inc.,PHHXGW_TJN_HOM_008_Mobile_XAD INC_CHILD_LOCATION AUDIENCE-HOMEGOODS SHOPPERS_MOBILE APP_STANDARD_DISPLAY_320X50_Run of Network_Behavioral_F25-54_320 x 50_Click and View_NV_NA,200585089,7/30/2017,27984,629,27355,4357,22998,549,22449,15771,6678,4906,3447,19218
TJN_HOM_013_HomeGoods FEP_Q3FY18,Discovery Digital Media,PHWLS6_TJN_HOM_013_Content_DISCOVERY NETWORKS_Full Episode Video Mobile App_30s_FEP_Contextual_F25-54_1920 x 1080_Standard_NV_NA,201891425,8/22/2017,15880,184,15696,15696,0,0,0,0,0,15696,,
TJN_HOM_008_HomeGoods Summer Digital_FY18,xAd Inc.,PHHXGY_TJN_HOM_008_Mobile_XAD INC_CHILD_LOYALTY_MOBILE APP_CUSTOM_RICH MEDIA_320X50_GEO-FENCING_Run of Network_Geo_F25-54_320 x 50_Click and View_NV_NA,200584630,8/20/2017,24595,268,24327,16784,7543,277,7266,7058,208,17061,16573,23631
TJN_HOM_030_HomeGoods 2H Digital_F18,NinthDecimal,PJQ7N5_TJN_HOM_030_Mobile_NINTHDECIMAL_DST_SV1_MAP_DIR_RCH_TRG_RON_PXT_DMA_DVY_GEOFENCE: 2-MILE RADIUS AROUND URBAN STORES_Run of Network_Geo_F25-54_320 x 50_Click and View_NV_NA,204649945,9/8/2017,5890,188,5702,3205,2497,19,2478,2378,100,3224,3094,5472
TJN_HOM_025_HomeGoods Digital Video_Q4FY18,Tremor Video Inc.,PK6F30_TJN_HOM_025_OLV_TREMOR NETWORK_AWR_BS1_CTV_DIR_VID_TRG_RON_PXT_CTG_DVY_ALL SCREEN PREROLL + PROXIMITYPLUS DWELL TIME TARGETING TO HOMEGOODS VISITORS CTV_Run of Network_Behavioral_F25-54_1280 x 720_Standard_NV_NA,205942131,10/28/2017,100871,0,100871,100871,0,0,0,0,0,100871,0,0
TJN_HOM_030_HomeGoods 2H Digital_F18,NinthDecimal,PJQ7NB_TJN_HOM_030_Mobile_NINTHDECIMAL_DST_SV1_MAP_DIR_RCH_TRG_RON_BTG_PXT_DVY_LOCATION GRAPH: COMPETITIVE CONQUESTING_Run of Network_Behavioral_F25-54_320 x 50_Click and View_NV_NA,204649942,11/2/2017,1363,18,1345,259,1086,3,1083,1046,37,262,253,1299
TJN_HOM_013_HomeGoods FEP_Q3FY18,Discovery Digital Media,Rolled-up Placements,N/A,7/16/2017,38104,253,37851,37851,0,0,0,0,0,37851,,
TJN_HOM_008_HomeGoods Summer Digital_FY18,NinthDecimal,PHHXGK_TJN_HOM_008_Mobile_NINTHDECIMAL_CHILD_PROSPECTING_MOBILE APP_CUSTOM_DISPLAY_320X50_Run of Network_Behavioral_F25-54_320 x 50_Click and View_NV_NA,200587954,8/29/2017,219434,4514,214920,77823,137097,990,136107,130547,5560,78813,75593,206140
TJN_HOM_030_HomeGoods 2H Digital_F18,xAd Inc.,PJQ7MG_TJN_HOM_030_Mobile_GROUND TRUTH FKA XAD_DST_SV1_MAP_DIR_DSP_TRG_RON_PXT_BTG_DVY_PROXIMITY LOYALTY - DYNAMIC DISTANCE_Run of Network_Geo_F25-54_320 x 50_Click and View_NV_NA,204626813,9/8/2017,90430,2040,88390,59616,28774,5585,23189,19252,3937,65201,51682,70934
TJN_HOM_030_HomeGoods 2H Digital_F18,xAd Inc.,PJQ7MM_TJN_HOM_030_Mobile_GROUND TRUTH FKA XAD_DST_SV1_MAP_DIR_DSP_TRG_RON_BTG_DMA_DVY_BEHAVIORAL - HOME SHOPPER- DYNAMIC DISTANCE_Run of Network_Behavioral_F25-54_300 x 250_Click and View_NV_NA,204626171,11/7/2017,12038,266,11772,11772,0,0,0,0,0,11772,9710,9710
TJN_HOM_025_HomeGoods Digital Video_Q4FY18,Tremor Video Inc.,PK6DYV_TJN_HOM_025_OLV_TREMOR NETWORK_AWR_BS1_MAP_DIR_VID_TRG_RON_PXT_CTG_DVY_ALL SCREEN PREROLL + PROXIMITYPLUS DWELL TIME TARGETING TO HOMEGOODS VISITORS MOB/TAB APP_Run of Network_Behavioral_F25-54_1280 x 720_Standard_NV_NA,205859075,10/27/2017,85231,591,84640,76859,7781,61,7720,2,7718,76920,20,22
TJN_HOM_008_HomeGoods Summer Digital_FY18,xAd Inc.,Rolled-up Placements,N/A,6/20/2017,146498,24009,122489,89352,33137,11895,21242,16110,5132,101247,81150,97260
TJN_HOM_008_HomeGoods Summer Digital_FY18,NinthDecimal,PHHXGL_TJN_HOM_008_Mobile_NINTHDECIMAL_CHILD_RETENTION_MOBILE APP_CUSTOM_DISPLAY_320X50_Run of Network_Behavioral_F25-54_320 x 50_Click and View_NV_NA,200585092,7/24/2017,11139,331,10808,2472,8336,34,8302,7859,443,2506,2372,10231
TJN_HOM_030_HomeGoods 2H Digital_F18,Nativo Inc.,PK87W8_TJN_HOM_030_Content_NATIVO FKA POST RLSE_DSI_BS2_MWB_DIR_NAD_ROT_RON_CTG_BTG_DVY_NATIVE DISPLAY UNIT FALL TRENDS_Run of Network_Contextual_F25-54_1 x 1_Click and View_NV_NA,206137761,10/16/2017,215450,9372,206078,2164,203914,13345,190569,68920,121649,15509,5609,74529
TJN_HOM_013_HomeGoods FEP_Q3FY18,Scripps Networks,PHNKCR_TJN_HOM_013_FEP_SCRIPPSNETWORKS.COM_On-site_Crossplatform_FEP_Demo_F25-54_1280 x 720_Standard_NV_NA,201888442,9/8/2017,2645,7,2638,2638,0,0,0,0,0,2638,,
TJN_HOM_030_HomeGoods 2H Digital_F18,NinthDecimal,PJQ7N9_TJN_HOM_030_Mobile_NINTHDECIMAL_DST_SV1_MAP_DIR_RCH_TRG_RON_BTG_PXT_DVY_LOCATION GRAPH: TJX FAMILY LOYALISTS_Run of Network_Behavioral_F25-54_320 x 50_Click and View_NV_NA,204647917,11/8/2017,7991,127,7864,344,7520,34,7486,7265,221,378,367,7632
TJN_HOM_013_HomeGoods FEP_Q3FY18,Scripps Networks,PHNKCR_TJN_HOM_013_FEP_SCRIPPSNETWORKS.COM_On-site_Crossplatform_FEP_Demo_F25-54_1280 x 720_Standard_NV_NA,201888442,8/4/2017,5333,24,5309,5309,0,0,0,0,0,5309,,
TJN_HOM_013_HomeGoods FEP_Q3FY18,Discovery Digital Media,PHWLS5_TJN_HOM_013_Content_DISCOVERY NETWORKS_Full Episode Video Desktop_30s_FEP_Contextual_F25-54_1920 x 1080_Standard_NV_NA,201895013,9/29/2017,19,1,18,18,0,0,0,0,0,18,,
TJN_HOM_008_HomeGoods Summer Digital_FY18,NinthDecimal,PHHXGP_TJN_HOM_008_Mobile_NINTHDECIMAL_CHILD_PET OWNERS PROSPECTING_MOBILE APP_CUSTOM_DISPLAY_320X50_Run of Network_Behavioral_F25-54_320 x 50_Click and View_NV_NA,200586375,8/9/2017,34235,555,33680,6404,27276,149,27127,26076,1051,6553,6299,32375
TJN_HOM_008_HomeGoods Summer Digital_FY18,NinthDecimal,PHHXGP_TJN_HOM_008_Mobile_NINTHDECIMAL_CHILD_PET OWNERS PROSPECTING_MOBILE APP_CUSTOM_DISPLAY_320X50_Run of Network_Behavioral_F25-54_320 x 50_Click and View_NV_NA,200586375,8/27/2017,76784,796,75988,16131,59857,281,59576,57095,2481,16412,15729,72824
TJN_HOM_008_HomeGoods Summer Digital_FY18,Hulu,PHG79J_TJN_HOM_008_FEP_HULU_Branded Slate_ROS_CROSS DEVICE_PRE-ROLL_CUSTOM_VECTOR LOGO_1X1_AUDIENCE_N/A_N/A_SITE_N/A_Run of Site_Demo_F25-54_1 x 1_Click and View_NV_NA,201467345,7/29/2017,2215,23,2192,2192,0,0,0,0,0,2192,1957,1957
TJN_HOM_030_HomeGoods 2H Digital_F18,NinthDecimal,PJQ7N5_TJN_HOM_030_Mobile_NINTHDECIMAL_DST_SV1_MAP_DIR_RCH_TRG_RON_PXT_DMA_DVY_GEOFENCE: 2-MILE RADIUS AROUND URBAN STORES_Run of Network_Geo_F25-54_320 x 50_Click and View_NV_NA,204649945,10/28/2017,13633,91,13542,717,12825,34,12791,12466,325,751,732,13198
TJN_HOM_030_HomeGoods 2H Digital_F18,NinthDecimal,PJQ7N8_TJN_HOM_030_Mobile_NINTHDECIMAL_DST_SV1_MAP_DIR_RCH_TRG_RON_BTG_PXT_DVY_LOCATION GRAPH: HOMEGOODS LOYALISTS_Run of Network_Behavioral_F25-54_320 x 50_Click and View_NV_NA,204675012,10/30/2017,9108,78,9030,194,8836,41,8795,8534,261,235,228,8762
TJN_HOM_008_HomeGoods Summer Digital_FY18,xAd Inc.,PHHXH0_TJN_HOM_008_Mobile_XAD INC_STANDALONE_RON_MOBILE APP_STANDARD_DISPLAY_320X50_GEO-FENCING_Run of Network_Behavioral_F25-54_320 x 50_Click and View_NV_NA,200587948,9/4/2017,153827,1520,152307,79681,72626,844,71782,69616,2166,80525,78095,147711
TJN_HOM_008_HomeGoods Summer Digital_FY18,xAd Inc.,PHHXGZ_TJN_HOM_008_Mobile_XAD INC_CHILD_LOYALTY_MOBILE APP_CUSTOM_RICH MEDIA_300X250_GEO-FENCING_Run of Network_Geo_F25-54_300 x 250_Click and View_NV_NA,200577158,7/28/2017,10352,244,10108,10107,1,0,1,0,1,10107,0,0
TJN_HOM_008_HomeGoods Summer Digital_FY18,Hulu,PHG79J_TJN_HOM_008_FEP_HULU_Branded Slate_ROS_CROSS DEVICE_PRE-ROLL_CUSTOM_VECTOR LOGO_1X1_AUDIENCE_N/A_N/A_SITE_N/A_Run of Site_Demo_F25-54_1 x 1_Click and View_NV_NA,201467345,8/1/2017,7059,53,7006,7006,0,0,0,0,0,7006,6680,6680
TJN_HOM_008_HomeGoods Summer Digital_FY18,NinthDecimal,PHHXGM_TJN_HOM_008_Mobile_NINTHDECIMAL_CHILD_LUXURY SHOPPERS PROSPECTING_MOBILE APP_CUSTOM_DISPLAY_320X50_Run of Network_Behavioral_F25-54_320 x 50_Click and View_NV_NA,200581998,9/2/2017,60948,1357,59591,10836,48755,248,48507,45399,3108,11084,10374,55773
TJN_HOM_013_HomeGoods FEP_Q3FY18,Discovery Digital Media,PHWLS9_TJN_HOM_013_Content_DISCOVERY NETWORKS_Full Episode Video OTT/CTV_30s_FEP_Contextual_F25-54_1920 x 1080_Standard_NV_NA,201891428,9/23/2017,10728,30,10698,10698,0,0,0,0,0,10698,,
TJN_HOM_030_HomeGoods 2H Digital_F18,xAd Inc.,PJQ7MJ_TJN_HOM_030_Mobile_GROUND TRUTH FKA XAD_DST_SV1_MAP_DIR_DSP_TRG_RON_PXT_BTG_DVY_PROXIMITY LOYALTY - STORE LOCATOR UNIT_Run of Network_Geo_F25-54_320 x 50_Click and View_NV_NA,204649939,11/11/2017,38019,736,37283,26020,11263,961,10302,9747,555,26981,25527,35274
TJN_HOM_008_HomeGoods Summer Digital_FY18,xAd Inc.,PHHXGX_TJN_HOM_008_Mobile_XAD INC_CHILD_LOCATION AUDIENCE-HOMEGOODS SHOPPERS_MOBILE APP_STANDARD_DISPLAY_300X250_Run of Network_Behavioral_F25-54_300 x 250_Click and View_NV_NA,200587524,8/27/2017,6443,683,5760,59,5701,5701,0,0,0,5760,5760,5760
TJN_HOM_008_HomeGoods Summer Digital_FY18,xAd Inc.,PHHXGX_TJN_HOM_008_Mobile_XAD INC_CHILD_LOCATION AUDIENCE-HOMEGOODS SHOPPERS_MOBILE APP_STANDARD_DISPLAY_300X250_Run of Network_Behavioral_F25-54_300 x 250_Click and View_NV_NA,200587524,8/9/2017,6451,820,5631,22,5609,5582,27,26,1,5604,5396,5422
TJN_HOM_008_HomeGoods Summer Digital_FY18,xAd Inc.,PHHXH0_TJN_HOM_008_Mobile_XAD INC_STANDALONE_RON_MOBILE APP_STANDARD_DISPLAY_320X50_GEO-FENCING_Run of Network_Behavioral_F25-54_320 x 50_Click and View_NV_NA,200587948,8/14/2017,14605,151,14454,9483,4971,123,4848,3949,899,9606,7825,11774
TJN_HOM_013_HomeGoods FEP_Q3FY18,Discovery Digital Media,PHWLS6_TJN_HOM_013_Content_DISCOVERY NETWORKS_Full Episode Video Mobile App_30s_FEP_Contextual_F25-54_1920 x 1080_Standard_NV_NA,201891425,7/17/2017,21421,190,21231,21231,0,0,0,0,0,21231,,
TJN_HOM_030_HomeGoods 2H Digital_F18,xAd Inc.,PJQ7MG_TJN_HOM_030_Mobile_GROUND TRUTH FKA XAD_DST_SV1_MAP_DIR_DSP_TRG_RON_PXT_BTG_DVY_PROXIMITY LOYALTY - DYNAMIC DISTANCE_Run of Network_Geo_F25-54_320 x 50_Click and View_NV_NA,204626813,10/28/2017,85958,1496,84462,71329,13133,2127,11006,10444,562,73456,68471,78915
TJN_HOM_030_HomeGoods 2H Digital_F18,xAd Inc.,PJQ7MN_TJN_HOM_030_Mobile_GROUND TRUTH FKA XAD_DST_SV1_MAP_DIR_DSP_TRG_RON_MKT_DMA_DVY_LOCATION - HOMEGOODS SHOPPERS - DYNAMIC DISTANCE_Run of Network_Geo_F25-54_320 x 50_Click and View_NV_NA,204651439,9/6/2017,11813,240,11573,9767,1806,780,1026,842,184,10547,8444,9286
TJN_HOM_030_HomeGoods 2H Digital_F18,NinthDecimal,PJQ7N8_TJN_HOM_030_Mobile_NINTHDECIMAL_DST_SV1_MAP_DIR_RCH_TRG_RON_BTG_PXT_DVY_LOCATION GRAPH: HOMEGOODS LOYALISTS_Run of Network_Behavioral_F25-54_320 x 50_Click and View_NV_NA,204675012,9/20/2017,4263,59,4204,1254,2950,14,2936,2845,91,1268,1229,4074
TJN_HOM_008_HomeGoods Summer Digital_FY18,NinthDecimal,PHHXGQ_TJN_HOM_008_Mobile_NINTHDECIMAL_CHILD_PET OWNERS RETENTION_MOBILE APP_CUSTOM_DISPLAY_320X50_Run of Network_Behavioral_F25-54_320 x 50_Click and View_NV_NA,200578886,8/10/2017,492,1,491,109,382,4,378,331,47,113,99,430
TJN_HOM_008_HomeGoods Summer Digital_FY18,NinthDecimal,PHHXGN_TJN_HOM_008_Mobile_NINTHDECIMAL_CHILD_LUXURY SHOPPERS RETENTION_MOBILE APP_CUSTOM_DISPLAY_320X50_Run of Network_Behavioral_F25-54_320 x 50_Click and View_NV_NA,200582901,8/14/2017,5533,144,5389,1350,4039,38,4001,3573,428,1388,1240,4813
TJN_HOM_013_HomeGoods FEP_Q3FY18,Discovery Digital Media,PHWLS9_TJN_HOM_013_Content_DISCOVERY NETWORKS_Full Episode Video OTT/CTV_30s_FEP_Contextual_F25-54_1920 x 1080_Standard_NV_NA,201891428,10/1/2017,2,0,2,2,0,0,0,0,0,2,,
TJN_HOM_030_HomeGoods 2H Digital_F18,NinthDecimal,PJQ7NB_TJN_HOM_030_Mobile_NINTHDECIMAL_DST_SV1_MAP_DIR_RCH_TRG_RON_BTG_PXT_DVY_LOCATION GRAPH: COMPETITIVE CONQUESTING_Run of Network_Behavioral_F25-54_320 x 50_Click and View_NV_NA,204649942,9/2/2017,3,0,3,2,1,1,0,0,0,3,3,3
TJN_HOM_008_HomeGoods Summer Digital_FY18,NinthDecimal,PHHXGM_TJN_HOM_008_Mobile_NINTHDECIMAL_CHILD_LUXURY SHOPPERS PROSPECTING_MOBILE APP_CUSTOM_DISPLAY_320X50_Run of Network_Behavioral_F25-54_320 x 50_Click and View_NV_NA,200581998,8/26/2017,57481,876,56605,14169,42436,279,42157,39918,2239,14448,13681,53599
TJN_HOM_030_HomeGoods 2H Digital_F18,NinthDecimal,PJQ7NC_TJN_HOM_030_Mobile_NINTHDECIMAL_DST_SV1_MAP_DIR_RCH_TRG_RON_BTG_DMA_DVY_CONSUMER JOURNEY: DIYERS_Run of Network_Behavioral_F25-54_320 x 50_Click and View_NV_NA,204675009,10/21/2017,9303,104,9199,5049,4150,16,4134,4015,119,5065,4919,8934
TJN_HOM_025_HomeGoods Digital Video_Q4FY18,Tremor Video Inc.,PK6F30_TJN_HOM_025_OLV_TREMOR NETWORK_AWR_BS1_CTV_DIR_VID_TRG_RON_PXT_CTG_DVY_ALL SCREEN PREROLL + PROXIMITYPLUS DWELL TIME TARGETING TO HOMEGOODS VISITORS CTV_Run of Network_Behavioral_F25-54_1280 x 720_Standard_NV_NA,205942131,10/7/2017,744,0,744,744,0,0,0,0,0,744,0,0
TJN_HOM_013_HomeGoods FEP_Q3FY18,Scripps Networks,PHNKCT_TJN_HOM_013_FEP_SCRIPPSNETWORKS.COM_TVE_Crossplatform_FEP_Demo_F25-54_1 x 1_Click and View_NV_NA,201878832,8/14/2017,4020,19,4001,4001,0,0,0,0,0,4001,,
TJN_HOM_030_HomeGoods 2H Digital_F18,NinthDecimal,PJQ7NB_TJN_HOM_030_Mobile_NINTHDECIMAL_DST_SV1_MAP_DIR_RCH_TRG_RON_BTG_PXT_DVY_LOCATION GRAPH: COMPETITIVE CONQUESTING_Run of Network_Behavioral_F25-54_320 x 50_Click and View_NV_NA,204649942,10/20/2017,8170,130,8040,4755,3285,43,3242,3167,75,4798,4687,7854
TJN_HOM_030_HomeGoods 2H Digital_F18,NinthDecimal,PJQ7NC_TJN_HOM_030_Mobile_NINTHDECIMAL_DST_SV1_MAP_DIR_RCH_TRG_RON_BTG_DMA_DVY_CONSUMER JOURNEY: DIYERS_Run of Network_Behavioral_F25-54_320 x 50_Click and View_NV_NA,204675009,9/9/2017,21335,256,21079,7859,13220,56,13164,12792,372,7915,7691,20483
TJN_HOM_008_HomeGoods Summer Digital_FY18,NinthDecimal,PHHXGN_TJN_HOM_008_Mobile_NINTHDECIMAL_CHILD_LUXURY SHOPPERS RETENTION_MOBILE APP_CUSTOM_DISPLAY_320X50_Run of Network_Behavioral_F25-54_320 x 50_Click and View_NV_NA,200582901,9/4/2017,3595,28,3567,264,3303,14,3289,3136,153,278,265,3401
TJN_HOM_030_HomeGoods 2H Digital_F18,xAd Inc.,PJQ7MP_TJN_HOM_030_Mobile_GROUND TRUTH FKA XAD_DST_SV1_MAP_DIR_DSP_TRG_RON_MKT_DMA_DVY_LOCATION - HOMEGOODS SHOPPERS - DYNAMIC DISTANCE_Run of Network_Geo_F25-54_300 x 250_Click and View_NV_NA,204647878,10/25/2017,8479,136,8343,8343,0,0,0,0,0,8343,7479,7479
TJN_HOM_013_HomeGoods FEP_Q3FY18,Discovery Digital Media,PHWLS6_TJN_HOM_013_Content_DISCOVERY NETWORKS_Full Episode Video Mobile App_30s_FEP_Contextual_F25-54_1920 x 1080_Standard_NV_NA,201891425,7/27/2017,20963,123,20840,20840,0,0,0,0,0,20840,,
TJN_HOM_008_HomeGoods Summer Digital_FY18,Hulu,PHG79K_TJN_HOM_008_FEP_HULU_Summer TV Pre-roll_SPONSORSHIP_CROSS DEVICE_PRE-ROLL_VIDEO_1920X1080_VAST_N/A_N/A_N/A_3RD PARTY_N/A_Roadblock_Demo_F25-54_1920 x 1080_Standard_NV_NA,201466499,8/19/2017,247877,1798,246079,246079,0,0,0,0,0,246079,183020,183020
TJN_HOM_030_HomeGoods 2H Digital_F18,xAd Inc.,PJQ7MP_TJN_HOM_030_Mobile_GROUND TRUTH FKA XAD_DST_SV1_MAP_DIR_DSP_TRG_RON_MKT_DMA_DVY_LOCATION - HOMEGOODS SHOPPERS - DYNAMIC DISTANCE_Run of Network_Geo_F25-54_300 x 250_Click and View_NV_NA,204647878,9/23/2017,3891,72,3819,3796,23,3,20,19,1,3799,3600,3619
TJN_HOM_030_HomeGoods 2H Digital_F18,xAd Inc.,PJQ7MH_TJN_HOM_030_Mobile_GROUND TRUTH FKA XAD_DST_SV1_MAP_DIR_DSP_TRG_RON_PXT_BTG_DVY_PROXIMITY LOYALTY - DYNAMIC DISTANCE_Run of Network_Geo_F25-54_300 x 250_Click and View_NV_NA,204675003,9/19/2017,14495,553,13942,13913,29,1,28,17,11,13914,8445,8462
TJN_HOM_008_HomeGoods Summer Digital_FY18,NinthDecimal,PHHXGK_TJN_HOM_008_Mobile_NINTHDECIMAL_CHILD_PROSPECTING_MOBILE APP_CUSTOM_DISPLAY_320X50_Run of Network_Behavioral_F25-54_320 x 50_Click and View_NV_NA,200587954,8/3/2017,14858,291,14567,5622,8945,75,8870,8296,574,5697,5328,13624
TJN_HOM_030_HomeGoods 2H Digital_F18,NinthDecimal,PJQ7NB_TJN_HOM_030_Mobile_NINTHDECIMAL_DST_SV1_MAP_DIR_RCH_TRG_RON_BTG_PXT_DVY_LOCATION GRAPH: COMPETITIVE CONQUESTING_Run of Network_Behavioral_F25-54_320 x 50_Click and View_NV_NA,204649942,11/3/2017,1845,29,1816,311,1505,13,1492,1457,35,324,316,1773
TJN_HOM_013_HomeGoods FEP_Q3FY18,Discovery Digital Media,PHWLS8_TJN_HOM_013_Content_DISCOVERY NETWORKS_Full Episode Video Tablet Web_30s_FEP_Contextual_F25-54_1920 x 1080_Standard_NV_NA,201899695,9/12/2017,874,8,866,866,0,0,0,0,0,866,,
TJN_HOM_030_HomeGoods 2H Digital_F18,xAd Inc.,PJQ7ML_TJN_HOM_030_Mobile_GROUND TRUTH FKA XAD_DST_SV1_MAP_DIR_DSP_TRG_RON_BTG_DMA_DVY_BEHAVIORAL - HOME SHOPPER - DYNAMIC DISTANCE_Run of Network_Behavioral_F25-54_320 x 50_Click and View_NV_NA,204626174,10/15/2017,6815,107,6708,4901,1807,168,1639,1422,217,5069,4315,5737
TJN_HOM_030_HomeGoods 2H Digital_F18,xAd Inc.,PJQ7MR_TJN_HOM_030_Mobile_GROUND TRUTH FKA XAD_DST_SV1_MAP_DIR_DSP_TRG_RON_MKT_DMA_DVY_LOCATION - COMPETITOR SHOPPERS - DYNAMIC DISTANCE_Run of Network_Geo_F25-54_300 x 250_Click and View_NV_NA,204647890,11/10/2017,11258,381,10877,10877,0,0,0,0,0,10877,10877,10877
TJN_HOM_008_HomeGoods Summer Digital_FY18,xAd Inc.,PHHXGW_TJN_HOM_008_Mobile_XAD INC_CHILD_LOCATION AUDIENCE-HOMEGOODS SHOPPERS_MOBILE APP_STANDARD_DISPLAY_320X50_Run of Network_Behavioral_F25-54_320 x 50_Click and View_NV_NA,200585089,8/25/2017,31290,439,30851,22253,8598,38,8560,8483,77,22291,22090,30573
TJN_HOM_030_HomeGoods 2H Digital_F18,NinthDecimal,PJQ7N9_TJN_HOM_030_Mobile_NINTHDECIMAL_DST_SV1_MAP_DIR_RCH_TRG_RON_BTG_PXT_DVY_LOCATION GRAPH: TJX FAMILY LOYALISTS_Run of Network_Behavioral_F25-54_320 x 50_Click and View_NV_NA,204647917,9/8/2017,1955,42,1913,992,921,13,908,869,39,1005,962,1831
TJN_HOM_025_HomeGoods Digital Video_Q4FY18,Tremor Video Inc.,PK1FYN_TJN_HOM_025_OLV_TREMOR NETWORK_AWR_BS1_DSK_DIR_VID_TRG_RON_PXT_CTG_DVY_ALL SCREEN PREROLL + PROXIMITYPLUS DWELL TIME TARGETING TO HOMEGOODS VISITORS DESKTOP_Run of Network_Behavioral_F25-54_1280 x 720_Standard_NV_NA,205941312,10/22/2017,40686,16,40670,8115,32555,721,31834,28012,3822,8836,7775,35787
TJN_HOM_030_HomeGoods 2H Digital_F18,NinthDecimal,PJQ7NG_TJN_HOM_030_Mobile_NINTHDECIMAL_DST_SV1_MAP_DIR_RCH_TRG_RON_BTG_DMA_DVY_CONSUMER JOURNEY: NEW HOME BUYERS & MOVERS_Run of Network_Behavioral_F25-54_320 x 50_Click and View_NV_NA,204625835,9/10/2017,6812,105,6707,2687,4020,24,3996,3893,103,2711,2641,6534
TJN_HOM_030_HomeGoods 2H Digital_F18,xAd Inc.,PJQ7MM_TJN_HOM_030_Mobile_GROUND TRUTH FKA XAD_DST_SV1_MAP_DIR_DSP_TRG_RON_BTG_DMA_DVY_BEHAVIORAL - HOME SHOPPER- DYNAMIC DISTANCE_Run of Network_Behavioral_F25-54_300 x 250_Click and View_NV_NA,204626171,10/20/2017,8273,479,7794,7794,0,0,0,0,0,7794,6429,6429
TJN_HOM_030_HomeGoods 2H Digital_F18,xAd Inc.,PJQ7MH_TJN_HOM_030_Mobile_GROUND TRUTH FKA XAD_DST_SV1_MAP_DIR_DSP_TRG_RON_PXT_BTG_DVY_PROXIMITY LOYALTY - DYNAMIC DISTANCE_Run of Network_Geo_F25-54_300 x 250_Click and View_NV_NA,204675003,9/13/2017,16708,2932,13776,13760,16,0,16,6,10,13760,5160,5166
TJN_HOM_008_HomeGoods Summer Digital_FY18,xAd Inc.,PHHXGW_TJN_HOM_008_Mobile_XAD INC_CHILD_LOCATION AUDIENCE-HOMEGOODS SHOPPERS_MOBILE APP_STANDARD_DISPLAY_320X50_Run of Network_Behavioral_F25-54_320 x 50_Click and View_NV_NA,200585089,7/25/2017,6460,68,6392,5526,866,15,851,560,291,5541,3646,4206
TJN_HOM_008_HomeGoods Summer Digital_FY18,NinthDecimal,PHHXGL_TJN_HOM_008_Mobile_NINTHDECIMAL_CHILD_RETENTION_MOBILE APP_CUSTOM_DISPLAY_320X50_Run of Network_Behavioral_F25-54_320 x 50_Click and View_NV_NA,200585092,8/21/2017,11309,77,11232,1588,9644,41,9603,8908,695,1629,1511,10419
TJN_HOM_030_HomeGoods 2H Digital_F18,NinthDecimal,PJQ7N9_TJN_HOM_030_Mobile_NINTHDECIMAL_DST_SV1_MAP_DIR_RCH_TRG_RON_BTG_PXT_DVY_LOCATION GRAPH: TJX FAMILY LOYALISTS_Run of Network_Behavioral_F25-54_320 x 50_Click and View_NV_NA,204647917,10/7/2017,13226,264,12962,6658,6304,53,6251,6021,230,6711,6464,12485
TJN_HOM_025_HomeGoods Digital Video_Q4FY18,Tremor Video Inc.,PK1FYN_TJN_HOM_025_OLV_TREMOR NETWORK_AWR_BS1_DSK_DIR_VID_TRG_RON_PXT_CTG_DVY_ALL SCREEN PREROLL + PROXIMITYPLUS DWELL TIME TARGETING TO HOMEGOODS VISITORS DESKTOP_Run of Network_Behavioral_F25-54_1280 x 720_Standard_NV_NA,205941312,10/10/2017,251364,273,251091,69584,181507,2870,178637,22555,156082,72454,9148,31703
TJN_HOM_030_HomeGoods 2H Digital_F18,xAd Inc.,PJQ7MH_TJN_HOM_030_Mobile_GROUND TRUTH FKA XAD_DST_SV1_MAP_DIR_DSP_TRG_RON_PXT_BTG_DVY_PROXIMITY LOYALTY - DYNAMIC DISTANCE_Run of Network_Geo_F25-54_300 x 250_Click and View_NV_NA,204675003,10/13/2017,30964,1276,29688,29687,1,0,1,1,0,29687,29687,29688
TJN_HOM_008_HomeGoods Summer Digital_FY18,NinthDecimal,PHHXGK_TJN_HOM_008_Mobile_NINTHDECIMAL_CHILD_PROSPECTING_MOBILE APP_CUSTOM_DISPLAY_320X50_Run of Network_Behavioral_F25-54_320 x 50_Click and View_NV_NA,200587954,8/7/2017,47728,629,47099,22284,24815,193,24622,23133,1489,22477,21118,44251
TJN_HOM_008_HomeGoods Summer Digital_FY18,Hulu,PHG79J_TJN_HOM_008_FEP_HULU_Branded Slate_ROS_CROSS DEVICE_PRE-ROLL_CUSTOM_VECTOR LOGO_1X1_AUDIENCE_N/A_N/A_SITE_N/A_Run of Site_Demo_F25-54_1 x 1_Click and View_NV_NA,201467345,8/13/2017,3244,10,3234,3234,0,0,0,0,0,3234,2911,2911
TJN_HOM_013_HomeGoods FEP_Q3FY18,Discovery Digital Media,PHWLS9_TJN_HOM_013_Content_DISCOVERY NETWORKS_Full Episode Video OTT/CTV_30s_FEP_Contextual_F25-54_1920 x 1080_Standard_NV_NA,201891428,8/15/2017,10254,11,10243,10243,0,0,0,0,0,10243,,
TJN_HOM_030_HomeGoods 2H Digital_F18,xAd Inc.,PJQ7MR_TJN_HOM_030_Mobile_GROUND TRUTH FKA XAD_DST_SV1_MAP_DIR_DSP_TRG_RON_MKT_DMA_DVY_LOCATION - COMPETITOR SHOPPERS - DYNAMIC DISTANCE_Run of Network_Geo_F25-54_300 x 250_Click and View_NV_NA,204647890,10/24/2017,6481,303,6178,6178,0,0,0,0,0,6178,5533,5533
TJN_HOM_008_HomeGoods Summer Digital_FY18,xAd Inc.,PHHXGZ_TJN_HOM_008_Mobile_XAD INC_CHILD_LOYALTY_MOBILE APP_CUSTOM_RICH MEDIA_300X250_GEO-FENCING_Run of Network_Geo_F25-54_300 x 250_Click and View_NV_NA,200577158,8/31/2017,15892,140,15752,14457,1295,31,1264,1197,67,14488,13720,14917
TJN_HOM_030_HomeGoods 2H Digital_F18,NinthDecimal,PJQ7NC_TJN_HOM_030_Mobile_NINTHDECIMAL_DST_SV1_MAP_DIR_RCH_TRG_RON_BTG_DMA_DVY_CONSUMER JOURNEY: DIYERS_Run of Network_Behavioral_F25-54_320 x 50_Click and View_NV_NA,204675009,10/4/2017,7985,170,7815,4239,3576,25,3551,3371,180,4264,4048,7419
TJN_HOM_030_HomeGoods 2H Digital_F18,xAd Inc.,PJQ7MQ_TJN_HOM_030_Mobile_GROUND TRUTH FKA XAD_DST_SV1_MAP_DIR_DSP_TRG_RON_MKT_DMA_DVY_LOCATION - COMPETITOR SHOPPERS - DYNAMIC DISTANCE_Run of Network_Geo_F25-54_320 x 50_Click and View_NV_NA,204617210,9/1/2017,12,0,12,0,12,0,12,12,0,0,0,12
TJN_HOM_008_HomeGoods Summer Digital_FY18,xAd Inc.,PHHXGS_TJN_HOM_008_Mobile_XAD INC_CHILD_LOYALTY_MOBILE APP_STANDARD_DISPLAY_300X250_GEO-FENCING_Run of Network_Geo_F25-54_300 x 250_Click and View_NV_NA,200583064,9/3/2017,38356,1397,36959,68,36891,36891,0,0,0,36959,34906,34906
TJN_HOM_030_HomeGoods 2H Digital_F18,NinthDecimal,PJQ7NG_TJN_HOM_030_Mobile_NINTHDECIMAL_DST_SV1_MAP_DIR_RCH_TRG_RON_BTG_DMA_DVY_CONSUMER JOURNEY: NEW HOME BUYERS & MOVERS_Run of Network_Behavioral_F25-54_320 x 50_Click and View_NV_NA,204625835,9/29/2017,2159,55,2104,931,1173,6,1167,1152,15,937,925,2077
TJN_HOM_008_HomeGoods Summer Digital_FY18,xAd Inc.,PHHXGY_TJN_HOM_008_Mobile_XAD INC_CHILD_LOYALTY_MOBILE APP_CUSTOM_RICH MEDIA_320X50_GEO-FENCING_Run of Network_Geo_F25-54_320 x 50_Click and View_NV_NA,200584630,8/11/2017,21458,264,21194,16396,4798,139,4659,4514,145,16535,16020,20534
TJN_HOM_030_HomeGoods 2H Digital_F18,Nativo Inc.,PJQDHJ_TJN_HOM_030_Content_NATIVO FKA POST RLSE_DSI_BS2_MWB_DIR_NAD_ROT_RON_CTG_BTG_DVY_NATIVE DISPLAY UNIT FALLIDAYS_Run of Network_Contextual_F25-54_1 x 1_Click and View_NV_NA,206024352,10/14/2017,497548,14421,483127,3697,479430,30987,448443,162363,286080,34684,12558,174921
TJN_HOM_030_HomeGoods 2H Digital_F18,NinthDecimal,PJQ7NH_TJN_HOM_030_Mobile_NINTHDECIMAL_DST_SV1_MAP_DIR_RCH_TRG_RON_BTG_DMA_DVY_CONSUMER JOURNEY: PET SUPPLY SHOPPERS_Run of Network_Behavioral_F25-54_320 x 50_Click and View_NV_NA,204647914,9/1/2017,3,0,3,2,1,1,0,0,0,3,3,3
TJN_HOM_030_HomeGoods 2H Digital_F18,xAd Inc.,PJQ7MH_TJN_HOM_030_Mobile_GROUND TRUTH FKA XAD_DST_SV1_MAP_DIR_DSP_TRG_RON_PXT_BTG_DVY_PROXIMITY LOYALTY - DYNAMIC DISTANCE_Run of Network_Geo_F25-54_300 x 250_Click and View_NV_NA,204675003,9/16/2017,14365,1896,12469,12468,1,0,1,0,1,12468,0,0
TJN_HOM_013_HomeGoods FEP_Q3FY18,Discovery Digital Media,PHWLS5_TJN_HOM_013_Content_DISCOVERY NETWORKS_Full Episode Video Desktop_30s_FEP_Contextual_F25-54_1920 x 1080_Standard_NV_NA,201895013,8/17/2017,3487,78,3409,3409,0,0,0,0,0,3409,,
TJN_HOM_030_HomeGoods 2H Digital_F18,xAd Inc.,PJQ7MR_TJN_HOM_030_Mobile_GROUND TRUTH FKA XAD_DST_SV1_MAP_DIR_DSP_TRG_RON_MKT_DMA_DVY_LOCATION - COMPETITOR SHOPPERS - DYNAMIC DISTANCE_Run of Network_Geo_F25-54_300 x 250_Click and View_NV_NA,204647890,10/17/2017,7824,564,7260,7260,0,0,0,0,0,7260,6502,6502
TJN_HOM_030_HomeGoods 2H Digital_F18,NinthDecimal,PJQ7NB_TJN_HOM_030_Mobile_NINTHDECIMAL_DST_SV1_MAP_DIR_RCH_TRG_RON_BTG_PXT_DVY_LOCATION GRAPH: COMPETITIVE CONQUESTING_Run of Network_Behavioral_F25-54_320 x 50_Click and View_NV_NA,204649942,11/1/2017,8294,98,8196,622,7574,33,7541,7350,191,655,638,7988
TJN_HOM_030_HomeGoods 2H Digital_F18,NinthDecimal,PJQ7NB_TJN_HOM_030_Mobile_NINTHDECIMAL_DST_SV1_MAP_DIR_RCH_TRG_RON_BTG_PXT_DVY_LOCATION GRAPH: COMPETITIVE CONQUESTING_Run of Network_Behavioral_F25-54_320 x 50_Click and View_NV_NA,204649942,11/7/2017,3476,73,3403,332,3071,19,3052,2947,105,351,339,3286
TJN_HOM_030_HomeGoods 2H Digital_F18,NinthDecimal,PJQ7N6_TJN_HOM_030_Mobile_NINTHDECIMAL_DST_SV1_MAP_DIR_RCH_TRG_RON_PXT_DMA_DVY_GEOFENCE: 5-10-MILE RADIUS AROUND SUBURBAN STORES_Run of Network_Geo_F25-54_320 x 50_Click and View_NV_NA,204646507,10/22/2017,9111,186,8925,5419,3506,32,3474,3397,77,5451,5330,8727
TJN_HOM_025_HomeGoods Digital Video_Q4FY18,Tremor Video Inc.,PK6DYV_TJN_HOM_025_OLV_TREMOR NETWORK_AWR_BS1_MAP_DIR_VID_TRG_RON_PXT_CTG_DVY_ALL SCREEN PREROLL + PROXIMITYPLUS DWELL TIME TARGETING TO HOMEGOODS VISITORS MOB/TAB APP_Run of Network_Behavioral_F25-54_1280 x 720_Standard_NV_NA,205859075,11/5/2017,234333,59,234274,234271,3,0,3,3,0,234271,234271,234274
TJN_HOM_030_HomeGoods 2H Digital_F18,xAd Inc.,PJQ7MN_TJN_HOM_030_Mobile_GROUND TRUTH FKA XAD_DST_SV1_MAP_DIR_DSP_TRG_RON_MKT_DMA_DVY_LOCATION - HOMEGOODS SHOPPERS - DYNAMIC DISTANCE_Run of Network_Geo_F25-54_320 x 50_Click and View_NV_NA,204651439,9/17/2017,10191,120,10071,7742,2329,649,1680,1603,77,8391,7451,9054
TJN_HOM_008_HomeGoods Summer Digital_FY18,Hulu,PHG79J_TJN_HOM_008_FEP_HULU_Branded Slate_ROS_CROSS DEVICE_PRE-ROLL_CUSTOM_VECTOR LOGO_1X1_AUDIENCE_N/A_N/A_SITE_N/A_Run of Site_Demo_F25-54_1 x 1_Click and View_NV_NA,201467345,8/15/2017,4071,29,4042,4042,0,0,0,0,0,4042,3636,3636
TJN_HOM_013_HomeGoods FEP_Q3FY18,Discovery Digital Media,PHWLS9_TJN_HOM_013_Content_DISCOVERY NETWORKS_Full Episode Video OTT/CTV_30s_FEP_Contextual_F25-54_1920 x 1080_Standard_NV_NA,201891428,8/13/2017,12471,28,12443,12443,0,0,0,0,0,12443,,
TJN_HOM_030_HomeGoods 2H Digital_F18,NinthDecimal,PJQ7N7_TJN_HOM_030_Mobile_NINTHDECIMAL_DST_SV1_MAP_DIR_RCH_TRG_RON_PXT_DMA_DVY_GEOFENCE: 15-20-MILE RADIUS AROUND RURAL STORES_Run of Network_Geo_F25-54_320 x 50_Click and View_NV_NA,204674556,9/18/2017,10246,248,9998,4016,5982,27,5955,5841,114,4043,3966,9807
TJN_HOM_030_HomeGoods 2H Digital_F18,NinthDecimal,PJQ7N6_TJN_HOM_030_Mobile_NINTHDECIMAL_DST_SV1_MAP_DIR_RCH_TRG_RON_PXT_DMA_DVY_GEOFENCE: 5-10-MILE RADIUS AROUND SUBURBAN STORES_Run of Network_Geo_F25-54_320 x 50_Click and View_NV_NA,204646507,10/10/2017,7857,100,7757,4943,2814,18,2796,2730,66,4961,4844,7574
TJN_HOM_030_HomeGoods 2H Digital_F18,xAd Inc.,PJQ7MG_TJN_HOM_030_Mobile_GROUND TRUTH FKA XAD_DST_SV1_MAP_DIR_DSP_TRG_RON_PXT_BTG_DVY_PROXIMITY LOYALTY - DYNAMIC DISTANCE_Run of Network_Geo_F25-54_320 x 50_Click and View_NV_NA,204626813,11/8/2017,68755,1506,67249,56854,10395,331,10064,8222,1842,57185,46152,54374
TJN_HOM_013_HomeGoods FEP_Q3FY18,Discovery Digital Media,PHWLS8_TJN_HOM_013_Content_DISCOVERY NETWORKS_Full Episode Video Tablet Web_30s_FEP_Contextual_F25-54_1920 x 1080_Standard_NV_NA,201899695,7/26/2017,961,17,944,944,0,0,0,0,0,944,,
TJN_HOM_030_HomeGoods 2H Digital_F18,NinthDecimal,PJQ7N9_TJN_HOM_030_Mobile_NINTHDECIMAL_DST_SV1_MAP_DIR_RCH_TRG_RON_BTG_PXT_DVY_LOCATION GRAPH: TJX FAMILY LOYALISTS_Run of Network_Behavioral_F25-54_320 x 50_Click and View_NV_NA,204647917,10/28/2017,26698,394,26304,680,25624,73,25551,24978,573,753,736,25714
TJN_HOM_030_HomeGoods 2H Digital_F18,Nativo Inc.,PK87W8_TJN_HOM_030_Content_NATIVO FKA POST RLSE_DSI_BS2_MWB_DIR_NAD_ROT_RON_CTG_BTG_DVY_NATIVE DISPLAY UNIT FALL TRENDS_Run of Network_Contextual_F25-54_1 x 1_Click and View_NV_NA,206137761,10/31/2017,300234,12791,287443,3510,283933,26359,257574,91095,166479,29869,10564,101659
TJN_HOM_030_HomeGoods 2H Digital_F18,NinthDecimal,PJQ7N5_TJN_HOM_030_Mobile_NINTHDECIMAL_DST_SV1_MAP_DIR_RCH_TRG_RON_PXT_DMA_DVY_GEOFENCE: 2-MILE RADIUS AROUND URBAN STORES_Run of Network_Geo_F25-54_320 x 50_Click and View_NV_NA,204649945,11/8/2017,17089,275,16814,649,16165,64,16101,15630,471,713,692,16322
TJN_HOM_008_HomeGoods Summer Digital_FY18,NinthDecimal,PHHXGM_TJN_HOM_008_Mobile_NINTHDECIMAL_CHILD_LUXURY SHOPPERS PROSPECTING_MOBILE APP_CUSTOM_DISPLAY_320X50_Run of Network_Behavioral_F25-54_320 x 50_Click and View_NV_NA,200581998,8/31/2017,39748,758,38990,8406,30584,175,30409,28416,1993,8581,8019,36435
TJN_HOM_030_HomeGoods 2H Digital_F18,NinthDecimal,PJQ7NG_TJN_HOM_030_Mobile_NINTHDECIMAL_DST_SV1_MAP_DIR_RCH_TRG_RON_BTG_DMA_DVY_CONSUMER JOURNEY: NEW HOME BUYERS & MOVERS_Run of Network_Behavioral_F25-54_320 x 50_Click and View_NV_NA,204625835,9/19/2017,6847,115,6732,2255,4477,21,4456,4304,152,2276,2198,6502
TJN_HOM_030_HomeGoods 2H Digital_F18,NinthDecimal,"PJQ7NK_TJN_HOM_030_Mobile_NINTHDECIMAL_DST_SV1_MAP_DIR_RCH_TRG_RON_BTG_DMA_DVY_TV TARGETING: HGTV, DIY NETWORK, BRAVO, TLC, FOOD NETWORK_Run of Network_Behavioral_F25-54_320 x 50_Click and View_NV_NA",204674553,11/5/2017,5028,62,4966,758,4208,20,4188,4102,86,778,762,4864
TJN_HOM_013_HomeGoods FEP_Q3FY18,Scripps Networks,PHNKCT_TJN_HOM_013_FEP_SCRIPPSNETWORKS.COM_TVE_Crossplatform_FEP_Demo_F25-54_1 x 1_Click and View_NV_NA,201878832,9/18/2017,173,1,172,172,0,0,0,0,0,172,,
TJN_HOM_025_HomeGoods Digital Video_Q4FY18,Tremor Video Inc.,PK6DY1_TJN_HOM_025_OLV_TREMOR NETWORK_AWR_BS1_CTV_DIR_VID_TRG_RON_BTG_CTG_DVY_ALL SCREEN PREROLL + SOCIAL AFFINITY TARGETING TO W25-54 HOME ENTHUSIASTS CTV_Run of Network_Behavioral_F25-54_1280 x 720_Standard_NV_NA,205941318,10/20/2017,5102,0,5102,5102,0,0,0,0,0,5102,4502,4502
TJN_HOM_030_HomeGoods 2H Digital_F18,xAd Inc.,PJQ7MP_TJN_HOM_030_Mobile_GROUND TRUTH FKA XAD_DST_SV1_MAP_DIR_DSP_TRG_RON_MKT_DMA_DVY_LOCATION - HOMEGOODS SHOPPERS - DYNAMIC DISTANCE_Run of Network_Geo_F25-54_300 x 250_Click and View_NV_NA,204647878,9/27/2017,12310,3858,8452,8384,68,7,61,58,3,8391,7962,8020
TJN_HOM_030_HomeGoods 2H Digital_F18,NinthDecimal,PJQ7NF_TJN_HOM_030_Mobile_NINTHDECIMAL_DST_SV1_MAP_DIR_RCH_TRG_RON_BTG_DMA_DVY_CONSUMER JOURNEY: HOME FURNISHINGS SHOPPERS_Run of Network_Behavioral_F25-54_320 x 50_Click and View_NV_NA,204626291,11/10/2017,9470,168,9302,1751,7551,41,7510,7327,183,1792,1748,9075
TJN_HOM_008_HomeGoods Summer Digital_FY18,NinthDecimal,PHHXGQ_TJN_HOM_008_Mobile_NINTHDECIMAL_CHILD_PET OWNERS RETENTION_MOBILE APP_CUSTOM_DISPLAY_320X50_Run of Network_Behavioral_F25-54_320 x 50_Click and View_NV_NA,200578886,8/20/2017,2193,26,2167,305,1862,17,1845,1685,160,322,294,1979
TJN_HOM_030_HomeGoods 2H Digital_F18,NinthDecimal,PJQ7ND_TJN_HOM_030_Mobile_NINTHDECIMAL_DST_SV1_MAP_DIR_RCH_TRG_RON_BTG_DMA_DVY_CONSUMER JOURNEY: HOUSEHOLD CEO_Run of Network_Behavioral_F25-54_320 x 50_Click and View_NV_NA,204626294,11/5/2017,6569,87,6482,1212,5270,32,5238,5104,134,1244,1212,6316
TJN_HOM_008_HomeGoods Summer Digital_FY18,xAd Inc.,PHHXGV_TJN_HOM_008_Mobile_XAD INC_CHILD_CONQUESTING_MOBILE APP_STANDARD_DISPLAY_300X250_GEO-FENCING_Run of Network_Geo_F25-54_300 x 250_Click and View_NV_NA,200573063,8/25/2017,25365,6200,19165,121,19044,19044,0,0,0,19165,18072,18072
TJN_HOM_030_HomeGoods 2H Digital_F18,xAd Inc.,PJQ7MH_TJN_HOM_030_Mobile_GROUND TRUTH FKA XAD_DST_SV1_MAP_DIR_DSP_TRG_RON_PXT_BTG_DVY_PROXIMITY LOYALTY - DYNAMIC DISTANCE_Run of Network_Geo_F25-54_300 x 250_Click and View_NV_NA,204675003,9/10/2017,14737,123,14614,14613,1,0,1,0,1,14613,0,0
TJN_HOM_030_HomeGoods 2H Digital_F18,NinthDecimal,PJQ7NF_TJN_HOM_030_Mobile_NINTHDECIMAL_DST_SV1_MAP_DIR_RCH_TRG_RON_BTG_DMA_DVY_CONSUMER JOURNEY: HOME FURNISHINGS SHOPPERS_Run of Network_Behavioral_F25-54_320 x 50_Click and View_NV_NA,204626291,10/5/2017,7065,150,6915,4285,2630,24,2606,2508,98,4309,4147,6655
TJN_HOM_008_HomeGoods Summer Digital_FY18,xAd Inc.,PHHXGR_TJN_HOM_008_Mobile_XAD INC_CHILD_LOYALTY_MOBILE APP_STANDARD_DISPLAY_320X50_GEO-FENCING_Run of Network_Geo_F25-54_320 x 50_Click and View_NV_NA,200587518,7/17/2017,34784,356,34428,32662,1766,15,1751,1120,631,32677,20901,22021
TJN_HOM_030_HomeGoods 2H Digital_F18,xAd Inc.,PJQ7MJ_TJN_HOM_030_Mobile_GROUND TRUTH FKA XAD_DST_SV1_MAP_DIR_DSP_TRG_RON_PXT_BTG_DVY_PROXIMITY LOYALTY - STORE LOCATOR UNIT_Run of Network_Geo_F25-54_320 x 50_Click and View_NV_NA,204649939,10/14/2017,12249,405,11844,7604,4240,150,4090,3793,297,7754,7191,10984
TJN_HOM_030_HomeGoods 2H Digital_F18,NinthDecimal,PJQ7NG_TJN_HOM_030_Mobile_NINTHDECIMAL_DST_SV1_MAP_DIR_RCH_TRG_RON_BTG_DMA_DVY_CONSUMER JOURNEY: NEW HOME BUYERS & MOVERS_Run of Network_Behavioral_F25-54_320 x 50_Click and View_NV_NA,204625835,11/13/2017,1,0,1,1,0,0,0,0,0,1,1,1
TJN_HOM_030_HomeGoods 2H Digital_F18,NinthDecimal,PJQ7NG_TJN_HOM_030_Mobile_NINTHDECIMAL_DST_SV1_MAP_DIR_RCH_TRG_RON_BTG_DMA_DVY_CONSUMER JOURNEY: NEW HOME BUYERS & MOVERS_Run of Network_Behavioral_F25-54_320 x 50_Click and View_NV_NA,204625835,9/13/2017,11977,207,11770,2716,9054,48,9006,8791,215,2764,2698,11489
TJN_HOM_030_HomeGoods 2H Digital_F18,xAd Inc.,PJQ7ML_TJN_HOM_030_Mobile_GROUND TRUTH FKA XAD_DST_SV1_MAP_DIR_DSP_TRG_RON_BTG_DMA_DVY_BEHAVIORAL - HOME SHOPPER - DYNAMIC DISTANCE_Run of Network_Behavioral_F25-54_320 x 50_Click and View_NV_NA,204626174,9/30/2017,4,1,3,2,1,1,0,0,0,3,2,2
TJN_HOM_030_HomeGoods 2H Digital_F18,xAd Inc.,PJQ7MJ_TJN_HOM_030_Mobile_GROUND TRUTH FKA XAD_DST_SV1_MAP_DIR_DSP_TRG_RON_PXT_BTG_DVY_PROXIMITY LOYALTY - STORE LOCATOR UNIT_Run of Network_Geo_F25-54_320 x 50_Click and View_NV_NA,204649939,9/14/2017,21024,521,20503,9654,10849,2225,8624,7766,858,11879,10697,18463
TJN_HOM_030_HomeGoods 2H Digital_F18,NinthDecimal,PJQ7NG_TJN_HOM_030_Mobile_NINTHDECIMAL_DST_SV1_MAP_DIR_RCH_TRG_RON_BTG_DMA_DVY_CONSUMER JOURNEY: NEW HOME BUYERS & MOVERS_Run of Network_Behavioral_F25-54_320 x 50_Click and View_NV_NA,204625835,10/13/2017,9693,120,9573,4405,5168,40,5128,4969,159,4445,4307,9276
TJN_HOM_008_HomeGoods Summer Digital_FY18,NinthDecimal,PHHXGL_TJN_HOM_008_Mobile_NINTHDECIMAL_CHILD_RETENTION_MOBILE APP_CUSTOM_DISPLAY_320X50_Run of Network_Behavioral_F25-54_320 x 50_Click and View_NV_NA,200585092,9/4/2017,8441,35,8406,1326,7080,34,7046,6670,376,1360,1287,7957
TJN_HOM_008_HomeGoods Summer Digital_FY18,xAd Inc.,PHHXGY_TJN_HOM_008_Mobile_XAD INC_CHILD_LOYALTY_MOBILE APP_CUSTOM_RICH MEDIA_320X50_GEO-FENCING_Run of Network_Geo_F25-54_320 x 50_Click and View_NV_NA,200584630,7/21/2017,22568,128,22440,22192,248,17,231,210,21,22209,20190,20400
TJN_HOM_030_HomeGoods 2H Digital_F18,xAd Inc.,PJQ7MQ_TJN_HOM_030_Mobile_GROUND TRUTH FKA XAD_DST_SV1_MAP_DIR_DSP_TRG_RON_MKT_DMA_DVY_LOCATION - COMPETITOR SHOPPERS - DYNAMIC DISTANCE_Run of Network_Geo_F25-54_320 x 50_Click and View_NV_NA,204617210,10/20/2017,5962,76,5886,5121,765,17,748,517,231,5138,2720,3237
TJN_HOM_008_HomeGoods Summer Digital_FY18,xAd Inc.,PHHXGV_TJN_HOM_008_Mobile_XAD INC_CHILD_CONQUESTING_MOBILE APP_STANDARD_DISPLAY_300X250_GEO-FENCING_Run of Network_Geo_F25-54_300 x 250_Click and View_NV_NA,200573063,7/25/2017,13251,151,13100,11581,1519,159,1360,1315,45,11740,11352,12667
TJN_HOM_030_HomeGoods 2H Digital_F18,NinthDecimal,PJQ7NH_TJN_HOM_030_Mobile_NINTHDECIMAL_DST_SV1_MAP_DIR_RCH_TRG_RON_BTG_DMA_DVY_CONSUMER JOURNEY: PET SUPPLY SHOPPERS_Run of Network_Behavioral_F25-54_320 x 50_Click and View_NV_NA,204647914,9/2/2017,3,0,3,2,1,1,0,0,0,3,3,3
TJN_HOM_025_HomeGoods Digital Video_Q4FY18,Tremor Video Inc.,PK1FYM_TJN_HOM_025_OLV_TREMOR NETWORK_AWR_BS1_DSK_DIR_VID_TRG_RON_BTG_CTG_DVY_ALL SCREEN PREROLL + SOCIAL AFFINITY TARGETING TO W25-54 HOME ENTHUSIASTS DESKTOP_Run of Network_Behavioral_F25-54_1280 x 720_Standard_NV_NA,205941870,10/20/2017,12360,22,12338,2945,9393,135,9258,8382,876,3080,2789,11171
TJN_HOM_008_HomeGoods Summer Digital_FY18,Hulu,PHG79P_TJN_HOM_008_FEP_HULU_PageBrand_SPONSORSHIP_CROSS DEVICE_CUSTOM_VIDEO_1X1_1X1_N/A_N/A_N/A_SITE_N/A_Roadblock_Demo_F25-54_1 x 1_Click and View_NV_NA,201464250,8/16/2017,4496,143,4353,4353,0,0,0,0,0,4353,3884,3884
TJN_HOM_008_HomeGoods Summer Digital_FY18,NinthDecimal,PHHXGQ_TJN_HOM_008_Mobile_NINTHDECIMAL_CHILD_PET OWNERS RETENTION_MOBILE APP_CUSTOM_DISPLAY_320X50_Run of Network_Behavioral_F25-54_320 x 50_Click and View_NV_NA,200578886,8/24/2017,4252,56,4196,670,3526,22,3504,3248,256,692,641,3889
TJN_HOM_030_HomeGoods 2H Digital_F18,xAd Inc.,PJQ7MK_TJN_HOM_030_Mobile_GROUND TRUTH FKA XAD_DST_SV1_MAP_DIR_DSP_TRG_RON_PXT_BTG_DVY_PROXIMITY LOYALTY - STORE LOCATOR UNIT_Run of Network_Geo_F25-54_300 x 250_Click and View_NV_NA,204625442,9/18/2017,2893,59,2834,206,2628,47,2581,2052,529,253,201,2253
TJN_HOM_008_HomeGoods Summer Digital_FY18,NinthDecimal,Rolled-up Placements,N/A,6/25/2017,153401,1328,152073,53475,98598,493,98105,95159,2946,53968,52411,147570
TJN_HOM_008_HomeGoods Summer Digital_FY18,NinthDecimal,PHHXGL_TJN_HOM_008_Mobile_NINTHDECIMAL_CHILD_RETENTION_MOBILE APP_CUSTOM_DISPLAY_320X50_Run of Network_Behavioral_F25-54_320 x 50_Click and View_NV_NA,200585092,8/14/2017,20073,179,19894,2894,17000,106,16894,15860,1034,3000,2816,18676
TJN_HOM_013_HomeGoods FEP_Q3FY18,Discovery Digital Media,PHWLS9_TJN_HOM_013_Content_DISCOVERY NETWORKS_Full Episode Video OTT/CTV_30s_FEP_Contextual_F25-54_1920 x 1080_Standard_NV_NA,201891428,7/19/2017,11580,22,11558,11558,0,0,0,0,0,11558,,
TJN_HOM_030_HomeGoods 2H Digital_F18,NinthDecimal,PJQ7NF_TJN_HOM_030_Mobile_NINTHDECIMAL_DST_SV1_MAP_DIR_RCH_TRG_RON_BTG_DMA_DVY_CONSUMER JOURNEY: HOME FURNISHINGS SHOPPERS_Run of Network_Behavioral_F25-54_320 x 50_Click and View_NV_NA,204626291,10/24/2017,9193,123,9070,3214,5856,153,5703,5532,171,3367,3266,8798
TJN_HOM_030_HomeGoods 2H Digital_F18,xAd Inc.,PJQ7ML_TJN_HOM_030_Mobile_GROUND TRUTH FKA XAD_DST_SV1_MAP_DIR_DSP_TRG_RON_BTG_DMA_DVY_BEHAVIORAL - HOME SHOPPER - DYNAMIC DISTANCE_Run of Network_Behavioral_F25-54_320 x 50_Click and View_NV_NA,204626174,10/31/2017,10097,165,9932,8926,1006,70,936,464,472,8996,4354,4818
TJN_HOM_030_HomeGoods 2H Digital_F18,NinthDecimal,PJQ7NH_TJN_HOM_030_Mobile_NINTHDECIMAL_DST_SV1_MAP_DIR_RCH_TRG_RON_BTG_DMA_DVY_CONSUMER JOURNEY: PET SUPPLY SHOPPERS_Run of Network_Behavioral_F25-54_320 x 50_Click and View_NV_NA,204647914,10/20/2017,9223,164,9059,4651,4408,37,4371,4187,184,4688,4491,8678
TJN_HOM_030_HomeGoods 2H Digital_F18,Nativo Inc.,PK87W8_TJN_HOM_030_Content_NATIVO FKA POST RLSE_DSI_BS2_MWB_DIR_NAD_ROT_RON_CTG_BTG_DVY_NATIVE DISPLAY UNIT FALL TRENDS_Run of Network_Contextual_F25-54_1 x 1_Click and View_NV_NA,206137761,10/15/2017,210443,4889,205554,2775,202779,14793,187986,61188,126798,17568,5718,66906
TJN_HOM_025_HomeGoods Digital Video_Q4FY18,Tremor Video Inc.,PK6DY1_TJN_HOM_025_OLV_TREMOR NETWORK_AWR_BS1_CTV_DIR_VID_TRG_RON_BTG_CTG_DVY_ALL SCREEN PREROLL + SOCIAL AFFINITY TARGETING TO W25-54 HOME ENTHUSIASTS CTV_Run of Network_Behavioral_F25-54_1280 x 720_Standard_NV_NA,205941318,11/2/2017,26063,0,26063,26063,0,0,0,0,0,26063,13659,13659
TJN_HOM_030_HomeGoods 2H Digital_F18,NinthDecimal,PJQ7NC_TJN_HOM_030_Mobile_NINTHDECIMAL_DST_SV1_MAP_DIR_RCH_TRG_RON_BTG_DMA_DVY_CONSUMER JOURNEY: DIYERS_Run of Network_Behavioral_F25-54_320 x 50_Click and View_NV_NA,204675009,9/17/2017,9996,214,9782,3052,6730,39,6691,6512,179,3091,3008,9520
TJN_HOM_030_HomeGoods 2H Digital_F18,xAd Inc.,PJQ7MH_TJN_HOM_030_Mobile_GROUND TRUTH FKA XAD_DST_SV1_MAP_DIR_DSP_TRG_RON_PXT_BTG_DVY_PROXIMITY LOYALTY - DYNAMIC DISTANCE_Run of Network_Geo_F25-54_300 x 250_Click and View_NV_NA,204675003,9/29/2017,107663,29923,77740,77702,38,6,32,8,24,77708,19423,19431
TJN_HOM_008_HomeGoods Summer Digital_FY18,xAd Inc.,PHHXGY_TJN_HOM_008_Mobile_XAD INC_CHILD_LOYALTY_MOBILE APP_CUSTOM_RICH MEDIA_320X50_GEO-FENCING_Run of Network_Geo_F25-54_320 x 50_Click and View_NV_NA,200584630,8/10/2017,27761,326,27435,22199,5236,203,5033,4837,196,22402,21530,26367
TJN_HOM_030_HomeGoods 2H Digital_F18,NinthDecimal,PJQ7NJ_TJN_HOM_030_Mobile_NINTHDECIMAL_DST_SV1_MAP_DIR_RCH_TRG_RON_BTG_DMA_DVY_CONSUMER JOURNEY: BARGAIN HUNTERS_Run of Network_Behavioral_F25-54_320 x 50_Click and View_NV_NA,204644353,10/27/2017,11271,156,11115,529,10586,47,10539,10265,274,576,561,10826
TJN_HOM_030_HomeGoods 2H Digital_F18,xAd Inc.,PJQ7MS_TJN_HOM_030_Mobile_GROUND TRUTH FKA XAD_DST_SV1_MAP_DIR_DSP_TRG_RON_DMA_PXT_DVY_AV DMA TARGETING_Run of Network_Geo_F25-54_300 x 250_Click and View_NV_NA,204646501,9/7/2017,10460,213,10247,3624,6623,883,5740,4026,1714,4507,3161,7187
TJN_HOM_008_HomeGoods Summer Digital_FY18,xAd Inc.,PHHXGR_TJN_HOM_008_Mobile_XAD INC_CHILD_LOYALTY_MOBILE APP_STANDARD_DISPLAY_320X50_GEO-FENCING_Run of Network_Geo_F25-54_320 x 50_Click and View_NV_NA,200587518,8/22/2017,82484,1373,81111,46075,35036,384,34652,33825,827,46459,45350,79175
TJN_HOM_030_HomeGoods 2H Digital_F18,NinthDecimal,PJQ7NG_TJN_HOM_030_Mobile_NINTHDECIMAL_DST_SV1_MAP_DIR_RCH_TRG_RON_BTG_DMA_DVY_CONSUMER JOURNEY: NEW HOME BUYERS & MOVERS_Run of Network_Behavioral_F25-54_320 x 50_Click and View_NV_NA,204625835,9/16/2017,8388,146,8242,2258,5984,45,5939,5737,202,2303,2225,7962
TJN_HOM_030_HomeGoods 2H Digital_F18,NinthDecimal,PJQ7NF_TJN_HOM_030_Mobile_NINTHDECIMAL_DST_SV1_MAP_DIR_RCH_TRG_RON_BTG_DMA_DVY_CONSUMER JOURNEY: HOME FURNISHINGS SHOPPERS_Run of Network_Behavioral_F25-54_320 x 50_Click and View_NV_NA,204626291,10/17/2017,9619,170,9449,5838,3611,25,3586,3478,108,5863,5686,9164
TJN_HOM_008_HomeGoods Summer Digital_FY18,xAd Inc.,PHHXH0_TJN_HOM_008_Mobile_XAD INC_STANDALONE_RON_MOBILE APP_STANDARD_DISPLAY_320X50_GEO-FENCING_Run of Network_Behavioral_F25-54_320 x 50_Click and View_NV_NA,200587948,7/24/2017,33,1,32,19,13,6,7,3,4,25,11,14
TJN_HOM_008_HomeGoods Summer Digital_FY18,NinthDecimal,Rolled-up Placements,N/A,7/15/2017,174284,2227,172057,48855,123202,479,122723,117119,5604,49334,47095,164214
TJN_HOM_025_HomeGoods Digital Video_Q4FY18,Tremor Video Inc.,PK1FYM_TJN_HOM_025_OLV_TREMOR NETWORK_AWR_BS1_DSK_DIR_VID_TRG_RON_BTG_CTG_DVY_ALL SCREEN PREROLL + SOCIAL AFFINITY TARGETING TO W25-54 HOME ENTHUSIASTS DESKTOP_Run of Network_Behavioral_F25-54_1280 x 720_Standard_NV_NA,205941870,11/2/2017,7186,8,7178,4138,3040,54,2986,1598,1388,4192,2243,3841
TJN_HOM_008_HomeGoods Summer Digital_FY18,Hulu,PHG79N_TJN_HOM_008_FEP_HULU_Masthead_SPONSORSHIP_CROSS DEVICE_CUSTOM_VIDEO_1X1_1X1_N/A_N/A_N/A_SITE_N/A_Roadblock_Demo_F25-54_1 x 1_Click and View_NV_NA,201462657,8/12/2017,289,0,289,289,0,0,0,0,0,289,263,263
TJN_HOM_008_HomeGoods Summer Digital_FY18,NinthDecimal,PHHXGN_TJN_HOM_008_Mobile_NINTHDECIMAL_CHILD_LUXURY SHOPPERS RETENTION_MOBILE APP_CUSTOM_DISPLAY_320X50_Run of Network_Behavioral_F25-54_320 x 50_Click and View_NV_NA,200582901,7/24/2017,1761,8,1753,239,1514,9,1505,1422,83,248,234,1656
TJN_HOM_013_HomeGoods FEP_Q3FY18,Discovery Digital Media,PHWLS7_TJN_HOM_013_Content_DISCOVERY NETWORKS_Full Episode Video Mobile Web_30s_FEP_Contextual_F25-54_1920 x 1080_Standard_NV_NA,201895019,7/27/2017,963,8,955,955,0,0,0,0,0,955,,
TJN_HOM_008_HomeGoods Summer Digital_FY18,Hulu,PHG79J_TJN_HOM_008_FEP_HULU_Branded Slate_ROS_CROSS DEVICE_PRE-ROLL_CUSTOM_VECTOR LOGO_1X1_AUDIENCE_N/A_N/A_SITE_N/A_Run of Site_Demo_F25-54_1 x 1_Click and View_NV_NA,201467345,7/19/2017,2026,14,2012,2012,0,0,0,0,0,2012,1925,1925
TJN_HOM_008_HomeGoods Summer Digital_FY18,NinthDecimal,PHHXGK_TJN_HOM_008_Mobile_NINTHDECIMAL_CHILD_PROSPECTING_MOBILE APP_CUSTOM_DISPLAY_320X50_Run of Network_Behavioral_F25-54_320 x 50_Click and View_NV_NA,200587954,8/28/2017,163827,2924,160903,55983,104920,718,104202,99957,4245,56701,54391,154348
TJN_HOM_013_HomeGoods FEP_Q3FY18,Discovery Digital Media,PHWLS8_TJN_HOM_013_Content_DISCOVERY NETWORKS_Full Episode Video Tablet Web_30s_FEP_Contextual_F25-54_1920 x 1080_Standard_NV_NA,201899695,8/8/2017,932,18,914,914,0,0,0,0,0,914,,
TJN_HOM_030_HomeGoods 2H Digital_F18,xAd Inc.,PJQ7MJ_TJN_HOM_030_Mobile_GROUND TRUTH FKA XAD_DST_SV1_MAP_DIR_DSP_TRG_RON_PXT_BTG_DVY_PROXIMITY LOYALTY - STORE LOCATOR UNIT_Run of Network_Geo_F25-54_320 x 50_Click and View_NV_NA,204649939,9/28/2017,135556,3443,132113,86156,45957,1088,44869,41584,3285,87244,80857,122441
TJN_HOM_030_HomeGoods 2H Digital_F18,NinthDecimal,PJQ7NJ_TJN_HOM_030_Mobile_NINTHDECIMAL_DST_SV1_MAP_DIR_RCH_TRG_RON_BTG_DMA_DVY_CONSUMER JOURNEY: BARGAIN HUNTERS_Run of Network_Behavioral_F25-54_320 x 50_Click and View_NV_NA,204644353,9/7/2017,6359,107,6252,2722,3530,13,3517,3438,79,2735,2674,6112
TJN_HOM_030_HomeGoods 2H Digital_F18,xAd Inc.,PJQ7MM_TJN_HOM_030_Mobile_GROUND TRUTH FKA XAD_DST_SV1_MAP_DIR_DSP_TRG_RON_BTG_DMA_DVY_BEHAVIORAL - HOME SHOPPER- DYNAMIC DISTANCE_Run of Network_Behavioral_F25-54_300 x 250_Click and View_NV_NA,204626171,9/1/2017,39,0,39,0,39,1,38,38,0,1,1,39
TJN_HOM_030_HomeGoods 2H Digital_F18,NinthDecimal,PJQ7NH_TJN_HOM_030_Mobile_NINTHDECIMAL_DST_SV1_MAP_DIR_RCH_TRG_RON_BTG_DMA_DVY_CONSUMER JOURNEY: PET SUPPLY SHOPPERS_Run of Network_Behavioral_F25-54_320 x 50_Click and View_NV_NA,204647914,11/2/2017,1279,20,1259,162,1097,2,1095,1071,24,164,160,1231
TJN_HOM_030_HomeGoods 2H Digital_F18,xAd Inc.,PJQ7MS_TJN_HOM_030_Mobile_GROUND TRUTH FKA XAD_DST_SV1_MAP_DIR_DSP_TRG_RON_DMA_PXT_DVY_AV DMA TARGETING_Run of Network_Geo_F25-54_300 x 250_Click and View_NV_NA,204646501,10/27/2017,1882,20,1862,1436,426,3,423,252,171,1439,857,1109
TJN_HOM_013_HomeGoods FEP_Q3FY18,Scripps Networks,PHNKCT_TJN_HOM_013_FEP_SCRIPPSNETWORKS.COM_TVE_Crossplatform_FEP_Demo_F25-54_1 x 1_Click and View_NV_NA,201878832,7/24/2017,202,0,202,202,0,0,0,0,0,202,,
TJN_HOM_008_HomeGoods Summer Digital_FY18,Hulu,PHG79J_TJN_HOM_008_FEP_HULU_Branded Slate_ROS_CROSS DEVICE_PRE-ROLL_CUSTOM_VECTOR LOGO_1X1_AUDIENCE_N/A_N/A_SITE_N/A_Run of Site_Demo_F25-54_1 x 1_Click and View_NV_NA,201467345,9/27/2017,520,1,519,519,0,0,0,0,0,519,463,463
TJN_HOM_013_HomeGoods FEP_Q3FY18,Discovery Digital Media,PHWLS5_TJN_HOM_013_Content_DISCOVERY NETWORKS_Full Episode Video Desktop_30s_FEP_Contextual_F25-54_1920 x 1080_Standard_NV_NA,201895013,9/19/2017,3442,133,3309,3309,0,0,0,0,0,3309,,
TJN_HOM_030_HomeGoods 2H Digital_F18,NinthDecimal,PJQ7NJ_TJN_HOM_030_Mobile_NINTHDECIMAL_DST_SV1_MAP_DIR_RCH_TRG_RON_BTG_DMA_DVY_CONSUMER JOURNEY: BARGAIN HUNTERS_Run of Network_Behavioral_F25-54_320 x 50_Click and View_NV_NA,204644353,11/5/2017,5025,76,4949,645,4304,21,4283,4170,113,666,648,4818
TJN_HOM_030_HomeGoods 2H Digital_F18,xAd Inc.,PJQ7MQ_TJN_HOM_030_Mobile_GROUND TRUTH FKA XAD_DST_SV1_MAP_DIR_DSP_TRG_RON_MKT_DMA_DVY_LOCATION - COMPETITOR SHOPPERS - DYNAMIC DISTANCE_Run of Network_Geo_F25-54_320 x 50_Click and View_NV_NA,204617210,11/7/2017,21215,238,20977,10806,10171,9300,871,792,79,20106,18281,19073
TJN_HOM_025_HomeGoods Digital Video_Q4FY18,Tremor Video Inc.,PK1FYM_TJN_HOM_025_OLV_TREMOR NETWORK_AWR_BS1_DSK_DIR_VID_TRG_RON_BTG_CTG_DVY_ALL SCREEN PREROLL + SOCIAL AFFINITY TARGETING TO W25-54 HOME ENTHUSIASTS DESKTOP_Run of Network_Behavioral_F25-54_1280 x 720_Standard_NV_NA,205941870,11/7/2017,31312,117,31195,5220,25975,329,25646,9168,16478,5549,1984,11152
TJN_HOM_025_HomeGoods Digital Video_Q4FY18,Tremor Video Inc.,PK1FYM_TJN_HOM_025_OLV_TREMOR NETWORK_AWR_BS1_DSK_DIR_VID_TRG_RON_BTG_CTG_DVY_ALL SCREEN PREROLL + SOCIAL AFFINITY TARGETING TO W25-54 HOME ENTHUSIASTS DESKTOP_Run of Network_Behavioral_F25-54_1280 x 720_Standard_NV_NA,205941870,11/1/2017,7729,10,7719,3742,3977,70,3907,1931,1976,3812,1884,3815
TJN_HOM_030_HomeGoods 2H Digital_F18,xAd Inc.,PJQ7MQ_TJN_HOM_030_Mobile_GROUND TRUTH FKA XAD_DST_SV1_MAP_DIR_DSP_TRG_RON_MKT_DMA_DVY_LOCATION - COMPETITOR SHOPPERS - DYNAMIC DISTANCE_Run of Network_Geo_F25-54_320 x 50_Click and View_NV_NA,204617210,11/1/2017,5,2,3,2,1,0,1,1,0,2,2,3
TJN_HOM_030_HomeGoods 2H Digital_F18,NinthDecimal,PJQ7NB_TJN_HOM_030_Mobile_NINTHDECIMAL_DST_SV1_MAP_DIR_RCH_TRG_RON_BTG_PXT_DVY_LOCATION GRAPH: COMPETITIVE CONQUESTING_Run of Network_Behavioral_F25-54_320 x 50_Click and View_NV_NA,204649942,9/1/2017,3,0,3,2,1,1,0,0,0,3,3,3
TJN_HOM_030_HomeGoods 2H Digital_F18,NinthDecimal,PJQ7NH_TJN_HOM_030_Mobile_NINTHDECIMAL_DST_SV1_MAP_DIR_RCH_TRG_RON_BTG_DMA_DVY_CONSUMER JOURNEY: PET SUPPLY SHOPPERS_Run of Network_Behavioral_F25-54_320 x 50_Click and View_NV_NA,204647914,11/7/2017,4060,55,4005,237,3768,22,3746,3614,132,259,250,3864
TJN_HOM_008_HomeGoods Summer Digital_FY18,NinthDecimal,Rolled-up Placements,N/A,7/12/2017,250281,3004,247277,68642,178635,714,177921,172863,5058,69356,67376,240239
TJN_HOM_008_HomeGoods Summer Digital_FY18,Hulu,PHG79K_TJN_HOM_008_FEP_HULU_Summer TV Pre-roll_SPONSORSHIP_CROSS DEVICE_PRE-ROLL_VIDEO_1920X1080_VAST_N/A_N/A_N/A_3RD PARTY_N/A_Roadblock_Demo_F25-54_1920 x 1080_Standard_NV_NA,201466499,7/26/2017,146464,1529,144935,144935,0,0,0,0,0,144935,129407,129407
TJN_HOM_030_HomeGoods 2H Digital_F18,NinthDecimal,PJQ7NH_TJN_HOM_030_Mobile_NINTHDECIMAL_DST_SV1_MAP_DIR_RCH_TRG_RON_BTG_DMA_DVY_CONSUMER JOURNEY: PET SUPPLY SHOPPERS_Run of Network_Behavioral_F25-54_320 x 50_Click and View_NV_NA,204647914,11/1/2017,9525,88,9437,440,8997,36,8961,8716,245,476,463,9179
TJN_HOM_025_HomeGoods Digital Video_Q4FY18,Tremor Video Inc.,PK6DY1_TJN_HOM_025_OLV_TREMOR NETWORK_AWR_BS1_CTV_DIR_VID_TRG_RON_BTG_CTG_DVY_ALL SCREEN PREROLL + SOCIAL AFFINITY TARGETING TO W25-54 HOME ENTHUSIASTS CTV_Run of Network_Behavioral_F25-54_1280 x 720_Standard_NV_NA,205941318,11/1/2017,24375,0,24375,24375,0,0,0,0,0,24375,12356,12356
TJN_HOM_013_HomeGoods FEP_Q3FY18,Scripps Networks,Rolled-up Placements,N/A,7/15/2017,2538,11,2527,2527,0,0,0,0,0,2527,,
TJN_HOM_030_HomeGoods 2H Digital_F18,Nativo Inc.,PJQDHJ_TJN_HOM_030_Content_NATIVO FKA POST RLSE_DSI_BS2_MWB_DIR_NAD_ROT_RON_CTG_BTG_DVY_NATIVE DISPLAY UNIT FALLIDAYS_Run of Network_Contextual_F25-54_1 x 1_Click and View_NV_NA,206024352,11/11/2017,1,0,1,0,1,0,1,0,1,0,0,0
TJN_HOM_008_HomeGoods Summer Digital_FY18,xAd Inc.,PHHXGV_TJN_HOM_008_Mobile_XAD INC_CHILD_CONQUESTING_MOBILE APP_STANDARD_DISPLAY_300X250_GEO-FENCING_Run of Network_Geo_F25-54_300 x 250_Click and View_NV_NA,200573063,7/30/2017,18173,10963,7210,4134,3076,1430,1646,1621,25,5564,5479,7100
TJN_HOM_013_HomeGoods FEP_Q3FY18,Discovery Digital Media,PHWLS5_TJN_HOM_013_Content_DISCOVERY NETWORKS_Full Episode Video Desktop_30s_FEP_Contextual_F25-54_1920 x 1080_Standard_NV_NA,201895013,9/13/2017,3507,128,3379,3379,0,0,0,0,0,3379,,
TJN_HOM_030_HomeGoods 2H Digital_F18,xAd Inc.,PJQ7MS_TJN_HOM_030_Mobile_GROUND TRUTH FKA XAD_DST_SV1_MAP_DIR_DSP_TRG_RON_DMA_PXT_DVY_AV DMA TARGETING_Run of Network_Geo_F25-54_300 x 250_Click and View_NV_NA,204646501,11/5/2017,1563,25,1538,1425,113,0,113,113,0,1425,1425,1538
TJN_HOM_008_HomeGoods Summer Digital_FY18,NinthDecimal,PHHXGM_TJN_HOM_008_Mobile_NINTHDECIMAL_CHILD_LUXURY SHOPPERS PROSPECTING_MOBILE APP_CUSTOM_DISPLAY_320X50_Run of Network_Behavioral_F25-54_320 x 50_Click and View_NV_NA,200581998,9/1/2017,57727,1502,56225,10953,45272,307,44965,41932,3033,11260,10500,52432
TJN_HOM_008_HomeGoods Summer Digital_FY18,xAd Inc.,PHHXGS_TJN_HOM_008_Mobile_XAD INC_CHILD_LOYALTY_MOBILE APP_STANDARD_DISPLAY_300X250_GEO-FENCING_Run of Network_Geo_F25-54_300 x 250_Click and View_NV_NA,200583064,8/23/2017,12802,6248,6554,26,6528,6528,0,0,0,6554,5657,5657
TJN_HOM_013_HomeGoods FEP_Q3FY18,Discovery Digital Media,PHWLS7_TJN_HOM_013_Content_DISCOVERY NETWORKS_Full Episode Video Mobile Web_30s_FEP_Contextual_F25-54_1920 x 1080_Standard_NV_NA,201895019,7/17/2017,986,9,977,977,0,0,0,0,0,977,,
TJN_HOM_008_HomeGoods Summer Digital_FY18,Hulu,PHG79N_TJN_HOM_008_FEP_HULU_Masthead_SPONSORSHIP_CROSS DEVICE_CUSTOM_VIDEO_1X1_1X1_N/A_N/A_N/A_SITE_N/A_Roadblock_Demo_F25-54_1 x 1_Click and View_NV_NA,201462657,8/30/2017,128827,1082,127745,127745,0,0,0,0,0,127745,122424,122424
TJN_HOM_008_HomeGoods Summer Digital_FY18,NinthDecimal,PHHXGK_TJN_HOM_008_Mobile_NINTHDECIMAL_CHILD_PROSPECTING_MOBILE APP_CUSTOM_DISPLAY_320X50_Run of Network_Behavioral_F25-54_320 x 50_Click and View_NV_NA,200587954,9/5/2017,2022,43,1979,573,1406,15,1391,1348,43,588,570,1918
TJN_HOM_030_HomeGoods 2H Digital_F18,NinthDecimal,PJQ7N7_TJN_HOM_030_Mobile_NINTHDECIMAL_DST_SV1_MAP_DIR_RCH_TRG_RON_PXT_DMA_DVY_GEOFENCE: 15-20-MILE RADIUS AROUND RURAL STORES_Run of Network_Geo_F25-54_320 x 50_Click and View_NV_NA,204674556,10/12/2017,9152,155,8997,5644,3353,37,3316,3233,83,5681,5539,8772
TJN_HOM_030_HomeGoods 2H Digital_F18,NinthDecimal,PJQ7NH_TJN_HOM_030_Mobile_NINTHDECIMAL_DST_SV1_MAP_DIR_RCH_TRG_RON_BTG_DMA_DVY_CONSUMER JOURNEY: PET SUPPLY SHOPPERS_Run of Network_Behavioral_F25-54_320 x 50_Click and View_NV_NA,204647914,11/3/2017,1565,5,1560,156,1404,8,1396,1362,34,164,160,1522
TJN_HOM_013_HomeGoods FEP_Q3FY18,Discovery Digital Media,PHWLS7_TJN_HOM_013_Content_DISCOVERY NETWORKS_Full Episode Video Mobile Web_30s_FEP_Contextual_F25-54_1920 x 1080_Standard_NV_NA,201895019,8/22/2017,922,16,906,906,0,0,0,0,0,906,,
TJN_HOM_008_HomeGoods Summer Digital_FY18,xAd Inc.,PHHXH0_TJN_HOM_008_Mobile_XAD INC_STANDALONE_RON_MOBILE APP_STANDARD_DISPLAY_320X50_GEO-FENCING_Run of Network_Behavioral_F25-54_320 x 50_Click and View_NV_NA,200587948,8/21/2017,213468,2859,210609,125002,85607,1473,84134,78269,5865,126475,117658,195927
TJN_HOM_008_HomeGoods Summer Digital_FY18,xAd Inc.,PHHXGT_TJN_HOM_008_Mobile_XAD INC_CHILD_CONQUESTING_MOBILE APP_STANDARD_DISPLAY_320X50_GEO-FENCING_Run of Network_Geo_F25-54_320 x 50_Click and View_NV_NA,200573066,8/12/2017,120945,1659,119286,83917,35369,464,34905,31257,3648,84381,75562,106819
TJN_HOM_030_HomeGoods 2H Digital_F18,NinthDecimal,PJQ7ND_TJN_HOM_030_Mobile_NINTHDECIMAL_DST_SV1_MAP_DIR_RCH_TRG_RON_BTG_DMA_DVY_CONSUMER JOURNEY: HOUSEHOLD CEO_Run of Network_Behavioral_F25-54_320 x 50_Click and View_NV_NA,204626294,10/27/2017,12821,158,12663,927,11736,51,11685,11378,307,978,952,12330
TJN_HOM_008_HomeGoods Summer Digital_FY18,NinthDecimal,PHHXGK_TJN_HOM_008_Mobile_NINTHDECIMAL_CHILD_PROSPECTING_MOBILE APP_CUSTOM_DISPLAY_320X50_Run of Network_Behavioral_F25-54_320 x 50_Click and View_NV_NA,200587954,8/18/2017,112449,2846,109603,44151,65452,389,65063,60762,4301,44540,41596,102358
TJN_HOM_013_HomeGoods FEP_Q3FY18,Discovery Digital Media,PHWLS9_TJN_HOM_013_Content_DISCOVERY NETWORKS_Full Episode Video OTT/CTV_30s_FEP_Contextual_F25-54_1920 x 1080_Standard_NV_NA,201891428,9/27/2017,9915,11,9904,9904,0,0,0,0,0,9904,,
TJN_HOM_030_HomeGoods 2H Digital_F18,xAd Inc.,PJQ7MN_TJN_HOM_030_Mobile_GROUND TRUTH FKA XAD_DST_SV1_MAP_DIR_DSP_TRG_RON_MKT_DMA_DVY_LOCATION - HOMEGOODS SHOPPERS - DYNAMIC DISTANCE_Run of Network_Geo_F25-54_320 x 50_Click and View_NV_NA,204651439,9/9/2017,9842,172,9670,4769,4901,759,4142,3103,1039,5528,3965,7068
TJN_HOM_008_HomeGoods Summer Digital_FY18,xAd Inc.,PHHXGZ_TJN_HOM_008_Mobile_XAD INC_CHILD_LOYALTY_MOBILE APP_CUSTOM_RICH MEDIA_300X250_GEO-FENCING_Run of Network_Geo_F25-54_300 x 250_Click and View_NV_NA,200577158,8/26/2017,2161,25,2136,2097,39,0,39,39,0,2097,2097,2136
TJN_HOM_008_HomeGoods Summer Digital_FY18,xAd Inc.,PHHXGS_TJN_HOM_008_Mobile_XAD INC_CHILD_LOYALTY_MOBILE APP_STANDARD_DISPLAY_300X250_GEO-FENCING_Run of Network_Geo_F25-54_300 x 250_Click and View_NV_NA,200583064,7/22/2017,19675,9792,9883,7670,2213,311,1902,1843,59,7981,7733,9576
TJN_HOM_030_HomeGoods 2H Digital_F18,xAd Inc.,PJQ7MQ_TJN_HOM_030_Mobile_GROUND TRUTH FKA XAD_DST_SV1_MAP_DIR_DSP_TRG_RON_MKT_DMA_DVY_LOCATION - COMPETITOR SHOPPERS - DYNAMIC DISTANCE_Run of Network_Geo_F25-54_320 x 50_Click and View_NV_NA,204617210,11/3/2017,1,1,0,0,0,0,0,0,0,0,0,0
TJN_HOM_030_HomeGoods 2H Digital_F18,NinthDecimal,"PJQ7NK_TJN_HOM_030_Mobile_NINTHDECIMAL_DST_SV1_MAP_DIR_RCH_TRG_RON_BTG_DMA_DVY_TV TARGETING: HGTV, DIY NETWORK, BRAVO, TLC, FOOD NETWORK_Run of Network_Behavioral_F25-54_320 x 50_Click and View_NV_NA",204674553,10/27/2017,15022,180,14842,1008,13834,43,13791,13412,379,1051,1022,14434
TJN_HOM_025_HomeGoods Digital Video_Q4FY18,Tremor Video Inc.,PK1FYM_TJN_HOM_025_OLV_TREMOR NETWORK_AWR_BS1_DSK_DIR_VID_TRG_RON_BTG_CTG_DVY_ALL SCREEN PREROLL + SOCIAL AFFINITY TARGETING TO W25-54 HOME ENTHUSIASTS DESKTOP_Run of Network_Behavioral_F25-54_1280 x 720_Standard_NV_NA,205941870,11/3/2017,5688,3,5685,3137,2548,38,2510,828,1682,3175,1047,1875
TJN_HOM_025_HomeGoods Digital Video_Q4FY18,Tremor Video Inc.,PK6DWD_TJN_HOM_025_OLV_TREMOR NETWORK_AWR_BS1_MAP_DIR_VID_TRG_RON_BTG_CTG_DVY_ALL SCREEN PREROLL + SOCIAL AFFINITY TARGETING TO W25-54 HOME ENTHUSIASTS MOB/TAB APP_Run of Network_Behavioral_F25-54_1280 x 720_Standard_NV_NA,205941321,10/18/2017,123707,1033,122674,122373,301,244,57,56,1,122617,120466,120522
TJN_HOM_013_HomeGoods FEP_Q3FY18,Discovery Digital Media,PHWLS5_TJN_HOM_013_Content_DISCOVERY NETWORKS_Full Episode Video Desktop_30s_FEP_Contextual_F25-54_1920 x 1080_Standard_NV_NA,201895013,9/16/2017,3501,72,3429,3429,0,0,0,0,0,3429,,
TJN_HOM_030_HomeGoods 2H Digital_F18,xAd Inc.,PJQ7MN_TJN_HOM_030_Mobile_GROUND TRUTH FKA XAD_DST_SV1_MAP_DIR_DSP_TRG_RON_MKT_DMA_DVY_LOCATION - HOMEGOODS SHOPPERS - DYNAMIC DISTANCE_Run of Network_Geo_F25-54_320 x 50_Click and View_NV_NA,204651439,10/21/2017,3988,50,3938,3566,372,26,346,279,67,3592,2177,2456
TJN_HOM_008_HomeGoods Summer Digital_FY18,Hulu,PHG79P_TJN_HOM_008_FEP_HULU_PageBrand_SPONSORSHIP_CROSS DEVICE_CUSTOM_VIDEO_1X1_1X1_N/A_N/A_N/A_SITE_N/A_Roadblock_Demo_F25-54_1 x 1_Click and View_NV_NA,201464250,8/17/2017,172,5,167,167,0,0,0,0,0,167,149,149
TJN_HOM_013_HomeGoods FEP_Q3FY18,Scripps Networks,PHNKCR_TJN_HOM_013_FEP_SCRIPPSNETWORKS.COM_On-site_Crossplatform_FEP_Demo_F25-54_1280 x 720_Standard_NV_NA,201888442,8/9/2017,2482,17,2465,2465,0,0,0,0,0,2465,,
TJN_HOM_008_HomeGoods Summer Digital_FY18,xAd Inc.,PHHXGZ_TJN_HOM_008_Mobile_XAD INC_CHILD_LOYALTY_MOBILE APP_CUSTOM_RICH MEDIA_300X250_GEO-FENCING_Run of Network_Geo_F25-54_300 x 250_Click and View_NV_NA,200577158,9/2/2017,9072,109,8963,8315,648,8,640,623,17,8323,8088,8711
TJN_HOM_013_HomeGoods FEP_Q3FY18,Scripps Networks,PHNKCR_TJN_HOM_013_FEP_SCRIPPSNETWORKS.COM_On-site_Crossplatform_FEP_Demo_F25-54_1280 x 720_Standard_NV_NA,201888442,8/27/2017,1964,5,1959,1959,0,0,0,0,0,1959,,
TJN_HOM_008_HomeGoods Summer Digital_FY18,NinthDecimal,PHHXGP_TJN_HOM_008_Mobile_NINTHDECIMAL_CHILD_PET OWNERS PROSPECTING_MOBILE APP_CUSTOM_DISPLAY_320X50_Run of Network_Behavioral_F25-54_320 x 50_Click and View_NV_NA,200586375,8/4/2017,9907,59,9848,2948,6900,39,6861,6341,520,2987,2761,9102
TJN_HOM_030_HomeGoods 2H Digital_F18,NinthDecimal,PJQ7NC_TJN_HOM_030_Mobile_NINTHDECIMAL_DST_SV1_MAP_DIR_RCH_TRG_RON_BTG_DMA_DVY_CONSUMER JOURNEY: DIYERS_Run of Network_Behavioral_F25-54_320 x 50_Click and View_NV_NA,204675009,9/6/2017,7056,128,6928,2775,4153,27,4126,4047,79,2802,2748,6795
TJN_HOM_030_HomeGoods 2H Digital_F18,xAd Inc.,PJQ7ML_TJN_HOM_030_Mobile_GROUND TRUTH FKA XAD_DST_SV1_MAP_DIR_DSP_TRG_RON_BTG_DMA_DVY_BEHAVIORAL - HOME SHOPPER - DYNAMIC DISTANCE_Run of Network_Behavioral_F25-54_320 x 50_Click and View_NV_NA,204626174,10/16/2017,8508,108,8400,4260,4140,144,3996,3269,727,4404,3597,6866
TJN_HOM_008_HomeGoods Summer Digital_FY18,xAd Inc.,PHHXGS_TJN_HOM_008_Mobile_XAD INC_CHILD_LOYALTY_MOBILE APP_STANDARD_DISPLAY_300X250_GEO-FENCING_Run of Network_Geo_F25-54_300 x 250_Click and View_NV_NA,200583064,7/23/2017,19635,11297,8338,6112,2226,912,1314,1268,46,7024,6778,8046
TJN_HOM_013_HomeGoods FEP_Q3FY18,Discovery Digital Media,PHWLS8_TJN_HOM_013_Content_DISCOVERY NETWORKS_Full Episode Video Tablet Web_30s_FEP_Contextual_F25-54_1920 x 1080_Standard_NV_NA,201899695,8/19/2017,812,4,808,808,0,0,0,0,0,808,,
TJN_HOM_008_HomeGoods Summer Digital_FY18,xAd Inc.,PHHXGR_TJN_HOM_008_Mobile_XAD INC_CHILD_LOYALTY_MOBILE APP_STANDARD_DISPLAY_320X50_GEO-FENCING_Run of Network_Geo_F25-54_320 x 50_Click and View_NV_NA,200587518,7/27/2017,29834,781,29053,10704,18349,322,18027,12725,5302,11026,7783,20508
TJN_HOM_008_HomeGoods Summer Digital_FY18,NinthDecimal,PHHXGM_TJN_HOM_008_Mobile_NINTHDECIMAL_CHILD_LUXURY SHOPPERS PROSPECTING_MOBILE APP_CUSTOM_DISPLAY_320X50_Run of Network_Behavioral_F25-54_320 x 50_Click and View_NV_NA,200581998,7/28/2017,49094,573,48521,11932,36589,203,36386,34034,2352,12135,11351,45385
TJN_HOM_025_HomeGoods Digital Video_Q4FY18,Tremor Video Inc.,PK6DY1_TJN_HOM_025_OLV_TREMOR NETWORK_AWR_BS1_CTV_DIR_VID_TRG_RON_BTG_CTG_DVY_ALL SCREEN PREROLL + SOCIAL AFFINITY TARGETING TO W25-54 HOME ENTHUSIASTS CTV_Run of Network_Behavioral_F25-54_1280 x 720_Standard_NV_NA,205941318,11/3/2017,12201,0,12201,12201,0,0,0,0,0,12201,4001,4001
TJN_HOM_008_HomeGoods Summer Digital_FY18,NinthDecimal,PHHXGN_TJN_HOM_008_Mobile_NINTHDECIMAL_CHILD_LUXURY SHOPPERS RETENTION_MOBILE APP_CUSTOM_DISPLAY_320X50_Run of Network_Behavioral_F25-54_320 x 50_Click and View_NV_NA,200582901,8/21/2017,2674,22,2652,406,2246,17,2229,2002,227,423,380,2382
TJN_HOM_030_HomeGoods 2H Digital_F18,NinthDecimal,"PJQ7NK_TJN_HOM_030_Mobile_NINTHDECIMAL_DST_SV1_MAP_DIR_RCH_TRG_RON_BTG_DMA_DVY_TV TARGETING: HGTV, DIY NETWORK, BRAVO, TLC, FOOD NETWORK_Run of Network_Behavioral_F25-54_320 x 50_Click and View_NV_NA",204674553,9/7/2017,3355,63,3292,2402,890,6,884,841,43,2408,2291,3132
TJN_HOM_008_HomeGoods Summer Digital_FY18,NinthDecimal,PHHXGK_TJN_HOM_008_Mobile_NINTHDECIMAL_CHILD_PROSPECTING_MOBILE APP_CUSTOM_DISPLAY_320X50_Run of Network_Behavioral_F25-54_320 x 50_Click and View_NV_NA,200587954,8/5/2017,14910,255,14655,5920,8735,68,8667,8123,544,5988,5612,13735
TJN_HOM_008_HomeGoods Summer Digital_FY18,NinthDecimal,PHHXGQ_TJN_HOM_008_Mobile_NINTHDECIMAL_CHILD_PET OWNERS RETENTION_MOBILE APP_CUSTOM_DISPLAY_320X50_Run of Network_Behavioral_F25-54_320 x 50_Click and View_NV_NA,200578886,8/11/2017,2084,4,2080,222,1858,34,1824,1516,308,256,213,1729
TJN_HOM_030_HomeGoods 2H Digital_F18,xAd Inc.,PJQ7MJ_TJN_HOM_030_Mobile_GROUND TRUTH FKA XAD_DST_SV1_MAP_DIR_DSP_TRG_RON_PXT_BTG_DVY_PROXIMITY LOYALTY - STORE LOCATOR UNIT_Run of Network_Geo_F25-54_320 x 50_Click and View_NV_NA,204649939,9/5/2017,19740,442,19298,16422,2876,46,2830,2689,141,16468,15648,18337
TJN_HOM_008_HomeGoods Summer Digital_FY18,xAd Inc.,PHHXGX_TJN_HOM_008_Mobile_XAD INC_CHILD_LOCATION AUDIENCE-HOMEGOODS SHOPPERS_MOBILE APP_STANDARD_DISPLAY_300X250_Run of Network_Behavioral_F25-54_300 x 250_Click and View_NV_NA,200587524,8/4/2017,7038,663,6375,2,6373,6342,31,30,1,6344,6139,6169
TJN_HOM_030_HomeGoods 2H Digital_F18,NinthDecimal,PJQ7NH_TJN_HOM_030_Mobile_NINTHDECIMAL_DST_SV1_MAP_DIR_RCH_TRG_RON_BTG_DMA_DVY_CONSUMER JOURNEY: PET SUPPLY SHOPPERS_Run of Network_Behavioral_F25-54_320 x 50_Click and View_NV_NA,204647914,10/14/2017,8859,115,8744,4646,4098,27,4071,3905,166,4673,4482,8387
TJN_HOM_030_HomeGoods 2H Digital_F18,NinthDecimal,PJQ7NH_TJN_HOM_030_Mobile_NINTHDECIMAL_DST_SV1_MAP_DIR_RCH_TRG_RON_BTG_DMA_DVY_CONSUMER JOURNEY: PET SUPPLY SHOPPERS_Run of Network_Behavioral_F25-54_320 x 50_Click and View_NV_NA,204647914,9/14/2017,9123,191,8932,2904,6028,33,5995,5801,194,2937,2842,8643
TJN_HOM_008_HomeGoods Summer Digital_FY18,xAd Inc.,PHHXGW_TJN_HOM_008_Mobile_XAD INC_CHILD_LOCATION AUDIENCE-HOMEGOODS SHOPPERS_MOBILE APP_STANDARD_DISPLAY_320X50_Run of Network_Behavioral_F25-54_320 x 50_Click and View_NV_NA,200585089,8/20/2017,25519,307,25212,18761,6451,137,6314,5325,989,18898,15938,21263
TJN_HOM_008_HomeGoods Summer Digital_FY18,xAd Inc.,PHHXGZ_TJN_HOM_008_Mobile_XAD INC_CHILD_LOYALTY_MOBILE APP_CUSTOM_RICH MEDIA_300X250_GEO-FENCING_Run of Network_Geo_F25-54_300 x 250_Click and View_NV_NA,200577158,8/18/2017,1509,22,1487,1107,380,9,371,355,16,1116,1068,1423
TJN_HOM_008_HomeGoods Summer Digital_FY18,xAd Inc.,PHHXGY_TJN_HOM_008_Mobile_XAD INC_CHILD_LOYALTY_MOBILE APP_CUSTOM_RICH MEDIA_320X50_GEO-FENCING_Run of Network_Geo_F25-54_320 x 50_Click and View_NV_NA,200584630,7/30/2017,13739,175,13564,12562,1002,65,937,832,105,12627,11212,12044
TJN_HOM_008_HomeGoods Summer Digital_FY18,NinthDecimal,PHHXGK_TJN_HOM_008_Mobile_NINTHDECIMAL_CHILD_PROSPECTING_MOBILE APP_CUSTOM_DISPLAY_320X50_Run of Network_Behavioral_F25-54_320 x 50_Click and View_NV_NA,200587954,8/26/2017,154599,2113,152486,49068,103418,744,102674,98451,4223,49812,47763,146214
TJN_HOM_030_HomeGoods 2H Digital_F18,xAd Inc.,PJQ7MQ_TJN_HOM_030_Mobile_GROUND TRUTH FKA XAD_DST_SV1_MAP_DIR_DSP_TRG_RON_MKT_DMA_DVY_LOCATION - COMPETITOR SHOPPERS - DYNAMIC DISTANCE_Run of Network_Geo_F25-54_320 x 50_Click and View_NV_NA,204617210,10/14/2017,7393,108,7285,4656,2629,201,2428,2019,409,4857,3853,5872
TJN_HOM_030_HomeGoods 2H Digital_F18,NinthDecimal,PJQ7N7_TJN_HOM_030_Mobile_NINTHDECIMAL_DST_SV1_MAP_DIR_RCH_TRG_RON_PXT_DMA_DVY_GEOFENCE: 15-20-MILE RADIUS AROUND RURAL STORES_Run of Network_Geo_F25-54_320 x 50_Click and View_NV_NA,204674556,10/10/2017,7883,80,7803,4952,2851,39,2812,2730,82,4991,4845,7575
TJN_HOM_025_HomeGoods Digital Video_Q4FY18,Tremor Video Inc.,PK1FYM_TJN_HOM_025_OLV_TREMOR NETWORK_AWR_BS1_DSK_DIR_VID_TRG_RON_BTG_CTG_DVY_ALL SCREEN PREROLL + SOCIAL AFFINITY TARGETING TO W25-54 HOME ENTHUSIASTS DESKTOP_Run of Network_Behavioral_F25-54_1280 x 720_Standard_NV_NA,205941870,10/14/2017,132108,200,131908,30162,101746,3291,98455,61047,37408,33453,20743,81790
TJN_HOM_030_HomeGoods 2H Digital_F18,NinthDecimal,PJQ7N6_TJN_HOM_030_Mobile_NINTHDECIMAL_DST_SV1_MAP_DIR_RCH_TRG_RON_PXT_DMA_DVY_GEOFENCE: 5-10-MILE RADIUS AROUND SUBURBAN STORES_Run of Network_Geo_F25-54_320 x 50_Click and View_NV_NA,204646507,9/18/2017,9940,223,9717,3242,6475,47,6428,6271,157,3289,3209,9480
TJN_HOM_030_HomeGoods 2H Digital_F18,xAd Inc.,PJQ7MQ_TJN_HOM_030_Mobile_GROUND TRUTH FKA XAD_DST_SV1_MAP_DIR_DSP_TRG_RON_MKT_DMA_DVY_LOCATION - COMPETITOR SHOPPERS - DYNAMIC DISTANCE_Run of Network_Geo_F25-54_320 x 50_Click and View_NV_NA,204617210,9/14/2017,15161,155,15006,10536,4470,1157,3313,3067,246,11693,8906,11973
TJN_HOM_030_HomeGoods 2H Digital_F18,xAd Inc.,PJQ7MJ_TJN_HOM_030_Mobile_GROUND TRUTH FKA XAD_DST_SV1_MAP_DIR_DSP_TRG_RON_PXT_BTG_DVY_PROXIMITY LOYALTY - STORE LOCATOR UNIT_Run of Network_Geo_F25-54_320 x 50_Click and View_NV_NA,204649939,10/20/2017,5423,156,5267,2100,3167,37,3130,3016,114,2137,2059,5075
TJN_HOM_008_HomeGoods Summer Digital_FY18,xAd Inc.,PHHXGR_TJN_HOM_008_Mobile_XAD INC_CHILD_LOYALTY_MOBILE APP_STANDARD_DISPLAY_320X50_GEO-FENCING_Run of Network_Geo_F25-54_320 x 50_Click and View_NV_NA,200587518,8/4/2017,39496,1392,38104,24091,14013,210,13803,10474,3329,24301,18440,28914
TJN_HOM_008_HomeGoods Summer Digital_FY18,Hulu,PHG79J_TJN_HOM_008_FEP_HULU_Branded Slate_ROS_CROSS DEVICE_PRE-ROLL_CUSTOM_VECTOR LOGO_1X1_AUDIENCE_N/A_N/A_SITE_N/A_Run of Site_Demo_F25-54_1 x 1_Click and View_NV_NA,201467345,9/21/2017,2142,11,2131,2131,0,0,0,0,0,2131,1900,1900
TJN_HOM_030_HomeGoods 2H Digital_F18,NinthDecimal,PJQ7N8_TJN_HOM_030_Mobile_NINTHDECIMAL_DST_SV1_MAP_DIR_RCH_TRG_RON_BTG_PXT_DVY_LOCATION GRAPH: HOMEGOODS LOYALISTS_Run of Network_Behavioral_F25-54_320 x 50_Click and View_NV_NA,204675012,9/12/2017,8863,478,8385,1820,6565,36,6529,6312,217,1856,1794,8106
TJN_HOM_008_HomeGoods Summer Digital_FY18,xAd Inc.,PHHXGZ_TJN_HOM_008_Mobile_XAD INC_CHILD_LOYALTY_MOBILE APP_CUSTOM_RICH MEDIA_300X250_GEO-FENCING_Run of Network_Geo_F25-54_300 x 250_Click and View_NV_NA,200577158,8/5/2017,1035,29,1006,175,831,5,826,757,69,180,165,922
TJN_HOM_030_HomeGoods 2H Digital_F18,xAd Inc.,PJQ7MH_TJN_HOM_030_Mobile_GROUND TRUTH FKA XAD_DST_SV1_MAP_DIR_DSP_TRG_RON_PXT_BTG_DVY_PROXIMITY LOYALTY - DYNAMIC DISTANCE_Run of Network_Geo_F25-54_300 x 250_Click and View_NV_NA,204675003,10/17/2017,27078,807,26271,26271,0,0,0,0,0,26271,17514,17514
TJN_HOM_013_HomeGoods FEP_Q3FY18,Discovery Digital Media,PHWLS8_TJN_HOM_013_Content_DISCOVERY NETWORKS_Full Episode Video Tablet Web_30s_FEP_Contextual_F25-54_1920 x 1080_Standard_NV_NA,201899695,8/2/2017,1180,10,1170,1170,0,0,0,0,0,1170,,
TJN_HOM_008_HomeGoods Summer Digital_FY18,xAd Inc.,PHHXGX_TJN_HOM_008_Mobile_XAD INC_CHILD_LOCATION AUDIENCE-HOMEGOODS SHOPPERS_MOBILE APP_STANDARD_DISPLAY_300X250_Run of Network_Behavioral_F25-54_300 x 250_Click and View_NV_NA,200587524,7/27/2017,15163,1229,13934,700,13234,13228,6,3,3,13928,6964,6967
TJN_HOM_008_HomeGoods Summer Digital_FY18,NinthDecimal,PHHXGL_TJN_HOM_008_Mobile_NINTHDECIMAL_CHILD_RETENTION_MOBILE APP_CUSTOM_DISPLAY_320X50_Run of Network_Behavioral_F25-54_320 x 50_Click and View_NV_NA,200585092,8/30/2017,9621,157,9464,1174,8290,47,8243,7779,464,1221,1152,8931
TJN_HOM_030_HomeGoods 2H Digital_F18,NinthDecimal,PJQ7N7_TJN_HOM_030_Mobile_NINTHDECIMAL_DST_SV1_MAP_DIR_RCH_TRG_RON_PXT_DMA_DVY_GEOFENCE: 15-20-MILE RADIUS AROUND RURAL STORES_Run of Network_Geo_F25-54_320 x 50_Click and View_NV_NA,204674556,10/22/2017,8298,157,8141,4899,3242,71,3171,3087,84,4970,4838,7925
TJN_HOM_008_HomeGoods Summer Digital_FY18,Hulu,Rolled-up Placements,N/A,7/7/2017,863894,12668,851226,851226,0,0,0,0,0,851226,797367,797367
TJN_HOM_008_HomeGoods Summer Digital_FY18,xAd Inc.,PHHXGW_TJN_HOM_008_Mobile_XAD INC_CHILD_LOCATION AUDIENCE-HOMEGOODS SHOPPERS_MOBILE APP_STANDARD_DISPLAY_320X50_Run of Network_Behavioral_F25-54_320 x 50_Click and View_NV_NA,200585089,8/24/2017,36913,494,36419,21703,14716,49,14667,14563,104,21752,21598,36161
TJN_HOM_030_HomeGoods 2H Digital_F18,xAd Inc.,PJQ7MR_TJN_HOM_030_Mobile_GROUND TRUTH FKA XAD_DST_SV1_MAP_DIR_DSP_TRG_RON_MKT_DMA_DVY_LOCATION - COMPETITOR SHOPPERS - DYNAMIC DISTANCE_Run of Network_Geo_F25-54_300 x 250_Click and View_NV_NA,204647890,9/16/2017,5264,525,4739,4737,2,0,2,0,2,4737,0,0
TJN_HOM_030_HomeGoods 2H Digital_F18,NinthDecimal,PJQ7NF_TJN_HOM_030_Mobile_NINTHDECIMAL_DST_SV1_MAP_DIR_RCH_TRG_RON_BTG_DMA_DVY_CONSUMER JOURNEY: HOME FURNISHINGS SHOPPERS_Run of Network_Behavioral_F25-54_320 x 50_Click and View_NV_NA,204626291,9/29/2017,7939,222,7717,3125,4592,13,4579,4533,46,3138,3106,7639
TJN_HOM_008_HomeGoods Summer Digital_FY18,NinthDecimal,PHHXGK_TJN_HOM_008_Mobile_NINTHDECIMAL_CHILD_PROSPECTING_MOBILE APP_CUSTOM_DISPLAY_320X50_Run of Network_Behavioral_F25-54_320 x 50_Click and View_NV_NA,200587954,9/2/2017,109138,1502,107636,36464,71172,404,70768,67467,3301,36868,35148,102615
TJN_HOM_030_HomeGoods 2H Digital_F18,NinthDecimal,PJQ7NB_TJN_HOM_030_Mobile_NINTHDECIMAL_DST_SV1_MAP_DIR_RCH_TRG_RON_BTG_PXT_DVY_LOCATION GRAPH: COMPETITIVE CONQUESTING_Run of Network_Behavioral_F25-54_320 x 50_Click and View_NV_NA,204649942,11/11/2017,4255,52,4203,295,3908,18,3890,3792,98,313,305,4097
TJN_HOM_030_HomeGoods 2H Digital_F18,NinthDecimal,PJQ7N9_TJN_HOM_030_Mobile_NINTHDECIMAL_DST_SV1_MAP_DIR_RCH_TRG_RON_BTG_PXT_DVY_LOCATION GRAPH: TJX FAMILY LOYALISTS_Run of Network_Behavioral_F25-54_320 x 50_Click and View_NV_NA,204647917,11/9/2017,7232,127,7105,301,6804,30,6774,6613,161,331,323,6936
TJN_HOM_008_HomeGoods Summer Digital_FY18,NinthDecimal,PHHXGP_TJN_HOM_008_Mobile_NINTHDECIMAL_CHILD_PET OWNERS PROSPECTING_MOBILE APP_CUSTOM_DISPLAY_320X50_Run of Network_Behavioral_F25-54_320 x 50_Click and View_NV_NA,200586375,7/27/2017,60637,640,59997,13803,46194,158,46036,44391,1645,13961,13462,57853
TJN_HOM_025_HomeGoods Digital Video_Q4FY18,Tremor Video Inc.,PK6DY1_TJN_HOM_025_OLV_TREMOR NETWORK_AWR_BS1_CTV_DIR_VID_TRG_RON_BTG_CTG_DVY_ALL SCREEN PREROLL + SOCIAL AFFINITY TARGETING TO W25-54 HOME ENTHUSIASTS CTV_Run of Network_Behavioral_F25-54_1280 x 720_Standard_NV_NA,205941318,10/14/2017,7015,0,7015,7015,0,0,0,0,0,7015,4324,4324
TJN_HOM_030_HomeGoods 2H Digital_F18,NinthDecimal,PJQ7ND_TJN_HOM_030_Mobile_NINTHDECIMAL_DST_SV1_MAP_DIR_RCH_TRG_RON_BTG_DMA_DVY_CONSUMER JOURNEY: HOUSEHOLD CEO_Run of Network_Behavioral_F25-54_320 x 50_Click and View_NV_NA,204626294,10/4/2017,7882,176,7706,4606,3100,26,3074,2948,126,4632,4442,7390
TJN_HOM_030_HomeGoods 2H Digital_F18,xAd Inc.,PJQ7MS_TJN_HOM_030_Mobile_GROUND TRUTH FKA XAD_DST_SV1_MAP_DIR_DSP_TRG_RON_DMA_PXT_DVY_AV DMA TARGETING_Run of Network_Geo_F25-54_300 x 250_Click and View_NV_NA,204646501,9/9/2017,8455,158,8297,4212,4085,1100,2985,1854,1131,5312,3299,5153
TJN_HOM_030_HomeGoods 2H Digital_F18,xAd Inc.,PJQ7MH_TJN_HOM_030_Mobile_GROUND TRUTH FKA XAD_DST_SV1_MAP_DIR_DSP_TRG_RON_PXT_BTG_DVY_PROXIMITY LOYALTY - DYNAMIC DISTANCE_Run of Network_Geo_F25-54_300 x 250_Click and View_NV_NA,204675003,10/24/2017,29923,512,29411,29411,0,0,0,0,0,29411,23218,23218
TJN_HOM_030_HomeGoods 2H Digital_F18,xAd Inc.,PJQ7ML_TJN_HOM_030_Mobile_GROUND TRUTH FKA XAD_DST_SV1_MAP_DIR_DSP_TRG_RON_BTG_DMA_DVY_BEHAVIORAL - HOME SHOPPER - DYNAMIC DISTANCE_Run of Network_Behavioral_F25-54_320 x 50_Click and View_NV_NA,204626174,10/23/2017,8755,119,8636,5668,2968,120,2848,1277,1571,5788,2568,3845
TJN_HOM_030_HomeGoods 2H Digital_F18,xAd Inc.,PJQ7MS_TJN_HOM_030_Mobile_GROUND TRUTH FKA XAD_DST_SV1_MAP_DIR_DSP_TRG_RON_DMA_PXT_DVY_AV DMA TARGETING_Run of Network_Geo_F25-54_300 x 250_Click and View_NV_NA,204646501,10/21/2017,2000,14,1986,1184,802,11,791,560,231,1195,846,1406
TJN_HOM_030_HomeGoods 2H Digital_F18,NinthDecimal,PJQ7NH_TJN_HOM_030_Mobile_NINTHDECIMAL_DST_SV1_MAP_DIR_RCH_TRG_RON_BTG_DMA_DVY_CONSUMER JOURNEY: PET SUPPLY SHOPPERS_Run of Network_Behavioral_F25-54_320 x 50_Click and View_NV_NA,204647914,9/28/2017,5311,91,5220,1784,3436,13,3423,3354,69,1797,1761,5115
TJN_HOM_013_HomeGoods FEP_Q3FY18,Discovery Digital Media,PHWLS8_TJN_HOM_013_Content_DISCOVERY NETWORKS_Full Episode Video Tablet Web_30s_FEP_Contextual_F25-54_1920 x 1080_Standard_NV_NA,201899695,7/18/2017,977,7,970,970,0,0,0,0,0,970,,
TJN_HOM_030_HomeGoods 2H Digital_F18,xAd Inc.,PJQ7MR_TJN_HOM_030_Mobile_GROUND TRUTH FKA XAD_DST_SV1_MAP_DIR_DSP_TRG_RON_MKT_DMA_DVY_LOCATION - COMPETITOR SHOPPERS - DYNAMIC DISTANCE_Run of Network_Geo_F25-54_300 x 250_Click and View_NV_NA,204647890,10/13/2017,9117,609,8508,8508,0,0,0,0,0,8508,0,0
TJN_HOM_008_HomeGoods Summer Digital_FY18,Hulu,PHG79M_TJN_HOM_008_FEP_HULU_Premium Slate_CROSS DEVICE_PRE-ROLL_CUSTOM_VECTOR LOGO_1X1_N/A_N/A_N/A_SITE_N/A_Roadblock_Demo_F25-54_1 x 1_Click and View_NV_NA,201466502,8/15/2017,268154,2117,266037,266037,0,0,0,0,0,266037,239314,239314
TJN_HOM_030_HomeGoods 2H Digital_F18,NinthDecimal,"PJQ7NK_TJN_HOM_030_Mobile_NINTHDECIMAL_DST_SV1_MAP_DIR_RCH_TRG_RON_BTG_DMA_DVY_TV TARGETING: HGTV, DIY NETWORK, BRAVO, TLC, FOOD NETWORK_Run of Network_Behavioral_F25-54_320 x 50_Click and View_NV_NA",204674553,10/4/2017,7224,99,7125,3037,4088,37,4051,3888,163,3074,2950,6838
TJN_HOM_008_HomeGoods Summer Digital_FY18,NinthDecimal,PHHXGM_TJN_HOM_008_Mobile_NINTHDECIMAL_CHILD_LUXURY SHOPPERS PROSPECTING_MOBILE APP_CUSTOM_DISPLAY_320X50_Run of Network_Behavioral_F25-54_320 x 50_Click and View_NV_NA,200581998,8/29/2017,54745,978,53767,12722,41045,244,40801,38137,2664,12966,12119,50256
TJN_HOM_030_HomeGoods 2H Digital_F18,xAd Inc.,PJQ7ML_TJN_HOM_030_Mobile_GROUND TRUTH FKA XAD_DST_SV1_MAP_DIR_DSP_TRG_RON_BTG_DMA_DVY_BEHAVIORAL - HOME SHOPPER - DYNAMIC DISTANCE_Run of Network_Behavioral_F25-54_320 x 50_Click and View_NV_NA,204626174,9/22/2017,18075,321,17754,14370,3384,908,2476,2299,177,15278,12040,14339
TJN_HOM_030_HomeGoods 2H Digital_F18,xAd Inc.,PJQ7MR_TJN_HOM_030_Mobile_GROUND TRUTH FKA XAD_DST_SV1_MAP_DIR_DSP_TRG_RON_MKT_DMA_DVY_LOCATION - COMPETITOR SHOPPERS - DYNAMIC DISTANCE_Run of Network_Geo_F25-54_300 x 250_Click and View_NV_NA,204647890,9/13/2017,4810,223,4587,4587,0,0,0,0,0,4587,4205,4205
TJN_HOM_030_HomeGoods 2H Digital_F18,xAd Inc.,PJQ7MP_TJN_HOM_030_Mobile_GROUND TRUTH FKA XAD_DST_SV1_MAP_DIR_DSP_TRG_RON_MKT_DMA_DVY_LOCATION - HOMEGOODS SHOPPERS - DYNAMIC DISTANCE_Run of Network_Geo_F25-54_300 x 250_Click and View_NV_NA,204647878,10/6/2017,11078,292,10786,10786,0,0,0,0,0,10786,7191,7191
TJN_HOM_030_HomeGoods 2H Digital_F18,xAd Inc.,PJQ7MQ_TJN_HOM_030_Mobile_GROUND TRUTH FKA XAD_DST_SV1_MAP_DIR_DSP_TRG_RON_MKT_DMA_DVY_LOCATION - COMPETITOR SHOPPERS - DYNAMIC DISTANCE_Run of Network_Geo_F25-54_320 x 50_Click and View_NV_NA,204617210,9/28/2017,87136,1801,85335,63816,21519,1667,19852,15204,4648,65483,47778,62982
TJN_HOM_030_HomeGoods 2H Digital_F18,Nativo Inc.,PK87W8_TJN_HOM_030_Content_NATIVO FKA POST RLSE_DSI_BS2_MWB_DIR_NAD_ROT_RON_CTG_BTG_DVY_NATIVE DISPLAY UNIT FALL TRENDS_Run of Network_Contextual_F25-54_1 x 1_Click and View_NV_NA,206137761,10/26/2017,815502,33877,781625,16581,765044,76907,688137,246840,441297,93488,33535,280375
TJN_HOM_030_HomeGoods 2H Digital_F18,NinthDecimal,PJQ7NF_TJN_HOM_030_Mobile_NINTHDECIMAL_DST_SV1_MAP_DIR_RCH_TRG_RON_BTG_DMA_DVY_CONSUMER JOURNEY: HOME FURNISHINGS SHOPPERS_Run of Network_Behavioral_F25-54_320 x 50_Click and View_NV_NA,204626291,9/10/2017,6750,145,6605,2082,4523,17,4506,4408,98,2099,2053,6461
TJN_HOM_030_HomeGoods 2H Digital_F18,NinthDecimal,PJQ7NJ_TJN_HOM_030_Mobile_NINTHDECIMAL_DST_SV1_MAP_DIR_RCH_TRG_RON_BTG_DMA_DVY_CONSUMER JOURNEY: BARGAIN HUNTERS_Run of Network_Behavioral_F25-54_320 x 50_Click and View_NV_NA,204644353,9/9/2017,6336,100,6236,1965,4271,18,4253,4143,110,1983,1932,6075
TJN_HOM_030_HomeGoods 2H Digital_F18,NinthDecimal,PJQ7NB_TJN_HOM_030_Mobile_NINTHDECIMAL_DST_SV1_MAP_DIR_RCH_TRG_RON_BTG_PXT_DVY_LOCATION GRAPH: COMPETITIVE CONQUESTING_Run of Network_Behavioral_F25-54_320 x 50_Click and View_NV_NA,204649942,9/15/2017,7300,106,7194,2969,4225,15,4210,4098,112,2984,2905,7003
TJN_HOM_008_HomeGoods Summer Digital_FY18,xAd Inc.,PHHXGT_TJN_HOM_008_Mobile_XAD INC_CHILD_CONQUESTING_MOBILE APP_STANDARD_DISPLAY_320X50_GEO-FENCING_Run of Network_Geo_F25-54_320 x 50_Click and View_NV_NA,200573066,9/4/2017,65948,809,65139,31983,33156,137,33019,32668,351,32120,31779,64447
TJN_HOM_030_HomeGoods 2H Digital_F18,xAd Inc.,PJQ7MP_TJN_HOM_030_Mobile_GROUND TRUTH FKA XAD_DST_SV1_MAP_DIR_DSP_TRG_RON_MKT_DMA_DVY_LOCATION - HOMEGOODS SHOPPERS - DYNAMIC DISTANCE_Run of Network_Geo_F25-54_300 x 250_Click and View_NV_NA,204647878,10/11/2017,7510,235,7275,7275,0,0,0,0,0,7275,7275,7275
TJN_HOM_030_HomeGoods 2H Digital_F18,NinthDecimal,PJQ7NJ_TJN_HOM_030_Mobile_NINTHDECIMAL_DST_SV1_MAP_DIR_RCH_TRG_RON_BTG_DMA_DVY_CONSUMER JOURNEY: BARGAIN HUNTERS_Run of Network_Behavioral_F25-54_320 x 50_Click and View_NV_NA,204644353,10/21/2017,9230,129,9101,4551,4550,65,4485,4354,131,4616,4481,8835
TJN_HOM_013_HomeGoods FEP_Q3FY18,Discovery Digital Media,PHWLS9_TJN_HOM_013_Content_DISCOVERY NETWORKS_Full Episode Video OTT/CTV_30s_FEP_Contextual_F25-54_1920 x 1080_Standard_NV_NA,201891428,9/21/2017,10237,8,10229,10229,0,0,0,0,0,10229,,
TJN_HOM_030_HomeGoods 2H Digital_F18,xAd Inc.,PJQ7MH_TJN_HOM_030_Mobile_GROUND TRUTH FKA XAD_DST_SV1_MAP_DIR_DSP_TRG_RON_PXT_BTG_DVY_PROXIMITY LOYALTY - DYNAMIC DISTANCE_Run of Network_Geo_F25-54_300 x 250_Click and View_NV_NA,204675003,11/10/2017,34232,2415,31817,31817,0,0,0,0,0,31817,18041,18041
TJN_HOM_008_HomeGoods Summer Digital_FY18,Hulu,PHG79K_TJN_HOM_008_FEP_HULU_Summer TV Pre-roll_SPONSORSHIP_CROSS DEVICE_PRE-ROLL_VIDEO_1920X1080_VAST_N/A_N/A_N/A_3RD PARTY_N/A_Roadblock_Demo_F25-54_1920 x 1080_Standard_NV_NA,201466499,7/31/2017,143909,1461,142448,142448,0,0,0,0,0,142448,128499,128499
TJN_HOM_030_HomeGoods 2H Digital_F18,xAd Inc.,PJQ7MR_TJN_HOM_030_Mobile_GROUND TRUTH FKA XAD_DST_SV1_MAP_DIR_DSP_TRG_RON_MKT_DMA_DVY_LOCATION - COMPETITOR SHOPPERS - DYNAMIC DISTANCE_Run of Network_Geo_F25-54_300 x 250_Click and View_NV_NA,204647890,9/19/2017,5027,270,4757,4757,0,0,0,0,0,4757,1784,1784
TJN_HOM_030_HomeGoods 2H Digital_F18,xAd Inc.,PJQ7ML_TJN_HOM_030_Mobile_GROUND TRUTH FKA XAD_DST_SV1_MAP_DIR_DSP_TRG_RON_BTG_DMA_DVY_BEHAVIORAL - HOME SHOPPER - DYNAMIC DISTANCE_Run of Network_Behavioral_F25-54_320 x 50_Click and View_NV_NA,204626174,9/24/2017,16209,263,15946,12931,3015,1009,2006,1841,165,13940,11757,13598
TJN_HOM_008_HomeGoods Summer Digital_FY18,xAd Inc.,PHHXGT_TJN_HOM_008_Mobile_XAD INC_CHILD_CONQUESTING_MOBILE APP_STANDARD_DISPLAY_320X50_GEO-FENCING_Run of Network_Geo_F25-54_320 x 50_Click and View_NV_NA,200573066,8/14/2017,157217,1917,155300,109499,45801,845,44956,38494,6462,110344,94483,132977
TJN_HOM_008_HomeGoods Summer Digital_FY18,NinthDecimal,PHHXGL_TJN_HOM_008_Mobile_NINTHDECIMAL_CHILD_RETENTION_MOBILE APP_CUSTOM_DISPLAY_320X50_Run of Network_Behavioral_F25-54_320 x 50_Click and View_NV_NA,200585092,8/12/2017,22386,174,22212,2776,19436,113,19323,17999,1324,2889,2691,20690
TJN_HOM_030_HomeGoods 2H Digital_F18,xAd Inc.,PJQ7MM_TJN_HOM_030_Mobile_GROUND TRUTH FKA XAD_DST_SV1_MAP_DIR_DSP_TRG_RON_BTG_DMA_DVY_BEHAVIORAL - HOME SHOPPER- DYNAMIC DISTANCE_Run of Network_Behavioral_F25-54_300 x 250_Click and View_NV_NA,204626171,9/15/2017,5599,277,5322,5321,1,1,0,0,0,5322,591,591
TJN_HOM_030_HomeGoods 2H Digital_F18,NinthDecimal,PJQ7N5_TJN_HOM_030_Mobile_NINTHDECIMAL_DST_SV1_MAP_DIR_RCH_TRG_RON_PXT_DMA_DVY_GEOFENCE: 2-MILE RADIUS AROUND URBAN STORES_Run of Network_Geo_F25-54_320 x 50_Click and View_NV_NA,204649945,11/9/2017,8877,90,8787,475,8312,45,8267,8055,212,520,507,8562
TJN_HOM_008_HomeGoods Summer Digital_FY18,xAd Inc.,PHHXGX_TJN_HOM_008_Mobile_XAD INC_CHILD_LOCATION AUDIENCE-HOMEGOODS SHOPPERS_MOBILE APP_STANDARD_DISPLAY_300X250_Run of Network_Behavioral_F25-54_300 x 250_Click and View_NV_NA,200587524,8/22/2017,8430,3134,5296,32,5264,5264,0,0,0,5296,5014,5014
TJN_HOM_008_HomeGoods Summer Digital_FY18,xAd Inc.,PHHXGY_TJN_HOM_008_Mobile_XAD INC_CHILD_LOYALTY_MOBILE APP_CUSTOM_RICH MEDIA_320X50_GEO-FENCING_Run of Network_Geo_F25-54_320 x 50_Click and View_NV_NA,200584630,7/25/2017,13880,75,13805,12995,810,66,744,689,55,13061,12095,12784
TJN_HOM_008_HomeGoods Summer Digital_FY18,xAd Inc.,PHHXGV_TJN_HOM_008_Mobile_XAD INC_CHILD_CONQUESTING_MOBILE APP_STANDARD_DISPLAY_300X250_GEO-FENCING_Run of Network_Geo_F25-54_300 x 250_Click and View_NV_NA,200573063,7/21/2017,13064,238,12826,11167,1659,194,1465,1452,13,11361,11260,12712
TJN_HOM_008_HomeGoods Summer Digital_FY18,Hulu,PHG79G_TJN_HOM_008_FEP_HULU_ROS Pre-roll_CROSS DEVICE_PRE-ROLL_VIDEO_1920X1080_VAST_AUDIENCE_N/A_N/A_3RD PARTY_N/A_Run of Site_Demo_F25-54_1920 x 1080_Standard_NV_NA,201466946,9/13/2017,18970,168,18802,18802,0,0,0,0,0,18802,16766,16766
TJN_HOM_030_HomeGoods 2H Digital_F18,xAd Inc.,PJQ7MG_TJN_HOM_030_Mobile_GROUND TRUTH FKA XAD_DST_SV1_MAP_DIR_DSP_TRG_RON_PXT_BTG_DVY_PROXIMITY LOYALTY - DYNAMIC DISTANCE_Run of Network_Geo_F25-54_320 x 50_Click and View_NV_NA,204626813,11/9/2017,90421,1691,88730,70969,17761,2509,15252,10883,4369,73478,51804,62687
TJN_HOM_030_HomeGoods 2H Digital_F18,Nativo Inc.,PK87W8_TJN_HOM_030_Content_NATIVO FKA POST RLSE_DSI_BS2_MWB_DIR_NAD_ROT_RON_CTG_BTG_DVY_NATIVE DISPLAY UNIT FALL TRENDS_Run of Network_Contextual_F25-54_1 x 1_Click and View_NV_NA,206137761,11/4/2017,7,0,7,0,7,5,2,0,2,5,0,0
TJN_HOM_030_HomeGoods 2H Digital_F18,Nativo Inc.,PK87W8_TJN_HOM_030_Content_NATIVO FKA POST RLSE_DSI_BS2_MWB_DIR_NAD_ROT_RON_CTG_BTG_DVY_NATIVE DISPLAY UNIT FALL TRENDS_Run of Network_Contextual_F25-54_1 x 1_Click and View_NV_NA,206137761,11/6/2017,3,0,3,0,3,2,1,0,1,2,0,0
TJN_HOM_008_HomeGoods Summer Digital_FY18,NinthDecimal,PHHXGP_TJN_HOM_008_Mobile_NINTHDECIMAL_CHILD_PET OWNERS PROSPECTING_MOBILE APP_CUSTOM_DISPLAY_320X50_Run of Network_Behavioral_F25-54_320 x 50_Click and View_NV_NA,200586375,8/22/2017,26355,404,25951,5339,20612,116,20496,19320,1176,5455,5142,24462
TJN_HOM_030_HomeGoods 2H Digital_F18,xAd Inc.,PJQ7MP_TJN_HOM_030_Mobile_GROUND TRUTH FKA XAD_DST_SV1_MAP_DIR_DSP_TRG_RON_MKT_DMA_DVY_LOCATION - HOMEGOODS SHOPPERS - DYNAMIC DISTANCE_Run of Network_Geo_F25-54_300 x 250_Click and View_NV_NA,204647878,9/21/2017,3702,142,3560,3544,16,1,15,13,2,3545,3065,3078
TJN_HOM_008_HomeGoods Summer Digital_FY18,Hulu,PHG79J_TJN_HOM_008_FEP_HULU_Branded Slate_ROS_CROSS DEVICE_PRE-ROLL_CUSTOM_VECTOR LOGO_1X1_AUDIENCE_N/A_N/A_SITE_N/A_Run of Site_Demo_F25-54_1 x 1_Click and View_NV_NA,201467345,8/6/2017,3926,30,3896,3896,0,0,0,0,0,3896,3281,3281
TJN_HOM_008_HomeGoods Summer Digital_FY18,Hulu,PHG79G_TJN_HOM_008_FEP_HULU_ROS Pre-roll_CROSS DEVICE_PRE-ROLL_VIDEO_1920X1080_VAST_AUDIENCE_N/A_N/A_3RD PARTY_N/A_Run of Site_Demo_F25-54_1920 x 1080_Standard_NV_NA,201466946,9/19/2017,9635,54,9581,9581,0,0,0,0,0,9581,8544,8544
TJN_HOM_008_HomeGoods Summer Digital_FY18,xAd Inc.,PHHXGZ_TJN_HOM_008_Mobile_XAD INC_CHILD_LOYALTY_MOBILE APP_CUSTOM_RICH MEDIA_300X250_GEO-FENCING_Run of Network_Geo_F25-54_300 x 250_Click and View_NV_NA,200577158,8/28/2017,4172,61,4111,4005,106,2,104,102,2,4007,3930,4032
TJN_HOM_025_HomeGoods Digital Video_Q4FY18,Tremor Video Inc.,PK6DWD_TJN_HOM_025_OLV_TREMOR NETWORK_AWR_BS1_MAP_DIR_VID_TRG_RON_BTG_CTG_DVY_ALL SCREEN PREROLL + SOCIAL AFFINITY TARGETING TO W25-54 HOME ENTHUSIASTS MOB/TAB APP_Run of Network_Behavioral_F25-54_1280 x 720_Standard_NV_NA,205941321,10/30/2017,1556133,1072,1555061,1542532,12529,1759,10770,2750,8020,1544291,394318,397068
TJN_HOM_030_HomeGoods 2H Digital_F18,xAd Inc.,PJQ7MJ_TJN_HOM_030_Mobile_GROUND TRUTH FKA XAD_DST_SV1_MAP_DIR_DSP_TRG_RON_PXT_BTG_DVY_PROXIMITY LOYALTY - STORE LOCATOR UNIT_Run of Network_Geo_F25-54_320 x 50_Click and View_NV_NA,204649939,11/7/2017,30368,508,29860,27715,2145,626,1519,1441,78,28341,26886,28327
TJN_HOM_008_HomeGoods Summer Digital_FY18,xAd Inc.,PHHXGY_TJN_HOM_008_Mobile_XAD INC_CHILD_LOYALTY_MOBILE APP_CUSTOM_RICH MEDIA_320X50_GEO-FENCING_Run of Network_Geo_F25-54_320 x 50_Click and View_NV_NA,200584630,8/25/2017,27919,191,27728,15665,12063,37,12026,11996,30,15702,15663,27659
TJN_HOM_030_HomeGoods 2H Digital_F18,xAd Inc.,PJQ7MJ_TJN_HOM_030_Mobile_GROUND TRUTH FKA XAD_DST_SV1_MAP_DIR_DSP_TRG_RON_PXT_BTG_DVY_PROXIMITY LOYALTY - STORE LOCATOR UNIT_Run of Network_Geo_F25-54_320 x 50_Click and View_NV_NA,204649939,11/1/2017,1945,92,1853,523,1330,22,1308,1293,15,545,539,1832
TJN_HOM_013_HomeGoods FEP_Q3FY18,Discovery Digital Media,PHWLS7_TJN_HOM_013_Content_DISCOVERY NETWORKS_Full Episode Video Mobile Web_30s_FEP_Contextual_F25-54_1920 x 1080_Standard_NV_NA,201895019,8/4/2017,958,13,945,945,0,0,0,0,0,945,,
TJN_HOM_030_HomeGoods 2H Digital_F18,xAd Inc.,PJQ7MN_TJN_HOM_030_Mobile_GROUND TRUTH FKA XAD_DST_SV1_MAP_DIR_DSP_TRG_RON_MKT_DMA_DVY_LOCATION - HOMEGOODS SHOPPERS - DYNAMIC DISTANCE_Run of Network_Geo_F25-54_320 x 50_Click and View_NV_NA,204651439,9/7/2017,10354,191,10163,8278,1885,673,1212,908,304,8951,6630,7538
TJN_HOM_013_HomeGoods FEP_Q3FY18,Discovery Digital Media,PHWLS7_TJN_HOM_013_Content_DISCOVERY NETWORKS_Full Episode Video Mobile Web_30s_FEP_Contextual_F25-54_1920 x 1080_Standard_NV_NA,201895019,9/8/2017,900,13,887,887,0,0,0,0,0,887,,
TJN_HOM_008_HomeGoods Summer Digital_FY18,Hulu,PHG79N_TJN_HOM_008_FEP_HULU_Masthead_SPONSORSHIP_CROSS DEVICE_CUSTOM_VIDEO_1X1_1X1_N/A_N/A_N/A_SITE_N/A_Roadblock_Demo_F25-54_1 x 1_Click and View_NV_NA,201462657,9/4/2017,51,0,51,51,0,0,0,0,0,51,49,49
TJN_HOM_030_HomeGoods 2H Digital_F18,xAd Inc.,PJQ7MQ_TJN_HOM_030_Mobile_GROUND TRUTH FKA XAD_DST_SV1_MAP_DIR_DSP_TRG_RON_MKT_DMA_DVY_LOCATION - COMPETITOR SHOPPERS - DYNAMIC DISTANCE_Run of Network_Geo_F25-54_320 x 50_Click and View_NV_NA,204617210,9/5/2017,14140,262,13878,11245,2633,1407,1226,1135,91,12652,10892,12027
TJN_HOM_008_HomeGoods Summer Digital_FY18,NinthDecimal,PHHXGM_TJN_HOM_008_Mobile_NINTHDECIMAL_CHILD_LUXURY SHOPPERS PROSPECTING_MOBILE APP_CUSTOM_DISPLAY_320X50_Run of Network_Behavioral_F25-54_320 x 50_Click and View_NV_NA,200581998,8/7/2017,24414,515,23899,6945,16954,128,16826,15316,1510,7073,6438,21754
TJN_HOM_030_HomeGoods 2H Digital_F18,xAd Inc.,PJQ7MM_TJN_HOM_030_Mobile_GROUND TRUTH FKA XAD_DST_SV1_MAP_DIR_DSP_TRG_RON_BTG_DMA_DVY_BEHAVIORAL - HOME SHOPPER- DYNAMIC DISTANCE_Run of Network_Behavioral_F25-54_300 x 250_Click and View_NV_NA,204626171,11/11/2017,9169,164,9005,9005,0,0,0,0,0,9005,9005,9005
TJN_HOM_030_HomeGoods 2H Digital_F18,NinthDecimal,PJQ7NH_TJN_HOM_030_Mobile_NINTHDECIMAL_DST_SV1_MAP_DIR_RCH_TRG_RON_BTG_DMA_DVY_CONSUMER JOURNEY: PET SUPPLY SHOPPERS_Run of Network_Behavioral_F25-54_320 x 50_Click and View_NV_NA,204647914,9/5/2017,3423,70,3353,1769,1584,12,1572,1550,22,1781,1756,3306
TJN_HOM_008_HomeGoods Summer Digital_FY18,Hulu,PHG79N_TJN_HOM_008_FEP_HULU_Masthead_SPONSORSHIP_CROSS DEVICE_CUSTOM_VIDEO_1X1_1X1_N/A_N/A_N/A_SITE_N/A_Roadblock_Demo_F25-54_1 x 1_Click and View_NV_NA,201462657,8/14/2017,59477,442,59035,59035,0,0,0,0,0,59035,54052,54052
TJN_HOM_030_HomeGoods 2H Digital_F18,NinthDecimal,PJQ7NJ_TJN_HOM_030_Mobile_NINTHDECIMAL_DST_SV1_MAP_DIR_RCH_TRG_RON_BTG_DMA_DVY_CONSUMER JOURNEY: BARGAIN HUNTERS_Run of Network_Behavioral_F25-54_320 x 50_Click and View_NV_NA,204644353,10/4/2017,7404,204,7200,3440,3760,31,3729,3567,162,3471,3320,6887
TJN_HOM_008_HomeGoods Summer Digital_FY18,Hulu,PHG79M_TJN_HOM_008_FEP_HULU_Premium Slate_CROSS DEVICE_PRE-ROLL_CUSTOM_VECTOR LOGO_1X1_N/A_N/A_N/A_SITE_N/A_Roadblock_Demo_F25-54_1 x 1_Click and View_NV_NA,201466502,8/1/2017,78981,671,78310,78310,0,0,0,0,0,78310,74666,74666
TJN_HOM_008_HomeGoods Summer Digital_FY18,xAd Inc.,PHHXGW_TJN_HOM_008_Mobile_XAD INC_CHILD_LOCATION AUDIENCE-HOMEGOODS SHOPPERS_MOBILE APP_STANDARD_DISPLAY_320X50_Run of Network_Behavioral_F25-54_320 x 50_Click and View_NV_NA,200585089,8/11/2017,39793,1009,38784,5257,33527,643,32884,23552,9332,5900,4226,27778
TJN_HOM_030_HomeGoods 2H Digital_F18,xAd Inc.,PJQ7MN_TJN_HOM_030_Mobile_GROUND TRUTH FKA XAD_DST_SV1_MAP_DIR_DSP_TRG_RON_MKT_DMA_DVY_LOCATION - HOMEGOODS SHOPPERS - DYNAMIC DISTANCE_Run of Network_Geo_F25-54_320 x 50_Click and View_NV_NA,204651439,10/27/2017,5903,90,5813,5250,563,105,458,367,91,5355,4237,4604
TJN_HOM_030_HomeGoods 2H Digital_F18,NinthDecimal,"PJQ7NK_TJN_HOM_030_Mobile_NINTHDECIMAL_DST_SV1_MAP_DIR_RCH_TRG_RON_BTG_DMA_DVY_TV TARGETING: HGTV, DIY NETWORK, BRAVO, TLC, FOOD NETWORK_Run of Network_Behavioral_F25-54_320 x 50_Click and View_NV_NA",204674553,10/21/2017,8866,97,8769,4175,4594,67,4527,4372,155,4242,4097,8469
TJN_HOM_008_HomeGoods Summer Digital_FY18,Hulu,PHG79G_TJN_HOM_008_FEP_HULU_ROS Pre-roll_CROSS DEVICE_PRE-ROLL_VIDEO_1920X1080_VAST_AUDIENCE_N/A_N/A_3RD PARTY_N/A_Run of Site_Demo_F25-54_1920 x 1080_Standard_NV_NA,201466946,9/16/2017,7569,52,7517,7517,0,0,0,0,0,7517,6703,6703
TJN_HOM_013_HomeGoods FEP_Q3FY18,Discovery Digital Media,PHWLS9_TJN_HOM_013_Content_DISCOVERY NETWORKS_Full Episode Video OTT/CTV_30s_FEP_Contextual_F25-54_1920 x 1080_Standard_NV_NA,201891428,8/6/2017,11314,10,11304,11304,0,0,0,0,0,11304,,
TJN_HOM_008_HomeGoods Summer Digital_FY18,xAd Inc.,Rolled-up Placements,N/A,7/1/2017,182445,23763,158682,130812,27870,12644,15226,11173,4053,143456,112298,123471
TJN_HOM_030_HomeGoods 2H Digital_F18,NinthDecimal,"PJQ7NK_TJN_HOM_030_Mobile_NINTHDECIMAL_DST_SV1_MAP_DIR_RCH_TRG_RON_BTG_DMA_DVY_TV TARGETING: HGTV, DIY NETWORK, BRAVO, TLC, FOOD NETWORK_Run of Network_Behavioral_F25-54_320 x 50_Click and View_NV_NA",204674553,9/9/2017,3561,40,3521,2559,962,15,947,908,39,2574,2468,3376
TJN_HOM_008_HomeGoods Summer Digital_FY18,NinthDecimal,PHHXGM_TJN_HOM_008_Mobile_NINTHDECIMAL_CHILD_LUXURY SHOPPERS PROSPECTING_MOBILE APP_CUSTOM_DISPLAY_320X50_Run of Network_Behavioral_F25-54_320 x 50_Click and View_NV_NA,200581998,8/3/2017,13518,278,13240,3940,9300,88,9212,8357,855,4028,3654,12011
TJN_HOM_008_HomeGoods Summer Digital_FY18,NinthDecimal,PHHXGP_TJN_HOM_008_Mobile_NINTHDECIMAL_CHILD_PET OWNERS PROSPECTING_MOBILE APP_CUSTOM_DISPLAY_320X50_Run of Network_Behavioral_F25-54_320 x 50_Click and View_NV_NA,200586375,7/17/2017,22976,271,22705,6143,16562,52,16510,15685,825,6195,5885,21570
TJN_HOM_030_HomeGoods 2H Digital_F18,NinthDecimal,PJQ7ND_TJN_HOM_030_Mobile_NINTHDECIMAL_DST_SV1_MAP_DIR_RCH_TRG_RON_BTG_DMA_DVY_CONSUMER JOURNEY: HOUSEHOLD CEO_Run of Network_Behavioral_F25-54_320 x 50_Click and View_NV_NA,204626294,10/21/2017,9378,157,9221,5230,3991,27,3964,3837,127,5257,5089,8926
TJN_HOM_013_HomeGoods FEP_Q3FY18,Discovery Digital Media,PHWLS8_TJN_HOM_013_Content_DISCOVERY NETWORKS_Full Episode Video Tablet Web_30s_FEP_Contextual_F25-54_1920 x 1080_Standard_NV_NA,201899695,9/20/2017,873,18,855,855,0,0,0,0,0,855,,
TJN_HOM_008_HomeGoods Summer Digital_FY18,Hulu,PHG79M_TJN_HOM_008_FEP_HULU_Premium Slate_CROSS DEVICE_PRE-ROLL_CUSTOM_VECTOR LOGO_1X1_N/A_N/A_N/A_SITE_N/A_Roadblock_Demo_F25-54_1 x 1_Click and View_NV_NA,201466502,7/29/2017,81388,727,80661,80661,0,0,0,0,0,80661,71995,71995
TJN_HOM_008_HomeGoods Summer Digital_FY18,xAd Inc.,PHHXGV_TJN_HOM_008_Mobile_XAD INC_CHILD_CONQUESTING_MOBILE APP_STANDARD_DISPLAY_300X250_GEO-FENCING_Run of Network_Geo_F25-54_300 x 250_Click and View_NV_NA,200573063,8/10/2017,15057,13668,1389,352,1037,893,144,132,12,1245,1141,1273
TJN_HOM_008_HomeGoods Summer Digital_FY18,xAd Inc.,Rolled-up Placements,N/A,7/14/2017,172719,20828,151891,125906,25985,13331,12654,9429,3225,139237,106342,115771
TJN_HOM_030_HomeGoods 2H Digital_F18,xAd Inc.,PJQ7MS_TJN_HOM_030_Mobile_GROUND TRUTH FKA XAD_DST_SV1_MAP_DIR_DSP_TRG_RON_DMA_PXT_DVY_AV DMA TARGETING_Run of Network_Geo_F25-54_300 x 250_Click and View_NV_NA,204646501,10/4/2017,8,2,6,2,4,2,2,2,0,4,4,6
TJN_HOM_008_HomeGoods Summer Digital_FY18,xAd Inc.,Rolled-up Placements,N/A,7/4/2017,179919,23112,156807,131588,25219,13059,12160,9235,2925,144647,113552,122787
TJN_HOM_013_HomeGoods FEP_Q3FY18,Discovery Digital Media,PHWLS6_TJN_HOM_013_Content_DISCOVERY NETWORKS_Full Episode Video Mobile App_30s_FEP_Contextual_F25-54_1920 x 1080_Standard_NV_NA,201891425,8/9/2017,35725,332,35393,35393,0,0,0,0,0,35393,,
TJN_HOM_008_HomeGoods Summer Digital_FY18,xAd Inc.,PHHXGX_TJN_HOM_008_Mobile_XAD INC_CHILD_LOCATION AUDIENCE-HOMEGOODS SHOPPERS_MOBILE APP_STANDARD_DISPLAY_300X250_Run of Network_Behavioral_F25-54_300 x 250_Click and View_NV_NA,200587524,7/17/2017,14142,3664,10478,157,10321,10314,7,5,2,10471,7479,7484
TJN_HOM_030_HomeGoods 2H Digital_F18,NinthDecimal,PJQ7ND_TJN_HOM_030_Mobile_NINTHDECIMAL_DST_SV1_MAP_DIR_RCH_TRG_RON_BTG_DMA_DVY_CONSUMER JOURNEY: HOUSEHOLD CEO_Run of Network_Behavioral_F25-54_320 x 50_Click and View_NV_NA,204626294,9/9/2017,16936,193,16743,6324,10419,34,10385,10140,245,6358,6208,16348
TJN_HOM_013_HomeGoods FEP_Q3FY18,Discovery Digital Media,PHWLS6_TJN_HOM_013_Content_DISCOVERY NETWORKS_Full Episode Video Mobile App_30s_FEP_Contextual_F25-54_1920 x 1080_Standard_NV_NA,201891425,8/27/2017,22961,201,22760,22760,0,0,0,0,0,22760,,
TJN_HOM_013_HomeGoods FEP_Q3FY18,Discovery Digital Media,PHWLS8_TJN_HOM_013_Content_DISCOVERY NETWORKS_Full Episode Video Tablet Web_30s_FEP_Contextual_F25-54_1920 x 1080_Standard_NV_NA,201899695,9/11/2017,885,28,857,857,0,0,0,0,0,857,,
TJN_HOM_008_HomeGoods Summer Digital_FY18,Hulu,Rolled-up Placements,N/A,7/6/2017,701193,8376,692817,692817,0,0,0,0,0,692817,637912,637912
TJN_HOM_025_HomeGoods Digital Video_Q4FY18,Tremor Video Inc.,PK6DYV_TJN_HOM_025_OLV_TREMOR NETWORK_AWR_BS1_MAP_DIR_VID_TRG_RON_PXT_CTG_DVY_ALL SCREEN PREROLL + PROXIMITYPLUS DWELL TIME TARGETING TO HOMEGOODS VISITORS MOB/TAB APP_Run of Network_Behavioral_F25-54_1280 x 720_Standard_NV_NA,205859075,10/16/2017,137223,397,136826,136674,152,68,84,84,0,136742,136742,136826
TJN_HOM_030_HomeGoods 2H Digital_F18,NinthDecimal,PJQ7N7_TJN_HOM_030_Mobile_NINTHDECIMAL_DST_SV1_MAP_DIR_RCH_TRG_RON_PXT_DMA_DVY_GEOFENCE: 15-20-MILE RADIUS AROUND RURAL STORES_Run of Network_Geo_F25-54_320 x 50_Click and View_NV_NA,204674556,9/19/2017,28902,578,28324,15505,12819,101,12718,12397,321,15606,15212,27609
TJN_HOM_013_HomeGoods FEP_Q3FY18,Discovery Digital Media,PHWLS6_TJN_HOM_013_Content_DISCOVERY NETWORKS_Full Episode Video Mobile App_30s_FEP_Contextual_F25-54_1920 x 1080_Standard_NV_NA,201891425,9/28/2017,18684,189,18495,18495,0,0,0,0,0,18495,,
TJN_HOM_030_HomeGoods 2H Digital_F18,Nativo Inc.,PK87W8_TJN_HOM_030_Content_NATIVO FKA POST RLSE_DSI_BS2_MWB_DIR_NAD_ROT_RON_CTG_BTG_DVY_NATIVE DISPLAY UNIT FALL TRENDS_Run of Network_Contextual_F25-54_1 x 1_Click and View_NV_NA,206137761,10/27/2017,901546,33727,867819,18246,849573,82492,767081,254813,512268,100738,33464,288277
TJN_HOM_030_HomeGoods 2H Digital_F18,NinthDecimal,PJQ7N6_TJN_HOM_030_Mobile_NINTHDECIMAL_DST_SV1_MAP_DIR_RCH_TRG_RON_PXT_DMA_DVY_GEOFENCE: 5-10-MILE RADIUS AROUND SUBURBAN STORES_Run of Network_Geo_F25-54_320 x 50_Click and View_NV_NA,204646507,11/10/2017,24442,460,23982,1669,22313,86,22227,21702,525,1755,1714,23416
TJN_HOM_013_HomeGoods FEP_Q3FY18,Discovery Digital Media,PHWLS5_TJN_HOM_013_Content_DISCOVERY NETWORKS_Full Episode Video Desktop_30s_FEP_Contextual_F25-54_1920 x 1080_Standard_NV_NA,201895013,9/4/2017,5668,138,5530,5530,0,0,0,0,0,5530,,
TJN_HOM_030_HomeGoods 2H Digital_F18,NinthDecimal,PJQ7NB_TJN_HOM_030_Mobile_NINTHDECIMAL_DST_SV1_MAP_DIR_RCH_TRG_RON_BTG_PXT_DVY_LOCATION GRAPH: COMPETITIVE CONQUESTING_Run of Network_Behavioral_F25-54_320 x 50_Click and View_NV_NA,204649942,10/7/2017,8195,119,8076,4988,3088,36,3052,2957,95,5024,4868,7825
TJN_HOM_025_HomeGoods Digital Video_Q4FY18,Tremor Video Inc.,PK1FYN_TJN_HOM_025_OLV_TREMOR NETWORK_AWR_BS1_DSK_DIR_VID_TRG_RON_PXT_CTG_DVY_ALL SCREEN PREROLL + PROXIMITYPLUS DWELL TIME TARGETING TO HOMEGOODS VISITORS DESKTOP_Run of Network_Behavioral_F25-54_1280 x 720_Standard_NV_NA,205941312,10/17/2017,81610,246,81364,32134,49230,1792,47438,41106,6332,33926,29398,70504
TJN_HOM_013_HomeGoods FEP_Q3FY18,Discovery Digital Media,PHWLS5_TJN_HOM_013_Content_DISCOVERY NETWORKS_Full Episode Video Desktop_30s_FEP_Contextual_F25-54_1920 x 1080_Standard_NV_NA,201895013,8/14/2017,4902,140,4762,4762,0,0,0,0,0,4762,,
TJN_HOM_030_HomeGoods 2H Digital_F18,xAd Inc.,PJQ7MK_TJN_HOM_030_Mobile_GROUND TRUTH FKA XAD_DST_SV1_MAP_DIR_DSP_TRG_RON_PXT_BTG_DVY_PROXIMITY LOYALTY - STORE LOCATOR UNIT_Run of Network_Geo_F25-54_300 x 250_Click and View_NV_NA,204625442,9/29/2017,33904,605,33299,12700,20599,416,20183,15182,5001,13116,9866,25048
TJN_HOM_008_HomeGoods Summer Digital_FY18,xAd Inc.,PHHXGR_TJN_HOM_008_Mobile_XAD INC_CHILD_LOYALTY_MOBILE APP_STANDARD_DISPLAY_320X50_GEO-FENCING_Run of Network_Geo_F25-54_320 x 50_Click and View_NV_NA,200587518,8/29/2017,2,0,2,0,2,0,2,1,1,0,0,1
TJN_HOM_030_HomeGoods 2H Digital_F18,NinthDecimal,PJQ7N6_TJN_HOM_030_Mobile_NINTHDECIMAL_DST_SV1_MAP_DIR_RCH_TRG_RON_PXT_DMA_DVY_GEOFENCE: 5-10-MILE RADIUS AROUND SUBURBAN STORES_Run of Network_Geo_F25-54_320 x 50_Click and View_NV_NA,204646507,10/5/2017,7241,242,6999,4522,2477,17,2460,2393,67,4539,4415,6808
TJN_HOM_030_HomeGoods 2H Digital_F18,NinthDecimal,PJQ7NJ_TJN_HOM_030_Mobile_NINTHDECIMAL_DST_SV1_MAP_DIR_RCH_TRG_RON_BTG_DMA_DVY_CONSUMER JOURNEY: BARGAIN HUNTERS_Run of Network_Behavioral_F25-54_320 x 50_Click and View_NV_NA,204644353,10/15/2017,9840,163,9677,4970,4707,63,4644,4494,150,5033,4870,9364
TJN_HOM_025_HomeGoods Digital Video_Q4FY18,Tremor Video Inc.,PK6F30_TJN_HOM_025_OLV_TREMOR NETWORK_AWR_BS1_CTV_DIR_VID_TRG_RON_PXT_CTG_DVY_ALL SCREEN PREROLL + PROXIMITYPLUS DWELL TIME TARGETING TO HOMEGOODS VISITORS CTV_Run of Network_Behavioral_F25-54_1280 x 720_Standard_NV_NA,205942131,10/20/2017,20306,0,20306,20306,0,0,0,0,0,20306,0,0
TJN_HOM_030_HomeGoods 2H Digital_F18,xAd Inc.,PJQ7MM_TJN_HOM_030_Mobile_GROUND TRUTH FKA XAD_DST_SV1_MAP_DIR_DSP_TRG_RON_BTG_DMA_DVY_BEHAVIORAL - HOME SHOPPER- DYNAMIC DISTANCE_Run of Network_Behavioral_F25-54_300 x 250_Click and View_NV_NA,204626171,11/8/2017,23807,396,23411,23411,0,0,0,0,0,23411,19324,19324
TJN_HOM_013_HomeGoods FEP_Q3FY18,Discovery Digital Media,PHWLS7_TJN_HOM_013_Content_DISCOVERY NETWORKS_Full Episode Video Mobile Web_30s_FEP_Contextual_F25-54_1920 x 1080_Standard_NV_NA,201895019,8/7/2017,934,11,923,923,0,0,0,0,0,923,,
TJN_HOM_008_HomeGoods Summer Digital_FY18,Hulu,PHG79M_TJN_HOM_008_FEP_HULU_Premium Slate_CROSS DEVICE_PRE-ROLL_CUSTOM_VECTOR LOGO_1X1_N/A_N/A_N/A_SITE_N/A_Roadblock_Demo_F25-54_1 x 1_Click and View_NV_NA,201466502,8/8/2017,87995,682,87313,87313,0,0,0,0,0,87313,75765,75765
TJN_HOM_030_HomeGoods 2H Digital_F18,NinthDecimal,PJQ7N7_TJN_HOM_030_Mobile_NINTHDECIMAL_DST_SV1_MAP_DIR_RCH_TRG_RON_PXT_DMA_DVY_GEOFENCE: 15-20-MILE RADIUS AROUND RURAL STORES_Run of Network_Geo_F25-54_320 x 50_Click and View_NV_NA,204674556,10/13/2017,8905,159,8746,5741,3005,136,2869,2771,98,5877,5676,8447
TJN_HOM_013_HomeGoods FEP_Q3FY18,Scripps Networks,PHNKCT_TJN_HOM_013_FEP_SCRIPPSNETWORKS.COM_TVE_Crossplatform_FEP_Demo_F25-54_1 x 1_Click and View_NV_NA,201878832,9/29/2017,1311,2,1309,1309,0,0,0,0,0,1309,,
TJN_HOM_030_HomeGoods 2H Digital_F18,NinthDecimal,PJQ7NB_TJN_HOM_030_Mobile_NINTHDECIMAL_DST_SV1_MAP_DIR_RCH_TRG_RON_BTG_PXT_DVY_LOCATION GRAPH: COMPETITIVE CONQUESTING_Run of Network_Behavioral_F25-54_320 x 50_Click and View_NV_NA,204649942,9/8/2017,4577,104,4473,2089,2384,19,2365,2272,93,2108,2025,4297
TJN_HOM_025_HomeGoods Digital Video_Q4FY18,Tremor Video Inc.,PK6DWD_TJN_HOM_025_OLV_TREMOR NETWORK_AWR_BS1_MAP_DIR_VID_TRG_RON_BTG_CTG_DVY_ALL SCREEN PREROLL + SOCIAL AFFINITY TARGETING TO W25-54 HOME ENTHUSIASTS MOB/TAB APP_Run of Network_Behavioral_F25-54_1280 x 720_Standard_NV_NA,205941321,10/19/2017,188182,167,188015,187875,140,82,58,32,26,187957,103700,103732
TJN_HOM_008_HomeGoods Summer Digital_FY18,NinthDecimal,PHHXGP_TJN_HOM_008_Mobile_NINTHDECIMAL_CHILD_PET OWNERS PROSPECTING_MOBILE APP_CUSTOM_DISPLAY_320X50_Run of Network_Behavioral_F25-54_320 x 50_Click and View_NV_NA,200586375,9/1/2017,72077,1051,71026,13712,57314,344,56970,53782,3188,14056,13269,67051
TJN_HOM_030_HomeGoods 2H Digital_F18,NinthDecimal,PJQ7N7_TJN_HOM_030_Mobile_NINTHDECIMAL_DST_SV1_MAP_DIR_RCH_TRG_RON_PXT_DMA_DVY_GEOFENCE: 15-20-MILE RADIUS AROUND RURAL STORES_Run of Network_Geo_F25-54_320 x 50_Click and View_NV_NA,204674556,11/13/2017,16,4,12,2,10,0,10,10,0,2,2,12
TJN_HOM_008_HomeGoods Summer Digital_FY18,Hulu,PHG79P_TJN_HOM_008_FEP_HULU_PageBrand_SPONSORSHIP_CROSS DEVICE_CUSTOM_VIDEO_1X1_1X1_N/A_N/A_N/A_SITE_N/A_Roadblock_Demo_F25-54_1 x 1_Click and View_NV_NA,201464250,7/24/2017,17,1,16,16,0,0,0,0,0,16,15,15
TJN_HOM_030_HomeGoods 2H Digital_F18,NinthDecimal,PJQ7N7_TJN_HOM_030_Mobile_NINTHDECIMAL_DST_SV1_MAP_DIR_RCH_TRG_RON_PXT_DMA_DVY_GEOFENCE: 15-20-MILE RADIUS AROUND RURAL STORES_Run of Network_Geo_F25-54_320 x 50_Click and View_NV_NA,204674556,9/13/2017,11728,231,11497,3334,8163,31,8132,8002,130,3365,3311,11313
TJN_HOM_008_HomeGoods Summer Digital_FY18,Hulu,PHG79G_TJN_HOM_008_FEP_HULU_ROS Pre-roll_CROSS DEVICE_PRE-ROLL_VIDEO_1920X1080_VAST_AUDIENCE_N/A_N/A_3RD PARTY_N/A_Run of Site_Demo_F25-54_1920 x 1080_Standard_NV_NA,201466946,8/30/2017,7642,51,7591,7591,0,0,0,0,0,7591,7275,7275
TJN_HOM_030_HomeGoods 2H Digital_F18,NinthDecimal,PJQ7N9_TJN_HOM_030_Mobile_NINTHDECIMAL_DST_SV1_MAP_DIR_RCH_TRG_RON_BTG_PXT_DVY_LOCATION GRAPH: TJX FAMILY LOYALISTS_Run of Network_Behavioral_F25-54_320 x 50_Click and View_NV_NA,204647917,11/3/2017,2877,47,2830,251,2579,7,2572,2501,71,258,251,2752
TJN_HOM_013_HomeGoods FEP_Q3FY18,Discovery Digital Media,PHWLS6_TJN_HOM_013_Content_DISCOVERY NETWORKS_Full Episode Video Mobile App_30s_FEP_Contextual_F25-54_1920 x 1080_Standard_NV_NA,201891425,8/28/2017,18697,198,18499,18499,0,0,0,0,0,18499,,
TJN_HOM_013_HomeGoods FEP_Q3FY18,Discovery Digital Media,PHWLS7_TJN_HOM_013_Content_DISCOVERY NETWORKS_Full Episode Video Mobile Web_30s_FEP_Contextual_F25-54_1920 x 1080_Standard_NV_NA,201895019,8/3/2017,955,13,942,942,0,0,0,0,0,942,,
TJN_HOM_030_HomeGoods 2H Digital_F18,xAd Inc.,PJQ7MS_TJN_HOM_030_Mobile_GROUND TRUTH FKA XAD_DST_SV1_MAP_DIR_DSP_TRG_RON_DMA_PXT_DVY_AV DMA TARGETING_Run of Network_Geo_F25-54_300 x 250_Click and View_NV_NA,204646501,10/15/2017,2735,38,2697,1781,916,17,899,751,148,1798,1502,2253
TJN_HOM_008_HomeGoods Summer Digital_FY18,xAd Inc.,PHHXGY_TJN_HOM_008_Mobile_XAD INC_CHILD_LOYALTY_MOBILE APP_CUSTOM_RICH MEDIA_320X50_GEO-FENCING_Run of Network_Geo_F25-54_320 x 50_Click and View_NV_NA,200584630,8/23/2017,30119,259,29860,16298,13562,50,13512,13484,28,16348,16314,29798
TJN_HOM_008_HomeGoods Summer Digital_FY18,Hulu,PHG79K_TJN_HOM_008_FEP_HULU_Summer TV Pre-roll_SPONSORSHIP_CROSS DEVICE_PRE-ROLL_VIDEO_1920X1080_VAST_N/A_N/A_N/A_3RD PARTY_N/A_Roadblock_Demo_F25-54_1920 x 1080_Standard_NV_NA,201466499,8/6/2017,157853,1306,156547,156547,0,0,0,0,0,156547,131855,131855
TJN_HOM_030_HomeGoods 2H Digital_F18,NinthDecimal,PJQ7N6_TJN_HOM_030_Mobile_NINTHDECIMAL_DST_SV1_MAP_DIR_RCH_TRG_RON_PXT_DMA_DVY_GEOFENCE: 5-10-MILE RADIUS AROUND SUBURBAN STORES_Run of Network_Geo_F25-54_320 x 50_Click and View_NV_NA,204646507,10/24/2017,12559,271,12288,6782,5506,196,5310,5171,139,6978,6795,11966
TJN_HOM_030_HomeGoods 2H Digital_F18,NinthDecimal,PJQ7N5_TJN_HOM_030_Mobile_NINTHDECIMAL_DST_SV1_MAP_DIR_RCH_TRG_RON_PXT_DMA_DVY_GEOFENCE: 2-MILE RADIUS AROUND URBAN STORES_Run of Network_Geo_F25-54_320 x 50_Click and View_NV_NA,204649945,11/2/2017,1162,19,1143,177,966,5,961,947,14,182,179,1126
TJN_HOM_008_HomeGoods Summer Digital_FY18,xAd Inc.,PHHXGX_TJN_HOM_008_Mobile_XAD INC_CHILD_LOCATION AUDIENCE-HOMEGOODS SHOPPERS_MOBILE APP_STANDARD_DISPLAY_300X250_Run of Network_Behavioral_F25-54_300 x 250_Click and View_NV_NA,200587524,9/1/2017,15886,1159,14727,18,14709,14709,0,0,0,14727,14727,14727
TJN_HOM_025_HomeGoods Digital Video_Q4FY18,Tremor Video Inc.,PK1FYN_TJN_HOM_025_OLV_TREMOR NETWORK_AWR_BS1_DSK_DIR_VID_TRG_RON_PXT_CTG_DVY_ALL SCREEN PREROLL + PROXIMITYPLUS DWELL TIME TARGETING TO HOMEGOODS VISITORS DESKTOP_Run of Network_Behavioral_F25-54_1280 x 720_Standard_NV_NA,205941312,11/10/2017,33691,80,33611,33611,0,0,0,0,0,33611,11706,11706
TJN_HOM_013_HomeGoods FEP_Q3FY18,Scripps Networks,PHNKCR_TJN_HOM_013_FEP_SCRIPPSNETWORKS.COM_On-site_Crossplatform_FEP_Demo_F25-54_1280 x 720_Standard_NV_NA,201888442,8/26/2017,6314,18,6296,6296,0,0,0,0,0,6296,,
TJN_HOM_008_HomeGoods Summer Digital_FY18,xAd Inc.,PHHXH0_TJN_HOM_008_Mobile_XAD INC_STANDALONE_RON_MOBILE APP_STANDARD_DISPLAY_320X50_GEO-FENCING_Run of Network_Behavioral_F25-54_320 x 50_Click and View_NV_NA,200587948,8/16/2017,13819,179,13640,11097,2543,34,2509,1649,860,11131,7316,8965
TJN_HOM_030_HomeGoods 2H Digital_F18,xAd Inc.,PJQ7MK_TJN_HOM_030_Mobile_GROUND TRUTH FKA XAD_DST_SV1_MAP_DIR_DSP_TRG_RON_PXT_BTG_DVY_PROXIMITY LOYALTY - STORE LOCATOR UNIT_Run of Network_Geo_F25-54_300 x 250_Click and View_NV_NA,204625442,9/10/2017,426,6,420,23,397,0,397,377,20,23,22,399
TJN_HOM_030_HomeGoods 2H Digital_F18,NinthDecimal,PJQ7NB_TJN_HOM_030_Mobile_NINTHDECIMAL_DST_SV1_MAP_DIR_RCH_TRG_RON_BTG_PXT_DVY_LOCATION GRAPH: COMPETITIVE CONQUESTING_Run of Network_Behavioral_F25-54_320 x 50_Click and View_NV_NA,204649942,10/28/2017,13185,221,12964,372,12592,45,12547,12255,292,417,407,12662
TJN_HOM_013_HomeGoods FEP_Q3FY18,Discovery Digital Media,PHWLS6_TJN_HOM_013_Content_DISCOVERY NETWORKS_Full Episode Video Mobile App_30s_FEP_Contextual_F25-54_1920 x 1080_Standard_NV_NA,201891425,9/14/2017,13211,133,13078,13078,0,0,0,0,0,13078,,
TJN_HOM_025_HomeGoods Digital Video_Q4FY18,Tremor Video Inc.,PK1FYN_TJN_HOM_025_OLV_TREMOR NETWORK_AWR_BS1_DSK_DIR_VID_TRG_RON_PXT_CTG_DVY_ALL SCREEN PREROLL + PROXIMITYPLUS DWELL TIME TARGETING TO HOMEGOODS VISITORS DESKTOP_Run of Network_Behavioral_F25-54_1280 x 720_Standard_NV_NA,205941312,10/5/2017,166337,121,166216,76441,89775,1274,88501,24272,64229,77715,21314,45586
TJN_HOM_025_HomeGoods Digital Video_Q4FY18,Tremor Video Inc.,PK6F30_TJN_HOM_025_OLV_TREMOR NETWORK_AWR_BS1_CTV_DIR_VID_TRG_RON_PXT_CTG_DVY_ALL SCREEN PREROLL + PROXIMITYPLUS DWELL TIME TARGETING TO HOMEGOODS VISITORS CTV_Run of Network_Behavioral_F25-54_1280 x 720_Standard_NV_NA,205942131,11/2/2017,25899,1,25898,25898,0,0,0,0,0,25898,0,0
TJN_HOM_030_HomeGoods 2H Digital_F18,xAd Inc.,PJQ7MR_TJN_HOM_030_Mobile_GROUND TRUTH FKA XAD_DST_SV1_MAP_DIR_DSP_TRG_RON_MKT_DMA_DVY_LOCATION - COMPETITOR SHOPPERS - DYNAMIC DISTANCE_Run of Network_Geo_F25-54_300 x 250_Click and View_NV_NA,204647890,10/22/2017,7825,126,7699,7699,0,0,0,0,0,7699,6895,6895
TJN_HOM_008_HomeGoods Summer Digital_FY18,xAd Inc.,PHHXGY_TJN_HOM_008_Mobile_XAD INC_CHILD_LOYALTY_MOBILE APP_CUSTOM_RICH MEDIA_320X50_GEO-FENCING_Run of Network_Geo_F25-54_320 x 50_Click and View_NV_NA,200584630,7/22/2017,20625,86,20539,20539,0,0,0,0,0,20539,18603,18603
TJN_HOM_030_HomeGoods 2H Digital_F18,NinthDecimal,PJQ7N6_TJN_HOM_030_Mobile_NINTHDECIMAL_DST_SV1_MAP_DIR_RCH_TRG_RON_PXT_DMA_DVY_GEOFENCE: 5-10-MILE RADIUS AROUND SUBURBAN STORES_Run of Network_Geo_F25-54_320 x 50_Click and View_NV_NA,204646507,10/17/2017,9036,214,8822,5378,3444,25,3419,3325,94,5403,5254,8579
TJN_HOM_030_HomeGoods 2H Digital_F18,NinthDecimal,PJQ7N7_TJN_HOM_030_Mobile_NINTHDECIMAL_DST_SV1_MAP_DIR_RCH_TRG_RON_PXT_DMA_DVY_GEOFENCE: 15-20-MILE RADIUS AROUND RURAL STORES_Run of Network_Geo_F25-54_320 x 50_Click and View_NV_NA,204674556,9/16/2017,9822,198,9624,3298,6326,25,6301,6180,121,3323,3259,9439
TJN_HOM_013_HomeGoods FEP_Q3FY18,Scripps Networks,PHNKCT_TJN_HOM_013_FEP_SCRIPPSNETWORKS.COM_TVE_Crossplatform_FEP_Demo_F25-54_1 x 1_Click and View_NV_NA,201878832,8/16/2017,5918,26,5892,5892,0,0,0,0,0,5892,,
TJN_HOM_030_HomeGoods 2H Digital_F18,xAd Inc.,PJQ7MR_TJN_HOM_030_Mobile_GROUND TRUTH FKA XAD_DST_SV1_MAP_DIR_DSP_TRG_RON_MKT_DMA_DVY_LOCATION - COMPETITOR SHOPPERS - DYNAMIC DISTANCE_Run of Network_Geo_F25-54_300 x 250_Click and View_NV_NA,204647890,10/10/2017,7211,350,6861,6861,0,0,0,0,0,6861,0,0
TJN_HOM_030_HomeGoods 2H Digital_F18,NinthDecimal,PJQ7N9_TJN_HOM_030_Mobile_NINTHDECIMAL_DST_SV1_MAP_DIR_RCH_TRG_RON_BTG_PXT_DVY_LOCATION GRAPH: TJX FAMILY LOYALISTS_Run of Network_Behavioral_F25-54_320 x 50_Click and View_NV_NA,204647917,11/1/2017,16263,224,16039,698,15341,58,15283,14847,436,756,734,15581
TJN_HOM_008_HomeGoods Summer Digital_FY18,xAd Inc.,PHHXGX_TJN_HOM_008_Mobile_XAD INC_CHILD_LOCATION AUDIENCE-HOMEGOODS SHOPPERS_MOBILE APP_STANDARD_DISPLAY_300X250_Run of Network_Behavioral_F25-54_300 x 250_Click and View_NV_NA,200587524,7/28/2017,15587,1789,13798,100,13698,13686,12,10,2,13786,11488,11498
TJN_HOM_030_HomeGoods 2H Digital_F18,NinthDecimal,PJQ7N9_TJN_HOM_030_Mobile_NINTHDECIMAL_DST_SV1_MAP_DIR_RCH_TRG_RON_BTG_PXT_DVY_LOCATION GRAPH: TJX FAMILY LOYALISTS_Run of Network_Behavioral_F25-54_320 x 50_Click and View_NV_NA,204647917,11/7/2017,6667,113,6554,355,6199,30,6169,5942,227,385,371,6313
TJN_HOM_030_HomeGoods 2H Digital_F18,NinthDecimal,PJQ7N5_TJN_HOM_030_Mobile_NINTHDECIMAL_DST_SV1_MAP_DIR_RCH_TRG_RON_PXT_DMA_DVY_GEOFENCE: 2-MILE RADIUS AROUND URBAN STORES_Run of Network_Geo_F25-54_320 x 50_Click and View_NV_NA,204649945,9/2/2017,3,0,3,1,2,2,0,0,0,3,3,3
TJN_HOM_030_HomeGoods 2H Digital_F18,xAd Inc.,PJQ7MH_TJN_HOM_030_Mobile_GROUND TRUTH FKA XAD_DST_SV1_MAP_DIR_DSP_TRG_RON_PXT_BTG_DVY_PROXIMITY LOYALTY - DYNAMIC DISTANCE_Run of Network_Geo_F25-54_300 x 250_Click and View_NV_NA,204675003,9/18/2017,14405,418,13987,13946,41,6,35,18,17,13952,7179,7197
TJN_HOM_030_HomeGoods 2H Digital_F18,xAd Inc.,PJQ7MG_TJN_HOM_030_Mobile_GROUND TRUTH FKA XAD_DST_SV1_MAP_DIR_DSP_TRG_RON_PXT_BTG_DVY_PROXIMITY LOYALTY - DYNAMIC DISTANCE_Run of Network_Geo_F25-54_320 x 50_Click and View_NV_NA,204626813,10/20/2017,51104,965,50139,47025,3114,172,2942,2698,244,47197,38236,40934
TJN_HOM_008_HomeGoods Summer Digital_FY18,NinthDecimal,PHHXGM_TJN_HOM_008_Mobile_NINTHDECIMAL_CHILD_LUXURY SHOPPERS PROSPECTING_MOBILE APP_CUSTOM_DISPLAY_320X50_Run of Network_Behavioral_F25-54_320 x 50_Click and View_NV_NA,200581998,8/4/2017,13655,448,13207,3872,9335,79,9256,8340,916,3951,3560,11900
TJN_HOM_030_HomeGoods 2H Digital_F18,xAd Inc.,PJQ7MN_TJN_HOM_030_Mobile_GROUND TRUTH FKA XAD_DST_SV1_MAP_DIR_DSP_TRG_RON_MKT_DMA_DVY_LOCATION - HOMEGOODS SHOPPERS - DYNAMIC DISTANCE_Run of Network_Geo_F25-54_320 x 50_Click and View_NV_NA,204651439,11/6/2017,1,0,1,0,1,1,0,0,0,1,1,1
TJN_HOM_030_HomeGoods 2H Digital_F18,xAd Inc.,PJQ7MN_TJN_HOM_030_Mobile_GROUND TRUTH FKA XAD_DST_SV1_MAP_DIR_DSP_TRG_RON_MKT_DMA_DVY_LOCATION - HOMEGOODS SHOPPERS - DYNAMIC DISTANCE_Run of Network_Geo_F25-54_320 x 50_Click and View_NV_NA,204651439,11/4/2017,1,0,1,1,0,0,0,0,0,1,1,1
TJN_HOM_030_HomeGoods 2H Digital_F18,NinthDecimal,PJQ7N5_TJN_HOM_030_Mobile_NINTHDECIMAL_DST_SV1_MAP_DIR_RCH_TRG_RON_PXT_DMA_DVY_GEOFENCE: 2-MILE RADIUS AROUND URBAN STORES_Run of Network_Geo_F25-54_320 x 50_Click and View_NV_NA,204649945,10/20/2017,7157,221,6936,3459,3477,26,3451,3364,87,3485,3397,6761
TJN_HOM_025_HomeGoods Digital Video_Q4FY18,Tremor Video Inc.,PK1FYN_TJN_HOM_025_OLV_TREMOR NETWORK_AWR_BS1_DSK_DIR_VID_TRG_RON_PXT_CTG_DVY_ALL SCREEN PREROLL + PROXIMITYPLUS DWELL TIME TARGETING TO HOMEGOODS VISITORS DESKTOP_Run of Network_Behavioral_F25-54_1280 x 720_Standard_NV_NA,205941312,10/24/2017,87592,1465,86127,85121,1006,28,978,432,546,85149,37612,38044
TJN_HOM_008_HomeGoods Summer Digital_FY18,NinthDecimal,PHHXGN_TJN_HOM_008_Mobile_NINTHDECIMAL_CHILD_LUXURY SHOPPERS RETENTION_MOBILE APP_CUSTOM_DISPLAY_320X50_Run of Network_Behavioral_F25-54_320 x 50_Click and View_NV_NA,200582901,8/16/2017,4268,118,4150,745,3405,19,3386,3127,259,764,706,3833
TJN_HOM_008_HomeGoods Summer Digital_FY18,NinthDecimal,PHHXGP_TJN_HOM_008_Mobile_NINTHDECIMAL_CHILD_PET OWNERS PROSPECTING_MOBILE APP_CUSTOM_DISPLAY_320X50_Run of Network_Behavioral_F25-54_320 x 50_Click and View_NV_NA,200586375,7/28/2017,68967,1051,67916,12468,55448,221,55227,53263,1964,12689,12238,65501
TJN_HOM_008_HomeGoods Summer Digital_FY18,NinthDecimal,PHHXGQ_TJN_HOM_008_Mobile_NINTHDECIMAL_CHILD_PET OWNERS RETENTION_MOBILE APP_CUSTOM_DISPLAY_320X50_Run of Network_Behavioral_F25-54_320 x 50_Click and View_NV_NA,200578886,9/3/2017,5102,25,5077,619,4458,21,4437,4234,203,640,611,4845
TJN_HOM_008_HomeGoods Summer Digital_FY18,xAd Inc.,PHHXGY_TJN_HOM_008_Mobile_XAD INC_CHILD_LOYALTY_MOBILE APP_CUSTOM_RICH MEDIA_320X50_GEO-FENCING_Run of Network_Geo_F25-54_320 x 50_Click and View_NV_NA,200584630,7/23/2017,26520,47,26473,26473,0,0,0,0,0,26473,24031,24031
TJN_HOM_030_HomeGoods 2H Digital_F18,xAd Inc.,PJQ7MN_TJN_HOM_030_Mobile_GROUND TRUTH FKA XAD_DST_SV1_MAP_DIR_DSP_TRG_RON_MKT_DMA_DVY_LOCATION - HOMEGOODS SHOPPERS - DYNAMIC DISTANCE_Run of Network_Geo_F25-54_320 x 50_Click and View_NV_NA,204651439,9/25/2017,121971,2216,119755,77609,42146,2540,39606,34987,4619,80149,66142,101129
TJN_HOM_008_HomeGoods Summer Digital_FY18,xAd Inc.,PHHXGZ_TJN_HOM_008_Mobile_XAD INC_CHILD_LOYALTY_MOBILE APP_CUSTOM_RICH MEDIA_300X250_GEO-FENCING_Run of Network_Geo_F25-54_300 x 250_Click and View_NV_NA,200577158,8/9/2017,1474,47,1427,566,861,9,852,763,89,575,515,1278
TJN_HOM_013_HomeGoods FEP_Q3FY18,Scripps Networks,PHNKCR_TJN_HOM_013_FEP_SCRIPPSNETWORKS.COM_On-site_Crossplatform_FEP_Demo_F25-54_1280 x 720_Standard_NV_NA,201888442,9/2/2017,2402,14,2388,2388,0,0,0,0,0,2388,,
TJN_HOM_008_HomeGoods Summer Digital_FY18,xAd Inc.,PHHXGZ_TJN_HOM_008_Mobile_XAD INC_CHILD_LOYALTY_MOBILE APP_CUSTOM_RICH MEDIA_300X250_GEO-FENCING_Run of Network_Geo_F25-54_300 x 250_Click and View_NV_NA,200577158,8/27/2017,2380,48,2332,2274,58,0,58,56,2,2274,2196,2252
TJN_HOM_008_HomeGoods Summer Digital_FY18,xAd Inc.,PHHXGR_TJN_HOM_008_Mobile_XAD INC_CHILD_LOYALTY_MOBILE APP_STANDARD_DISPLAY_320X50_GEO-FENCING_Run of Network_Geo_F25-54_320 x 50_Click and View_NV_NA,200587518,8/7/2017,306591,6737,299854,90607,209247,4547,204700,152344,52356,95154,70817,223161
TJN_HOM_030_HomeGoods 2H Digital_F18,NinthDecimal,PJQ7N5_TJN_HOM_030_Mobile_NINTHDECIMAL_DST_SV1_MAP_DIR_RCH_TRG_RON_PXT_DMA_DVY_GEOFENCE: 2-MILE RADIUS AROUND URBAN STORES_Run of Network_Geo_F25-54_320 x 50_Click and View_NV_NA,204649945,11/3/2017,1509,42,1467,223,1244,6,1238,1201,37,229,222,1423
TJN_HOM_030_HomeGoods 2H Digital_F18,NinthDecimal,PJQ7ND_TJN_HOM_030_Mobile_NINTHDECIMAL_DST_SV1_MAP_DIR_RCH_TRG_RON_BTG_DMA_DVY_CONSUMER JOURNEY: HOUSEHOLD CEO_Run of Network_Behavioral_F25-54_320 x 50_Click and View_NV_NA,204626294,10/15/2017,9674,148,9526,5236,4290,20,4270,4162,108,5256,5123,9285
TJN_HOM_008_HomeGoods Summer Digital_FY18,NinthDecimal,PHHXGP_TJN_HOM_008_Mobile_NINTHDECIMAL_CHILD_PET OWNERS PROSPECTING_MOBILE APP_CUSTOM_DISPLAY_320X50_Run of Network_Behavioral_F25-54_320 x 50_Click and View_NV_NA,200586375,8/31/2017,71368,1217,70151,14708,55443,292,55151,52169,2982,15000,14189,66358
TJN_HOM_013_HomeGoods FEP_Q3FY18,Discovery Digital Media,PHWLS7_TJN_HOM_013_Content_DISCOVERY NETWORKS_Full Episode Video Mobile Web_30s_FEP_Contextual_F25-54_1920 x 1080_Standard_NV_NA,201895019,8/29/2017,917,7,910,910,0,0,0,0,0,910,,
TJN_HOM_013_HomeGoods FEP_Q3FY18,Discovery Digital Media,PHWLS7_TJN_HOM_013_Content_DISCOVERY NETWORKS_Full Episode Video Mobile Web_30s_FEP_Contextual_F25-54_1920 x 1080_Standard_NV_NA,201895019,9/15/2017,868,27,841,841,0,0,0,0,0,841,,
TJN_HOM_030_HomeGoods 2H Digital_F18,NinthDecimal,PJQ7N9_TJN_HOM_030_Mobile_NINTHDECIMAL_DST_SV1_MAP_DIR_RCH_TRG_RON_BTG_PXT_DVY_LOCATION GRAPH: TJX FAMILY LOYALISTS_Run of Network_Behavioral_F25-54_320 x 50_Click and View_NV_NA,204647917,11/2/2017,1682,27,1655,201,1454,4,1450,1411,39,205,199,1610
TJN_HOM_013_HomeGoods FEP_Q3FY18,Discovery Digital Media,PHWLS6_TJN_HOM_013_Content_DISCOVERY NETWORKS_Full Episode Video Mobile App_30s_FEP_Contextual_F25-54_1920 x 1080_Standard_NV_NA,201891425,8/18/2017,18696,155,18541,18541,0,0,0,0,0,18541,,
TJN_HOM_030_HomeGoods 2H Digital_F18,xAd Inc.,PJQ7MN_TJN_HOM_030_Mobile_GROUND TRUTH FKA XAD_DST_SV1_MAP_DIR_DSP_TRG_RON_MKT_DMA_DVY_LOCATION - HOMEGOODS SHOPPERS - DYNAMIC DISTANCE_Run of Network_Geo_F25-54_320 x 50_Click and View_NV_NA,204651439,10/26/2017,6077,104,5973,5797,176,20,156,130,26,5817,2218,2348
TJN_HOM_008_HomeGoods Summer Digital_FY18,xAd Inc.,PHHXGX_TJN_HOM_008_Mobile_XAD INC_CHILD_LOCATION AUDIENCE-HOMEGOODS SHOPPERS_MOBILE APP_STANDARD_DISPLAY_300X250_Run of Network_Behavioral_F25-54_300 x 250_Click and View_NV_NA,200587524,8/31/2017,10221,323,9898,320,9578,9577,1,1,0,9897,9897,9898
TJN_HOM_030_HomeGoods 2H Digital_F18,Nativo Inc.,PJQDHJ_TJN_HOM_030_Content_NATIVO FKA POST RLSE_DSI_BS2_MWB_DIR_NAD_ROT_RON_CTG_BTG_DVY_NATIVE DISPLAY UNIT FALLIDAYS_Run of Network_Contextual_F25-54_1 x 1_Click and View_NV_NA,206024352,10/29/2017,1538579,40106,1498473,12887,1485586,114961,1370625,491587,879038,127848,45854,537441
TJN_HOM_008_HomeGoods Summer Digital_FY18,xAd Inc.,PHHXH0_TJN_HOM_008_Mobile_XAD INC_STANDALONE_RON_MOBILE APP_STANDARD_DISPLAY_320X50_GEO-FENCING_Run of Network_Behavioral_F25-54_320 x 50_Click and View_NV_NA,200587948,8/17/2017,11660,137,11523,8408,3115,32,3083,2034,1049,8440,5568,7602
TJN_HOM_030_HomeGoods 2H Digital_F18,NinthDecimal,"PJQ7NK_TJN_HOM_030_Mobile_NINTHDECIMAL_DST_SV1_MAP_DIR_RCH_TRG_RON_BTG_DMA_DVY_TV TARGETING: HGTV, DIY NETWORK, BRAVO, TLC, FOOD NETWORK_Run of Network_Behavioral_F25-54_320 x 50_Click and View_NV_NA",204674553,10/15/2017,9517,144,9373,4921,4452,76,4376,4194,182,4997,4789,8983
TJN_HOM_013_HomeGoods FEP_Q3FY18,Discovery Digital Media,PHWLS6_TJN_HOM_013_Content_DISCOVERY NETWORKS_Full Episode Video Mobile App_30s_FEP_Contextual_F25-54_1920 x 1080_Standard_NV_NA,201891425,9/5/2017,20992,257,20735,20735,0,0,0,0,0,20735,,
TJN_HOM_008_HomeGoods Summer Digital_FY18,Hulu,PHG79G_TJN_HOM_008_FEP_HULU_ROS Pre-roll_CROSS DEVICE_PRE-ROLL_VIDEO_1920X1080_VAST_AUDIENCE_N/A_N/A_3RD PARTY_N/A_Run of Site_Demo_F25-54_1920 x 1080_Standard_NV_NA,201466946,8/12/2017,15798,104,15694,15694,0,0,0,0,0,15694,14273,14273
TJN_HOM_008_HomeGoods Summer Digital_FY18,NinthDecimal,PHHXGQ_TJN_HOM_008_Mobile_NINTHDECIMAL_CHILD_PET OWNERS RETENTION_MOBILE APP_CUSTOM_DISPLAY_320X50_Run of Network_Behavioral_F25-54_320 x 50_Click and View_NV_NA,200578886,7/20/2017,1384,6,1378,336,1042,5,1037,969,68,341,319,1288
TJN_HOM_030_HomeGoods 2H Digital_F18,xAd Inc.,PJQ7MG_TJN_HOM_030_Mobile_GROUND TRUTH FKA XAD_DST_SV1_MAP_DIR_DSP_TRG_RON_PXT_BTG_DVY_PROXIMITY LOYALTY - DYNAMIC DISTANCE_Run of Network_Geo_F25-54_320 x 50_Click and View_NV_NA,204626813,11/3/2017,1,0,1,1,0,0,0,0,0,1,1,1
TJN_HOM_008_HomeGoods Summer Digital_FY18,xAd Inc.,PHHXGR_TJN_HOM_008_Mobile_XAD INC_CHILD_LOYALTY_MOBILE APP_STANDARD_DISPLAY_320X50_GEO-FENCING_Run of Network_Geo_F25-54_320 x 50_Click and View_NV_NA,200587518,8/3/2017,25927,1115,24812,16787,8025,87,7938,5825,2113,16874,12382,18207
TJN_HOM_008_HomeGoods Summer Digital_FY18,NinthDecimal,PHHXGN_TJN_HOM_008_Mobile_NINTHDECIMAL_CHILD_LUXURY SHOPPERS RETENTION_MOBILE APP_CUSTOM_DISPLAY_320X50_Run of Network_Behavioral_F25-54_320 x 50_Click and View_NV_NA,200582901,8/17/2017,3817,99,3718,525,3193,23,3170,2719,451,548,470,3189
TJN_HOM_013_HomeGoods FEP_Q3FY18,Discovery Digital Media,PHWLS6_TJN_HOM_013_Content_DISCOVERY NETWORKS_Full Episode Video Mobile App_30s_FEP_Contextual_F25-54_1920 x 1080_Standard_NV_NA,201891425,8/5/2017,20903,173,20730,20730,0,0,0,0,0,20730,,
TJN_HOM_008_HomeGoods Summer Digital_FY18,xAd Inc.,PHHXGS_TJN_HOM_008_Mobile_XAD INC_CHILD_LOYALTY_MOBILE APP_STANDARD_DISPLAY_300X250_GEO-FENCING_Run of Network_Geo_F25-54_300 x 250_Click and View_NV_NA,200583064,7/21/2017,18618,11071,7547,5544,2003,308,1695,1669,26,5852,5762,7431
TJN_HOM_013_HomeGoods FEP_Q3FY18,Discovery Digital Media,PHWLS9_TJN_HOM_013_Content_DISCOVERY NETWORKS_Full Episode Video OTT/CTV_30s_FEP_Contextual_F25-54_1920 x 1080_Standard_NV_NA,201891428,7/31/2017,12110,21,12089,12089,0,0,0,0,0,12089,,
TJN_HOM_030_HomeGoods 2H Digital_F18,xAd Inc.,PJQ7MM_TJN_HOM_030_Mobile_GROUND TRUTH FKA XAD_DST_SV1_MAP_DIR_DSP_TRG_RON_BTG_DMA_DVY_BEHAVIORAL - HOME SHOPPER- DYNAMIC DISTANCE_Run of Network_Behavioral_F25-54_300 x 250_Click and View_NV_NA,204626171,10/28/2017,7988,257,7731,7731,0,0,0,0,0,7731,6377,6377
TJN_HOM_030_HomeGoods 2H Digital_F18,Nativo Inc.,PJQDHJ_TJN_HOM_030_Content_NATIVO FKA POST RLSE_DSI_BS2_MWB_DIR_NAD_ROT_RON_CTG_BTG_DVY_NATIVE DISPLAY UNIT FALLIDAYS_Run of Network_Contextual_F25-54_1 x 1_Click and View_NV_NA,206024352,10/8/2017,554650,14642,540008,2605,537403,39876,497527,160948,336579,42481,13742,174690
TJN_HOM_013_HomeGoods FEP_Q3FY18,Scripps Networks,PHNKCT_TJN_HOM_013_FEP_SCRIPPSNETWORKS.COM_TVE_Crossplatform_FEP_Demo_F25-54_1 x 1_Click and View_NV_NA,201878832,8/17/2017,153,1,152,152,0,0,0,0,0,152,,
TJN_HOM_008_HomeGoods Summer Digital_FY18,Hulu,PHG79M_TJN_HOM_008_FEP_HULU_Premium Slate_CROSS DEVICE_PRE-ROLL_CUSTOM_VECTOR LOGO_1X1_N/A_N/A_N/A_SITE_N/A_Roadblock_Demo_F25-54_1 x 1_Click and View_NV_NA,201466502,8/19/2017,321532,2274,319258,319258,0,0,0,0,0,319258,237446,237446
TJN_HOM_025_HomeGoods Digital Video_Q4FY18,Tremor Video Inc.,PK6F30_TJN_HOM_025_OLV_TREMOR NETWORK_AWR_BS1_CTV_DIR_VID_TRG_RON_PXT_CTG_DVY_ALL SCREEN PREROLL + PROXIMITYPLUS DWELL TIME TARGETING TO HOMEGOODS VISITORS CTV_Run of Network_Behavioral_F25-54_1280 x 720_Standard_NV_NA,205942131,11/1/2017,24179,2,24177,24177,0,0,0,0,0,24177,0,0
TJN_HOM_008_HomeGoods Summer Digital_FY18,Hulu,PHG79P_TJN_HOM_008_FEP_HULU_PageBrand_SPONSORSHIP_CROSS DEVICE_CUSTOM_VIDEO_1X1_1X1_N/A_N/A_N/A_SITE_N/A_Roadblock_Demo_F25-54_1 x 1_Click and View_NV_NA,201464250,8/21/2017,136,2,134,134,0,0,0,0,0,134,124,124
TJN_HOM_030_HomeGoods 2H Digital_F18,NinthDecimal,PJQ7N9_TJN_HOM_030_Mobile_NINTHDECIMAL_DST_SV1_MAP_DIR_RCH_TRG_RON_BTG_PXT_DVY_LOCATION GRAPH: TJX FAMILY LOYALISTS_Run of Network_Behavioral_F25-54_320 x 50_Click and View_NV_NA,204647917,10/20/2017,13387,308,13079,5972,7107,44,7063,6856,207,6016,5840,12696
TJN_HOM_025_HomeGoods Digital Video_Q4FY18,Tremor Video Inc.,PK6DYV_TJN_HOM_025_OLV_TREMOR NETWORK_AWR_BS1_MAP_DIR_VID_TRG_RON_PXT_CTG_DVY_ALL SCREEN PREROLL + PROXIMITYPLUS DWELL TIME TARGETING TO HOMEGOODS VISITORS MOB/TAB APP_Run of Network_Behavioral_F25-54_1280 x 720_Standard_NV_NA,205859075,10/31/2017,427255,337,426918,426717,201,2,199,197,2,426719,422430,422627
TJN_HOM_013_HomeGoods FEP_Q3FY18,Discovery Digital Media,Rolled-up Placements,N/A,7/10/2017,4,0,4,4,0,0,0,0,0,4,,
TJN_HOM_030_HomeGoods 2H Digital_F18,xAd Inc.,PJQ7MG_TJN_HOM_030_Mobile_GROUND TRUTH FKA XAD_DST_SV1_MAP_DIR_DSP_TRG_RON_PXT_BTG_DVY_PROXIMITY LOYALTY - DYNAMIC DISTANCE_Run of Network_Geo_F25-54_320 x 50_Click and View_NV_NA,204626813,11/1/2017,3,1,2,0,2,1,1,1,0,1,1,2
TJN_HOM_030_HomeGoods 2H Digital_F18,NinthDecimal,PJQ7NC_TJN_HOM_030_Mobile_NINTHDECIMAL_DST_SV1_MAP_DIR_RCH_TRG_RON_BTG_DMA_DVY_CONSUMER JOURNEY: DIYERS_Run of Network_Behavioral_F25-54_320 x 50_Click and View_NV_NA,204675009,10/23/2017,8601,149,8452,3420,5032,34,4998,4829,169,3454,3337,8166
TJN_HOM_030_HomeGoods 2H Digital_F18,NinthDecimal,PJQ7NG_TJN_HOM_030_Mobile_NINTHDECIMAL_DST_SV1_MAP_DIR_RCH_TRG_RON_BTG_DMA_DVY_CONSUMER JOURNEY: NEW HOME BUYERS & MOVERS_Run of Network_Behavioral_F25-54_320 x 50_Click and View_NV_NA,204625835,10/12/2017,10523,151,10372,4786,5586,32,5554,5359,195,4818,4649,10008
TJN_HOM_030_HomeGoods 2H Digital_F18,xAd Inc.,PJQ7MG_TJN_HOM_030_Mobile_GROUND TRUTH FKA XAD_DST_SV1_MAP_DIR_DSP_TRG_RON_PXT_BTG_DVY_PROXIMITY LOYALTY - DYNAMIC DISTANCE_Run of Network_Geo_F25-54_320 x 50_Click and View_NV_NA,204626813,11/7/2017,70136,1509,68627,25999,42628,40449,2179,1809,370,66448,55125,56934
TJN_HOM_030_HomeGoods 2H Digital_F18,xAd Inc.,PJQ7MM_TJN_HOM_030_Mobile_GROUND TRUTH FKA XAD_DST_SV1_MAP_DIR_DSP_TRG_RON_BTG_DMA_DVY_BEHAVIORAL - HOME SHOPPER- DYNAMIC DISTANCE_Run of Network_Behavioral_F25-54_300 x 250_Click and View_NV_NA,204626171,9/8/2017,10853,190,10663,10658,5,0,5,0,5,10658,0,0
TJN_HOM_030_HomeGoods 2H Digital_F18,NinthDecimal,PJQ7N5_TJN_HOM_030_Mobile_NINTHDECIMAL_DST_SV1_MAP_DIR_RCH_TRG_RON_PXT_DMA_DVY_GEOFENCE: 2-MILE RADIUS AROUND URBAN STORES_Run of Network_Geo_F25-54_320 x 50_Click and View_NV_NA,204649945,11/7/2017,18832,278,18554,817,17737,105,17632,17110,522,922,895,18005
TJN_HOM_030_HomeGoods 2H Digital_F18,NinthDecimal,PJQ7N9_TJN_HOM_030_Mobile_NINTHDECIMAL_DST_SV1_MAP_DIR_RCH_TRG_RON_BTG_PXT_DVY_LOCATION GRAPH: TJX FAMILY LOYALISTS_Run of Network_Behavioral_F25-54_320 x 50_Click and View_NV_NA,204647917,9/2/2017,3,0,3,2,1,1,0,0,0,3,3,3
TJN_HOM_030_HomeGoods 2H Digital_F18,Nativo Inc.,PK87W8_TJN_HOM_030_Content_NATIVO FKA POST RLSE_DSI_BS2_MWB_DIR_NAD_ROT_RON_CTG_BTG_DVY_NATIVE DISPLAY UNIT FALL TRENDS_Run of Network_Contextual_F25-54_1 x 1_Click and View_NV_NA,206137761,11/5/2017,3,0,3,0,3,2,1,0,1,2,0,0
TJN_HOM_030_HomeGoods 2H Digital_F18,NinthDecimal,PJQ7N8_TJN_HOM_030_Mobile_NINTHDECIMAL_DST_SV1_MAP_DIR_RCH_TRG_RON_BTG_PXT_DVY_LOCATION GRAPH: HOMEGOODS LOYALISTS_Run of Network_Behavioral_F25-54_320 x 50_Click and View_NV_NA,204675012,9/27/2017,7480,30,7450,3175,4275,28,4247,4094,153,3203,3088,7182
TJN_HOM_030_HomeGoods 2H Digital_F18,NinthDecimal,PJQ7NC_TJN_HOM_030_Mobile_NINTHDECIMAL_DST_SV1_MAP_DIR_RCH_TRG_RON_BTG_DMA_DVY_CONSUMER JOURNEY: DIYERS_Run of Network_Behavioral_F25-54_320 x 50_Click and View_NV_NA,204675009,9/22/2017,9451,192,9259,3127,6132,35,6097,5964,133,3162,3093,9057
TJN_HOM_030_HomeGoods 2H Digital_F18,NinthDecimal,PJQ7N5_TJN_HOM_030_Mobile_NINTHDECIMAL_DST_SV1_MAP_DIR_RCH_TRG_RON_PXT_DMA_DVY_GEOFENCE: 2-MILE RADIUS AROUND URBAN STORES_Run of Network_Geo_F25-54_320 x 50_Click and View_NV_NA,204649945,11/1/2017,8363,144,8219,508,7711,23,7688,7477,211,531,516,7993
TJN_HOM_025_HomeGoods Digital Video_Q4FY18,Tremor Video Inc.,PK6DWD_TJN_HOM_025_OLV_TREMOR NETWORK_AWR_BS1_MAP_DIR_VID_TRG_RON_BTG_CTG_DVY_ALL SCREEN PREROLL + SOCIAL AFFINITY TARGETING TO W25-54 HOME ENTHUSIASTS MOB/TAB APP_Run of Network_Behavioral_F25-54_1280 x 720_Standard_NV_NA,205941321,11/12/2017,576619,8946,567673,567105,568,8,560,535,25,567113,541795,542330
TJN_HOM_008_HomeGoods Summer Digital_FY18,xAd Inc.,PHHXGS_TJN_HOM_008_Mobile_XAD INC_CHILD_LOYALTY_MOBILE APP_STANDARD_DISPLAY_300X250_GEO-FENCING_Run of Network_Geo_F25-54_300 x 250_Click and View_NV_NA,200583064,8/10/2017,17608,14355,3253,102,3151,3072,79,74,5,3174,2973,3047
TJN_HOM_008_HomeGoods Summer Digital_FY18,NinthDecimal,Rolled-up Placements,N/A,6/21/2017,48545,467,48078,16830,31248,138,31110,30024,1086,16968,16368,46392
TJN_HOM_025_HomeGoods Digital Video_Q4FY18,Tremor Video Inc.,PK6F30_TJN_HOM_025_OLV_TREMOR NETWORK_AWR_BS1_CTV_DIR_VID_TRG_RON_PXT_CTG_DVY_ALL SCREEN PREROLL + PROXIMITYPLUS DWELL TIME TARGETING TO HOMEGOODS VISITORS CTV_Run of Network_Behavioral_F25-54_1280 x 720_Standard_NV_NA,205942131,11/3/2017,12751,0,12751,12751,0,0,0,0,0,12751,0,0
TJN_HOM_030_HomeGoods 2H Digital_F18,xAd Inc.,PJQ7MJ_TJN_HOM_030_Mobile_GROUND TRUTH FKA XAD_DST_SV1_MAP_DIR_DSP_TRG_RON_PXT_BTG_DVY_PROXIMITY LOYALTY - STORE LOCATOR UNIT_Run of Network_Geo_F25-54_320 x 50_Click and View_NV_NA,204649939,11/9/2017,51194,712,50482,33018,17464,4194,13270,12761,509,37212,35785,48546
TJN_HOM_013_HomeGoods FEP_Q3FY18,Discovery Digital Media,PHWLS8_TJN_HOM_013_Content_DISCOVERY NETWORKS_Full Episode Video Tablet Web_30s_FEP_Contextual_F25-54_1920 x 1080_Standard_NV_NA,201899695,9/26/2017,857,27,830,830,0,0,0,0,0,830,,
TJN_HOM_030_HomeGoods 2H Digital_F18,xAd Inc.,PJQ7MM_TJN_HOM_030_Mobile_GROUND TRUTH FKA XAD_DST_SV1_MAP_DIR_DSP_TRG_RON_BTG_DMA_DVY_BEHAVIORAL - HOME SHOPPER- DYNAMIC DISTANCE_Run of Network_Behavioral_F25-54_300 x 250_Click and View_NV_NA,204626171,10/7/2017,7064,128,6936,6936,0,0,0,0,0,6936,0,0
TJN_HOM_025_HomeGoods Digital Video_Q4FY18,Tremor Video Inc.,PK6DWD_TJN_HOM_025_OLV_TREMOR NETWORK_AWR_BS1_MAP_DIR_VID_TRG_RON_BTG_CTG_DVY_ALL SCREEN PREROLL + SOCIAL AFFINITY TARGETING TO W25-54 HOME ENTHUSIASTS MOB/TAB APP_Run of Network_Behavioral_F25-54_1280 x 720_Standard_NV_NA,205941321,10/9/2017,922,4,918,866,52,1,51,32,19,867,544,576
TJN_HOM_030_HomeGoods 2H Digital_F18,NinthDecimal,PJQ7NC_TJN_HOM_030_Mobile_NINTHDECIMAL_DST_SV1_MAP_DIR_RCH_TRG_RON_BTG_DMA_DVY_CONSUMER JOURNEY: DIYERS_Run of Network_Behavioral_F25-54_320 x 50_Click and View_NV_NA,204675009,9/24/2017,9351,143,9208,2925,6283,31,6252,6088,164,2956,2878,8966
TJN_HOM_030_HomeGoods 2H Digital_F18,NinthDecimal,PJQ7NB_TJN_HOM_030_Mobile_NINTHDECIMAL_DST_SV1_MAP_DIR_RCH_TRG_RON_BTG_PXT_DVY_LOCATION GRAPH: COMPETITIVE CONQUESTING_Run of Network_Behavioral_F25-54_320 x 50_Click and View_NV_NA,204649942,11/8/2017,4157,56,4101,287,3814,21,3793,3707,86,308,301,4008
TJN_HOM_008_HomeGoods Summer Digital_FY18,Hulu,PHG79J_TJN_HOM_008_FEP_HULU_Branded Slate_ROS_CROSS DEVICE_PRE-ROLL_CUSTOM_VECTOR LOGO_1X1_AUDIENCE_N/A_N/A_SITE_N/A_Run of Site_Demo_F25-54_1 x 1_Click and View_NV_NA,201467345,7/31/2017,780,11,769,769,0,0,0,0,0,769,694,694
TJN_HOM_008_HomeGoods Summer Digital_FY18,xAd Inc.,PHHXGS_TJN_HOM_008_Mobile_XAD INC_CHILD_LOYALTY_MOBILE APP_STANDARD_DISPLAY_300X250_GEO-FENCING_Run of Network_Geo_F25-54_300 x 250_Click and View_NV_NA,200583064,7/25/2017,16065,8645,7420,5352,2068,374,1694,1622,72,5726,5483,7105
TJN_HOM_030_HomeGoods 2H Digital_F18,NinthDecimal,PJQ7N5_TJN_HOM_030_Mobile_NINTHDECIMAL_DST_SV1_MAP_DIR_RCH_TRG_RON_PXT_DMA_DVY_GEOFENCE: 2-MILE RADIUS AROUND URBAN STORES_Run of Network_Geo_F25-54_320 x 50_Click and View_NV_NA,204649945,9/28/2017,17693,572,17121,8856,8265,36,8229,7972,257,8892,8614,16586
TJN_HOM_030_HomeGoods 2H Digital_F18,NinthDecimal,PJQ7NB_TJN_HOM_030_Mobile_NINTHDECIMAL_DST_SV1_MAP_DIR_RCH_TRG_RON_BTG_PXT_DVY_LOCATION GRAPH: COMPETITIVE CONQUESTING_Run of Network_Behavioral_F25-54_320 x 50_Click and View_NV_NA,204649942,10/29/2017,4276,70,4206,189,4017,8,4009,3926,83,197,193,4119
TJN_HOM_013_HomeGoods FEP_Q3FY18,Discovery Digital Media,PHWLS5_TJN_HOM_013_Content_DISCOVERY NETWORKS_Full Episode Video Desktop_30s_FEP_Contextual_F25-54_1920 x 1080_Standard_NV_NA,201895013,8/30/2017,3671,97,3574,3574,0,0,0,0,0,3574,,
TJN_HOM_008_HomeGoods Summer Digital_FY18,NinthDecimal,Rolled-up Placements,N/A,6/24/2017,156331,1809,154522,54317,100205,448,99757,96704,3053,54765,53114,149818
TJN_HOM_008_HomeGoods Summer Digital_FY18,Hulu,PHG79J_TJN_HOM_008_FEP_HULU_Branded Slate_ROS_CROSS DEVICE_PRE-ROLL_CUSTOM_VECTOR LOGO_1X1_AUDIENCE_N/A_N/A_SITE_N/A_Run of Site_Demo_F25-54_1 x 1_Click and View_NV_NA,201467345,7/26/2017,1159,11,1148,1148,0,0,0,0,0,1148,1025,1025
TJN_HOM_030_HomeGoods 2H Digital_F18,NinthDecimal,PJQ7NF_TJN_HOM_030_Mobile_NINTHDECIMAL_DST_SV1_MAP_DIR_RCH_TRG_RON_BTG_DMA_DVY_CONSUMER JOURNEY: HOME FURNISHINGS SHOPPERS_Run of Network_Behavioral_F25-54_320 x 50_Click and View_NV_NA,204626291,9/18/2017,9898,250,9648,2382,7266,29,7237,7099,138,2411,2365,9464
TJN_HOM_008_HomeGoods Summer Digital_FY18,Hulu,PHG79N_TJN_HOM_008_FEP_HULU_Masthead_SPONSORSHIP_CROSS DEVICE_CUSTOM_VIDEO_1X1_1X1_N/A_N/A_N/A_SITE_N/A_Roadblock_Demo_F25-54_1 x 1_Click and View_NV_NA,201462657,9/16/2017,1,0,1,1,0,0,0,0,0,1,1,1
TJN_HOM_008_HomeGoods Summer Digital_FY18,NinthDecimal,PHHXGM_TJN_HOM_008_Mobile_NINTHDECIMAL_CHILD_LUXURY SHOPPERS PROSPECTING_MOBILE APP_CUSTOM_DISPLAY_320X50_Run of Network_Behavioral_F25-54_320 x 50_Click and View_NV_NA,200581998,8/22/2017,43842,1142,42700,11092,31608,206,31402,28966,2436,11298,10422,39388
TJN_HOM_030_HomeGoods 2H Digital_F18,xAd Inc.,PJQ7MG_TJN_HOM_030_Mobile_GROUND TRUTH FKA XAD_DST_SV1_MAP_DIR_DSP_TRG_RON_PXT_BTG_DVY_PROXIMITY LOYALTY - DYNAMIC DISTANCE_Run of Network_Geo_F25-54_320 x 50_Click and View_NV_NA,204626813,9/28/2017,34453,858,33595,27984,5611,983,4628,3787,841,28967,20221,24008
TJN_HOM_030_HomeGoods 2H Digital_F18,NinthDecimal,PJQ7NG_TJN_HOM_030_Mobile_NINTHDECIMAL_DST_SV1_MAP_DIR_RCH_TRG_RON_BTG_DMA_DVY_CONSUMER JOURNEY: NEW HOME BUYERS & MOVERS_Run of Network_Behavioral_F25-54_320 x 50_Click and View_NV_NA,204625835,10/10/2017,8966,56,8910,4948,3962,36,3926,3782,144,4984,4801,8583
TJN_HOM_030_HomeGoods 2H Digital_F18,xAd Inc.,PJQ7MK_TJN_HOM_030_Mobile_GROUND TRUTH FKA XAD_DST_SV1_MAP_DIR_DSP_TRG_RON_PXT_BTG_DVY_PROXIMITY LOYALTY - STORE LOCATOR UNIT_Run of Network_Geo_F25-54_300 x 250_Click and View_NV_NA,204625442,10/24/2017,3572,37,3535,39,3496,18,3478,3323,155,57,54,3377
TJN_HOM_030_HomeGoods 2H Digital_F18,xAd Inc.,PJQ7MS_TJN_HOM_030_Mobile_GROUND TRUTH FKA XAD_DST_SV1_MAP_DIR_DSP_TRG_RON_DMA_PXT_DVY_AV DMA TARGETING_Run of Network_Geo_F25-54_300 x 250_Click and View_NV_NA,204646501,10/26/2017,2541,36,2505,1898,607,4,603,321,282,1902,1013,1334
TJN_HOM_013_HomeGoods FEP_Q3FY18,Discovery Digital Media,PHWLS8_TJN_HOM_013_Content_DISCOVERY NETWORKS_Full Episode Video Tablet Web_30s_FEP_Contextual_F25-54_1920 x 1080_Standard_NV_NA,201899695,8/15/2017,929,3,926,926,0,0,0,0,0,926,,
TJN_HOM_013_HomeGoods FEP_Q3FY18,Scripps Networks,PHNKCR_TJN_HOM_013_FEP_SCRIPPSNETWORKS.COM_On-site_Crossplatform_FEP_Demo_F25-54_1280 x 720_Standard_NV_NA,201888442,9/28/2017,1602,5,1597,1597,0,0,0,0,0,1597,,
TJN_HOM_008_HomeGoods Summer Digital_FY18,Hulu,PHG79M_TJN_HOM_008_FEP_HULU_Premium Slate_CROSS DEVICE_PRE-ROLL_CUSTOM_VECTOR LOGO_1X1_N/A_N/A_N/A_SITE_N/A_Roadblock_Demo_F25-54_1 x 1_Click and View_NV_NA,201466502,7/18/2017,83220,919,82301,82301,0,0,0,0,0,82301,78255,78255
TJN_HOM_030_HomeGoods 2H Digital_F18,NinthDecimal,PJQ7N9_TJN_HOM_030_Mobile_NINTHDECIMAL_DST_SV1_MAP_DIR_RCH_TRG_RON_BTG_PXT_DVY_LOCATION GRAPH: TJX FAMILY LOYALISTS_Run of Network_Behavioral_F25-54_320 x 50_Click and View_NV_NA,204647917,9/5/2017,2317,54,2263,1160,1103,18,1085,1049,36,1178,1139,2188
TJN_HOM_025_HomeGoods Digital Video_Q4FY18,Tremor Video Inc.,PK6F30_TJN_HOM_025_OLV_TREMOR NETWORK_AWR_BS1_CTV_DIR_VID_TRG_RON_PXT_CTG_DVY_ALL SCREEN PREROLL + PROXIMITYPLUS DWELL TIME TARGETING TO HOMEGOODS VISITORS CTV_Run of Network_Behavioral_F25-54_1280 x 720_Standard_NV_NA,205942131,10/14/2017,4884,1,4883,4883,0,0,0,0,0,4883,0,0
TJN_HOM_013_HomeGoods FEP_Q3FY18,Scripps Networks,PHNKCR_TJN_HOM_013_FEP_SCRIPPSNETWORKS.COM_On-site_Crossplatform_FEP_Demo_F25-54_1280 x 720_Standard_NV_NA,201888442,8/28/2017,1062,12,1050,1050,0,0,0,0,0,1050,,
TJN_HOM_030_HomeGoods 2H Digital_F18,NinthDecimal,PJQ7NG_TJN_HOM_030_Mobile_NINTHDECIMAL_DST_SV1_MAP_DIR_RCH_TRG_RON_BTG_DMA_DVY_CONSUMER JOURNEY: NEW HOME BUYERS & MOVERS_Run of Network_Behavioral_F25-54_320 x 50_Click and View_NV_NA,204625835,10/22/2017,9050,100,8950,4233,4717,38,4679,4524,155,4271,4130,8654
TJN_HOM_013_HomeGoods FEP_Q3FY18,Discovery Digital Media,PHWLS7_TJN_HOM_013_Content_DISCOVERY NETWORKS_Full Episode Video Mobile Web_30s_FEP_Contextual_F25-54_1920 x 1080_Standard_NV_NA,201895019,7/28/2017,956,10,946,946,0,0,0,0,0,946,,
TJN_HOM_030_HomeGoods 2H Digital_F18,NinthDecimal,PJQ7NB_TJN_HOM_030_Mobile_NINTHDECIMAL_DST_SV1_MAP_DIR_RCH_TRG_RON_BTG_PXT_DVY_LOCATION GRAPH: COMPETITIVE CONQUESTING_Run of Network_Behavioral_F25-54_320 x 50_Click and View_NV_NA,204649942,10/8/2017,8597,116,8481,5352,3129,28,3101,3003,98,5380,5210,8213
TJN_HOM_013_HomeGoods FEP_Q3FY18,Discovery Digital Media,PHWLS9_TJN_HOM_013_Content_DISCOVERY NETWORKS_Full Episode Video OTT/CTV_30s_FEP_Contextual_F25-54_1920 x 1080_Standard_NV_NA,201891428,9/12/2017,10504,13,10491,10491,0,0,0,0,0,10491,,
TJN_HOM_030_HomeGoods 2H Digital_F18,xAd Inc.,PJQ7MK_TJN_HOM_030_Mobile_GROUND TRUTH FKA XAD_DST_SV1_MAP_DIR_DSP_TRG_RON_PXT_BTG_DVY_PROXIMITY LOYALTY - STORE LOCATOR UNIT_Run of Network_Geo_F25-54_300 x 250_Click and View_NV_NA,204625442,11/10/2017,16501,160,16341,2269,14072,49,14023,13466,557,2318,2226,15692
TJN_HOM_008_HomeGoods Summer Digital_FY18,Hulu,PHG79G_TJN_HOM_008_FEP_HULU_ROS Pre-roll_CROSS DEVICE_PRE-ROLL_VIDEO_1920X1080_VAST_AUDIENCE_N/A_N/A_3RD PARTY_N/A_Run of Site_Demo_F25-54_1920 x 1080_Standard_NV_NA,201466946,8/14/2017,10154,56,10098,10098,0,0,0,0,0,10098,9246,9246
TJN_HOM_008_HomeGoods Summer Digital_FY18,NinthDecimal,PHHXGQ_TJN_HOM_008_Mobile_NINTHDECIMAL_CHILD_PET OWNERS RETENTION_MOBILE APP_CUSTOM_DISPLAY_320X50_Run of Network_Behavioral_F25-54_320 x 50_Click and View_NV_NA,200578886,9/6/2017,3,0,3,2,1,1,0,0,0,3,3,3
TJN_HOM_030_HomeGoods 2H Digital_F18,Nativo Inc.,PK87W8_TJN_HOM_030_Content_NATIVO FKA POST RLSE_DSI_BS2_MWB_DIR_NAD_ROT_RON_CTG_BTG_DVY_NATIVE DISPLAY UNIT FALL TRENDS_Run of Network_Contextual_F25-54_1 x 1_Click and View_NV_NA,206137761,10/21/2017,263351,6236,257115,6794,250321,28930,221391,75310,146081,35724,12152,87462
TJN_HOM_008_HomeGoods Summer Digital_FY18,Hulu,PHG79G_TJN_HOM_008_FEP_HULU_ROS Pre-roll_CROSS DEVICE_PRE-ROLL_VIDEO_1920X1080_VAST_AUDIENCE_N/A_N/A_3RD PARTY_N/A_Run of Site_Demo_F25-54_1920 x 1080_Standard_NV_NA,201466946,9/4/2017,33596,174,33422,33422,0,0,0,0,0,33422,32237,32237
TJN_HOM_008_HomeGoods Summer Digital_FY18,xAd Inc.,PHHXGS_TJN_HOM_008_Mobile_XAD INC_CHILD_LOYALTY_MOBILE APP_STANDARD_DISPLAY_300X250_GEO-FENCING_Run of Network_Geo_F25-54_300 x 250_Click and View_NV_NA,200583064,8/25/2017,13119,2597,10522,5,10517,10517,0,0,0,10522,9796,9796
TJN_HOM_030_HomeGoods 2H Digital_F18,NinthDecimal,PJQ7N6_TJN_HOM_030_Mobile_NINTHDECIMAL_DST_SV1_MAP_DIR_RCH_TRG_RON_PXT_DMA_DVY_GEOFENCE: 5-10-MILE RADIUS AROUND SUBURBAN STORES_Run of Network_Geo_F25-54_320 x 50_Click and View_NV_NA,204646507,9/29/2017,42748,1015,41733,22236,19497,117,19380,18763,617,22353,21641,40404
TJN_HOM_030_HomeGoods 2H Digital_F18,xAd Inc.,PJQ7MK_TJN_HOM_030_Mobile_GROUND TRUTH FKA XAD_DST_SV1_MAP_DIR_DSP_TRG_RON_PXT_BTG_DVY_PROXIMITY LOYALTY - STORE LOCATOR UNIT_Run of Network_Geo_F25-54_300 x 250_Click and View_NV_NA,204625442,10/5/2017,3,1,2,2,0,0,0,0,0,2,2,2
TJN_HOM_030_HomeGoods 2H Digital_F18,NinthDecimal,PJQ7NJ_TJN_HOM_030_Mobile_NINTHDECIMAL_DST_SV1_MAP_DIR_RCH_TRG_RON_BTG_DMA_DVY_CONSUMER JOURNEY: BARGAIN HUNTERS_Run of Network_Behavioral_F25-54_320 x 50_Click and View_NV_NA,204644353,10/26/2017,6549,133,6416,325,6091,59,6032,5867,165,384,373,6240
TJN_HOM_008_HomeGoods Summer Digital_FY18,Hulu,PHG79N_TJN_HOM_008_FEP_HULU_Masthead_SPONSORSHIP_CROSS DEVICE_CUSTOM_VIDEO_1X1_1X1_N/A_N/A_N/A_SITE_N/A_Roadblock_Demo_F25-54_1 x 1_Click and View_NV_NA,201462657,9/19/2017,1,0,1,1,0,0,0,0,0,1,1,1
TJN_HOM_030_HomeGoods 2H Digital_F18,NinthDecimal,PJQ7N5_TJN_HOM_030_Mobile_NINTHDECIMAL_DST_SV1_MAP_DIR_RCH_TRG_RON_PXT_DMA_DVY_GEOFENCE: 2-MILE RADIUS AROUND URBAN STORES_Run of Network_Geo_F25-54_320 x 50_Click and View_NV_NA,204649945,9/14/2017,6139,140,5999,2733,3266,15,3251,3159,92,2748,2670,5829
TJN_HOM_013_HomeGoods FEP_Q3FY18,Discovery Digital Media,PHWLS9_TJN_HOM_013_Content_DISCOVERY NETWORKS_Full Episode Video OTT/CTV_30s_FEP_Contextual_F25-54_1920 x 1080_Standard_NV_NA,201891428,7/26/2017,11531,15,11516,11516,0,0,0,0,0,11516,,
TJN_HOM_030_HomeGoods 2H Digital_F18,NinthDecimal,"PJQ7NK_TJN_HOM_030_Mobile_NINTHDECIMAL_DST_SV1_MAP_DIR_RCH_TRG_RON_BTG_DMA_DVY_TV TARGETING: HGTV, DIY NETWORK, BRAVO, TLC, FOOD NETWORK_Run of Network_Behavioral_F25-54_320 x 50_Click and View_NV_NA",204674553,9/25/2017,6682,101,6581,2160,4421,31,4390,4243,147,2191,2118,6361
TJN_HOM_030_HomeGoods 2H Digital_F18,NinthDecimal,"PJQ7NK_TJN_HOM_030_Mobile_NINTHDECIMAL_DST_SV1_MAP_DIR_RCH_TRG_RON_BTG_DMA_DVY_TV TARGETING: HGTV, DIY NETWORK, BRAVO, TLC, FOOD NETWORK_Run of Network_Behavioral_F25-54_320 x 50_Click and View_NV_NA",204674553,11/6/2017,5673,51,5622,810,4812,24,4788,4632,156,834,807,5439
TJN_HOM_030_HomeGoods 2H Digital_F18,NinthDecimal,"PJQ7NK_TJN_HOM_030_Mobile_NINTHDECIMAL_DST_SV1_MAP_DIR_RCH_TRG_RON_BTG_DMA_DVY_TV TARGETING: HGTV, DIY NETWORK, BRAVO, TLC, FOOD NETWORK_Run of Network_Behavioral_F25-54_320 x 50_Click and View_NV_NA",204674553,11/4/2017,5229,76,5153,873,4280,15,4265,4144,121,888,863,5007
TJN_HOM_030_HomeGoods 2H Digital_F18,NinthDecimal,PJQ7N5_TJN_HOM_030_Mobile_NINTHDECIMAL_DST_SV1_MAP_DIR_RCH_TRG_RON_PXT_DMA_DVY_GEOFENCE: 2-MILE RADIUS AROUND URBAN STORES_Run of Network_Geo_F25-54_320 x 50_Click and View_NV_NA,204649945,10/14/2017,7750,200,7550,4211,3339,33,3306,3200,106,4244,4108,7308
TJN_HOM_008_HomeGoods Summer Digital_FY18,NinthDecimal,PHHXGP_TJN_HOM_008_Mobile_NINTHDECIMAL_CHILD_PET OWNERS PROSPECTING_MOBILE APP_CUSTOM_DISPLAY_320X50_Run of Network_Behavioral_F25-54_320 x 50_Click and View_NV_NA,200586375,8/7/2017,19741,268,19473,5986,13487,67,13420,12738,682,6053,5745,18483
TJN_HOM_013_HomeGoods FEP_Q3FY18,Discovery Digital Media,PHWLS8_TJN_HOM_013_Content_DISCOVERY NETWORKS_Full Episode Video Tablet Web_30s_FEP_Contextual_F25-54_1920 x 1080_Standard_NV_NA,201899695,8/13/2017,970,1,969,969,0,0,0,0,0,969,,
TJN_HOM_030_HomeGoods 2H Digital_F18,NinthDecimal,PJQ7ND_TJN_HOM_030_Mobile_NINTHDECIMAL_DST_SV1_MAP_DIR_RCH_TRG_RON_BTG_DMA_DVY_CONSUMER JOURNEY: HOUSEHOLD CEO_Run of Network_Behavioral_F25-54_320 x 50_Click and View_NV_NA,204626294,9/25/2017,9714,206,9508,3369,6139,14,6125,5993,132,3383,3310,9303
TJN_HOM_013_HomeGoods FEP_Q3FY18,Discovery Digital Media,PHWLS6_TJN_HOM_013_Content_DISCOVERY NETWORKS_Full Episode Video Mobile App_30s_FEP_Contextual_F25-54_1920 x 1080_Standard_NV_NA,201891425,8/26/2017,25193,197,24996,24996,0,0,0,0,0,24996,,
TJN_HOM_030_HomeGoods 2H Digital_F18,xAd Inc.,PJQ7MG_TJN_HOM_030_Mobile_GROUND TRUTH FKA XAD_DST_SV1_MAP_DIR_DSP_TRG_RON_PXT_BTG_DVY_PROXIMITY LOYALTY - DYNAMIC DISTANCE_Run of Network_Geo_F25-54_320 x 50_Click and View_NV_NA,204626813,10/14/2017,56965,1604,55361,48397,6964,3542,3422,2857,565,51939,42290,45147
TJN_HOM_013_HomeGoods FEP_Q3FY18,Scripps Networks,PHNKCR_TJN_HOM_013_FEP_SCRIPPSNETWORKS.COM_On-site_Crossplatform_FEP_Demo_F25-54_1280 x 720_Standard_NV_NA,201888442,9/14/2017,2454,14,2440,2440,0,0,0,0,0,2440,,
TJN_HOM_025_HomeGoods Digital Video_Q4FY18,Tremor Video Inc.,PK6DWD_TJN_HOM_025_OLV_TREMOR NETWORK_AWR_BS1_MAP_DIR_VID_TRG_RON_BTG_CTG_DVY_ALL SCREEN PREROLL + SOCIAL AFFINITY TARGETING TO W25-54 HOME ENTHUSIASTS MOB/TAB APP_Run of Network_Behavioral_F25-54_1280 x 720_Standard_NV_NA,205941321,10/25/2017,186508,510,185998,182151,3847,605,3242,7,3235,182756,395,402
TJN_HOM_030_HomeGoods 2H Digital_F18,NinthDecimal,PJQ7ND_TJN_HOM_030_Mobile_NINTHDECIMAL_DST_SV1_MAP_DIR_RCH_TRG_RON_BTG_DMA_DVY_CONSUMER JOURNEY: HOUSEHOLD CEO_Run of Network_Behavioral_F25-54_320 x 50_Click and View_NV_NA,204626294,11/6/2017,7071,120,6951,1279,5672,29,5643,5428,215,1308,1258,6686
TJN_HOM_030_HomeGoods 2H Digital_F18,NinthDecimal,PJQ7ND_TJN_HOM_030_Mobile_NINTHDECIMAL_DST_SV1_MAP_DIR_RCH_TRG_RON_BTG_DMA_DVY_CONSUMER JOURNEY: HOUSEHOLD CEO_Run of Network_Behavioral_F25-54_320 x 50_Click and View_NV_NA,204626294,11/4/2017,6793,91,6702,1298,5404,35,5369,5231,138,1333,1299,6530
TJN_HOM_008_HomeGoods Summer Digital_FY18,xAd Inc.,PHHXGX_TJN_HOM_008_Mobile_XAD INC_CHILD_LOCATION AUDIENCE-HOMEGOODS SHOPPERS_MOBILE APP_STANDARD_DISPLAY_300X250_Run of Network_Behavioral_F25-54_300 x 250_Click and View_NV_NA,200587524,8/7/2017,9879,1088,8791,17,8774,8709,65,59,6,8726,7921,7980
TJN_HOM_030_HomeGoods 2H Digital_F18,xAd Inc.,PJQ7MG_TJN_HOM_030_Mobile_GROUND TRUTH FKA XAD_DST_SV1_MAP_DIR_DSP_TRG_RON_PXT_BTG_DVY_PROXIMITY LOYALTY - DYNAMIC DISTANCE_Run of Network_Geo_F25-54_320 x 50_Click and View_NV_NA,204626813,9/14/2017,43617,980,42637,36196,6441,2389,4052,3677,375,38585,23857,27534
TJN_HOM_008_HomeGoods Summer Digital_FY18,Hulu,PHG79M_TJN_HOM_008_FEP_HULU_Premium Slate_CROSS DEVICE_PRE-ROLL_CUSTOM_VECTOR LOGO_1X1_N/A_N/A_N/A_SITE_N/A_Roadblock_Demo_F25-54_1 x 1_Click and View_NV_NA,201466502,8/2/2017,80070,723,79347,79347,0,0,0,0,0,79347,69760,69760
TJN_HOM_008_HomeGoods Summer Digital_FY18,xAd Inc.,PHHXGW_TJN_HOM_008_Mobile_XAD INC_CHILD_LOCATION AUDIENCE-HOMEGOODS SHOPPERS_MOBILE APP_STANDARD_DISPLAY_320X50_Run of Network_Behavioral_F25-54_320 x 50_Click and View_NV_NA,200585089,9/3/2017,27737,412,27325,7968,19357,375,18982,17046,1936,8343,7492,24538
TJN_HOM_030_HomeGoods 2H Digital_F18,NinthDecimal,PJQ7N6_TJN_HOM_030_Mobile_NINTHDECIMAL_DST_SV1_MAP_DIR_RCH_TRG_RON_PXT_DMA_DVY_GEOFENCE: 5-10-MILE RADIUS AROUND SUBURBAN STORES_Run of Network_Geo_F25-54_320 x 50_Click and View_NV_NA,204646507,9/10/2017,6846,172,6674,3157,3517,13,3504,3435,69,3170,3108,6543
TJN_HOM_008_HomeGoods Summer Digital_FY18,NinthDecimal,PHHXGP_TJN_HOM_008_Mobile_NINTHDECIMAL_CHILD_PET OWNERS PROSPECTING_MOBILE APP_CUSTOM_DISPLAY_320X50_Run of Network_Behavioral_F25-54_320 x 50_Click and View_NV_NA,200586375,8/3/2017,10274,78,10196,3103,7093,35,7058,6643,415,3138,2953,9596
TJN_HOM_013_HomeGoods FEP_Q3FY18,Discovery Digital Media,PHWLS6_TJN_HOM_013_Content_DISCOVERY NETWORKS_Full Episode Video Mobile App_30s_FEP_Contextual_F25-54_1920 x 1080_Standard_NV_NA,201891425,9/2/2017,18436,180,18256,18256,0,0,0,0,0,18256,,
TJN_HOM_030_HomeGoods 2H Digital_F18,Nativo Inc.,PJQDHJ_TJN_HOM_030_Content_NATIVO FKA POST RLSE_DSI_BS2_MWB_DIR_NAD_ROT_RON_CTG_BTG_DVY_NATIVE DISPLAY UNIT FALLIDAYS_Run of Network_Contextual_F25-54_1 x 1_Click and View_NV_NA,206024352,11/8/2017,1,1,0,0,0,0,0,0,0,0,0,0
TJN_HOM_008_HomeGoods Summer Digital_FY18,NinthDecimal,PHHXGM_TJN_HOM_008_Mobile_NINTHDECIMAL_CHILD_LUXURY SHOPPERS PROSPECTING_MOBILE APP_CUSTOM_DISPLAY_320X50_Run of Network_Behavioral_F25-54_320 x 50_Click and View_NV_NA,200581998,7/17/2017,30040,404,29636,9871,19765,104,19661,18377,1284,9975,9324,27701
TJN_HOM_008_HomeGoods Summer Digital_FY18,Hulu,PHG79J_TJN_HOM_008_FEP_HULU_Branded Slate_ROS_CROSS DEVICE_PRE-ROLL_CUSTOM_VECTOR LOGO_1X1_AUDIENCE_N/A_N/A_SITE_N/A_Run of Site_Demo_F25-54_1 x 1_Click and View_NV_NA,201467345,9/12/2017,2987,26,2961,2961,0,0,0,0,0,2961,2866,2866
TJN_HOM_030_HomeGoods 2H Digital_F18,NinthDecimal,PJQ7N8_TJN_HOM_030_Mobile_NINTHDECIMAL_DST_SV1_MAP_DIR_RCH_TRG_RON_BTG_PXT_DVY_LOCATION GRAPH: HOMEGOODS LOYALISTS_Run of Network_Behavioral_F25-54_320 x 50_Click and View_NV_NA,204675012,9/21/2017,5517,80,5437,1276,4161,23,4138,3830,308,1299,1202,5032
TJN_HOM_025_HomeGoods Digital Video_Q4FY18,Tremor Video Inc.,PK6DWD_TJN_HOM_025_OLV_TREMOR NETWORK_AWR_BS1_MAP_DIR_VID_TRG_RON_BTG_CTG_DVY_ALL SCREEN PREROLL + SOCIAL AFFINITY TARGETING TO W25-54 HOME ENTHUSIASTS MOB/TAB APP_Run of Network_Behavioral_F25-54_1280 x 720_Standard_NV_NA,205941321,10/3/2017,24374,261,24113,24099,14,1,13,11,2,24100,20392,20403
TJN_HOM_008_HomeGoods Summer Digital_FY18,xAd Inc.,PHHXGX_TJN_HOM_008_Mobile_XAD INC_CHILD_LOCATION AUDIENCE-HOMEGOODS SHOPPERS_MOBILE APP_STANDARD_DISPLAY_300X250_Run of Network_Behavioral_F25-54_300 x 250_Click and View_NV_NA,200587524,8/3/2017,4142,268,3874,184,3690,3660,30,27,3,3844,3460,3487
TJN_HOM_030_HomeGoods 2H Digital_F18,xAd Inc.,PJQ7ML_TJN_HOM_030_Mobile_GROUND TRUTH FKA XAD_DST_SV1_MAP_DIR_DSP_TRG_RON_BTG_DMA_DVY_BEHAVIORAL - HOME SHOPPER - DYNAMIC DISTANCE_Run of Network_Behavioral_F25-54_320 x 50_Click and View_NV_NA,204626174,9/6/2017,16594,229,16365,4994,11371,6715,4656,3690,966,11709,9213,12903
TJN_HOM_013_HomeGoods FEP_Q3FY18,Discovery Digital Media,PHWLS7_TJN_HOM_013_Content_DISCOVERY NETWORKS_Full Episode Video Mobile Web_30s_FEP_Contextual_F25-54_1920 x 1080_Standard_NV_NA,201895019,9/1/2017,900,7,893,893,0,0,0,0,0,893,,
TJN_HOM_030_HomeGoods 2H Digital_F18,xAd Inc.,PJQ7MK_TJN_HOM_030_Mobile_GROUND TRUTH FKA XAD_DST_SV1_MAP_DIR_DSP_TRG_RON_PXT_BTG_DVY_PROXIMITY LOYALTY - STORE LOCATOR UNIT_Run of Network_Geo_F25-54_300 x 250_Click and View_NV_NA,204625442,10/17/2017,3385,90,3295,54,3241,24,3217,2971,246,78,72,3043
TJN_HOM_030_HomeGoods 2H Digital_F18,NinthDecimal,PJQ7NC_TJN_HOM_030_Mobile_NINTHDECIMAL_DST_SV1_MAP_DIR_RCH_TRG_RON_BTG_DMA_DVY_CONSUMER JOURNEY: DIYERS_Run of Network_Behavioral_F25-54_320 x 50_Click and View_NV_NA,204675009,10/16/2017,9740,147,9593,4897,4696,36,4660,4522,138,4933,4787,9309
TJN_HOM_030_HomeGoods 2H Digital_F18,Nativo Inc.,PJQDHJ_TJN_HOM_030_Content_NATIVO FKA POST RLSE_DSI_BS2_MWB_DIR_NAD_ROT_RON_CTG_BTG_DVY_NATIVE DISPLAY UNIT FALLIDAYS_Run of Network_Contextual_F25-54_1 x 1_Click and View_NV_NA,206024352,10/7/2017,540180,16013,524167,2751,521416,38833,482583,160625,321958,41584,13841,174466
TJN_HOM_008_HomeGoods Summer Digital_FY18,xAd Inc.,PHHXGS_TJN_HOM_008_Mobile_XAD INC_CHILD_LOYALTY_MOBILE APP_STANDARD_DISPLAY_300X250_GEO-FENCING_Run of Network_Geo_F25-54_300 x 250_Click and View_NV_NA,200583064,7/30/2017,23282,1668,21614,533,21081,20732,349,337,12,21265,20534,20871
TJN_HOM_030_HomeGoods 2H Digital_F18,Nativo Inc.,PK87W8_TJN_HOM_030_Content_NATIVO FKA POST RLSE_DSI_BS2_MWB_DIR_NAD_ROT_RON_CTG_BTG_DVY_NATIVE DISPLAY UNIT FALL TRENDS_Run of Network_Contextual_F25-54_1 x 1_Click and View_NV_NA,206137761,10/4/2017,332371,16138,316233,2612,313621,26074,287547,89134,198413,28686,8892,98026
TJN_HOM_008_HomeGoods Summer Digital_FY18,xAd Inc.,PHHXGW_TJN_HOM_008_Mobile_XAD INC_CHILD_LOCATION AUDIENCE-HOMEGOODS SHOPPERS_MOBILE APP_STANDARD_DISPLAY_320X50_Run of Network_Behavioral_F25-54_320 x 50_Click and View_NV_NA,200585089,7/20/2017,8048,52,7996,6980,1016,13,1003,668,335,6993,4657,5325
TJN_HOM_030_HomeGoods 2H Digital_F18,NinthDecimal,PJQ7N8_TJN_HOM_030_Mobile_NINTHDECIMAL_DST_SV1_MAP_DIR_RCH_TRG_RON_BTG_PXT_DVY_LOCATION GRAPH: HOMEGOODS LOYALISTS_Run of Network_Behavioral_F25-54_320 x 50_Click and View_NV_NA,204675012,10/6/2017,15193,246,14947,5631,9316,65,9251,8805,446,5696,5421,14226
TJN_HOM_030_HomeGoods 2H Digital_F18,xAd Inc.,PJQ7MG_TJN_HOM_030_Mobile_GROUND TRUTH FKA XAD_DST_SV1_MAP_DIR_DSP_TRG_RON_PXT_BTG_DVY_PROXIMITY LOYALTY - DYNAMIC DISTANCE_Run of Network_Geo_F25-54_320 x 50_Click and View_NV_NA,204626813,9/5/2017,37645,744,36901,30837,6064,3762,2302,2040,262,34599,31276,33316
TJN_HOM_013_HomeGoods FEP_Q3FY18,Scripps Networks,PHNKCR_TJN_HOM_013_FEP_SCRIPPSNETWORKS.COM_On-site_Crossplatform_FEP_Demo_F25-54_1280 x 720_Standard_NV_NA,201888442,9/5/2017,5547,35,5512,5512,0,0,0,0,0,5512,,
TJN_HOM_030_HomeGoods 2H Digital_F18,NinthDecimal,PJQ7N5_TJN_HOM_030_Mobile_NINTHDECIMAL_DST_SV1_MAP_DIR_RCH_TRG_RON_PXT_DMA_DVY_GEOFENCE: 2-MILE RADIUS AROUND URBAN STORES_Run of Network_Geo_F25-54_320 x 50_Click and View_NV_NA,204649945,9/5/2017,7325,277,7048,4549,2499,29,2470,2367,103,4578,4387,6754
TJN_HOM_025_HomeGoods Digital Video_Q4FY18,Tremor Video Inc.,PK6DWD_TJN_HOM_025_OLV_TREMOR NETWORK_AWR_BS1_MAP_DIR_VID_TRG_RON_BTG_CTG_DVY_ALL SCREEN PREROLL + SOCIAL AFFINITY TARGETING TO W25-54 HOME ENTHUSIASTS MOB/TAB APP_Run of Network_Behavioral_F25-54_1280 x 720_Standard_NV_NA,205941321,10/1/2017,21648,128,21520,21508,12,1,11,1,10,21509,1955,1956
TJN_HOM_008_HomeGoods Summer Digital_FY18,xAd Inc.,PHHXGV_TJN_HOM_008_Mobile_XAD INC_CHILD_CONQUESTING_MOBILE APP_STANDARD_DISPLAY_300X250_GEO-FENCING_Run of Network_Geo_F25-54_300 x 250_Click and View_NV_NA,200573063,8/23/2017,24265,8008,16257,147,16110,16110,0,0,0,16257,15422,15422
TJN_HOM_013_HomeGoods FEP_Q3FY18,Discovery Digital Media,PHWLS5_TJN_HOM_013_Content_DISCOVERY NETWORKS_Full Episode Video Desktop_30s_FEP_Contextual_F25-54_1920 x 1080_Standard_NV_NA,201895013,8/12/2017,3575,86,3489,3489,0,0,0,0,0,3489,,
TJN_HOM_030_HomeGoods 2H Digital_F18,NinthDecimal,PJQ7ND_TJN_HOM_030_Mobile_NINTHDECIMAL_DST_SV1_MAP_DIR_RCH_TRG_RON_BTG_DMA_DVY_CONSUMER JOURNEY: HOUSEHOLD CEO_Run of Network_Behavioral_F25-54_320 x 50_Click and View_NV_NA,204626294,10/26/2017,8015,131,7884,852,7032,68,6964,6783,181,920,896,7679
TJN_HOM_008_HomeGoods Summer Digital_FY18,NinthDecimal,PHHXGK_TJN_HOM_008_Mobile_NINTHDECIMAL_CHILD_PROSPECTING_MOBILE APP_CUSTOM_DISPLAY_320X50_Run of Network_Behavioral_F25-54_320 x 50_Click and View_NV_NA,200587954,8/27/2017,103767,1434,102333,30926,71407,440,70967,68211,2756,31366,30148,98359
TJN_HOM_008_HomeGoods Summer Digital_FY18,NinthDecimal,PHHXGK_TJN_HOM_008_Mobile_NINTHDECIMAL_CHILD_PROSPECTING_MOBILE APP_CUSTOM_DISPLAY_320X50_Run of Network_Behavioral_F25-54_320 x 50_Click and View_NV_NA,200587954,8/9/2017,62851,1575,61276,19144,42132,260,41872,39597,2275,19404,18350,57947
TJN_HOM_030_HomeGoods 2H Digital_F18,NinthDecimal,PJQ7NC_TJN_HOM_030_Mobile_NINTHDECIMAL_DST_SV1_MAP_DIR_RCH_TRG_RON_BTG_DMA_DVY_CONSUMER JOURNEY: DIYERS_Run of Network_Behavioral_F25-54_320 x 50_Click and View_NV_NA,204675009,9/30/2017,22598,471,22127,6388,15739,68,15671,15203,468,6456,6263,21466
TJN_HOM_025_HomeGoods Digital Video_Q4FY18,Tremor Video Inc.,PK6DWD_TJN_HOM_025_OLV_TREMOR NETWORK_AWR_BS1_MAP_DIR_VID_TRG_RON_BTG_CTG_DVY_ALL SCREEN PREROLL + SOCIAL AFFINITY TARGETING TO W25-54 HOME ENTHUSIASTS MOB/TAB APP_Run of Network_Behavioral_F25-54_1280 x 720_Standard_NV_NA,205941321,10/2/2017,19423,161,19262,19253,9,1,8,6,2,19254,14441,14447
TJN_HOM_030_HomeGoods 2H Digital_F18,xAd Inc.,PJQ7MN_TJN_HOM_030_Mobile_GROUND TRUTH FKA XAD_DST_SV1_MAP_DIR_DSP_TRG_RON_MKT_DMA_DVY_LOCATION - HOMEGOODS SHOPPERS - DYNAMIC DISTANCE_Run of Network_Geo_F25-54_320 x 50_Click and View_NV_NA,204651439,10/15/2017,5183,63,5120,4257,863,108,755,690,65,4365,3884,4574
TJN_HOM_013_HomeGoods FEP_Q3FY18,Discovery Digital Media,PHWLS8_TJN_HOM_013_Content_DISCOVERY NETWORKS_Full Episode Video Tablet Web_30s_FEP_Contextual_F25-54_1920 x 1080_Standard_NV_NA,201899695,8/1/2017,1290,6,1284,1284,0,0,0,0,0,1284,,
TJN_HOM_030_HomeGoods 2H Digital_F18,NinthDecimal,"PJQ7NK_TJN_HOM_030_Mobile_NINTHDECIMAL_DST_SV1_MAP_DIR_RCH_TRG_RON_BTG_DMA_DVY_TV TARGETING: HGTV, DIY NETWORK, BRAVO, TLC, FOOD NETWORK_Run of Network_Behavioral_F25-54_320 x 50_Click and View_NV_NA",204674553,10/26/2017,5284,86,5198,248,4950,45,4905,4777,128,293,285,5062
TJN_HOM_030_HomeGoods 2H Digital_F18,NinthDecimal,PJQ7N8_TJN_HOM_030_Mobile_NINTHDECIMAL_DST_SV1_MAP_DIR_RCH_TRG_RON_BTG_PXT_DVY_LOCATION GRAPH: HOMEGOODS LOYALISTS_Run of Network_Behavioral_F25-54_320 x 50_Click and View_NV_NA,204675012,10/11/2017,20237,377,19860,6261,13599,57,13542,13066,476,6318,6096,19162
TJN_HOM_030_HomeGoods 2H Digital_F18,NinthDecimal,PJQ7N9_TJN_HOM_030_Mobile_NINTHDECIMAL_DST_SV1_MAP_DIR_RCH_TRG_RON_BTG_PXT_DVY_LOCATION GRAPH: TJX FAMILY LOYALISTS_Run of Network_Behavioral_F25-54_320 x 50_Click and View_NV_NA,204647917,9/28/2017,6568,176,6392,3824,2568,21,2547,2425,122,3845,3661,6086
TJN_HOM_013_HomeGoods FEP_Q3FY18,Scripps Networks,PHNKCR_TJN_HOM_013_FEP_SCRIPPSNETWORKS.COM_On-site_Crossplatform_FEP_Demo_F25-54_1280 x 720_Standard_NV_NA,201888442,8/5/2017,2580,10,2570,2570,0,0,0,0,0,2570,,
TJN_HOM_030_HomeGoods 2H Digital_F18,xAd Inc.,PJQ7MR_TJN_HOM_030_Mobile_GROUND TRUTH FKA XAD_DST_SV1_MAP_DIR_DSP_TRG_RON_MKT_DMA_DVY_LOCATION - COMPETITOR SHOPPERS - DYNAMIC DISTANCE_Run of Network_Geo_F25-54_300 x 250_Click and View_NV_NA,204647890,10/12/2017,7716,500,7216,7216,0,0,0,0,0,7216,0,0
TJN_HOM_030_HomeGoods 2H Digital_F18,NinthDecimal,PJQ7NC_TJN_HOM_030_Mobile_NINTHDECIMAL_DST_SV1_MAP_DIR_RCH_TRG_RON_BTG_DMA_DVY_CONSUMER JOURNEY: DIYERS_Run of Network_Behavioral_F25-54_320 x 50_Click and View_NV_NA,204675009,10/31/2017,41173,392,40781,1859,38922,173,38749,37381,1368,2032,1960,39341
TJN_HOM_013_HomeGoods FEP_Q3FY18,Discovery Digital Media,PHWLS8_TJN_HOM_013_Content_DISCOVERY NETWORKS_Full Episode Video Tablet Web_30s_FEP_Contextual_F25-54_1920 x 1080_Standard_NV_NA,201899695,7/29/2017,707,3,704,704,0,0,0,0,0,704,,
TJN_HOM_008_HomeGoods Summer Digital_FY18,xAd Inc.,PHHXGR_TJN_HOM_008_Mobile_XAD INC_CHILD_LOYALTY_MOBILE APP_STANDARD_DISPLAY_320X50_GEO-FENCING_Run of Network_Geo_F25-54_320 x 50_Click and View_NV_NA,200587518,7/28/2017,41824,1632,40192,23254,16938,203,16735,11987,4748,23457,16802,28789
TJN_HOM_008_HomeGoods Summer Digital_FY18,NinthDecimal,PHHXGM_TJN_HOM_008_Mobile_NINTHDECIMAL_CHILD_LUXURY SHOPPERS PROSPECTING_MOBILE APP_CUSTOM_DISPLAY_320X50_Run of Network_Behavioral_F25-54_320 x 50_Click and View_NV_NA,200581998,7/27/2017,44713,859,43854,11347,32507,183,32324,30297,2027,11530,10807,41104
TJN_HOM_025_HomeGoods Digital Video_Q4FY18,Tremor Video Inc.,PK6DYV_TJN_HOM_025_OLV_TREMOR NETWORK_AWR_BS1_MAP_DIR_VID_TRG_RON_PXT_CTG_DVY_ALL SCREEN PREROLL + PROXIMITYPLUS DWELL TIME TARGETING TO HOMEGOODS VISITORS MOB/TAB APP_Run of Network_Behavioral_F25-54_1280 x 720_Standard_NV_NA,205859075,10/23/2017,165197,3093,162104,161654,450,158,292,214,78,161812,118588,118802
TJN_HOM_030_HomeGoods 2H Digital_F18,xAd Inc.,PJQ7ML_TJN_HOM_030_Mobile_GROUND TRUTH FKA XAD_DST_SV1_MAP_DIR_DSP_TRG_RON_BTG_DMA_DVY_BEHAVIORAL - HOME SHOPPER - DYNAMIC DISTANCE_Run of Network_Behavioral_F25-54_320 x 50_Click and View_NV_NA,204626174,9/17/2017,17250,226,17024,10860,6164,1862,4302,4059,243,12722,11460,15519
TJN_HOM_030_HomeGoods 2H Digital_F18,xAd Inc.,PJQ7MM_TJN_HOM_030_Mobile_GROUND TRUTH FKA XAD_DST_SV1_MAP_DIR_DSP_TRG_RON_BTG_DMA_DVY_BEHAVIORAL - HOME SHOPPER- DYNAMIC DISTANCE_Run of Network_Behavioral_F25-54_300 x 250_Click and View_NV_NA,204626171,10/8/2017,7341,400,6941,6940,1,0,1,0,1,6940,0,0
TJN_HOM_030_HomeGoods 2H Digital_F18,NinthDecimal,PJQ7NJ_TJN_HOM_030_Mobile_NINTHDECIMAL_DST_SV1_MAP_DIR_RCH_TRG_RON_BTG_DMA_DVY_CONSUMER JOURNEY: BARGAIN HUNTERS_Run of Network_Behavioral_F25-54_320 x 50_Click and View_NV_NA,204644353,11/6/2017,5293,98,5195,690,4505,17,4488,4310,178,707,679,4989
TJN_HOM_030_HomeGoods 2H Digital_F18,NinthDecimal,PJQ7NJ_TJN_HOM_030_Mobile_NINTHDECIMAL_DST_SV1_MAP_DIR_RCH_TRG_RON_BTG_DMA_DVY_CONSUMER JOURNEY: BARGAIN HUNTERS_Run of Network_Behavioral_F25-54_320 x 50_Click and View_NV_NA,204644353,11/4/2017,4856,85,4771,640,4131,12,4119,4019,100,652,636,4655
TJN_HOM_008_HomeGoods Summer Digital_FY18,xAd Inc.,PHHXGX_TJN_HOM_008_Mobile_XAD INC_CHILD_LOCATION AUDIENCE-HOMEGOODS SHOPPERS_MOBILE APP_STANDARD_DISPLAY_300X250_Run of Network_Behavioral_F25-54_300 x 250_Click and View_NV_NA,200587524,8/29/2017,8632,1489,7143,84,7059,7059,0,0,0,7143,6971,6971
TJN_HOM_030_HomeGoods 2H Digital_F18,NinthDecimal,PJQ7NJ_TJN_HOM_030_Mobile_NINTHDECIMAL_DST_SV1_MAP_DIR_RCH_TRG_RON_BTG_DMA_DVY_CONSUMER JOURNEY: BARGAIN HUNTERS_Run of Network_Behavioral_F25-54_320 x 50_Click and View_NV_NA,204644353,9/25/2017,9987,223,9764,3456,6308,38,6270,6103,167,3494,3401,9504
TJN_HOM_030_HomeGoods 2H Digital_F18,NinthDecimal,PJQ7NH_TJN_HOM_030_Mobile_NINTHDECIMAL_DST_SV1_MAP_DIR_RCH_TRG_RON_BTG_DMA_DVY_CONSUMER JOURNEY: PET SUPPLY SHOPPERS_Run of Network_Behavioral_F25-54_320 x 50_Click and View_NV_NA,204647914,11/9/2017,4187,70,4117,193,3924,26,3898,3748,150,219,211,3959
TJN_HOM_013_HomeGoods FEP_Q3FY18,Discovery Digital Media,PHWLS7_TJN_HOM_013_Content_DISCOVERY NETWORKS_Full Episode Video Mobile Web_30s_FEP_Contextual_F25-54_1920 x 1080_Standard_NV_NA,201895019,8/31/2017,890,22,868,868,0,0,0,0,0,868,,
TJN_HOM_008_HomeGoods Summer Digital_FY18,NinthDecimal,PHHXGP_TJN_HOM_008_Mobile_NINTHDECIMAL_CHILD_PET OWNERS PROSPECTING_MOBILE APP_CUSTOM_DISPLAY_320X50_Run of Network_Behavioral_F25-54_320 x 50_Click and View_NV_NA,200586375,8/29/2017,75351,1163,74188,18099,56089,285,55804,53090,2714,18384,17490,70580
TJN_HOM_030_HomeGoods 2H Digital_F18,Nativo Inc.,PJQDHJ_TJN_HOM_030_Content_NATIVO FKA POST RLSE_DSI_BS2_MWB_DIR_NAD_ROT_RON_CTG_BTG_DVY_NATIVE DISPLAY UNIT FALLIDAYS_Run of Network_Contextual_F25-54_1 x 1_Click and View_NV_NA,206024352,10/28/2017,1550716,43992,1506724,16175,1490549,117739,1372810,488957,883853,133914,47696,536653
TJN_HOM_008_HomeGoods Summer Digital_FY18,xAd Inc.,PHHXGV_TJN_HOM_008_Mobile_XAD INC_CHILD_CONQUESTING_MOBILE APP_STANDARD_DISPLAY_300X250_GEO-FENCING_Run of Network_Geo_F25-54_300 x 250_Click and View_NV_NA,200573063,7/23/2017,13756,150,13606,11964,1642,158,1484,1439,45,12122,11754,13193
TJN_HOM_030_HomeGoods 2H Digital_F18,xAd Inc.,PJQ7MQ_TJN_HOM_030_Mobile_GROUND TRUTH FKA XAD_DST_SV1_MAP_DIR_DSP_TRG_RON_MKT_DMA_DVY_LOCATION - COMPETITOR SHOPPERS - DYNAMIC DISTANCE_Run of Network_Geo_F25-54_320 x 50_Click and View_NV_NA,204617210,11/9/2017,42205,520,41685,34363,7322,291,7031,3792,3239,34654,18588,22380
TJN_HOM_008_HomeGoods Summer Digital_FY18,xAd Inc.,PHHXGR_TJN_HOM_008_Mobile_XAD INC_CHILD_LOYALTY_MOBILE APP_STANDARD_DISPLAY_320X50_GEO-FENCING_Run of Network_Geo_F25-54_320 x 50_Click and View_NV_NA,200587518,9/1/2017,35775,619,35156,15932,19224,237,18987,18088,899,16169,15118,33206
TJN_HOM_030_HomeGoods 2H Digital_F18,xAd Inc.,PJQ7MM_TJN_HOM_030_Mobile_GROUND TRUTH FKA XAD_DST_SV1_MAP_DIR_DSP_TRG_RON_BTG_DMA_DVY_BEHAVIORAL - HOME SHOPPER- DYNAMIC DISTANCE_Run of Network_Behavioral_F25-54_300 x 250_Click and View_NV_NA,204626171,10/29/2017,7777,223,7554,7554,0,0,0,0,0,7554,6231,6231
TJN_HOM_008_HomeGoods Summer Digital_FY18,Hulu,PHG79K_TJN_HOM_008_FEP_HULU_Summer TV Pre-roll_SPONSORSHIP_CROSS DEVICE_PRE-ROLL_VIDEO_1920X1080_VAST_N/A_N/A_N/A_3RD PARTY_N/A_Roadblock_Demo_F25-54_1920 x 1080_Standard_NV_NA,201466499,7/19/2017,142450,1535,140915,140915,0,0,0,0,0,140915,134800,134800
TJN_HOM_030_HomeGoods 2H Digital_F18,xAd Inc.,PJQ7MS_TJN_HOM_030_Mobile_GROUND TRUTH FKA XAD_DST_SV1_MAP_DIR_DSP_TRG_RON_DMA_PXT_DVY_AV DMA TARGETING_Run of Network_Geo_F25-54_300 x 250_Click and View_NV_NA,204646501,11/6/2017,2721,22,2699,2475,224,2,222,213,9,2477,2377,2590
TJN_HOM_030_HomeGoods 2H Digital_F18,xAd Inc.,PJQ7MS_TJN_HOM_030_Mobile_GROUND TRUTH FKA XAD_DST_SV1_MAP_DIR_DSP_TRG_RON_DMA_PXT_DVY_AV DMA TARGETING_Run of Network_Geo_F25-54_300 x 250_Click and View_NV_NA,204646501,11/4/2017,1206,21,1185,1146,39,0,39,39,0,1146,1146,1185
TJN_HOM_030_HomeGoods 2H Digital_F18,xAd Inc.,PJQ7MS_TJN_HOM_030_Mobile_GROUND TRUTH FKA XAD_DST_SV1_MAP_DIR_DSP_TRG_RON_DMA_PXT_DVY_AV DMA TARGETING_Run of Network_Geo_F25-54_300 x 250_Click and View_NV_NA,204646501,9/25/2017,101193,2430,98763,77817,20946,3572,17374,15857,1517,81389,64132,79989
TJN_HOM_030_HomeGoods 2H Digital_F18,xAd Inc.,PJQ7MP_TJN_HOM_030_Mobile_GROUND TRUTH FKA XAD_DST_SV1_MAP_DIR_DSP_TRG_RON_MKT_DMA_DVY_LOCATION - HOMEGOODS SHOPPERS - DYNAMIC DISTANCE_Run of Network_Geo_F25-54_300 x 250_Click and View_NV_NA,204647878,9/12/2017,3868,98,3770,3770,0,0,0,0,0,3770,3373,3373
TJN_HOM_030_HomeGoods 2H Digital_F18,NinthDecimal,PJQ7N9_TJN_HOM_030_Mobile_NINTHDECIMAL_DST_SV1_MAP_DIR_RCH_TRG_RON_BTG_PXT_DVY_LOCATION GRAPH: TJX FAMILY LOYALISTS_Run of Network_Behavioral_F25-54_320 x 50_Click and View_NV_NA,204647917,9/14/2017,5183,102,5081,1453,3628,13,3615,3506,109,1466,1422,4928
TJN_HOM_008_HomeGoods Summer Digital_FY18,xAd Inc.,PHHXGV_TJN_HOM_008_Mobile_XAD INC_CHILD_CONQUESTING_MOBILE APP_STANDARD_DISPLAY_300X250_GEO-FENCING_Run of Network_Geo_F25-54_300 x 250_Click and View_NV_NA,200573063,7/22/2017,13883,95,13788,12288,1500,195,1305,1268,37,12483,12129,13397
TJN_HOM_013_HomeGoods FEP_Q3FY18,Discovery Digital Media,PHWLS8_TJN_HOM_013_Content_DISCOVERY NETWORKS_Full Episode Video Tablet Web_30s_FEP_Contextual_F25-54_1920 x 1080_Standard_NV_NA,201899695,9/23/2017,863,7,856,856,0,0,0,0,0,856,,
TJN_HOM_030_HomeGoods 2H Digital_F18,NinthDecimal,PJQ7N9_TJN_HOM_030_Mobile_NINTHDECIMAL_DST_SV1_MAP_DIR_RCH_TRG_RON_BTG_PXT_DVY_LOCATION GRAPH: TJX FAMILY LOYALISTS_Run of Network_Behavioral_F25-54_320 x 50_Click and View_NV_NA,204647917,10/14/2017,13554,217,13337,6179,7158,55,7103,6846,257,6234,6008,12854
TJN_HOM_030_HomeGoods 2H Digital_F18,xAd Inc.,PJQ7MR_TJN_HOM_030_Mobile_GROUND TRUTH FKA XAD_DST_SV1_MAP_DIR_DSP_TRG_RON_MKT_DMA_DVY_LOCATION - COMPETITOR SHOPPERS - DYNAMIC DISTANCE_Run of Network_Geo_F25-54_300 x 250_Click and View_NV_NA,204647890,9/4/2017,3,0,3,0,3,1,2,2,0,1,1,3
